id xcentroid ycentroid sharpness roundness1 roundness2 npix sky peak flux mag
1 43.760345 2.5682669 0.35936625 -0.87213882 -0.48240002 25 0 170 1.0075206 -0.0081347948
2 336.13766 2.4366469 0.50920984 -0.080615577 -0.057881059 25 0 288 1.0278005 -0.029772058
3 506.71043 6.946056 0.62229807 0.2998413 -0.3225701 25 0 228 1.165472 -0.16625464
4 296.00622 12.749397 0.62626684 -0.031249727 -0.1992962 25 0 701 2.0661585 -0.78790909
5 304.96968 15.005133 0.55640237 -0.33235693 -0.078914127 25 0 328 1.1402238 -0.14247529
6 427.42626 16.074621 0.74999506 -0.20544402 -0.49017743 25 0 469 1.3901119 -0.35762441
7 107.885 19.865288 0.55655986 -0.077542844 -0.30416226 25 0 461 1.6150014 -0.52043228
8 333.62347 21.435563 0.59742024 0.46475864 -0.20608137 25 0 665 2.0663372 -0.78800299
9 23.104926 21.786578 0.65345107 -0.15173432 -0.19310944 25 0 15167 41.016039 -4.0323843
10 406.82505 24.581738 0.59246732 -0.26716879 -0.099301006 25 0 534 1.7026574 -0.57781816
11 466.00372 24.421821 0.56996363 0.13115555 0.03307514 25 0 23130 65.012128 -4.532486
12 352.69875 42.935481 0.6615535 -0.2972478 -0.2055512 25 0 603 1.7207006 -0.58926327
13 452.20825 43.080476 0.65556441 -0.1459598 -0.43884171 25 0 351 1.2316572 -0.2262246
14 125.32318 45.501774 0.66528539 0.32942038 0.19788235 25 0 438 1.1634107 -0.16433264
15 112.35399 49.538716 0.47498726 0.40148888 -0.087816138 25 0 406 1.300274 -0.28508721
16 185.12893 50.632568 0.58832369 -0.14484156 -0.15618848 25 0 1094 2.9532035 -1.1757334
17 204.50171 51.500737 0.54663264 -0.6187472 -0.26581083 25 0 1856 5.15689 -1.7809697
18 345.23535 52.781458 0.69964378 -0.25122785 -0.21509138 25 0 483 1.2585323 -0.24966095
19 64.876023 53.68318 0.59996892 -0.20108684 -0.13364994 25 0 503 1.5560765 -0.48007736
20 323.18356 53.551274 0.35544475 -0.20301258 -0.29079286 25 0 58686 181.62224 -5.6479226
21 109.97941 55.675299 0.57806986 -0.096553191 -0.17330617 25 0 4848 13.692266 -2.8411883
22 398.6737 57.193376 0.60974278 -0.11672219 -0.33118651 25 0 954 2.7974238 -1.1168957
23 469.16931 63.288162 0.71797587 -0.064906404 -0.15284752 25 0 866 2.5122486 -1.0001565
24 292.82234 64.133572 0.6049785 -0.31304331 -0.29585582 25 0 1669 4.631447 -1.6642917
25 140.79648 68.717853 0.53926683 0.33094385 -0.23088447 25 0 366 1.0412626 -0.04390072
26 441.71365 70.929722 0.6310666 0.098451218 -0.2166636 25 0 1527 4.5046313 -1.6341481
27 500.24062 73.179378 0.733974 0.11593749 -0.14620317 25 0 3815 9.8134915 -2.4795589
28 347.90361 75.043263 0.6468122 0.20033643 -0.046554966 25 0 332 1.026983 -0.028908129
29 30.01722 76.683041 0.60381934 -0.26578793 -0.031719416 25 0 557 1.688789 -0.5689385
30 53.223884 76.033952 0.42273031 -0.56600169 0.50592523 25 0 257 1.0490684 -0.052009495
31 431.40424 77.743185 0.65549356 -0.30176493 -0.26358753 25 0 1523 4.1465951 -1.5442291
32 416.61084 79.310379 0.56531868 -0.34617984 -0.27281913 25 0 511 1.6521217 -0.54510512
33 54.385137 81.496984 0.6191587 -0.44437709 -0.14045046 25 0 1417 3.8216319 -1.4556221
34 467.16625 86.445665 0.61510551 0.71481428 0.075095162 25 0 837 2.5157207 -1.0016561
35 349.17039 90.317381 0.61524615 0.095515932 -0.19066829 25 0 3392 9.333637 -2.4251273
36 90.706611 96.955682 0.55357069 -0.32554275 -0.36655313 25 0 649 1.85539 -0.67108802
37 143.1271 97.139904 0.65618832 -0.46688634 -0.63261703 25 0 446 1.0957803 -0.099308677
38 489.47685 97.291297 0.60558389 -0.39943028 -0.27408728 25 0 19578 52.81277 -4.3068474
39 153.63841 103.80664 0.56113151 -0.83327563 -0.52742068 25 0 515 1.2723196 -0.26149058
40 282.19245 104.5974 0.56778019 -0.48789814 -0.18085028 25 0 1211 3.3158653 -1.3014922
41 286.1606 106.35135 0.59874057 -0.27967849 -0.27380376 25 0 1370 3.5437642 -1.3736621
42 184.50592 107.4057 0.63404758 0.23802499 -0.25339696 25 0 1658 4.1072252 -1.5338713
43 52.251958 111.47796 0.59052539 0.15958228 -0.1114312 25 0 3942 10.839961 -2.5875693
44 114.08111 111.18528 0.68952071 0.014200149 -0.13185772 25 0 553 1.4068467 -0.37061698
45 450.00766 111.22467 0.76200162 0.21137199 -0.16140147 25 0 410 1.1443874 -0.14643267
46 507.55699 113.82614 0.58588928 0.23070926 -0.20633762 25 0 1851 5.4228946 -1.8355779
47 487.77996 117.2389 0.61338675 -0.1228608 -0.1335375 25 0 2155 6.3052313 -1.9992526
48 330.93586 122.68823 0.59067037 0.041509021 0.031439126 25 0 607 1.6653092 -0.5537372
49 217.46969 124.57685 0.50566539 0.29141633 -0.29079994 25 0 12720 35.835595 -3.8857866
50 234.92337 124.736 0.5999842 0.016568947 -0.20365341 25 0 1071 2.7022093 -1.0792975
51 244.92311 126.14657 0.61959693 -0.17527158 -0.23785534 25 0 1971 5.1784774 -1.7855052
52 301.46188 125.8531 0.53304939 -0.10218959 -0.44207533 25 0 996 2.7594821 -1.1020689
53 96.449734 128.23796 0.64278916 -0.57115224 -0.3040334 25 0 524 1.3522194 -0.3276179
54 197.06002 127.7387 0.56857985 -0.024142668 -0.16514391 25 0 580 1.4881806 -0.43163909
55 446.82739 127.59648 0.51009732 0.024472796 -0.004778415 25 0 301 1.2333623 -0.22772669
56 151.15516 129.12062 0.54855872 -0.35532427 -0.74960275 25 0 449 1.2264219 -0.2215997
57 49.636381 129.55607 0.56580024 -0.37813413 -0.26280951 25 0 428 1.1242892 -0.12719511
58 148.89994 131.28135 0.61738026 -0.29991101 -0.27029135 25 0 2126 5.6553475 -1.8811482
59 477.031 131.77174 0.49060159 0.67099268 -0.04135507 25 0 270 1.2816042 -0.26938483
60 172.8796 136.74242 0.56399009 -0.13386941 -0.27207828 25 0 1712 4.7061597 -1.6816666
61 4.1772719 138.14562 0.69168273 0.023347099 -0.20209358 25 0 1418 3.6808833 -1.4148801
62 250.19779 140.10385 0.68989137 -0.30945735 -0.46689328 25 0 642 1.556939 -0.48067902
63 392.72369 148.22775 0.61533344 -0.23129752 -0.25415367 25 0 12238 33.137017 -3.8007835
64 11.380555 154.49277 0.57075665 -0.72439964 -0.18276763 25 0 649 1.8246723 -0.65296218
65 295.48981 153.85168 0.53331447 -0.036322623 -0.35715038 25 0 2660 7.5047663 -2.1883429
66 480.92041 160.30714 0.63122746 -0.086576092 -0.13372035 25 0 7719 21.016256 -3.3063884
67 94.284534 167.98764 0.65246374 -0.37445282 -0.5496538 25 0 459 1.0959565 -0.099483288
68 382.57009 169.84547 0.55383467 -0.028337282 -0.3284612 25 0 45028 126.59064 -5.256004
69 421.94654 173.36831 0.60164502 0.021532244 -0.055966045 25 0 464 1.4917814 -0.43426299
70 203.03444 173.57931 0.55745046 -0.58818424 -0.076844269 25 0 599 1.5392372 -0.46826387
71 150.1868 177.13945 0.60700227 -0.30969168 -0.38710373 25 0 646 1.5679172 -0.48830782
72 222.69448 182.11733 0.58309579 -0.31487807 -0.38416724 25 0 1787 4.6371471 -1.6656272
73 342.95385 182.00079 0.53727763 -0.33074191 -0.24466862 25 0 523 1.5464087 -0.47331073
74 474.96974 181.61603 0.58162007 0.051942159 -0.064049156 25 0 6086 17.330157 -3.0970062
75 160.88771 182.79945 0.54730524 0.0048928554 -0.21035274 25 0 949 2.5461157 -1.0146953
76 410.20098 184.20792 0.54194405 -0.010401731 -0.29839056 25 0 330 1.1668099 -0.16750022
77 149.37727 185.46562 0.56896616 0.15198044 -0.30579946 25 0 1389 3.5662208 -1.3805206
78 13.634338 191.27933 0.62623129 0.01758949 -0.3653057 25 0 707 1.9658423 -0.7338717
79 111.72065 191.45342 0.60839124 -0.27640722 -0.11926957 25 0 1703 4.3086807 -1.5858608
80 417.83984 190.93645 0.58829637 -0.15459805 -0.3118132 25 0 2707 7.6409943 -2.2078747
81 407.73801 193.1363 0.64127103 -0.18237748 -0.14019928 25 0 581 1.6122495 -0.51858065
82 479.42617 192.68665 0.49742504 -0.055787676 -0.43862862 25 0 545 1.8647103 -0.67652844
83 223.3965 194.29671 0.60127396 0.25892778 -0.3315387 25 0 1141 2.8952514 -1.1542157
84 418.26127 195.90091 0.61165799 -0.3804155 -0.20636713 25 0 863 2.4644371 -0.97929436
85 185.97781 197.01824 0.51454168 -0.061905254 -0.27786424 25 0 697 1.8474618 -0.66643865
86 68.3565 197.88762 0.6648059 -0.22622534 -0.26911187 25 0 41519 107.61583 -5.0796904
87 118.14756 199.31559 0.54818332 -0.01992994 -0.22571976 25 0 454 1.1114953 -0.11476909
88 417.30175 204.01175 0.70757359 0.11195134 -0.1205339 25 0 395 1.0562422 -0.059408815
89 451.55682 207.872 0.60946657 -0.024861547 -0.35062949 25 0 524 1.5733537 -0.49206591
90 164.71864 209.91045 0.57566242 0.14745873 -0.16799055 25 0 554 1.2703885 -0.2598414
91 505.5592 211.58587 0.57441761 0.53537935 -0.052224765 25 0 1220 3.5863003 -1.3866166
92 63.398339 211.99165 0.7449043 0.30311006 -0.23100081 25 0 639 1.3628469 -0.33611768
93 466.04467 213.91323 0.6255804 -0.0081975115 -0.25667025 25 0 626 1.912939 -0.70425281
94 499.42218 217.57245 0.63693289 -0.39232125 -0.13647497 25 0 2920 7.797378 -2.2298715
95 9.3140005 221.09832 0.73247587 0.51359424 -0.3563508 25 0 525 1.2717415 -0.26099708
96 11.339843 222.6079 0.44673958 0.4870754 -0.08174851 25 0 372 1.1618 -0.16282847
97 422.27285 223.77208 0.59966723 -0.27004338 -0.19318255 25 0 1028 3.0031669 -1.1939487
98 323.02313 225.88396 0.57654166 -0.26317608 -0.230897 25 0 1499 4.2800398 -1.5786195
99 253.25616 227.85738 0.66494909 -0.45177162 -0.30892458 25 0 847 1.9482357 -0.72410373
100 147.40014 229.11833 0.68774356 -0.052308608 -0.4176792 25 0 1107 2.546063 -1.0146728
101 476.04435 232.47256 0.5620522 -0.12559995 -0.0062861619 25 0 4121 11.774881 -2.6773913
102 236.51099 234.50724 0.47470923 0.32514666 -0.21087878 25 0 2138 6.0165932 -1.9483766
103 348.78259 236.80268 0.55769177 -0.084297313 -0.27255126 25 0 4197 11.948903 -2.6933201
104 418.92222 237.52561 0.5300033 0.031208375 -0.065205908 25 0 11867 34.431627 -3.8423939
105 323.7012 239.08957 0.57827023 -0.33466679 -0.30196043 25 0 1032 2.8298062 -1.1293917
106 177.1207 245.2886 0.63803472 -0.18707288 -0.24384431 25 0 787 1.9262187 -0.71176396
107 237.15236 246.31573 0.60046172 0.027374188 -0.25861096 25 0 806 2.0259889 -0.76659265
108 27.632834 249.42879 0.60764242 0.10847099 -0.30007429 25 0 367 1.033816 -0.036108122
109 428.12548 249.10302 0.64663886 -0.046084046 -0.23832069 25 0 2000 5.386023 -1.8281705
110 200.73668 262.86904 0.55025015 -0.13150086 -0.31267945 25 0 4725 13.508553 -2.8265221
111 424.95832 262.43581 0.50808767 0.011416971 -0.014330619 25 0 6008 17.709704 -3.1205283
112 328.32096 271.65733 0.65780279 0.20311923 -0.13532868 25 0 404 1.0135568 -0.014620208
113 30.081538 283.51144 0.61598899 0.11932496 -0.015169495 25 0 1406 3.7106781 -1.4236332
114 44.35582 292.75748 0.6409714 -0.4073236 -0.41906367 25 0 819 2.1018545 -0.80650665
115 344.51385 295.24834 0.60542227 -0.42695119 -0.32309386 25 0 5037 13.381263 -2.8162428
116 157.33718 296.46276 0.63869664 0.45534025 -0.16653807 25 0 862 1.9946027 -0.74964103
117 64.132294 297.51714 0.59230126 0.11485441 -0.087875101 25 0 1099 2.9088177 -1.1592912
118 35.856478 297.67248 0.58186362 0.15738968 -0.18550525 25 0 1177 3.2145091 -1.2677867
119 318.94685 300.20343 0.57096239 0.10060458 -0.28853736 25 0 443 1.2004624 -0.19837139
120 450.07003 300.20751 0.57734755 -0.16019985 -0.22445136 25 0 699 2.2386093 -0.87494575
121 133.01995 307.13362 0.63516151 0.25817272 -0.092900925 25 0 540 1.1802283 -0.17991503
122 47.518227 313.09942 0.65035799 -0.25569508 -0.4150692 25 0 1337 3.3377209 -1.308625
123 191.16078 318.89207 0.62401462 0.059035539 -0.15537961 25 0 985 2.5121896 -1.000131
124 422.77199 319.02611 0.6289677 0.025030574 -0.19037365 25 0 1060 3.0341293 -1.2050852
125 110.28176 323.53827 0.5884493 -0.34220686 -0.17582641 25 0 2991 7.7815177 -2.2276608
126 302.57657 335.41652 0.48446252 0.17877667 -0.35042511 25 0 443 1.2385859 -0.2323153
127 3.1005265 343.35151 0.66618887 0.091305357 -0.1242654 25 0 13094 34.282859 -3.8376926
128 260.06791 342.8017 0.43098655 -0.020242219 -0.15343964 25 0 456 1.3615908 -0.33511655
129 352.71309 343.20229 0.60164836 -0.4222435 -0.30199362 25 0 473 1.3225674 -0.30354452
130 236.26606 344.18683 0.66592546 0.095472389 -0.37459843 25 0 1019 2.4201663 -0.95961304
131 49.352519 344.48942 0.62602578 -0.59265889 -0.097922882 25 0 925 2.3149524 -0.91135518
132 461.0842 350.7671 0.48897381 0.37691906 0.3001992 25 0 680 2.0020029 -0.75366175
133 333.00481 356.63538 0.50911927 0.21917024 -0.087468875 25 0 616 1.8241047 -0.65262441
134 212.35492 360.26467 0.65017259 -0.003525493 -0.30505373 25 0 5306 13.520273 -2.8274637
135 354.30011 361.85382 0.59697361 -0.38672079 -0.3063579 25 0 1053 2.9717911 -1.1825457
136 271.20805 364.35667 0.59456909 -0.014648217 -0.23402701 25 0 23333 63.045641 -4.4991377
137 386.98307 371.57188 0.57670717 -0.051206223 -0.077492258 25 0 1602 4.4507499 -1.621083
138 198.62237 373.28347 0.61615883 0.22601796 -0.45070409 25 0 1442 3.7022986 -1.4211786
139 250.60123 374.40279 0.48147973 0.32468174 -0.12279328 25 0 2053 5.9300273 -1.9326417
140 68.230281 375.84964 0.64990894 -0.17805066 -0.26913485 25 0 5332 14.165981 -2.8781166
141 400.12338 375.86418 0.65168311 -0.21299523 -0.23702168 25 0 1164 3.2126863 -1.2671708
142 111.25829 376.67507 0.60471472 -0.50967327 -0.20665836 25 0 505 1.1918646 -0.19056728
143 471.83201 377.97712 0.64347048 -0.21836665 -0.24008739 25 0 9473 25.811139 -3.5295179
144 338.44442 388.97123 0.67715322 -0.32705297 -0.37034072 25 0 3605 9.1558803 -2.4042503
145 47.384524 389.95495 0.72794526 -0.17703239 -0.32530509 25 0 4088 9.9637818 -2.4960605
146 93.033065 391.68949 0.58240328 0.023592925 0.018374525 25 0 645 1.6740302 -0.5594082
147 199.90489 393.24997 0.63708678 0.025778584 -0.29639526 25 0 693 1.7470564 -0.60576734
148 456.3949 394.36051 0.60189769 -0.79941772 -0.095075026 25 0 568 1.74125 -0.60215284
149 117.07009 395.97478 0.64126414 -0.063272098 -0.27698666 25 0 1642 4.3254934 -1.5900891
150 488.82801 396.20098 0.71589696 0.07251051 -0.46720445 25 0 323 1.0233834 -0.025095881
151 427.81995 398.31867 0.65386267 -0.38069075 -0.16935925 25 0 2523 6.7855343 -2.0789601
152 457.11894 397.95995 0.67497561 -0.29048169 -0.20771242 25 0 2225 6.0038491 -1.9460744
153 32.653735 400.86829 0.61338136 0.20831045 -0.21426466 25 0 569 1.4955696 -0.43701655
154 219.1207 406.03416 0.65257074 -0.19858921 -0.32954648 25 0 8312 21.835943 -3.3479299
155 349.49954 408.10743 0.6425211 -0.024806217 -0.37317657 25 0 740 1.9903732 -0.74733627
156 384.94446 413.20293 0.6608518 -0.48094296 -0.24406924 25 0 534 1.5298972 -0.46165563
157 248.21807 413.4313 0.55416197 0.063756529 -0.02697825 25 0 618 1.6366452 -0.53488632
158 245.53381 417.20213 0.65408838 -0.30979841 -0.39023321 25 0 1872 4.6660258 -1.6723678
159 466.97418 417.74267 0.56893976 0.23624742 -0.063676682 25 0 325 1.1001586 -0.10363827
160 77.491416 422.376 0.56008295 -0.23626736 -0.16063544 25 0 787 2.0263709 -0.76679735
161 101.53701 423.87399 0.64325997 -0.078627254 -0.30908299 25 0 2256 5.81892 -1.912106
162 277.38317 434.08394 0.70179396 0.43642717 -0.20681328 25 0 488 1.2530616 -0.24493108
163 152.3765 441.99376 0.73327299 -0.18457592 -0.38900284 25 0 2556 6.093705 -1.9622036
164 125.81724 442.85366 0.62781796 -0.08538763 -0.29762022 25 0 1114 2.8384239 -1.1326931
165 154.97287 444.77782 0.67909889 0.11666409 -0.28588941 25 0 429 1.0440717 -0.046825836
166 225.44051 445.3925 0.57165336 -0.34788905 -0.32089075 25 0 930 2.4657541 -0.97987442
167 484.62024 445.33657 0.35583849 -0.56042555 -0.39012708 25 0 58412 165.70854 -5.5483622
168 338.16208 447.32326 0.63295098 -0.096197116 -0.18697275 25 0 3169 8.4972422 -2.323195
169 238.66973 449.80172 0.66638645 -0.2916855 -0.19831876 25 0 1175 2.9108067 -1.1600334
170 84.784359 451.61 0.60683447 0.199532 -0.15029376 25 0 13557 37.17978 -3.925767
171 470.61099 461.9436 0.66817408 -0.19729047 -0.30611809 25 0 2241 6.1090605 -1.9649361
172 304.65856 465.49747 0.56627599 -0.41487152 -0.32103542 25 0 533 1.5652781 -0.48647874
173 428.69125 466.57598 0.51291584 0.16696452 -0.22515633 25 0 284 1.0851833 -0.08875779
174 355.67747 470.52433 0.57644525 -0.40171592 -0.1476283 25 0 1072 3.0995751 -1.2282554
175 49.834806 471.20242 0.68634692 -0.09275471 -0.22371194 25 0 6469 16.796217 -3.0630287
176 142.82165 472.47811 0.56771522 -0.37669867 -0.15298515 25 0 1047 2.9033776 -1.1572588
177 421.17784 474.132 0.43211744 -0.2405962 -0.28848515 25 0 58216 187.22771 -5.6809253
178 204.59471 480.54307 0.58928626 0.51063923 -0.20786548 25 0 3974 10.434552 -2.5461845
179 336.20074 482.3455 0.66922066 -0.46558202 0.018440548 25 0 577 1.52403 -0.45748377
180 422.35536 481.83298 0.5605195 0.04829674 -0.20226251 25 0 393 1.2268714 -0.22199761
181 107.72577 484.41201 0.4225325 0.083572495 -0.17674365 25 0 355 1.0669925 -0.070403458
182 254.59495 483.87599 0.60449633 -0.092163546 -0.35420543 25 0 3043 8.2723289 -2.2940695
183 331.94175 489.0719 0.60584209 -0.6416302 -0.39005347 25 0 469 1.4209669 -0.38145992
184 132.45694 489.77098 0.61404707 0.12154636 -0.43488985 25 0 860 2.2770637 -0.89343793
185 57.495922 495.05656 0.72146605 -0.10683712 -0.34755958 25 0 1228 3.0603261 -1.2144193
186 233.72572 504.92736 0.76385144 -0.45057826 -0.54719367 25 0 559 1.3866543 -0.35492048
187 60.813776 510.06078 0.83149063 -0.41250983 -0.50046875 25 0 484 1.0187654 -0.020185437
