id xcentroid ycentroid sharpness roundness1 roundness2 npix sky peak flux mag
1 31.589244 0.014574506 0.87797837 -0.51697469 -0.68269266 25 0 2410.8997 5.4652844 -1.8440319
2 293.05286 15.470434 0.59370203 -0.28425474 -0.3007238 25 0 487.19648 1.5418605 -0.47011271
3 424.18945 18.897836 0.64562938 -0.20577622 -0.068253572 25 0 436.1661 1.2890849 -0.27570384
4 105.06247 22.704472 0.64957453 -0.015748814 -0.10061906 25 0 404.94441 1.1392158 -0.14151501
5 20.160775 24.434139 0.60065401 -0.12879414 -0.095205298 25 0 11610.036 31.915197 -3.7599938
6 330.52453 24.127631 0.66138887 -0.18503472 -0.38668097 25 0 623.73174 1.8438155 -0.66429364
7 403.85278 27.41909 0.63012666 -0.13143584 -0.1946243 25 0 595.16145 1.7379683 -0.60010466
8 463.01273 27.371071 0.64477724 -0.1814824 -0.090053819 25 0 23996.404 63.680946 -4.5100238
9 349.51521 45.517944 0.47191471 0.2613624 -0.36877016 25 0 329.74118 1.1657847 -0.16654588
10 449.14477 45.953714 0.75864323 -0.59150261 -0.50478514 25 0 452.90364 1.2279241 -0.22292881
11 122.18879 47.906477 0.55273933 -0.12672309 -0.3167073 25 0 331.47536 1.1206475 -0.12367257
12 109.09661 52.074749 0.76273249 -0.26199619 -0.33321964 25 0 559.53227 1.3236765 -0.30445461
13 182.13349 53.247851 0.62162214 -0.22920613 -0.20095462 25 0 989.32433 2.7024048 -1.079376
14 201.51915 54.145356 0.64794804 -0.62527057 -0.38718608 25 0 1825.052 4.6543728 -1.6696529
15 62.084178 56.48832 0.3763607 -0.29087664 -0.11669614 25 0 285.64786 1.2396545 -0.23325165
16 320.09782 56.417433 0.3277582 -0.16881218 -0.22963456 25 0 57553.239 189.84506 -5.6959982
17 342.18837 55.51106 0.56716631 -0.670586 -0.52085434 25 0 300.85108 1.0838353 -0.087408256
18 106.84169 58.327304 0.58526479 -0.45676976 -0.23464737 25 0 4066.855 11.307544 -2.6334207
19 395.62435 60.106849 0.63342307 -0.24159997 -0.41369136 25 0 826.77527 2.3237514 -0.91547414
20 466.06686 66.28021 0.67742007 -0.30441768 -0.13712276 25 0 796.64641 2.2152499 -0.86355683
21 289.68952 66.86947 0.55166169 -0.42625789 -0.3195172 25 0 1190.5003 3.6212193 -1.3971371
22 438.605 73.761909 0.61792225 -0.13434321 -0.27815352 25 0 1260.5205 3.5570013 -1.3777101
23 497.20358 76.069324 0.69818283 -0.17469248 -0.11834727 25 0 3538.1766 9.3101618 -2.4223931
24 27.032878 79.187587 0.63094393 -0.26300199 -0.16413046 25 0 572.96053 1.6138432 -0.51965332
25 428.30734 80.628003 0.68176498 -0.42331096 -0.11754654 25 0 1392.7425 3.6591126 -1.4084394
26 413.50037 82.252265 0.581943 -0.84299543 -0.37415132 25 0 442.83153 1.5133124 -0.4498215
27 467.14308 81.13861 0.35691107 0.1232462 0.22508127 25 0 224.29827 1.0247101 -0.026502508
28 51.376602 84.159198 0.71921099 -0.41432789 -0.35852712 25 0 1503.7366 3.7258426 -1.4280613
29 463.99049 89.217811 0.6329513 0.043027818 0.024464413 25 0 829.71819 2.3585537 -0.93161443
30 346.09553 93.117554 0.64724871 -0.31850036 -0.25433927 25 0 3015.9006 8.186083 -2.2826904
31 115.23863 96.133577 0.71952608 0.0035487621 -0.35568782 25 0 524.10556 1.4025341 -0.36728355
32 486.49541 100.1486 0.66764983 -0.12221383 -0.27135559 25 0 19899.88 51.161133 -4.2723504
33 279.0587 107.30022 0.57122519 -0.6891362 -0.26473671 25 0 958.04878 2.87117 -1.1451473
34 283.10554 109.0357 0.60906968 -0.63056711 -0.34458623 25 0 1270.0441 3.532678 -1.3702601
35 181.30086 110.05099 0.67533728 -0.41553172 -0.32453332 25 0 1386.1486 3.3756233 -1.3208849
36 49.251668 114.01542 0.68991935 -0.3409676 -0.28282586 25 0 3812.5652 9.6000672 -2.4556857
37 111.05661 113.71837 0.61634933 -0.51966369 -0.29282408 25 0 357.96585 1.0124626 -0.013447463
38 446.97256 114.1453 0.68296349 -0.042332968 -0.021677099 25 0 365.4995 1.1965798 -0.19485416
39 504.51081 116.66528 0.52936117 0.081114183 -0.12452633 25 0 1547.3852 4.6189351 -1.6613547
40 484.70584 120.08629 0.65791404 -0.35123461 -0.20389291 25 0 2022.0384 5.5215874 -1.8551599
41 327.66535 125.45794 0.51420876 -0.11012458 0.13905553 25 0 369.61159 1.370139 -0.34191154
42 214.42011 127.2749 0.62142339 -0.12738571 -0.26006435 25 0 14196.049 37.188483 -3.9260212
43 231.62967 127.51131 0.47493261 -0.11406476 -0.09692616 25 0 651.00106 1.8645192 -0.67641718
44 241.86725 128.74061 0.55584918 -0.31711635 -0.23662268 25 0 1409.1303 4.0871092 -1.5285406
45 298.37879 128.55643 0.45888747 0.19142632 -0.32732778 25 0 624.60876 2.0204381 -0.76361389
46 443.91082 130.34027 0.59399668 -0.62281184 -0.20965186 25 0 292.52313 1.0432728 -0.045994721
47 93.423859 130.65068 0.75042015 -0.45736251 -0.33855163 25 0 458.79858 1.0434811 -0.046211497
48 193.80016 130.49857 0.571615 0.0043243533 -0.029169817 25 0 394.12768 1.1334366 -0.13599305
49 46.534683 132.18457 0.71031651 -0.32528101 -0.30162001 25 0 487.85592 1.3040304 -0.28821927
50 145.70538 133.87136 0.58658024 -0.41161128 -0.37118014 25 0 1612.4062 4.3151434 -1.5874881
51 473.65125 134.57221 0.54759857 0.55591994 -0.16172547 25 0 320.68677 1.2078244 -0.20500951
52 169.69027 139.3529 0.60347348 -0.68172269 -0.32255699 25 0 1351.343 3.5519819 -1.3761768
53 1.1294092 140.64535 0.64694203 -0.46041201 -0.08722389 25 0 1032.8051 2.7262084 -1.0888976
54 389.51028 151.10232 0.68644366 -0.32326007 -0.36417114 25 0 10641.706 26.302947 -3.550011
55 8.4248431 157.06979 0.66061595 -0.50332697 -0.3825042 25 0 694.60249 1.8894437 -0.69083487
56 292.47366 156.55502 0.6259496 -0.85057253 -0.19007748 25 0 2116.9521 5.4217266 -1.835344
57 477.7587 163.20024 0.64440108 -0.43645445 -0.18995283 25 0 7081.9719 19.025044 -3.1983142
58 379.3809 172.664 0.64137866 -0.69511397 -0.22973226 25 0 41072.619 104.83087 -5.051223
59 199.861 176.26345 0.44933204 -0.23087527 -0.22840404 25 0 353.61809 1.0287714 -0.030797178
60 418.71601 176.05551 0.68006426 -0.45958434 -0.2628484 25 0 482.2025 1.423114 -0.3830992
61 27.00423 183.1519 0.5614793 -0.35944513 -0.38929765 25 0 330.3166 1.0541862 -0.057293366
62 471.84067 184.58942 0.5932643 -0.38861476 0.028560636 25 0 4946.8959 13.380231 -2.816159
63 157.64056 185.44571 0.55567568 -0.66089817 -0.18033665 25 0 746.49934 2.1687797 -0.84053859
64 219.485 184.78489 0.49366194 -0.43245212 -0.44980581 25 0 1178.8361 3.4503142 -1.3446466
65 339.82618 184.83717 0.58737717 -0.0020626593 -0.084418312 25 0 382.49219 1.2068861 -0.20416567
66 146.31399 187.97394 0.68392895 -0.48505201 -0.34687947 25 0 1485.9152 3.6169486 -1.3958558
67 10.361084 193.89446 0.60180643 -0.67664083 -0.38008901 25 0 624.71772 1.7455457 -0.60482806
68 108.63241 193.98294 0.66174175 -0.39109721 -0.41987489 25 0 1555.463 3.8984951 -1.4772425
69 414.57441 193.77438 0.56610751 -0.25300973 -0.34014146 25 0 2117.4459 6.0591363 -1.9560268
70 404.54368 195.88838 0.6662633 -0.44488248 -0.32456146 25 0 450.61283 1.2902207 -0.27666005
71 476.56288 195.58237 0.53571258 0.26934224 -0.17956647 25 0 551.99228 1.7034842 -0.57834528
72 220.32235 197.03705 0.61970038 -0.23217506 -0.3173917 25 0 986.1028 2.5609179 -1.0209891
73 415.00048 198.79552 0.61278112 -0.45854071 -0.13190391 25 0 799.9711 2.4230991 -0.96092794
74 65.244126 200.42875 0.59413627 -0.009654659 -0.12554045 25 0 31518.438 85.612927 -4.8313484
75 182.7872 199.48868 0.43206423 0.42489734 -0.17834674 25 0 427.44838 1.2209778 -0.21676946
76 114.94746 201.77931 0.46029958 -0.46266828 -0.48257662 25 0 313.56146 1.0393179 -0.041870986
77 448.47103 210.67301 0.77535695 -0.36327074 -0.11807255 25 0 517.20336 1.3353351 -0.31397564
78 161.80556 212.47561 0.45933051 -0.48612399 -0.054090541 25 0 392.27806 1.1744003 -0.1745404
79 502.48441 214.44791 0.56645694 0.12182966 -0.14048558 25 0 1161.1957 3.2347407 -1.2745987
80 60.172305 214.39885 0.4765517 -0.38330318 -0.051514387 25 0 333.75925 1.1373402 -0.13972602
81 462.94391 216.74728 0.59499106 -0.21795272 -0.25046767 25 0 596.53344 1.9081719 -0.70154371
82 496.35981 220.42226 0.62119832 -0.5273147 -0.0077609978 25 0 2445.9288 6.3586938 -2.0084198
83 8.2805318 225.11606 0.57759816 0.10948008 -0.41422411 25 0 312.14997 1.0345477 -0.036876347
84 419.11817 226.6279 0.60863462 -0.47359882 -0.076817379 25 0 906.45085 2.5368713 -1.0107461
85 319.89853 228.59374 0.50310988 -0.42166859 -0.10960462 25 0 1010.9439 3.0201347 -1.2000658
86 249.97137 230.60319 0.4427906 -0.25463074 -0.2048795 25 0 463.68135 1.4906029 -0.43340491
87 144.31273 231.79401 0.53316246 -0.43921778 -0.38873511 25 0 776.82059 2.3087086 -0.90842282
88 472.92916 235.48463 0.60781179 -0.31742727 -0.037310985 25 0 3863.7602 10.550643 -2.5581973
89 233.46883 237.31351 0.62225617 -0.084002807 -0.26316487 25 0 2282.135 5.8322901 -1.9145978
90 345.56387 239.54962 0.49936627 -0.066473834 -0.20360971 25 0 2915.2267 8.2998781 -2.2976793
91 415.68964 240.49362 0.5848148 -0.68328626 -0.11608966 25 0 10366.129 27.695507 -3.6060233
92 320.64697 241.75459 0.54875903 -0.32183175 -0.1626141 25 0 819.33656 2.3761162 -0.9396692
93 173.89239 247.85029 0.57700369 -0.33392945 -0.22293201 25 0 567.91208 1.5261455 -0.45898985
94 233.94977 248.97666 0.60722511 -0.47210259 -0.33663719 25 0 620.59587 1.6683616 -0.55572548
95 424.95015 251.97491 0.61975463 -0.34730045 -0.2032411 25 0 1663.5927 4.5991587 -1.656696
96 197.67156 265.50151 0.54788322 -0.68683199 -0.14254096 25 0 3569.7048 9.946451 -2.4941704
97 421.75298 265.39871 0.59871696 -0.56563603 -0.16399708 25 0 5798.4273 15.462616 -2.9732075
98 259.51487 267.99381 0.65675031 -0.13376579 -0.78944014 25 0 378.35926 1.0152758 -0.016460078
99 26.963936 285.94343 0.6144532 -0.31457599 -0.21014027 25 0 1320.2189 3.7267452 -1.4283242
100 41.22918 295.13628 0.73243443 -0.20410036 -0.18258336 25 0 712.9217 1.7888755 -0.6314503
101 341.41058 297.99708 0.64098455 -0.41391232 -0.30698185 25 0 4785.5671 12.352745 -2.7294087
102 154.11528 299.04381 0.64906271 -0.2663355 -0.089213973 25 0 867.35676 2.3259331 -0.91649304
103 32.667463 300.08332 0.64759224 -0.57754341 -0.40193983 25 0 1091.1819 2.8646799 -1.1426902
104 61.051171 299.93683 0.61059664 -0.37966517 -0.32193677 25 0 1071.1424 2.9218719 -1.1641529
105 446.88816 303.09295 0.67530659 -0.32211809 -0.13847357 25 0 753.22904 1.9782521 -0.74070409
106 130.02154 309.62309 0.68044105 -0.44195946 -0.26809838 25 0 451.97771 1.0825802 -0.086150236
107 44.451137 315.54543 0.65453606 -0.84885405 -0.13138802 25 0 1097.8772 2.8941179 -1.1537906
108 188.00326 321.40965 0.52702916 -0.095046091 -0.15614621 25 0 644.30771 1.8030179 -0.64000008
109 419.57563 321.77791 0.52746578 -0.36712375 -0.31403604 25 0 804.06426 2.266757 -0.88851243
110 107.10461 326.11332 0.66808928 -0.39570406 -0.26334476 25 0 3173.1869 8.1535999 -2.2783735
111 299.20881 338.08709 0.6664814 -0.67457619 -0.67244706 25 0 524.28341 1.2605165 -0.25137134
112 256.77804 345.35843 0.69053011 -0.63106526 -0.31024187 25 0 480.30763 1.0961666 -0.099691458
113 0.34314738 345.73646 0.82035303 -0.36920088 0.12243993 25 0 11761.707 27.725642 -3.607204
114 349.49625 345.96429 0.40582638 -0.34467381 -0.31984723 25 0 373.79558 1.1518955 -0.15353274
115 46.290143 347.0283 0.64417881 -0.21976887 -0.19212857 25 0 926.41815 2.4269077 -0.96263314
116 232.9773 346.90124 0.62973134 -0.72685075 -0.26812661 25 0 834.24783 2.1130092 -0.81225346
117 457.83593 353.7281 0.59642939 0.16226415 0.21254855 25 0 778.92203 1.8402185 -0.66217346
118 329.95635 359.33652 0.60925302 -0.45501041 -0.18973276 25 0 662.54313 1.6471841 -0.54185532
119 209.24699 362.86757 0.65914464 -0.4701686 -0.28659055 25 0 4933.7905 12.661291 -2.7561949
120 351.16597 364.48783 0.494888 -0.53153254 -0.20097011 25 0 721.28623 2.0405809 -0.77438454
121 268.01577 366.96203 0.62119444 -0.4688315 -0.30646563 25 0 21527.046 57.327491 -4.3959073
122 383.84399 374.20073 0.65182031 -0.44090418 -0.22281661 25 0 1767.0118 4.5203697 -1.6379349
123 195.3685 375.88002 0.68000554 -0.58897549 -0.33441481 25 0 1535.8606 3.7600562 -1.4379858
124 247.49821 377.10047 0.68960545 -0.32741643 -0.35862147 25 0 2567.1875 6.2521355 -1.9900709
125 65.090753 378.26925 0.63569365 -0.26130318 -0.22547209 25 0 4512.3051 12.054569 -2.7028792
126 108.16123 379.02613 0.8051082 -0.3140897 -0.39658001 25 0 581.38992 1.1980979 -0.1962308
127 397.03667 378.51199 0.57286978 -0.18102328 -0.039210459 25 0 860.92833 2.1643915 -0.83833953
128 468.65131 380.81899 0.61432207 -0.30043122 -0.21377619 25 0 7753.71 20.833517 -3.2969065
129 44.228141 392.48499 0.60563489 -0.035050376 -0.089123053 25 0 2958.1907 7.8526313 -2.237538
130 335.22881 391.7054 0.6451071 -0.55223626 -0.16991691 25 0 3109.7374 8.0307715 -2.2618932
131 89.939031 394.07487 0.78860698 -0.5420976 -0.39025201 25 0 623.11075 1.2287861 -0.22369073
132 196.81212 395.88976 0.66425345 -0.66976356 -0.51871822 25 0 507.94249 1.1094718 -0.11279071
133 453.25406 397.23972 0.60928897 -0.96652395 -0.075931698 25 0 639.91389 1.5511461 -0.47663175
134 113.98271 398.50495 0.5281434 -0.18848116 -0.11353978 25 0 1097.0746 2.9576729 -1.1773754
135 424.65268 401.12517 0.66153193 -0.5852883 -0.26835634 25 0 2352.5526 5.9687952 -1.9397167
136 453.94813 400.82622 0.65428259 -0.47831013 -0.18856663 25 0 2014.6145 5.1333449 -1.7760011
137 29.588187 403.33149 0.55575556 -0.63514277 -0.31907197 25 0 437.89521 1.2398223 -0.23339857
138 215.99742 408.57132 0.57359442 -0.36796152 -0.17866002 25 0 5981.3837 16.086459 -3.0161511
139 346.39724 410.91795 0.66228592 -0.45978854 -0.45648386 25 0 757.40655 1.8767329 -0.68350616
140 245.1097 416.14511 0.60180069 0.12616848 -0.41768243 25 0 608.03352 1.4973638 -0.4383183
141 381.74861 415.98155 0.53786538 -0.61581564 -0.37102675 25 0 540.74667 1.5132106 -0.44974843
142 242.45226 419.86503 0.66327549 -0.52012522 -0.39645567 25 0 1758.4676 4.2524891 -1.571608
143 74.518277 424.88765 0.73779255 -0.57438344 -0.29950186 25 0 982.31759 2.2001762 -0.85614365
144 98.42602 426.39243 0.63977716 -0.73725249 -0.29920212 25 0 1824.7672 4.4806508 -1.6283527
145 274.10672 436.81311 0.79389483 -0.3350316 0.019329506 25 0 517.16619 1.0454973 -0.04830734
146 122.82361 445.29725 0.58906281 -0.24002706 -0.12332889 25 0 1010.5885 2.4716684 -0.98247551
147 149.17058 444.36746 0.59605778 -0.51177945 -0.058270378 25 0 1707.225 4.3708687 -1.6014194
148 222.47967 447.9947 0.71042451 -0.31259911 -0.35389997 25 0 1121.8983 2.552154 -1.0172672
149 481.32011 448.21959 0.28097352 -0.52527342 -0.31945521 25 0 60865.102 181.50944 -5.647248
150 334.98123 450.05688 0.65031337 -0.43411274 -0.27118002 25 0 3181.8331 8.2281358 -2.2882536
151 235.54866 452.57195 0.58761205 -0.82817738 -0.17750954 25 0 969.05275 2.3613384 -0.93289557
152 81.607118 454.09808 0.64822511 -0.43141524 -0.35138546 25 0 13017.014 34.324577 -3.839013
153 467.50502 464.84517 0.71818795 -0.76201178 -0.31164516 25 0 2165.5924 5.1113267 -1.7713341
154 301.55016 468.24396 0.58567477 -0.22794511 -0.23461779 25 0 626.25303 1.5182663 -0.45336987
155 352.45198 473.20317 0.64654169 -0.63227695 -0.41202308 25 0 1196.2937 2.8955687 -1.1543347
156 46.716905 473.51172 0.5775812 0.066171947 -0.11580345 25 0 4572.6706 12.514114 -2.7435003
157 139.66226 474.8987 0.56507425 -0.20178182 -0.31916429 25 0 999.27892 2.6010843 -1.037886
158 418.04829 476.82671 0.45164334 -0.53497638 -0.28206211 25 0 60859.743 192.35956 -5.7102844
159 201.40878 483.11903 0.71448704 -0.2599495 -0.29442402 25 0 5012.7775 12.187836 -2.7148165
160 332.9639 485.12291 0.68738095 -0.39513743 -0.34196697 25 0 670.12854 1.5445969 -0.47203786
161 251.57429 486.61544 0.57948688 -0.85564578 -0.10197754 25 0 2372.3855 6.1335861 -1.9692862
162 104.67192 486.85423 0.7997982 -0.55971344 -0.45024608 25 0 520.41735 1.00979 -0.010577681
163 129.41562 492.28711 0.618869 -0.96215779 -0.39515877 25 0 733.81898 1.6563245 -0.54786357
164 328.63179 491.78827 0.64901329 -0.18848988 -0.3567194 25 0 529.62455 1.1596471 -0.1608146
165 54.483827 497.45924 0.57223407 -0.78173517 0.0018176396 25 0 869.27582 2.303332 -0.90589135
