id xcentroid ycentroid sharpness roundness1 roundness2 npix sky peak flux mag
1 300.91879 3.2700266 0.63192293 0.16706943 -0.20768239 25 0 776.47425 3.0508673 -1.2110583
2 309.98548 5.3622552 0.62069921 0.89154314 0.14700354 25 0 343.7792 1.4617285 -0.41216677
3 432.47564 6.5135916 0.43678364 -0.17528012 0.036926312 25 0 391.26216 1.9278175 -0.71266482
4 112.72907 10.557251 0.57778483 0.2855049 0.016803502 25 0 385.59509 1.4812486 -0.42656989
5 27.946244 12.576939 0.60550664 0.20649182 0.091910262 25 0 12969.806 51.674153 -4.2831834
6 338.42795 11.832504 0.65816421 0.077336028 -0.24453572 25 0 788.75086 3.0092829 -1.1961575
7 411.76561 15.000682 0.63927801 0.4429226 -0.13504869 25 0 774.58741 3.1014132 -1.2288991
8 471.03788 14.876956 0.65286022 0.20703206 -0.14554786 25 0 28974.492 113.25062 -5.1351014
9 429.20232 16.527254 0.5350823 0.43455279 -0.019687946 25 0 247.82291 1.2834418 -0.27094045
10 337.92772 20.371831 0.55991442 -0.054703164 -0.2776148 25 0 277.725 1.4102407 -0.3732331
11 338.87381 25.469145 0.5221657 -0.27197166 0.2547844 25 0 219.46492 1.0432993 -0.046022246
12 216.56453 30.2128 0.65227802 -0.40040165 -0.053740087 25 0 266.19181 1.019751 -0.021235366
13 357.56783 33.352639 0.55109002 -0.16743031 -0.10245495 25 0 507.44038 2.1888242 -0.85052722
14 457.32797 33.580804 0.49251963 0.28267553 -0.16910351 25 0 336.89697 1.762748 -0.61547557
15 130.3339 36.051832 0.61014879 0.18291614 -0.060340556 25 0 412.05671 1.8145683 -0.64693332
16 101.79232 40.123716 0.5524131 -0.0040732458 -0.32490387 25 0 216.32638 1.052967 -0.056036872
17 117.15271 40.102317 0.60019169 0.43408822 -0.21546353 25 0 673.84991 2.8463538 -1.1357222
18 190.06112 41.20194 0.60804472 0.19377354 -0.1682699 25 0 1199.3658 4.8621571 -1.7170725
19 209.61734 42.080882 0.6470096 0.077594081 -0.32436932 25 0 2248.796 8.6662974 -2.344584
20 422.54611 41.980081 0.56585249 0.2734104 0.13332313 25 0 226.3369 1.1215292 -0.12452646
21 350.07625 43.211272 0.62106589 0.25958187 -0.17641119 25 0 487.59563 2.0626255 -0.78605096
22 69.824729 44.406563 0.59912478 0.23374848 -0.014665244 25 0 479.85611 1.9297666 -0.71376194
23 328.10028 44.134045 0.27804985 0.48307899 -0.038086125 25 0 58767.276 320.51934 -6.2646356
24 253.46817 44.641553 0.57580504 -0.01023151 0.023392137 25 0 255.80165 1.1288512 -0.13159176
25 114.82942 46.363437 0.60110451 0.028976475 -0.080857742 25 0 4861.156 19.405395 -3.2198062
26 157.82967 47.079308 0.63777843 0.60431687 -0.34305908 25 0 349.16316 1.3068181 -0.29053784
27 403.7043 47.710437 0.58761081 0.55636132 -0.13125436 25 0 934.14933 3.9486976 -1.4911347
28 48.382609 48.674754 0.61219108 -0.066685647 -0.22000162 25 0 216.77812 1.001001 -0.0010862891
29 237.37976 51.957231 0.61395837 0.028963846 -0.28385743 25 0 262.39943 1.0993455 -0.1028355
30 250.46983 53.10218 0.60895484 -0.081877174 0.004005758 25 0 343.45538 1.5411487 -0.46961136
31 404.29973 52.998404 0.49142701 0.33072911 0.19223978 25 0 205.83241 1.1460144 -0.1479752
32 56.253162 53.479177 0.5881015 0.43197584 -0.035793632 25 0 246.61814 1.1381834 -0.14053066
33 474.20198 53.589856 0.60730683 0.077562574 0.09767118 25 0 841.0781 3.5382792 -1.3719802
34 297.80725 54.564192 0.57300323 0.55791831 -0.047430087 25 0 1402.8819 5.8351227 -1.915125
35 145.78853 59.461062 0.58785757 0.010038377 0.0011019823 25 0 322.13451 1.3000392 -0.28489115
36 446.72471 61.266198 0.66164712 0.12595649 -0.10555242 25 0 1587.6187 6.0222269 -1.9493928
37 33.766988 62.420726 0.60807091 0.12015033 -0.1356058 25 0 267.04542 1.2516696 -0.24372425
38 505.32796 63.464033 0.54060054 0.0083923008 0.022885307 25 0 2839.6825 12.055266 -2.702942
39 1.0921124 65.182427 0.80709051 -0.29464262 -0.040920726 25 0 468.59942 1.6315172 -0.53147911
40 352.85352 65.457287 0.5192705 -0.16987693 0.0079055889 25 0 220.36028 1.1818792 -0.18143276
41 34.989731 67.496369 0.67886695 -0.25878894 -0.09564303 25 0 612.65454 2.4311388 -0.9645244
42 58.118288 67.151352 0.65904867 -0.10706109 0.093471233 25 0 475.56769 1.930684 -0.71427802
43 172.97292 67.516895 0.53223233 -0.23444853 -0.36450922 25 0 289.40301 1.3133724 -0.29596968
44 436.48278 68.109923 0.6579627 0.13108692 -0.27148306 25 0 1692.2009 6.7524849 -2.0736591
45 1.3958611 69.08203 0.65959699 -0.031951664 -0.17177038 25 0 449.50167 1.8153083 -0.647376
46 115.79564 69.109921 0.54750363 0.0056183722 -0.13152274 25 0 392.15874 1.841685 -0.66303838
47 475.09115 68.897526 0.66324225 0.36173077 -0.2830972 25 0 422.75205 1.6735004 -0.55906455
48 421.55216 69.862577 0.64595237 0.52026279 -0.22081656 25 0 559.66967 2.3555676 -0.93023892
49 40.285139 71.540318 0.59426429 -0.55444026 -0.16564598 25 0 229.75506 1.0137486 -0.014825652
50 59.276504 72.267462 0.63277734 0.26973538 -0.11189016 25 0 1646.9562 6.6392681 -2.0553005
51 472.28849 76.743578 0.64010463 0.21349359 0.032484155 25 0 999.98006 3.817275 -1.4543836
52 354.21678 80.792909 0.58600132 0.078082743 -0.16482377 25 0 3327.5115 13.968263 -2.862856
53 123.31736 84.064813 0.73281018 0.013593955 -0.22912769 25 0 577.78923 2.0716046 -0.79076719
54 438.40032 85.892358 0.54001234 0.36159439 -0.39450597 25 0 228.14886 1.0403305 -0.042928305
55 95.420848 87.645093 0.64360004 0.73054682 -0.1047911 25 0 473.27792 1.7580478 -0.61257671
56 147.99018 87.931228 0.60466591 0.20159955 -0.5940849 25 0 343.83223 1.4218577 -0.38214034
57 494.59789 87.601855 0.60131258 0.60826063 -0.063912806 25 0 19602.769 77.855295 -4.7282204
58 236.62262 91.237424 0.53013299 -0.062719498 -0.17085053 25 0 224.22188 1.0139741 -0.015067108
59 158.43631 94.480416 0.62051776 -0.16761257 -0.17679172 25 0 427.31836 1.6087217 -0.5162023
60 287.14248 95.100824 0.642502 -0.050524371 -0.13460308 25 0 1342.2187 5.3471625 -1.8203085
61 291.1059 96.858198 0.61624853 -0.20322925 -0.26249211 25 0 1508.2731 5.9864664 -1.9429264
62 189.47836 97.966378 0.60349013 -0.13823012 -0.4115579 25 0 1537.7663 6.0504445 -1.9544682
63 370.17265 100.2644 0.62532809 0.67237021 0.065776162 25 0 183.30103 1.0574388 -0.060638065
64 455.28625 101.58799 0.41472341 0.41709805 -0.22742938 25 0 256.90669 1.3753743 -0.34605227
65 57.188022 102.11768 0.65818195 0.12966259 -0.17844904 25 0 4515.3041 17.350069 -3.098253
66 119.1993 101.67731 0.49474414 0.57413814 0.047713062 25 0 337.9071 1.612412 -0.51869007
67 65.36786 103.11604 0.63064835 -0.37222874 0.001329117 25 0 264.19608 1.1055821 -0.10897748
68 213.20522 103.1824 0.47852901 0.16657484 0.046027047 25 0 182.37042 1.0647135 -0.068081856
69 300.06365 103.92194 0.60886601 0.34072296 -0.25740536 25 0 349.43777 1.4925221 -0.4348019
70 492.88354 107.55769 0.58379209 0.52614826 0.14039834 25 0 1944.7804 7.9723557 -2.2539667
71 335.75399 113.25754 0.57648449 0.031434072 -0.048091673 25 0 525.24139 2.3094172 -0.908756
72 222.53862 115.16804 0.64361159 0.25803751 -0.30813513 25 0 16067.913 61.016542 -4.463619
73 239.7816 115.29142 0.53236361 0.42805086 -0.01410594 25 0 887.77613 3.5814535 -1.3851483
74 306.70155 116.34448 0.6069906 0.31571826 -0.32080006 25 0 954.95931 3.7889521 -1.4462978
75 249.97203 116.69002 0.5399095 0.229524 -0.15531086 25 0 1582.9793 6.6104544 -2.0505783
76 201.98278 118.32816 0.50340154 0.69625418 0.031948874 25 0 422.76275 1.7324821 -0.59667192
77 451.87499 117.99104 0.61445413 -0.090354887 -0.12846724 25 0 437.34256 1.9387895 -0.71882666
78 496.1309 118.38574 0.8309381 0.68849164 0.054753952 25 0 368.59198 1.2449862 -0.23791135
79 101.55466 118.84091 0.71498374 0.65165679 -0.029530944 25 0 515.78725 1.8548512 -0.67077267
80 54.287302 120.26335 0.62833428 0.47543117 -0.2980705 25 0 535.30178 2.1826217 -0.84744618
81 156.01624 119.94029 0.57522514 0.20616137 -0.41722049 25 0 356.51636 1.3063551 -0.2901531
82 153.84891 121.92822 0.58535423 0.094576374 -0.21344855 25 0 1947.6747 8.0583637 -2.2656172
83 481.83398 122.08043 0.60304326 0.19349522 -0.049237341 25 0 408.4052 1.8581968 -0.67272929
84 177.78338 127.37483 0.56587197 0.10412924 -0.12367212 25 0 1543.3479 6.1893023 -1.9791042
85 9.1757734 128.89884 0.64859688 0.094280471 -0.12545829 25 0 1331.3597 5.3975444 -1.8304906
86 255.35436 130.7118 0.48867583 0.16815079 -0.062857131 25 0 379.4761 1.6045633 -0.51339213
87 272.3614 136.85416 0.6322786 -0.20757009 -0.19660253 25 0 280.74597 1.1391651 -0.14146671
88 397.72638 138.70183 0.59513348 0.44402526 -0.11810888 25 0 11704.891 47.380779 -4.1890055
89 300.62951 144.27644 0.62548373 0.35633165 -0.30386991 25 0 2691.662 10.423976 -2.5450835
90 16.407033 145.11481 0.61606483 0.39800397 -0.22276782 25 0 769.29889 3.1908543 -1.2597674
91 96.17422 146.93238 0.57696246 0.064697523 -0.037189185 25 0 251.40388 1.0741508 -0.077663131
92 0.052788781 149.40908 0.88734767 0.26854765 0.47257655 25 0 558.51184 1.9219954 -0.70938088
93 486.00847 150.63719 0.59387965 0.30300037 0.01724285 25 0 7532.4308 30.631813 -3.7154317
94 99.168703 158.61381 0.5345527 -0.017232988 -0.16977876 25 0 434.91676 1.8782046 -0.68435726
95 387.62454 160.31232 0.59012315 -0.074518302 -0.14389089 25 0 46530.376 184.47889 -5.6648667
96 208.11426 164.15125 0.63468858 -0.33034401 -0.36772087 25 0 520.97004 1.9802424 -0.74179589
97 427.03757 163.78993 0.56963412 0.35037403 -0.22465805 25 0 493.15976 2.332227 -0.91942703
98 120.55312 167.00467 0.4700637 0.38822417 -0.34982862 25 0 184.93928 1.0056338 -0.0060997066
99 155.34061 167.6331 0.62606186 0.050544182 -0.21823699 25 0 985.55274 3.6951904 -1.419092
100 35.002695 171.19454 0.57707795 0.4630874 -0.098176798 25 0 356.53367 1.5319366 -0.46310197
101 348.12973 172.67055 0.60600024 0.44183329 0.083231669 25 0 473.5449 2.0043511 -0.7549345
102 480.03554 172.00338 0.63775028 0.21927532 -0.10974045 25 0 7019.8151 28.163337 -3.6242103
103 227.72324 172.68251 0.55002833 0.38534808 -0.12039224 25 0 1535.9314 6.4283737 -2.0202528
104 165.88675 173.33275 0.47522455 0.5651095 0.090043879 25 0 713.73677 3.1792852 -1.2558237
105 3.3497744 175.43434 0.39168233 0.37328771 -0.25319094 25 0 172.50423 1.0127587 -0.013764946
106 415.10026 174.55132 0.61900006 0.22198468 -0.10182762 25 0 351.62937 1.6139957 -0.51975597
107 154.48015 176.05905 0.59351114 0.071289423 -0.33737212 25 0 1556.1039 6.2944114 -1.9973878
108 422.83906 181.32937 0.60410146 0.031749068 -0.11577507 25 0 2630.6518 10.455358 -2.5483473
109 18.43291 182.03428 0.63954403 0.20736584 -0.21307615 25 0 810.00762 3.2681324 -1.2857491
110 116.67543 182.12778 0.64848571 0.22629284 -0.12512417 25 0 1874.7044 7.099802 -2.1281156
111 484.66741 183.1428 0.68379989 -0.17544195 -0.20661243 25 0 837.53649 3.1660232 -1.2512852
112 412.76774 183.5959 0.57831369 0.30440504 0.051859055 25 0 514.70977 2.1615102 -0.83689322
113 228.50627 184.8832 0.62893329 -0.23355744 -0.20999869 25 0 1033.7914 3.8192022 -1.4549316
114 423.26112 186.37259 0.58526892 -0.04409625 -0.034129832 25 0 836.15924 3.5112766 -1.3636626
115 190.97823 187.55563 0.511526 0.1770091 0.031446221 25 0 585.17489 2.4723794 -0.98278779
116 73.371561 188.47886 0.53731586 -0.13207809 -0.041491141 25 0 31504.55 131.16117 -5.2945132
117 123.05465 189.75553 0.53587688 0.1655824 -0.10734914 25 0 365.16462 1.578786 -0.49580819
118 254.49664 193.52321 0.50032187 0.5128275 0.16481363 25 0 254.4082 1.1071235 -0.11049013
119 422.37001 194.31067 0.74725066 0.87007114 -0.026564764 25 0 317.02032 1.1326175 -0.13520815
120 393.274 196.99915 0.72133971 0.090828361 -0.0013578851 25 0 261.12003 1.1142587 -0.11746508
121 456.5423 198.18273 0.60716396 -0.091229127 -0.41035567 25 0 523.21043 2.2438662 -0.87749239
122 350.86603 199.85054 0.62048719 0.022192506 -0.1317975 25 0 316.23592 1.3523885 -0.32775368
123 383.79899 199.87324 0.57892846 0.2345247 -0.22334861 25 0 333.26473 1.5615836 -0.48391308
124 169.96096 200.61351 0.54554735 0.45851985 0.041418333 25 0 472.25619 1.8640724 -0.67615692
125 510.53564 201.79675 0.61449802 -0.15751945 -0.1755179 25 0 1463.2367 6.0586522 -1.9559401
126 68.354914 202.62345 0.58507233 -0.25199001 -0.022996953 25 0 544.74167 2.1143436 -0.81293893
127 407.68774 202.70879 0.53826149 0.44102894 -0.39906303 25 0 239.21384 1.3064928 -0.29026757
128 471.26207 204.20333 0.63807448 0.40686872 -0.20763877 25 0 624.90106 2.5680396 -1.0240043
129 417.25734 206.7421 0.51406574 -0.34160698 -0.47369342 25 0 237.68742 1.2723709 -0.26153428
130 504.51778 207.95733 0.64583938 0.15495329 -0.21581418 25 0 3219.7502 12.491668 -2.7415511
131 14.128412 211.88606 0.60349851 0.6667861 0.23739065 25 0 320.01311 1.3638461 -0.33691338
132 336.65354 214.2048 0.63472263 0.64910381 -0.040016148 25 0 243.18096 1.0080145 -0.0086669236
133 427.29321 214.18786 0.64508504 0.1782163 -0.1903368 25 0 1075.5958 4.1776076 -1.5523191
134 327.97952 216.31435 0.60022096 0.28490797 -0.038646295 25 0 1370.7932 5.4315372 -1.8373069
135 258.14681 218.42188 0.58945571 0.28412155 -0.053257398 25 0 595.80953 2.40282 -0.95180308
136 152.52148 219.77926 0.61193271 0.016761277 -0.31319104 25 0 937.73833 3.4471876 -1.3436623
137 222.27332 223.24414 0.62661634 0.24894389 -0.14506314 25 0 294.3456 1.1590343 -0.16024074
138 481.19122 222.89907 0.61275043 0.17354437 -0.12989579 25 0 4666.3217 18.882406 -3.1901433
139 241.55423 225.17088 0.59125083 -0.082666764 -0.22187455 25 0 2515.9585 10.013261 -2.5014388
140 353.82342 227.318 0.57283229 0.1019156 -0.13041441 25 0 3997.5815 16.292107 -3.0299431
141 423.95372 227.99219 0.58467816 0.14185958 -0.16733013 25 0 13627.702 56.493838 -4.3800027
142 328.77994 229.52612 0.54062677 0.53346643 -0.054836069 25 0 904.5894 3.978122 -1.4991953
143 492.99462 229.86303 0.69464278 -0.3460793 -0.089892714 25 0 294.31741 1.1353287 -0.13780407
144 182.22846 235.88701 0.5977881 0.058311855 -0.26495115 25 0 674.8661 2.670414 -1.0664465
145 242.29935 236.86935 0.61756613 0.21333217 -0.26019581 25 0 737.2374 2.887922 -1.1514637
146 433.11725 239.5979 0.57568393 0.62558878 0.12270491 25 0 1651.8952 6.7043091 -2.0658851
147 32.467486 240.212 0.72297653 -0.77085702 -0.24700794 25 0 369.34736 1.3427994 -0.32002781
148 18.933324 242.96044 0.62210698 -0.29581744 0.028267017 25 0 305.81459 1.3095034 -0.29276659
149 487.58028 250.69504 0.47573973 -0.10144784 -0.050819285 25 0 245.38306 1.2742113 -0.26310361
150 205.74897 253.49419 0.56017285 0.014235181 -0.070379714 25 0 4152.5136 16.556032 -3.0473907
151 430.0194 252.9623 0.61191637 0.18776277 -0.13970354 25 0 7626.6574 30.831506 -3.7224868
152 267.99664 255.86965 0.57738682 0.14429958 0.018586631 25 0 446.20599 1.9666079 -0.73429444
153 333.36504 262.24676 0.75100611 -0.35678799 -0.23591929 25 0 410.12982 1.4402606 -0.39610272
154 106.46031 263.78518 0.58906995 0.38380302 -0.16377374 25 0 295.24009 1.3324773 -0.31164958
155 35.11481 274.20331 0.65102494 0.42760131 -0.09648062 25 0 1598.7135 6.3279101 -2.0031508
156 91.664684 275.76649 0.60168639 -0.1588165 -0.30064139 25 0 278.8369 1.0755752 -0.079101951
157 502.96709 279.16834 0.51978699 -0.13349979 0.54126806 25 0 166.3778 1.0289505 -0.030986174
158 217.29658 282.44057 0.42222102 0.63195349 0.32313618 25 0 242.98252 1.1551001 -0.15654908
159 49.440802 283.39337 0.50770235 -0.24783696 -0.12948681 25 0 540.22531 2.2456465 -0.87835349
160 349.66875 285.7967 0.56794914 0.28046959 -0.15423758 25 0 4971.7134 20.722781 -3.2911201
161 162.38003 287.08468 0.63101921 0.34371789 -0.28869758 25 0 861.30805 3.3043798 -1.2977249
162 40.826833 288.35818 0.61520095 0.16676403 -0.089756552 25 0 1198.0673 4.7649219 -1.6951395
163 69.165747 288.11185 0.63448968 0.29812599 -0.13777407 25 0 1234.3748 4.865412 -1.7177991
164 324.02726 290.58839 0.42727493 -0.21861814 -0.020925503 25 0 285.87707 1.3762345 -0.34673111
165 455.32927 290.55043 0.57228194 0.21910963 0.01866297 25 0 686.43594 2.841476 -1.13386
166 71.619651 298.11713 0.48357671 0.19723024 -0.066100694 25 0 279.71626 1.3061551 -0.28998687
167 138.47727 297.72775 0.51659548 -0.055674224 -0.28850062 25 0 444.5772 2.0963388 -0.80365366
168 52.624031 303.91221 0.63330008 0.089041396 -0.20965855 25 0 1216.8693 4.8401473 -1.7121464
169 400.36297 303.93954 0.44627841 0.49962063 -0.051502652 25 0 328.55591 1.7872501 -0.63046334
170 427.92834 309.55802 0.5650623 0.079243839 0.0085222866 25 0 887.08365 3.7155549 -1.4250592
171 196.11281 309.47746 0.57568547 0.037228293 -0.033072211 25 0 682.44686 2.6273723 -1.048804
172 115.40814 314.23461 0.64456793 0.33402553 -0.18164616 25 0 3435.5569 13.199359 -2.8013821
173 37.299652 318.22622 0.62261113 0.41572864 -0.24756539 25 0 322.53848 1.1959465 -0.1942794
174 164.80594 323.81254 0.72500801 -0.1557898 -0.18540049 25 0 327.19639 1.0822714 -0.085840416
175 307.56647 326.06241 0.67170133 0.19789194 -0.13609583 25 0 615.22269 2.2948786 -0.9018993
176 240.45966 328.6864 0.58894739 0.3544403 0.074010194 25 0 297.14351 1.1302276 -0.13291478
177 265.08298 333.31063 0.5990719 0.36721371 -0.12172477 25 0 555.67656 2.3483801 -0.92692099
178 8.1985457 334.07466 0.70611584 0.18108443 -0.14703566 25 0 13982.226 52.257002 -4.2953612
179 357.78895 333.78491 0.56924012 0.63233555 -0.084995704 25 0 440.42107 1.7704595 -0.62021499
180 54.571895 335.22319 0.67117822 0.19224662 -0.2114617 25 0 975.34812 3.527969 -1.3688119
181 241.26849 334.79045 0.63604852 0.13047481 -0.11739811 25 0 859.0138 3.3079744 -1.2989054
182 466.28738 341.26002 0.66956419 0.60219807 0.1068597 25 0 953.19308 3.3107189 -1.2998058
183 237.48634 344.47455 0.56622447 0.42916376 -0.23399962 25 0 280.59141 1.1135461 -0.11677053
184 338.18036 347.19307 0.63412911 0.26503327 -0.1224317 25 0 737.87305 2.8172507 -1.1245637
185 217.42789 350.87642 0.60458722 -0.072724957 -0.27696687 25 0 4963.3157 19.6471 -3.2332461
186 359.43156 352.27554 0.65027151 0.35523855 -0.16865878 25 0 1055.909 3.962303 -1.4948692
187 0.16244598 353.15199 0.97490971 -0.52335973 0.44344545 25 0 830.35468 2.4835914 -0.98770037
188 470.72388 353.07584 0.78621604 -0.37820017 -0.18330204 25 0 423.11872 1.3601486 -0.33396587
189 276.35862 354.84911 0.58795107 -0.021667833 -0.25044982 25 0 23332.698 93.472788 -4.926713
190 0.22339315 357.02827 0.96842393 -0.27544047 0.20044728 25 0 1510.3706 4.615659 -1.6605843
191 134.70281 357.01837 0.65742258 -0.12833133 0.031556116 25 0 301.57049 1.0431911 -0.045909692
192 421.09858 356.87594 0.5006349 0.12920954 -0.054233437 25 0 227.16197 1.1568579 -0.15820009
193 0.69699734 360.4416 0.64645525 0.22845875 0.65734389 25 0 557.2955 2.0592309 -0.7842626
194 392.16228 361.92056 0.63221698 -0.018075009 -0.21947875 25 0 2009.1918 7.885256 -2.2420395
195 457.36817 362.40754 0.33206153 0.46993136 -0.026334392 25 0 214.94866 1.1775404 -0.17743953
196 203.63621 363.94679 0.65641669 0.26993113 -0.20577537 25 0 1668.0246 6.189315 -1.9791065
197 255.68413 365.08025 0.60854199 0.0079651104 -0.23895722 25 0 2723.235 10.88575 -2.5921459
198 405.44134 366.24294 0.67012248 0.17779653 -0.25442777 25 0 1105.6299 4.0974645 -1.531288
199 73.326555 366.44067 0.54671895 -0.056277797 -0.00019354752 25 0 4078.1124 16.72856 -3.0586464
200 116.51993 367.31477 0.58083577 0.15150818 -0.1544432 25 0 508.55037 1.979557 -0.74142001
201 477.01032 368.40981 0.60349527 0.13932422 -0.0053681312 25 0 8543.2515 34.236039 -3.8362088
202 0.73728978 369.2226 0.46489034 -0.90416925 0.087999008 25 0 298.96212 1.4333893 -0.39091041
203 423.72536 377.62358 0.42452447 -0.039037909 -0.0773029 25 0 238.22233 1.173942 -0.17411661
204 343.51714 379.36369 0.54675365 0.74894104 -0.011710057 25 0 2570.4939 10.325916 -2.5348215
205 52.382607 380.70705 0.64358847 0.50225927 -0.22937485 25 0 3363.8586 12.616019 -2.7523058
206 98.275318 382.3995 0.51297789 0.44311647 -0.080064621 25 0 518.73455 2.1770774 -0.84468469
207 205.0643 383.78275 0.56118448 0.31897146 -0.15272595 25 0 558.49918 2.2641315 -0.88725413
208 246.79925 384.62018 0.61314829 -0.63058021 -0.34382688 25 0 308.0718 1.0987737 -0.10227063
209 461.68391 384.94764 0.77938135 -0.33349614 0.32709957 25 0 649.88494 1.8439685 -0.66438375
210 77.925434 385.37843 0.57732909 0.3822007 0.0075326278 25 0 399.26669 1.4768698 -0.42335555
211 122.29686 386.55892 0.5884253 -0.044756395 -0.12525394 25 0 1286.3745 4.8902111 -1.723319
212 493.97518 386.3969 0.53972935 0.53561396 -0.29013015 25 0 287.69284 1.2585059 -0.24963816
213 462.34074 388.35553 0.61053404 0.37400629 -0.053875786 25 0 2005.3151 7.9178814 -2.2465225
214 433.00891 388.76487 0.63332455 0.049284132 -0.076291723 25 0 2641.3544 10.406923 -2.5433058
215 37.936034 391.59933 0.65421514 0.47700129 -0.013352007 25 0 610.97863 2.1784315 -0.84535976
216 224.25918 396.56518 0.53909811 0.015565876 -0.089857674 25 0 6316.7283 26.184799 -3.5451231
217 151.04096 399.17799 0.63250121 -0.34255269 -0.34577093 25 0 327.27399 1.2015682 -0.19937103
218 354.68662 398.57408 0.66945386 0.53468584 -0.0074638143 25 0 685.99901 2.4069156 -0.95365216
219 253.34418 404.09158 0.57395093 0.5192922 -0.20062074 25 0 561.05484 2.1674686 -0.83988204
220 390.26708 403.65856 0.57771325 -0.18186234 -0.19393883 25 0 543.91481 2.1688546 -0.84057612
221 250.65746 407.76451 0.60289845 0.21829432 -0.2068768 25 0 1822.0368 7.3179751 -2.1609773
222 472.16347 408.10835 0.5646439 0.1831535 -0.16396428 25 0 480.6228 2.0004429 -0.75281542
223 19.113456 411.85418 0.78979014 -0.070355018 0.11530658 25 0 367.94654 1.2180313 -0.21414614
224 82.644862 413.19589 0.58431034 0.29160186 -0.16503909 25 0 869.92514 3.4999001 -1.3601391
225 106.82992 414.49709 0.63032146 0.61490783 0.058246598 25 0 2106.3626 8.0628003 -2.2662148
226 282.39421 424.83239 0.68960651 0.10934298 -0.41179113 25 0 406.1532 1.4039774 -0.36840032
227 163.20702 426.26827 0.65872838 0.45552684 -0.32619262 25 0 394.42463 1.5009891 -0.44094386
228 192.44775 431.52393 0.51327165 -0.20655111 -0.14756203 25 0 325.51054 1.3145502 -0.29694292
229 157.53201 432.6386 0.61532177 0.60319142 -0.1994288 25 0 1984.1112 7.5455319 -2.1942246
230 131.02111 433.39707 0.5205714 0.40336284 0.083867465 25 0 855.46984 3.4858661 -1.3557768
231 379.89589 433.52396 0.51936656 -0.044449624 -0.32824327 25 0 312.90463 1.3840269 -0.35286129
232 159.39107 435.54026 0.62674983 -0.40589447 -0.68550073 25 0 331.81509 1.0740035 -0.077514283
233 230.68912 435.96057 0.67343674 -0.019610844 -0.25042272 25 0 1180.9441 4.3103398 -1.5862788
234 489.84931 435.82812 0.25826015 0.18591331 -0.03971239 25 0 61156.72 311.5856 -6.2339434
235 343.3831 437.81129 0.62642839 -0.13024031 -0.20943646 25 0 3324.409 13.001437 -2.7849784
236 12.86151 440.89511 0.77384221 0.3607623 -0.25506259 25 0 471.19565 1.5656315 -0.48672388
237 243.82732 440.25964 0.49174073 0.37956718 0.11249084 25 0 859.63808 3.5303506 -1.3695446
238 89.955527 442.30494 0.62742598 0.20466612 -0.09576799 25 0 14388.863 56.920988 -4.3881811
239 474.89379 442.99029 0.73206284 -0.18395943 -0.60825868 25 0 440.52588 1.5343107 -0.46478331
240 461.57027 449.34661 0.62412729 0.072311483 -0.30556304 25 0 332.75115 1.2741448 -0.26304695
241 210.58518 449.98155 0.81254804 0.24783625 -0.33684941 25 0 344.14338 1.0383767 -0.040887293
242 475.8763 452.34939 0.63421791 -0.0072944357 -0.027584535 25 0 2255.635 8.7517642 -2.355239
243 378.37534 454.88848 0.73244314 -0.30546842 -0.28066164 25 0 357.62278 1.0824169 -0.085986369
244 309.81168 455.98438 0.63285606 0.020838688 -0.24843908 25 0 809.19573 3.1008035 -1.2286856
245 433.89638 457.08322 0.66328631 -0.22557122 -0.14052321 25 0 458.58837 1.590164 -0.50360478
246 360.89965 460.93217 0.6542108 0.13570066 -0.18992547 25 0 1520.6124 5.8056402 -1.9096253
247 55.088402 461.91367 0.70542988 0.16741276 -0.15685785 25 0 6764.1248 25.322357 -3.5087603
248 147.96907 463.08319 0.68926423 0.26318627 -0.1533712 25 0 1374.0151 5.0938251 -1.7676101
249 426.51253 464.56791 0.50854202 0.59335551 -0.12156809 25 0 60917.793 252.60931 -6.0061234
250 289.89625 465.32626 0.60060164 0.039645848 0.07773361 25 0 359.96238 1.3326435 -0.31178495
251 403.72125 466.87904 0.5881708 -0.93541205 -0.25558448 25 0 311.05659 1.1778845 -0.17775674
252 209.69423 471.10472 0.65107885 -0.043797238 -0.21816005 25 0 5271.1692 20.313725 -3.2694739
253 427.70913 472.21429 0.6188815 -0.47017974 -0.14133111 25 0 489.16174 1.7310658 -0.59578396
254 341.25658 472.89096 0.66434692 -0.48813187 -0.38168346 25 0 608.82704 2.1037566 -0.80748874
255 44.097241 473.63508 0.87567722 -0.10018525 -0.35464078 25 0 365.96606 1.0933245 -0.096872716
256 259.76121 474.43816 0.57380663 -0.07556839 -0.10219443 25 0 2856.2606 11.329789 -2.6355546
257 113.00472 474.99941 0.72312041 -0.1392626 -0.25228843 25 0 544.95776 1.8080072 -0.64300038
258 137.71991 480.50607 0.60561407 -0.1059343 0.042297878 25 0 855.531 3.1269895 -1.2378161
259 337.11474 479.63485 0.61921571 -0.35507084 0.030181093 25 0 452.5947 1.639712 -0.53691891
260 62.793331 485.82405 0.6925448 0.26955229 -0.21942756 25 0 1216.05 4.4132985 -1.6119083
261 239.18555 495.43768 0.59833111 -0.0056456689 -0.094132562 25 0 401.75684 1.5184615 -0.45350943
262 496.42445 497.3479 0.4743281 0.13655405 -0.24146214 25 0 315.6923 1.4450023 -0.39967134
263 149.14681 498.99027 0.52516257 0.71027525 0.079421142 25 0 299.12021 1.1432716 -0.14537357
264 66.009483 500.66239 0.70669672 -0.21199684 -0.20791661 25 0 416.74378 1.4515744 -0.40459823
265 114.78615 502.30921 0.63698174 -0.51799101 -0.058680482 25 0 642.27719 2.3506799 -0.92798372
266 160.16182 502.57076 0.46696934 0.31555308 0.013215839 25 0 421.69899 1.7527166 -0.60927925
267 382.75151 503.84456 0.46061283 0.39097665 -0.068034755 25 0 226.49394 1.1200199 -0.12306437
268 278.79966 504.99446 0.62082852 0.18550573 -0.42201157 25 0 348.42654 1.3776339 -0.34783456
269 115.58779 506.07401 0.68341398 -0.054983333 -0.25032346 25 0 858.25776 2.9788114 -1.1851075
270 162.05802 509.90024 0.73669439 0.12143186 -0.25737491 25 0 1056.8416 3.7007202 -1.4207156
