id xcentroid ycentroid sharpness roundness1 roundness2 npix sky peak flux mag
1 355.51214 2.0181077 0.62938462 -0.18888851 -0.46223015 25 0 387 1.2914753 -0.27771528
2 327.86038 4.5306903 0.67878561 0.42003364 0.22050392 25 0 814 2.4419569 -0.96934498
3 336.90275 7.0009702 0.62053004 0.25543524 0.0031741428 25 0 474 1.556759 -0.48055348
4 459.34701 7.6901269 0.56889288 0.021124938 0.060395141 25 0 422 1.5955718 -0.50729088
5 139.5126 12.133734 0.57897309 -0.37796734 -0.10820462 25 0 485 1.5916528 -0.50462088
6 365.32401 13.129664 0.70560344 0.4609052 -0.070302393 25 0 857 2.394637 -0.94809924
7 54.72306 14.018053 0.72314539 0.11304646 -0.079599587 25 0 16838 45.648237 -4.14856
8 2.288751 15.671274 0.67414879 -0.09425167 0.049921757 25 0 5834 16.667927 -3.054704
9 438.80407 16.292624 0.67441101 0.25743963 0.028919686 25 0 689 2.1710187 -0.84165889
10 497.99838 16.022917 0.7101389 0.25206381 -0.014426967 25 0 31967 88.165864 -4.8632512
11 384.75987 34.572616 0.58198805 0.59440289 0.02057031 25 0 492 1.6280891 -0.5291954
12 484.2148 34.615764 0.56401866 0.15934301 0.099418062 25 0 286 1.2949086 -0.28059777
13 157.04196 37.449127 0.68971973 0.42071931 0.074452166 25 0 525 1.459502 -0.41051173
14 143.94356 41.602769 0.64913459 0.50319088 0.03780512 25 0 653 1.85527 -0.67101782
15 216.99948 42.726493 0.67935384 0.25941558 0.016620178 25 0 1347 3.6459659 -1.4045315
16 236.37198 43.507493 0.61336361 0.67474636 -0.03619168 25 0 2110 5.842709 -1.9165356
17 377.1619 44.558966 0.58424936 0.0044550744 0.10787346 25 0 489 1.5014749 -0.44129519
18 96.535202 45.917716 0.70112664 0.11569859 -0.34700865 25 0 590 1.69654 -0.57391029
19 280.39675 46.146628 0.71481848 -0.3959203 -0.14581938 25 0 414 1.061805 -0.065111943
20 355.04844 45.490318 0.33837782 0.25733905 0.010354327 25 0 58873 201.28778 -5.7595435
21 141.68182 47.797812 0.64342786 0.33225943 -0.036303109 25 0 5345 15.31638 -2.9628904
22 430.71681 48.956148 0.67323261 0.25514758 -0.072696614 25 0 1123 3.3390272 -1.3090499
23 277.25093 54.394536 0.42555813 -0.10172655 0.053384661 25 0 336 1.0540807 -0.05718466
24 501.20613 54.850401 0.57075159 0.31388123 0.051280662 25 0 749 2.7699873 -1.1061945
25 324.78722 56.008493 0.71105796 0.21699334 -0.046411242 25 0 2052 5.5325297 -1.8573094
26 172.52444 60.894273 0.65260011 0.31319212 0.14291376 25 0 425 1.1343966 -0.13691227
27 473.78509 62.429592 0.62861567 0.60285419 0.2312381 25 0 1371 4.200086 -1.5581455
28 28.054021 66.77281 0.66405757 0.13868572 0.221376 25 0 415 1.3179643 -0.29975912
29 379.97586 66.781665 0.50707726 0.27107266 0.045292559 25 0 295 1.0845456 -0.088119514
30 61.814506 68.9576 0.687062 0.41737062 0.04352537 25 0 673 1.8696527 -0.67940234
31 85.092397 68.521879 0.71213437 -0.2136895 0.02688764 25 0 458 1.2375458 -0.23140321
32 199.75706 68.830745 0.68146413 0.10821567 0.028730517 25 0 428 1.1271906 -0.12999339
33 463.37056 69.445769 0.64919828 0.70204082 0.066960315 25 0 1496 4.435563 -1.6173719
34 502.11841 70.116056 0.74778159 0.16996125 0.03149496 25 0 487 1.5428751 -0.47082696
35 28.279246 70.691128 0.63739658 -0.14579688 0.020074665 25 0 482 1.5977972 -0.50880415
36 142.70122 70.613465 0.65533436 0.42378748 -0.13001885 25 0 480 1.2806367 -0.26856484
37 448.7175 71.096288 0.55896996 0.28594438 -0.25157697 25 0 510 1.8463283 -0.66577232
38 86.08243 73.793498 0.69539119 0.25811306 0.018390911 25 0 1854 5.0845623 -1.7656339
39 499.28247 77.971673 0.67359779 0.2310151 -0.10303305 25 0 970 2.9725812 -1.1828343
40 381.17386 82.118255 0.66898846 0.30901794 -0.03341964 25 0 3895 10.938221 -2.5973668
41 1.3344046 84.983805 0.68062494 0.11541898 -0.1993508 25 0 755 2.1258264 -0.81881948
42 150.03291 85.573198 0.57725944 0.317033 0.049932926 25 0 505 1.4714408 -0.41935701
43 122.46232 89.083676 0.65905355 0.29574641 -0.16613206 25 0 668 1.8119348 -0.6453564
44 174.89477 89.148654 0.72872889 -0.34160409 -0.40710463 25 0 445 1.0091977 -0.0099406673
45 185.30011 95.898781 0.78152079 -0.20578789 -0.14007493 25 0 607 1.3832045 -0.35221601
46 314.09252 96.44138 0.67108333 0.15007209 0.13530416 25 0 1446 3.877079 -1.4712616
47 318.12777 98.146099 0.70773873 -0.097227908 -0.063617485 25 0 1799 4.6244092 -1.6626406
48 216.34219 99.383382 0.66563958 0.60403707 0.029695244 25 0 1773 4.6840124 -1.6765451
49 146.14417 103.44492 0.66716998 0.41628126 0.34002459 25 0 426 1.0137036 -0.014777462
50 482.20721 102.9508 0.63714149 0.23276831 -0.061045662 25 0 398 1.3991504 -0.36466103
51 84.02698 103.59524 0.62124316 0.15516661 0.10052735 25 0 3813 10.981602 -2.6016642
52 362.77421 114.54883 0.60919093 0.54866623 -0.013220985 25 0 664 1.8908771 -0.69165828
53 249.49131 116.54983 0.5504216 -0.22517074 -0.036294875 25 0 14641 43.906808 -4.1063297
54 266.87535 116.63451 0.70496304 0.6625464 0.2004372 25 0 1283 3.2777857 -1.2889514
55 276.93996 118.11452 0.70023431 0.18170002 0.0058305168 25 0 2351 6.3088428 -1.9998743
56 333.62163 117.67391 0.64325068 0.58188332 -0.053860719 25 0 1289 3.497186 -1.3592968
57 478.72255 119.17264 0.61149553 -0.13392021 0.014887325 25 0 364 1.2844058 -0.27175562
58 128.3996 120.08214 0.63684199 0.84594632 -0.038877688 25 0 579 1.5395341 -0.46847328
59 229.0228 119.82965 0.57994089 0.086942957 -0.044999181 25 0 607 1.6492497 -0.54321601
60 183.25991 121.04999 0.56020336 0.44367024 -0.19574162 25 0 483 1.3160577 -0.29818735
61 81.242959 121.72232 0.61282903 -0.16274687 -0.073206481 25 0 611 1.7298101 -0.59499607
62 180.75455 123.34912 0.63660218 -0.13139348 0.027214607 25 0 2195 6.0698237 -1.9579402
63 508.95513 123.28834 0.61722158 -0.071569993 0.062527827 25 0 434 1.5384426 -0.46770322
64 13.522659 125.14173 0.63431767 0.0073486204 -0.056060974 25 0 462 1.3957708 -0.36203525
65 204.7288 128.74683 0.65877237 0.42305885 -0.020681325 25 0 2071 5.601262 -1.8707147
66 36.041238 130.37172 0.66415051 0.3069656 0.13183427 25 0 1365 3.9842346 -1.5008623
67 8.3264284 131.04171 0.63199005 0.050371066 0.039599771 25 0 469 1.4009114 -0.36602668
68 282.23026 131.90184 0.64903785 0.62081555 0.0016717134 25 0 580 1.4063716 -0.37025019
69 424.81071 139.95901 0.65908313 0.25824072 -0.044570276 25 0 13594 38.575402 -3.9657762
70 327.65978 145.71312 0.64612451 0.4618977 -0.025720609 25 0 3289 9.1875069 -2.4079942
71 43.33631 146.66017 0.60930362 0.19038526 0.16490112 25 0 804 2.3496555 -0.9275105
72 26.436137 150.70971 0.58838276 0.035176745 -0.0018786389 25 0 600 1.7819996 -0.627269
73 126.24637 159.87335 0.64520824 0.27404892 -0.10903966 25 0 647 1.643316 -0.5393027
74 414.77285 161.44631 0.6134909 0.59884442 0.13078389 25 0 49346 141.54636 -5.3772467
75 453.95415 164.90262 0.73906069 0.79672272 0.18300674 25 0 625 1.7095198 -0.58218534
76 235.22038 165.55853 0.6158139 0.36311048 0.047984681 25 0 568 1.4723501 -0.4200277
77 182.14444 169.10262 0.65095185 0.33693704 -0.03308966 25 0 804 2.0694924 -0.78965961
78 61.823077 172.80144 0.61732364 0.19543389 0.080569563 25 0 519 1.5520102 -0.47723643
79 507.02055 173.25875 0.68825223 0.31172455 0.045309905 25 0 7341 20.444126 -3.2764214
80 254.8024 174.09952 0.67880615 0.087683292 -0.0041469406 25 0 2096 5.5320217 -1.8572097
81 375.01492 173.8268 0.70419762 -0.0042670136 -0.087252893 25 0 701 1.8553149 -0.6710441
82 192.84446 174.81443 0.67300885 0.35197147 -0.080053479 25 0 1150 2.9625041 -1.1791474
83 442.19135 175.93482 0.71099236 -0.085912377 -0.52490862 25 0 374 1.1346675 -0.13717158
84 181.29629 177.51095 0.5707344 0.49920645 0.038782919 25 0 1492 4.2309253 -1.5660884
85 45.488798 183.57859 0.59342227 0.76007127 0.10753483 25 0 702 2.0106193 -0.75832462
86 449.98283 182.55549 0.63069967 0.27346696 0.10232963 25 0 2794 8.1031274 -2.2716317
87 511.00768 184.07912 0.7793778 0.37295883 0.28753919 25 0 466 1.3544245 -0.32938698
88 439.87356 184.96011 0.7374714 0.38072172 0.10270876 25 0 727 2.0382691 -0.77315382
89 255.60844 186.25907 0.61775743 0.57424123 -0.11145789 25 0 1169 3.0508669 -1.2110582
90 450.43112 187.588 0.56110637 -0.26593464 0.061308659 25 0 778 2.3776915 -0.94038875
91 217.92543 188.97712 0.64848413 0.048966488 -0.15334113 25 0 916 2.4200973 -0.95958205
92 100.20406 190.00591 0.69773898 0.17279074 -0.014904837 25 0 46897 129.45038 -5.2802583
93 149.98109 191.25199 0.69323571 0.01727885 -0.059191403 25 0 539 1.2991236 -0.28412622
94 449.23954 195.4236 0.40694862 -0.33274289 -0.13312561 25 0 236 1.0873065 -0.090879945
95 483.7161 199.39629 0.72245586 0.07537428 0.030041364 25 0 593 1.6284556 -0.52943982
96 410.77949 201.09728 0.59812998 -0.045254234 -0.026780768 25 0 337 1.0875756 -0.091148599
97 196.85623 201.97375 0.58148808 0.26858839 0.035393197 25 0 657 1.7664442 -0.61774983
98 227.26224 202.96419 0.73550927 0.15877989 0.12876403 25 0 514 1.1335818 -0.13613221
99 95.353462 204.05661 0.65405471 -0.049502044 -0.17262606 25 0 706 1.8285786 -0.6552841
100 434.77675 203.85347 0.63344473 0.37685494 0.14044982 25 0 334 1.0962182 -0.099742537
101 498.07073 205.42173 0.6417325 0.53787914 0.17456028 25 0 585 1.8484943 -0.66704531
102 41.059098 213.37335 0.73417037 0.73981317 0.074220293 25 0 526 1.2590652 -0.25012057
103 43.275102 214.62027 0.59791502 0.55952738 -0.14424382 25 0 449 1.2513994 -0.24348985
104 454.62508 215.50347 0.81816496 0.74744125 0.13816516 25 0 1559 3.8987027 -1.4773003
105 16.575525 216.57019 0.64039766 0.54311661 0.019181307 25 0 1829 5.107517 -1.7705246
106 355.12603 217.57654 0.5863216 0.12565903 0.12593927 25 0 1530 4.5065224 -1.6346038
107 285.25863 219.69577 0.58627573 0.21161286 -0.003186241 25 0 759 2.0666617 -0.7881735
108 179.4578 221.18263 0.56999765 0.53655831 -0.16048608 25 0 1008 2.8178471 -1.1247936
109 508.2309 223.97732 0.67720298 0.19846688 -0.017217019 25 0 5336 15.004278 -2.9405377
110 268.59308 226.53444 0.56054682 -0.11299052 0.011786583 25 0 2523 7.1807867 -2.1404301
111 380.96721 228.44734 0.60722632 0.44423812 0.17646505 25 0 4356 12.603139 -2.7511968
112 451.08037 229.20983 0.6731992 0.23876741 0.011779181 25 0 15798 44.192627 -4.1133745
113 355.8815 230.85985 0.6649413 0.43495241 0.070400453 25 0 1272 3.5294543 -1.3692689
114 209.20826 237.31848 0.67157729 0.25637775 0.038921903 25 0 817 2.0585708 -0.78391453
115 269.26423 238.14173 0.73550494 0.098398473 0.0012609685 25 0 938 2.217182 -0.86450338
116 59.404955 241.58368 0.60990827 -0.43892486 -0.064861367 25 0 412 1.1285286 -0.13128141
117 460.27841 240.67796 0.61473515 0.16103979 0.025612139 25 0 1850 5.4499514 -1.8409816
118 457.10593 254.05318 0.67028287 0.26137224 -0.0078998675 25 0 8236 23.201448 -3.4137877
119 232.85114 254.79819 0.65612676 0.31251896 -0.02922852 25 0 5734 16.066498 -3.0148031
120 5.1498828 255.64693 0.69723126 -0.10358136 0.0053431383 25 0 1171 3.0673367 -1.2169036
121 294.90928 257.14029 0.62624138 0.16082487 0.00093497256 25 0 558 1.6123091 -0.51862079
122 360.54795 263.5595 0.61343824 0.013046862 -0.097309154 25 0 385 1.0309603 -0.033104897
123 133.68844 265.04682 0.72906647 0.3098897 0.025559479 25 0 477 1.0917696 -0.095327471
124 15.366279 275.61673 0.64313438 0.33246699 0.071197128 25 0 382 1.0639079 -0.067260093
125 62.077279 275.58134 0.65618591 0.14596317 0.075633506 25 0 1605 4.405048 -1.6098766
126 244.52232 283.7672 0.6348605 -0.13477268 -0.042127525 25 0 431 1.0652932 -0.068672926
127 76.417423 284.87159 0.68638304 0.022284264 -0.11128121 25 0 846 2.1402549 -0.82616375
128 376.77445 286.98981 0.65652617 0.1501107 -0.027762106 25 0 6231 17.836954 -3.1283017
129 189.46111 288.52673 0.67509951 0.62808808 0.02034676 25 0 898 2.2479492 -0.87946622
130 67.889252 289.8306 0.67881221 0.35815956 0.0029487431 25 0 1575 4.2755765 -1.5774867
131 96.233033 289.56964 0.62399493 0.062733104 0.075310236 25 0 1386 3.9414252 -1.4891332
132 168.07088 291.29992 0.9729846 0.18975074 0.33281422 25 0 462 1.0032776 -0.0035527689
133 351.19283 291.92989 0.49127724 -0.12528495 -0.15123509 25 0 430 1.4725804 -0.42019754
134 482.37405 291.65547 0.6257959 -0.0093116262 -0.013950384 25 0 640 2.0046471 -0.75509483
135 20.535595 294.58654 0.70825819 0.10998873 -0.3838421 25 0 446 1.08254 -0.086109931
136 165.3786 299.35075 0.70674997 0.37199619 -0.058757154 25 0 596 1.4407179 -0.39644736
137 79.678449 305.33193 0.61428546 -0.21479834 -0.023829513 25 0 1315 3.5780843 -1.3841264
138 427.55791 305.13522 0.68970236 -0.31550247 -0.075650515 25 0 357 1.0695429 -0.072995547
139 223.24948 310.85738 0.65194084 0.082705265 0.038891473 25 0 891 2.3468111 -0.92619535
140 455.02966 310.68012 0.6281475 0.21419356 0.080008417 25 0 1010 3.1650258 -1.2509431
141 142.3758 315.59778 0.61846008 0.70244826 -0.12398376 25 0 3059 8.4402193 -2.3158843
142 2.7681438 317.38678 0.66009408 -0.20514893 -0.20316481 25 0 1010 2.6345207 -1.051754
143 18.543913 317.28246 0.63342687 0.54085959 -0.14497923 25 0 2186 6.146436 -1.9715584
144 191.97335 325.02452 0.68480812 0.28408218 0.013028804 25 0 434 1.0857901 -0.089364662
145 334.80802 327.22199 0.65916109 -0.10903278 0.04649404 25 0 680 1.9645097 -0.73313545
146 267.49854 330.22417 0.54024855 0.31485661 0.056848208 25 0 325 1.0017845 -0.0019357338
147 25.021564 334.47173 0.65524117 0.34540757 0.17260968 25 0 5043 14.22884 -2.8829237
148 35.188702 335.58825 0.66060501 0.53884965 0.18203491 25 0 12513 34.670663 -3.8499054
149 292.17243 334.47057 0.63625001 0.51329581 0.19893473 25 0 500 1.3382078 -0.31630886
150 384.96126 334.94916 0.70653179 0.089132157 -0.085661321 25 0 579 1.6824109 -0.56483018
151 268.51155 336.03029 0.6677609 -0.15233119 -0.2425394 25 0 1015 2.7527406 -1.0994132
152 81.63748 336.54422 0.59084954 -0.32453801 -0.10463173 25 0 906 2.5567965 -1.0192404
153 493.41232 342.33367 0.73591487 0.69390445 0.21755611 25 0 954 2.5958079 -1.0356814
154 264.64705 345.7746 0.63783778 -0.1808883 -0.042045838 25 0 418 1.1746659 -0.1747859
155 365.2932 348.52779 0.7346431 0.69934474 0.014559803 25 0 715 1.8591755 -0.67330097
156 244.54993 352.13304 0.63896493 0.24683262 -0.2085227 25 0 5241 14.64534 -2.9142486
157 386.60877 353.44778 0.59134977 0.74573672 0.076735869 25 0 884 2.7202245 -1.0865119
158 16.879028 354.91825 0.72774084 0.23082725 -0.12603911 25 0 581 1.5610762 -0.48356024
159 26.511811 354.50425 0.60161041 0.66950016 0.26590178 25 0 691 1.8377096 -0.6606922
160 303.52996 356.08419 0.63400011 0.18779951 -0.21614237 25 0 24901 69.990442 -4.6125968
161 0.20651206 356.53626 0.83775409 0.76949761 0.65278542 25 0 548 1.3100012 -0.29317927
162 26.632342 358.47166 0.60230337 -0.47741814 0.21085974 25 0 1172 3.3018453 -1.2968918
163 27.766904 361.84624 0.75183042 -0.36862486 0.047963638 25 0 738 1.8612595 -0.67451732
164 419.32845 363.13495 0.65211183 0.10340387 -0.12738459 25 0 1988 5.9372991 -1.9339723
165 230.71888 365.23589 0.66546966 0.0010128479 -0.029681225 25 0 1701 4.6079713 -1.6587744
166 282.91088 366.40205 0.64372205 0.20822885 0.10454399 25 0 2823 7.9966415 -2.2572691
167 432.4892 367.58442 0.61492428 0.73692686 0.080850825 25 0 838 2.4573568 -0.97617055
168 100.39431 367.89483 0.68477497 0.10912783 -0.11484358 25 0 5488 15.040997 -2.9431916
169 143.61978 368.86133 0.56615616 0.075068669 -0.17106046 25 0 487 1.3958767 -0.36211762
170 504.13398 369.50018 0.65690751 0.36487641 0.1453378 25 0 8935 25.218319 -3.5042904
171 27.511007 370.9599 0.67016825 0.29471219 -0.078647184 25 0 511 1.4265985 -0.38575439
172 7.8831401 374.72619 0.71596831 0.19982795 0.035130048 25 0 860 2.3245015 -0.91582456
173 274.71362 376.32921 0.93588575 -0.42891976 -0.17574473 25 0 422 1.0076646 -0.0082899577
174 370.7887 380.66436 0.62994297 0.27771693 0.02730597 25 0 3294 9.554445 -2.4505137
175 79.458679 382.14835 0.62075306 -0.014347393 -0.16324051 25 0 3577 10.299718 -2.5320634
176 125.18103 383.50571 0.82023899 -0.07369206 0.0087772177 25 0 666 1.5247263 -0.45797971
177 232.11909 385.21624 0.59649431 0.20717876 -0.07963979 25 0 654 1.9467922 -0.723299
178 273.90384 386.04327 0.602762 0.20957827 -0.11024579 25 0 343 1.0488839 -0.051818523
179 488.6979 386.03102 0.70137683 -0.20665319 0.43570642 25 0 492 1.3558789 -0.33055227
180 105.13218 386.73166 0.61308587 0.013529785 0.029482407 25 0 428 1.2307059 -0.22538569
181 9.8529093 388.07833 0.71548165 0.16786474 -0.087704868 25 0 1129 3.1265253 -1.2376549
182 149.3668 387.91669 0.67546065 0.051786522 -0.066761286 25 0 1599 4.3668707 -1.6004258
183 489.49937 389.41769 0.62132161 0.56275813 0.05005091 25 0 1714 4.9314673 -1.7324404
184 460.11388 389.86343 0.68442086 0.13747368 -0.00059317304 25 0 2795 8.0862922 -2.2693736
185 64.86856 393.10459 0.70763073 0.31276168 -0.062177813 25 0 682 1.8724395 -0.68101949
186 251.41194 397.86701 0.66345219 -0.0032456795 -0.10555869 25 0 8408 23.471862 -3.4263689
187 381.84507 399.78391 0.70430194 0.46403077 -0.1485319 25 0 748 2.1437814 -0.82795124
188 280.5445 405.38827 0.7362113 0.95155734 -0.033882439 25 0 713 1.8165822 -0.64813765
189 417.27217 404.69336 0.57368005 -0.4302704 -0.12778831 25 0 447 1.5454276 -0.47262169
190 8.0891674 409.18355 0.68953858 0.38051162 0.043330916 25 0 1062 2.9695631 -1.1817314
191 277.88641 409.0675 0.70896507 0.1926187 0.016844561 25 0 2311 6.3354569 -2.0044449
192 296.0412 408.62145 0.58693078 0.37340914 0.1116734 25 0 344 1.0951744 -0.098708177
193 499.2397 409.18384 0.67915551 0.23067805 0.13304489 25 0 416 1.3718244 -0.34324627
194 109.81132 414.57246 0.59094644 0.23175436 0.19051178 25 0 812 2.3576701 -0.9312076
195 133.8891 415.92396 0.70895458 0.23845212 -0.016742957 25 0 2684 7.4327882 -2.1778794
196 309.86321 425.92917 0.71997181 0.25566664 0.073050047 25 0 380 1.0059531 -0.0064443198
197 219.45679 432.92042 0.57981762 -0.054103407 -0.19828208 25 0 340 1.0767251 -0.080262082
198 184.72983 433.98448 0.71064962 0.28928934 -0.069461182 25 0 2551 6.8873319 -2.0951275
199 158.17013 434.81629 0.6868589 0.27366686 0.066173954 25 0 1180 3.2399543 -1.2763472
200 187.47777 436.60138 0.6461414 0.014543301 -0.18448404 25 0 356 1.0095932 -0.010366051
201 257.95111 437.21499 0.68730717 0.23940426 -0.078629219 25 0 1215 3.410463 -1.3320334
202 370.45366 439.04315 0.62303004 -0.055701621 -0.26366525 25 0 2990 8.7497155 -2.3549848
203 270.9483 441.66381 0.69745067 -0.0017975701 0.04710973 25 0 1328 3.6547703 -1.4071502
204 117.10946 443.69721 0.7056648 0.15761454 0.034305808 25 0 16476 45.182932 -4.137436
205 503.03978 453.42515 0.68785094 0.26382145 0.14449055 25 0 2180 6.258796 -1.991227
206 405.34069 455.9271 0.74349037 0.14808175 -0.19241811 25 0 354 1.2091261 -0.20617903
207 337.0286 457.24213 0.6936043 0.092543796 -0.16300296 25 0 716 2.1261735 -0.81899676
208 461.19311 458.35245 0.68632311 0.32031367 0.049471133 25 0 409 1.3785144 -0.34852824
209 388.06618 462.14702 0.69229699 0.1355463 -0.052898487 25 0 1460 4.295885 -1.5826316
210 82.113536 463.3539 0.71038927 0.35209606 0.061380356 25 0 6481 17.584404 -3.1128191
211 175.22224 464.41685 0.67494211 0.23491577 0.035604702 25 0 1239 3.4846823 -1.355408
212 453.49591 465.50978 0.48121866 0.63238652 -0.037376413 25 0 58648 184.75041 -5.6664635
213 236.91057 472.40722 0.64458682 0.1132977 0.059857775 25 0 4984 14.312744 -2.8893072
214 454.86341 473.31872 0.54914025 -0.1886318 0.12155893 25 0 340 1.2789389 -0.26712446
215 368.57108 474.06812 0.65581211 -0.22348762 -0.3338861 25 0 563 1.7923907 -0.6335817
216 140.15365 476.36818 0.70046529 0.26323706 0.12596838 25 0 533 1.5368836 -0.46660246
217 287.02521 475.73349 0.67950378 0.04276704 -0.04841362 25 0 3497 9.933902 -2.4927997
218 364.23416 480.70426 0.68466386 -0.51389003 -0.14127606 25 0 451 1.4776978 -0.42396405
219 164.95849 481.56629 0.57168654 0.52177043 0.24192901 25 0 960 3.1393021 -1.2420828
220 89.868479 487.20129 0.69587608 0.13054691 0.046850988 25 0 1293 3.6417281 -1.4032688
221 266.25211 496.73704 0.6394201 0.19710049 0.022744597 25 0 371 1.1847857 -0.18409946
222 93.152987 502.04938 0.85166398 0.20138511 -0.15912036 25 0 514 1.2783482 -0.26662291
223 142.04432 503.84087 0.7736758 0.099384095 0.30254549 25 0 732 1.83759 -0.66062152
224 187.34096 503.89745 0.6217313 0.32415523 -0.018645016 25 0 502 1.5089849 -0.4467122
225 142.94366 507.42702 0.62634803 0.25231839 0.13791838 25 0 763 2.1660296 -0.83916095
226 83.851435 510.18439 0.67828192 -0.15082459 -0.30558032 25 0 331 1.0129711 -0.013992613
227 189.21906 510.79448 0.89340282 -0.096385562 -0.39710364 25 0 1091 2.5409436 -1.0124876
