id xcentroid ycentroid sharpness roundness1 roundness2 npix sky peak flux mag
1 340.37446 3.2890109 0.65911923 0.31889639 -0.01317712 25 0 683 1.6960762 -0.57361339
2 471.73894 6.2296113 0.60376978 -0.25464259 -0.035568153 25 0 401 1.3841292 -0.3529416
3 6.46839 11.269842 0.69378109 -0.20111257 -0.051970241 25 0 369 1.2576234 -0.24887654
4 152.15428 10.642262 0.62143973 -0.16626289 -0.1235182 25 0 426 1.2136679 -0.21024969
5 377.9417 11.939462 0.59892616 -0.14803373 -0.062531956 25 0 754 2.2909849 -0.90005555
6 67.302446 12.887576 0.65341127 -0.10828124 -0.013093711 25 0 14644 40.371427 -4.0151852
7 14.797424 14.438827 0.61092387 0.30959797 0.22007273 25 0 4941 14.257536 -2.8851112
8 451.32118 14.918399 0.63475748 -0.045121904 -0.04631222 25 0 603 1.8910681 -0.69176791
9 510.45742 14.670465 0.57802183 -0.31811903 0.061508288 25 0 21852 63.613532 -4.5088738
10 255.93846 30.347885 0.6099428 -0.11332309 0.30942873 25 0 364 1.0040703 -0.0044103543
11 397.0654 33.305528 0.55304048 -0.080739844 0.09691463 25 0 516 1.6807232 -0.56374046
12 496.84174 33.229418 0.55680485 -0.11971616 -0.066852193 25 0 246 1.1501914 -0.15192528
13 169.59977 36.023852 0.67072903 -0.35186663 0.1087538 25 0 420 1.1014124 -0.10487488
14 156.55582 40.473772 0.63758102 -0.38730698 0.079213047 25 0 543 1.3761571 -0.34667001
15 229.52773 41.492884 0.64690305 -0.32383919 0.030713233 25 0 1074 2.6826802 -1.0714223
16 249.01868 42.294893 0.62692013 0.077206663 0.062212677 25 0 2378 6.4710853 -2.0274428
17 389.69028 43.348827 0.63359559 -0.056751117 -0.029756577 25 0 550 1.6021178 -0.51173608
18 367.49415 44.278849 0.39370992 -0.17093684 0.031372926 25 0 58722 173.90139 -5.6007576
19 109.31493 44.735464 0.64112029 -0.31047336 0.082952454 25 0 495 1.3499256 -0.32577462
20 154.32221 46.509216 0.61091386 -0.25110918 0.10828787 25 0 4567 12.452867 -2.7381733
21 443.21716 47.636851 0.57482018 0.18344601 0.10124629 25 0 891 2.7775222 -1.1091438
22 337.29193 54.714195 0.59199053 -0.016145365 0.024598525 25 0 1500 4.180423 -1.5530506
23 185.20823 59.772808 0.65357793 -0.14485623 0.15760321 25 0 395 1.0847672 -0.088341406
24 486.24889 61.196312 0.63804641 0.32163038 0.090714069 25 0 1441 4.2347355 -1.5670657
25 40.370953 65.483401 0.52850453 -0.052913825 0.1007442 25 0 313 1.0587341 -0.061967236
26 74.320023 67.757613 0.56243804 -0.064090481 -0.13448033 25 0 617 1.9312147 -0.71457638
27 475.82124 68.097682 0.58328973 -0.030949192 0.014194407 25 0 1472 4.5631054 -1.6481512
28 155.2514 69.297808 0.55200697 0.34095255 0.079305942 25 0 464 1.401451 -0.36644477
29 40.879807 69.68177 0.56577677 -0.16947531 0.056779556 25 0 354 1.0551039 -0.058238053
30 461.03812 69.700217 0.56768102 0.035648836 0.11753072 25 0 473 1.6284071 -0.52940748
31 98.552919 72.580724 0.57254855 0.28936324 0.01611987 25 0 1348 3.7572801 -1.4371839
32 511.13026 76.631671 0.94120202 0.33027863 0.51473952 25 0 555 1.3292523 -0.30901857
33 4.7474302 78.34377 0.68319478 -0.18131734 0.043393141 25 0 396 1.1767765 -0.17673498
34 393.61206 80.781352 0.56197144 0.30700458 -0.030943119 25 0 3007 8.8450999 -2.3667569
35 14.052778 83.759817 0.70327364 0.11840227 0.080666384 25 0 792 2.1582549 -0.83525683
36 162.65925 84.423167 0.66538982 0.038007159 0.11427173 25 0 520 1.3598506 -0.33372798
37 134.88838 87.939066 0.56166804 0.11044402 -0.0086897677 25 0 620 1.7452182 -0.60462436
38 198.01703 94.698212 0.65330602 0.075606778 0.030932258 25 0 518 1.2471022 -0.2397551
39 326.55135 95.128167 0.58563876 -0.25953464 -0.095555555 25 0 1261 3.4281656 -1.3376545
40 330.61552 96.970708 0.57731842 -0.38111132 -0.20375974 25 0 1471 4.0960111 -1.5309028
41 228.95139 98.104968 0.61773476 0.22926516 0.034096817 25 0 1785 4.7937471 -1.7016878
42 494.81504 101.70586 0.50120842 -0.45969309 0.46581166 25 0 241 1.0003385 -0.00036743452
43 96.514305 102.41985 0.61892386 -0.50847156 0.0011866664 25 0 2972 7.7353183 -2.2211955
44 375.3339 113.29248 0.59645144 0.33367144 -0.012449147 25 0 606 1.6795615 -0.56298978
45 262.00162 115.41504 0.61535303 0.1632839 0.13162531 25 0 16239 44.722575 -4.126317
46 279.3885 115.34428 0.6106093 0.94419514 0.34320335 25 0 945 2.1740199 -0.84315879
47 346.07245 116.4138 0.61803249 0.16335731 0.064009827 25 0 1231 3.3587598 -1.3154474
48 289.43408 116.82397 0.56983716 0.11123796 -0.21588172 25 0 1663 4.4831719 -1.6289635
49 491.42857 117.71386 0.60295278 -0.12647036 -0.05196908 25 0 351 1.2148249 -0.21128418
50 141.03198 119.16515 0.62623949 0.087785802 0.032113336 25 0 565 1.4132769 -0.37556815
51 241.36918 118.73324 0.87020376 -0.21618788 0.048836911 25 0 935 1.8979576 -0.69571629
52 195.50012 120.40232 0.69989456 -0.8514994 -0.52935255 25 0 545 1.1109212 -0.11420814
53 93.770019 120.2542 0.41468377 0.54407317 0.34812136 25 0 416 1.4291482 -0.38769315
54 193.42362 122.12486 0.62113147 0.084133157 -0.096508683 25 0 1998 5.3082938 -1.8123874
55 25.705066 123.94568 0.63921942 0.013819586 0.23594957 25 0 446 1.3370885 -0.31540038
56 217.37767 127.6146 0.55202837 0.46783749 0.091458527 25 0 1521 4.1108817 -1.5348375
57 48.381531 129.19074 0.62987152 -0.44575154 -0.099067347 25 0 1102 2.9237473 -1.1648496
58 20.949249 129.89524 0.55207966 0.080167084 0.11536082 25 0 385 1.2072176 -0.20446393
59 294.67628 130.64 0.63046099 0.037977921 0.07706464 25 0 490 1.1540536 -0.15556492
60 437.29106 138.55091 0.58745336 -0.11643249 0.093847261 25 0 10874 30.36612 -3.7059733
61 340.09198 144.39147 0.58232494 0.2957476 0.14498328 25 0 2896 8.1115019 -2.2727532
62 55.843326 145.56445 0.52032313 0.14428182 0.21353484 25 0 660 1.9252976 -0.7112447
63 38.889638 149.41927 0.51008362 0.35825979 0.27729835 25 0 521 1.6671467 -0.55493452
64 138.63068 158.97527 0.65333434 -0.16608653 -0.045342732 25 0 471 1.0216202 -0.023223681
65 427.22841 160.15214 0.61636277 0.21356194 0.028198021 25 0 51476 144.14365 -5.3969888
66 247.71777 164.26022 0.64627803 -0.14969122 -0.047270643 25 0 557 1.2036916 -0.20128804
67 466.44288 163.48351 0.61524005 -0.22594251 0.083292501 25 0 429 1.2822427 -0.26992559
68 267.30163 172.80468 0.64462245 -0.17266728 -0.01619012 25 0 1859 4.7207941 -1.6850376
69 387.55548 172.47429 0.48488259 0.36686129 -0.10256116 25 0 419 1.3078732 -0.29141407
70 205.36293 173.58497 0.57877136 -0.36283708 0.029981292 25 0 886 2.2502977 -0.88059996
71 454.73023 174.53942 0.53746398 0.3109214 0.18652113 25 0 342 1.1340066 -0.13653899
72 193.88055 176.23105 0.61722738 -0.096914403 -0.0052438097 25 0 1625 4.3502843 -1.5962941
73 462.41364 181.12544 0.6133718 0.20672445 -0.05015533 25 0 2613 7.3120145 -2.1600926
74 57.972825 182.31288 0.65074394 0.42796315 0.25354789 25 0 797 1.9926858 -0.74859707
75 156.17959 182.2966 0.61463328 0.3680537 0.14461307 25 0 1865 4.9931923 -1.7459457
76 452.35546 183.37452 0.5884728 0.73184549 0.10336268 25 0 538 1.5875132 -0.50179339
77 267.97792 184.92601 0.60229 0.0516771 0.1386865 25 0 1187 3.1399084 -1.2422924
78 462.86237 186.16074 0.65413436 -0.28100417 0.054708908 25 0 900 2.4608061 -0.97769347
79 230.53998 187.54158 0.57307216 0.3069769 0.015223971 25 0 665 1.5877981 -0.50198816
80 112.81475 188.82798 0.61197767 0.13270929 0.04083421 25 0 38767 110.09649 -5.1044337
81 162.43962 190.09806 0.71625368 -0.20861094 -0.33228445 25 0 511 1.0707823 -0.074252968
82 461.8139 194.09282 0.56147099 0.046398863 -0.0070315306 25 0 347 1.2553936 -0.24694974
83 496.15588 198.04663 0.66761087 0.091415297 0.06569531 25 0 637 1.92826 -0.712914
84 423.50529 199.65933 0.68365931 0.13457679 0.038180745 25 0 361 1.0450582 -0.047851165
85 209.47208 200.6291 0.65172844 -0.34219412 0.047950906 25 0 685 1.5728685 -0.49173104
86 107.93427 202.84772 0.64481634 0.30895707 0.14551969 25 0 706 1.8096302 -0.64397459
87 510.62718 204.01647 0.47840969 0.087916633 -0.24797617 25 0 448 1.5572771 -0.48091477
88 5.9659413 210.76112 0.66013654 0.0096345493 0.095829815 25 0 2143 5.7903479 -1.9067616
89 55.892581 213.1811 0.5460305 0.66326261 0.14224624 25 0 433 1.2037337 -0.20132606
90 466.88584 213.97613 0.65637646 -0.099936007 0.013226739 25 0 1140 3.2475879 -1.2789023
91 29.130486 215.3385 0.63952964 0.2322996 0.1359806 25 0 1918 5.2355125 -1.797398
92 367.53191 216.37971 0.55445304 -0.368617 -0.019355348 25 0 1324 3.7223636 -1.427047
93 297.77632 218.55354 0.6731175 0.096242235 0.13389893 25 0 730 1.692519 -0.57133389
94 191.94961 220.02331 0.56683777 0.023990486 0.050735668 25 0 1059 2.917181 -1.1624084
95 281.15578 225.16552 0.64490404 0.12054545 0.012836252 25 0 3047 8.0353297 -2.2625093
96 393.39908 227.19832 0.6032075 0.21738797 -0.057326878 25 0 4126 11.400245 -2.6422855
97 463.45931 227.83148 0.56413144 0.18427714 -0.11805881 25 0 11724 33.516014 -3.8131309
98 368.35309 229.53299 0.56074013 -0.30157888 0.023073962 25 0 942 2.591598 -1.0339191
99 221.56701 236.03706 0.54539937 -0.40275527 -0.27492155 25 0 771 2.1183081 -0.81497283
100 281.79725 236.98857 0.55730991 -0.069924383 -0.10485024 25 0 799 2.2006028 -0.85635417
101 472.70114 239.31232 0.60685231 -0.16505119 0.042049961 25 0 1691 4.8396928 -1.7120445
102 469.54451 252.66802 0.55629538 0.42002469 -0.00025827549 25 0 5965 17.285571 -3.0942093
103 245.43539 253.4904 0.58202591 -0.34807368 0.045973854 25 0 4147 11.153577 -2.6185354
104 17.828298 254.65315 0.51265341 0.38750639 0.064954725 25 0 890 2.7078539 -1.0815631
105 307.29787 255.88533 0.57862041 -0.0075932855 0.049557841 25 0 416 1.0421766 -0.044853276
106 146.16888 263.9905 0.56701362 0.3989458 -0.013053866 25 0 435 1.0990869 -0.10258013
107 74.667157 274.36976 0.53941385 0.44831506 0.23317488 25 0 1257 3.5313238 -1.3698439
108 88.913398 283.70192 0.65493199 0.065315942 0.17513436 25 0 843 2.1898693 -0.8510455
109 389.17475 285.53308 0.59707034 -0.026864714 0.15187214 25 0 4871 13.551804 -2.8299928
110 0.869354 286.94308 0.56949869 -0.18750232 0.18370388 25 0 479 1.3487772 -0.32485057
111 201.88434 287.26896 0.59893787 0.28583588 0.18921051 25 0 881 2.3092519 -0.90867828
112 108.70909 288.4615 0.62064116 -0.065670118 0.030305086 25 0 1076 2.6743885 -1.0680613
113 80.38535 288.63784 0.53222329 0.67410043 -0.1770441 25 0 1004 2.7705679 -1.106422
114 494.92888 290.29368 0.61542623 0.019959583 0.044609586 25 0 666 2.127408 -0.81962694
115 33.237305 293.33682 0.62386029 -0.093329201 0.20267091 25 0 518 1.3615307 -0.33506862
116 177.81764 297.82878 0.57489139 -0.26258207 0.050215124 25 0 489 1.2812766 -0.26910726
117 92.182436 304.10952 0.61741717 0.12325631 -0.037260614 25 0 1321 3.5904983 -1.3878868
118 440.04853 303.38687 0.56518089 -0.27966092 -0.016264069 25 0 312 1.0908691 -0.094431559
119 467.6339 309.20315 0.62040398 -0.2720227 -0.08253752 25 0 845 2.3988729 -0.95001809
120 235.7265 309.52777 0.57835045 0.37490998 0.074490988 25 0 710 1.7548165 -0.61057925
121 154.9267 314.38576 0.60458603 0.096533482 0.098291949 25 0 3206 8.7587438 -2.3561046
122 15.404134 316.23931 0.65684646 0.27215457 -0.00076947177 25 0 919 2.3617913 -0.9331038
123 31.008104 316.15888 0.63892337 0.06457636 0.045980133 25 0 2364 6.5058468 -2.0332596
124 77.04524 318.44561 0.65408675 -0.17373125 0.25004258 25 0 416 1.0351169 -0.037473488
125 0.38965936 326.28483 0.85236467 0.14210466 0.31584295 25 0 893 2.0008676 -0.75304587
126 347.28757 325.80777 0.55244871 -0.22625591 0.028173736 25 0 470 1.3733873 -0.34448256
127 37.51002 333.40281 0.59090454 -0.41267581 -0.026620625 25 0 3954 10.761934 -2.5797258
128 304.52235 333.16939 0.59898342 0.59689487 -0.10496029 25 0 464 1.2575343 -0.24879962
129 47.768564 334.35731 0.62263387 -0.13687709 0.062121703 25 0 11582 31.831417 -3.7571399
130 397.34375 333.57076 0.62089907 0.20590121 0.11367757 25 0 409 1.2361741 -0.23019906
131 94.041873 335.37639 0.62144261 0.06999208 0.27699275 25 0 972 2.4783797 -0.98541961
132 280.85947 334.69944 0.62042952 0.0045980677 0.05958409 25 0 943 2.5875447 -1.0322196
133 505.88345 340.97657 0.54795376 0.50167886 0.50598909 25 0 751 2.3346815 -0.92056909
134 377.64985 347.13032 0.54862897 -0.095348547 0.17616478 25 0 639 1.8845093 -0.68799573
135 256.95733 350.8695 0.59083964 0.081195512 0.014644228 25 0 5087 14.761082 -2.9227955
136 398.95308 351.99262 0.69494057 0.18967402 0.13289399 25 0 1020 2.6057431 -1.039829
137 39.116533 353.43988 0.69438091 -0.33053937 0.14251516 25 0 852 2.1232797 -0.81751803
138 11.774279 355.39298 0.64911383 -0.15233839 -0.026928455 25 0 760 1.9240702 -0.71055231
139 315.8562 354.68338 0.59058849 0.26655185 0.053911857 25 0 23266 66.142886 -4.5512079
140 39.286729 357.19678 0.61501393 0.044006997 0.080024564 25 0 1292 3.5382911 -1.3719839
141 40.311089 360.70195 0.57717072 -0.86847965 0.18085971 25 0 538 1.4984772 -0.43912535
142 431.71218 361.67124 0.58396006 0.21958277 0.025713488 25 0 1595 4.7342793 -1.6881347
143 243.18964 363.78625 0.60799112 -0.01732474 0.066668806 25 0 1516 4.1860501 -1.554511
144 295.28189 364.96763 0.61257334 -0.0052839265 -0.039282536 25 0 2589 7.2173173 -2.1459395
145 444.88277 366.06053 0.67429921 -0.14578657 0.036317065 25 0 1056 2.9893206 -1.1889312
146 112.8906 366.66327 0.5965874 0.22886539 0.075674117 25 0 4552 12.969891 -2.7823408
147 156.06958 367.43739 0.66540141 -0.19656903 0.13759376 25 0 511 1.239444 -0.23306724
148 40.113418 369.82379 0.68507588 0.056803632 0.10741787 25 0 517 1.3093392 -0.29263043
149 383.15573 379.22894 0.6120848 0.18954358 0.061954319 25 0 3123 8.9259759 -2.3766393
150 92.048824 380.84928 0.64695455 0.066643733 0.033399756 25 0 3650 9.9630584 -2.4959817
151 137.78706 382.22165 0.62710448 0.28260425 0.024644063 25 0 478 1.2489265 -0.24134218
152 244.5623 383.70388 0.63147948 -0.53201051 -0.11283714 25 0 526 1.3916249 -0.35880549
153 501.28994 384.54268 0.56015587 -0.55753829 0.17524722 25 0 432 1.5548325 -0.47920902
154 22.35746 386.84828 0.67563379 -0.122319 -0.070207352 25 0 930 2.4662749 -0.98010373
155 161.74385 386.47486 0.53463909 0.4288109 0.059962087 25 0 1153 3.2730996 -1.287398
156 501.96386 388.06235 0.6785699 0.0064818569 0.12268732 25 0 2079 5.7502339 -1.8992138
157 472.57328 388.39212 0.51919368 0.44208447 0.11263668 25 0 1702 5.3312658 -1.8170758
158 77.55589 391.84897 0.53509321 -0.20841257 -0.47845414 25 0 444 1.2781157 -0.26642542
159 263.79709 396.52444 0.59331652 -0.098068308 0.13081286 25 0 6511 17.868042 -3.1301924
160 394.32025 398.39527 0.65098206 0.435399 0.13780094 25 0 567 1.5638411 -0.48548155
161 429.77502 403.42316 0.61611285 0.059315959 0.088510243 25 0 453 1.4368239 -0.39350884
162 292.83552 403.84682 0.58310163 0.58975949 0.18044967 25 0 574 1.7270829 -0.59328297
163 20.573711 408.00767 0.63195961 0.16879828 0.044755563 25 0 812 2.2260859 -0.86885478
164 290.2652 407.58893 0.58489678 -0.17063129 0.01545448 25 0 1650 4.6784793 -1.6752618
165 122.29466 413.17419 0.59117031 0.20974213 0.03243342 25 0 823 2.3220353 -0.91467205
166 146.3266 414.53151 0.56702667 -0.23880347 0.079675253 25 0 1779 5.0829011 -1.7652792
167 203.18471 426.20725 0.58502477 0.00064508601 0.1282485 25 0 330 1.0036511 -0.0039568677
168 231.80982 431.45775 0.49772769 0.53491433 0.0011115054 25 0 293 1.0026122 -0.0028324882
169 170.56981 433.57121 0.57826654 -0.31840584 0.049254198 25 0 759 2.0568404 -0.78300146
170 197.09404 432.54209 0.62089033 0.16312458 0.13177979 25 0 1980 5.5267441 -1.8561734
171 270.3034 435.85028 0.59318727 -0.034626045 0.046935416 25 0 990 2.8826873 -1.1494938
172 382.98734 437.46871 0.60847892 0.13157963 0.19927413 25 0 2749 7.8137041 -2.2321424
173 283.56913 440.29014 0.54086142 -0.13836847 0.018065475 25 0 894 2.6318085 -1.0506357
174 129.44383 442.3429 0.57518078 -0.39724598 -0.098265896 25 0 11021 30.493069 -3.7105029
175 349.33391 455.74702 0.52221453 0.15946586 -0.24768326 25 0 465 1.6029166 -0.51227735
176 473.59498 456.92505 0.58018586 0.12710122 0.037874474 25 0 318 1.2591198 -0.25016766
177 400.52931 460.67802 0.61662328 0.2875704 -0.09934243 25 0 1098 3.2724209 -1.2871729
178 94.576456 462.01771 0.61709183 -0.011723333 -0.090713822 25 0 5130 14.218176 -2.8821097
179 187.48376 462.99797 0.58287087 -0.17275591 -0.260246 25 0 926 2.6790128 -1.069937
180 466.16283 464.31158 0.43336131 0.11110328 0.024196762 25 0 58589 192.49325 -5.7110388
181 3.5633782 466.53812 0.52059334 0.58621296 -0.049078842 25 0 765 2.4370683 -0.96716927
182 249.32138 470.99624 0.6293799 -0.019408589 -0.074857386 25 0 4639 12.945735 -2.7803168
183 381.1109 472.70175 0.544456 -0.68948963 -0.092704982 25 0 392 1.3960669 -0.36226555
184 299.39846 474.30203 0.58257362 0.28789829 -0.01703213 25 0 2611 7.6044386 -2.2026679
185 152.50927 475.0666 0.52017293 0.37423741 0.017330824 25 0 330 1.1317919 -0.13441649
186 376.91487 479.36774 0.51083023 0.47638075 -0.14194039 25 0 248 1.0800295 -0.083589067
187 177.28912 480.36512 0.49457293 0.4240507 -0.041721686 25 0 596 1.8714953 -0.68047187
188 102.35468 485.84581 0.67478533 -0.16117175 -0.05651839 25 0 1075 2.9015458 -1.1565736
189 154.32491 502.52812 0.63735975 -0.34761659 0.090935954 25 0 514 1.4466957 -0.40094297
190 199.71556 502.59875 0.77105552 0.79225433 0.22650048 25 0 464 1.1054233 -0.10882152
191 155.32778 506.16576 0.6101616 -0.021215278 -0.21576399 25 0 696 2.0157661 -0.76110035
192 201.72664 509.88332 0.59212494 0.25619036 -0.063113396 25 0 826 2.4135503 -0.9566409
