id xcentroid ycentroid sharpness roundness1 roundness2 npix sky peak flux mag
1 348.25938 4.2833494 0.63809875 0.73988503 0.18941135 25 0 312 1.0338943 -0.036190338
2 320.71755 6.9360204 0.70939642 0.37877183 -0.10208426 25 0 821 2.3139805 -0.91089923
3 329.84068 9.3235352 0.78344455 0.13689769 -0.1536162 25 0 432 1.181092 -0.18070932
4 452.2474 10.123828 0.73257124 0.35148992 -0.040058705 25 0 523 1.6548592 -0.54690259
5 132.75754 14.377631 0.68721264 0.11485319 -0.059263114 25 0 510 1.517815 -0.45304713
6 47.947662 16.526148 0.68734532 0.28847344 0.19224442 25 0 15363 43.815693 -4.1040742
7 358.28927 15.542576 0.60040829 0.095913824 0.11644404 25 0 777 2.5285813 -1.0071923
8 431.79471 18.778246 0.73343705 0.53187603 -0.071484274 25 0 818 2.5238097 -1.0051415
9 490.99779 18.579538 0.69559738 0.44362419 0.11603869 25 0 29011 81.526323 -4.7782446
10 449.06943 20.208284 0.6549687 -0.18251198 0.15202041 25 0 228 1.0066303 -0.0071749897
11 357.51004 23.960566 0.72910698 0.12636424 -0.072645204 25 0 327 1.0133547 -0.014403748
12 236.59732 33.839307 0.53850117 0.047240419 -0.091822851 25 0 333 1.0373193 -0.039781104
13 377.47199 37.080969 0.57295947 0.2832168 -0.15201363 25 0 586 1.9788622 -0.74103888
14 477.2315 37.110103 0.89271274 0.49299219 -0.0063451609 25 0 459 1.3384586 -0.31651234
15 150.15238 39.778453 0.66876142 0.076229803 -0.09719413 25 0 528 1.690727 -0.57018371
16 137.12582 43.935124 0.7229224 0.21539354 -0.077443337 25 0 748 2.1532017 -0.83271176
17 210.07931 45.017873 0.7539068 0.29812868 -0.034972076 25 0 1670 4.5310103 -1.6404876
18 229.44768 45.916269 0.65168726 0.27991757 -0.24453496 25 0 2419 6.8225156 -2.0848613
19 370.05566 47.109876 0.64932794 0.41839125 -0.04628424 25 0 640 2.0301103 -0.7687991
20 89.831614 48.286494 0.63281114 0.35490637 0.16135051 25 0 582 1.8970364 -0.69518916
21 348.01122 47.95884 0.27062296 0.5860571 -0.0059845079 25 0 58917 246.98971 -5.9816971
22 134.84598 50.176113 0.7194884 0.17146696 -0.066765474 25 0 6314 17.49947 -3.1075623
23 423.52741 51.507051 0.46984016 0.17659186 0.062409118 25 0 775 2.885206 -1.1504421
24 256.9581 55.513987 0.56030688 0.50149822 0.37517495 25 0 316 1.0284516 -0.030459606
25 423.99263 56.781577 0.64253942 0.25784036 0.095131044 25 0 274 1.0248098 -0.026608187
26 494.07457 57.330804 0.83262389 0.32444828 0.018534852 25 0 1030 2.8164839 -1.1242682
27 317.63711 58.412126 0.58084443 -0.011251286 -0.038344599 25 0 1555 4.7176888 -1.6843232
28 466.71041 65.042551 0.72062157 0.3215651 -0.070337516 25 0 1749 5.0330705 -1.7545825
29 21.051653 68.982246 0.96098281 0.3455306 0.2043624 25 0 569 1.3957141 -0.3619912
30 54.996735 71.258934 0.74684792 0.26640912 -0.012825927 25 0 721 1.9671663 -0.73460269
31 78.167573 70.862019 0.80332123 -0.33067915 0.017190839 25 0 589 1.6277633 -0.52897815
32 193.15399 71.429665 0.62531603 0.42344365 0.094162491 25 0 387 1.2180821 -0.21419143
33 456.36466 71.836002 0.68789476 0.13198013 -0.085247556 25 0 1709 5.1016601 -1.7692788
34 21.033039 73.307513 0.70989423 -0.8867283 -0.086624622 25 0 520 1.4570341 -0.40867427
35 135.85035 73.048283 0.70067607 0.41827932 -0.072215707 25 0 581 1.621719 -0.52493904
36 494.9863 72.485891 0.54629243 0.58913351 0.026712443 25 0 297 1.331183 -0.31059443
37 441.53548 73.62109 0.69318822 0.76269998 0.10811924 25 0 562 1.7090363 -0.58187821
38 79.21781 76.109809 0.76086648 0.23608552 -0.033225428 25 0 2132 5.7897648 -1.9066523
39 492.16152 80.430233 0.70485643 0.75637291 0.16583321 25 0 1029 3.1328731 -1.239857
40 374.10336 84.456136 0.64789249 0.37029649 0.1466385 25 0 3511 10.079772 -2.5086268
41 143.10949 87.993343 0.83001798 -0.25854022 -0.060361377 25 0 677 1.6049295 -0.51363993
42 115.57245 91.521621 0.64072772 0.68694673 -0.038688236 25 0 607 1.7044194 -0.57894118
43 178.47113 98.17977 0.81019937 0.20913707 -0.13839761 25 0 677 1.6275286 -0.52882159
44 307.1041 98.823698 0.69046619 0.064732676 0.011742952 25 0 1504 4.1707891 -1.5505456
45 311.02684 100.58159 0.68095056 0.00030053112 0.072623888 25 0 1682 4.5687882 -1.6495026
46 209.47892 101.66867 0.6451223 0.069735944 -0.11338146 25 0 1699 4.6445217 -1.6673525
47 475.11927 105.25762 0.71442126 0.22086271 0.078246134 25 0 476 1.5663926 -0.48725156
48 77.167973 105.98675 0.72908924 0.14614332 -0.07030981 25 0 4795 13.205547 -2.801891
49 139.00558 105.59727 0.6424965 0.49186178 0.094990842 25 0 465 1.2398086 -0.23338662
50 320.11677 107.34113 0.52794591 0.11398028 0.32717065 25 0 339 1.0053522 -0.0057955868
51 355.81009 117.09691 0.6821333 0.18306975 -0.12866646 25 0 713 1.8834655 -0.68739419
52 242.42331 118.96403 0.69505802 0.15934829 -0.16951621 25 0 19444 54.249253 -4.3359844
53 259.82719 118.98908 0.69665765 0.63508127 0.096513359 25 0 1341 3.5420403 -1.3731338
54 269.8182 120.46039 0.63263675 0.12600217 0.038206975 25 0 2006 5.7179525 -1.8931014
55 326.45035 120.08852 0.60565489 0.17412133 -0.15498965 25 0 1274 3.7937875 -1.4476825
56 471.8201 121.72337 0.54709783 0.21631821 0.27541375 25 0 312 1.2172528 -0.21345195
57 222.01144 122.16831 0.6937974 0.4836216 -0.032040635 25 0 697 1.8622764 -0.67511037
58 121.61303 122.6016 0.51156871 -0.012137261 -0.036312265 25 0 464 1.3671461 -0.3395373
59 176.57165 123.48158 0.63072033 0.42323011 0.0090733948 25 0 512 1.3373648 -0.31562475
60 74.290811 124.11156 0.85588874 0.046166232 -0.15482 25 0 760 1.8693996 -0.67925535
61 173.84451 125.69701 0.69869292 0.48877039 0.040031582 25 0 2513 6.933565 -2.1023915
62 501.83755 125.69822 0.73566759 0.65394665 0.061320782 25 0 398 1.2696518 -0.2592116
63 6.6776741 127.47034 0.42908775 -0.43772138 -0.12004593 25 0 334 1.2631101 -0.25360301
64 197.76033 131.13678 0.6715296 0.31091018 -0.07179348 25 0 2076 5.8531059 -1.9184659
65 1.2632332 133.42655 0.61612574 0.04398499 0.35649701 25 0 404 1.1587329 -0.15995833
66 29.106242 132.82939 0.77265881 0.18768833 0.044327295 25 0 1596 4.2764541 -1.5777095
67 275.13591 134.32211 0.69184558 0.36994249 0.073660484 25 0 661 1.7267601 -0.59308003
68 417.57733 142.44744 0.57438328 -0.067553174 -0.0095422869 25 0 11095 33.664642 -3.817935
69 320.64159 148.01289 0.65124107 0.13865485 -0.27579012 25 0 3116 8.7046592 -2.3493794
70 36.438874 149.11032 0.79150059 0.099093816 -0.12924371 25 0 901 2.3134795 -0.91066415
71 19.438986 153.08693 0.73356331 0.39777445 -0.087532098 25 0 712 1.9478736 -0.72390192
72 505.84603 154.35835 0.68115296 0.24493737 0.079066736 25 0 8488 24.397738 -3.4683739
73 119.24911 162.42355 0.67068888 0.30789844 0.033720227 25 0 564 1.4827589 -0.42767636
74 407.56385 163.97168 0.64477356 0.25977383 -0.1359722 25 0 53513 155.38883 -5.4785495
75 446.73262 167.29663 0.62122465 0.11884079 -0.13140773 25 0 597 1.9300782 -0.71393728
76 228.08482 168.01973 0.68548299 -0.020624846 -0.24606877 25 0 618 1.5061952 -0.44470312
77 175.11239 171.43639 0.69606052 0.40755778 0.091633183 25 0 1310 3.445436 -1.3431105
78 55.065028 175.22794 0.75868224 -0.0042194062 -0.11303681 25 0 521 1.4052149 -0.3693569
79 247.671 176.51364 0.5615185 -0.022872926 0.036093333 25 0 1678 4.8959607 -1.7245948
80 367.99766 176.19402 0.65471795 0.17236218 0.10898339 25 0 654 1.916026 -0.70600351
81 499.9362 175.65239 0.69308784 0.43313664 0.10309434 25 0 7366 20.902099 -3.3004748
82 185.78283 177.16086 0.66705214 0.24336345 -0.07146678 25 0 1167 3.2220137 -1.2703184
83 435.21073 178.29682 0.68443867 0.33068944 0.019351253 25 0 417 1.3161392 -0.29825455
84 174.29656 179.80188 0.67960562 0.0512137 -0.0012318181 25 0 1880 5.1049127 -1.7699708
85 442.8029 185.00634 0.67971581 0.28161472 -0.070247376 25 0 3210 9.3047898 -2.4217664
86 38.587461 185.80374 0.63955177 -0.01695882 -0.20011082 25 0 845 2.4001206 -0.95058267
87 136.68166 185.96703 0.66792911 0.77603085 0.030621798 25 0 2042 5.613555 -1.873095
88 432.62559 187.32176 0.57473224 -0.0045837126 -0.014215766 25 0 568 1.9373499 -0.71802015
89 504.55918 186.73933 0.66918679 0.37466511 -0.11868986 25 0 729 2.1492253 -0.83070485
90 248.46006 188.50025 0.55699851 -0.050561138 -0.026942729 25 0 1028 2.9146637 -1.1614711
91 443.20978 190.03426 0.69255105 0.060844139 -0.10263945 25 0 1055 3.110879 -1.2322078
92 210.92003 191.40949 0.6787049 0.1660508 0.12423441 25 0 890 2.3473315 -0.92643605
93 93.200879 192.43019 0.73918084 0.55563423 0.088791775 25 0 46924 126.32156 -5.2536937
94 142.79318 193.70129 0.7030062 0.60676979 -0.27583173 25 0 513 1.2155071 -0.21189375
95 442.26731 198.1472 0.41729823 0.35696951 -0.60142123 25 0 278 1.138561 -0.14089073
96 476.64427 201.77909 0.58170372 0.15391675 -0.19652517 25 0 520 1.8505889 -0.66827491
97 189.7705 204.20965 0.66920485 0.17580121 0.01838838 25 0 758 1.995877 -0.75033442
98 220.11992 205.39991 0.6189843 0.70445729 0.46054916 25 0 445 1.1080918 -0.11143938
99 88.285074 206.49074 0.53579428 0.025525839 0.20228451 25 0 574 1.6948381 -0.57282053
100 169.25145 208.22569 0.59210299 0.075374026 -0.089580268 25 0 367 1.0268822 -0.028801577
101 491.08909 207.85843 0.73812473 0.18966777 -0.053826048 25 0 781 2.3145073 -0.91114639
102 34.177717 215.76845 0.72520578 0.52307322 -0.036570457 25 0 458 1.1791577 -0.17892974
103 36.245447 216.88243 0.67632068 0.90649311 -0.31367412 25 0 508 1.3113654 -0.2943093
104 447.24986 217.86448 0.72310758 0.26183678 -0.089832236 25 0 1297 3.6539917 -1.4069189
105 9.5882357 218.99383 0.71688894 0.14917313 -0.14795787 25 0 2196 6.0024231 -1.9458165
106 348.02907 220.03905 0.7379862 0.44320028 0.0080439986 25 0 1998 5.3575412 -1.8224138
107 278.13693 222.11955 0.72478431 0.39274505 -0.058381601 25 0 1012 2.6917506 -1.075087
108 172.35794 223.4743 0.53164279 0.056068071 0.036638663 25 0 976 2.8646251 -1.1426695
109 501.127 226.46858 0.64664955 0.29829375 0.17906108 25 0 4743 13.98993 -2.8645389
110 261.53378 228.86931 0.66052417 0.41929573 -0.14870429 25 0 3140 8.7065036 -2.3496095
111 7.2600813 231.04165 0.73516274 0.1329268 -0.25597456 25 0 434 1.1420025 -0.14416767
112 373.81006 230.98849 0.7009345 0.28493451 -0.057053586 25 0 5342 14.948562 -2.9364985
113 443.9147 231.67785 0.68068779 0.43873395 0.052209323 25 0 15571 44.323859 -4.1165939
114 348.73992 233.38492 0.63204637 -0.078812254 -0.077583963 25 0 1149 3.3616957 -1.316396
115 202.08378 239.61198 0.70118233 0.1944153 0.033586363 25 0 949 2.4601413 -0.97740014
116 262.12115 240.5641 0.63691275 0.20552714 0.011317788 25 0 884 2.4694041 -0.98148042
117 453.06313 243.20511 0.73058695 0.37735331 0.033874849 25 0 2307 6.500699 -2.0324001
118 52.528102 244.03981 0.51318883 -0.29438125 -0.17124951 25 0 439 1.4571113 -0.40873185
119 225.72245 257.20857 0.65826258 0.13428764 -0.087716387 25 0 5548 15.827696 -2.9985443
120 450.00238 256.49268 0.63599793 0.40592829 0.16141443 25 0 7531 22.147226 -3.3632983
121 287.94206 259.62792 0.64363587 0.36118359 0.15702687 25 0 526 1.444098 -0.39899163
122 353.52083 265.99742 0.65636956 0.49028619 -0.22452492 25 0 428 1.1990508 -0.19709397
123 126.53252 267.50145 0.840056 0.40852785 0.18719918 25 0 487 1.0612054 -0.064498656
124 55.07345 278.02426 0.79617955 0.31055886 0.010898081 25 0 2105 5.4208192 -1.8351623
125 237.23307 286.21436 0.6571947 0.58576575 -0.093228939 25 0 477 1.164052 -0.16493095
126 69.320338 287.14417 0.78109046 0.48039344 0.047748724 25 0 1041 2.5753412 -1.0270869
127 369.6739 289.40294 0.65623787 0.74195379 -0.15571259 25 0 5186 14.517122 -2.9047013
128 182.25264 290.81133 0.72531151 0.18269714 -0.072204577 25 0 1058 2.6436997 -1.0555303
129 60.877483 292.18334 0.72800533 0.35298139 0.014991529 25 0 1615 4.3091388 -1.5859762
130 89.144809 291.98913 0.75824812 0.29105222 -0.11839303 25 0 1600 4.1153593 -1.5360194
131 344.04758 294.13378 0.72455924 0.22692806 0.099840544 25 0 507 1.3845542 -0.35327488
132 475.21336 294.27014 0.75868902 0.28953532 -0.018295406 25 0 853 2.5865139 -1.031787
133 13.624979 296.95592 0.60033354 -0.17284136 -0.29065051 25 0 451 1.3379524 -0.31610168
134 158.24392 301.57168 0.70725937 0.15395313 -0.035866561 25 0 586 1.4510115 -0.40417711
135 420.28502 307.63087 0.51726901 0.58570082 0.10905585 25 0 327 1.2489077 -0.2413259
136 72.58374 307.75911 0.67088319 0.48296648 -0.041558667 25 0 1361 3.6796685 -1.4145218
137 215.9612 313.25286 0.754674 0.17601446 -0.075669429 25 0 1078 2.6795212 -1.070143
138 447.8575 313.083 0.73823066 0.24015561 -0.024400429 25 0 1238 3.5301931 -1.3694961
139 135.30307 317.97832 0.75417289 0.24834974 -0.11949311 25 0 4298 11.275619 -2.630351
140 11.545193 319.70381 0.63036756 -0.033404945 -0.1822556 25 0 2188 6.4125339 -2.0175742
141 57.422769 321.98788 0.76127851 -0.1866691 -0.31785081 25 0 511 1.3104071 -0.2935156
142 184.51346 327.60762 0.6808009 0.035709517 -0.055572855 25 0 439 1.1352802 -0.13775765
143 327.44067 329.70147 0.63820055 0.49410078 -0.15581093 25 0 569 1.6324269 -0.53208435
144 17.978601 336.95556 0.81391883 0.29504251 -0.036858828 25 0 6615 16.904566 -3.0700101
145 285.02847 337.05316 0.82401611 0.25552093 0.12378522 25 0 740 1.8144441 -0.64685901
146 377.70561 337.47226 0.73399682 -0.06454539 0.050638385 25 0 534 1.5039646 -0.44309401
147 28.161196 337.91346 0.7946687 0.21660386 -0.026019076 25 0 16445 42.829431 -4.0793558
148 261.22911 338.5558 0.70157805 0.65157757 0.057007972 25 0 910 2.2811623 -0.89539044
149 74.401812 338.96838 0.70799385 -0.019393388 -0.11473694 25 0 1208 3.2694547 -1.2861883
150 486.17246 344.89371 0.63394859 0.49898644 0.40480593 25 0 954 2.9794989 -1.1853581
151 257.25955 348.29549 0.73424192 0.39663893 0.014630611 25 0 507 1.3357512 -0.31431395
152 358.07521 350.83263 0.75187268 0.22460167 -0.10393074 25 0 925 2.5069452 -0.99786211
153 237.3531 354.54118 0.61145486 0.0031005085 0.011276737 25 0 5098 14.946982 -2.9363838
154 379.4108 355.92247 0.67033788 0.21984615 -0.15117302 25 0 1182 3.5054678 -1.361865
155 9.8514609 357.25661 0.59486023 -0.16036711 -0.021063966 25 0 497 1.5146822 -0.45080381
156 19.439881 356.9897 0.72335337 0.17678052 -0.11194587 25 0 866 2.217372 -0.86459641
157 490.96438 356.76815 0.7677683 0.23985334 -0.0059431328 25 0 320 1.0523928 -0.055444661
158 296.26391 358.56552 0.64504764 0.69208618 0.066736618 25 0 24531 69.741883 -4.6087342
159 19.666169 360.80147 0.73216491 0.25421851 0.039202305 25 0 1533 4.0934974 -1.5302363
160 20.582468 364.19434 0.69761172 -0.10050735 0.33149098 25 0 568 1.482985 -0.42784191
161 412.09893 365.5434 0.66233023 0.22319748 0.073686302 25 0 1991 5.8644859 -1.9205749
162 223.56783 367.60111 0.6752621 0.65446499 -0.026830588 25 0 1634 4.5061017 -1.6345025
163 275.7162 368.83653 0.71079185 0.33778534 -0.091006972 25 0 3290 9.126442 -2.4007537
164 93.186711 370.26386 0.7587478 0.41470799 -0.012880403 25 0 6194 16.479333 -3.0423491
165 425.3242 369.91095 0.73300404 -0.075463976 -0.14995694 25 0 1227 3.5465826 -1.3745252
166 136.40838 371.14953 0.79941675 0.36161827 0.039630095 25 0 593 1.3925775 -0.35954844
167 497.01005 372.0479 0.78315501 0.17869022 -0.037558089 25 0 11877 31.745098 -3.7541917
168 20.426162 373.31317 0.78567639 0.66192428 -0.17443849 25 0 530 1.2654857 -0.25564313
169 0.77520324 377.08935 0.70914283 0.066172495 0.059845956 25 0 895 2.4621006 -0.9782645
170 363.44752 383.15439 0.63481672 -0.055082941 -0.21512069 25 0 3411 10.056777 -2.5061471
171 72.388168 384.40105 0.72072589 0.6756509 0.0010925188 25 0 3917 10.596269 -2.5628825
172 118.08032 386.0426 0.79321629 0.074799927 -0.093354431 25 0 832 2.1226037 -0.81717231
173 224.88422 387.61659 0.62291002 0.078720404 -0.040661995 25 0 610 1.7281701 -0.59396623
174 481.52727 388.52901 0.56141117 -0.90598633 0.044981258 25 0 490 1.8479414 -0.66672049
175 97.809125 388.98621 0.86729925 0.53133501 -0.21547963 25 0 545 1.2814272 -0.26923486
176 2.5630492 390.50392 0.5374951 -0.086789894 0.058889213 25 0 873 2.8403888 -1.1334445
177 142.10812 390.38931 0.73671818 0.43937899 0.05498734 25 0 1722 4.6189672 -1.6613622
178 452.97953 392.4708 0.69333514 0.21820309 0.11954613 25 0 2765 7.9940792 -2.2569211
179 482.35981 392.00912 0.77219616 0.058314772 -0.11721914 25 0 2543 6.9275854 -2.1014547
180 57.689277 395.45037 0.59608231 0.12079359 0.17031801 25 0 575 1.6662531 -0.5543524
181 244.17645 400.30261 0.7182464 0.42076639 -0.018259448 25 0 8828 24.21151 -3.4600547
182 374.65629 402.35699 0.54414951 0.32912542 -0.14327635 25 0 650 2.2694808 -0.88981627
183 273.26708 407.91015 0.71067968 0.34942808 -0.18468383 25 0 742 2.0512095 -0.78002507
184 410.16413 407.43274 0.42429128 0.37451054 0.42895852 25 0 411 1.7477228 -0.60618138
185 1.0965993 411.55187 0.71289894 0.26644752 0.13855886 25 0 1077 2.9824721 -1.186441
186 270.69978 411.44369 0.64346862 0.75903585 0.10704528 25 0 1822 5.2086235 -1.7918074
187 492.1347 411.77572 0.74444828 0.32813302 -0.10870462 25 0 510 1.6318046 -0.53167037
188 102.61885 416.84232 0.68743037 0.43455793 -0.1089204 25 0 1024 2.8600679 -1.1409409
189 126.65552 418.28749 0.64471573 0.01247932 -0.069438767 25 0 2319 6.8482982 -2.0889567
190 302.59658 428.24673 0.62767587 0.23078476 -0.2530196 25 0 328 1.1056504 -0.10904456
191 183.24469 430.00843 0.5111199 0.1637771 -0.48786232 25 0 368 1.3785035 -0.34851969
192 212.3564 435.14708 0.75490834 0.30389266 -0.10515433 25 0 429 1.1173584 -0.12048127
193 177.44817 436.25358 0.73772222 0.4983639 -0.10144397 25 0 2437 6.5222693 -2.0359968
194 150.91873 437.21732 0.74044871 0.47712028 0.068604978 25 0 1190 3.24506 -1.2780568
195 250.77804 439.70711 0.71973565 0.4965515 -0.037521228 25 0 1170 3.1832256 -1.2571685
196 509.85742 439.35427 0.3702632 0.47240767 0.12633972 25 0 58854 190.28565 -5.6985151
197 363.29174 441.51743 0.67119425 0.64613681 0.080820704 25 0 3139 9.0711542 -2.3941564
198 263.72429 444.16391 0.63354891 -0.28868801 0.030319591 25 0 1164 3.4504146 -1.3446782
199 109.86439 446.07581 0.77531503 0.21663811 -0.068535785 25 0 18561 49.386777 -4.2340267
200 495.02128 446.43199 0.66417935 0.19525725 0.13264424 25 0 277 1.1174188 -0.12053998
201 230.90094 453.76796 0.74645706 0.66126886 -0.050094262 25 0 367 1.0807693 -0.084332516
202 495.83365 455.98223 0.7685152 0.18632887 -0.031134635 25 0 2715 7.6924833 -2.2151664
203 329.90125 459.72642 0.64544935 0.3852077 -0.061216939 25 0 626 2.0127108 -0.75945346
204 454.06578 460.82841 0.93339795 0.54281033 0.18434127 25 0 466 1.2356226 -0.22971462
205 380.88682 464.6604 0.65436719 0.39835417 0.032903341 25 0 1353 4.1952395 -1.5568919
206 74.967366 465.7092 0.76849935 0.31035384 0.032286516 25 0 7084 18.819398 -3.1865143
207 167.90964 466.86798 0.7576592 0.22749624 -0.066849791 25 0 1457 4.0015271 -1.5055644
208 446.51029 468.27792 0.48915069 0.55561696 -0.093508359 25 0 58487 191.31682 -5.7043829
209 310.05766 469.11042 0.75408082 0.46970472 -0.1210391 25 0 334 1.0120134 -0.012965646
210 64.143497 470.85511 0.93725264 0.19835513 0.069736787 25 0 431 1.0007837 -0.00085057245
211 229.71588 474.92178 0.74756732 0.27633439 -0.093054849 25 0 6069 16.483018 -3.0425918
212 447.55599 475.90661 0.69059058 0.36250982 0.0038949376 25 0 475 1.6138299 -0.5196444
213 361.29295 476.43909 0.39679102 -0.55848904 0.068855319 25 0 373 1.6605618 -0.55063763
214 279.75427 478.22077 0.6804975 0.073693258 -0.073930176 25 0 3494 10.107949 -2.5116576
215 132.92934 478.66211 0.69676293 0.055492899 0.063194575 25 0 511 1.4955207 -0.43698108
216 356.96299 483.45444 0.70367555 0.55559825 0.16533891 25 0 507 1.6080189 -0.5157279
217 157.55388 484.18723 0.61802396 -0.018543262 -0.089665445 25 0 804 2.4904448 -0.99069228
218 82.658236 489.634 0.74407892 0.70840822 0.0479147 25 0 1184 3.1575045 -1.24836
219 259.04382 499.25221 0.82091946 0.13629786 -0.040660308 25 0 470 1.233923 -0.22822015
220 168.98092 503.23474 0.7076488 0.012476225 0.20241742 25 0 404 1.1931537 -0.19174102
221 85.953188 504.57009 0.6391364 0.069059265 -0.45259939 25 0 324 1.021169 -0.022744106
222 134.66184 506.23334 0.6300867 -0.75533687 -0.15389145 25 0 582 1.72859 -0.59422998
223 179.96664 506.3 0.79278669 0.29183232 0.018138498 25 0 594 1.5176407 -0.45292238
224 135.67816 510.02178 0.70572081 -0.063852065 -0.24986379 25 0 893 2.476099 -0.98442001
