id xcentroid ycentroid sharpness roundness1 roundness2 npix sky peak flux mag
1 270.65762 14.318763 0.6875358 -0.36931357 -0.27776176 25 0 552.83479 1.3760333 -0.34657238
2 307.95836 23.083863 0.67490425 0.15745475 0.082466795 25 0 653.16242 1.7196829 -0.58862095
3 381.45513 26.239411 0.47002317 -0.51518893 -0.1734865 25 0 374.05441 1.2945186 -0.28027073
4 440.52486 26.398658 0.61956527 -0.46848167 -0.12129387 25 0 18823.79 45.222419 -4.1383845
5 327.31356 44.719296 0.64786574 0.081966768 0.21634505 25 0 391.77887 1.239211 -0.23286315
6 99.783164 46.977046 0.57434185 -0.10361913 -0.10932369 25 0 389.24775 1.1432367 -0.14534043
7 86.785194 50.96702 0.61665068 -0.4726679 -0.15928734 25 0 456.75154 1.2636365 -0.25405537
8 159.82626 52.145909 0.71935458 -0.38198073 -0.23345095 25 0 1069.6739 2.6091879 -1.0412634
9 179.3151 53.063006 0.72832516 -0.17141211 -0.18194941 25 0 2084.1729 4.7669455 -1.6956005
10 319.91308 54.27597 0.67691422 0.0007885619 0.0081387792 25 0 364.02345 1.0583594 -0.06158293
11 39.646955 55.219859 0.62564778 -0.45270069 -0.069332105 25 0 404.96736 1.0988128 -0.10230926
12 297.93723 55.230752 0.32774926 -0.057360262 -0.10581826 25 0 57031.543 182.97227 -5.6559632
13 84.424449 57.257958 0.67754182 0.044222956 -0.20820934 25 0 4058.1046 9.3650885 -2.4287797
14 373.37414 58.942827 0.69579435 0.24373358 -0.19832215 25 0 884.37946 2.2928373 -0.90093308
15 443.81742 65.063647 0.77970966 -0.1323643 -0.12522191 25 0 777.82049 1.8042783 -0.64075879
16 267.36944 65.790748 0.65575078 -0.40833292 -0.15462467 25 0 1084.4773 2.6642233 -1.0639265
17 416.5239 72.59102 0.58597692 -0.51117619 -0.14364152 25 0 963.21314 2.5763296 -1.0275036
18 474.84713 75.057862 0.76068263 -0.12152816 -0.13212977 25 0 3330.5502 7.4949431 -2.1869208
19 4.5729707 77.997312 0.72007495 -0.54180874 -0.23884099 25 0 485.87152 1.2347619 -0.22895802
20 405.98138 79.522556 0.67237012 0.25552955 0.14321614 25 0 1235.4239 3.0560593 -1.2129044
21 85.418055 79.906774 0.5834669 -0.25152001 -0.1750178 25 0 352.3823 1.0393558 -0.041910633
22 391.34812 81.08144 0.55716469 -0.026715924 -0.11649352 25 0 373.14707 1.2590457 -0.25010371
23 28.91635 83.004474 0.69529315 -0.2686236 -0.16797266 25 0 1450.9923 3.5210488 -1.3666801
24 441.88193 88.211913 0.68125081 -0.090666567 -0.01417539 25 0 750.56019 1.9491349 -0.72460475
25 323.67575 92.048503 0.67319337 -0.22220052 -0.23539434 25 0 2693.7069 6.5055864 -2.0332161
26 92.822391 94.888444 0.66529183 -0.43013377 -0.22615261 25 0 454.32894 1.1228196 -0.12577497
27 65.166004 98.354438 0.67823832 0.13240547 0.06386082 25 0 498.71664 1.2907794 -0.27713006
28 464.16556 99.098096 0.72824288 -0.024497504 -0.10245366 25 0 20761.937 47.015509 -4.1806029
29 256.67453 106.21675 0.68465003 -0.61095462 -0.12900922 25 0 1001.7738 2.3804965 -0.94166885
30 260.55907 107.99914 0.69202492 -0.34924016 -0.2365339 25 0 1223.8733 2.924081 -1.1649735
31 158.94185 108.96541 0.70727909 -0.26158223 -0.24431046 25 0 1527.8247 3.4632044 -1.3486953
32 26.85938 112.76471 0.6660262 -0.16731531 -0.18191324 25 0 2830.867 6.6381344 -2.0551151
33 424.7651 112.98316 0.7534179 -0.13155269 0.23081063 25 0 345.24983 1.0400347 -0.042619597
34 482.16538 115.63751 0.61557199 -0.19534373 0.01036468 25 0 1643.2887 4.2030109 -1.5589013
35 462.49393 119.04993 0.73159852 -0.11983626 -0.23179898 25 0 1860.6049 4.2833836 -1.5794674
36 305.50941 124.43301 0.70350576 0.20321398 -0.27463677 25 0 369.12421 1.0225287 -0.024188765
37 192.1425 126.15154 0.71921843 -0.046486249 -0.10820547 25 0 15961.905 36.209302 -3.8970504
38 209.44808 126.27973 0.58517939 -0.1228843 -0.090866635 25 0 706.06999 1.6820193 -0.56457744
39 219.50769 127.72181 0.58039662 0.21699369 -0.18695043 25 0 1274.7307 3.2593377 -1.2828234
40 276.06437 127.36426 0.59967634 0.24659782 0.06802617 25 0 867.77914 2.3683677 -0.93612284
41 23.921911 130.7431 0.66758053 -0.19392915 -0.19087654 25 0 491.57789 1.3514136 -0.32697074
42 123.2402 132.83861 0.6604066 -0.36799263 -0.20388968 25 0 1635.9868 3.8257886 -1.4568024
43 490.72567 134.42017 0.53510809 0.35341111 0.057552642 25 0 1219.6567 3.2891261 -1.2927013
44 147.36235 138.37392 0.59999895 -0.075413132 -0.19649636 25 0 1268.8457 3.120215 -1.2354613
45 367.19476 149.98515 0.7121578 -0.17914038 -0.18971984 25 0 10899.724 24.842077 -3.4879697
46 270.06073 155.45975 0.63677245 0.012576425 0.033752182 25 0 2324.4861 5.6270236 -1.8756968
47 455.41094 162.09409 0.65548841 -0.29315695 -0.27670629 25 0 6324.5909 15.139136 -2.9502527
48 357.01581 171.54143 0.61900902 -0.056511491 0.040514561 25 0 38642.293 93.41914 -4.9260897
49 396.49495 175.0711 0.6275701 -0.30173063 -0.21625458 25 0 388.53702 1.1551641 -0.15660917
50 124.73931 178.51768 0.5603844 -0.0086880876 -0.22093064 25 0 670.90105 1.6911436 -0.57045122
51 449.54204 183.43478 0.59813347 0.46485525 -0.13486787 25 0 4530.6648 11.206375 -2.6236629
52 135.39433 184.27712 0.66643025 0.48043299 -0.22992683 25 0 666.9877 1.4823369 -0.4273673
53 197.20247 183.80423 0.67947308 -0.1887833 -0.18027314 25 0 1467.2465 3.319654 -1.3027321
54 317.39507 183.7204 0.59565629 -0.72494032 -0.14311116 25 0 383.33811 1.1006615 -0.10413442
55 123.88469 186.88677 0.67388434 -0.0056176462 -0.14430546 25 0 1397.3592 3.3088074 -1.2991787
56 86.238089 192.74194 0.70164524 0.014364705 -0.078440673 25 0 1501.7442 3.3258687 -1.3047627
57 392.4254 192.66974 0.65053103 -0.62579165 -0.18672804 25 0 2090.1239 5.0408329 -1.7562557
58 382.15514 194.96629 0.78566136 -0.47845938 -0.1921438 25 0 504.55248 1.2126344 -0.20932468
59 454.14917 194.60933 0.71159559 0.018820066 0.052734582 25 0 573.02138 1.4673465 -0.41633167
60 197.82218 195.93994 0.6672997 -0.14405474 -0.25077677 25 0 848.93008 1.9146367 -0.70521594
61 392.84522 197.7047 0.59081599 -0.19124478 -0.049075894 25 0 777.40413 2.1490947 -0.8306389
62 42.957471 199.1658 0.72835415 -0.13357644 -0.12522282 25 0 38051.709 86.265872 -4.8395975
63 160.40698 198.41748 0.49960232 -0.32839814 0.034238371 25 0 442.7747 1.1359617 -0.13840921
64 426.29382 209.64877 0.6218689 0.042542247 0.059530662 25 0 423.64513 1.1698375 -0.17031387
65 139.22971 211.52167 0.6792325 0.04757938 0.20144077 25 0 504.09348 1.1087096 -0.1120445
66 37.906688 213.23854 0.63660547 -0.14299323 -0.14805502 25 0 478.72069 1.2432306 -0.23637919
67 480.03029 213.3052 0.73276764 0.032755615 -0.035968198 25 0 1459.3172 3.3265816 -1.3049955
68 440.61746 215.57757 0.53811256 0.14864458 -0.017760084 25 0 363.76593 1.1639617 -0.16484672
69 474.01512 219.44257 0.65722935 0.031729797 0.0867694 25 0 2552.2508 6.1199769 -1.9668745
70 396.81886 225.53515 0.67962293 -0.24756947 0.027504412 25 0 772.28462 1.8475143 -0.66646953
71 297.41367 227.54501 0.54020402 0.46264248 -0.0092273276 25 0 901.31885 2.426981 -0.96266595
72 227.53001 229.5441 0.44315466 0.90707125 -0.021292592 25 0 388.26859 1.2019919 -0.19975388
73 121.92414 230.68134 0.62655891 0.092727409 -0.17418646 25 0 821.12471 1.9402275 -0.71963166
74 450.58695 234.32793 0.64442503 -0.48175744 -0.18422298 25 0 3644.6884 8.792072 -2.3602281
75 211.00614 236.17013 0.68275342 -0.029050593 -0.098072838 25 0 2524.6558 5.8353915 -1.915175
76 323.21453 238.56272 0.60965198 0.16632994 0.029394927 25 0 3096.1145 7.5322067 -2.1923056
77 393.24896 239.4321 0.64296499 0.20797198 -0.027256489 25 0 10622.556 25.134664 -3.5006827
78 298.08656 240.70556 0.7344095 -0.40926646 -0.096909614 25 0 849.31411 1.8652984 -0.67687077
79 151.81936 246.84506 0.67855819 -0.38931659 -0.50011789 25 0 555.38829 1.2316693 -0.2262353
80 211.46804 247.89745 0.56649614 -0.35095543 -0.32813764 25 0 553.86885 1.4060543 -0.37000525
81 402.40857 250.91032 0.6496028 -0.0566533 -0.22002335 25 0 1473.5304 3.5514313 -1.3760085
82 175.26386 264.4336 0.64947553 0.19562202 -0.020898229 25 0 3788.722 8.7149779 -2.3506657
83 399.34878 264.32578 0.64229337 0.049989916 -0.15033664 25 0 5672.6786 13.399666 -2.817735
84 500.12622 265.62882 0.72317385 -0.036893148 0.09397997 25 0 1442.8219 3.2283013 -1.2724351
85 237.07224 267.03166 0.76987545 -0.21265544 -0.27800191 25 0 468.24842 1.0297513 -0.03183092
86 4.5307715 284.78063 0.6754712 -0.25464127 -0.22481195 25 0 1129.4328 2.5964946 -1.0359686
87 18.854844 294.09545 0.82277892 0.22430562 -0.13832867 25 0 662.9184 1.3659875 -0.33861678
88 318.98194 296.94857 0.73027243 -0.19338536 -0.12255652 25 0 5426.7243 12.268756 -2.7220014
89 131.94145 297.9401 0.67744847 -0.21088201 -0.28160334 25 0 834.29922 1.8523355 -0.66929911
90 10.479814 298.96257 0.72174352 -0.044675282 -0.17023762 25 0 1036.7166 2.3409655 -0.92348751
91 38.677981 298.77912 0.66443988 -0.21167686 -0.28969883 25 0 943.47284 2.2171299 -0.86447783
92 424.60636 302.0929 0.63723059 0.11627082 -0.15143324 25 0 581.85773 1.4121409 -0.37469506
93 22.089188 314.52142 0.65834811 0.052821891 0.15603192 25 0 954.51759 2.2487372 -0.87984675
94 165.62296 320.28038 0.65162831 -0.45948488 -0.24719425 25 0 608.16292 1.2462757 -0.2390353
95 397.21675 320.78823 0.70482314 -0.29552224 -0.14776346 25 0 970.0673 2.190097 -0.85115836
96 84.932359 324.98026 0.70430241 -0.18186623 -0.15879507 25 0 3221.5199 7.4510163 -2.1805388
97 277.08015 337.13206 0.70763888 -0.24856662 -0.086766533 25 0 576.7859 1.3698301 -0.34166679
98 234.19146 344.26396 0.44330881 -0.64339236 0.1428968 25 0 367.17736 1.0156261 -0.016834656
99 327.22877 344.88846 0.75830916 -0.58066849 -0.11279237 25 0 520.71857 1.0825355 -0.0861054
100 23.824119 345.81771 0.81585042 -0.2865818 0.05581171 25 0 915.10487 1.8839847 -0.68769345
101 210.70793 345.77217 0.61648524 -0.11906977 -0.075470478 25 0 802.93583 1.8656919 -0.67709981
102 435.51179 352.6789 0.57166872 0.99629098 0.23060311 25 0 646.79934 1.4620961 -0.41243979
103 307.34108 358.40778 0.64386276 0.59484014 -0.069647714 25 0 571.29142 1.246678 -0.23938578
104 186.86546 361.77177 0.67723675 -0.013130594 -0.10747158 25 0 4523.7312 10.473592 -2.5502391
105 328.5904 363.52069 0.5912536 0.50629112 -0.079016171 25 0 727.88869 1.5730633 -0.49186551
106 245.42158 365.96835 0.62894323 -0.30207257 -0.3640538 25 0 17802.081 41.508499 -4.0453426
107 361.33208 373.21204 0.68004402 -0.031711599 -0.19775145 25 0 1721.219 3.8604434 -1.466593
108 172.9924 374.72925 0.66960499 0.035557432 -0.060670016 25 0 1354.5624 3.0177824 -1.1992198
109 225.01036 376.0756 0.71864741 -0.15093457 -0.11860366 25 0 2581.287 5.6736646 -1.8846592
110 42.692814 377.21665 0.68255976 -0.27495861 -0.16118265 25 0 4119.0529 9.6087462 -2.4566668
111 374.57388 377.43004 0.52933176 0.34664643 0.12802957 25 0 783.68218 1.9619314 -0.73170957
112 446.30426 379.81569 0.71338274 -0.30301665 -0.14016239 25 0 8492.9425 19.185939 -3.2074577
113 21.799995 391.32939 0.659729 -0.22897395 -0.085142781 25 0 2819.8141 6.5756978 -2.0448546
114 312.78582 390.6727 0.64136603 0.12086978 -0.043987024 25 0 2785.0877 6.4674518 -2.026833
115 67.657613 393.07822 0.64053965 0.10225624 -0.069260592 25 0 434.48055 1.0301759 -0.032278443
116 174.3845 394.63887 0.58054441 -0.51147774 -0.0085560013 25 0 540.10013 1.2628863 -0.2534106
117 430.8661 396.25912 0.72008779 -0.59292108 0.21150491 25 0 712.19637 1.4695994 -0.41799742
118 91.498177 397.48142 0.571583 -0.81449955 -0.30345851 25 0 964.37906 2.218575 -0.86518531
119 402.11385 400.08629 0.79524002 -0.085865067 -0.055603058 25 0 2627.2831 5.4329831 -1.8375959
120 431.54787 399.8218 0.62757588 -0.53724835 -0.23828225 25 0 1622.0088 3.7225975 -1.4271152
121 7.2768203 402.22436 0.65696702 -0.053547601 -0.13367006 25 0 557.68453 1.3381606 -0.31627058
122 193.58179 407.43629 0.54737984 0.37119963 -0.045660309 25 0 4990.2732 12.228705 -2.7184512
123 324.04251 409.77972 0.6030409 -0.087545333 -0.28552725 25 0 709.22493 1.7676709 -0.61850351
124 222.71826 415.03043 0.70845348 0.010323082 -0.10105585 25 0 657.38888 1.3071515 -0.29081485
125 359.26968 415.02538 0.63942466 -0.48071779 -0.33445134 25 0 630.6059 1.4902474 -0.43314592
126 220.08864 418.73239 0.68755166 -0.056996802 -0.14877274 25 0 1711.7723 3.7616958 -1.4384592
127 507.04668 421.20418 0.74156301 0.020310093 0.029811352 25 0 2541.2837 5.5114625 -1.8531671
128 52.085709 423.86439 0.70859696 -0.12385356 -0.18166804 25 0 940.06009 2.1327832 -0.82236679
129 76.063666 425.26064 0.70285853 -0.084398921 -0.10678556 25 0 2036.7608 4.5984794 -1.6565356
130 100.26022 444.36226 0.71334362 0.10056392 -0.20047668 25 0 954.23944 1.9577704 -0.72940439
131 126.71564 443.41937 0.53670425 0.40616203 0.0017174401 25 0 1484.493 3.5253034 -1.3679913
132 200.09358 446.96398 0.71462807 0.065613677 -0.16648539 25 0 1074.7593 2.2431713 -0.87715612
133 458.8974 447.09324 0.24207758 -0.27635809 -0.074372469 25 0 58854.818 186.47533 -5.6765535
134 312.42442 448.97476 0.67828065 -0.23800054 -0.26518491 25 0 2702.4643 5.9430255 -1.935019
135 213.13927 451.2983 0.61624294 -0.38640681 0.10865554 25 0 964.91683 2.1420627 -0.82708044
136 59.316298 453.07316 0.69914864 -0.15874639 -0.2363037 25 0 11985.144 27.286777 -3.5898806
137 444.86684 463.77412 0.75801598 -0.24297619 -0.098236739 25 0 2257.9814 4.768642 -1.6959868
138 278.89785 467.04306 0.63010448 -0.18004115 -0.20095082 25 0 672.64262 1.5227746 -0.45658903
139 330.10106 472.14279 0.71695384 -0.029356323 -0.12534309 25 0 1422.9296 3.0425309 -1.2080875
140 24.263505 472.58926 0.64625247 -0.27813831 -0.044163261 25 0 4461.5445 10.516388 -2.5546665
141 117.11585 473.87936 0.75705265 -0.22585987 -0.22245403 25 0 1231.3636 2.4927378 -0.9916915
142 395.45384 475.9519 0.55074134 -0.41792123 -0.263321 25 0 60050.225 152.12454 -5.4554982
143 179.04973 482.00293 0.74252087 -0.16584178 -0.17147665 25 0 5170.1372 11.323376 -2.6349398
144 310.41601 484.17921 0.68861804 -0.19603032 -0.20514556 25 0 607.32375 1.1846203 -0.18394795
145 229.05116 485.46886 0.66947742 -0.0030036981 -0.0045796106 25 0 2661.891 5.8660563 -1.9208656
146 106.92361 491.27232 0.68370843 -0.13004038 -0.126787 25 0 885.4423 1.8353203 -0.65927964
147 32.053327 496.49532 0.66306477 -0.3416447 0.07244802 25 0 884.32221 1.9803634 -0.74186225
