id xcentroid ycentroid sharpness roundness1 roundness2 npix sky peak flux mag
1 32.215447 0.030434429 0.87719247 -0.24465122 -0.3923471 25 0 2112 4.4216758 -1.6139672
2 293.61555 15.451964 0.547412 0.6032601 -0.068531106 25 0 460 1.296022 -0.28153096
3 424.99535 18.971208 0.52912404 -0.23808772 -0.40000297 25 0 317 1.3360693 -0.31457243
4 20.830712 24.350112 0.67496184 -0.2574168 -0.10035331 25 0 12936 29.908832 -3.6894986
5 331.03251 24.212467 0.63102245 -0.47358864 -0.23376149 25 0 709 1.9227453 -0.70980438
6 404.49464 27.49621 0.60578258 0.46478846 -0.071024448 25 0 479 1.4071959 -0.37088638
7 463.7332 27.41356 0.62106753 -0.24805541 -0.10310736 25 0 22088 52.387394 -4.298067
8 350.17071 45.900467 0.6679728 -0.21337567 -0.097136236 25 0 474 1.2796913 -0.26776301
9 109.89151 52.287519 0.7261637 -0.072367542 -0.26276791 25 0 527 1.2504701 -0.24268326
10 182.74474 53.383235 0.59605152 -0.40628702 -0.16879466 25 0 934 2.2257382 -0.86868522
11 202.16279 54.252129 0.67276361 -0.12029593 -0.24912488 25 0 2254 5.1241272 -1.7740498
12 62.527617 56.263942 0.56849969 -0.64180077 -0.24221636 25 0 393 1.1162905 -0.11944302
13 320.80655 56.521227 0.39252415 -0.30107163 -0.2175302 25 0 58414 156.99772 -5.4897333
14 342.65798 55.691463 0.62877975 0.53646721 -0.22346259 25 0 385 1.018594 -0.020002816
15 107.54455 58.273888 0.6234126 -0.51001863 -0.30096491 25 0 4278 10.045331 -2.5049106
16 396.32455 60.117857 0.68115085 0.042192902 -0.29590057 25 0 931 2.3650762 -0.93461287
17 466.84583 66.169484 0.70489501 -0.33393751 -0.17951855 25 0 766 1.9856291 -0.7447453
18 290.45811 66.922994 0.69254118 -0.43139478 -0.34408797 25 0 1464 3.2746853 -1.2879239
19 439.39316 73.833382 0.65963309 -0.28127453 -0.34186617 25 0 1221 2.9791056 -1.1852148
20 498.00481 76.033559 0.71399538 0.0024685926 -0.1828451 25 0 3348 7.8572304 -2.2381737
21 27.77057 79.264388 0.61946328 -0.6878637 -0.2101031 25 0 524 1.4196372 -0.38044346
22 50.68236 79.071879 0.63311435 -0.85385277 -0.045394264 25 0 384 1.0698049 -0.073261504
23 428.99706 80.663139 0.64124321 -0.1562776 -0.087857234 25 0 1402 3.4841668 -1.3552473
24 414.38325 82.334618 0.59069834 -0.20245724 -0.38615328 25 0 406 1.2807038 -0.26862177
25 51.989415 84.129624 0.74730235 -0.14370592 -0.23357277 25 0 1718 3.7788376 -1.4433956
26 464.81405 89.174666 0.59999554 -0.014240447 -0.17859094 25 0 740 1.9895224 -0.74687206
27 346.62385 93.158566 0.61482602 -0.30258686 -0.26122152 25 0 2934 7.0912634 -2.126809
28 116.04391 96.030693 0.63957037 -0.37015661 -0.18126795 25 0 494 1.0982769 -0.10177967
29 88.253809 99.495975 0.65001288 -0.19510705 -0.030908161 25 0 615 1.4183469 -0.37945619
30 487.24608 100.17679 0.69531097 0.0044243071 -0.1785931 25 0 21626 49.158924 -4.2290059
31 151.0048 106.69891 0.64832664 -0.7544401 -0.16976721 25 0 499 1.0064791 -0.0070119361
32 279.75201 107.4497 0.58307508 -0.66620611 -0.1888787 25 0 1005 2.4521711 -0.97387692
33 283.70962 109.13506 0.59918146 -0.52296576 -0.36001528 25 0 1374 3.2947592 -1.2945592
34 182.124 110.06965 0.66558282 -0.1240418 -0.26067767 25 0 1735 3.9290861 -1.4857289
35 49.798239 114.04906 0.70067442 -0.31353313 -0.25947619 25 0 4035 9.0922713 -2.396681
36 111.69515 113.71967 0.63256048 0.061562426 -0.27719909 25 0 449 1.0696828 -0.073137569
37 505.35394 116.75033 0.66877727 -0.31120546 -0.24588469 25 0 1853 4.5049535 -1.6342258
38 485.56272 120.15442 0.6574822 -0.069823621 -0.34889979 25 0 1803 4.5061978 -1.6345256
39 328.39224 125.51151 0.67143002 -0.41857354 -0.20139078 25 0 488 1.1242202 -0.12712847
40 215.0766 127.3639 0.61457995 -0.075008327 -0.14464383 25 0 15130 35.948394 -3.8891987
41 232.4609 127.4481 0.60513678 -0.75420262 -0.17059954 25 0 835 1.7437856 -0.6037327
42 242.39718 128.89889 0.61551931 -0.19365852 -0.50281495 25 0 1615 3.6629662 -1.4095823
43 299.23665 128.683 0.61768535 -0.27705502 -0.20020122 25 0 1005 2.3302222 -0.91849334
44 94.226055 130.68093 0.62198306 -0.19323808 0.069482043 25 0 503 1.1363315 -0.13876257
45 46.875703 132.18077 0.79452919 -0.040266392 -0.12571354 25 0 612 1.3207422 -0.30204518
46 146.49879 133.96619 0.65876458 -0.41684864 -0.43199968 25 0 1921 4.2157967 -1.5621991
47 170.47197 139.54491 0.59209242 0.43346164 -0.1690058 25 0 1343 2.9043515 -1.1576229
48 1.7702535 140.65333 0.64607709 0.24878541 -0.089959268 25 0 1112 2.6461206 -1.0565241
49 247.83509 142.85554 0.55612751 -0.55879909 -0.16275918 25 0 504 1.2275369 -0.22258642
50 390.32119 151.1512 0.67811774 -0.024282857 -0.25815014 25 0 11290 25.416124 -3.5127733
51 9.1618276 156.98805 0.68088915 -0.023393088 -0.025171103 25 0 827 2.0199774 -0.76336629
52 293.15873 156.63725 0.60511186 -0.28339919 -0.16866367 25 0 2658 6.2260856 -1.9855377
53 478.48398 163.32532 0.62465089 -0.49423585 -0.22207847 25 0 6229 14.68268 -2.9170133
54 380.19535 172.76135 0.63071943 -0.26632827 -0.21246702 25 0 45785 107.31663 -5.0766675
55 200.83133 176.35859 0.57791362 -0.81084653 -0.37721537 25 0 534 1.0639175 -0.067269932
56 220.17804 184.87896 0.60231533 -0.23672207 -0.2689859 25 0 1697 3.9386997 -1.4883822
57 340.59953 184.8469 0.77776315 -0.33051995 -0.24522607 25 0 565 1.0988326 -0.10232884
58 472.50298 184.663 0.61485611 0.28893146 -0.2058583 25 0 5153 12.179938 -2.7141127
59 158.57643 185.24099 0.54349171 -0.31854619 0.11248204 25 0 689 1.495461 -0.43693769
60 147.10565 188.07343 0.63915942 -0.10046814 -0.31190272 25 0 1565 3.5450391 -1.3740526
61 11.158905 193.96237 0.63959498 -0.011883185 -0.24778177 25 0 821 2.1056261 -0.80845315
62 109.29108 194.09683 0.73032702 0.012525571 -0.19028022 25 0 1954 4.0814987 -1.5270492
63 415.38238 193.83963 0.65832144 -0.36376561 -0.25325655 25 0 2545 6.0135762 -1.947832
64 405.33808 195.99802 0.65340518 -0.28035852 -0.39035442 25 0 557 1.3917636 -0.35891366
65 477.22547 195.78948 0.56986119 -0.36794688 -0.15176858 25 0 502 1.4991311 -0.43959901
66 220.8651 197.10543 0.62213693 -0.35575639 -0.36449695 25 0 1109 2.4925285 -0.99160034
67 415.75019 198.91629 0.59444261 -0.018705912 -0.16926623 25 0 774 2.1413426 -0.82671541
68 183.45083 199.69906 0.54172911 0.35293065 -0.26865154 25 0 643 1.3633995 -0.33655779
69 65.847256 200.44391 0.54796013 0.13533435 -0.023747972 25 0 30312 76.033732 -4.7025158
70 115.69563 201.88337 0.58624009 -0.072142636 -0.22767099 25 0 476 1.0142462 -0.015358476
71 449.2431 210.89131 0.66641358 -0.49270499 -0.29351107 25 0 446 1.1527836 -0.15436951
72 61.023712 214.56532 0.68238688 0.22481447 0.035381101 25 0 553 1.1415036 -0.14369318
73 503.0867 214.53836 0.60879823 0.10405973 0.0088153847 25 0 1264 3.2748937 -1.287993
74 463.68035 216.9127 0.7525104 -0.10329774 -0.44430311 25 0 563 1.418744 -0.37976009
75 496.96099 220.61648 0.60632996 -0.0080524661 -0.06452485 25 0 2667 6.7333088 -2.0705713
76 8.7307382 225.0646 0.5802225 0.49617606 -0.28712169 25 0 446 1.1632859 -0.16421617
77 419.79237 226.78761 0.59556765 -0.23838024 -0.16766022 25 0 945 2.47299 -0.98305588
78 320.50923 228.74104 0.62564605 -0.020787702 -0.25823599 25 0 1304 2.9495824 -1.1744013
79 250.50194 230.63201 0.65213146 0.0097770389 -0.4057836 25 0 666 1.2969118 -0.28227612
80 145.09689 231.8477 0.62605877 0.12507559 -0.23318869 25 0 1045 2.3249992 -0.91605702
81 473.46791 235.56928 0.53802703 0.24861488 -0.18964457 25 0 3118 7.899325 -2.243975
82 234.09168 237.49813 0.5644318 -0.039525705 -0.064933698 25 0 2253 5.2567882 -1.8018012
83 346.30603 239.71282 0.61676525 -0.32751677 -0.17422177 25 0 3890 9.1501831 -2.4035745
84 416.5065 240.54312 0.5954075 -0.71607126 -0.20253855 25 0 10311 23.825101 -3.4425869
85 321.35083 242.03395 0.62525453 -0.042246941 -0.27580762 25 0 980 2.224351 -0.86800828
86 174.6323 248.0077 0.6558992 -0.39276442 -0.51537199 25 0 774 1.5605782 -0.48321383
87 234.76043 249.12722 0.59743664 -0.41230292 -0.085212758 25 0 675 1.4770221 -0.42346749
88 425.6686 252.1114 0.63409051 -0.099295993 -0.23045581 25 0 1671 3.9734422 -1.4979172
89 422.44599 265.52407 0.58480064 -0.72391655 -0.19081109 25 0 5082 11.780873 -2.6779436
90 198.36484 265.52867 0.59560397 -0.50839187 -0.15791089 25 0 4022 9.2635883 -2.4169481
91 27.586359 285.99114 0.67586216 -0.25965186 -0.28343653 25 0 1544 3.5517148 -1.3760952
92 41.775732 295.39236 0.66749643 -0.33127043 -0.015074889 25 0 620 1.2444817 -0.23747129
93 342.0776 298.12132 0.64531878 -0.18539681 -0.1986613 25 0 5207 12.137937 -2.7103622
94 154.88494 299.22266 0.67749351 0.020384947 -0.1822201 25 0 946 1.9712797 -0.7368706
95 33.384505 300.20847 0.72915241 0.17013293 -0.27234657 25 0 1293 2.7517912 -1.0990387
96 61.639468 300.05813 0.62420661 -0.35314578 -0.22306635 25 0 1144 2.6269731 -1.0486391
97 447.68392 303.19169 0.67323107 -0.44392111 -0.25404638 25 0 627 1.57313 -0.49191154
98 130.48418 309.92787 0.66990533 0.18733506 -0.47746638 25 0 541 1.0507938 -0.053793768
99 45.045441 315.7619 0.71622329 -0.16741237 -0.2177644 25 0 1362 2.9403353 -1.1709921
100 188.60907 321.64322 0.66595817 0.16763743 -0.34697715 25 0 766 1.4925029 -0.43478793
101 420.46276 321.99689 0.64536762 -0.17657987 -0.41892881 25 0 881 2.1080671 -0.80971108
102 107.87859 326.23553 0.67467399 -0.2201444 -0.18563477 25 0 3427 7.6810552 -2.2135522
103 300.12043 338.29583 0.59215049 0.031454594 -0.32029242 25 0 534 1.2204432 -0.21629394
104 0.7098614 345.92023 0.68054789 -0.05770543 -0.16606575 25 0 12496 29.440914 -3.6723782
105 350.12372 345.99914 0.6433658 -0.13770758 -0.37691851 25 0 525 1.2502972 -0.24253314
106 46.868556 347.11021 0.64678758 -0.48958346 -0.30579403 25 0 999 2.3366942 -0.92150472
107 233.77419 347.08525 0.67204552 -0.026460208 -0.26158369 25 0 910 1.8611876 -0.67447536
108 458.63672 353.72965 0.48656469 0.32693604 0.14544367 25 0 564 1.6163976 -0.52137051
109 330.46452 359.59359 0.56207173 -0.63482576 -0.10797928 25 0 585 1.45407 -0.40646325
110 209.86895 363.026 0.62436455 -0.21042055 -0.26727256 25 0 4947 11.703741 -2.6708117
111 351.66929 364.69658 0.61540036 0.1095741 -0.22920328 25 0 911 2.1467798 -0.82946873
112 268.66981 367.20003 0.62268363 -0.44120384 -0.33248986 25 0 21038 48.832825 -4.2217796
113 384.40599 374.47493 0.59789636 -0.7320991 -0.17534017 25 0 1406 3.3320867 -1.3067907
114 196.06373 376.05268 0.67163157 -0.2940696 -0.2787293 25 0 1753 3.8388527 -1.4605036
115 248.18011 377.34457 0.62997944 0.081253399 -0.13195975 25 0 2430 5.5274098 -1.8563042
116 65.721699 378.61645 0.58750017 -0.31637463 0.020738691 25 0 3910 9.3583063 -2.4279931
117 397.77191 378.71524 0.54363966 0.063109677 -0.19846288 25 0 873 2.3885751 -0.94534726
118 469.37901 380.94642 0.6989667 -0.4482104 -0.30091358 25 0 8450 18.836731 -3.1875139
119 335.93293 391.84984 0.634483 -0.18896139 -0.21197447 25 0 3122 7.357682 -2.1668525
120 44.815727 392.60158 0.66728636 0.093028742 -0.16458429 25 0 3249 7.302622 -2.1586971
121 90.79665 394.27042 0.68035125 -0.31626863 -0.21542019 25 0 554 1.144919 -0.14693688
122 197.54311 395.94854 0.70278482 -0.47318667 -0.61884471 25 0 613 1.1569765 -0.15831134
123 114.5703 398.69664 0.64953166 0.06628163 -0.27382943 25 0 1314 2.8318352 -1.1301699
124 425.33843 401.32626 0.61811672 -0.019261274 -0.15524996 25 0 2076 5.0619061 -1.7607852
125 454.62031 400.92082 0.68528038 -0.45529878 -0.27539412 25 0 1914 4.4683008 -1.625356
126 30.364501 403.49859 0.49602697 0.67899109 -0.1022 25 0 401 1.0694195 -0.072870282
127 216.63432 408.81287 0.62043205 -0.093547728 -0.33218184 25 0 6680 15.629679 -2.9848752
128 347.02623 411.04205 0.64871369 -0.54797982 -0.18958811 25 0 690 1.6612355 -0.55107802
129 245.83702 416.28926 0.62480448 -0.10817374 -0.21949902 25 0 627 1.4040174 -0.36843124
130 382.51468 415.92827 0.59646432 -0.39802015 -0.16435833 25 0 489 1.2691655 -0.25879568
131 243.16696 420.03558 0.65822731 -0.16902861 -0.28795365 25 0 1895 4.3362551 -1.5927871
132 75.116858 425.18247 0.74923521 0.12479968 -0.16459022 25 0 997 2.0462366 -0.7773896
133 99.189274 426.55743 0.64947954 -0.28783733 -0.079105906 25 0 1996 4.5093858 -1.6352935
134 149.8629 444.73296 0.62950827 -0.16047822 -0.21138819 25 0 2021 4.6731943 -1.6740346
135 123.40623 445.51497 0.59783151 -0.27126517 -0.16930305 25 0 847 1.8138287 -0.64649068
136 223.24909 448.15953 0.69021526 -0.18250135 -0.38394793 25 0 1134 2.4941297 -0.99229759
137 482.01078 448.42589 0.3052111 -0.21353864 -0.16513906 25 0 57964 160.20115 -5.5116641
138 335.52506 450.31621 0.65998355 -0.72351987 -0.32474135 25 0 2634 5.8505194 -1.9179861
139 236.2483 452.77436 0.62122127 -0.41680126 -0.13791747 25 0 1119 2.6077916 -1.0406822
140 82.333834 454.39726 0.65618608 0.22340527 -0.14862915 25 0 12206 27.805852 -3.6103405
141 468.07379 464.93094 0.69174754 -0.21909792 -0.22838755 25 0 2085 4.9508256 -1.7366941
142 302.28794 468.56311 0.53034541 0.072352425 -0.065558238 25 0 493 1.2430106 -0.23618709
143 353.11222 473.42326 0.58991074 0.17864264 -0.17468247 25 0 1019 2.5761813 -1.027441
144 47.456865 473.87257 0.7041708 -0.28104947 -0.27976049 25 0 5618 12.539996 -2.7457435
145 140.3176 475.20977 0.72422229 -0.08124209 -0.31111922 25 0 1173 2.5104188 -0.99936545
146 418.52438 477.18339 0.53925546 -0.49631112 -0.31646607 25 0 57988 142.59705 -5.3852764
147 202.14192 483.28023 0.66612508 -0.072161752 -0.18194808 25 0 4807 11.087151 -2.6120499
148 333.68326 485.27416 0.69077281 -0.67688992 -0.45121289 25 0 582 1.3581684 -0.33238406
149 419.80058 484.79243 0.69449957 -0.19894219 -0.28530507 25 0 468 1.0982081 -0.10171159
150 105.33448 487.07022 0.72859415 0.16577481 -0.37560955 25 0 515 1.0562399 -0.059406431
151 252.16863 486.70902 0.66559936 -0.28944651 -0.22072634 25 0 3007 6.9148487 -2.0994567
152 329.40331 492.108 0.62691471 -0.29846927 -0.1666911 25 0 443 1.1279266 -0.13070213
153 130.05085 492.6736 0.64833487 -0.12567838 -0.23680944 25 0 800 1.7538909 -0.61000646
154 55.222069 497.81281 0.78325562 -0.067659961 -0.20147326 25 0 1274 2.6675323 -1.0652742
