id xcentroid ycentroid sharpness roundness1 roundness2 npix sky peak flux mag
1 338.8423 2.2667409 0.69101396 0.40371911 0.11729513 25 0 318.837 1.2490261 -0.24142877
2 311.47454 4.9603699 0.68890279 0.15957699 -0.29548555 25 0 763.22592 3.1251307 -1.2371705
3 320.57788 7.3828094 0.53560234 0.74265409 -0.12731639 25 0 276.50699 1.4105414 -0.37346458
4 442.71669 8.0650201 0.73742208 0.27979476 0.0017753188 25 0 636.52938 2.4917555 -0.99126355
5 123.43358 12.430459 0.6899623 0.25742954 -0.010048833 25 0 554.38092 2.3201832 -0.91380569
6 348.82098 13.673215 0.54693599 0.49653466 0.24701356 25 0 725.78252 3.5410761 -1.3728381
7 497.9941 13.012466 0.93938477 0.18679881 -0.22623109 25 0 363.04489 1.255716 -0.24722858
8 38.397281 14.516173 0.65661877 0.69310094 0.050913099 25 0 13180.729 54.81667 -4.3472816
9 481.41623 16.469837 0.67813851 0.74899603 0.0058495513 25 0 25618.67 103.38623 -5.0361567
10 422.32455 16.56723 0.59652106 0.092193417 0.026183067 25 0 667.33999 3.0755475 -1.2198061
11 439.16251 18.2156 0.55519028 -0.1386819 -0.21344562 25 0 235.73473 1.1762542 -0.17625294
12 347.94615 21.794788 0.76777838 0.27741617 0.13857593 25 0 362.55778 1.4015655 -0.36653349
13 227.00338 31.772577 0.74349471 0.089392535 0.17939893 25 0 376.5405 1.527171 -0.45971918
14 368.04185 34.932908 0.63723297 0.30824747 0.041517343 25 0 632.4903 2.7929436 -1.1151554
15 467.78815 35.177089 0.60264036 0.3904789 -0.17632225 25 0 424.60948 2.0331822 -0.77044077
16 140.75714 37.785828 0.63909701 -0.17059245 -0.23432195 25 0 455.36439 2.089922 -0.80032518
17 127.58845 41.991803 0.70367251 0.20769103 -0.10868828 25 0 673.61447 2.7604799 -1.1024615
18 200.45596 43.018497 0.70877694 0.13701559 -0.22305418 25 0 1211.7347 4.7848239 -1.6996649
19 220.02352 43.860636 0.67459146 0.33230012 -0.013987957 25 0 2576.6865 10.740289 -2.5775399
20 433.04328 43.437318 0.71571602 0.844406 0.36499205 25 0 330.85003 1.3300705 -0.30968667
21 360.63851 44.788424 0.74266231 0.71783929 0.090458238 25 0 537.11177 2.1489884 -0.83058516
22 80.496741 46.288777 0.60822437 0.51303428 -0.1989041 25 0 557.64023 2.622045 -1.0466004
23 338.54806 45.873049 0.35609669 0.57458797 0.091994447 25 0 58408.166 307.36467 -6.2191349
24 404.13972 45.689089 0.34644795 -0.10108365 -0.14891625 25 0 173.61102 1.0980394 -0.1015448
25 264.28881 46.32839 0.5014211 0.41530279 0.061562275 25 0 256.97802 1.3800335 -0.34972405
26 125.3687 48.204929 0.69480722 0.35250002 -0.13658191 25 0 5493.9111 22.362706 -3.3738109
27 168.48518 48.696424 0.62455262 0.16036135 0.033847963 25 0 321.72988 1.3617385 -0.33523427
28 414.10205 49.301756 0.70768428 0.37389692 0.030500233 25 0 1203.2472 4.9876368 -1.744737
29 58.77714 50.70861 0.69161022 0.51669889 0.4390129 25 0 264.30213 1.1115888 -0.11486043
30 247.60279 53.534428 0.36200737 -0.62612153 -0.11106708 25 0 198.98004 1.4437258 -0.39871178
31 66.48887 55.553827 0.80164957 0.067692716 -0.13643045 25 0 287.07014 1.0968217 -0.1003401
32 261.12861 54.953108 0.5255663 0.36175326 -0.26725978 25 0 350.27134 1.705739 -0.57978146
33 484.48143 55.321936 0.5896178 0.072725861 -0.1678916 25 0 780.30766 3.558909 -1.3782922
34 308.21725 56.280413 0.6587056 0.45256899 -0.12172137 25 0 1659.9162 6.9728082 -2.1085193
35 156.49153 61.336029 0.5838226 0.25571912 -0.11332923 25 0 329.61605 1.5707442 -0.49026365
36 457.2456 62.8384 0.6675092 0.30278214 -0.061412169 25 0 1722.1196 7.3542893 -2.1663518
37 44.555207 64.426803 0.79931264 -0.37242962 -0.33456621 25 0 337.23132 1.332292 -0.31149853
38 11.702884 67.044029 0.65840408 -0.22110438 -0.22828447 25 0 416.49077 1.8788158 -0.68471052
39 363.29067 67.224396 0.80434407 0.54469622 -0.079628747 25 0 399.09715 1.5502818 -0.47602662
40 45.4899 69.302215 0.69712784 0.40574489 -0.076999025 25 0 683.18851 2.9268402 -1.1659975
41 68.707823 68.979603 0.56609407 0.068407884 0.0055263624 25 0 452.61043 2.1392612 -0.82565954
42 183.37671 69.472072 0.56810258 0.078671851 -0.33857115 25 0 266.82436 1.2508377 -0.24300238
43 446.84176 69.752766 0.67475249 0.44434587 0.0064861594 25 0 1849.1309 7.8825498 -2.2416668
44 485.52816 70.339756 0.56619965 0.8083796 0.0058136881 25 0 388.38218 1.8327045 -0.6577311
45 11.931732 71.153141 0.70662496 -0.28011686 0.16922146 25 0 560.74515 2.3649402 -0.9345504
46 126.26335 71.025971 0.69197755 -0.308196 -0.29461034 25 0 428.16203 1.7413682 -0.60222654
47 432.08755 71.427998 0.64819346 0.41474859 0.039805323 25 0 576.65801 2.6280172 -1.0490705
48 50.904111 73.799423 0.32171774 0.064755126 0.32219887 25 0 152.89503 1.1260595 -0.12890338
49 69.689236 74.209033 0.68882774 -0.061263854 -0.1085532 25 0 1809.4854 7.5498443 -2.194845
50 139.12229 76.539407 0.51920875 0.48446383 -0.0027061243 25 0 205.1825 1.0816631 -0.085230053
51 482.63972 78.425361 0.60817055 0.13207252 -0.024926759 25 0 944.36936 4.0636117 -1.5222805
52 364.62311 82.382736 0.60619707 0.90166174 0.13802032 25 0 2823.8405 12.148169 -2.7112771
53 133.50689 85.923785 0.6491085 0.0028785328 -0.24339118 25 0 490.17869 2.2452927 -0.87818243
54 449.06823 87.81646 0.56457077 0.60886928 0.28106642 25 0 222.23965 1.1993973 -0.19740762
55 505.04345 89.263007 0.71124613 0.37998884 0.01842347 25 0 24962.514 100.9587 -5.0103594
56 106.07312 89.562426 0.62832214 0.10374816 -0.06660732 25 0 596.89404 2.5232786 -1.004913
57 158.72765 89.246051 0.56553778 -0.41782756 -0.061077573 25 0 300.65062 1.3853093 -0.35386688
58 247.10586 93.041602 0.7044642 0.37185685 -0.08254667 25 0 262.7831 1.0281789 -0.030171673
59 168.97197 96.413895 0.68345085 0.32619373 -0.016717788 25 0 553.24875 2.263988 -0.8871853
60 297.65112 96.827375 0.67393921 0.13759867 -0.1783767 25 0 1299.7372 5.3736908 -1.8256817
61 301.60483 98.562968 0.62030004 0.39532331 0.046213311 25 0 1321.9651 5.7046117 -1.8905652
62 199.9268 99.715167 0.63467506 0.37164185 -0.011347578 25 0 1717.0485 7.4006598 -2.1731761
63 380.89022 101.89931 0.63066939 -0.60925719 -0.09939383 25 0 237.25817 1.2276532 -0.22268922
64 375.07602 103.27552 0.99643553 0.47545534 0.47381127 25 0 630.36817 2.3632675 -0.9337822
65 465.49656 103.42037 0.60803664 0.25352237 0.13088379 25 0 386.10533 1.8467713 -0.66603278
66 67.68805 104.03747 0.71626302 0.11226582 -0.11388094 25 0 4508.8802 18.244111 -3.1528067
67 129.76066 103.47458 0.72644078 0.45054453 0.049188088 25 0 406.50124 1.5676901 -0.48815054
68 75.533199 105.28354 0.77589712 -0.39914248 -0.11536166 25 0 287.2023 1.1112244 -0.11450442
69 310.61302 105.63089 0.53164059 -0.59324086 0.014012169 25 0 269.01934 1.450326 -0.40366407
70 163.83206 109.39105 0.47580792 0.1309314 0.22534761 25 0 160.54853 1.0041686 -0.0045165866
71 503.37199 109.21067 0.68344651 0.45607224 -0.08521 25 0 2277.1317 9.5471779 -2.4496875
72 346.39011 114.92545 0.64736773 0.15089239 -0.30145756 25 0 623.43063 2.7569655 -1.1010783
73 232.94293 116.98521 0.68524809 0.2367982 -0.075026474 25 0 19085.684 79.476076 -4.750591
74 250.3264 117.17559 0.56957617 0.33545098 -0.04783079 25 0 905.78615 3.9885498 -1.5020376
75 260.53724 118.39385 0.62483775 0.54738072 -0.1628776 25 0 1594.9283 6.5262515 -2.0366595
76 317.05851 118.01456 0.69713952 0.22345457 -0.066804333 25 0 1287.7602 5.2718289 -1.8049033
77 212.54033 120.24275 0.59048473 -0.29610876 -0.4140762 25 0 483.04165 2.1536243 -0.83292484
78 462.43504 119.6467 0.68568745 -0.17242325 -0.028970352 25 0 418.1406 1.7915649 -0.63308135
79 506.30272 119.75494 0.67490938 0.44901199 -0.25256397 25 0 309.12575 1.1900669 -0.18892846
80 112.06322 120.58821 0.60723445 0.48324886 0.043535498 25 0 517.64565 2.3383726 -0.92228428
81 327.53168 120.70718 0.54339102 -0.95283908 -0.30990189 25 0 218.80284 1.1684744 -0.16904804
82 64.758589 122.0992 0.6742305 -0.16930691 -0.001726592 25 0 675.04746 2.7801056 -1.1101532
83 164.44711 123.66212 0.57745885 -0.062777023 -0.1358825 25 0 1846.3349 8.3121444 -2.2992827
84 492.3453 123.93405 0.75012491 0.21072221 -0.17881025 25 0 425.75376 1.6183462 -0.52267858
85 188.3216 129.09456 0.69212166 0.24396147 -0.14303061 25 0 1931.2918 7.8022076 -2.2305438
86 19.6054 130.88309 0.69926047 0.28469423 -0.10540723 25 0 1364.7057 5.7649813 -1.9019948
87 265.70968 132.33949 0.62774035 0.036122633 -0.072982427 25 0 555.69375 2.4949002 -0.99263296
88 408.20269 140.3462 0.65119967 0.48037403 -0.033741615 25 0 12347.334 51.796921 -4.2857599
89 396.8166 143.55523 0.57406882 -0.44964048 0.15517181 25 0 233.54521 1.3153498 -0.29760314
90 311.10294 146.07507 0.63800613 0.18032123 -0.11233893 25 0 3139.349 13.599648 -2.8338191
91 27.008466 147.11298 0.76234802 0.15693112 -0.097768286 25 0 895.79347 3.6543433 -1.4070234
92 106.59344 148.93507 0.56039998 0.99053865 0.10819586 25 0 282.48567 1.4413581 -0.39692973
93 9.9512556 151.15203 0.77008958 0.58023941 -0.058518245 25 0 727.16333 2.805175 -1.1198999
94 496.47159 152.3333 0.66331202 0.59019903 -0.090992454 25 0 7695.0829 31.855076 -3.7579466
95 109.84418 160.44942 0.58785318 0.1193742 -0.17689374 25 0 432.93757 2.1385195 -0.82528305
96 398.19505 161.93448 0.64056781 0.24583077 -0.089031217 25 0 53229.966 228.78154 -5.8985525
97 437.316 165.28745 0.67539554 0.3850697 0.054192493 25 0 564.61397 2.4991131 -0.99446477
98 218.69585 166.21678 0.62901831 0.22315968 -0.021504859 25 0 487.55203 2.0473357 -0.77797267
99 165.7739 169.46822 0.54255959 0.64787234 0.041956131 25 0 958.79359 4.4528973 -1.6216067
100 468.83267 171.61963 0.68357175 0.31630613 -0.056579925 25 0 257.39353 1.27725 -0.26568974
101 45.638236 173.22258 0.60232412 -0.072300159 -0.1581649 25 0 376.8815 1.756083 -0.61136258
102 238.29968 174.5847 0.592559 0.65387968 0.087529853 25 0 1525.4659 6.5813363 -2.0457852
103 358.65512 174.16226 0.52127725 0.043687369 -0.41599338 25 0 459.59232 2.4977791 -0.99388505
104 490.43406 173.7478 0.64966996 0.52292788 -0.12636288 25 0 6128.9561 25.46022 -3.5146554
105 176.44953 175.23638 0.63536687 0.45273218 -0.18590909 25 0 977.02562 4.1240301 -1.5383046
106 425.94708 176.37728 0.73700436 0.38501256 0.29823509 25 0 380.40428 1.5102436 -0.4476175
107 13.982024 177.36304 0.54142205 -0.10206255 -0.13613173 25 0 249.84749 1.4062678 -0.37017009
108 164.9437 177.92324 0.66750651 0.16929196 -0.11800504 25 0 1732.0631 7.2105644 -2.1449231
109 433.45233 182.96346 0.61459277 0.17566242 -0.19870844 25 0 2708.7865 11.807533 -2.6803979
110 29.023739 183.8133 0.73722583 0.17124193 -0.027903505 25 0 1003.2028 4.1383546 -1.5420693
111 127.20234 183.91769 0.61911149 0.38144611 0.0017888338 25 0 1819.6229 7.8122781 -2.2319442
112 423.34592 185.22712 0.67175918 0.27126723 -0.17958229 25 0 647.55982 2.8453062 -1.1353225
113 495.1805 184.64536 0.53292775 0.27458006 -0.030346172 25 0 664.52585 3.2509123 -1.2800131
114 2.5229644 186.42519 0.4971723 -0.96181311 -0.17719635 25 0 203.90551 1.2580876 -0.24927716
115 239.06271 186.66709 0.60312863 0.084117342 0.010815171 25 0 1075.5628 4.8514312 -1.7146747
116 433.81492 188.03044 0.72058766 0.036883199 -0.049306634 25 0 1027.9274 4.2191636 -1.5630659
117 201.53823 189.43614 0.64817984 0.70492415 -0.10421647 25 0 683.28198 2.8139854 -1.1233046
118 83.745575 190.45742 0.63756051 0.053903404 0.081721717 25 0 37842.03 160.81332 -5.515805
119 133.60398 191.75579 0.65118613 0.041967492 -0.15719033 25 0 449.97955 1.8531557 -0.66977976
120 432.79974 196.02311 0.63343343 0.23568036 0.052059404 25 0 436.72558 2.1428511 -0.82747999
121 467.22372 199.73843 0.58293255 0.02997663 -0.0046581909 25 0 546.46649 2.4627688 -0.9785591
122 180.42008 202.32438 0.61100438 0.63050804 -0.17748501 25 0 558.91214 2.4246784 -0.96163538
123 361.35437 201.69809 0.50459354 -0.0098662048 -0.41690583 25 0 244.41925 1.1948349 -0.19326979
124 394.27729 201.60813 0.66834444 0.13673483 0.044012884 25 0 318.42921 1.3701318 -0.34190583
125 210.60871 203.56994 0.59401298 0.1631022 0.035433727 25 0 257.78963 1.0751804 -0.078703297
126 78.894254 204.59839 0.61895379 -0.20065454 0.064371225 25 0 514.24951 2.192561 -0.85237923
127 418.30031 204.21475 0.82218527 0.30464194 0.048527707 25 0 283.52796 1.0342765 -0.036591605
128 481.68515 205.76509 0.69872667 0.62070817 0.063659729 25 0 668.30767 2.7521583 -1.0991835
129 24.573538 213.36653 0.61396923 0.67727691 -0.08314847 25 0 415.09018 1.9034371 -0.69884633
130 26.934402 214.97321 0.81372966 0.81627227 -0.17346559 25 0 585.01077 2.1736159 -0.84295702
131 437.89344 215.84441 0.65708189 0.26189055 0.0062846279 25 0 1196.6906 5.2427197 -1.7988916
132 0.29676399 217.03826 0.8617554 0.035070955 0.096037149 25 0 2380.1631 8.8064864 -2.3620067
133 338.53608 218.06727 0.66935353 0.11798263 -0.16460014 25 0 1549.6772 6.3497557 -2.0068925
134 268.63101 220.0818 0.59124662 0.23877403 -0.0010578995 25 0 692.77379 3.2382543 -1.2757774
135 162.95137 221.58449 0.57640236 0.6620496 0.099436302 25 0 888.88998 3.9943749 -1.5036221
136 491.64413 224.54344 0.60523678 -0.06487015 0.092486737 25 0 4071.0202 17.369178 -3.0994482
137 232.64723 225.08885 0.66854464 -0.28499722 0.0028491815 25 0 288.2792 1.2692284 -0.25884944
138 252.1838 226.83296 0.63324269 0.26204619 -0.075366397 25 0 2890.7729 12.560672 -2.7475321
139 364.42547 228.9367 0.61241595 0.12772343 -0.17788521 25 0 4205.0578 18.244637 -3.1528381
140 434.4796 229.6485 0.62223715 0.62858443 -0.062025789 25 0 12394.884 52.237101 -4.2949477
141 270.24131 230.89211 0.50387651 -0.49395572 -0.10534438 25 0 232.78165 1.1713862 -0.17175027
142 339.34157 231.24794 0.61783781 0.37769486 -0.11132888 25 0 993.74819 4.3466944 -1.5953978
143 503.62567 231.40834 0.53252406 0.48198225 0.04090982 25 0 237.67733 1.2465039 -0.23923409
144 164.71423 234.86723 0.66720645 0.2536592 -0.24062292 25 0 231.74912 1.0121109 -0.013070248
145 192.80152 237.65625 0.64176711 0.88771702 0.19265743 25 0 637.83585 2.6684532 -1.065649
146 252.72722 238.61711 0.6614482 0.47219057 0.042959601 25 0 730.02745 2.9151503 -1.1616524
147 443.68253 241.15469 0.65776204 0.036028446 -0.081311788 25 0 2025.6652 8.6824548 -2.3466063
148 43.176332 242.04223 0.66524712 0.19463824 0.10086985 25 0 429.93375 1.8144836 -0.64688265
149 29.689588 244.54423 0.86258022 0.45656667 -0.16274874 25 0 350.78806 1.2633452 -0.25380509
150 373.89885 245.10461 0.62107727 0.50675555 -0.12552362 25 0 210.33392 1.0543336 -0.057445151
151 64.120307 252.49888 0.57446964 0.40204818 0.19544374 25 0 272.25578 1.4294087 -0.38789108
152 497.8134 252.266 0.83813337 0.45350696 0.058158959 25 0 327.93705 1.2664461 -0.2564668
153 216.39954 255.17561 0.64304009 0.37192639 -0.14660073 25 0 4915.2284 20.946154 -3.3027607
154 440.59407 254.55018 0.62024659 0.7207578 0.032165288 25 0 6774.9318 28.87172 -3.6511817
155 278.62907 257.55953 0.65134292 0.12437413 -0.18109395 25 0 330.005 1.419942 -0.38067654
156 344.16008 264.04494 0.72472363 0.19941641 -0.24334891 25 0 441.34738 1.8217406 -0.65121633
157 117.14119 265.37359 0.46998324 0.37330243 0.24299145 25 0 293.907 1.5526444 -0.47767999
158 38.965048 276.17239 0.68141874 0.634257 0.23916893 25 0 299.71018 1.3322445 -0.31145981
159 45.603325 276.0459 0.74352068 0.16270382 -0.089622368 25 0 1625.173 6.3533011 -2.0074986
160 102.36081 277.60398 0.74954331 0.49126081 0.18668125 25 0 357.69471 1.3599094 -0.33377495
161 227.9016 284.12169 0.54472038 0.22536959 0.10171453 25 0 328.47608 1.655403 -0.54725934
162 497.14858 284.17288 0.66354724 -0.29132666 -0.24492473 25 0 257.2541 1.187802 -0.18686009
163 59.83051 285.24043 0.69412981 0.34296573 0.01083672 25 0 774.49468 3.1477496 -1.2450004
164 360.2064 287.47914 0.60523562 0.48201015 0.036295761 25 0 5039.2312 21.993803 -3.3557508
165 172.93692 288.86265 0.67587229 0.59191714 -0.010380943 25 0 981.15404 4.0233597 -1.5114722
166 51.433844 290.10834 0.72660415 0.52237092 -0.056912843 25 0 1375.2609 5.3565127 -1.8222053
167 79.659378 289.94848 0.69919808 0.28962985 -0.10836267 25 0 1312.8596 5.3699945 -1.8249346
168 334.65425 292.42175 0.58822853 -0.094324714 0.099350373 25 0 426.39971 1.8665791 -0.67761598
169 465.84194 292.24253 0.63169749 0.16339924 0.03411588 25 0 766.51518 3.4335535 -1.3393595
170 4.1143479 295.01381 0.81236882 0.22218517 -0.17323429 25 0 703.24514 2.7462322 -1.0968431
171 19.367227 295.19144 0.73492691 -0.13716404 -0.39825221 25 0 247.82186 1.088509 -0.092080063
172 44.878535 297.38461 0.68180009 0.061361496 -0.26617233 25 0 270.36032 1.233855 -0.22816032
173 148.74625 299.82106 0.53008317 0.33965281 0.35608339 25 0 393.9098 1.8457527 -0.66543379
174 63.185576 305.65969 0.64680773 0.23404136 0.034343223 25 0 1258.7308 5.2364281 -1.7975879
175 411.05107 305.55769 0.47913797 0.10519403 0.12056444 25 0 349.49775 1.9344522 -0.71639498
176 113.99863 307.73787 0.66689316 0.35210342 -0.0022126607 25 0 239.67484 1.0539503 -0.057050363
177 206.62154 311.28182 0.72480492 -0.017732161 -0.11435083 25 0 892.61474 3.4335746 -1.3393662
178 438.46777 311.03469 0.627064 0.15906266 -0.18043841 25 0 1006.6387 4.4589123 -1.6230723
179 125.95887 315.98576 0.72694172 0.26536077 -0.062938089 25 0 4096.3143 16.358956 -3.034389
180 1.998051 317.69387 0.71748163 0.35564199 0.090628794 25 0 2478.2515 10.052516 -2.5056869
181 213.1515 319.0772 0.55594456 0.52425048 0.056714101 25 0 229.33156 1.0790924 -0.082646631
182 47.933187 320.04232 0.77189455 -0.13607178 0.085884365 25 0 492.97142 1.8552419 -0.67100135
183 442.93022 325.287 0.68616837 0.81096049 0.34184563 25 0 313.2897 1.3190799 -0.30067772
184 175.51038 325.57179 0.56282005 0.41027885 -0.12510914 25 0 280.11549 1.3480926 -0.32429927
185 318.30847 327.6362 0.54862577 0.13828079 -0.13855228 25 0 505.77566 2.4837479 -0.9877688
186 250.99972 330.5402 0.45244449 -0.39594682 -0.32528891 25 0 232.50188 1.2471754 -0.2398188
187 8.4807969 335.00598 0.6494399 0.1907579 -0.18884169 25 0 4715.5254 20.084041 -3.2571277
188 275.6377 334.99956 0.71331171 0.20615102 -0.16758401 25 0 521.90815 2.0513271 -0.78008729
189 368.67421 335.20738 0.59950686 0.58811202 -0.27368453 25 0 420.95512 1.8914035 -0.69196049
190 18.735944 335.96413 0.73134838 0.23459755 -0.059210419 25 0 14118.444 56.3983 -4.378165
191 64.979288 337.07298 0.73711753 -0.18554839 0.010098409 25 0 1223.354 4.7029121 -1.6809172
192 251.93333 336.40543 0.55933003 0.50132026 0.069894099 25 0 810.38212 3.8230333 -1.4560202
193 476.90294 342.86088 0.58561057 0.59936087 0.49167694 25 0 891.0162 3.7350704 -1.430747
194 247.95838 346.32001 0.69514705 0.4654184 -0.16044756 25 0 379.06994 1.5212125 -0.45547475
195 348.78826 348.72215 0.66114404 0.39492605 -0.023567321 25 0 757.02522 3.1363086 -1.241047
196 463.59228 351.15217 0.70794373 -0.18161454 0.30243989 25 0 261.60104 1.1277015 -0.13048537
197 6.4757569 351.98709 0.96980996 0.0043901677 -0.51635194 25 0 323.29783 1.0562217 -0.059387666
198 228.00812 352.48913 0.58193235 0.43745525 0.095181839 25 0 4644.8362 20.559199 -3.2825155
199 369.99762 353.83691 0.64339002 0.45166742 -0.0015342463 25 0 1122.4609 4.7430438 -1.6901428
200 0.50442683 355.26882 0.85196655 0.44776292 0.10487901 25 0 516.12488 1.7933158 -0.63414193
201 10.074123 354.99072 0.82144825 -0.0060985187 0.075273366 25 0 967.77264 3.4264039 -1.3370964
202 481.68878 354.5037 0.64407243 -0.12993797 -0.12629508 25 0 288.85933 1.1277514 -0.13053346
203 286.89409 356.55873 0.60359241 0.23975138 0.084766015 25 0 22393.946 95.34332 -4.9482257
204 10.289307 358.80389 0.71271665 0.10471197 0.039912519 25 0 1431.4472 5.6571561 -1.8814954
205 145.30724 358.80347 0.73448052 0.68124073 -0.14234106 25 0 269.24483 1.0056956 -0.006166353
206 431.65978 358.65048 0.6306665 0.00029904367 -0.053362097 25 0 228.61672 1.0784584 -0.08200845
207 342.04576 361.07132 0.69197729 -0.74013008 0.13031922 25 0 253.44867 1.1111265 -0.1144088
208 11.10709 361.99798 0.96723438 0.22933458 0.61311521 25 0 699.96093 2.0237632 -0.76539922
209 16.795683 364.21663 0.68655947 -0.25603224 0.6769936 25 0 256.49701 1.0415882 -0.044240166
210 402.69241 363.46186 0.62546036 0.64900347 0.085797491 25 0 1678.0302 7.0327521 -2.1178133
211 467.95336 364.1584 0.66439883 0.3459333 0.16807171 25 0 418.53731 1.7899141 -0.63208046
212 214.24921 365.56186 0.54663572 0.082311267 -0.034395119 25 0 1299.3142 5.7934603 -1.9073451
213 266.34263 366.70822 0.61104419 -0.033686232 -0.04425117 25 0 2576.3811 11.233592 -2.6262966
214 83.803565 368.31395 0.67807867 0.1398406 -0.013733311 25 0 5092.1539 20.898316 -3.3002782
215 415.92707 367.8376 0.71198573 0.042723481 -0.074384403 25 0 1280.3415 5.1464849 -1.7787767
216 127.11544 369.13821 0.70025556 0.25702734 -0.27438288 25 0 657.64357 2.7420889 -1.0952038
217 487.6089 369.89476 0.69442176 0.19295249 -0.092469017 25 0 9663.1253 39.317534 -3.9864657
218 10.936515 371.3145 0.69370175 0.41933767 0.004587712 25 0 635.2533 2.6810072 -1.0707449
219 464.07825 377.6289 0.60265612 0.3770462 -0.088855644 25 0 302.20702 1.4183559 -0.37946303
220 434.76336 379.21501 0.52441824 -0.059243263 0.20695889 25 0 223.05505 1.0427015 -0.045400016
221 354.1692 381.04396 0.6750254 0.22204909 -0.11916689 25 0 3809.2586 15.942196 -3.0063704
222 13.997185 381.71449 0.67424997 0.49168627 0.04972662 25 0 301.63897 1.093678 -0.097223646
223 63.02567 382.45149 0.69561665 0.46117269 0.14083276 25 0 3735.9058 15.07116 -2.9453667
224 108.75019 384.10499 0.72538622 -0.065054816 0.04780452 25 0 714.04298 2.8769182 -1.1473188
225 215.52116 385.60463 0.55563101 0.98862484 0.1182212 25 0 546.98695 2.4409402 -0.96889286
226 257.3318 386.31484 0.65399256 0.35397666 -0.064422344 25 0 301.23425 1.290566 -0.27695055
227 472.13543 386.29461 0.63137243 -0.73650456 -0.10327978 25 0 678.735 2.9444803 -1.1725216
228 88.500933 387.2173 0.60638402 -0.32743169 -0.28852758 25 0 356.96242 1.578867 -0.49586388
229 132.81472 388.35028 0.66527323 0.1508591 -0.055668962 25 0 1443.8756 5.8278527 -1.9137714
230 504.71166 388.03126 0.74682907 0.0026090254 -0.15498617 25 0 339.87702 1.3074519 -0.29106428
231 443.54439 390.36445 0.67405367 -0.18153682 -0.058032513 25 0 2347.6645 9.4199449 -2.4351209
232 472.93701 389.89873 0.67967064 0.197016 -0.019647538 25 0 2391.6485 9.9981826 -2.4998027
233 48.274357 393.37796 0.81454168 0.93400234 0.18831013 25 0 649.97108 2.3224832 -0.91488144
234 234.78568 398.25166 0.66718301 0.11776156 -0.069205331 25 0 8156.1721 33.897497 -3.8254191
235 365.42229 400.16088 0.68280903 -0.051792403 -0.32665089 25 0 816.95573 3.2279502 -1.2723171
236 161.57206 401.02469 0.58708284 0.34768962 -0.48529195 25 0 300.72995 1.2964015 -0.28184879
237 400.73045 405.18704 0.69079084 0.046574779 -0.05627204 25 0 658.33019 2.6993306 -1.0781402
238 263.96815 405.68235 0.64361685 0.56172108 0.031013243 25 0 702.27068 3.0196807 -1.1999026
239 10.498687 407.94305 0.64515182 0.38936304 -0.35199994 25 0 258.26932 1.0382012 -0.040703844
240 261.28546 409.38639 0.64774262 0.54666205 -0.032336862 25 0 1959.8436 8.2771902 -2.2947073
241 279.77814 409.03016 0.80986291 -0.19775171 -0.53373498 25 0 316.1659 1.104678 -0.10808929
242 482.79661 409.6421 0.61776955 0.82062393 0.063585284 25 0 492.70425 2.023556 -0.76528807
243 93.381543 414.81508 0.69513266 0.0042807478 -0.10938636 25 0 1002.1682 3.8438133 -1.4619057
244 117.38088 416.3555 0.69167569 0.52233619 -0.075843088 25 0 2299.1709 9.1820918 -2.4073541
245 29.137001 419.98134 0.56839294 0.12589415 0.0085032757 25 0 255.2284 1.2489677 -0.24137803
246 293.25195 426.36265 0.61284445 0.47523056 0.057418056 25 0 385.5251 1.604482 -0.5133371
247 174.26244 427.92385 0.69435168 0.32485682 0.1024786 25 0 433.30157 1.7815735 -0.62700938
248 202.7456 433.33678 0.80526353 -0.041348244 -0.30448848 25 0 445.30559 1.5025382 -0.44206379
249 168.18523 434.33833 0.66764957 0.50941669 0.024498039 25 0 2247.2264 9.1927036 -2.4086081
250 141.63721 435.24058 0.68614215 0.026019944 -0.074128712 25 0 1037.6758 4.0028972 -1.5059361
251 390.55597 435.07731 0.66947768 0.028753127 -0.2092512 25 0 365.90354 1.4149255 -0.37683393
252 183.01903 435.87237 0.51102153 0.31009659 -0.16911123 25 0 261.5149 1.315327 -0.29758438
253 170.04603 436.75278 0.58800974 0.47045123 -0.045102161 25 0 320.63238 1.2232056 -0.21874862
254 500.33561 437.17314 0.32033861 0.35837029 -0.0022597223 25 0 61665.334 327.49333 -6.2880062
255 241.27818 437.69229 0.59919469 0.58989056 -0.21450238 25 0 945.10024 4.0919974 -1.5298384
256 353.97712 439.37794 0.67110984 0.178291 0.024812621 25 0 3346.4576 13.649556 -2.8377963
257 254.4856 442.06216 0.68663127 -0.010767287 -0.15177517 25 0 1214.2336 4.882166 -1.7215314
258 23.560043 442.7769 0.78534062 0.23637005 0.050725532 25 0 373.63511 1.4455597 -0.4000901
259 100.51417 444.10542 0.67062955 0.017403706 -0.19738627 25 0 14433.593 59.853947 -4.442732
260 485.87146 444.46446 0.55766561 -0.41304487 0.14568317 25 0 332.72486 1.5011755 -0.44107866
261 472.20104 450.84066 0.45721292 0.22188711 -0.18479216 25 0 272.00208 1.4007944 -0.365936
262 221.5718 451.65746 0.5447628 0.60689889 -0.12521198 25 0 296.86451 1.3835888 -0.3525176
263 262.56658 454.24934 0.55990494 -0.74365167 -0.29887338 25 0 218.79707 1.0085493 -0.0092428826
264 486.46414 453.85352 0.723015 0.15912318 -0.20106229 25 0 2310.4278 9.0483731 -2.3914263
265 388.86356 456.44324 0.58244231 -0.1498446 -0.085751545 25 0 309.49718 1.2739774 -0.26290435
266 320.4269 457.52082 0.63757213 0.72730634 0.018210016 25 0 658.16823 2.7236536 -1.0878797
267 444.80986 458.58021 0.35606757 -0.45914492 -0.42053202 25 0 315.95157 1.9722322 -0.73739511
268 489.15384 460.03639 0.57992545 0.79931689 -0.019256063 25 0 254.98431 1.2707242 -0.26012821
269 507.69729 461.79836 0.61939199 -0.20271327 0.050312806 25 0 266.14939 1.2772004 -0.26564765
270 371.5945 462.44694 0.5895511 0.7917781 0.019161923 25 0 1155.4994 4.8656632 -1.7178551
271 65.628412 463.77277 0.73802852 0.43078989 -0.088793768 25 0 6321.1645 24.692084 -3.4813944
272 158.53285 464.82543 0.72684243 0.42402561 -0.15620355 25 0 1333.3918 5.2431505 -1.7989808
273 335.2901 465.21469 0.58434591 0.13724821 -0.1037445 25 0 303.94758 1.3312715 -0.31066658
274 437.06173 466.11926 0.41254143 0.18775698 -0.12029815 25 0 61308.163 333.3374 -6.3072101
275 300.78753 466.7215 0.73229082 0.6219389 -0.13334404 25 0 409.46389 1.5957268 -0.50739635
276 414.28516 468.56237 0.67255387 0.60478737 0.027008525 25 0 318.71224 1.2789064 -0.26709687
277 54.645545 468.86392 0.84927661 -0.11682613 0.0092610037 25 0 422.84119 1.4717376 -0.41957595
278 220.43891 472.78777 0.62716253 -0.043723926 -0.17334796 25 0 4752.5551 20.353192 -3.2715813
279 510.09115 473.11027 0.84483487 -0.37017347 -0.12909336 25 0 388.56255 1.3908507 -0.35820129
280 351.95416 474.45627 0.56192149 0.12390987 0.047484029 25 0 581.74607 2.6612994 -1.0627344
281 438.46577 473.75855 0.72329232 -0.034946496 -0.091107337 25 0 545.93626 1.9091036 -0.70207371
282 254.63561 475.89847 0.66886054 -0.68836755 -0.26865853 25 0 330.62641 1.3692249 -0.34118698
283 270.45924 476.06715 0.70649741 0.22661617 -0.24393256 25 0 3427.6385 13.673915 -2.8397322
284 123.87421 476.73618 0.36638716 -0.16893259 -0.38161115 25 0 301.00892 1.5599269 -0.48276063
285 347.74139 481.14876 0.7919617 0.11979569 -0.12630318 25 0 605.08026 2.2037396 -0.85790068
286 148.33879 482.0843 0.69077212 0.35094062 -0.19644673 25 0 972.75455 3.883201 -1.4729747
287 363.42581 483.81533 0.6051054 -0.32925637 -0.36119602 25 0 244.17388 1.1687277 -0.16928337
288 73.501234 487.56452 0.52298049 -0.15144226 -0.16784857 25 0 931.85208 4.4065371 -1.6102436
289 249.48233 497.0268 0.62868945 0.073050272 -0.34993772 25 0 425.80366 1.7637684 -0.61610392
290 402.21192 497.02151 0.67860683 -0.21520845 -0.19136235 25 0 337.4767 1.4492919 -0.40288964
291 506.76595 499.16339 0.86463737 -0.063340337 -0.0087065215 25 0 375.02581 1.2953541 -0.28097124
292 159.3955 501.1768 0.72012135 -0.07101536 -0.31392119 25 0 373.11136 1.344182 -0.32114517
293 76.673962 502.51 0.53040345 0.61259344 0.36573308 25 0 330.26638 1.6941914 -0.5724062
294 125.58768 504.17227 0.65970813 -0.49669313 -0.41263312 25 0 563.43294 2.3562235 -0.93054119
295 170.88558 504.19776 0.70035225 -0.0011595114 -0.15815661 25 0 585.96214 2.3603865 -0.93245779
296 289.65957 506.51498 0.3525986 -0.26656159 -0.16136965 25 0 208.05965 1.0636278 -0.066974205
297 35.683622 508.10043 0.66939597 0.63191369 -0.11460679 25 0 284.53973 1.2520573 -0.24406052
298 126.45053 507.88721 0.71787607 0.073220237 -0.22766037 25 0 853.81215 3.368642 -1.3186371
299 67.563699 510.1889 0.48152544 -0.71584534 -0.10302413 25 0 224.45392 1.1241369 -0.12704799
300 172.43107 510.83351 0.87866798 -0.13740855 -0.58905103 25 0 582.76466 2.062538 -0.7860049
