id xcentroid ycentroid sharpness roundness1 roundness2 npix sky peak flux mag
1 352.15188 1.242172 0.70056479 -0.070776732 -0.09540087 25 0 477.82592 1.9457824 -0.72273567
2 474.77095 2.1176958 0.77444266 0.016431438 0.019502122 25 0 692.82967 2.5858583 -1.0315118
3 1.0398102 6.8326595 0.83257665 0.53047425 0.2309213 25 0 1250.6034 4.5581185 -1.646964
4 9.2301238 7.0533397 0.57932362 -0.11116583 -0.24488671 25 0 465.40572 2.2549048 -0.88282051
5 154.96973 6.4029787 0.66877551 0.37028397 0.41260314 25 0 560.14102 2.4530582 -0.97426963
6 380.63114 7.6320097 0.64986209 0.13278574 -0.020162301 25 0 886.78488 3.8954806 -1.4764026
7 70.175139 8.5931939 0.76071919 -0.16867322 0.14803239 25 0 17379.738 67.810485 -4.5782421
8 17.667463 10.199761 0.76768034 -0.2408602 0.0038480537 25 0 6809.0905 26.543847 -3.5599097
9 454.16642 10.6777 0.7598069 -0.23459981 0.11159583 25 0 959.09786 3.7371548 -1.4313527
10 0.086088032 11.732931 0.94730422 0.28224358 0.37860402 25 0 4275.724 14.787023 -2.9247018
11 471.33845 12.395906 0.62953765 0.37163398 0.17289174 25 0 262.36528 1.2274238 -0.22248637
12 379.86113 16.115614 0.72310543 0.10352439 0.11363659 25 0 355.0105 1.3167983 -0.29879816
13 381.17598 21.060143 0.71740324 -0.66635138 0.036160551 25 0 269.11609 1.0247338 -0.026527703
14 23.262513 22.196405 0.86831025 0.47757588 0.08529098 25 0 422.57041 1.5085572 -0.44640442
15 88.209005 25.224051 0.72469853 -0.23886189 0.62717078 25 0 231.39601 1.02169 -0.023297832
16 258.74276 25.931584 0.89884076 -0.15402335 -0.22113688 25 0 490.17286 1.7242826 -0.5915211
17 470.9179 28.328115 0.66879369 0.061032266 0.21872433 25 0 296.18191 1.3158813 -0.29804181
18 399.98808 28.992562 0.74197089 -0.041774805 -0.027172584 25 0 729.19659 2.934943 -1.1689992
19 499.55673 29.173794 0.70946581 -0.52470984 -0.026076465 25 0 480.20273 2.0908279 -0.80079573
20 172.62638 31.956346 0.60602668 -0.26119461 -0.28787649 25 0 416.06836 1.9411884 -0.72016923
21 159.43786 36.127892 0.74840345 -0.19161766 0.10173932 25 0 720.48809 2.7613557 -1.1028059
22 232.32934 37.106927 0.68280536 0.16653899 -0.014684637 25 0 1399.4219 5.7910873 -1.9069003
23 251.75811 37.926257 0.73760511 0.041435257 -0.0044710722 25 0 2993.5308 12.177275 -2.7138752
24 464.81917 37.737413 0.82997068 -0.27154648 0.21988753 25 0 413.78868 1.5661452 -0.48708005
25 392.53442 38.941247 0.67688569 0.070102869 -0.0086841796 25 0 551.30799 2.3066211 -0.90744066
26 435.97986 39.470677 0.5912988 0.42099831 0.40892871 25 0 282.87268 1.3194218 -0.30095915
27 112.08456 40.331471 0.82943922 0.11885973 0.31775316 25 0 665.12403 2.2932611 -0.90113376
28 295.54597 40.490494 0.7323952 -0.42596727 -0.059659999 25 0 348.10923 1.3778005 -0.34796584
29 370.43669 39.957785 0.33981315 -0.051401704 0.1634698 25 0 58439.839 320.90472 -6.2659403
30 157.12706 42.276177 0.72610563 0.11487415 0.14159926 25 0 6429.1147 26.118129 -3.5423551
31 200.20552 42.820185 0.7471701 -0.12851295 -0.23570574 25 0 371.46761 1.4712229 -0.41919616
32 446.04865 43.417163 0.7300244 0.067858222 0.18509597 25 0 1303.9519 5.1849361 -1.7868585
33 90.623192 44.638536 0.7165126 0.66926574 0.15910529 25 0 333.20314 1.382545 -0.35169821
34 279.36259 47.679644 0.70959317 -0.22059592 0.097493079 25 0 358.2724 1.5329054 -0.46378839
35 292.68655 49.013741 0.86073411 0.15887759 0.01198664 25 0 510.85553 1.7849451 -0.62906216
36 446.62875 48.652649 0.71506358 0.3181029 0.18273035 25 0 355.81498 1.4387599 -0.39497084
37 98.250568 49.754028 0.71571957 -0.0018828624 0.4268159 25 0 301.30644 1.1727134 -0.17297975
38 340.08125 50.450478 0.70123552 0.16783241 0.24727961 25 0 1923.771 7.9109739 -2.2455749
39 187.98929 55.569636 0.5927223 0.075694861 0.31390106 25 0 367.09964 1.7783423 -0.62503837
40 489.21225 56.89703 0.731659 0.062512579 0.034458054 25 0 2005.2041 8.1393115 -2.2764692
41 43.559625 61.584708 0.50052931 0.25833317 0.29826962 25 0 356.58469 1.7637004 -0.61606206
42 395.20568 61.151318 0.66341396 0.25664674 -0.012503736 25 0 397.99268 1.9049909 -0.69973228
43 77.219056 63.423945 0.63043934 0.040353586 0.18902464 25 0 715.76635 3.2354463 -1.2748355
44 100.43441 62.974051 0.60378595 -0.032260679 -0.08304915 25 0 491.63458 2.3328106 -0.9196987
45 215.19986 63.527079 0.60589573 0.1956783 0.25927791 25 0 310.3548 1.446017 -0.40043349
46 478.75767 63.780028 0.69180214 0.13119684 -0.0031211755 25 0 1895.1715 7.9154924 -2.2461948
47 43.456002 65.336553 0.82243416 -0.10067504 0.26656745 25 0 530.43528 1.8446343 -0.66477569
48 158.21594 65.028489 0.86371371 -0.096679103 -0.096722068 25 0 539.71146 1.8151094 -0.64725703
49 464.00315 65.445272 0.71140744 0.065028028 0.17031424 25 0 743.22715 2.976687 -1.1843329
50 82.324423 67.557923 0.62947804 -0.58227651 0.31273146 25 0 263.82818 1.1012643 -0.10472891
51 101.50594 68.251239 0.71516987 -0.36775035 -0.07744436 25 0 1738.1028 6.8300141 -2.086054
52 359.55759 69.385454 0.43338632 -0.16912677 -0.23056116 25 0 203.34502 1.0792627 -0.082817926
53 7.588391 73.800038 0.7333767 0.012388674 0.13036523 25 0 455.29679 1.8976906 -0.6955635
54 396.47924 76.565678 0.54423758 0.68538825 0.080473537 25 0 2888.9832 13.418041 -2.8192228
55 0.89638592 76.459785 0.68302143 0.30212594 0.41664045 25 0 771.58427 3.2648869 -1.2846704
56 16.836441 79.380938 0.87213362 -0.26062523 0.14726252 25 0 1013.1701 3.556145 -1.3774486
57 165.41738 80.021124 0.64943623 0.037314622 -0.27833833 25 0 517.05985 2.2971864 -0.90299061
58 480.91854 81.478833 0.41738256 0.52597398 0.46526195 25 0 235.67377 1.2645566 -0.25484571
59 137.83111 83.57412 0.63879336 0.033312154 0.081470874 25 0 665.791 3.0401939 -1.2072532
60 190.39774 83.661126 0.79346696 -0.29217697 0.021248088 25 0 433.53806 1.640235 -0.53726517
61 279.03518 86.961509 0.72903056 0.10302796 0.3163006 25 0 280.18163 1.1409981 -0.14321229
62 200.78648 90.394891 0.74486278 -0.17998408 0.18304466 25 0 625.98092 2.4851613 -0.98838646
63 329.33754 90.857694 0.61817953 -0.23258196 -0.20493564 25 0 1288.6038 5.5900104 -1.8685315
64 333.46409 92.639245 0.69944408 -0.64436288 -0.053993674 25 0 1618.4842 6.5404967 -2.0390268
65 231.64774 93.781244 0.64301733 0.29689826 -0.0053843145 25 0 1878.0937 8.208488 -2.2856579
66 412.62137 95.604804 0.56487457 0.16893379 0.15407135 25 0 272.9574 1.2887256 -0.27540116
67 497.7503 97.093229 0.73540413 0.19249303 0.094576739 25 0 546.89793 2.2943545 -0.90165131
68 99.522334 98.081247 0.62271759 -0.15669138 -0.1570644 25 0 3286.051 14.175349 -2.8788344
69 161.38401 97.737322 0.5607046 0.34954666 0.0020783532 25 0 356.17759 1.7595435 -0.61350004
70 255.29906 98.992039 0.95412589 -0.049104932 -0.28447088 25 0 326.52863 1.1436438 -0.14572698
71 107.45778 99.540604 0.53459086 0.5135712 -0.2716441 25 0 223.42514 1.0906422 -0.09420575
72 342.40453 99.572566 0.52509572 -0.76296192 -0.027407489 25 0 296.79636 1.4379753 -0.39437858
73 386.00735 102.21609 0.60864431 0.13864241 0.42753011 25 0 217.68126 1.2243448 -0.21975938
74 31.868112 105.6455 0.41409826 -0.054203883 0.15038324 25 0 234.07719 1.4540287 -0.40643243
75 378.08783 108.86423 0.74499366 0.32670137 0.24359538 25 0 791.09349 3.1911417 -1.2598652
76 264.74074 111.03826 0.74933095 -0.074668337 0.0076637807 25 0 21881.589 86.859882 -4.8470481
77 282.1645 111.07758 0.75911755 0.44088343 0.20337195 25 0 1344.4839 5.1796908 -1.7857596
78 348.90534 112.08341 0.73683014 -0.013137999 0.079207832 25 0 1527.6904 6.037916 -1.9522177
79 292.24455 112.44999 0.67462849 -0.27247044 0.17070217 25 0 1939.6147 7.8861766 -2.2421662
80 494.29774 113.5209 0.50328343 0.52829341 0.10102896 25 0 412.99614 2.0974345 -0.80422104
81 244.33031 114.31069 0.64901598 0.24768223 -0.14569579 25 0 607.45807 2.5485955 -1.0157523
82 143.77881 114.62679 0.65768735 -0.27068083 0.11361692 25 0 597.07524 2.6901152 -1.0744272
83 198.87042 115.55003 0.71347256 -0.22731082 -0.088033678 25 0 474.48599 1.9983261 -0.75166592
84 96.730576 116.17874 0.67735134 -0.14764681 -0.084567528 25 0 671.53408 2.8982756 -1.1553492
85 196.17768 117.7593 0.7141248 0.021722315 0.074455332 25 0 2506.0776 10.290181 -2.5310575
86 28.947715 119.67014 0.65009387 -0.090225491 -0.11639832 25 0 421.2176 1.8534885 -0.66997475
87 220.08171 123.17678 0.73455429 0.13937818 0.081920831 25 0 2247.6245 8.992809 -2.3847384
88 23.74949 125.50743 0.67029246 -0.11905638 0.25600791 25 0 393.68006 1.5959521 -0.50754964
89 51.485055 124.91897 0.7317106 -0.16655529 -0.02965653 25 0 1384.2713 5.3892215 -1.8288151
90 297.62315 126.33536 0.4275688 0.70034275 0.086434376 25 0 335.5445 1.9103667 -0.70279186
91 505.28321 130.79037 0.73711565 -0.18672024 0.17207441 25 0 251.96398 1.0154585 -0.01665544
92 440.10156 134.31388 0.69678354 0.21788677 0.13642047 25 0 14698.248 60.744827 -4.4587732
93 216.51344 136.84849 0.46395804 0.078504504 -0.29649358 25 0 173.85708 1.3183115 -0.30004512
94 428.68873 137.18416 0.59604944 0.46931296 -0.26772233 25 0 289.88866 1.2473139 -0.23993942
95 342.93762 140.11801 0.7414786 0.025545866 0.07245777 25 0 3994.6291 16.006561 -3.0107451
96 58.794616 141.19969 0.79149734 0.053551834 0.14478274 25 0 971.10313 3.6851328 -1.4161329
97 138.58284 142.83011 0.68288297 -0.12028784 -0.034279247 25 0 270.07814 1.1675945 -0.16823013
98 41.828691 145.22862 0.69908474 0.052265195 0.089960336 25 0 785.70219 3.3325892 -1.3069545
99 496.44637 144.52309 0.66010996 0.033256064 0.11376681 25 0 222.83755 1.0457106 -0.048528806
100 141.64782 154.49543 0.65428352 -0.60061928 0.10156456 25 0 491.3736 2.0966199 -0.80379926
101 430.0622 155.90761 0.6915687 0.096532663 0.082127319 25 0 59563.947 248.99199 -5.9904634
102 469.3636 159.26427 0.56182878 0.040086333 -0.13462954 25 0 572.80883 2.8761017 -1.1470106
103 250.5301 160.09216 0.61629383 -0.12441 -0.16825537 25 0 659.20071 2.9408695 -1.1711894
104 323.1538 160.0705 0.53980828 -0.17080258 0.068211739 25 0 196.5341 1.1215509 -0.12454746
105 163.00545 162.5452 0.71155111 -0.073043607 -0.12106225 25 0 265.54467 1.161479 -0.16252841
106 197.57884 163.51834 0.57457284 0.67332505 0.05442091 25 0 630.57623 2.7844216 -1.1118375
107 77.50603 167.30701 0.60438674 -0.44957272 -0.23701874 25 0 377.08876 1.7332692 -0.59716507
108 390.51814 168.24905 0.60752872 -0.13002449 -0.2826488 25 0 535.7435 2.4505752 -0.97317009
109 208.28749 169.31157 0.72805888 0.10748829 0.069284331 25 0 1175.0222 4.729194 -1.6869678
110 270.08738 168.4265 0.70633964 -0.019826494 0.2573482 25 0 1994.4349 7.9644124 -2.2528843
111 457.58552 170.2463 0.72589717 0.11122838 0.11086353 25 0 434.45551 1.8260826 -0.65380107
112 45.76439 171.16268 0.58307178 -0.46455855 -0.23515501 25 0 290.0933 1.4015998 -0.36656003
113 196.73162 171.97295 0.73621924 -0.06544942 -0.087577416 25 0 1930.6291 7.610677 -2.2035582
114 66.004085 173.1794 0.66908644 -0.43310718 0.52473381 25 0 232.31974 1.1435083 -0.14559831
115 0.1301501 176.54723 0.84659572 0.21308298 0.40942717 25 0 628.30691 2.3601437 -0.9323461
116 187.94128 176.14604 0.61298576 0.021611742 0.061501678 25 0 252.53954 1.1880868 -0.18712039
117 465.26167 176.8878 0.7469286 -0.10905397 -0.0010565669 25 0 3535.8485 13.921681 -2.8592292
118 60.877878 178.0262 0.80667404 -0.35058446 -0.04519684 25 0 1084.2409 4.1957647 -1.5570278
119 159.022 178.05794 0.76091561 0.27491633 0.1407726 25 0 2461.1818 9.6601696 -2.4624619
120 455.20176 179.20311 0.7245657 0.24948816 0.16419696 25 0 741.50661 3.0245551 -1.2016537
121 34.220566 180.18647 0.45781378 -0.83056535 -0.4797748 25 0 195.93107 1.0408318 -0.043451346
122 270.84332 180.64827 0.71097257 0.070718527 0.18922814 25 0 1399.3269 5.7549107 -1.9000965
123 465.75336 181.82237 0.67433433 -0.074540445 0.011057735 25 0 1141.5546 4.8545295 -1.7153679
124 233.36733 183.39227 0.57086471 0.12253759 0.0066849021 25 0 705.16881 3.3551519 -1.3142805
125 274.89508 183.1676 0.78631221 -0.88059189 0.021727438 25 0 297.27806 1.0482693 -0.051182187
126 115.6039 184.56321 0.6082853 0.33687853 0.073749321 25 0 37831.999 167.91401 -5.5627174
127 165.47157 185.65761 0.78433002 -0.23069357 -0.075706094 25 0 513.09654 1.8576235 -0.67239424
128 296.70121 189.61069 0.48610497 0.51693473 -0.16694244 25 0 294.61957 1.5561206 -0.48010811
129 464.73598 189.82549 0.76345081 -0.0084075732 0.04761501 25 0 491.71519 1.9157159 -0.70582777
130 499.13838 193.68881 0.73766679 0.17277119 0.23026712 25 0 794.60809 3.2556247 -1.2815858
131 163.60313 194.97913 0.66058218 0.025119902 -0.35713862 25 0 224.08286 1.0853972 -0.088971717
132 212.18254 196.48845 0.71534725 0.085512469 0.14680338 25 0 686.12569 2.7323533 -1.0913421
133 392.91917 195.71584 0.70118941 0.36928372 -0.0017011119 25 0 325.48643 1.271238 -0.26056718
134 426.19555 195.60581 0.70813022 -0.31278884 0.090292127 25 0 419.49627 1.7406552 -0.6017819
135 242.63712 197.3846 0.40824526 0.57379767 0.63777921 25 0 253.74007 1.4001341 -0.36542406
136 450.21108 198.01356 0.83692258 -0.20343996 0.046336569 25 0 449.36163 1.7373131 -0.59969526
137 110.76388 198.64652 0.71581213 0.3884184 0.037272197 25 0 666.00316 2.7064928 -1.0810172
138 191.3405 200.22881 0.47192699 0.57474822 -0.091814479 25 0 200.86732 1.1346518 -0.13715647
139 459.82093 202.17649 0.6573917 -0.30393273 0.062121532 25 0 354.26241 1.5751282 -0.49328974
140 8.8833003 206.57521 0.71246083 0.18382747 0.17155763 25 0 2342.1051 9.6195493 -2.4578868
141 56.778291 207.6774 0.74048383 -0.22992239 -0.24255622 25 0 436.35986 1.7886936 -0.63133988
142 58.755937 209.36914 0.75095034 0.10010589 -0.05792971 25 0 534.71352 2.1525309 -0.8323735
143 379.17413 209.60738 0.69915444 0.12765451 -0.022526456 25 0 263.34888 1.0645976 -0.067963719
144 469.79888 209.82206 0.74924185 0.24432077 0.18179478 25 0 1456.5379 5.7680787 -1.9025779
145 32.041286 211.23684 0.76997619 -0.026849422 0.07100045 25 0 2368.5919 9.1950949 -2.4088905
146 370.46673 212.03225 0.64873275 -0.054508304 -0.043996287 25 0 1647.6283 7.0301193 -2.1174067
147 300.65481 214.08137 0.62571122 0.042986189 -0.19488929 25 0 661.03485 2.807847 -1.1209336
148 194.82474 215.69967 0.72457465 0.38573826 0.12621626 25 0 1191.1366 4.7920892 -1.7013122
149 264.54064 219.04093 0.42633195 -0.1712742 -0.1452259 25 0 203.295 1.1530476 -0.15461811
150 484.56375 218.96014 0.56858831 0.099192865 -0.060826611 25 0 251.98693 1.4006301 -0.36580863
151 283.99098 220.93389 0.75196104 0.068109908 0.092071524 25 0 3814.8804 15.18708 -2.9536857
152 29.528169 223.0617 0.63643988 -0.35901646 -0.3412465 25 0 329.31906 1.4894161 -0.43254008
153 396.23983 222.96637 0.7214798 0.015646674 0.040168253 25 0 5558.2141 22.492104 -3.3800752
154 466.44018 223.53526 0.66721459 -0.41023921 0.062691974 25 0 14113.513 57.382154 -4.3969421
155 371.21783 225.36882 0.65579271 0.1139218 0.03767754 25 0 1164.5892 5.0493758 -1.7580942
156 60.398131 228.84152 0.75823766 -0.21779402 -0.76329969 25 0 213.04647 1.0010497 -0.0011391406
157 196.26261 228.50505 0.66961314 -0.5536359 0.65987916 25 0 262.21224 1.1745306 -0.17466083
158 224.44133 231.77786 0.68230031 0.24394825 -0.10392962 25 0 749.80377 3.0616185 -1.2148777
159 284.43034 232.66163 0.55366415 0.30962697 -0.091395016 25 0 662.06336 3.1730465 -1.2536911
160 475.55652 235.07527 0.67998486 -0.048676262 -0.066740137 25 0 2153.7463 8.8121834 -2.3627088
161 75.084084 236.03059 0.81615571 0.0029103859 0.052099217 25 0 545.82007 2.1367018 -0.82435977
162 61.760349 238.80652 0.5518702 -0.62059424 -0.58888296 25 0 241.50515 1.196613 -0.19488432
163 472.55178 248.51563 0.52734085 0.55635489 0.024346543 25 0 6087.1662 28.321095 -3.6302751
164 248.18475 249.28591 0.67609476 0.23406589 0.091450206 25 0 5724.1156 24.201555 -3.4596082
165 20.564585 250.34734 0.75060537 -0.4974 -0.020213002 25 0 1108.7828 4.1929885 -1.5563092
166 310.25363 251.56422 0.67623217 -0.29135322 0.082504997 25 0 512.99533 2.2236199 -0.86765138
167 375.99336 257.75907 0.73396561 -0.077355783 0.034655461 25 0 481.28009 1.9332837 -0.71573897
168 148.97823 259.75562 0.56366172 -0.12377074 0.14303845 25 0 315.02939 1.4119602 -0.37455611
169 30.869014 270.39979 0.70279072 -0.2163084 0.21088902 25 0 312.48777 1.2673592 -0.25724931
170 77.476155 270.22372 0.69363465 -0.47262162 -0.13138408 25 0 1486.187 6.0036142 -1.9460319
171 70.955042 270.47037 0.54957071 0.41108583 -0.052079068 25 0 244.55387 1.198047 -0.19618466
172 134.10659 271.75999 0.5718124 0.16561 0.54409016 25 0 261.22516 1.2101221 -0.20707296
173 259.71593 278.11554 0.70692675 0.043978607 0.019851408 25 0 361.52972 1.6014108 -0.51125687
174 91.745359 279.42751 0.75884609 0.035610408 0.28589865 25 0 859.60859 3.2382901 -1.2757894
175 15.767155 279.82605 0.66074555 0.11057464 -0.2288315 25 0 272.39349 1.2687332 -0.25842576
176 392.08035 281.46266 0.70614079 0.2404735 0.2181266 25 0 6381.8317 26.021412 -3.5383272
177 3.8075585 282.68935 0.67525351 0.55832077 0.14796531 25 0 400.73661 1.7196493 -0.5885997
178 204.7262 282.93066 0.67957003 -0.080321099 -0.012854566 25 0 1017.6708 4.3107162 -1.5863736
179 83.388809 284.44434 0.67018424 0.44995393 0.18949819 25 0 1265.2017 5.1894609 -1.7878056
180 111.47669 284.03952 0.68688712 -0.20742349 -0.13219591 25 0 1287.1148 5.2817587 -1.8069464
181 366.3294 286.30556 0.50344419 0.35281382 -0.014263908 25 0 380.98337 1.8523538 -0.66930982
182 497.68454 286.09297 0.72701885 0.071434958 -0.018767421 25 0 899.47424 3.6708768 -1.4119245
183 36.036065 289.35828 0.70663569 0.41745713 0.17422754 25 0 560.53291 2.2563615 -0.88352169
184 51.162065 289.26749 0.86895083 -0.31149128 -0.2368156 25 0 330.72713 1.1351216 -0.13760595
185 76.631926 291.43661 0.5394065 0.16040667 0.36152528 25 0 199.64072 1.0157592 -0.016976921
186 114.10886 293.77257 0.81294247 -0.61614075 -0.26947013 25 0 403.42646 1.4833961 -0.42814281
187 180.50225 293.76708 0.55127717 0.29413221 -0.031494768 25 0 474.82807 2.3182899 -0.91291938
188 95.007434 299.86302 0.76678429 -0.079067168 0.086782607 25 0 1671.6359 6.6093269 -2.0503931
189 442.96765 299.45307 0.6364216 0.24719059 0.34872699 25 0 428.27838 2.0368746 -0.77241071
190 145.96633 301.89842 0.69143657 -0.10242485 0.22290033 25 0 299.24044 1.2665417 -0.25654872
191 0.068368236 304.22167 0.97117613 0.30440598 0.35434439 25 0 556.11614 1.8993256 -0.69649855
192 238.55659 305.25554 0.65472436 -0.53018205 -0.091511196 25 0 818.71061 3.2844425 -1.2911542
193 470.43424 304.98555 0.69929704 -0.073577594 -0.036336955 25 0 1112.4182 4.5117082 -1.6358525
194 157.75764 310.07523 0.73288242 0.015461225 -0.0084159655 25 0 4188.654 16.789078 -3.0625671
195 18.215174 311.9255 0.75099597 0.014445582 -0.044293283 25 0 1058.719 4.1426077 -1.5431845
196 33.915631 311.90402 0.76930797 0.0028795466 0.092345792 25 0 2889.318 11.444221 -2.6464656
197 244.74117 313.03655 0.74497869 0.32946729 0.12241493 25 0 272.42666 1.0608467 -0.064131624
198 79.831091 314.33216 0.77291244 -0.0021281972 -0.23414556 25 0 439.17607 1.6462848 -0.54126242
199 474.74468 318.85995 0.73104088 -0.097057469 -0.17092573 25 0 348.0775 1.4718061 -0.41962652
200 207.18851 319.58252 0.65147706 -0.51485319 0.036466818 25 0 355.17577 1.4686081 -0.41726477
201 2.8395396 322.05649 0.78005646 -0.019487663 0.041558166 25 0 1070.4254 4.186808 -1.5547076
202 350.03611 321.45081 0.6581653 0.38966748 0.44496418 25 0 625.61035 2.7535007 -1.099713
203 283.01079 324.75712 0.60288984 -0.13246936 0.26179006 25 0 409.85821 1.9858493 -0.74486571
204 40.50625 329.13496 0.63358924 0.11492724 -0.096583178 25 0 4715.2055 20.404106 -3.2742939
205 307.46788 328.79633 0.67279709 -0.25566246 -0.25459802 25 0 550.62866 2.2916244 -0.90035859
206 400.26679 329.19477 0.60222741 0.20706327 -0.17655277 25 0 526.4258 2.3584543 -0.93156868
207 50.638776 330.09882 0.72604498 -0.19848502 -0.029134236 25 0 14298.29 57.459363 -4.398402
208 283.65506 330.53755 0.66934493 -0.35061826 0.094614368 25 0 858.61117 3.4506831 -1.3447627
209 96.881493 331.12424 0.74014407 -0.47490809 0.16467411 25 0 1161.5142 4.5260445 -1.639297
210 288.145 336.7722 0.71612602 -0.68583061 -0.40988479 25 0 261.48552 1.130876 -0.13353751
211 508.69808 336.72755 0.56950832 0.51549992 0.52805163 25 0 919.46454 3.9576881 -1.4936039
212 279.79801 340.30805 0.74022546 -0.20740525 0.1998191 25 0 373.03279 1.4711088 -0.41911197
213 380.63785 342.74623 0.71456198 0.18130998 -0.0028168022 25 0 902.81363 3.6518387 -1.406279
214 495.43085 345.33183 0.79613587 -0.36089348 -0.19534965 25 0 249.41566 1.0204248 -0.021952498
215 38.037003 346.25581 0.55807299 -0.11664804 0.10180945 25 0 211.0705 1.0451759 -0.047973448
216 259.79639 346.61428 0.67159331 0.27467933 0.11251016 25 0 5664.5625 23.678944 -3.4359058
217 401.8916 347.84916 0.7295565 -0.14298433 0.047330199 25 0 1342.0937 5.3938447 -1.8297461
218 41.99591 349.15887 0.84093122 -0.47698838 0.20404303 25 0 1101.7057 4.0232792 -1.5114504
219 32.344174 349.55311 0.7394626 -0.23719743 0.13360962 25 0 499.89216 1.9005623 -0.6972053
220 14.585261 351.09662 0.79789401 -0.073783923 0.05559652 25 0 947.80072 3.3599007 -1.3158161
221 318.71974 350.41814 0.62448455 0.51694725 0.18984433 25 0 24070.108 103.25492 -5.0347769
222 177.18666 352.52684 0.80071505 0.15138531 0.61894405 25 0 279.66433 1.0631239 -0.066459728
223 256.12183 351.94177 0.85265076 0.027702763 -0.1774673 25 0 338.31261 1.2601762 -0.25107821
224 42.184262 352.97437 0.75535845 -0.16280458 0.13337286 25 0 1606.4834 6.2880676 -1.996293
225 463.63342 352.83861 0.71171155 -0.47615883 -0.36766765 25 0 303.96045 1.2464033 -0.2391465
226 43.153047 356.16907 0.57654338 0.51072316 0.79723461 25 0 501.63105 2.2481094 -0.87954361
227 434.59995 357.41605 0.57626905 0.44473597 0.080420911 25 0 1679.2954 7.4267618 -2.1769987
228 499.87057 358.05207 0.82751595 -0.17371816 0.049306717 25 0 525.84788 1.9769968 -0.74001492
229 246.03056 359.71397 0.70525926 0.011106937 0.08173641 25 0 1913.8095 7.9068082 -2.245003
230 298.11505 360.84999 0.74443359 -0.010096629 0.082312661 25 0 3487.3872 13.914461 -2.8586659
231 115.70529 362.53433 0.66022375 -0.3043972 0.16220119 25 0 4815.1672 19.885911 -3.2463638
232 447.7572 361.88422 0.76190214 -0.040248503 -0.019562369 25 0 1482.0762 5.8533776 -1.9185164
233 158.88379 363.19504 0.82210309 -0.12028697 -0.045179584 25 0 600.35094 2.1149123 -0.81323091
234 8.4218519 363.96052 0.56719113 0.6304695 0.26246649 25 0 224.57459 1.2038458 -0.20142714
235 42.727309 365.55202 0.77809353 0.063223956 0.0049654305 25 0 554.83994 2.1771483 -0.84472005
236 459.00892 365.97367 0.93933489 -0.167337 0.065868585 25 0 367.3247 1.3554985 -0.3302476
237 23.215894 369.46788 0.61121868 0.28279915 0.18569031 25 0 687.5272 3.0063893 -1.195113
238 495.94457 372.13467 0.64306549 0.62753257 0.85997339 25 0 256.76102 1.2455693 -0.23841976
239 466.22017 373.19023 0.61184168 -0.48495001 -0.30690506 25 0 276.98728 1.3659396 -0.33857877
240 386.07995 375.11726 0.74814653 0.055043431 0.065152083 25 0 4348.3894 17.261436 -3.0926923
241 94.92289 376.59955 0.70889845 0.16040895 0.15446007 25 0 4122.1646 16.966542 -3.0739833
242 140.60337 378.20982 0.72325561 -0.12154564 0.13680586 25 0 621.66079 2.4399612 -0.96845732
243 247.31605 379.60165 0.5632497 0.26401522 -0.13968977 25 0 541.28789 2.4854718 -0.98852209
244 289.13448 380.32974 0.86536906 0.36514766 0.045884891 25 0 363.27866 1.2121752 -0.20891348
245 503.99437 380.31616 0.77519455 -0.66234402 0.099621933 25 0 839.81638 3.2651742 -1.2847659
246 120.44427 381.39493 0.72722956 0.32714701 0.072554641 25 0 380.83711 1.3858674 -0.3543042
247 164.67059 382.49382 0.65209495 -0.2941095 0.19872644 25 0 1340.1589 5.5822066 -1.8670148
248 25.195166 382.67677 0.79370181 -0.16733527 0.083885372 25 0 1150.892 4.2100631 -1.5607215
249 475.57361 384.31458 0.58187992 0.24106097 -0.090124419 25 0 2275.5976 10.312482 -2.533408
250 504.81652 383.83694 0.74804729 0.012358102 0.088700005 25 0 2692.9417 10.726691 -2.5761644
251 80.229835 387.52464 0.79108038 -0.32170674 0.090806909 25 0 622.4039 2.3485352 -0.92699267
252 266.62516 392.31685 0.69125697 -0.31022609 0.0078369812 25 0 8112.194 32.904906 -3.7931516
253 397.16036 394.21015 0.73471855 0.29332119 0.15035298 25 0 941.72841 3.8525942 -1.4643832
254 193.25416 394.90207 0.77720422 0.51789733 -0.076624939 25 0 350.3823 1.4413134 -0.39689604
255 432.71644 399.1292 0.78854618 -0.21697732 0.074831109 25 0 666.8977 2.4322008 -0.96499858
256 295.72246 399.76189 0.65956991 0.07860729 0.060842148 25 0 802.33068 3.6037574 -1.3918889
257 42.387051 401.9293 0.57876156 0.48882412 -0.19638349 25 0 230.35748 1.1014745 -0.10493612
258 293.11678 403.53366 0.64507399 0.30221924 0.29814891 25 0 1973.4055 8.4124404 -2.312305
259 311.30451 403.34564 0.43505919 -0.071701079 0.11174097 25 0 285.36176 1.6873058 -0.5679845
260 23.628187 403.84755 0.62094654 -0.39822229 -0.050508803 25 0 873.31863 3.8156848 -1.4539312
261 61.856537 408.05857 0.40531352 0.37056075 0.071882685 25 0 263.48587 1.3528607 -0.32813273
262 125.17732 409.01969 0.73524064 -0.055764616 0.020623989 25 0 1123.8743 4.4955879 -1.6319662
263 149.18355 410.48057 0.6627592 0.27595262 0.15547087 25 0 2252.9492 9.4679314 -2.4406378
264 1.9413739 414.05121 0.80479124 -0.14604753 0.032379671 25 0 1568.7489 5.9731164 -1.9405024
265 324.8506 420.40753 0.75605371 0.40489499 0.30855671 25 0 490.14515 1.9051171 -0.69980418
266 205.92879 422.04285 0.72480677 0.14914077 0.16708159 25 0 438.2219 1.8961068 -0.694657
267 234.91322 427.49239 0.69566492 -0.3833469 0.17248734 25 0 442.46614 1.7848434 -0.62900029
268 199.93704 428.39806 0.66822895 0.24358634 0.22789854 25 0 2396.6219 10.207238 -2.5222706
269 173.50767 429.20112 0.63956976 0.32458027 -0.0039703701 25 0 988.44918 4.1968899 -1.5573189
270 422.36426 429.115 0.83285196 -0.14518695 0.0045708882 25 0 428.20397 1.4652918 -0.41481029
271 214.74426 429.96958 0.71631295 -0.14319336 0.042599437 25 0 386.81788 1.7151262 -0.58574021
272 202.38249 431.21407 0.62267129 0.025381989 0.11064183 25 0 286.71699 1.1518286 -0.15346963
273 225.47375 431.95582 0.65576707 -0.32690118 -0.023272699 25 0 258.14756 1.1814124 -0.18100379
274 273.14199 431.6502 0.75522944 -0.15295239 0.031697529 25 0 1279.0672 4.9842845 -1.7440071
275 385.86816 433.44096 0.71903823 -0.11974126 0.16566987 25 0 3636.0394 14.517733 -2.904747
276 286.25342 436.13411 0.69676757 -0.16541094 0.11363151 25 0 1368.5349 5.6218881 -1.8747055
277 55.489575 436.88133 0.70509944 -0.23268703 -0.39870216 25 0 349.43765 1.5129939 -0.44959296
278 132.39282 438.24382 0.63586452 0.22992004 -0.016372058 25 0 13988.917 60.791128 -4.4596005
279 105.18833 443.97339 0.77855142 -0.66468611 -0.34422087 25 0 291.39657 1.1856107 -0.18485532
280 504.12563 444.86528 0.71174848 0.90828417 0.63230845 25 0 318.06118 1.3415627 -0.31902742
281 253.19676 445.57483 0.82033428 -0.10695449 0.31988999 25 0 309.36674 1.0597616 -0.063020414
282 314.79415 446.01317 0.84049955 0.26702708 0.14323296 25 0 309.27348 1.2424163 -0.23566789
283 420.77975 450.41274 0.66966503 -0.52540834 -0.30957327 25 0 353.95666 1.538659 -0.46785598
284 296.07184 451.9112 0.86556589 -0.72755465 -0.28492437 25 0 297.03327 1.0153527 -0.016542272
285 352.40712 451.64068 0.77245858 -0.39979979 0.012193513 25 0 738.67621 2.7538299 -1.0998428
286 476.63287 452.7512 0.5856031 -0.068176121 -0.01515836 25 0 363.78934 1.5416401 -0.46995748
287 371.72448 453.86381 0.67421169 0.35563816 0.22163322 25 0 306.79782 1.4575195 -0.40903593
288 403.45393 456.48289 0.70279488 -0.53305337 0.099920538 25 0 1343.4821 5.313372 -1.8134256
289 97.534932 457.84677 0.70399226 -0.29543734 -0.13611592 25 0 5995.1241 24.186567 -3.4589356
290 190.44587 458.92577 0.64668252 -0.24799293 -0.090973967 25 0 1222.8074 5.2899648 -1.808632
291 367.23363 459.3845 0.75989114 0.14679294 0.10748987 25 0 358.97856 1.2694295 -0.25902149
292 468.99489 460.16403 0.42820781 0.045598877 0.11009393 25 0 60521.041 327.08151 -6.28664
293 332.40475 461.15709 0.62714917 -0.39208196 -0.33447173 25 0 307.74304 1.2718337 -0.26107581
294 6.5619451 462.31878 0.57594049 -0.099789281 -0.095651189 25 0 974.29628 4.3958512 -1.6076075
295 446.35604 462.4298 0.53203778 0.19329664 -0.079935939 25 0 293.33731 1.4664802 -0.41569054
296 86.64095 462.9931 0.7845614 -0.70270251 -0.35333707 25 0 312.80202 1.1343149 -0.13683406
297 252.17548 466.92942 0.7564067 -0.050710982 0.0054204684 25 0 6186.7715 24.523537 -3.4739578
298 383.90991 468.50561 0.66345927 -0.39760707 0.17433486 25 0 647.83703 2.5629787 -1.0218625
299 470.33415 467.82367 0.869498 -0.0087412801 0.053035617 25 0 628.89605 1.954845 -0.72778079
300 286.34374 470.09363 0.74142453 -0.068043015 0.083328609 25 0 320.80559 1.2563782 -0.24780102
301 302.28137 470.1675 0.7231765 0.053996989 -0.0011067265 25 0 3774.3299 15.284885 -2.9606554
302 155.4816 470.70394 0.65916588 0.11589047 0.0092073193 25 0 486.67872 2.0094732 -0.75770554
303 379.6997 475.19627 0.75689161 0.27569048 0.063160727 25 0 581.02566 2.234311 -0.87285907
304 180.2013 476.37517 0.68866079 0.21185775 0.13122036 25 0 979.33555 4.0692035 -1.5237735
305 395.51556 477.88004 0.61902167 -0.16172501 -0.28391522 25 0 204.14129 1.0287598 -0.030784993
306 258.21887 480.7297 0.76503829 -0.52104588 -0.24593069 25 0 339.12391 1.2884555 -0.27517357
307 105.18569 481.76067 0.81345892 -0.19336125 0.053280672 25 0 1379.8825 5.1678686 -1.7832787
308 281.51916 491.32994 0.63961939 0.33891038 0.046797657 25 0 401.79058 1.7089928 -0.58185055
309 433.98281 490.90751 0.67813279 0.4685085 0.0065835976 25 0 285.1105 1.3081168 -0.29161634
310 445.59671 494.18129 0.65920946 0.18932775 0.049826954 25 0 221.32325 1.0495588 -0.052516971
311 191.42918 495.11515 0.50782702 0.65976732 0.25748189 25 0 251.23976 1.073249 -0.076751223
312 108.64738 496.74115 0.69651406 -0.45356783 -0.10844887 25 0 311.2634 1.2156904 -0.21205748
313 157.12496 498.41197 0.68091698 -0.09254226 0.001061979 25 0 579.91032 2.2358033 -0.87358396
314 202.73805 498.57704 0.52735119 -0.59119744 0.17254067 25 0 375.42509 1.6869849 -0.56777801
315 0.71680136 500.07953 0.73718883 0.28952481 0.28070662 25 0 305.16744 1.1756462 -0.17569165
316 321.37606 500.43692 0.76931458 -0.55968867 0.407931 25 0 297.66327 1.0875363 -0.091109411
317 372.65202 500.87881 0.69335081 0.15630044 -0.040047216 25 0 272.55911 1.1740386 -0.17420594
318 158.23812 502.00912 0.60554514 0.048209416 -0.098567649 25 0 717.21964 3.1773535 -1.2551638
319 99.377095 505.34925 0.3806469 0.60661417 0.99889384 25 0 157.43822 1.0034486 -0.0037378797
320 204.57364 505.73354 0.68672542 -0.086481196 -0.16067522 25 0 810.29551 3.1542744 -1.2472487
321 32.273837 509.58699 0.63227064 0.096571338 0.17361384 25 0 615.25666 2.6271747 -1.0487224
322 78.94745 508.7845 0.83950012 -0.099227554 0.20499293 25 0 764.01078 2.8190685 -1.1252641
323 277.19799 509.00712 0.78088192 0.063665532 -0.030192578 25 0 1499.9527 5.6505995 -1.8802363
324 287.97708 508.81564 0.78180701 -0.104564 0.0063227208 25 0 712.88796 2.7214218 -1.0869897
325 201.99239 509.73769 0.73519347 0.03328902 -0.035167834 25 0 1091.6183 4.201718 -1.5585673
326 426.01305 510.03956 0.76582244 0.082941978 0.32276922 25 0 342.74938 1.428846 -0.38746352
