id xcentroid ycentroid sharpness roundness1 roundness2 npix sky peak flux mag
1 347.60507 9.2120505 0.62547911 0.059316707 -0.23417832 25 0 431 1.4115294 -0.37422485
2 37.197276 9.8026961 0.65769219 -0.032008841 -0.098821502 25 0 8402 23.973922 -3.4493477
3 420.93929 12.273638 0.67197842 0.23303382 -0.10834723 25 0 320 1.155541 -0.1569634
4 480.27473 12.169974 0.63577116 0.21653785 -0.18525324 25 0 13413 37.915372 -3.9470383
5 199.20612 38.315741 0.56544276 0.10575584 0.27474529 25 0 551 1.6864694 -0.56744616
6 218.67894 39.384608 0.64602923 -0.2247804 0.016091698 25 0 1204 3.2056339 -1.2647848
7 337.34118 41.54404 0.48633064 0.54870248 -0.030262279 25 0 59367 184.07071 -5.6624617
8 124.02458 43.534603 0.58060455 0.16179997 0.05389359 25 0 2568 7.638727 -2.2075525
9 413.02062 45.00536 0.60446983 0.24366826 -0.35381813 25 0 464 1.5356804 -0.46575212
10 483.49546 51.01364 0.60494859 0.23733165 -0.22016509 25 0 274 1.1499277 -0.15167631
11 307.02746 51.91215 0.65432887 0.14009262 -0.20249566 25 0 939 2.6434647 -1.0554338
12 456.00492 58.523116 0.55312309 0.27239531 -0.029471047 25 0 632 2.297366 -0.9030755
13 44.193706 64.76558 0.60733942 0.22058735 -0.25504073 25 0 366 1.2558372 -0.24733333
14 445.59523 65.570146 0.54223067 0.432873 -0.0032082182 25 0 626 1.9436496 -0.72154491
15 68.402949 69.66 0.59983351 0.48085019 0.035476399 25 0 720 2.1502199 -0.83120718
16 481.48309 74.083045 0.51697348 0.17691004 -0.26368432 25 0 359 1.4945613 -0.43628432
17 363.41849 78.083409 0.62470703 0.055692692 -0.26582441 25 0 1721 4.7785981 -1.6982513
18 104.72549 85.054422 0.85802055 0.26813098 -0.090756771 25 0 433 1.0122078 -0.013174169
19 503.85584 84.963554 0.62444405 0.14438908 -0.13519298 25 0 11023 31.870953 -3.7584876
20 296.40357 92.483332 0.64054385 0.12084937 -0.30453602 25 0 621 1.5798464 -0.49653715
21 300.24185 94.14004 0.63800309 -0.086671489 -0.29186295 25 0 804 2.0215794 -0.76422703
22 198.56051 95.273398 0.62734754 -0.25619479 -0.20072033 25 0 915 2.336929 -0.92161382
23 66.300599 99.400815 0.58600573 0.19862679 -0.14643902 25 0 2031 5.8296857 -1.9141128
24 502.18368 104.90059 0.60516297 0.28455175 -0.0084835794 25 0 994 3.1997716 -1.2627975
25 231.66451 112.48132 0.54961692 0.61295145 -0.02861471 25 0 7676 22.287358 -3.3701465
26 249.05193 112.57877 0.5382469 0.23813205 0.094494756 25 0 545 1.4377498 -0.39420828
27 259.14904 114.02663 0.58262177 0.11163325 -0.10803986 25 0 1013 2.8543874 -1.1387823
28 315.74205 113.65078 0.50168158 0.33595453 -0.12155606 25 0 555 1.6988549 -0.57539075
29 110.6287 116.10751 0.71726882 -0.11665567 0.19892324 25 0 384 1.0119495 -0.012897047
30 162.97522 119.15385 0.653599 0.13571865 -0.11162969 25 0 1213 3.1297535 -1.2387753
31 186.9809 124.58563 0.52997138 0.053182595 -0.11136479 25 0 871 2.4340495 -0.96582352
32 18.258121 126.17594 0.65821775 0.20711175 -0.21305891 25 0 712 2.0983367 -0.80468796
33 406.97654 136.02255 0.58929755 0.15034605 -0.19725787 25 0 6105 17.788864 -3.1253705
34 309.73926 141.64403 0.58211922 0.40318982 -0.058646791 25 0 1480 4.1284586 -1.5394698
35 8.8025454 146.4637 0.646946 0.57043155 0.050455164 25 0 335 1.0007325 -0.00079504156
36 495.21337 147.94853 0.62870181 0.10862036 -0.12104305 25 0 4029 11.753589 -2.6754263
37 396.91723 157.65682 0.55344138 0.2821574 -0.089813159 25 0 23322 68.950911 -4.59635
38 164.42189 165.09315 0.58447859 0.14087451 -0.26046388 25 0 1120 2.9999449 -1.1927832
39 489.25818 169.36348 0.58880094 0.34567572 -0.058770223 25 0 3070 9.1643475 -2.4052539
40 236.96458 170.12919 0.58081789 -0.11403584 -0.21416707 25 0 990 2.7027679 -1.0795219
41 175.09196 170.84027 0.58882136 0.22535712 -0.13639607 25 0 596 1.6415345 -0.53812504
42 163.56031 173.49084 0.49051008 -0.25287912 -0.11262298 25 0 717 1.8961816 -0.69469985
43 27.685562 179.2544 0.52424237 -0.30701536 -0.28916705 25 0 443 1.5221547 -0.45614695
44 125.77353 179.41273 0.66230021 0.086609288 -0.083317308 25 0 1025 2.5317936 -1.0085708
45 432.09046 178.63015 0.59222021 0.17961106 -0.048576297 25 0 1304 3.7473598 -1.4343135
46 422.15598 180.9677 0.57752752 0.016372523 -0.20190936 25 0 296 1.0038304 -0.0041509036
47 493.93906 180.59597 0.71285805 0.21094412 0.17805364 25 0 404 1.2069579 -0.20423029
48 237.81001 182.26045 0.60557535 0.20468351 -0.49518156 25 0 562 1.3511803 -0.32678329
49 432.55735 183.74679 0.64263582 0.22457269 -0.18797574 25 0 400 1.1332568 -0.13582083
50 200.1894 185.01693 0.58004507 -0.32605836 -0.58774709 25 0 458 1.1290802 -0.131812
51 82.517089 185.86307 0.59264834 -0.10786252 -0.26119956 25 0 19548 55.648029 -4.3636245
52 179.06466 198.01757 0.55917613 0.083858449 -0.28439508 25 0 410 1.068302 -0.071735103
53 480.23259 201.92461 0.59167491 0.51493912 0.29402499 25 0 267 1.0140758 -0.015176096
54 436.50084 211.57103 0.54685373 0.57691971 -0.22396882 25 0 397 1.2098379 -0.20681798
55 337.34612 213.71707 0.6219275 0.28345442 -0.20449969 25 0 722 1.8327277 -0.65774488
56 267.52091 215.86365 0.57465681 0.24551366 -0.090457796 25 0 427 1.1534192 -0.15496794
57 161.5987 217.20837 0.60775599 0.65483122 0.021079572 25 0 613 1.5343787 -0.46483139
58 490.39491 220.28045 0.56762048 0.35478473 -0.13091087 25 0 1999 5.996019 -1.9446575
59 250.78532 222.61772 0.55526343 0.032093812 -0.010060009 25 0 1283 3.4380574 -1.3407828
60 363.07962 224.65559 0.56505734 0.09991018 -0.11449955 25 0 2138 6.2441212 -1.9886783
61 433.11248 225.43352 0.55410524 0.26246628 -0.030654897 25 0 6220 18.448747 -3.1649172
62 337.99318 227.12619 0.53303541 0.10893873 0.026725579 25 0 565 1.6795187 -0.56296209
63 191.48424 233.13642 0.38116081 0.41132712 -0.43141016 25 0 374 1.1690476 -0.16958045
64 251.46133 234.12489 0.60525791 0.18456309 -0.33504845 25 0 491 1.2785696 -0.26681094
65 442.28892 236.93843 0.5469079 0.028373456 -0.22247018 25 0 791 2.5857956 -1.0314855
66 439.18484 250.3259 0.55543499 0.3011688 -0.10243672 25 0 3253 9.7575501 -2.473352
67 215.04029 250.78363 0.56693143 0.187839 -0.15611282 25 0 2509 7.1938884 -2.1424092
68 44.288739 271.47436 0.52091466 0.55984511 -0.09865834 25 0 702 2.0900922 -0.80041362
69 58.400119 280.62955 0.67428028 0.43577923 -0.37759902 25 0 424 1.0494191 -0.052372414
70 358.86219 283.15956 0.62196831 -0.064653369 -0.15836411 25 0 2933 8.2814311 -2.2952635
71 171.58165 284.35504 0.45220566 0.40463495 -0.082501489 25 0 406 1.0682809 -0.07171361
72 50.196888 285.58925 0.62932906 0.36782329 0.10872214 25 0 698 1.7809062 -0.62660264
73 78.34725 285.29613 0.4767619 -0.10449961 0.022560147 25 0 536 1.5500632 -0.47587352
74 464.33851 288.0806 0.60241459 -0.010166979 -0.15126161 25 0 273 1.0144976 -0.015627606
75 61.795116 301.20615 0.71474855 0.061149147 -0.15138608 25 0 788 1.9326588 -0.71538799
76 205.45002 306.77411 0.50831289 -0.038017913 -0.26048807 25 0 436 1.1066328 -0.11000882
77 437.14024 306.79986 0.60359628 -0.15120774 -0.16968778 25 0 471 1.4794888 -0.42527922
78 124.58843 311.54127 0.55047604 0.60730952 -0.13465977 25 0 1586 4.4570672 -1.6226229
79 0.6406325 313.16857 0.58255719 -0.24751627 0.042491265 25 0 1208 3.6397735 -1.4026859
80 7.1012776 330.44491 0.63167427 0.35957405 0.009269085 25 0 2590 7.2354381 -2.1486621
81 17.382666 331.39636 0.61350748 0.43717754 -0.095268754 25 0 6257 17.708494 -3.1204541
82 250.41936 332.19308 0.60090458 0.29312499 -0.23766115 25 0 457 1.1468756 -0.14879077
83 475.58601 338.57904 0.46781329 0.44319551 0.2159714 25 0 273 1.0590623 -0.062303743
84 226.61124 348.22235 0.60523652 -0.089721052 -0.19508997 25 0 2602 7.1865583 -2.1413024
85 368.44299 349.68129 0.51922194 0.46193901 -0.17226807 25 0 420 1.2984193 -0.28353739
86 285.45099 352.21499 0.62625301 -0.27967038 -0.29820493 25 0 11958 32.038394 -3.7641768
87 8.8185417 354.33232 0.70606817 -0.41824017 -0.13247692 25 0 766 1.9156661 -0.70579956
88 401.38126 359.33803 0.54457431 -0.041158834 -0.13763112 25 0 731 2.2768713 -0.89334623
89 212.89683 361.24056 0.56538903 0.22067235 -0.18403749 25 0 769 2.1360631 -0.82403518
90 264.89945 362.44987 0.5895392 -0.091913837 -0.057469953 25 0 1301 3.5650449 -1.3801625
91 82.426746 363.90119 0.62620626 0.06035383 -0.32079206 25 0 2513 6.8656515 -2.0917044
92 414.3581 363.76748 0.53352624 0.0082072381 -0.3613034 25 0 414 1.3897024 -0.35730454
93 486.25268 365.77651 0.60554423 -0.13142421 -0.1226981 25 0 4025 11.720201 -2.6723377
94 352.77045 376.81913 0.60968709 0.12423171 -0.15300408 25 0 1665 4.8664088 -1.7180215
95 61.669654 378.0593 0.64829452 0.073472131 -0.1994341 25 0 2077 5.7068445 -1.8909901
96 131.47897 383.99216 0.71104142 0.0096856586 -0.36373402 25 0 826 2.0419095 -0.7750912
97 442.21351 386.12252 0.61169798 0.0035121741 -0.17262465 25 0 1170 3.5571448 -1.3777538
98 471.53196 385.69059 0.61263559 -0.085586104 -0.25774287 25 0 827 2.4711079 -0.98222926
99 233.54579 393.94224 0.59545846 -0.2362912 -0.37231024 25 0 3553 9.7887693 -2.4768202
100 363.90291 395.84932 0.60712677 -0.39871011 -0.4424715 25 0 336 1.0707058 -0.074175409
101 259.92604 405.1022 0.62944878 0.033381227 -0.17333466 25 0 1028 2.8773662 -1.1474879
102 91.913256 410.4398 0.48885736 0.057183619 0.15956598 25 0 441 1.329742 -0.30941847
103 115.97103 411.91935 0.6732066 0.061995263 -0.21127081 25 0 1358 3.7098278 -1.4233844
104 166.66728 429.94355 0.691687 0.11983735 -0.18137823 25 0 1165 2.9667871 -1.180716
105 140.29086 430.89619 0.57356076 0.15763316 -0.20998703 25 0 553 1.6406954 -0.53756992
106 239.95022 433.22141 0.57904599 -0.34524097 -0.19035836 25 0 543 1.614305 -0.51996395
107 498.94705 433.17181 0.30853718 -0.084615383 -0.11901773 25 0 58497 221.95977 -5.8656857
108 352.50479 435.1543 0.63952666 -0.31181635 -0.33807378 25 0 1522 4.2952465 -1.5824702
109 253.03419 437.62121 0.52866184 -0.25200722 -0.138922 25 0 560 1.8245013 -0.65286045
110 99.172227 439.61591 0.60894646 0.066902688 -0.084011898 25 0 7193 20.512892 -3.2800672
111 485.08033 449.5694 0.58454293 -0.012326715 0.027514238 25 0 872 2.8768985 -1.1473114
112 319.06346 453.26056 0.5745168 0.11616577 -0.058282451 25 0 331 1.1208987 -0.12391587
113 370.02626 458.27069 0.62065218 -0.054864682 -0.11152148 25 0 572 1.7721755 -0.62126685
114 64.21735 459.24795 0.65249583 0.25004931 -0.10763773 25 0 3270 9.2514105 -2.4155199
115 157.13041 460.38186 0.63939741 0.21723335 -0.02546475 25 0 579 1.6188075 -0.52298801
116 435.59674 461.85213 0.63473314 0.082868577 -0.23374407 25 0 48761 135.17629 -5.3272513
117 218.91848 468.48751 0.60393052 0.079986203 -0.019885471 25 0 2306 6.5152743 -2.0348318
118 269.03646 471.74103 0.6336037 0.11160581 -0.097710523 25 0 1649 4.6504155 -1.6687294
119 146.84115 477.84662 0.65907594 0.093863438 -0.25582226 25 0 468 1.3183615 -0.30008626
120 71.902792 483.08323 0.67939455 0.044829194 -0.12152086 25 0 585 1.5628756 -0.48481104
121 171.34348 507.05696 0.6538142 -0.030432254 -0.25993461 25 0 466 1.2663659 -0.25639801
122 243.87521 510.49942 0.61819379 -0.44806725 -0.33263228 25 0 579 1.5563285 -0.48025314
123 168.62694 510.72303 0.81366911 0.22311037 -0.67276268 25 0 578 1.3617452 -0.33523967
