id xcentroid ycentroid sharpness roundness1 roundness2 npix sky peak flux mag
1 40.126586 0.036946541 0.8615915 -0.24116966 -0.418544 25 0 2977 7.034904 -2.1181454
2 301.60017 15.521806 0.62832364 0.46685315 -0.29175715 25 0 560 1.5680811 -0.48842133
3 432.94244 18.843586 0.6033575 -0.40931814 -0.26611455 25 0 482 1.7500048 -0.60759811
4 113.42351 22.485859 0.68532596 -0.57819447 -0.09563293 25 0 456 1.2397527 -0.2333377
5 339.07748 24.074447 0.69371742 -0.14572219 -0.29517378 25 0 888 2.4373942 -0.96731443
6 28.514516 24.442982 0.54536036 0.48823943 -0.11269225 25 0 10979 30.930171 -3.7259558
7 412.32519 27.337816 0.58276055 -0.53790809 -0.44332648 25 0 531 1.8189091 -0.64952748
8 471.69072 27.156313 0.67025904 -0.17644864 -0.26633538 25 0 28074 72.937568 -4.6573782
9 217.2582 42.235853 0.70726353 -0.40647607 -0.26780953 25 0 382 1.0264395 -0.028333344
10 358.26978 45.544343 0.51262242 -0.16640744 -0.19878152 25 0 449 1.5225889 -0.45645662
11 457.8937 45.89036 0.55555885 -0.31768061 -0.28231678 25 0 235 1.1355671 -0.13803199
12 130.77495 48.117538 0.64118641 -0.2701287 -0.42503802 25 0 529 1.4687375 -0.41736049
13 117.7338 52.248388 0.61377632 -0.34486472 -0.26751252 25 0 560 1.6155953 -0.52083147
14 190.6491 53.324266 0.6210661 -0.39641196 -0.24218885 25 0 1117 2.8771265 -1.1473974
15 210.15846 54.189442 0.65640116 -0.09290938 -0.28689794 25 0 2525 6.652641 -2.0574852
16 350.66241 55.467347 0.51346885 0.4663534 -0.26815393 25 0 383 1.287592 -0.27444568
17 70.481165 56.433981 0.6874071 0.335903 -0.050611039 25 0 486 1.3232368 -0.30409392
18 328.77752 56.422598 0.3639526 -0.22747798 -0.26176942 25 0 58556 179.26467 -5.6337367
19 115.53818 58.470092 0.60281668 0.36131892 -0.25271449 25 0 4362 11.377799 -2.6401456
20 404.23753 59.941173 0.69052943 0.049889369 -0.18376207 25 0 1103 3.0497843 -1.2106728
21 474.76246 66.055942 0.70008248 0.21612596 -0.25656593 25 0 833 2.4016245 -0.95126277
22 298.39184 66.849363 0.69260096 -0.49127077 -0.39751995 25 0 1738 4.3207995 -1.5889103
23 447.40152 73.55219 0.6153934 -0.38518512 -0.11498372 25 0 1242 3.5478236 -1.374905
24 505.96428 75.845963 0.71640412 0.010202862 -0.13885755 25 0 3718 9.6460565 -2.4608745
25 1.5440387 77.11067 0.5973448 -0.53899413 -0.42479405 25 0 372 1.2434636 -0.23658273
26 35.443031 79.480582 0.60248511 0.48431362 -0.10163402 25 0 563 1.7419963 -0.60261806
27 58.553317 79.215651 0.67136266 -0.31921868 -0.18591179 25 0 424 1.1397631 -0.14203643
28 436.89991 80.527005 0.63841764 -0.064790197 -0.048857235 25 0 1413 3.9097221 -1.4803647
29 1.7413906 81.084827 0.77107075 -0.36664288 -0.35832754 25 0 576 1.5365398 -0.46635954
30 116.41852 81.248889 0.65499416 -0.57910162 -0.41480255 25 0 437 1.1537 -0.15523225
31 475.71142 81.175134 0.72807532 -0.28184299 -0.23484177 25 0 366 1.1631111 -0.16405304
32 422.15534 82.114479 0.69648045 -0.088417018 -0.36375403 25 0 613 1.8129479 -0.6459633
33 59.857735 84.273707 0.6912352 -0.29029356 -0.25060854 25 0 1689 4.2190696 -1.5630417
34 472.79332 89.080197 0.65913412 0.08364001 -0.20143045 25 0 963 2.9056721 -1.1581165
35 354.65788 93.019021 0.64401665 -0.15338895 -0.32304214 25 0 3479 9.2424635 -2.4144694
36 123.64904 96.218209 0.57040736 -0.38602386 -0.31259545 25 0 529 1.4174702 -0.37878485
37 96.125896 99.818493 0.57718797 -0.12834673 -0.21474636 25 0 598 1.6497159 -0.54352292
38 495.25357 99.972846 0.73226968 -0.077655139 -0.20345119 25 0 25737 63.685821 -4.5101069
39 159.10489 106.63273 0.52409811 -0.34505096 -0.35327892 25 0 516 1.3855231 -0.35403439
40 287.71231 107.34325 0.64794225 -0.50817209 -0.25453353 25 0 1302 3.2254413 -1.2714729
41 291.60442 109.02155 0.60439893 -0.55092775 -0.45907361 25 0 1484 3.9464899 -1.4905275
42 189.93091 110.07653 0.65987561 -0.16157182 -0.31687952 25 0 1968 5.0257053 -1.7529926
43 57.674768 114.16793 0.65884565 -0.37219709 -0.33677685 25 0 4326 11.167577 -2.6198974
44 119.687 113.79479 0.60918454 -0.038420382 -0.30249332 25 0 496 1.2551762 -0.2467617
45 455.79935 113.94575 0.62503461 0.049805039 -0.26974285 25 0 339 1.1686501 -0.16921124
46 300.54057 116.01192 0.65557375 -0.18881769 -0.55826609 25 0 387 1.0093431 -0.010097016
47 493.47329 119.9415 0.72855028 -0.19738044 -0.26247888 25 0 2198 5.5409847 -1.8589674
48 336.33304 125.43553 0.56255129 0.32470224 -0.03600637 25 0 575 1.6830084 -0.56521573
49 223.0182 127.34962 0.61730506 -0.017164732 -0.18163194 25 0 16864 44.922093 -4.13115
50 240.4029 127.4665 0.61485357 -0.58357635 -0.11884627 25 0 929 2.1885351 -0.85038381
51 307.10007 128.61406 0.58085103 0.24293911 -0.02803417 25 0 1085 2.9235527 -1.1647773
52 250.50957 128.85124 0.6929108 -0.41218408 -0.35061267 25 0 1929 4.5127164 -1.6360951
53 452.50386 130.33806 0.69190064 -0.27077903 -0.39982959 25 0 371 1.1464314 -0.14837015
54 102.23888 130.85314 0.60960891 -0.13237832 -0.16594818 25 0 528 1.3085441 -0.29197094
55 202.49318 130.59809 0.63928301 0.44609005 -0.32861961 25 0 537 1.2787804 -0.26698989
56 54.828875 132.20453 0.63814607 -0.34936457 -0.041983783 25 0 627 1.6818286 -0.56445436
57 154.37319 133.99888 0.71340505 -0.19615055 -0.37300905 25 0 2346 5.5784866 -1.866291
58 178.30585 139.54036 0.59146377 0.21454304 -0.11457751 25 0 1631 4.1758795 -1.5518699
59 9.6526544 140.83078 0.63353303 -0.041140796 -0.35273781 25 0 1230 3.3866752 -1.3244339
60 255.73588 142.69563 0.66698415 0.076607731 -0.16626817 25 0 522 1.1035513 -0.10698128
61 398.23755 150.97863 0.68241342 -0.10317711 -0.25546717 25 0 13763 35.280353 -3.8688323
62 16.986104 157.10134 0.61950983 -0.20548146 -0.25337195 25 0 783 2.2387292 -0.87500392
63 300.9979 156.49218 0.53598462 -0.084247574 -0.12494399 25 0 2523 6.9130515 -2.0991745
64 0.42602793 161.10591 0.83269921 -0.1942287 0.046571552 25 0 769 1.760689 -0.61420662
65 486.57213 163.03818 0.72173966 -0.13917007 -0.34868806 25 0 8327 20.429975 -3.2756696
66 99.850497 170.67857 0.61556111 -0.19520894 -0.083380934 25 0 442 1.0494593 -0.052414046
67 388.15702 172.45175 0.57732985 -0.13562729 -0.03340136 25 0 45733 123.87011 -5.2324163
68 208.55978 176.62257 0.57675213 0.047514906 -0.033977593 25 0 495 1.1369195 -0.1393243
69 427.38174 176.02819 0.58181085 -0.066365669 -0.42417135 25 0 499 1.6552312 -0.54714665
70 155.65913 179.9197 0.50414169 -0.18250521 -0.4378097 25 0 604 1.5381969 -0.46752982
71 480.56299 184.38107 0.6425988 0.34891984 -0.22375383 25 0 5865 15.241181 -2.9575466
72 166.39106 185.53151 0.55797995 0.46531298 -0.13498639 25 0 863 2.1216655 -0.8166923
73 228.21018 184.90789 0.65603799 -0.29499071 -0.35284387 25 0 2018 4.9446163 -1.7353315
74 348.42439 184.76016 0.66384823 -0.37793129 -0.34951142 25 0 540 1.3237632 -0.30452579
75 415.7167 186.88292 0.64012941 0.15117662 -0.24293986 25 0 393 1.2178461 -0.21398103
76 154.84222 188.10584 0.64592895 -0.31103291 -0.37488032 25 0 1764 4.3255617 -1.5901063
77 19.051925 193.96418 0.68831996 -0.07469002 -0.35357092 25 0 907 2.357172 -0.93097816
78 117.13765 194.09135 0.68797447 0.17613246 -0.22116859 25 0 2115 5.1742623 -1.7846211
79 423.34115 193.56609 0.59185939 -0.53796339 -0.12630504 25 0 2484 6.7376705 -2.0712744
80 485.18898 195.50122 0.66648963 0.16078278 -0.058342215 25 0 660 1.8513615 -0.66872808
81 413.2458 195.86028 0.7580317 -0.23248344 -0.2736978 25 0 704 1.7342511 -0.59777998
82 228.88625 197.09972 0.59481835 -0.2131787 -0.39659689 25 0 1143 2.975506 -1.1839021
83 423.80283 198.63132 0.60014911 0.096612381 -0.1173999 25 0 810 2.3112616 -0.90962275
84 191.5738 199.61801 0.58053493 -0.60253898 -0.3751886 25 0 691 1.6862219 -0.56728684
85 73.776065 200.55522 0.56949091 0.22999523 -0.11127733 25 0 35815 99.911714 -4.999041
86 123.44418 202.04674 0.68023963 -0.58498542 -0.4192145 25 0 515 1.1770693 -0.1770051
87 457.12661 210.64001 0.53421141 0.13324874 0.11813749 25 0 476 1.6684303 -0.55577015
88 170.18067 212.65613 0.5881045 -0.50268529 -0.050560763 25 0 676 1.6708715 -0.55735761
89 510.74804 214.2456 0.86118785 -0.25918659 0.087858807 25 0 1713 3.9938458 -1.5034782
90 68.726333 214.7516 0.57469769 0.21826953 -0.30180528 25 0 604 1.625008 -0.52713873
91 471.70573 216.5828 0.66522093 0.49435164 -0.13143841 25 0 535 1.5319361 -0.46310165
92 505.04221 220.31683 0.68051496 -0.01110906 -0.11387111 25 0 3359 8.7640538 -2.3567626
93 16.770799 225.101 0.65420586 0.70814248 -0.18576034 25 0 530 1.3795404 -0.34933603
94 427.83826 226.47343 0.49720025 0.30841029 -0.024950563 25 0 843 2.651179 -1.0585976
95 328.49247 228.57981 0.61357685 -0.62833208 -0.26116803 25 0 1405 3.5431038 -1.3734597
96 258.5643 230.66784 0.46394122 0.42030913 -0.4971685 25 0 597 1.5172591 -0.45264935
97 152.8439 231.88938 0.67225728 -0.13298744 -0.31439641 25 0 1176 2.7750311 -1.1081696
98 481.60722 235.28695 0.64791231 -0.39493448 -0.24782543 25 0 4580 12.188735 -2.7148966
99 242.02634 237.32204 0.59090498 -0.059615663 -0.18360549 25 0 2871 7.7210326 -2.2191885
100 354.22964 239.48811 0.58361562 -0.24790077 -0.079789253 25 0 4051 10.941639 -2.5977059
101 424.40742 240.33698 0.64015557 0.17594109 -0.20537459 25 0 13567 35.282534 -3.8688994
102 329.16317 241.8276 0.63021554 -0.10193166 -0.19538487 25 0 1151 2.990686 -1.189427
103 182.60363 248.00862 0.67131339 -0.17009402 -0.33425247 25 0 783 1.7506776 -0.60801546
104 242.65443 248.99171 0.75336584 -0.29322794 -0.27830033 25 0 903 1.9490745 -0.72457107
105 33.143579 251.9457 0.73115967 0.19871603 -0.095470266 25 0 482 1.1525835 -0.15418102
106 433.59084 251.88939 0.59883007 0.042056089 -0.33223503 25 0 1790 4.9646377 -1.7397189
107 430.416 265.30206 0.64171403 0.20263532 -0.25918689 25 0 7251 18.744267 -3.1821712
108 206.22816 265.4874 0.5541375 -0.27389483 -0.13440336 25 0 4255 11.387158 -2.6410383
109 268.22353 268.14358 0.63586672 -0.12305679 -0.13826427 25 0 575 1.3817221 -0.35105172
110 333.99097 274.35479 0.6649083 0.30241599 -0.024051748 25 0 493 1.2564692 -0.24787962
111 35.513945 286.11237 0.66705397 -0.24359621 -0.32329686 25 0 1569 3.9132761 -1.4813512
112 92.013973 287.83573 0.5526711 -0.62993494 -0.51298032 25 0 374 1.0191365 -0.020580912
113 49.756347 295.40472 0.65909726 0.14276322 0.10747207 25 0 811 1.9441202 -0.72180776
114 349.98977 298.01625 0.64625779 -0.11093476 -0.26303854 25 0 6151 16.465541 -3.04144
115 162.74536 299.16931 0.63172567 -0.31399786 -0.23318276 25 0 1034 2.5446857 -1.0140854
116 41.35613 300.30961 0.67272113 0.15719564 -0.23620893 25 0 1309 3.1780051 -1.2553865
117 69.635441 300.11495 0.62769351 -0.18412063 -0.29003069 25 0 1208 3.0890126 -1.2245492
118 324.198 302.8065 0.69359035 -0.43894436 -0.18288211 25 0 500 1.249491 -0.24183284
119 455.55708 303.04718 0.68468829 -0.03311547 -0.38300961 25 0 707 1.9546747 -0.72768621
120 138.48285 309.69628 0.55135746 0.2346506 -0.27913518 25 0 553 1.2888995 -0.27554765
121 53.058099 315.82087 0.66176969 -0.33191216 -0.33168459 25 0 1429 3.6893282 -1.4173682
122 400.7473 316.19223 0.65135356 -0.42459502 -0.29126242 25 0 407 1.132041 -0.13465535
123 196.46433 321.57249 0.59441553 -0.64174367 -0.13047592 25 0 777 1.7854449 -0.62936613
124 428.3885 321.7799 0.68104343 -0.22118023 -0.25119708 25 0 1023 2.7482825 -1.0976534
125 115.69577 326.23508 0.65329816 -0.37669865 -0.30266082 25 0 3506 8.8377797 -2.3658579
126 37.856688 330.139 0.72937293 0.35683286 0.020470834 25 0 422 1.0037774 -0.0040935657
127 308.00248 338.20129 0.73024345 0.15853156 -0.10998915 25 0 684 1.6411217 -0.53785199
128 0.14808332 345.17792 0.98467801 0.44871236 0.50234807 25 0 848 1.7203986 -0.58907269
129 265.33521 345.35435 0.55598415 -0.057904892 -0.0061053545 25 0 479 1.2113082 -0.20813667
130 8.5847979 345.96997 0.68955057 -0.10490246 -0.329155 25 0 13394 33.986462 -3.8282649
131 358.26558 345.81495 0.73084794 -0.35605124 -0.34336577 25 0 579 1.4462645 -0.4006193
132 54.931475 347.16779 0.58262081 -0.14675398 -0.1431006 25 0 921 2.3394332 -0.92277661
133 241.63254 346.96416 0.66960934 -0.31058788 -0.35194023 25 0 1081 2.6398135 -1.0539331
134 466.60123 353.60135 0.37363931 0.58858673 0.37218545 25 0 544 1.8754536 -0.68276579
135 338.55828 359.47945 0.57323509 0.15812808 -0.29376567 25 0 557 1.5291041 -0.46109261
136 217.64498 362.9742 0.64344001 -0.1943807 -0.38728316 25 0 5537 14.385663 -2.8948247
137 0.36508832 364.96489 0.87566856 -0.780376 0.1050622 25 0 981 2.1543061 -0.83326854
138 359.56873 364.55817 0.52029151 0.11775594 -0.2653834 25 0 768 2.1737394 -0.8430187
139 276.52669 367.03856 0.64342591 -0.2899762 -0.43665903 25 0 24975 63.873997 -4.5133102
140 0.4264368 368.93206 0.82181518 -0.53304584 0.059107132 25 0 1576 3.6096143 -1.393652
141 1.0619004 372.20948 0.72593574 0.38612046 0.38868372 25 0 685 1.5504961 -0.4761767
142 392.47901 374.23798 0.65477005 0.089656669 -0.27610244 25 0 1846 4.7404912 -1.6895584
143 457.80547 374.97948 0.71826023 0.22286408 0.16493172 25 0 336 1.0200879 -0.021593945
144 203.92163 375.925 0.65486195 -0.10791456 -0.30518863 25 0 1731 4.3584148 -1.5983214
145 256.03003 377.20592 0.63921105 -0.10268965 -0.25481701 25 0 2932 7.7027718 -2.2166176
146 73.603358 378.38985 0.51669494 0.51026168 -0.099775293 25 0 3780 10.616418 -2.5649451
147 405.54158 378.42658 0.48325732 0.77763037 -0.071390597 25 0 840 2.677416 -1.0692896
148 117.07686 379.09444 0.30606839 0.59314857 -0.0052329548 25 0 324 1.0925627 -0.096115908
149 0.87364261 381.38792 0.61331857 0.09881224 0.2858148 25 0 491 1.3237788 -0.30453853
150 477.45868 380.7709 0.71780834 -0.46852196 -0.23683528 25 0 9395 22.963823 -3.4026105
151 343.82416 391.72866 0.58524191 -0.091302294 -0.24528913 25 0 3245 9.1115281 -2.398978
152 52.858973 392.61117 0.60194492 0.13717138 -0.15993607 25 0 3288 8.8211451 -2.3638124
153 98.580621 394.35264 0.67516927 -0.18279703 -0.31985321 25 0 639 1.4540249 -0.40642964
154 205.45252 395.84577 0.69224315 -0.56766511 -0.45789048 25 0 609 1.3479961 -0.32422158
155 461.89142 397.13961 0.75511377 -0.90439627 -0.15137451 25 0 696 1.780784 -0.62652814
156 78.452389 397.25935 0.28173397 -0.011543862 0.037963465 25 0 268 1.0635967 -0.066942405
157 122.42904 398.61621 0.58034597 0.410359 -0.28601346 25 0 1239 3.1156978 -1.2338883
158 433.35691 401.11412 0.69232459 -0.14352852 -0.23598179 25 0 2579 6.6336812 -2.0543865
159 462.6076 400.76764 0.59786423 -0.10176906 -0.29379732 25 0 1984 5.6972774 -1.8891684
160 38.308654 403.46615 0.65980186 -0.54051811 0.010509557 25 0 531 1.2831817 -0.27072043
161 224.4027 408.75013 0.57833581 -0.064953659 -0.43847899 25 0 6639 17.782991 -3.125012
162 354.92996 410.8517 0.66675998 0.093261 -0.26802265 25 0 756 2.0063928 -0.75603989
163 253.61522 416.16418 0.67412271 -0.04368887 -0.29671282 25 0 709 1.7087415 -0.58169092
164 390.56587 415.94294 0.75189171 -0.21169546 -0.40444339 25 0 585 1.4982139 -0.43893456
165 250.95356 419.91903 0.67056373 -0.031638182 -0.27403422 25 0 2177 5.5989035 -1.8702575
166 472.59287 420.54931 0.57754224 0.260402 -0.16523915 25 0 352 1.1913237 -0.19007443
167 83.043775 425.06802 0.6886057 0.096122074 -0.21587473 25 0 1080 2.6923279 -1.0753199
168 107.10112 426.57429 0.64558473 -0.16045933 -0.12373512 25 0 2235 5.6783736 -1.8855599
169 282.9363 436.87902 0.62984898 -0.43112875 -0.26632546 25 0 414 1.1537852 -0.15531245
170 131.25534 445.63836 0.56269925 0.50575584 0.010942985 25 0 907 2.3415819 -0.92377339
171 157.80632 444.64339 0.58200395 0.13424726 -0.22615072 25 0 2000 5.4249817 -1.8359957
172 231.09983 448.03655 0.66999275 -0.26719083 -0.20670507 25 0 1244 3.2021 -1.2635872
173 490.05682 448.24726 0.24961933 -0.13330698 -0.089716262 25 0 58110 196.53424 -5.7335956
174 343.55123 450.05597 0.66222207 -0.33007036 -0.38022672 25 0 3369 8.7528188 -2.3553699
175 244.04064 452.55101 0.6426972 -0.20367082 0.017818122 25 0 1149 2.9410342 -1.1712502
176 90.267907 454.28263 0.69780885 0.12498666 -0.22976975 25 0 15153 37.872799 -3.9458185
177 476.19249 464.7369 0.72140294 -0.22748509 -0.16819611 25 0 2347 6.0493225 -1.9542668
178 310.12268 468.27235 0.63790575 0.066423031 -0.22589705 25 0 648 1.8479263 -0.66671162
179 434.28267 469.3634 0.60151112 -0.13479496 0.085362901 25 0 352 1.1183848 -0.12147816
180 361.21283 473.18785 0.67632416 -0.20280496 -0.22126114 25 0 1439 3.8275963 -1.4573153
181 55.320409 473.85839 0.73954374 -0.18101618 -0.27007353 25 0 6755 16.451128 -3.0404892
182 148.27656 475.08923 0.72397779 -0.014601464 -0.25992925 25 0 1457 3.6357797 -1.4014939
183 426.63311 476.89301 0.49317558 -0.18029597 -0.30139825 25 0 58391 169.69152 -5.5741504
184 209.98688 483.17646 0.68469909 -0.068256314 -0.2304663 25 0 5587 14.39026 -2.8951716
185 341.71182 484.94651 0.65272558 -0.39824434 -0.27386065 25 0 631 1.7221112 -0.59015296
186 427.87585 484.63073 0.5487757 -0.17386054 0.087241242 25 0 387 1.1598159 -0.16097267
187 113.18009 487.00581 0.80787108 0.044330871 -0.11745864 25 0 572 1.238772 -0.23247847
188 260.08662 486.54802 0.61056523 -0.13717777 -0.12432343 25 0 2894 7.7658406 -2.2254712
189 337.39236 491.86252 0.80013513 -0.20866637 -0.22694345 25 0 552 1.283436 -0.27093551
190 137.94683 492.43182 0.50409633 0.46905018 -0.072719474 25 0 702 2.0745847 -0.79232791
191 63.076694 497.79181 0.71227234 -0.18901474 -0.21179806 25 0 1239 3.095957 -1.2269873
