id xcentroid ycentroid sharpness roundness1 roundness2 npix sky peak flux mag
1 282.37721 14.473516 0.65117328 -0.56034571 -0.19406248 25 0 494.60642 1.3663884 -0.33893544
2 413.60259 18.330227 0.61856599 -0.86385206 -0.2441701 25 0 378.19623 1.2187437 -0.21478099
3 93.980298 21.470624 0.81256088 -0.48401713 -0.35397544 25 0 452.7452 1.0636518 -0.066998694
4 9.5272039 23.355215 0.61032313 0.18158761 -0.17984021 25 0 11032.252 28.654779 -3.6429927
5 319.93676 23.265368 0.64113868 -0.0068313999 -0.045630089 25 0 670.5313 1.9322265 -0.71514509
6 393.23017 26.686736 0.65456933 -0.22750809 0.053564331 25 0 564.51131 1.5972533 -0.50843448
7 452.27116 26.633166 0.6579454 -0.33064993 -0.071929478 25 0 23041.021 57.421176 -4.3976802
8 339.26435 44.635837 0.63256971 0.11502823 -0.026702667 25 0 400.06562 1.2529892 -0.24486836
9 438.81018 45.229634 0.53738645 -0.068619081 -0.018814451 25 0 309.62718 1.1313762 -0.13401759
10 111.80033 47.239566 0.72910925 -0.11096835 -0.2183822 25 0 449.24981 1.1930046 -0.19160534
11 98.347056 51.005025 0.69438594 -0.44096855 -0.38461119 25 0 477.8387 1.2136004 -0.21018925
12 171.61424 52.332611 0.68762715 -0.35731836 -0.10825961 25 0 1024.6041 2.5297864 -1.0077097
13 191.01293 53.200744 0.63705934 -0.15331676 -0.13070843 25 0 2010.0668 5.2536368 -1.8011501
14 51.271328 55.324842 0.84283178 -0.10329456 0.026229766 25 0 491.25231 1.1225657 -0.12552942
15 309.67638 55.496091 0.42736834 -0.43112597 -0.11934889 25 0 57881.942 165.61992 -5.5477814
16 331.78512 54.779669 0.6951616 -0.074120788 -0.17655212 25 0 416.95742 1.2438768 -0.23694345
17 96.419167 57.320837 0.60933322 0.047445786 -0.14510663 25 0 3921.0192 10.166474 -2.5179259
18 385.14106 59.314135 0.68167435 0.10741566 -0.094439848 25 0 886.53242 2.3796727 -0.94129309
19 279.249 65.936515 0.76816711 -0.33668421 -0.16127584 25 0 1504.863 3.5098879 -1.3632331
20 455.58814 65.323169 0.57142489 -0.66224656 0.043294533 25 0 550.90693 1.6328655 -0.53237604
21 428.03603 73.006347 0.70868161 -0.084764238 -0.11794614 25 0 1516.493 3.925698 -1.4847922
22 486.58905 75.347038 0.614543 0.23881849 -0.20478735 25 0 2539.2591 6.5649918 -2.0430855
23 16.232102 78.306804 0.6520059 -0.1457022 -0.23719108 25 0 591.37956 1.6434196 -0.53937118
24 417.53024 79.801971 0.62869817 -0.011654938 -0.2211573 25 0 1238.147 3.4108161 -1.3321458
25 402.92467 81.476557 0.65043691 -0.36607781 -0.0089927943 25 0 382.39135 1.1845702 -0.18390197
26 40.637704 83.108548 0.64266244 -0.22409925 -0.16011756 25 0 1460.9241 3.7849458 -1.4451492
27 453.48591 88.440925 0.63036658 -0.4497883 -0.027812351 25 0 717.06639 1.9482198 -0.7240949
28 335.64948 92.257262 0.67328404 -0.38692583 -0.14865786 25 0 2797.1951 7.0219857 -2.1161499
29 104.65398 95.013766 0.71213822 -0.14475365 -0.34089555 25 0 451.93525 1.0952346 -0.098767916
30 76.871191 98.49931 0.56812397 -0.18522525 0.015231249 25 0 471.31254 1.3576978 -0.33200779
31 475.83793 99.43427 0.66601964 -0.16150555 0.031271999 25 0 19591.689 48.861335 -4.2224133
32 268.47374 106.52686 0.66117546 -0.92492782 -0.11619263 25 0 891.22871 2.2275422 -0.86956485
33 272.56765 108.28406 0.64907584 -0.087043572 -0.34815146 25 0 1132.5323 2.8250507 -1.1275656
34 170.82933 109.13678 0.70446803 -0.1791646 -0.17054344 25 0 1673.4269 4.0964203 -1.5310113
35 38.531039 113.07605 0.65853201 -0.31173859 -0.35163952 25 0 3149.1299 7.7408 -2.2219646
36 493.87813 115.94019 0.69190563 -0.19589561 -0.13411135 25 0 2026.901 5.1674334 -1.7831872
37 474.09746 119.42741 0.66261132 0.10623994 0.07487911 25 0 1914.9722 4.9485265 -1.7361897
38 317.18331 124.5933 0.69385952 -0.32007065 -0.20148254 25 0 467.34229 1.3212833 -0.30248983
39 203.9838 126.44784 0.61121552 -0.06280636 -0.014804598 25 0 13985.579 36.234369 -3.8978018
40 221.34387 126.46359 0.66688031 -0.34012233 0.148988 25 0 788.9932 1.8406962 -0.66245531
41 231.47522 127.93305 0.67748064 -0.30889378 -0.24721499 25 0 1646.2617 4.0795959 -1.5265429
42 287.86823 127.83793 0.59973203 -0.057701488 -0.047553113 25 0 979.53654 2.877637 -1.14759
43 82.913678 129.76564 0.67957907 -0.094912379 -0.20254642 25 0 514.30419 1.310334 -0.29345506
44 183.60555 129.78435 0.40665205 0.5959011 -0.19002962 25 0 336.56813 1.0426869 -0.045384807
45 35.550111 131.18764 0.7041052 -0.46716296 -0.18261971 25 0 463.7697 1.1829691 -0.18243351
46 137.28224 131.27663 0.66705332 -0.69717024 -0.33644547 25 0 430.41827 1.0659473 -0.069339381
47 135.29913 133.00488 0.67081159 -0.20995363 -0.20746965 25 0 1893.8668 4.6926031 -1.6785346
48 463.1159 133.82489 0.52771902 -0.0970866 -0.20973278 25 0 298.33715 1.1498591 -0.15161157
49 502.48648 134.81556 0.63331307 -0.2777338 -0.25496153 25 0 1505.8474 4.0084957 -1.5074536
50 159.26573 138.62767 0.52121512 0.23368381 0.019296496 25 0 1144.827 3.1479272 -1.2450617
51 236.7013 141.73849 0.66916829 -0.3625628 -0.12301667 25 0 397.95985 1.044331 -0.047095453
52 379.17186 150.25042 0.66367111 -0.11513513 -0.1442148 25 0 10744.583 26.839082 -3.5719191
53 281.86109 155.78013 0.64074245 -0.20110292 -0.13756235 25 0 2594.8319 6.688064 -2.063251
54 467.14021 162.41991 0.63621423 0.12223817 0.039300779 25 0 6652.4591 17.157631 -3.0861433
55 369.0796 171.79211 0.6649994 -0.18409383 -0.11577081 25 0 46847.213 116.99774 -5.1704437
56 189.68612 175.35955 0.47659158 -0.90708179 -0.27261023 25 0 359.92528 1.0907842 -0.094347119
57 408.04328 175.27029 0.71402265 0.19012164 -0.029214279 25 0 428.78931 1.2394612 -0.23308233
58 209.14843 184.00207 0.68273493 -0.24202454 -0.17965436 25 0 1721.5483 4.1970168 -1.5573518
59 329.41337 183.92512 0.74776301 -0.62472283 -0.11035031 25 0 455.0439 1.1970244 -0.19525751
60 461.17566 183.70226 0.68376312 -0.19049984 -0.022919312 25 0 6037.2964 14.977099 -2.9385692
61 147.12637 184.49143 0.57071665 -0.39878504 0.11230492 25 0 748.3002 1.9545629 -0.72762414
62 135.66787 187.16518 0.64637388 -0.58316315 -0.29571539 25 0 1388.9818 3.4224097 -1.33583
63 0.22535992 192.86121 0.98553453 0.054954004 0.055308943 25 0 657.79458 1.3086357 -0.29204689
64 98.040131 193.11235 0.72194798 -0.02255951 -0.098150842 25 0 1830.3026 4.3480532 -1.5957371
65 404.16658 192.90284 0.67728534 -0.23293789 -0.16622423 25 0 2461.6545 6.1987081 -1.980753
66 394.29503 195.18197 0.73411421 -0.47778431 -0.13415013 25 0 522.61145 1.3786923 -0.34866836
67 465.81228 194.76575 0.57460498 0.16179602 -0.21743684 25 0 509.29878 1.5263384 -0.45912708
68 209.85834 196.16139 0.61413559 -0.19696358 -0.22887799 25 0 973.85134 2.5118053 -0.99996491
69 404.46624 197.85427 0.63636626 -0.26426086 -0.27226908 25 0 629.83249 1.7591186 -0.61323782
70 54.563406 199.58815 0.60685819 -0.66693615 -0.010347278 25 0 29246.178 73.836487 -4.6706776
71 172.32594 198.73311 0.62845696 -0.51700632 -0.13658259 25 0 648.18825 1.5857331 -0.50057524
72 437.78489 209.82186 0.59913024 -0.11812995 -0.059497413 25 0 420.35376 1.2714149 -0.26071826
73 151.27951 211.59292 0.73966055 -0.62953594 -0.10905755 25 0 577.9654 1.2995092 -0.28444837
74 49.720786 213.5381 0.59616621 -0.0042212188 0.18489938 25 0 445.80161 1.1774801 -0.17738396
75 491.68119 213.55059 0.61193662 0.20958082 -0.12811478 25 0 1179.3633 3.1323689 -1.2396822
76 452.19098 216.03665 0.71694167 -0.28260868 -0.00060688324 25 0 567.0322 1.4761044 -0.42279268
77 485.64457 219.58641 0.60600411 0.20997471 -0.092683369 25 0 2329.1774 5.9916224 -1.9438611
78 408.49566 225.81717 0.62239761 0.11697914 -0.26978837 25 0 824.15374 2.2293202 -0.87043115
79 309.28017 227.7628 0.66857213 -0.4560183 -0.16320406 25 0 1254.1628 3.2068413 -1.2651937
80 239.50919 229.72218 0.50648741 0.30842352 -0.095619824 25 0 514.82496 1.5093531 -0.44697716
81 133.68587 230.88709 0.62850723 0.032796809 -0.21999199 25 0 903.72599 2.3333726 -0.91996023
82 462.22545 234.50371 0.61916305 -0.25285864 0.042977941 25 0 3762.7742 9.7482794 -2.4723199
83 223.02135 236.37212 0.64363564 -0.021218041 -0.0030985163 25 0 2431.9175 6.1943072 -1.9799818
84 335.08253 238.75411 0.64257418 -0.19397776 -0.11823964 25 0 3855.033 9.8794455 -2.4868314
85 405.18426 239.50562 0.61745954 -0.33389959 -0.00021571239 25 0 10768.784 27.313562 -3.5909458
86 310.09563 240.9362 0.66455153 0.083960155 -0.2317516 25 0 929.18444 2.4442369 -0.97035826
87 163.5376 247.09948 0.61649584 -0.22502367 -0.35284233 25 0 590.33877 1.6043997 -0.51328146
88 223.67573 248.10824 0.59755054 -0.52655651 -0.26396197 25 0 642.87174 1.6677438 -0.55532337
89 414.38781 251.04933 0.65886077 -0.21572902 -0.23468661 25 0 1585.2616 3.9110202 -1.4807251
90 411.18801 264.60544 0.57841122 0.15885434 0.045511029 25 0 5341.9435 13.849804 -2.8536091
91 187.17384 264.57416 0.60217087 -0.29139816 -0.038963046 25 0 3999.8577 10.384609 -2.5409754
92 510.90177 266.03353 0.97974784 0.089567491 0.3243887 25 0 926.21496 1.8858349 -0.68875919
93 16.32071 285.09418 0.66401877 -0.018661246 -0.19420274 25 0 1351.4184 3.543053 -1.3734441
94 30.562625 294.36257 0.61033134 0.18162465 -0.012413442 25 0 593.72646 1.5940304 -0.50624148
95 330.8751 297.16363 0.66694474 -0.28961039 -0.16612506 25 0 5105.2222 12.77574 -2.7659651
96 143.68834 298.15616 0.65999126 -0.049571431 -0.42350264 25 0 772.90415 1.8640696 -0.67615531
97 22.099579 299.29536 0.68953081 -0.11293358 -0.046072521 25 0 1203.0069 3.049555 -1.2105912
98 50.383247 299.09656 0.74053638 -0.22101912 -0.2614691 25 0 1156.9687 2.635659 -1.052223
99 436.39496 302.21911 0.62710188 -0.19126466 -0.21958031 25 0 617.17842 1.5757239 -0.49370029
100 119.479 308.745 0.63160542 -0.84974163 -0.3465817 25 0 473.94049 1.1872321 -0.18633904
101 508.90764 308.48418 0.64777965 -0.36101714 0.31199077 25 0 370.60089 1.0145669 -0.015701756
102 33.831175 314.79686 0.72052891 -0.035033169 -0.11536975 25 0 1248.2119 2.9514843 -1.1751012
103 177.34478 320.47162 0.59105481 -0.21149304 0.011945306 25 0 656.23933 1.5479692 -0.47440582
104 408.99925 321.11052 0.69778734 0.043456466 -0.16013477 25 0 1074.7508 2.6334976 -1.0513323
105 96.50627 325.29946 0.61464428 0.11605635 -0.18382241 25 0 2636.9447 6.6306935 -2.0538974
106 288.92518 337.36944 0.66489141 -0.28487654 0.12903 25 0 541.57715 1.2222574 -0.21790666
107 246.17067 344.60441 0.75373181 -0.21019803 -0.17816364 25 0 536.32559 1.0923859 -0.095940216
108 339.0982 345.14286 0.7345527 -0.2011185 -0.13485968 25 0 487.00852 1.0563503 -0.059519851
109 35.62317 346.24699 0.63018553 -0.28696735 -0.3238561 25 0 810.9313 2.0391609 -0.77362873
110 222.54539 345.99138 0.64024694 -0.32687783 -0.37825653 25 0 767.43915 1.8141887 -0.64670617
111 447.28275 353.04553 0.65919158 0.10244142 0.36388849 25 0 823.83925 1.78357 -0.62822541
112 319.2909 358.52814 0.67682091 -0.38025399 0.03315324 25 0 672.42711 1.5431364 -0.47101076
113 198.66006 362.03749 0.67219086 -0.29131759 -0.21383954 25 0 4960.6314 12.198058 -2.7157267
114 340.48191 363.8041 0.58236752 0.047621532 -0.23111828 25 0 790.50963 1.9026884 -0.69841919
115 257.5249 366.24395 0.61969066 -0.12349009 -0.32372244 25 0 19220.894 47.818544 -4.1989909
116 373.33949 373.55943 0.57792495 0.15015671 -0.021146326 25 0 1390.9975 3.5076417 -1.3625381
117 184.87434 375.0507 0.68966518 -0.31030876 -0.18503858 25 0 1560.7617 3.676753 -1.4136611
118 236.97154 376.27537 0.61973146 -0.27084105 -0.16660063 25 0 2392.1445 6.0248904 -1.9498729
119 54.370752 377.48572 0.59782254 -0.46166787 -0.037719475 25 0 3664.4316 9.3086124 -2.4222124
120 386.51107 377.84178 0.66484753 -0.36696198 -0.2396086 25 0 979.27522 2.3430067 -0.92443383
121 457.97158 380.01568 0.71930318 -0.18837446 -0.086371002 25 0 9453.4059 22.784399 -3.3940939
122 324.7465 390.91477 0.70915879 -0.24181293 -0.1362279 25 0 3322.939 7.7709322 -2.2261828
123 33.396645 391.68441 0.58783935 0.22148235 -0.28052918 25 0 2642.2016 6.8506207 -2.0893248
124 79.239569 393.47258 0.72472554 0.22950018 0.11271819 25 0 582.52438 1.2185234 -0.21458466
125 186.23654 394.97991 0.718353 -0.41409509 -0.4151091 25 0 704.24388 1.4979599 -0.43875049
126 442.57608 396.37209 0.56785758 -0.44652236 0.10751631 25 0 525.97091 1.3208281 -0.30211572
127 103.12159 397.74561 0.71269052 -0.2456973 -0.098941853 25 0 1450.4346 3.2406779 -1.2765897
128 413.99238 400.33653 0.64855413 -0.12804471 -0.017544543 25 0 2317.6625 5.7799954 -1.9048187
129 443.28502 400.00528 0.67837431 -0.29920116 -0.096051697 25 0 2134.7095 5.2085859 -1.7917996
130 18.868038 402.4934 0.63070606 0.039278914 0.2697212 25 0 554.48761 1.4390457 -0.39518649
131 205.46697 407.85111 0.68344378 -0.48542274 -0.31830551 25 0 6787.2383 16.021903 -3.0117853
132 335.91347 410.0487 0.62699293 -0.20866443 -0.22065097 25 0 770.89005 1.9312322 -0.71458621
133 234.56874 415.30678 0.73228376 -0.33486962 -0.095594529 25 0 677.44278 1.3839524 -0.3528029
134 371.26039 415.05858 0.75389968 0.092198788 -0.10384979 25 0 673.37047 1.3475118 -0.32383146
135 231.86801 418.96301 0.68925465 -0.060964203 -0.2050192 25 0 1959.7687 4.6843214 -1.6766167
136 63.719359 424.13113 0.77034689 -0.28279944 -0.12409212 25 0 996.11629 2.1623918 -0.83733598
137 87.731222 425.54921 0.647308 0.26278474 0.0094201215 25 0 2002.0563 4.8744282 -1.7198092
138 138.40317 443.83597 0.68080436 -0.36792748 -0.19906755 25 0 2128.6415 5.0474502 -1.7576801
139 111.95071 444.56876 0.63424317 0.22904225 0.028733708 25 0 994.72884 2.2977558 -0.90325969
140 211.97917 447.15912 0.62243294 -0.14136623 -0.15066907 25 0 1095.4198 2.8245734 -1.1273822
141 470.62291 447.43817 0.39072371 -0.59119522 -0.19227537 25 0 60897.2 168.09446 -5.5638835
142 324.44627 449.17173 0.6599883 -0.46735191 -0.30266723 25 0 2813.5059 6.7856674 -2.0789814
143 224.9008 451.54389 0.64058381 0.086247464 0.1852519 25 0 1063.7518 2.3887445 -0.94542423
144 70.847596 453.42463 0.6389283 -0.2493833 -0.068710538 25 0 11463.563 28.691836 -3.6443959
145 455.89981 454.85522 0.52336643 0.42707242 0.028771185 25 0 394.34785 1.0505792 -0.053571984
146 456.71363 463.98495 0.73916823 -0.30793876 -0.15361934 25 0 2263.485 5.0304207 -1.7540108
147 290.97908 467.19624 0.75391442 -0.14382993 -0.30726215 25 0 806.28534 1.7170741 -0.5869726
148 342.09349 472.37075 0.64729067 -0.14843176 -0.012576579 25 0 1247.9614 2.951946 -1.175271
149 36.070223 472.89861 0.72806448 -0.14466447 -0.1635153 25 0 5932.6065 14.229116 -2.8829448
150 128.87747 474.16969 0.71203491 -0.34341282 -0.21171338 25 0 1271.1818 2.8643071 -1.1425489
151 407.48932 476.13268 0.54875022 -0.2506607 -0.24788024 25 0 60071.483 159.05958 -5.5038996
152 190.81938 482.23749 0.70722422 -0.25169759 -0.12289489 25 0 5148.6005 12.23937 -2.7193976
153 322.47486 484.22026 0.7657307 -0.2544658 -0.082285583 25 0 713.14064 1.4591406 -0.41024284
154 408.74599 483.99693 0.63945884 -0.46581883 -0.26510089 25 0 528.32205 1.0304729 -0.032591408
155 93.837026 486.17089 0.79482646 0.15971137 -0.36566968 25 0 574.2046 1.1392109 -0.14151037
156 240.90521 485.57193 0.64640769 -0.0063917236 -0.051617933 25 0 2821.473 6.8528785 -2.0896826
157 318.2634 490.86738 0.8411341 -0.79849181 -0.23760548 25 0 591.07592 1.1298737 -0.13257473
158 118.6809 491.54789 0.67777279 0.49919398 0.051748226 25 0 809.41568 1.7490641 -0.60701434
159 43.685129 496.76499 0.76115292 -0.10579146 -0.21394974 25 0 1116.9285 2.3941523 -0.94787943
