id xcentroid ycentroid sharpness roundness1 roundness2 npix sky peak flux mag
1 46.997272 3.9636495 0.77557032 -0.1818628 -0.2396394 25 0 328.48695 1.0540232 -0.05712541
2 339.17122 3.851698 0.76186875 -0.2173032 -0.23019422 25 0 461.68488 1.5065422 -0.44495324
3 509.88331 8.1498496 0.82443908 -0.025457851 -0.21585676 25 0 413.82618 1.250214 -0.24246087
4 326.40093 11.206429 0.50838139 0.4746954 -0.14743033 25 0 207.98363 1.0508157 -0.053816394
5 299.10797 14.082531 0.67828963 -0.05295401 -0.18992202 25 0 834.47733 2.9018673 -1.1566939
6 308.02307 16.452811 0.6902391 0.097699699 -0.036918071 25 0 420.23359 1.5315408 -0.46282143
7 430.4695 17.322688 0.58564888 0.5875743 -0.39258955 25 0 498.85091 1.9388446 -0.71885748
8 110.96586 21.090329 0.60010087 -0.180339 -0.088350425 25 0 568.84391 2.1523812 -0.83229798
9 26.209378 23.025031 0.79003331 -0.070378469 -0.1833128 25 0 19712.877 58.705255 -4.4216924
10 336.61529 22.608103 0.62514661 -0.69904935 -0.28156268 25 0 694.82561 2.4211911 -0.96007269
11 410.07096 25.868801 0.76568612 0.031648337 -0.16301476 25 0 916.94233 2.8542338 -1.1387238
12 469.16723 25.846062 0.74398628 -0.022262726 -0.12613587 25 0 34182.639 104.34782 -5.0462084
13 335.5533 31.010878 0.71985301 -0.33627535 -0.29144111 25 0 307.05647 1.0457093 -0.048527452
14 355.72947 44.187996 0.63988953 -0.015241241 -0.3748965 25 0 584.18749 2.1135492 -0.81253089
15 455.51891 44.390708 0.68624772 0.49298824 -0.37350309 25 0 404.602 1.4214864 -0.38185677
16 128.29669 46.776651 0.61119155 0.49491336 -0.24896373 25 0 378.65819 1.3103171 -0.29344101
17 115.39163 50.694861 0.56063502 -0.34078297 -0.19263453 25 0 548.9901 1.9668461 -0.73442593
18 188.27916 51.914794 0.73022851 -0.14389599 -0.28191618 25 0 1501.894 4.6707 -1.6734549
19 207.65294 52.805607 0.64610675 0.03800973 -0.28402758 25 0 2504.7873 8.3084268 -2.298797
20 348.3686 54.042956 0.76534189 -0.15899841 -0.31506884 25 0 639.10965 2.0952789 -0.80310462
21 68.186865 54.958099 0.79394862 0.011336588 -0.14827054 25 0 770.78731 2.3036098 -0.90602231
22 251.55917 55.457736 0.81567276 0.14129084 -0.2316737 25 0 330.85917 1.0998917 -0.10337483
23 326.16478 54.893099 0.29901205 0.059056721 -0.13836269 25 0 57705.997 256.55636 -6.022957
24 391.82474 54.899827 0.59213065 0.48848419 -0.11342516 25 0 259.8432 1.0967242 -0.10024357
25 113.06786 56.921354 0.72832799 -0.09363535 -0.18794313 25 0 6580.9164 20.590813 -3.2841838
26 156.15161 57.590914 0.61369613 0.68983767 0.1134472 25 0 395.21493 1.4338474 -0.39125735
27 401.83766 58.418612 0.52163018 0.37746031 0.0036234874 25 0 875.89693 3.3713302 -1.3195032
28 54.232631 64.269573 0.7268245 0.39918067 0.15688497 25 0 391.98422 1.3000957 -0.28493827
29 248.53495 63.919502 0.62566623 0.3260483 -0.4272111 25 0 374.74572 1.3703905 -0.34211087
30 402.26391 64.139076 0.78511656 0.4122926 -0.075604963 25 0 372.3863 1.259971 -0.25090138
31 295.83492 65.394169 0.63003521 -0.21167312 -0.1360699 25 0 1568.6258 5.3239865 -1.8155924
32 472.31664 64.564193 0.67034237 -0.16380581 -0.017006263 25 0 827.88863 2.6748645 -1.0682545
33 144.13032 70.018762 0.87061503 -0.37107491 -0.054128303 25 0 449.0335 1.1953813 -0.19376614
34 444.93794 72.161581 0.71585609 -0.027408959 -0.12367111 25 0 1917.5798 6.16469 -1.9747781
35 32.152831 72.79473 0.76330475 -0.30037939 -0.18646287 25 0 359.93104 1.2350804 -0.2292381
36 503.42102 74.462974 0.61363214 -0.30788538 0.0047836321 25 0 3169.5472 10.613082 -2.5646038
37 351.03001 76.222503 0.66238176 -0.29347422 -0.32378361 25 0 270.19679 1.0334901 -0.035765766
38 33.053923 77.894302 0.69291 -0.0028718843 -0.14789085 25 0 831.26058 2.8260211 -1.1279385
39 56.275602 77.528769 0.50997043 -0.8749474 0.058529604 25 0 377.52251 1.6200918 -0.52384908
40 170.97601 78.192242 0.64934435 -0.0340925 0.066435923 25 0 337.88643 1.2129121 -0.20957329
41 434.50193 79.060035 0.71895 -0.037523588 -0.24981091 25 0 1867.2346 5.8714584 -1.921865
42 -0.029173462 79.569005 0.87169417 -0.12284596 0.42699555 25 0 399.28108 1.1344988 -0.13701006
43 114.04667 79.722217 0.57943749 -0.34747513 -0.20433766 25 0 413.44566 1.5638216 -0.48546804
44 473.33471 79.854582 0.80912446 -0.084474403 -0.22171004 25 0 548.67508 1.6488321 -0.54294107
45 419.8465 80.735482 0.56685727 0.35858898 -0.050096001 25 0 622.08168 2.4858256 -0.98867664
46 38.619921 82.018206 0.73230271 -0.061012054 -0.28233577 25 0 314.31 1.1549806 -0.1564367
47 57.443864 82.814081 0.72910763 -0.49943953 -0.2466473 25 0 1791.3869 5.4318413 -1.8373677
48 470.37869 87.70493 0.69228189 0.0080198424 -0.10356714 25 0 1053.7611 3.2993025 -1.2960553
49 352.24982 91.555152 0.62836902 -0.13441139 -0.035551262 25 0 3280.1483 10.984216 -2.6019227
50 121.37777 94.745169 0.59808968 -0.34320293 -0.39014322 25 0 502.12675 1.7296909 -0.59492127
51 93.73496 98.318672 0.75895117 -0.2339257 -0.073451839 25 0 745.54124 2.2689734 -0.88957349
52 146.26493 98.39007 0.650185 0.53376301 -0.21953003 25 0 362.9018 1.2283044 -0.22326505
53 492.74624 98.554309 0.62683619 0.36813693 -0.019214497 25 0 21787.678 72.202264 -4.646377
54 156.57547 105.18839 0.56211186 -0.36822084 -0.31601217 25 0 488.07784 1.8869436 -0.6893973
55 285.21099 105.88164 0.70744067 -0.30264051 -0.16470867 25 0 1484.4294 4.7203634 -1.6849386
56 289.16521 107.65206 0.66024427 -0.49788188 -0.20029455 25 0 1468.2383 4.7215997 -1.6852229
57 187.53003 108.54372 0.58152172 -0.52664329 -0.21400133 25 0 1458.2053 4.765841 -1.6953489
58 117.24589 112.39193 0.52673224 -0.6772273 -0.42604897 25 0 346.67563 1.3735903 -0.34464305
59 453.24123 112.61115 0.58434558 0.59160399 0.11449473 25 0 343.18791 1.3855975 -0.35409273
60 55.281431 112.63407 0.62716304 -0.34595408 -0.12367063 25 0 4271.1103 14.103339 -2.8733049
61 298.20517 114.72008 0.58074439 -0.7446142 -0.4188939 25 0 287.2464 1.1768194 -0.17677455
62 510.58333 115.06737 0.80674015 -0.31278516 -0.069453754 25 0 2653.5392 7.8242456 -2.2336062
63 491.01449 118.46511 0.63017161 0.0080220165 0.16059394 25 0 2150.9269 7.1761985 -2.1397361
64 333.84505 124.09989 0.64784549 -0.17435945 -0.20257861 25 0 579.10886 2.076907 -0.79354261
65 220.5072 125.91996 0.65353571 -0.022982108 -0.30478188 25 0 18058.31 58.563801 -4.4190731
66 237.95793 125.96959 0.6976251 0.028191635 -0.14456057 25 0 1160.8116 3.5585905 -1.378195
67 248.009 127.42557 0.63242998 -0.010847107 -0.087032846 25 0 1850.2747 6.0666475 -1.9573719
68 304.4674 127.10316 0.58571092 -0.24994217 -0.36714517 25 0 1153.9537 4.2512595 -1.571294
69 99.578814 129.25179 0.6491358 -0.11738758 0.0023136233 25 0 538.81559 1.8686866 -0.67884115
70 200.15729 129.06805 0.69295743 0.28093291 -0.3397241 25 0 590.84088 1.7706391 -0.6203251
71 315.14059 129.45162 0.63205178 -0.068135408 -0.5126492 25 0 244.50847 1.0819728 -0.08554089
72 449.99432 128.89067 0.76802532 -0.37654013 -0.25753879 25 0 582.04064 1.9910471 -0.74770386
73 493.87389 129.166 0.65730186 -0.082475751 -0.31791052 25 0 357.8452 1.3336674 -0.31261881
74 154.53695 130.37154 0.51614384 -0.28273609 -0.53083279 25 0 396.12944 1.6378551 -0.5356887
75 52.400211 130.73724 0.63711118 -0.20570126 -0.37692771 25 0 594.05816 2.0021328 -0.75373223
76 152.03642 132.4095 0.5877383 0.099001312 0.065903114 25 0 1933.44 6.6061801 -2.049876
77 479.83657 133.03156 0.97475099 -0.10290558 -0.029814478 25 0 528.60868 1.3775705 -0.3477846
78 175.9383 137.97735 0.6655859 0.10571206 -0.21881636 25 0 2108.919 6.9080368 -2.0983866
79 7.2945374 139.34505 0.70961398 0.33421332 0.013411745 25 0 1409.6694 4.4854026 -1.6295036
80 253.32866 141.30082 0.70631387 0.11798747 -0.30685947 25 0 548.0103 1.7162401 -0.58644512
81 395.74842 149.51498 0.58309853 0.3315095 -0.045688647 25 0 11212.588 38.303068 -3.9580839
82 298.39891 155.16141 0.62979844 -0.34328863 -0.36842875 25 0 2913.2175 9.590877 -2.4546458
83 14.497611 155.64143 0.67691341 0.095909979 -0.22615648 25 0 741.51023 2.367122 -0.93555159
84 484.00775 161.61344 0.65650846 0.085801666 0.010861309 25 0 8506.7588 28.001253 -3.6179436
85 97.26519 169.09814 0.74676142 0.45557496 -0.066795418 25 0 469.31127 1.3742369 -0.34515403
86 385.60347 171.10776 0.6540284 -0.20746829 -0.2931807 25 0 54190.571 175.46294 -5.6104635
87 206.06651 174.86944 0.74687371 0.064418064 -0.29085331 25 0 667.40665 2.0286235 -0.76800364
88 424.95865 174.61893 0.76468527 0.14701477 0.010460853 25 0 563.86762 1.769723 -0.61976322
89 153.45451 178.41202 0.66368233 -0.064022672 -0.27549617 25 0 631.35417 1.9481694 -0.7240668
90 33.337874 181.84079 0.69086649 -0.26839077 -0.2363093 25 0 432.26197 1.4937988 -0.43573024
91 225.7727 183.44685 0.59651983 -0.15660333 -0.10513652 25 0 1653.1339 5.6044198 -1.8713266
92 346.00521 183.35649 0.67541984 0.26997632 -0.070040955 25 0 698.01234 2.479137 -0.98575131
93 478.05586 182.97727 0.72241298 -0.027001947 -0.13526843 25 0 8131.0352 25.592502 -3.5202819
94 163.98838 184.0677 0.6609631 -0.11618013 -0.24208516 25 0 1096.329 3.5910727 -1.3880605
95 413.25042 185.52061 0.6979552 0.36465585 0.041140236 25 0 369.28765 1.2757029 -0.26437384
96 1.4273839 185.85129 0.68016888 -0.49913907 -0.240233 25 0 299.01079 1.0600919 -0.063358813
97 152.51527 186.68557 0.65133569 -0.35146371 -0.17255842 25 0 1572.9682 4.8312037 -1.7101384
98 420.90924 192.18637 0.71441081 -0.17320361 -0.17203498 25 0 3318.8856 10.36136 -2.5385419
99 16.558224 192.40685 0.50675897 0.82771282 -0.095939327 25 0 606.53983 2.3677182 -0.93582505
100 114.69159 192.64835 0.54537887 0.57601131 -0.0066260042 25 0 1627.7305 5.7124856 -1.8920628
101 410.83375 194.39737 0.68244893 -0.15915346 -0.093453596 25 0 659.59232 2.2063662 -0.85919398
102 482.71493 194.10493 0.67562959 -0.11518954 -0.2897998 25 0 871.308 2.9260646 -1.1657098
103 226.33393 195.61963 0.60566991 0.41489667 -0.29724848 25 0 941.64739 3.1547307 -1.2474057
104 421.39216 197.20875 0.75915589 -0.13240353 -0.191318 25 0 981.80243 3.0160295 -1.198589
105 189.07896 198.19794 0.64616809 -0.038828451 -0.23853222 25 0 820.00195 2.7084272 -1.0817929
106 71.323314 199.10201 0.74844098 0.034980484 -0.21355569 25 0 49070.343 148.75423 -5.4311733
107 325.69573 198.80576 0.72536547 0.32784056 -0.088530942 25 0 300.73857 1.0994815 -0.10296982
108 120.96213 200.37221 0.51956994 0.055241805 -0.099444374 25 0 345.90209 1.2553219 -0.24688776
109 252.32714 204.22309 0.55080214 0.47188072 -0.1403734 25 0 321.99327 1.166153 -0.16688887
110 420.25978 205.14533 0.51993791 -0.78173189 -0.56441682 25 0 287.52626 1.2206001 -0.21643349
111 454.66019 209.1219 0.61621794 -0.43712805 -0.31887477 25 0 602.14495 2.2628614 -0.88664491
112 381.4754 210.74824 0.5151342 0.86053441 0.20658282 25 0 230.96683 1.138418 -0.14075434
113 167.93481 211.18596 0.73782751 -0.047214507 -0.095874727 25 0 698.08843 2.0444585 -0.77644575
114 198.13592 212.14933 0.62422341 0.60123825 -0.089649985 25 0 401.58364 1.2707841 -0.26017942
115 66.248822 213.22016 0.59128829 -0.74748313 -0.45530217 25 0 533.49998 1.8454441 -0.66525225
116 508.56523 212.87991 0.65732783 0.14697116 -0.17241556 25 0 1730.4255 5.6624476 -1.8825105
117 469.14549 215.16612 0.74098389 -0.018914362 -0.17873538 25 0 787.02996 2.5461327 -1.0147026
118 502.48502 218.93746 0.63598759 -0.017078431 -0.29973837 25 0 3371.0426 11.325415 -2.6351353
119 12.306407 222.12745 0.89562531 0.54287517 -0.24408673 25 0 492.2968 1.2507341 -0.24291244
120 14.39376 223.69289 0.70105196 0.2637078 -0.33608953 25 0 419.36462 1.3326128 -0.31175991
121 425.31512 225.11554 0.75589532 0.067344348 -0.20850563 25 0 1400.2418 4.2354636 -1.5672524
122 325.85686 227.16692 0.69145255 0.026160086 -0.21119967 25 0 1682.1167 5.4894198 -1.8488161
123 256.08528 229.13058 0.80483656 -0.0552432 -0.17870456 25 0 972.14226 2.7929687 -1.1151652
124 150.52536 230.5148 0.66133673 0.36694329 -0.14882294 25 0 1024.6051 3.1278772 -1.2381243
125 493.7537 231.08699 0.69346195 -0.37845127 -0.3994174 25 0 328.97418 1.1766873 -0.17665268
126 479.15288 233.86486 0.7164634 -0.058841852 -0.10140149 25 0 5883.6803 18.466499 -3.1659614
127 239.45186 235.8753 0.63022301 0.086875136 -0.34288628 25 0 2786.3663 9.1642751 -2.4052453
128 351.62275 238.12784 0.66197998 -0.20306592 -0.28664348 25 0 4820.5433 15.578506 -2.9813145
129 421.91603 238.90087 0.68593999 -0.036302508 -0.15761287 25 0 16505.117 53.058856 -4.3118947
130 326.57546 240.38875 0.57984454 -0.47897474 -0.27766266 25 0 959.81645 3.3894388 -1.3253195
131 490.97153 241.03447 0.73581233 -0.42717182 -0.16495241 25 0 371.18337 1.2832049 -0.27074003
132 180.16531 246.47979 0.59531618 0.067222819 0.040275445 25 0 696.76138 2.3635804 -0.93392593
133 240.09312 247.60651 0.61841867 -0.058525585 -0.062588282 25 0 754.0783 2.5199764 -1.0034912
134 30.652386 250.46951 0.70888463 -0.63190651 -0.16600243 25 0 386.37612 1.2108242 -0.20770272
135 431.10447 250.4293 0.68717846 0.21758768 -0.010649338 25 0 2090.9258 6.6229425 -2.0526275
136 17.110783 253.21161 0.80821434 0.0049045586 -0.069041353 25 0 359.62502 1.1843282 -0.18368022
137 51.729964 260.97417 0.60799844 -0.14023888 -0.11572629 25 0 261.38788 1.103357 -0.10679015
138 203.77714 264.08531 0.66597618 -0.11522135 -0.2365019 25 0 5578.5552 17.970614 -3.1364073
139 428.00179 263.83235 0.69751746 -0.013939039 -0.12192698 25 0 8898.6303 28.063001 -3.6203353
140 265.881 266.5179 0.63519631 0.061245621 0.20637087 25 0 458.27642 1.5102061 -0.44759058
141 331.21485 273.0868 0.72400079 0.095446826 -0.072411443 25 0 494.92995 1.601601 -0.51138584
142 33.162248 284.54157 0.65123851 0.071896263 0.027335209 25 0 1492.3168 4.8912383 -1.7235471
143 501.09137 289.74129 0.63238738 0.37179913 0.17160197 25 0 271.81609 1.0445114 -0.047282973
144 215.40734 293.12693 0.76362295 0.29261481 -0.45723895 25 0 420.44911 1.2327102 -0.22715248
145 47.316656 293.81633 0.73430686 0.13968619 -0.15771089 25 0 878.41523 2.6381295 -1.0532403
146 347.48914 296.45289 0.59266818 -0.58806888 -0.087713696 25 0 4773.2816 15.705962 -2.9901614
147 160.31977 297.6742 0.66233436 0.081039041 -0.045467172 25 0 956.63664 3.031413 -1.2041128
148 38.922851 298.85567 0.71133245 0.16876136 -0.092280615 25 0 1537.7494 4.8624308 -1.7171336
149 67.117605 298.56981 0.62657824 -0.025904176 -0.078645806 25 0 1207.7295 3.9663764 -1.4959848
150 321.77655 301.17822 0.61875313 -0.10854939 -0.2687662 25 0 466.96096 1.6638075 -0.55275771
151 453.27559 301.50249 0.54878873 0.3532271 -0.051949517 25 0 679.50977 2.5485621 -1.0157381
152 32.098055 306.07273 0.59460888 -0.052949457 -0.1202781 25 0 279.6548 1.0927532 -0.096305199
153 69.802303 308.1945 0.6254403 -0.50466323 -0.16213911 25 0 350.85592 1.1286639 -0.13141162
154 136.07977 308.4038 0.78038258 0.17921154 0.12843002 25 0 600.36729 1.7105284 -0.58282572
155 50.612139 314.24988 0.6104672 -0.37177382 -0.18024534 25 0 1307.0284 4.5519998 -1.6455056
156 398.29917 314.77126 0.76106599 -0.22309572 -0.13837809 25 0 483.90566 1.3977029 -0.3635372
157 194.11436 320.07915 0.67976191 -0.1686865 -0.092994761 25 0 1027.8932 3.2129383 -1.2672559
158 425.86383 320.37096 0.72673434 -0.029662736 -0.021246378 25 0 1165.7768 3.501218 -1.3605479
159 113.23859 324.81067 0.7048098 -0.11947063 -0.19240029 25 0 3945.9425 12.258289 -2.7210746
160 35.472429 328.44988 0.61463293 -0.12713945 -0.30732165 25 0 325.00565 1.0674846 -0.070904033
161 162.77544 334.36234 0.68764431 -0.19935011 -0.24225194 25 0 401.46297 1.2003802 -0.19829703
162 430.22231 334.4024 0.56683001 0.47676689 -0.095522808 25 0 288.94514 1.0546235 -0.05774363
163 305.46817 336.7018 0.71349457 -0.14558439 -0.13634834 25 0 614.31842 1.7759323 -0.623566
164 238.37419 339.40347 0.58493933 0.05989457 -0.13326558 25 0 375.60207 1.4036103 -0.36811633
165 6.118683 344.54374 0.68442084 0.29524907 0.096003512 25 0 12900.107 40.722998 -4.0245994
166 262.79783 343.97877 0.68403481 0.1266067 -0.087259131 25 0 626.95243 1.9757506 -0.73933031
167 355.70879 344.35944 0.39017578 0.32067287 -0.15664173 25 0 363.09115 1.6704739 -0.55709922
168 239.14452 345.54446 0.63975261 0.17185776 0.059783075 25 0 887.40339 2.7541774 -1.0999798
169 52.452734 345.70467 0.60049623 -0.25704849 -0.1953446 25 0 973.37241 3.2627123 -1.283947
170 464.09205 352.10294 0.8164319 0.35037335 0.2283448 25 0 1186.9428 3.0493704 -1.2105255
171 235.09254 355.15581 0.72637002 -0.15152933 -0.23912408 25 0 449.94147 1.2964412 -0.28188206
172 335.88674 357.98503 0.78350446 0.099497153 -0.19662111 25 0 926.01223 2.6250959 -1.0478629
173 215.2294 361.52337 0.63597826 0.29491357 -0.020303896 25 0 5094.7146 16.356754 -3.0342428
174 357.12873 363.11922 0.72244816 -0.04576118 -0.19544072 25 0 1245.9404 3.6827873 -1.4154416
175 468.6983 363.96529 0.74680769 -0.10990816 -0.13546454 25 0 449.49185 1.3359323 -0.31446116
176 274.0889 365.51325 0.59308882 -0.059684367 -0.04554301 25 0 23700.519 79.632685 -4.7527284
177 418.88232 367.91324 0.46653372 -0.59713974 -0.10355629 25 0 264.21181 1.1166156 -0.11975918
178 389.90071 372.80766 0.68414597 -0.0097951286 -0.09369497 25 0 2285.0241 7.203545 -2.1438657
179 455.08064 373.39078 0.75705817 0.1961053 0.039384432 25 0 441.09307 1.3157672 -0.29794763
180 201.53857 374.49521 0.60736118 0.53973533 -0.16847246 25 0 1411.8081 4.4289607 -1.6157546
181 253.46488 375.73068 0.62872974 0.18066204 -0.27763107 25 0 2671.6749 8.6183108 -2.3385554
182 71.184972 376.97417 0.76966641 -0.043766374 -0.18795696 25 0 6506.9577 19.34052 -3.2161704
183 403.08371 377.12819 0.74438983 -0.0088965866 -0.24956537 25 0 1434.9373 4.1663648 -1.5493932
184 114.38213 377.8269 0.65664751 0.43381576 -0.30246808 25 0 549.01981 1.7510825 -0.60826654
185 474.90172 379.31961 0.71215894 -0.12237154 -0.055833929 25 0 10922.744 34.038296 -3.8299195
186 341.35132 390.23247 0.68062593 0.071459811 -0.22771304 25 0 3814.546 11.953623 -2.6937489
187 50.317684 391.08115 0.74584791 -0.024833449 -0.25766387 25 0 4479.6996 13.492598 -2.825239
188 96.082117 392.809 0.72072649 0.060178581 -0.14375332 25 0 701.53096 2.005126 -0.75535418
189 202.74378 394.46191 0.61803426 -0.29038586 -0.21715658 25 0 652.36644 1.9524007 -0.72642241
190 75.878241 396.03298 0.72931856 0.0089400511 -0.20775673 25 0 525.56837 1.5212366 -0.45549193
191 459.3885 395.84278 0.75770597 -0.57922521 0.0010521501 25 0 855.24169 2.4942915 -0.99236802
192 119.99132 397.11001 0.73283328 -0.047527976 -0.17151837 25 0 1938.8172 5.8590527 -1.9195685
193 492.07025 397.70148 0.53530435 0.26692947 0.057609841 25 0 376.24728 1.3473307 -0.3236855
194 460.09259 399.34758 0.74160799 -0.044272261 0.012959474 25 0 2631.3943 7.7828404 -2.2278453
195 430.73545 399.69158 0.66702593 0.073507025 -0.10236812 25 0 2672.3799 8.3905936 -2.3094817
196 35.828611 402.12728 0.76993057 0.022650509 -0.21083117 25 0 734.71181 2.1200453 -0.81586285
197 221.99795 407.19997 0.71187944 -0.056249456 -0.19155029 25 0 9515.0865 29.492515 -3.6742795
198 72.933759 407.53738 0.53381331 0.15530047 0.1259998 25 0 289.6213 1.049595 -0.052554367
199 352.48311 409.36714 0.63073796 0.27916406 -0.13400109 25 0 823.6534 2.5536488 -1.0179029
200 251.03807 414.79261 0.73783081 0.72739569 0.0097315696 25 0 806.54158 2.2918131 -0.90044801
201 387.89979 414.45461 0.62430119 0.10961981 0.1034744 25 0 633.03948 2.0624249 -0.78594534
202 248.49659 418.39809 0.5908369 0.37013878 -0.2285263 25 0 1848.8637 6.1345117 -1.96945
203 266.47967 417.83546 0.47338474 0.13488203 0.040468357 25 0 359.89724 1.2346659 -0.22887362
204 469.90378 419.08073 0.67298543 0.12709464 -0.0073834866 25 0 584.83476 1.7728987 -0.62170979
205 16.90699 422.23873 0.7507606 -0.12486436 -0.077512225 25 0 411.67417 1.2231176 -0.21867053
206 80.551684 423.51033 0.64267188 0.75957288 -0.092235037 25 0 922.0346 2.816294 -1.124195
207 104.54165 425.05174 0.68124642 -0.081783611 -0.3339974 25 0 2483.0133 7.7586282 -2.2244624
208 280.30525 435.2401 0.56298694 -0.052587164 -0.26937263 25 0 399.27387 1.2266418 -0.22179444
209 161.35224 436.77221 0.6892241 -0.34112212 -0.26039334 25 0 412.91841 1.0912235 -0.094784316
210 190.16897 442.13692 0.70218351 0.10140518 -0.28135942 25 0 549.31769 1.5265434 -0.45927289
211 155.2841 443.15402 0.74919778 0.010191427 -0.20730583 25 0 2964.3736 8.8887932 -2.372107
212 128.76679 444.03925 0.72149694 0.15243532 -0.1540534 25 0 1389.8392 3.9989303 -1.5048596
213 377.21735 444.27384 0.52166811 -0.081406353 -0.16095238 25 0 317.85944 1.0576123 -0.060816206
214 157.89538 445.69221 0.7102414 0.39874456 0.04384408 25 0 465.91551 1.1899331 -0.18880637
215 228.46852 446.4481 0.54342543 0.59013701 -0.073453583 25 0 921.8074 3.0733182 -1.2190188
216 487.45892 446.7385 0.37450382 0.058883223 -0.2798947 25 0 60907.383 208.6353 -5.7984695
217 341.06867 448.53709 0.65016676 -0.047141759 0.0039067944 25 0 3550.7599 11.527394 -2.6543278
218 10.990808 451.27077 0.61174615 -0.2359412 -0.096700333 25 0 416.15273 1.4034384 -0.36798337
219 241.67745 451.02325 0.69040391 -0.36264793 -0.41763502 25 0 1382.8303 4.1552324 -1.5464883
220 87.800716 452.78197 0.72820695 0.11408882 -0.14752467 25 0 17386.044 53.503954 -4.3209647
221 472.80376 453.95157 0.69735124 0.24426098 0.010429219 25 0 401.71574 1.0958135 -0.099341654
222 459.38508 460.21036 0.7906924 0.45826356 -0.098996916 25 0 462.03897 1.1820395 -0.18157997
223 473.60671 463.25456 0.69698379 -0.40374938 -0.22507988 25 0 2501.1454 7.597658 -2.2016994
224 376.0244 465.44961 0.56655737 0.4371876 0.10513396 25 0 391.91731 1.2003739 -0.19829137
225 307.58819 466.69114 0.6648588 0.018344234 -0.095831868 25 0 775.57324 2.281025 -0.89532509
226 431.66851 468.04551 0.75699064 0.19421772 -0.25765952 25 0 561.65758 1.4632283 -0.41328023
227 52.828254 472.30117 0.70684084 -0.054210991 -0.10939163 25 0 6881.5438 21.69635 -3.3409667
228 358.50427 471.76425 0.62036953 0.0083842012 -0.27331048 25 0 1388.0873 4.5166941 -1.6370517
229 145.70543 473.5904 0.63988345 0.32148791 -0.080695036 25 0 1220.4485 3.7925882 -1.4473392
230 424.1778 475.5233 0.45980727 0.055038133 -0.16284729 25 0 60771.927 227.34119 -5.8916953
231 287.68985 475.93519 0.73368015 -0.33725092 -0.35512971 25 0 504.54781 1.3798671 -0.34959317
232 401.46667 477.76269 0.7159582 -0.44513682 -0.41401106 25 0 406.87458 1.045224 -0.048023444
233 207.41464 481.67399 0.62517815 0.31567206 -0.24048534 25 0 4816.7273 15.605192 -2.9831728
234 425.37078 483.07477 0.72061356 -0.020903205 -0.057450058 25 0 678.05663 1.8045212 -0.64090495
235 339.05495 483.59138 0.56862171 -0.50041673 -0.09277077 25 0 643.02257 2.0468828 -0.77773247
236 241.45163 484.70377 0.58052439 -0.033738614 -0.27012302 25 0 427.35219 1.4056658 -0.36970519
237 257.47985 485.06368 0.71428355 -0.22622626 -0.35528287 25 0 3722.9623 11.232688 -2.6262092
238 110.81065 485.50604 0.62905588 0.20703786 -0.015925091 25 0 492.51097 1.4714108 -0.41933485
239 334.68735 490.42405 0.5656613 -0.049249002 -0.066001695 25 0 476.3778 1.605317 -0.51390203
240 135.40028 490.96477 0.68229625 -0.24701052 -0.39333368 25 0 1048.0822 3.1134969 -1.2331211
241 60.582332 496.14514 0.71655869 0.076868549 -0.36089112 25 0 1268.0324 3.8861358 -1.4737949
242 236.62314 505.95599 0.63621795 -0.14356253 -0.40752306 25 0 546.74738 1.6364496 -0.53475659
243 146.67696 509.89375 0.79394411 -0.62977449 -0.7251854 25 0 474.37366 1.2197775 -0.21570155
