id xcentroid ycentroid sharpness roundness1 roundness2 npix sky peak flux mag
1 287.68585 3.0248066 0.38431797 0.44279949 -0.24658255 25 0 192.34169 1.3716093 -0.34307602
2 352.92857 6.1096739 0.6017412 0.23590154 -0.049688026 25 0 400.16352 1.9085926 -0.70178312
3 325.51875 8.7007849 0.60559704 0.34702038 -0.11201417 25 0 750.09761 3.4769869 -1.3530076
4 334.25339 11.095218 0.76214742 0.67746468 -0.0045980249 25 0 501.18537 1.9803821 -0.7418725
5 456.88016 11.969393 0.65343601 0.41896722 -0.076438022 25 0 670.02894 3.0477957 -1.2099646
6 498.96747 14.293695 0.79628535 0.4822165 -0.53845812 25 0 278.68984 1.0857418 -0.089316347
7 137.22112 16.181455 0.71275384 0.43276977 0.042382077 25 0 719.59803 3.2101865 -1.2663257
8 362.89655 17.332419 0.71439912 0.39943256 0.061328731 25 0 1006.7868 4.1174684 -1.5365757
9 52.447283 18.172575 0.73893244 0.30984694 -0.13376397 25 0 17518.943 70.775168 -4.6247023
10 0.16741798 19.819551 0.93070641 -0.0027995183 0.20160685 25 0 8179.0717 29.402195 -3.6709494
11 436.40646 20.452911 0.72249477 0.80941414 0.017342358 25 0 824.6077 3.3385025 -1.3088793
12 495.4863 20.30818 0.56228275 -0.042817335 -0.10999051 25 0 25688.392 120.65042 -5.2038221
13 453.71446 21.962065 0.59089477 -0.088694859 -0.076860777 25 0 337.64472 1.6545905 -0.54672631
14 362.02832 25.626555 0.65709608 0.013960598 0.20167835 25 0 381.71706 1.8109826 -0.64478569
15 363.59679 30.824077 0.57873725 0.52566019 -0.14458655 25 0 225.32881 1.0814473 -0.085013426
16 5.484347 31.77087 0.65200003 0.47629208 0.082790095 25 0 272.63841 1.3972885 -0.36321522
17 241.08902 35.596347 0.70119276 0.74375598 0.088517998 25 0 355.19242 1.4790567 -0.42496207
18 453.20946 38.115334 0.68373346 -0.60526573 -0.027449663 25 0 312.84664 1.4202415 -0.38090549
19 382.19372 38.817142 0.77733688 0.17140501 -0.018271329 25 0 760.22476 2.9218955 -1.1641617
20 481.89923 38.778021 0.76777477 0.18001476 0.22455178 25 0 493.30936 1.9314304 -0.71469763
21 154.77485 41.637312 0.62697929 0.31622624 -0.15824754 25 0 462.77996 2.0844325 -0.79746957
22 141.65776 45.788684 0.66518908 0.3870615 0.078136948 25 0 702.43044 3.1932063 -1.2605674
23 214.54984 46.831838 0.67334851 0.54106406 -0.21233903 25 0 1350.1957 5.7215376 -1.8937819
24 447.05019 47.267183 0.65045548 0.62665347 0.076741472 25 0 349.17563 1.5825276 -0.49837822
25 234.06681 47.605508 0.64569345 0.32092291 0.032723618 25 0 2581.4391 11.30987 -2.633644
26 374.75588 48.739869 0.65154647 0.68866664 0.0067667492 25 0 589.04233 2.6805144 -1.0705454
27 418.12849 49.279516 0.71079428 0.51604592 0.30221683 25 0 341.35372 1.4958125 -0.43719288
28 94.501175 49.997599 0.70784337 0.051193814 -0.13174416 25 0 638.63905 2.7172841 -1.0853376
29 278.07686 50.156429 0.65105327 -0.074988929 -0.15358302 25 0 360.36944 1.6105838 -0.51745833
30 352.63346 49.712837 0.3780271 0.62755682 0.031975727 25 0 58771.296 317.81821 -6.2554469
31 139.43912 51.911745 0.68193167 0.067530001 -0.15829688 25 0 5998.8651 25.391949 -3.5117401
32 182.24118 52.5043 0.74716311 0.34231442 -0.11797578 25 0 399.51408 1.5089998 -0.44672297
33 428.3699 53.064029 0.74762678 0.44504952 -0.11045177 25 0 1342.1831 5.3670736 -1.8243439
34 72.821842 54.276129 0.90938222 0.1771012 0.0092561813 25 0 317.6416 1.1445333 -0.14657112
35 261.2659 57.536602 0.71877976 0.4741159 -0.29392639 25 0 323.14615 1.3695449 -0.34144065
36 275.09872 58.692926 0.68312367 0.49327855 0.069377214 25 0 445.04367 1.7919897 -0.6333388
37 428.78929 58.587872 0.80682015 0.1984042 -0.10704604 25 0 352.78494 1.4144719 -0.37648581
38 498.70948 58.996255 0.68150831 0.21551867 -0.068983753 25 0 1103.2718 4.8580646 -1.7161582
39 80.812753 58.901057 0.61947611 0.68145633 0.4296885 25 0 288.92215 1.4202076 -0.38087957
40 322.27437 60.09927 0.71533058 0.28708795 -0.087293294 25 0 1983.0475 8.1238386 -2.2744032
41 170.24019 64.937966 0.78329401 0.43781971 -0.060771566 25 0 490.67703 1.9388891 -0.71888244
42 471.46492 66.570699 0.56660262 0.1778925 -0.013315308 25 0 1445.5563 6.71504 -2.0676215
43 58.079578 67.89188 0.51828926 -0.30477218 -0.25656861 25 0 244.55963 1.3907944 -0.35815733
44 25.650653 70.896581 0.77694473 0.017208076 -0.072543529 25 0 529.21405 2.1608644 -0.8365688
45 377.38293 70.8382 0.71656396 -0.019836377 -0.041723272 25 0 383.38741 1.6678113 -0.55536729
46 59.513295 73.00785 0.71561902 -0.08969156 -0.24411026 25 0 813.70946 3.4154631 -1.333624
47 82.750047 72.627727 0.59748809 -0.50733031 -0.25530766 25 0 431.47358 2.0550828 -0.7820733
48 197.70637 73.112507 0.66186221 0.23528836 -0.42995317 25 0 314.2517 1.3011168 -0.2857907
49 461.00343 73.538709 0.64785655 0.45625026 0.17486101 25 0 1846.9311 8.0953272 -2.270586
50 499.59984 74.221246 0.58972195 0.038799983 -0.04122335 25 0 501.79356 2.5469653 -1.0150576
51 25.911738 74.887172 0.73032461 0.07010301 0.10323927 25 0 608.71148 2.5922708 -1.0342009
52 140.3668 74.700625 0.74471231 -0.092164966 -0.028666344 25 0 450.77582 1.7952228 -0.63529589
53 446.1523 75.183642 0.72065033 0.10771927 0.0089179176 25 0 769.00605 3.2764193 -1.2884987
54 197.00475 76.726715 0.43127691 -0.022783124 0.19624454 25 0 198.28238 1.2535026 -0.24531309
55 64.71182 77.279943 0.72188372 0.54922932 0.18860172 25 0 306.69555 1.3147188 -0.29708216
56 83.694319 77.914423 0.74372478 0.24548373 -0.097058289 25 0 2098.2816 8.5248812 -2.3267208
57 341.88849 79.157952 0.66876074 0.19191688 -0.14599733 25 0 393.20523 1.816033 -0.64780933
58 496.71066 82.086235 0.65850241 0.27683501 -0.05762502 25 0 1295.2471 5.8453669 -1.9170294
59 378.62405 86.264884 0.62678189 0.051827968 -0.11159453 25 0 3635.0776 16.096515 -3.0168296
60 0.024653463 89.042048 0.96924452 0.20744548 0.1669279 25 0 485.3321 1.7428576 -0.60315477
61 147.81324 89.655457 0.78447849 0.24677895 0.051815318 25 0 643.58188 2.4019166 -0.9513948
62 463.09633 91.432708 0.55939467 0.61079847 0.063001105 25 0 311.48116 1.6648901 -0.55346395
63 120.09493 93.222711 0.77847143 0.30737365 -0.022845747 25 0 802.54054 3.1526503 -1.2466895
64 172.4957 93.330073 0.61907115 0.62385582 0.065988213 25 0 335.84483 1.4966228 -0.43778088
65 261.25694 96.985585 0.74334354 0.35348972 -0.085523869 25 0 274.99241 1.1734871 -0.17369576
66 183.10487 99.989046 0.67259558 0.23394539 -0.067887358 25 0 668.50129 3.0000879 -1.192835
67 311.7348 100.53274 0.64711615 0.3778057 0.068811108 25 0 1287.7763 5.546343 -1.8600168
68 315.54228 102.39483 0.54004374 -0.50268413 -0.090350693 25 0 1329.5031 6.2062346 -1.9820705
69 213.92479 103.54398 0.60604915 0.46147131 0.15814753 25 0 1659.7064 7.2989539 -2.1581516
70 143.83078 107.27023 0.69400498 0.2247435 -0.060031756 25 0 494.88947 2.1290073 -0.82044289
71 479.73163 107.0598 0.57394251 0.10764666 -0.18790669 25 0 468.28618 2.3987224 -0.94994996
72 81.599298 107.73934 0.70589926 0.41113357 -0.092330021 25 0 4224.6466 17.025695 -3.0777621
73 89.780279 109.02504 0.94233017 0.46711936 0.16607501 25 0 336.02111 1.0937261 -0.097271484
74 324.57337 109.42942 0.65296552 0.14493758 -0.019795342 25 0 353.69145 1.6008299 -0.51086294
75 360.2416 118.79791 0.56433668 0.73963711 -0.26927698 25 0 544.34222 2.7438596 -1.0959047
76 247.00395 120.71154 0.63578114 0.32084729 -0.0051981605 25 0 18549.52 81.814238 -4.7820722
77 264.24106 120.81366 0.60209445 0.50267215 -0.32517032 25 0 961.56009 4.2355756 -1.5672811
78 274.50102 122.12287 0.66154247 0.24950175 -0.24662306 25 0 2026.4285 8.6503089 -2.342579
79 331.06726 121.7835 0.68766457 0.21609091 -0.044151361 25 0 1433.4115 6.0951161 -1.962455
80 476.51338 123.29849 0.88723717 0.48757036 0.022324051 25 0 538.84372 1.8724345 -0.68101656
81 126.0476 124.3829 0.74313408 0.1873996 0.10261928 25 0 643.58481 2.6822152 -1.071234
82 226.61249 123.94055 0.68155826 0.096358676 -0.29545453 25 0 658.68854 2.8206866 -1.1258871
83 341.48602 124.15053 0.73771915 0.48680201 -0.039933872 25 0 304.99224 1.3010214 -0.28571111
84 180.91435 125.51544 0.74141293 -0.29121293 -0.28936287 25 0 509.54152 1.960735 -0.73104725
85 78.796598 125.71653 0.67451756 0.12932 0.094635041 25 0 684.20905 3.014653 -1.1980933
86 178.46666 127.41023 0.64225319 0.68597965 -0.066452633 25 0 2102.4134 9.097132 -2.3972612
87 506.31951 127.60876 0.51394148 0.65752796 0.13700636 25 0 336.47562 1.6751745 -0.56015012
88 11.070048 129.1613 0.74118384 0.15620322 0.080414749 25 0 648.12437 2.7790614 -1.1097453
89 202.43244 132.82346 0.65546835 -0.047063303 -0.17324826 25 0 1923.9982 8.2501239 -2.2911512
90 33.588865 134.59805 0.56029547 -0.42016845 0.085787571 25 0 1135.2672 5.3887991 -1.82873
91 5.9921097 135.27285 0.76044542 -0.027322518 -0.022695087 25 0 553.3836 2.2937653 -0.90137243
92 279.79324 136.18939 0.64537024 0.51542885 0.055986095 25 0 564.70768 2.5158308 -1.0017036
93 499.60718 138.96612 0.79606187 0.15986045 -0.24294307 25 0 268.08789 1.0790256 -0.082579349
94 422.38746 144.10609 0.71366518 0.30170033 -0.13717316 25 0 15145.106 62.100209 -4.4827327
95 410.89849 147.26327 0.69073208 0.28878631 0.22669917 25 0 275.14327 1.2387363 -0.23244717
96 325.18676 149.81736 0.65200472 0.22555412 -0.064467991 25 0 3421.87 14.859587 -2.9300169
97 40.965411 150.85547 0.80058033 0.35392903 -0.025868842 25 0 1007.8815 3.8079851 -1.4517381
98 120.8835 152.80258 0.82921864 -0.083776814 -0.078423961 25 0 405.95515 1.6074828 -0.51536581
99 23.98949 154.77993 0.74166531 0.43558556 0.051181969 25 0 838.03734 3.4971696 -1.3592917
100 510.54439 156.06445 0.66162222 0.13736811 -0.13698461 25 0 8605.7382 37.533635 -3.9360516
101 352.04751 162.96615 0.50622585 -0.27930163 -0.2279963 25 0 209.29302 1.337341 -0.31560542
102 123.72767 164.11306 0.71525038 0.21559046 -0.048692504 25 0 627.85263 2.5570086 -1.0193305
103 412.37775 165.65958 0.60160799 0.057619924 -0.02955625 25 0 52799.757 237.52324 -5.9392653
104 451.58365 169.07438 0.70151145 0.2729608 -0.087679036 25 0 621.18366 2.5605031 -1.0208133
105 232.76183 169.73142 0.6610395 0.64605978 -0.066756851 25 0 613.3697 2.6388301 -1.0535286
106 179.77114 173.26331 0.63890944 -0.0053417408 -0.16563304 25 0 999.67992 4.2323351 -1.5664501
107 482.73975 175.3896 0.586963 0.47831844 -0.14259108 25 0 194.84623 1.0479107 -0.050810638
108 59.562136 176.87628 0.64659696 0.029964752 -0.31285961 25 0 412.27417 1.9492064 -0.72464456
109 252.324 178.2115 0.67501577 0.39313309 -0.063288662 25 0 2034.8331 8.4343326 -2.3151268
110 372.54694 177.96526 0.72686627 0.4584808 -0.25474308 25 0 610.55752 2.3538689 -0.92945568
111 504.59168 177.37302 0.64272677 0.84807251 0.1273123 25 0 6570.3428 27.767007 -3.6088227
112 190.31841 179.04086 0.56572365 0.089591454 -0.28129648 25 0 922.83809 4.438107 -1.6179944
113 439.77622 180.02537 0.69286816 0.62624528 0.13118597 25 0 413.14313 1.8069325 -0.6423548
114 27.740956 180.76347 0.77573558 0.6678827 0.032886782 25 0 276.13731 1.0864245 -0.089998851
115 179.01914 181.59528 0.65689573 0.30260611 0.0098400449 25 0 1742.7395 7.364275 -2.167825
116 170.09225 186.04414 0.6495046 0.18350862 0.040523847 25 0 292.56546 1.2629961 -0.25350505
117 447.42939 186.76824 0.64324566 0.37900433 -0.22956504 25 0 2911.6236 12.381503 -2.7319334
118 43.028518 187.57105 0.72274679 0.13958734 -0.044009801 25 0 891.93247 3.6061407 -1.3926067
119 141.28666 187.62348 0.62034072 0.42027218 0.083927011 25 0 1915.4572 8.3644404 -2.3060922
120 509.22058 188.40664 0.67141355 0.71653506 0.090522126 25 0 860.34151 3.6287419 -1.3993902
121 437.5191 189.00131 0.75501109 0.22991592 -0.083138483 25 0 689.29245 2.7410933 -1.0948096
122 16.422099 189.9064 0.50966479 0.27100132 -0.011876036 25 0 252.52148 1.4872209 -0.43093872
123 252.97898 190.47903 0.6994313 0.19378814 0.085043434 25 0 1305.0375 5.1894447 -1.7878022
124 268.87798 191.64648 0.56797497 0.40520395 -0.337788 25 0 198.43903 1.0147766 -0.015926142
125 447.93833 191.78419 0.70494697 0.23549805 0.064358777 25 0 1149.063 4.8993111 -1.7253375
126 215.4447 193.18102 0.58502507 0.069924927 -0.19824854 25 0 696.024 3.0956866 -1.2268925
127 256.87209 192.54042 0.63786358 -0.51887995 -0.27531973 25 0 264.32323 1.2008333 -0.19870681
128 97.814323 194.20366 0.70068651 0.13774156 -0.032436075 25 0 47766.446 201.14603 -5.7587787
129 352.30526 193.65481 0.58265076 0.16791193 -0.44900174 25 0 210.46067 1.0266715 -0.028578741
130 147.41032 195.44283 0.64922034 0.71557443 -0.12754915 25 0 385.69982 1.6489549 -0.54302194
131 120.12649 196.80796 0.55691494 -0.073286706 -0.076264124 25 0 184.67209 1.0317698 -0.033957049
132 279.22193 199.47432 0.79378414 0.45777476 0.0093711945 25 0 332.09118 1.1639582 -0.16484342
133 447.0656 199.69923 0.79429367 0.35857358 0.11118442 25 0 526.28456 2.0545015 -0.78176617
134 418.20222 202.48715 0.57490357 0.055736916 0.30694883 25 0 192.31895 1.0969395 -0.10045668
135 481.26616 203.45376 0.61330179 0.69050533 0.1330838 25 0 634.99144 2.922093 -1.1642351
136 375.38312 205.37608 0.64992608 0.59391541 -0.28249616 25 0 294.07873 1.3715486 -0.34302801
137 408.27776 205.14859 0.55404196 0.73485783 0.15217048 25 0 351.97458 1.8972584 -0.69531621
138 194.4246 206.02639 0.69725171 0.60794784 -0.14334958 25 0 757.26954 3.1567445 -1.2480986
139 224.78551 207.30663 0.48546358 -0.30156909 0.054228282 25 0 308.44886 1.5571336 -0.48081468
140 92.973824 208.22629 0.70190283 0.1821978 -0.05571698 25 0 716.10403 2.996082 -1.1913842
141 432.09651 207.98012 0.67298466 -0.019259766 -0.1938064 25 0 425.91503 1.990076 -0.74717417
142 495.79315 209.66546 0.61287127 0.37815932 0.12876883 25 0 736.61896 3.5729653 -1.382572
143 441.76168 212.11456 0.52508826 0.41312684 -0.23945372 25 0 256.5903 1.3694212 -0.3413426
144 38.900324 217.08106 0.70578508 0.022657426 -0.36451377 25 0 496.34122 2.1843525 -0.84830679
145 40.873227 218.7094 0.68971292 0.91540622 0.17344347 25 0 591.20137 2.5914171 -1.0338433
146 361.31027 219.43391 0.44118716 -0.070837815 -0.18942922 25 0 213.99576 1.1821527 -0.18168398
147 451.98067 219.61062 0.61729916 0.47503248 0.12173272 25 0 1188.8095 5.4874682 -1.84843
148 14.204166 220.74563 0.67393721 0.13591706 -0.039029378 25 0 2224.6932 9.7219499 -2.4693834
149 352.63067 221.86901 0.68109466 0.37144559 -0.10281339 25 0 1785.3199 7.586106 -2.2000473
150 282.7475 223.96899 0.68050843 0.29535918 -0.095238028 25 0 848.89745 3.5908776 -1.3880015
151 176.96217 225.45838 0.66529925 0.50987951 0.053428317 25 0 1020.1466 4.1274748 -1.5392111
152 505.7627 228.2551 0.66907101 0.12700344 0.00020290022 25 0 5672.1436 24.676179 -3.4806948
153 247.00115 228.89811 0.60033887 0.31152102 0.075288582 25 0 271.61761 1.2984146 -0.2835335
154 467.08314 228.84152 0.71078457 0.43976985 -0.030478434 25 0 245.55919 1.0710071 -0.074480902
155 266.25176 230.64787 0.61180487 0.15329188 -0.011645385 25 0 2968.8958 13.309344 -2.8103917
156 11.786794 232.73442 0.78323874 0.011874748 0.02741012 25 0 445.63751 1.8531392 -0.66977011
157 378.5326 232.75337 0.59617081 -0.075874793 -0.14797729 25 0 4446.193 20.260476 -3.2666241
158 448.66016 233.39375 0.65564098 0.66929902 -0.16949883 25 0 13857.886 57.64832 -4.4019666
159 111.29399 235.33106 0.47009046 -0.23279758 -0.39763327 25 0 174.79763 1.0133766 -0.014427145
160 284.18821 234.63268 0.38825167 0.6375808 0.27161124 25 0 138.17453 1.06242 -0.065740578
161 353.49341 235.02041 0.64643365 0.27656136 -0.18217925 25 0 1136.8499 5.0147589 -1.7506252
162 178.543 238.11057 0.7396976 0.16090299 -0.041803554 25 0 265.72551 1.0766716 -0.080208164
163 206.81787 241.53757 0.60020537 0.13882092 0.10111705 25 0 715.13809 3.1888121 -1.2590723
164 266.6763 242.42613 0.63341996 0.068130706 -0.05299328 25 0 726.818 3.1241575 -1.2368323
165 457.72474 244.95469 0.6938162 0.28650957 -0.038296059 25 0 2340.8349 9.9497898 -2.4945348
166 57.150812 245.67059 0.68500499 0.13239829 0.023863908 25 0 433.70879 1.913273 -0.70444236
167 43.654402 248.25982 0.76841279 0.038529707 -0.22380251 25 0 314.8708 1.1765244 -0.17650232
168 78.028443 256.10131 0.63305052 0.67770728 0.26789193 25 0 239.13528 1.1460032 -0.14796461
169 454.57665 258.33688 0.59482218 -0.055771887 -0.056126322 25 0 7380.6759 33.249449 -3.8044611
170 230.45811 258.92353 0.67180204 0.10665563 -0.17547786 25 0 5635.595 24.059509 -3.4532169
171 2.7779041 259.91547 0.78084554 0.30906381 -0.089425196 25 0 1312.6474 5.1214619 -1.7734849
172 292.51483 261.4679 0.54899561 -0.10112339 -0.25745944 25 0 397.4925 2.0375616 -0.77277689
173 358.13212 267.63572 0.55677405 0.3597789 0.068226765 25 0 387.02498 1.9946951 -0.74969132
174 131.32113 269.02711 0.69505688 -0.0296561 -0.17886812 25 0 358.33725 1.5290778 -0.46107398
175 12.803169 279.7175 0.65422631 0.55040574 0.17512653 25 0 361.24573 1.6848994 -0.56643491
176 52.875485 280.08078 0.7213324 0.17983731 -0.24784389 25 0 336.01719 1.3690362 -0.34103733
177 59.691319 279.83274 0.709645 0.48014971 9.6859839e-05 25 0 1744.1579 7.2968841 -2.1578436
178 116.25784 281.67743 0.61126149 0.6684517 0.46153104 25 0 297.49286 1.3591967 -0.33320576
179 241.94313 287.91424 0.51606412 -0.18413013 -0.17035175 25 0 333.18793 1.8723032 -0.68094046
180 73.968356 289.01525 0.76003079 0.14456317 0.034199697 25 0 993.08923 3.9226706 -1.4839546
181 374.26986 291.13688 0.69213771 0.33260743 -0.062190715 25 0 6621.2003 27.915096 -3.6145978
182 186.88378 292.63397 0.55568663 0.40325299 0.38830521 25 0 803.17913 3.7625644 -1.4387099
183 65.613761 293.85782 0.61584333 -0.029926368 -0.2463249 25 0 1331.6901 5.9641694 -1.9388749
184 93.79674 293.72206 0.69563284 0.59668166 0.002645986 25 0 1368.0898 5.664281 -1.882862
185 348.61081 295.95182 0.69215541 -0.085842943 -0.22963742 25 0 502.27403 2.2373734 -0.87434615
186 479.94199 295.95405 0.68409213 0.21548836 0.053834204 25 0 940.95883 4.0305149 -1.5134013
187 18.213581 298.87393 0.71133644 0.35947258 -0.00098003651 25 0 474.25296 1.8997672 -0.69675095
188 33.416556 298.68182 0.67354828 -0.023733287 -0.08240795 25 0 330.92007 1.5037722 -0.4429551
189 96.50373 303.46374 0.73594757 0.12521582 -0.070102701 25 0 297.54579 1.0966794 -0.10019924
190 162.80178 303.32072 0.62224998 -0.29976731 -0.24494876 25 0 507.12504 2.3096386 -0.90886005
191 77.219083 309.42977 0.75885975 0.58107026 0.059535986 25 0 1512.4042 5.7823504 -1.905261
192 425.07491 309.15534 0.68059484 0.10763851 0.16535013 25 0 536.57504 2.3167519 -0.91219882
193 127.89507 311.6226 0.72547609 -0.42382442 -0.15781753 25 0 288.12393 1.1281771 -0.13094317
194 220.79171 314.90311 0.72034725 0.23561648 -0.10723388 25 0 1027.3337 4.1421875 -1.5430744
195 452.46918 314.73609 0.63775995 0.56522489 -0.064140411 25 0 1052.4871 4.6084545 -1.6588883
196 139.97612 319.67898 0.67085535 0.35139653 0.011841637 25 0 3842.4881 16.388856 -3.0363716
197 16.020391 321.43025 0.70663408 0.37953359 0.1060124 25 0 2676.309 11.061139 -2.6094996
198 0.49483455 321.43456 0.55956216 -0.3211327 0.21289579 25 0 812.82097 3.8801673 -1.4721261
199 227.0161 322.50764 0.65893736 0.46626292 0.28219976 25 0 242.30046 1.0405638 -0.043171739
200 62.034774 323.67849 0.72187363 0.24875808 0.17474285 25 0 518.74642 2.1145906 -0.81306575
201 189.36967 329.03972 0.82129468 0.12568752 -0.18267477 25 0 441.97365 1.5576966 -0.48120721
202 457.3299 328.5338 0.69755934 0.28484694 0.27461747 25 0 356.78432 1.565124 -0.48637186
203 332.26038 331.35453 0.79891568 0.61109198 0.026880773 25 0 651.19091 2.3881145 -0.94513787
204 495.28057 332.98544 0.64043395 0.57351548 -0.12826151 25 0 283.49212 1.203367 -0.20099521
205 265.00016 334.24386 0.61970755 0.016658888 0.16814203 25 0 364.80278 1.6226218 -0.52554326
206 22.577596 338.66195 0.72320139 0.60177114 -0.052540358 25 0 5425.3417 21.816807 -3.346978
207 289.70051 338.6024 0.65845421 0.34197134 -0.13995147 25 0 617.28852 2.6481446 -1.0573543
208 382.4117 339.00708 0.59774842 -0.12797788 -0.25681299 25 0 480.97617 2.219226 -0.86550385
209 32.814977 339.60619 0.7173226 0.51760932 0.068530234 25 0 14563.859 59.517467 -4.4366111
210 265.90373 340.21411 0.70628606 0.18118599 -0.19972831 25 0 1050.6036 4.323852 -1.5896771
211 79.057753 340.75266 0.70245144 0.23525624 0.033159073 25 0 1145.9536 4.6796856 -1.6755417
212 490.88753 346.63325 0.83266023 0.43161044 0.51841784 25 0 1095.9227 3.6526596 -1.406523
213 262.06907 349.86492 0.76863798 -0.19445363 0.0048994672 25 0 490.22684 1.838286 -0.6610327
214 362.79368 352.50821 0.5849718 0.65306644 0.038663977 25 0 648.67387 2.8627468 -1.1419573
215 477.74066 354.9206 0.65935042 0.15019851 -0.20620431 25 0 258.19191 1.2309671 -0.2256161
216 242.00057 356.1885 0.70911794 0.27014739 -0.065505292 25 0 6492.0513 26.952355 -3.5764918
217 24.049608 358.85653 0.57464162 0.2241353 0.50097683 25 0 727.29911 3.3317434 -1.3066789
218 384.09967 357.54926 0.62142673 0.34628063 0.13318525 25 0 1090.8202 4.7984797 -1.7027592
219 495.61773 358.39011 0.74898223 -0.29270692 0.22307944 25 0 399.49559 1.5639429 -0.48555225
220 14.477468 359.052 0.66673708 0.11539422 -0.22289151 25 0 506.51062 2.2499437 -0.88042911
221 300.99244 360.13474 0.70461308 0.23877686 -0.081648162 25 0 32177.943 134.36046 -5.3206787
222 24.277461 362.47624 0.7542621 0.21315258 0.14209163 25 0 1538.3186 5.7601208 -1.901079
223 159.15638 362.25399 0.64934868 0.32341336 -0.3900627 25 0 322.64262 1.3981511 -0.36388525
224 445.52038 362.34621 0.52525629 0.55667438 -0.41073077 25 0 228.28228 1.245416 -0.23828614
225 25.333204 365.76974 0.76658218 -0.35393657 0.038314487 25 0 764.947 2.8453025 -1.1353211
226 30.797294 367.37399 0.72235287 -0.42974764 -0.16146907 25 0 284.95749 1.0829539 -0.086524956
227 416.69843 367.26105 0.66889162 -0.094322768 -0.083090183 25 0 2181.7663 9.2826377 -2.4191785
228 482.2277 367.88018 0.89927353 0.092646424 -0.23341727 25 0 435.40623 1.4537635 -0.40623443
229 228.28625 369.23624 0.69383533 0.35408801 -0.10138282 25 0 1899.454 7.8510278 -2.2373163
230 280.38654 370.47203 0.65235555 0.62574355 -0.044402064 25 0 2861.4159 12.274743 -2.722531
231 97.877283 371.98998 0.74597285 0.25173842 -0.067219301 25 0 6508.4754 26.270864 -3.5486859
232 429.96213 371.58327 0.63092151 0.14448451 0.11097557 25 0 1207.0794 5.4080141 -1.8325945
233 141.12723 372.82371 0.69679435 0.25072475 -0.14367402 25 0 615.10022 2.5357502 -1.0102662
234 501.71793 373.58954 0.68929463 0.48862127 0.053364592 25 0 10380.91 43.553443 -4.0975562
235 24.997599 375.01044 0.85630702 0.10364383 -0.20265353 25 0 625.25749 2.1578444 -0.83505029
236 5.2186702 378.85888 0.59442757 0.46242234 -0.15233204 25 0 675.98193 3.0981612 -1.22776
237 478.05465 381.36168 0.62706255 -0.24589176 0.24351719 25 0 298.52547 1.4289931 -0.38757536
238 448.41945 383.146 0.69564553 0.30287312 -0.27155037 25 0 331.62719 1.4217554 -0.38206219
239 368.27887 384.75228 0.68819642 -0.0053378337 -0.062442103 25 0 4024.6977 16.889024 -3.0690114
240 28.234858 385.39573 0.52859825 0.40281174 0.34451382 25 0 264.24057 1.2829194 -0.2704984
241 77.06936 386.10061 0.76060282 0.30308058 -0.038246031 25 0 4835.2153 19.282548 -3.2129111
242 122.79218 387.66852 0.68124389 0.44698745 0.089237373 25 0 673.46933 2.8211678 -1.1260723
243 229.62167 389.2633 0.59043135 -0.067331614 -0.12521841 25 0 588.57937 2.7075552 -1.0814433
244 271.35508 390.09649 0.71270718 0.33924638 -0.05153131 25 0 387.47864 1.5763398 -0.4941246
245 486.29198 390.02631 0.83942604 -0.57575848 0.082692826 25 0 911.19589 3.3418418 -1.3099647
246 102.85862 390.93385 0.57374755 -0.047194934 -0.31580874 25 0 363.53672 1.6508025 -0.54423777
247 7.329111 392.13788 0.76676099 0.31541655 -0.14332706 25 0 1178.1113 4.5303882 -1.6403385
248 146.83018 392.01724 0.73206733 0.28553601 -0.12915838 25 0 1717.3718 6.8343654 -2.0867455
249 457.59128 394.06012 0.68800787 -0.011815589 -0.12902716 25 0 2998.5658 12.88825 -2.7754849
250 487.02616 393.60661 0.69763505 0.13036305 0.1250095 25 0 2493.6284 10.440714 -2.5468255
251 62.501749 397.09451 0.74510352 0.77630026 -0.083679601 25 0 715.3934 2.7815998 -1.1107366
252 390.83835 399.75925 0.80777351 0.18721853 -0.24315863 25 0 279.59363 1.0322862 -0.034500284
253 19.394833 401.5546 0.3000541 0.038659479 0.35802577 25 0 152.05658 1.1573722 -0.15868265
254 248.88824 401.99246 0.71109302 0.2308106 -0.12279124 25 0 9548.4802 39.603032 -3.9943211
255 99.736641 402.74343 0.7462871 0.85522766 0.60671664 25 0 260.11418 1.0292993 -0.031354172
256 379.34673 403.88751 0.73585222 0.13391468 -0.10121417 25 0 878.65276 3.4832406 -1.3549587
257 175.54279 404.44739 0.54293594 -0.420018 -0.2566093 25 0 264.64246 1.206683 -0.20398301
258 414.74694 408.95932 0.73908875 0.16082389 -0.19373001 25 0 771.02772 3.1542031 -1.2472241
259 277.95432 409.22308 0.55376303 0.40242788 0.24380875 25 0 659.43438 3.1777811 -1.25531
260 24.136626 411.34899 0.6289975 0.82100941 -0.039049486 25 0 286.29801 1.2673211 -0.25721663
261 5.6427994 413.30249 0.63867062 -0.15170316 -0.043791457 25 0 1034.1618 4.5053001 -1.6343093
262 275.36836 413.09215 0.72391265 0.28901991 -0.13584216 25 0 2369.257 9.5806999 -2.4534931
263 293.68677 412.82337 0.54282362 0.66494357 -0.073048088 25 0 346.45971 1.8356104 -0.65945127
264 496.95495 413.44908 0.63689012 0.44490949 0.26550808 25 0 513.8396 2.1548205 -0.83352777
265 43.760816 417.29729 0.53823173 0.34478577 -0.05835636 25 0 301.62296 1.3079035 -0.29143926
266 107.33549 418.52263 0.66381299 0.82777634 0.060227242 25 0 938.18422 3.7958715 -1.4482788
267 510.51956 419.1931 0.74049998 0.65431402 -0.20165398 25 0 254.60439 1.0297563 -0.031836122
268 131.41389 419.92479 0.70940131 0.059725765 -0.15446221 25 0 2588.6065 10.579445 -2.5611572
269 494.04958 426.88634 0.66962637 -0.60582726 -0.36929684 25 0 222.81888 1.0974561 -0.10096787
270 307.19074 429.98977 0.84282449 0.34280747 -0.15994094 25 0 510.39438 1.6809683 -0.56389883
271 187.97951 431.59616 0.6349262 0.40538953 0.12250679 25 0 389.83301 1.6034787 -0.51265798
272 217.08951 436.91492 0.69311819 -0.0078734525 -0.021396808 25 0 532.08797 2.1916822 -0.85194395
273 182.20605 437.98103 0.73371618 0.1934771 -0.11478473 25 0 2996.1227 12.339204 -2.7282178
274 155.68297 438.91585 0.65970255 0.54622055 -0.052250352 25 0 1269.3475 5.6134346 -1.8730717
275 197.01128 439.55138 0.5108889 0.68252284 0.074692042 25 0 261.42518 1.2283629 -0.22331675
276 404.46923 438.65888 0.60247 0.16177654 -0.070772276 25 0 350.10183 1.5259531 -0.45885297
277 510.56012 440.05996 0.87231657 0.46250647 0.82359879 25 0 917.11898 2.7673295 -1.1051522
278 184.96648 440.48386 0.63296119 0.07849835 -0.0081912849 25 0 384.99004 1.5988416 -0.50951357
279 207.73171 440.99383 0.30185814 -0.3676851 0.10530208 25 0 159.72773 1.0443157 -0.047079549
280 255.45662 441.27794 0.66260292 0.51337497 -0.11130885 25 0 1256.8252 5.4308501 -1.8371695
281 368.01373 443.11799 0.71904778 0.16900249 -0.054726713 25 0 4053.4906 16.901194 -3.0697934
282 37.387526 446.3806 0.43560956 -0.18191405 -0.025672049 25 0 220.68097 1.2050342 -0.20249844
283 268.58813 445.76582 0.62733402 -0.27648095 -0.18050157 25 0 1220.5907 5.3855668 -1.8280785
284 114.59012 447.78401 0.73508889 0.42181328 -0.12453252 25 0 16861.741 67.692556 -4.5763523
285 499.70097 448.23454 0.71512071 -0.38895616 0.15567889 25 0 434.83557 1.7062098 -0.58008106
286 235.45925 455.23169 0.60434054 0.39433109 0.35632393 25 0 284.27058 1.3616498 -0.33516359
287 486.28357 454.3301 0.58992805 -0.16761041 0.21928015 25 0 317.86059 1.4525441 -0.40532334
288 296.87055 455.76473 0.63087385 -0.022552068 -0.21006101 25 0 245.77535 1.1205184 -0.12354747
289 500.51688 457.54447 0.62845637 0.57266377 -0.0062341529 25 0 2166.5093 9.470356 -2.4409158
290 402.74333 460.11194 0.82566356 0.27905849 -0.16516731 25 0 517.83685 1.9886167 -0.74637772
291 334.53717 461.28146 0.64578987 0.50733911 -0.067535444 25 0 683.27087 2.853983 -1.1386285
292 353.93061 463.85822 0.3802059 -0.56684333 -0.26143063 25 0 175.9799 1.0756996 -0.079227554
293 458.75154 462.42877 0.5475721 0.1408244 0.28030794 25 0 382.90186 1.6951072 -0.57299289
294 503.13745 463.87636 0.93934818 0.15839865 0.43811374 25 0 328.70406 1.0223428 -0.023991341
295 385.53128 466.20949 0.64716152 -0.18125231 -0.10788048 25 0 1416.2375 5.9973235 -1.9448937
296 79.54959 467.41772 0.58543423 -0.17283208 -0.052590305 25 0 5601.9406 25.747526 -3.5268387
297 172.67356 468.43546 0.63498261 0.5790288 0.090423331 25 0 1212.8777 5.2296 -1.7961712
298 349.39776 468.90298 0.65322153 0.015403751 -0.12815009 25 0 371.13931 1.4997911 -0.44007694
299 451.1911 469.70211 0.42119946 0.1584387 -0.047922951 25 0 61224.552 334.95197 -6.3124563
300 314.88866 470.62634 0.67546119 0.24171001 -0.13476732 25 0 390.41274 1.5461501 -0.47312915
301 428.27036 471.9845 0.89264845 0.44488769 0.13347094 25 0 469.68125 1.5876083 -0.50185838
302 68.760241 472.44538 0.41860444 0.72911374 0.049631533 25 0 230.17804 1.2313761 -0.22597681
303 13.423854 475.13802 0.5577897 0.015735782 -0.11058664 25 0 246.97573 1.2012343 -0.19906928
304 234.38205 476.57265 0.65249957 0.71761299 0.060414064 25 0 4857.9791 20.399272 -3.2740367
305 268.84612 475.78948 0.4202189 0.56953442 -0.02433909 25 0 184.06344 1.0516374 -0.054665104
306 366.07229 478.12249 0.73695076 -0.24369658 -0.18768655 25 0 809.59738 3.2439695 -1.2776919
307 452.37741 477.49106 0.59209771 -0.50300535 0.036104628 25 0 484.65339 1.9618286 -0.73165264
308 68.750194 479.47935 0.59247026 0.62876818 -0.21871348 25 0 210.90316 1.0260769 -0.027949824
309 137.62886 480.35605 0.53532355 0.11530154 0.21445521 25 0 434.30577 1.9262082 -0.71175805
310 268.70389 479.42628 0.65718983 0.16637351 0.15977781 25 0 308.24312 1.2332256 -0.22760636
311 284.42573 479.84278 0.69316183 0.30382153 -0.21418588 25 0 3470.4541 14.214057 -2.8817951
312 361.74526 484.96101 0.63663879 -0.022475079 -0.12737046 25 0 559.33865 2.4913313 -0.99107873
313 162.49686 485.79728 0.630688 -0.12214507 -0.20956638 25 0 924.33766 3.8599478 -1.4664536
314 240.12672 490.27749 0.8162371 0.31825835 -0.094457742 25 0 425.75368 1.6836517 -0.56563065
315 87.394301 491.28575 0.67947854 0.54800419 -0.1553711 25 0 1259.6117 5.3094866 -1.8126313
316 263.63674 500.96928 0.93262877 0.18209594 -0.32893965 25 0 585.85019 1.900367 -0.69709367
317 416.30912 500.71633 0.55836485 -0.63589191 -0.264998 25 0 244.09712 1.2291791 -0.22403793
318 428.15779 503.67433 0.44271207 -0.14382647 0.30786332 25 0 186.03965 1.0514587 -0.054480545
319 173.7644 504.90381 0.9716787 0.064486764 0.030683848 25 0 459.02003 1.3948635 -0.36132931
320 90.815818 506.28059 0.58386738 -0.086792194 -0.16306211 25 0 301.34104 1.2192517 -0.21523342
321 139.45574 507.94 0.77202096 -0.30732356 -0.28440836 25 0 734.42104 2.6716222 -1.0669376
322 184.92113 508.12391 0.75868735 0.28212913 -0.080019478 25 0 682.34706 2.7044261 -1.0801878
323 303.55435 510.25773 0.70902769 0.72109013 -0.2901707 25 0 379.11125 1.5530007 -0.47792914
