id xcentroid ycentroid sharpness roundness1 roundness2 npix sky peak flux mag
1 358.83815 2.8400742 0.717296 0.26412733 0.09144527 25 0 331.83613 1.3679708 -0.34019204
2 331.58534 5.4680005 0.56980501 0.34316733 -0.075827654 25 0 666.53621 3.1289962 -1.2385126
3 340.41341 7.9898043 0.58068087 0.47491353 0.21795459 25 0 304.52669 1.3996524 -0.36505047
4 462.96191 8.538356 0.66212082 0.29185712 0.25513177 25 0 610.41032 2.7554982 -1.1005003
5 505.30351 11.066763 0.63757492 -0.72311672 -0.081976641 25 0 243.80659 1.1604355 -0.16155252
6 143.34219 12.943831 0.67162547 -0.011204154 -0.013961502 25 0 647.31639 2.8801861 -1.1485514
7 368.94093 14.090146 0.65726854 0.26140053 0.10864411 25 0 916.9344 4.09506 -1.5306507
8 58.499978 14.982135 0.62609058 -0.086515701 -0.053256291 25 0 14289.672 63.574663 -4.5082102
9 5.9722907 16.63199 0.71606407 0.11270385 0.23453914 25 0 6548.9275 27.350735 -3.5924225
10 442.37325 17.108781 0.62415576 0.075854216 -0.025223089 25 0 767.67717 3.47236 -1.3515619
11 501.52287 16.975813 0.60926942 0.054621261 -0.045810174 25 0 26580.204 118.73567 -5.186453
12 459.31288 18.698362 0.64551867 -0.48455819 -0.22111264 25 0 282.5992 1.2456531 -0.23849282
13 368.15223 22.442258 0.5398438 0.38327247 -0.020603276 25 0 271.76997 1.4037373 -0.36821457
14 369.53334 27.45894 0.82590794 -0.61068391 0.038078051 25 0 305.0356 1.1309103 -0.13357039
15 11.553624 28.737299 0.64144503 -0.71528275 -0.1816438 25 0 244.27782 1.031948 -0.034144581
16 246.80758 32.607965 0.55240521 0.386002 0.13297506 25 0 278.72341 1.4044839 -0.36879194
17 388.17675 35.319801 0.59416804 0.13904355 0.23194907 25 0 559.80662 2.6318731 -1.0506624
18 487.99677 35.431308 0.56643081 -0.076982661 0.28987379 25 0 357.65828 1.6392847 -0.53663594
19 160.67645 38.404394 0.46206861 0.49218716 0.019115281 25 0 329.50908 1.7302972 -0.59530176
20 147.51605 42.492683 0.5777421 0.40163954 0.16315393 25 0 499.82565 2.2939636 -0.90146629
21 220.65247 43.593989 0.56468071 0.47654362 0.11634357 25 0 1091.7115 5.129748 -1.7752401
22 240.1048 44.507629 0.64859522 0.29700591 0.21250104 25 0 2396.3733 10.368109 -2.5392489
23 453.06617 43.984889 0.76735376 0.00067365628 0.09206073 25 0 407.51307 1.5907199 -0.50398428
24 380.69816 45.33899 0.66661668 -0.37288394 -0.085491195 25 0 542.18138 2.3379242 -0.92207607
25 358.54314 46.443156 0.43431693 -0.20670207 0.14809457 25 0 58996.41 270.23693 -6.0793617
26 424.15475 46.061518 0.67208439 0.24401415 0.080266583 25 0 294.7176 1.3102439 -0.2933804
27 100.40776 46.786958 0.64513543 -0.18630128 -0.077267807 25 0 557.47908 2.465381 -0.97971013
28 284.01615 46.970575 0.46462609 0.16378008 -0.17457234 25 0 267.65904 1.4554687 -0.40750717
29 145.45053 48.70742 0.62892183 -0.22605565 0.030939794 25 0 5008.7387 21.803761 -3.3463285
30 188.24998 49.487508 0.64030993 0.67362116 0.17792562 25 0 360.48143 1.4518176 -0.40478015
31 434.26907 49.844057 0.67555806 -0.053839729 0.069513747 25 0 1197.8447 5.0405492 -1.7561947
32 78.9251 51.033025 0.64752066 -0.1621884 0.017407268 25 0 323.92088 1.4388052 -0.395005
33 267.78978 54.345721 0.5743861 0.060341251 0.055756768 25 0 285.55116 1.3413399 -0.31884708
34 280.83758 55.548682 0.49563329 -0.3073781 0.12154955 25 0 345.07421 1.8120369 -0.64541762
35 434.85911 55.076434 0.80480472 -0.40030461 -0.020600327 25 0 343.67639 1.2285023 -0.22343995
36 86.530382 56.201606 0.63007926 0.42642469 0.41875859 25 0 258.67788 1.1176503 -0.12076484
37 504.73174 55.793787 0.65232779 0.20891374 0.05062984 25 0 961.5931 4.1669576 -1.5495477
38 328.36076 56.810109 0.64845145 -0.0074941174 -0.038007766 25 0 1695.9448 7.2327645 -2.1482608
39 176.50672 61.905942 0.57352545 -0.11301344 -0.51234084 25 0 322.31271 1.603834 -0.51289855
40 477.33996 63.411625 0.5891881 0.57981163 0.13402355 25 0 1484.3007 6.8132399 -2.0833842
41 64.409309 64.704064 0.74249804 -0.4994895 0.13332537 25 0 317.2366 1.2931501 -0.27912236
42 31.569225 67.645549 0.60519129 0.11420403 0.020360742 25 0 398.99711 1.8663203 -0.67746545
43 383.33513 67.698228 0.59502389 0.36030923 -0.13318649 25 0 288.43789 1.4149272 -0.37683525
44 65.37462 69.809792 0.54629406 0.12878614 -0.10443546 25 0 578.30499 2.772152 -1.1070426
45 88.60316 69.59202 0.58704586 -0.50489988 0.25955332 25 0 411.0565 2.0177711 -0.76217975
46 203.43322 69.858474 0.66784085 0.038336156 0.027519133 25 0 327.45359 1.4050516 -0.36923067
47 466.96206 70.379625 0.69666625 0.099038645 0.21130019 25 0 1821.6852 7.5045588 -2.1883129
48 505.63641 70.99887 0.61489351 0.1068669 0.10028715 25 0 518.60364 2.5506544 -1.016629
49 31.885466 71.574108 0.68495946 -0.09894905 0.18794287 25 0 537.39432 2.28988 -0.89953181
50 146.49268 71.305578 0.55673303 -0.06689674 0.20338732 25 0 388.65667 1.8486075 -0.66711178
51 452.24144 71.986609 0.55898002 0.075217087 -0.046960186 25 0 676.97 3.4311282 -1.3385924
52 89.830615 74.702822 0.66780045 0.19442605 0.17864772 25 0 1788.6775 7.6911155 -2.2149733
53 347.79394 75.827932 0.60290988 0.17959786 0.16200283 25 0 284.35881 1.3172482 -0.29916907
54 159.38405 77.097506 0.68150514 0.22756707 -0.17418939 25 0 252.20475 1.1132989 -0.11652942
55 502.86773 78.851831 0.68716884 0.3405727 0.19667544 25 0 1187.2083 5.0855299 -1.7658405
56 69.213338 82.23924 0.595906 -0.23696429 -0.085557162 25 0 228.57527 1.3252119 -0.30571331
57 384.70197 83.00895 0.62353642 0.056998497 0.025623942 25 0 3604.386 16.248886 -3.027059
58 5.1902475 85.753006 0.69628554 0.050134539 -0.020957755 25 0 913.42788 3.980837 -1.499936
59 153.74015 86.441289 0.53697785 0.2765691 0.38860457 25 0 343.54451 1.5958638 -0.50748954
60 469.28314 88.167488 0.60154801 0.5622257 0.24556622 25 0 249.2316 1.0756709 -0.079198504
61 126.14792 90.104183 0.54034393 -0.030153864 0.054512404 25 0 561.2457 2.8309788 -1.1298415
62 178.7414 90.207828 0.54978342 0.089709478 -0.18781024 25 0 348.09371 1.7624336 -0.61528193
63 267.47842 92.953803 0.59751909 -0.029216045 -0.056779525 25 0 218.86541 1.0015813 -0.0017155261
64 189.09886 96.778085 0.71014885 -0.068130587 0.021908302 25 0 581.46498 2.4182265 -0.95874246
65 317.68632 97.404333 0.63995647 -0.32262123 0.087574587 25 0 1242.427 5.3414832 -1.8191547
66 321.59976 99.140425 0.6227955 -0.33736333 -0.015948919 25 0 1451.3332 6.3114387 -2.0003209
67 219.97834 100.30324 0.65617266 0.18741363 0.15353531 25 0 1866.0336 8.0491506 -2.2643751
68 400.89168 102.27146 0.7980699 0.20620751 0.14358797 25 0 238.01926 1.0251987 -0.027020127
69 149.77503 104.15016 0.60880842 -0.063667968 0.22035464 25 0 475.64169 2.2437806 -0.87745097
70 485.83297 103.79208 0.70872095 0.13975597 0.11126023 25 0 432.99786 1.6947343 -0.57275403
71 87.667584 104.47728 0.61606 0.40075856 0.14365521 25 0 3300.4858 14.41841 -2.8972935
72 330.93554 105.82027 0.6207875 0.33784495 0.13720649 25 0 349.6646 1.6309609 -0.53110888
73 19.817996 112.03072 0.51815753 0.012925327 -0.76748102 25 0 157.36265 1.0066228 -0.0071669248
74 366.43755 115.51369 0.56663487 0.7678764 0.18925879 25 0 618.61991 3.0331695 -1.2047417
75 253.05097 117.50652 0.64248126 0.11982046 0.23766486 25 0 17067.911 73.531222 -4.6661795
76 270.3894 117.55734 0.56077309 0.57530471 0.13491089 25 0 873.62947 3.75085 -1.4353242
77 280.50688 118.93085 0.60165272 -0.12748809 -0.13397693 25 0 1737.0468 7.5940858 -2.2011888
78 337.13019 118.45002 0.61011096 -0.13870454 0.24789483 25 0 1137.8008 5.0949777 -1.7678557
79 482.37581 120.1977 0.69071855 -0.36944387 -0.08868274 25 0 496.25976 2.0746752 -0.79237527
80 132.0233 121.28176 0.54461905 0.21304431 0.29795112 25 0 510.36409 2.6256754 -1.0481026
81 232.63405 120.64989 0.66410862 0.26485626 -0.091258332 25 0 515.05168 2.1164638 -0.81402714
82 347.58148 120.81636 0.47396584 -0.061095151 -0.067995244 25 0 203.65802 1.1812168 -0.18082402
83 185.82377 123.04861 0.56600824 -0.7439671 -0.13950416 25 0 397.28402 1.6727877 -0.55860207
84 84.791302 122.70719 0.56090621 0.43120521 0.16852557 25 0 562.04434 2.6528784 -1.0592934
85 184.5026 124.18312 0.58959424 0.25833016 -0.043308964 25 0 1816.0172 8.095286 -2.2705805
86 17.228672 126.09083 0.60554003 0.53511609 0.13707967 25 0 494.90804 2.4376726 -0.96743844
87 208.38804 129.57733 0.65312343 -0.32520506 0.075104721 25 0 1689.7761 6.9336107 -2.1023986
88 39.756052 131.4205 0.67382611 -0.16279956 0.19613389 25 0 1262.0129 5.3866925 -1.8283055
89 12.051519 132.12037 0.66438578 0.19489239 -0.030974103 25 0 498.99019 2.1768742 -0.84458333
90 285.73597 132.75136 0.57676603 0.1119056 -0.033523364 25 0 460.44311 1.9386967 -0.7187747
91 302.89674 139.35334 0.68942982 0.2478975 0.17216906 25 0 267.20578 1.18167 -0.18124052
92 428.35388 140.86131 0.63075161 -0.047977931 0.010168035 25 0 12838.724 56.54854 -4.3810535
93 416.75177 143.812 0.96404146 -0.052291315 0.28939658 25 0 338.14144 1.1489039 -0.15070924
94 331.15088 146.47251 0.63934027 0.12627325 0.25596552 25 0 2963.2699 12.552612 -2.7468353
95 47.027311 147.5507 0.71995829 0.30450346 0.2810388 25 0 880.28356 3.6741851 -1.4129026
96 84.121281 150.04495 0.57642028 -0.43752082 -0.14369808 25 0 231.73943 1.2462938 -0.23905105
97 30.029332 151.73344 0.6785038 0.24859602 0.1851698 25 0 727.7164 3.1613809 -1.2496921
98 129.79142 160.9428 0.69945815 0.22738772 0.13436697 25 0 473.84359 1.9195409 -0.70799341
99 418.313 162.50135 0.5935749 0.53235178 0.17658847 25 0 47639.817 211.86741 -5.8151604
100 238.64535 166.73022 0.43291649 0.299323 0.24497059 25 0 368.28223 2.0270019 -0.76713539
101 457.5274 165.85603 0.56868577 0.34777544 0.055233403 25 0 527.23799 2.5546532 -1.0183299
102 185.80816 170.10861 0.7734407 0.12635595 0.20783021 25 0 431.25574 1.6089928 -0.51638528
103 488.57018 172.28584 0.62543946 0.54916181 -0.087851702 25 0 195.56977 1.0359478 -0.038344636
104 65.647384 173.85442 0.59205595 0.19202648 -0.13903149 25 0 402.1952 2.091377 -0.80108083
105 174.66578 174.12099 0.47471399 0.6112036 0.14636344 25 0 202.16903 1.167936 -0.16854761
106 378.63913 174.75124 0.52387058 -0.41819523 0.51535152 25 0 422.6494 2.133898 -0.82293415
107 510.52525 174.19521 0.69197682 -0.28420867 0.14064114 25 0 6885.3236 28.996095 -3.6558488
108 258.31091 175.00147 0.65293234 0.055482316 0.037587192 25 0 1915.9784 8.1094359 -2.2724766
109 196.48163 175.7572 0.59184568 -0.37490293 -0.084286597 25 0 901.34149 3.9335685 -1.4869668
110 445.92799 176.92803 0.78824306 -0.011069215 0.22346213 25 0 469.56016 1.8758457 -0.68299277
111 33.991369 177.516 0.69445258 0.26620011 0.65553621 25 0 273.94046 1.1529734 -0.15454821
112 184.97544 178.43923 0.6088922 0.062612564 0.13384153 25 0 1539.7516 6.6590207 -2.0585259
113 49.067274 184.50924 0.67361868 0.45597239 0.22463807 25 0 770.14234 3.3128371 -1.3005002
114 147.25145 184.43724 0.62425521 0.58919269 0.18095624 25 0 1800.5112 7.9354704 -2.2489317
115 453.48296 183.43747 0.54469776 0.63247119 0.078500106 25 0 2240.7616 10.204297 -2.5219577
116 443.47753 185.76825 0.645884 0.18160732 0.043137384 25 0 594.86874 2.5044727 -0.99679076
117 22.661712 187.02711 0.72372499 0.46390662 0.0095711277 25 0 329.16628 1.5762591 -0.49406903
118 259.01763 187.20564 0.65140239 0.093992254 0.18026911 25 0 1214.0471 5.357573 -1.8224202
119 262.90239 189.435 0.75340277 -0.80082599 -0.056665059 25 0 269.60323 1.0118371 -0.012776477
120 453.98189 188.43624 0.6480632 0.21413856 0.31417737 25 0 936.92611 4.1927192 -1.5562394
121 221.45115 189.88886 0.60024241 0.15318608 -0.15215709 25 0 666.23777 2.8955694 -1.1543349
122 103.88171 191.0032 0.67489762 0.075168579 0.10382312 25 0 45509.232 197.56569 -5.7392788
123 153.46032 192.34418 0.66245254 -0.33032557 -0.32158184 25 0 373.27035 1.4265229 -0.38569689
124 284.99641 196.18587 0.6580325 -0.17395171 0.069090389 25 0 341.47763 1.3997336 -0.3651135
125 453.1157 196.27156 0.55558927 0.34532211 0.48931973 25 0 375.15494 1.8711093 -0.68024787
126 423.96865 199.63922 0.88737721 0.29965482 0.31547341 25 0 258.51484 1.0178783 -0.019239681
127 487.3541 200.44646 0.6416732 0.55430124 0.067345135 25 0 656.56495 2.996253 -1.1914462
128 381.28905 202.10371 0.498159 0.45898184 -0.02286326 25 0 232.78823 1.2560867 -0.24754908
129 414.25364 202.02586 0.67107538 -0.33201978 -0.12339586 25 0 365.49623 1.6965323 -0.57390534
130 200.53151 202.89544 0.60822668 -0.107613 -0.18481303 25 0 572.90087 2.4786175 -0.98552377
131 230.67314 203.96914 0.52015006 0.26326054 0.076908492 25 0 333.34994 1.6837063 -0.56566584
132 98.964521 205.00416 0.67245267 -0.45269757 0.14612396 25 0 691.6227 3.026781 -1.2024525
133 438.22464 204.58016 0.69162348 0.27476006 0.26949872 25 0 373.55999 1.6724911 -0.55840952
134 501.85772 206.45674 0.68175731 0.30095921 0.27706781 25 0 721.72905 3.1012052 -1.2288262
135 179.73519 206.87885 0.51384827 -0.59519157 -0.05871534 25 0 209.34651 1.085718 -0.089292553
136 447.95107 209.05268 0.57601322 -0.25825578 0.10578328 25 0 283.27813 1.4560482 -0.4079394
137 44.925179 214.2263 0.52542456 0.93996888 -0.41254762 25 0 345.41041 1.5873389 -0.50167415
138 46.820118 215.6568 0.70944257 0.69778505 0.066505329 25 0 494.07005 2.0025151 -0.75393951
139 458.0166 216.3682 0.71530849 0.26903322 0.25635636 25 0 1213.782 4.8340802 -1.7107846
140 20.236578 217.52604 0.65400498 -0.1369226 0.24767051 25 0 1845.4295 7.9169526 -2.2463951
141 333.89472 218.50522 0.44710332 -0.11631058 0.33611384 25 0 178.79774 1.1409815 -0.14319652
142 358.69421 218.50869 0.60944858 0.59360709 0.15010393 25 0 1405.9047 6.0651781 -1.9571089
143 288.78667 220.54398 0.65869816 -0.0038892562 0.17263651 25 0 686.02341 2.9225019 -1.164387
144 183.09879 222.15029 0.71267966 0.35705118 0.17953045 25 0 1189.1524 4.7440735 -1.6903785
145 252.73242 225.42166 0.66310379 0.55137914 0.10362004 25 0 271.52445 1.1630391 -0.16398579
146 510.92896 224.94501 0.9273256 0.32733761 0.48994838 25 0 2740.5306 9.8585054 -2.4845277
147 473.1106 225.78824 0.68542881 -0.04527346 0.47664675 25 0 252.96979 1.1540354 -0.15554784
148 272.22308 227.4045 0.66362775 0.36762116 0.16407541 25 0 2917.4614 12.17007 -2.7132327
149 17.904024 229.6846 0.68868788 0.6084564 0.14772134 25 0 355.65053 1.6645096 -0.55321576
150 384.5425 229.43862 0.59318707 -0.50098332 0.082795675 25 0 3819.2677 16.526379 -3.0454443
151 454.6398 230.18627 0.63722489 -0.086908848 0.050811146 25 0 14628.24 64.021273 -4.5158108
152 359.47535 231.80726 0.65043214 -0.29707245 0.037950354 25 0 1077.2823 4.6096541 -1.6591708
153 212.78887 238.08329 0.57769006 -0.19862149 0.026255285 25 0 715.36128 3.3983556 -1.328172
154 272.78301 239.17828 0.70116182 -0.2258241 0.13229161 25 0 772.16384 3.0500296 -1.2107601
155 463.84831 241.63224 0.66465647 0.21448186 0.11879439 25 0 2148.7072 9.3728401 -2.429678
156 63.133647 242.38284 0.70427414 -0.078602138 0.22272636 25 0 431.2296 1.8345607 -0.65883024
157 84.032546 253.08668 0.66095483 0.41970693 0.16256231 25 0 280.00051 1.2465174 -0.2392459
158 460.72688 255.05489 0.64364922 0.043581593 0.053108435 25 0 7967.0309 34.866618 -3.8560246
159 236.4795 255.71246 0.61347339 -0.2316424 0.010599901 25 0 4646.962 20.364507 -3.2721847
160 8.7989429 256.75083 0.63726527 0.09220955 0.046512759 25 0 1056.2465 4.7773667 -1.6979714
161 298.59073 258.2068 0.6223049 -0.1383357 -0.096360572 25 0 435.67171 2.028074 -0.76770948
162 364.32859 264.47487 0.7504986 0.12935112 0.3719873 25 0 417.14388 1.5889854 -0.5027998
163 137.33818 266.01544 0.5474028 0.0060271994 0.090126847 25 0 364.46504 1.8143356 -0.64679407
164 19.003125 276.76497 0.77937292 0.22270935 -0.031227932 25 0 444.26878 1.8626749 -0.67534263
165 58.76866 276.98888 0.73744025 -0.61328245 0.10206206 25 0 260.63882 1.0799578 -0.083517006
166 65.704548 276.58509 0.63619357 0.43391265 0.15700493 25 0 1482.1626 6.4947556 -2.031407
167 122.2325 277.94142 0.64586209 0.089099308 0.10511437 25 0 336.34517 1.5794513 -0.49626561
168 247.89738 284.59394 0.6977688 0.21543507 0.19681448 25 0 393.91569 1.7370335 -0.59952049
169 79.979143 285.82984 0.70348196 0.18066694 0.14566155 25 0 842.52197 3.4361977 -1.3401954
170 380.38514 288.03343 0.62200376 0.013351533 -0.00940549 25 0 5682.5545 25.214916 -3.5041438
171 192.9902 289.46109 0.58551895 -0.076106763 0.28449381 25 0 831.34705 3.7991171 -1.4492067
172 99.81698 290.54329 0.66960275 -0.10048706 0.2025617 25 0 1128.0209 4.6714311 -1.6736249
173 71.484061 290.77574 0.59172669 0.4269146 -0.049650723 25 0 1215.9181 5.4890659 -1.8487461
174 354.72202 292.90684 0.52284878 0.084901916 0.20778741 25 0 446.90944 2.4599756 -0.97732701
175 485.99231 292.85243 0.79051497 0.19243073 0.26147872 25 0 979.70582 3.8286038 -1.4576011
176 24.211815 295.67327 0.58836354 0.015783836 0.0073381942 25 0 432.51034 2.0168912 -0.76170616
177 64.925911 297.89899 0.73251607 0.46891324 0.090048093 25 0 271.96719 1.1330457 -0.1356186
178 102.01818 300.22833 0.68226755 -0.11482888 0.28230776 25 0 304.38375 1.2128186 -0.20948959
179 168.85546 300.12567 0.65118834 0.28550733 0.16023867 25 0 606.08248 2.5758119 -1.0272854
180 83.234063 306.24903 0.66398004 0.15044258 0.12079121 25 0 1326.6573 5.5832527 -1.8672182
181 431.36832 306.07657 0.56982791 0.017009108 0.15843482 25 0 393.38669 2.047 -0.77779462
182 226.80083 311.91878 0.67152627 -0.063090016 -0.086622549 25 0 856.38247 3.5519155 -1.3761566
183 458.62415 311.62709 0.65994813 0.22002167 0.13535339 25 0 1097.0004 4.8380009 -1.7116649
184 146.01678 316.56138 0.65937716 0.10970724 0.22383032 25 0 3550.9975 15.188048 -2.9537549
185 6.5225043 318.33749 0.5871695 0.42782921 0.04284515 25 0 783.55712 3.4339237 -1.3394766
186 22.082668 318.28889 0.64062612 0.23541224 0.19244321 25 0 2353.2137 10.50481 -2.5534705
187 67.990183 320.47919 0.48811574 0.05148256 0.43264916 25 0 272.81071 1.3840207 -0.35285645
188 5.9580771 326.33617 0.6308527 0.11708894 0.18898502 25 0 245.38009 1.1825553 -0.18205363
189 195.23405 326.09981 0.4860192 -0.23755538 -0.25606951 25 0 269.02432 1.3511879 -0.32678939
190 463.26393 325.60468 0.42444674 0.56473593 0.31934937 25 0 233.84005 1.344608 -0.32148926
191 338.37288 328.30956 0.57625283 -0.13871183 -0.052671422 25 0 492.02058 2.1773207 -0.844806
192 501.18525 329.60905 0.40792512 -0.39330262 -0.18379271 25 0 173.23843 1.1962511 -0.1945559
193 271.2737 331.08872 0.83373967 -0.30660857 0.11046446 25 0 334.61621 1.2290074 -0.22388625
194 28.585052 335.44192 0.58798765 0.60981983 0.16625635 25 0 4169.1907 18.571258 -3.1721033
195 38.841556 336.57947 0.65021284 0.00068152771 0.29171893 25 0 11845.851 50.415356 -4.2564071
196 295.65999 335.63557 0.57462834 0.56276811 0.3146341 25 0 481.28923 2.2566453 -0.88365824
197 388.58959 335.88246 0.574684 0.25609552 -0.13236633 25 0 472.36848 2.1905487 -0.8513823
198 271.94037 337.05488 0.61745498 0.15225463 0.14441269 25 0 959.10322 4.3396812 -1.5936446
199 85.079524 337.65387 0.63655136 -0.064522085 0.18616453 25 0 1042.9722 4.646361 -1.6677824
200 497.06504 343.41073 0.73957957 0.22786879 0.48123094 25 0 1085.8921 4.1347835 -1.5411319
201 268.0853 346.61496 0.76043628 -0.30434804 0.054625921 25 0 473.81863 1.8354617 -0.6593633
202 368.93234 349.53668 0.59902947 0.0010906253 0.21062701 25 0 709.55506 3.1620757 -1.2499306
203 483.84467 351.85126 0.71381297 0.30784655 -0.3568856 25 0 281.64968 1.2798794 -0.26792261
204 26.09296 352.79885 0.61862998 -0.12447386 0.54567907 25 0 239.683 1.0054452 -0.0058960564
205 248.08828 353.11546 0.6670725 0.11837347 0.11432132 25 0 5926.9818 25.777503 -3.5281021
206 30.155934 355.58863 0.70442682 -0.28016234 0.27804603 25 0 795.47195 3.1269801 -1.2378128
207 390.11267 354.29027 0.65887683 0.11472664 0.31528558 25 0 1059.1727 4.4981346 -1.6325811
208 501.64273 355.01614 0.72193721 -0.83589403 -0.069088548 25 0 382.48737 1.5278024 -0.46016798
209 20.391514 355.7981 0.61502824 0.011493031 0.037595171 25 0 432.6348 1.9784535 -0.74081464
210 306.99306 357.0686 0.64495633 0.13726049 0.084168165 25 0 27562.702 121.25917 -5.2092865
211 2.8679495 357.43417 0.70549375 0.35685675 0.20448156 25 0 929.19084 3.9043092 -1.4788605
212 30.458576 359.39271 0.60101791 0.13664126 0.11320685 25 0 1130.3302 4.7690299 -1.6960751
213 31.432166 362.68095 0.64799802 -0.66170268 0.081151206 25 0 575.66903 2.3008395 -0.90471581
214 36.656477 364.66453 0.72769599 -0.93945889 0.13261314 25 0 291.71942 1.1349362 -0.13742866
215 422.88232 364.13752 0.67783388 0.0406135 0.11555894 25 0 2205.2621 9.5021923 -2.4445595
216 488.19324 364.62646 0.69878755 -0.094932438 0.1338465 25 0 309.50095 1.2952502 -0.2808842
217 234.38216 366.11077 0.62477628 0.24886362 0.048037782 25 0 1576.1301 7.066372 -2.1229912
218 286.5022 367.36807 0.56174463 0.43600133 0.023077826 25 0 2378.6174 10.824004 -2.5859698
219 103.94415 368.88904 0.66073808 0.10546405 0.12016437 25 0 5463.0951 23.906841 -3.4463055
220 436.00786 368.44347 0.67426741 -0.044839798 0.22576286 25 0 1133.9046 4.7671895 -1.695656
221 118.76208 369.89792 0.67701285 0.45311293 -0.095572601 25 0 287.26165 1.1739965 -0.17416702
222 147.05956 369.51771 0.60490405 -0.018155453 0.1804444 25 0 449.81427 1.9545507 -0.72761738
223 507.80767 370.55848 0.64702723 -0.080461001 0.26513815 25 0 8952.4672 38.707725 -3.9694941
224 30.998856 371.87194 0.64811692 0.035719643 0.055788047 25 0 504.89113 2.171366 -0.84183259
225 11.442362 375.72935 0.69062543 -0.34072855 -0.014358272 25 0 728.51218 3.0225943 -1.2009497
226 484.29813 378.22556 0.66373908 0.02122671 0.22374079 25 0 268.22107 1.1790443 -0.1788253
227 454.46982 379.88184 0.45797595 -0.2926112 0.4910814 25 0 210.10182 1.1705861 -0.17100842
228 374.32591 381.64365 0.65745649 -0.21404324 0.1243362 25 0 3543.1418 15.091812 -2.9468534
229 83.18052 383.00465 0.65849513 0.12222909 0.1029795 25 0 3998.8141 17.637439 -3.1160888
230 128.89715 384.56752 0.66750027 0.1768542 0.19516159 25 0 608.20471 2.4284502 -0.96332302
231 235.68355 386.09039 0.63175828 -0.018986329 0.19804067 25 0 596.73454 2.5336534 -1.009368
232 277.2876 387.02535 0.67267423 -0.087171951 0.22050502 25 0 289.92422 1.1125353 -0.11578448
233 492.33425 386.96474 0.72000623 -0.42563872 0.40338622 25 0 731.18599 2.9178682 -1.1626642
234 108.731 387.6166 0.65222595 -0.30216303 -0.081663713 25 0 333.76691 1.3525613 -0.32789236
235 13.452791 389.04847 0.6195142 -0.00940516 -0.035040548 25 0 958.01304 4.3671869 -1.6005044
236 152.91257 388.90907 0.62655131 0.13377326 0.097778808 25 0 1590.3658 7.2387741 -2.1491626
237 463.74146 390.95393 0.68765255 0.036579241 0.10516377 25 0 2867.6215 12.223224 -2.7179644
238 493.07456 390.4185 0.68577626 -0.057706353 0.29933083 25 0 2164.7589 8.8868707 -2.3718722
239 68.578504 393.99448 0.6626845 0.040863817 -0.058092575 25 0 561.7735 2.2348943 -0.87314246
240 396.70863 396.94887 0.85994255 -0.16868401 -0.11804082 25 0 321.29612 1.1683277 -0.16891167
241 254.99102 398.83148 0.66866031 0.086813463 0.10541431 25 0 8789.0391 38.16564 -3.9541814
242 181.48372 401.37925 0.54276187 0.43686618 0.10715269 25 0 221.07001 1.059248 -0.062494152
243 385.52476 400.84845 0.52974693 -0.4185303 -0.16146637 25 0 676.77593 3.2688738 -1.2859954
244 284.08922 406.4674 0.59018396 0.52668808 0.26867159 25 0 706.46638 3.3156183 -1.3014113
245 420.98703 405.95336 0.62720375 0.12549041 0.083332275 25 0 649.55713 3.0944986 -1.2264757
246 11.749042 410.09365 0.66031286 -0.08157309 0.082133404 25 0 998.2837 4.2761341 -1.5776283
247 281.47109 410.01151 0.60063209 0.035951151 -0.053941007 25 0 1873.266 8.4305537 -2.3146403
248 299.47025 409.71708 0.60589584 0.31812328 0.038574148 25 0 304.60626 1.2964686 -0.28190504
249 503.04938 410.31023 0.74278453 0.74582807 0.34381615 25 0 517.7371 2.1049522 -0.80810558
250 85.050125 411.7339 0.48886858 0.18500619 -0.10531478 25 0 205.59841 1.2071762 -0.20442666
251 49.801154 414.21827 0.33112013 0.486034 0.24343634 25 0 194.26127 1.1533605 -0.15491267
252 113.27225 415.41748 0.65980276 0.52057286 0.12937411 25 0 877.33836 3.5965503 -1.3897154
253 137.49752 416.86047 0.66704153 -0.1011942 -0.076264341 25 0 2176.9736 9.0996786 -2.3975651
254 313.34557 426.78026 0.5243698 -0.0087003402 0.17246829 25 0 369.56735 1.9571237 -0.72904567
255 194.12707 428.60934 0.65942811 -0.43312504 0.26862186 25 0 418.28148 1.9198249 -0.70815406
256 223.19565 433.6819 0.66645671 -0.27347391 0.012620794 25 0 416.95341 1.7926263 -0.6337244
257 188.25046 434.896 0.65302768 -0.050575718 0.048593633 25 0 2379.1535 10.298342 -2.5319183
258 161.78392 435.79089 0.68239795 0.44634577 0.12679339 25 0 1118.9129 4.4873374 -1.6299718
259 410.57391 435.4783 0.61065993 -0.1545535 0.22431618 25 0 288.7976 1.1999979 -0.19795117
260 190.97533 437.45534 0.59872833 0.14615207 0.36447522 25 0 357.45159 1.6228707 -0.52570982
261 261.54756 438.09292 0.5215716 0.19347286 -0.073784066 25 0 934.33179 4.5581386 -1.6469688
262 374.1407 440.00101 0.67004672 0.0011895982 0.058103475 25 0 3773.2329 16.483451 -3.0426204
263 43.753843 443.19646 0.55803375 0.16794801 0.12073935 25 0 312.71662 1.5386761 -0.46786801
264 274.70215 442.69915 0.54926213 -0.5246485 -0.1330163 25 0 1015.9756 4.7224848 -1.6854264
265 120.62659 444.58378 0.6002366 0.38212674 0.084782754 25 0 13005.302 58.548517 -4.4187897
266 505.79575 444.95355 0.69544178 -0.55808433 -0.06185928 25 0 399.29883 1.6484146 -0.54266613
267 492.29309 451.18643 0.5896485 0.2561289 0.25687533 25 0 345.44191 1.5592758 -0.48230735
268 506.63629 454.44871 0.65640925 -0.46183666 0.10077086 25 0 2116.7422 8.9234421 -2.376331
269 408.94548 456.85362 0.6269664 0.12899029 0.23798418 25 0 292.79152 1.2050263 -0.20249135
270 340.71388 458.20855 0.65157013 -0.06736341 0.00042342028 25 0 715.18324 3.0157703 -1.1984956
271 464.70048 459.1814 0.62952368 -0.34572304 0.15494656 25 0 487.58551 2.0882905 -0.79947726
272 359.97686 460.5606 0.41620015 0.014655604 0.33720023 25 0 214.29683 1.2485681 -0.24103061
273 391.68751 463.09816 0.67137085 -0.14344134 0.020385457 25 0 1398.9722 5.7907305 -1.9068334
274 85.712995 464.25826 0.6484227 -0.1523508 0.07164081 25 0 5969.4575 25.991263 -3.5370684
275 178.6776 465.41563 0.61898077 -0.17989089 0.18040669 25 0 1084.4962 4.7073847 -1.6819492
276 355.43353 465.743 0.4488943 -0.28645854 -0.41135472 25 0 256.81904 1.3090907 -0.29242431
277 457.23348 466.53554 0.47000282 -0.16977555 0.13576774 25 0 61370.997 302.61013 -6.2022086
278 320.72548 467.62614 0.30658153 0.78124286 0.074656835 25 0 209.85945 1.283416 -0.27091864
279 74.835107 469.16492 0.67739088 -0.24315672 -0.16824392 25 0 305.07608 1.335898 -0.31443328
280 434.09094 469.19905 0.61180178 -0.15751533 -0.40065321 25 0 326.73772 1.4365994 -0.39333917
281 19.514998 472.21008 0.59900951 0.22383136 0.19203817 25 0 199.96803 1.0053354 -0.0057774836
282 240.56647 473.48415 0.53410868 0.58007284 0.022784483 25 0 3938.8162 18.32666 -3.1577083
283 274.9824 472.85875 0.70599513 0.44933138 0.83281392 25 0 268.08617 1.0765189 -0.080054197
284 458.19644 474.37392 0.64916912 -0.52951604 0.048138838 25 0 420.79701 1.5249537 -0.45814163
285 372.11763 475.1366 0.58971168 -0.74884763 0.022264474 25 0 665.48267 3.0323482 -1.2044477
286 143.68592 477.3139 0.74745372 -0.38904488 -0.020844602 25 0 549.797 2.1506343 -0.83141643
287 274.96125 476.68829 0.63828297 0.28093859 0.31158896 25 0 286.39728 1.1576921 -0.15898269
288 290.61722 476.69181 0.61265229 0.25156031 0.061916625 25 0 3094.8052 13.936563 -2.8603892
289 367.8006 481.76383 0.64254707 0.23691421 0.22120924 25 0 559.48244 2.5606532 -1.0208769
290 168.42699 482.68733 0.56270518 0.34414451 -0.11106116 25 0 755.61839 3.4787537 -1.3535592
291 246.21461 487.37282 0.90812859 0.060154807 0.14471961 25 0 400.06636 1.3088427 -0.29221866
292 93.472467 488.1339 0.57313358 0.15151621 -0.045346413 25 0 996.70925 4.4543058 -1.6219501
293 422.14161 497.78144 0.3266494 0.052731928 0.28087798 25 0 153.98889 1.0868776 -0.090451601
294 269.85468 497.61705 0.64224483 0.068567263 0.069811815 25 0 445.46185 1.9865272 -0.74523629
295 179.74036 501.61645 0.58460362 0.27933372 -0.058440284 25 0 305.90259 1.3278888 -0.30790431
296 96.688467 503.04889 0.69372985 0.082421632 0.073870737 25 0 334.96513 1.2704434 -0.25988831
297 145.56215 504.66354 0.6175716 -0.47671036 0.13719192 25 0 500.4953 2.0135242 -0.75989215
298 190.86949 504.8146 0.71607842 -0.029277247 0.15486682 25 0 589.3285 2.2784295 -0.89408897
299 413.37866 505.32866 0.42999009 0.037969123 0.60887084 25 0 191.8716 1.2076132 -0.20481958
300 309.61293 507.17319 0.7190103 -0.10847877 -0.17113228 25 0 305.68614 1.2134152 -0.21002355
301 146.35213 508.46357 0.61368344 0.67398176 0.13647301 25 0 623.42523 2.5060596 -0.99747849
