id xcentroid ycentroid sharpness roundness1 roundness2 npix sky peak flux mag
1 308.88139 0.94313384 0.65125033 0.41817499 -0.19376148 25 0 528 1.5752869 -0.49339918
2 440.24487 3.7829367 0.62956395 0.23587159 -0.37917056 25 0 266 1.0310786 -0.03322941
3 120.89907 7.9762937 0.65088328 0.11128666 -0.0037157558 25 0 497 1.7015813 -0.57713176
4 346.37415 9.2137857 0.5880266 0.60230532 -0.16276262 25 0 503 1.7145433 -0.58537113
5 35.940146 9.9778677 0.73200799 0.15087428 -0.099627293 25 0 13218 35.941972 -3.8890048
6 419.60271 12.216243 0.59705786 0.12504904 -0.081774488 25 0 427 1.5253049 -0.45839164
7 478.85196 12.165263 0.65641736 0.26748331 -0.1228297 25 0 20449 58.214439 -4.4125768
8 365.90144 30.568915 0.60897075 -0.35015232 -0.40940594 25 0 338 1.0913495 -0.09490962
9 125.29302 37.370254 0.48556101 0.26668876 0.10852495 25 0 316 1.1239063 -0.12682526
10 198.15619 38.529264 0.52461387 0.023347528 -0.09721409 25 0 792 2.4646078 -0.97936954
11 217.62288 39.340372 0.59585029 0.90294369 0.06469484 25 0 1460 4.0778865 -1.5260878
12 358.05084 40.526477 0.41285384 0.69603616 0.055928607 25 0 254 1.06447 -0.06783352
13 335.97616 41.539808 0.3966425 0.35407018 -0.10425014 25 0 59021 194.00055 -5.7195074
14 77.8372 41.817534 0.78017678 0.20325368 -0.048872884 25 0 435 1.1847742 -0.18408894
15 122.92306 43.755728 0.61738394 0.26630936 -0.085682298 25 0 3889 11.328566 -2.6354373
16 411.5381 44.930561 0.67686204 0.50233178 -0.14764664 25 0 671 1.9135458 -0.70459714
17 482.0378 50.906803 0.73512167 0.41130464 -0.03011267 25 0 617 1.8690531 -0.67905411
18 305.668 51.940182 0.62652201 0.31177684 -0.22495713 25 0 1239 3.5377632 -1.3718219
19 454.66291 58.541838 0.58176515 0.49445347 -0.03932515 25 0 943 3.081816 -1.2220168
20 42.89063 64.827906 0.65320886 0.30089069 -0.05405742 25 0 450 1.3979264 -0.36371075
21 444.25872 65.539626 0.57942573 0.57821896 -0.0023813774 25 0 1034 3.2042159 -1.2643044
22 429.58027 67.131689 0.68063196 -0.069147681 -0.22554914 25 0 431 1.4044065 -0.36873211
23 67.326138 69.64288 0.52223503 0.025031544 -0.1380661 25 0 1064 3.3851734 -1.3239523
24 480.08642 73.973474 0.65999953 0.44666002 -0.13614636 25 0 718 2.2733164 -0.8916497
25 362.03889 78.061646 0.61324723 0.25402157 -0.18133867 25 0 2632 7.7806814 -2.2275441
26 103.63149 85.112152 0.6040718 0.44301008 -0.078120675 25 0 454 1.3259687 -0.30633317
27 502.56485 84.87541 0.63479493 0.0062755313 -0.26856686 25 0 14823 41.743088 -4.0514614
28 166.6691 91.79652 0.61051562 0.30353911 -0.22886832 25 0 494 1.3606515 -0.33436728
29 295.05476 92.450135 0.55196028 0.24733603 -0.076801944 25 0 931 2.6954248 -1.0765681
30 299.00851 94.186268 0.5910528 -0.11912241 -0.16322778 25 0 1151 3.2772174 -1.2887631
31 197.45118 95.271199 0.58364028 0.54154393 -0.26744022 25 0 1244 3.5699499 -1.3816553
32 463.07074 98.849341 0.7604632 0.15229017 -0.050438442 25 0 329 1.0281186 -0.030108003
33 65.236607 99.506239 0.52957279 -0.073695813 -0.086534291 25 0 2558 7.8188897 -2.2328627
34 500.77032 104.90249 0.64336435 0.18018387 -0.11629399 25 0 1582 4.8733255 -1.7195636
35 343.76675 110.58342 0.5326991 0.36790585 -0.19111198 25 0 386 1.1780634 -0.17792164
36 230.40734 112.54709 0.63075629 0.7140922 -0.17215235 25 0 11051 29.831524 -3.6866886
37 247.82228 112.60859 0.49864865 0.15351679 -0.070679627 25 0 748 2.3129115 -0.91039754
38 257.82415 113.96731 0.55958598 0.33991657 -0.16681268 25 0 1389 4.0315087 -1.513669
39 314.47118 113.66741 0.62992035 0.50493865 -0.19781229 25 0 885 2.3731442 -0.93831031
40 109.34607 116.22919 0.66777441 0.5745533 -0.13443779 25 0 441 1.1095547 -0.11287176
41 210.28537 115.74043 0.40522614 -0.0089711369 -0.22875532 25 0 364 1.0453259 -0.048129315
42 62.479267 117.58706 0.43831358 0.19518349 -0.1933873 25 0 352 1.2538799 -0.24563984
43 161.86559 119.2676 0.60709214 0.016397014 -0.12031765 25 0 1616 4.5639873 -1.6483611
44 489.74732 119.4032 0.67701776 -0.04871143 -0.07052411 25 0 304 1.1052297 -0.10863135
45 185.83592 124.68474 0.55120339 0.29434808 -0.16745156 25 0 1287 3.761937 -1.4385288
46 17.042754 126.34723 0.68546469 0.548182 0.036575828 25 0 903 2.4748307 -0.98386375
47 405.63395 135.96502 0.63455907 0.16910233 -0.22555526 25 0 9331 26.637113 -3.5637179
48 308.48013 141.61217 0.59641791 0.5531664 -0.18668364 25 0 1998 5.4388332 -1.8387643
49 24.38067 142.5889 0.63018116 0.47582072 -0.23058127 25 0 482 1.4609598 -0.41159566
50 7.5355014 146.6468 0.5107999 -0.59082013 -0.48205396 25 0 357 1.2022689 -0.200004
51 493.8212 147.97692 0.64444151 0.19400161 -0.12767202 25 0 6058 17.571565 -3.1120261
52 107.20643 155.9697 0.56310193 0.040472269 -0.27136858 25 0 441 1.2796563 -0.26773335
53 395.61371 157.51286 0.57257908 0.65540807 -0.056502135 25 0 33157 97.439446 -4.971837
54 434.74248 161.12523 0.65597671 0.26019713 -0.3412779 25 0 355 1.1974667 -0.19565864
55 216.16569 161.45698 0.53235871 0.19777387 0.030956629 25 0 400 1.0453729 -0.048178098
56 163.2566 165.04658 0.57770667 0.2316924 -0.31747848 25 0 981 2.8409682 -1.1336659
57 487.84615 169.36148 0.62147319 0.17296089 -0.014746107 25 0 4725 13.814348 -2.850826
58 235.74221 170.05166 0.59007855 0.23839276 -0.18528993 25 0 1430 4.0025573 -1.5058439
59 355.80653 169.92084 0.48777844 0.5815877 -0.089194557 25 0 370 1.2160293 -0.2123601
60 173.83227 170.79343 0.51291406 0.19701029 -0.14496743 25 0 760 2.2688234 -0.88950171
61 162.39953 173.4632 0.58973144 0.58658913 -0.15281969 25 0 1092 2.9280081 -1.1664307
62 26.472966 179.45904 0.67664511 0.72457103 -0.2469715 25 0 542 1.408169 -0.37163696
63 430.78721 178.58608 0.59000197 0.39587676 -0.067716284 25 0 1856 5.4462269 -1.8402393
64 124.7449 179.41252 0.57420937 0.99131914 0.16245083 25 0 1227 3.2815353 -1.2901927
65 420.69558 180.96195 0.53917235 0.09763515 -0.27623384 25 0 396 1.3579692 -0.3322248
66 492.59144 180.39803 0.68049714 0.70646028 -0.12476211 25 0 449 1.3984032 -0.36408101
67 236.38585 182.23667 0.56791618 0.19308563 -0.11898853 25 0 793 2.1175484 -0.81458336
68 431.24509 183.64712 0.54547785 -0.19197506 -0.078404163 25 0 617 1.9960553 -0.75043144
69 198.98849 184.91444 0.62785996 -0.24633398 -0.24604221 25 0 643 1.5931236 -0.50562365
70 81.323196 185.97575 0.62525929 0.16078327 -0.22352039 25 0 31027 89.955494 -4.8850692
71 464.49863 195.45567 0.45845916 0.90831517 -0.0062677126 25 0 303 1.1455028 -0.14749037
72 177.90342 197.83731 0.60724218 0.35759767 -0.13020643 25 0 601 1.5952578 -0.50707718
73 76.285251 200.03539 0.58671015 0.32009055 -0.26067239 25 0 503 1.3037979 -0.28802567
74 479.11567 201.56785 0.5503774 -0.067308923 0.037440837 25 0 349 1.3029542 -0.28732287
75 511.0043 204.97813 0.97121034 0.11769565 0.13238577 25 0 543 1.3361154 -0.31460996
76 22.37053 209.31043 0.80375724 0.50398803 -0.28396027 25 0 437 1.1084822 -0.11182186
77 435.31339 211.63181 0.5224468 0.52869436 -0.00018819291 25 0 583 1.9605398 -0.73093913
78 335.98819 213.68941 0.48658528 0.26692738 -0.00020647861 25 0 1010 3.2052379 -1.2646507
79 266.13814 215.68541 0.59170253 0.17735379 0.01610628 25 0 633 1.6952914 -0.57311093
80 160.43307 217.08222 0.5709203 0.39889397 -0.27368574 25 0 724 1.9242169 -0.71063508
81 489.05285 220.19429 0.62116691 0.15659878 -0.1498971 25 0 3555 10.554703 -2.5586151
82 249.5618 222.35815 0.55454973 0.80388966 0.0091493239 25 0 1814 5.0757003 -1.7637399
83 361.76741 224.56459 0.56122316 0.53998535 -0.0079058862 25 0 3079 9.3753018 -2.4299631
84 431.87481 225.30218 0.60928563 0.13879059 -0.091897187 25 0 10134 29.451542 -3.6727701
85 336.76167 226.93579 0.62411124 0.45457564 -0.1194981 25 0 832 2.2830379 -0.89628283
86 190.23415 233.17985 0.56929715 0.46955227 -0.28391753 25 0 635 1.6958647 -0.57347803
87 250.03037 234.14408 0.62414098 0.045627348 -0.2236195 25 0 648 1.6075083 -0.51538303
88 441.13872 236.8545 0.59880339 0.33398328 -0.10308369 25 0 1385 4.3018473 -1.5841375
89 437.96431 250.24621 0.60551726 0.22264372 -0.096820719 25 0 5444 16.064582 -3.0146736
90 213.75488 250.80016 0.58349891 0.363741 -0.19097642 25 0 3691 10.861403 -2.5897148
91 43.175533 271.60142 0.56317495 0.14831639 -0.11218054 25 0 1069 3.1506547 -1.246002
92 57.411817 280.81175 0.50550447 0.05800003 -0.17818367 25 0 518 1.5603564 -0.48305951
93 357.58511 283.03575 0.64417718 0.01095108 -0.24894 25 0 4205 11.685584 -2.669126
94 170.41854 284.26993 0.62851257 0.58634328 -0.29779046 25 0 707 1.7193958 -0.58843964
95 77.083902 285.64603 0.57433315 0.51356056 0.010067075 25 0 844 2.3302846 -0.91852243
96 48.92591 285.70098 0.64784439 0.53630354 0.017196239 25 0 1022 2.7379401 -1.0935599
97 331.81117 287.88284 0.55438777 0.10406113 -0.27753874 25 0 335 1.0398165 -0.04239175
98 463.24317 287.90632 0.55911087 -0.23404978 -0.18974791 25 0 478 1.7409598 -0.60197183
99 1.5844607 290.76262 0.61027309 0.55286975 0.13018306 25 0 394 1.1073654 -0.1107274
100 146.14269 294.88211 0.62537114 -0.012073494 -0.24584752 25 0 428 1.093325 -0.096873161
101 60.568874 301.32697 0.53467023 -0.21083733 -0.15855832 25 0 912 2.7890609 -1.113645
102 204.02539 306.88665 0.58829907 0.13461171 -0.20687852 25 0 674 1.8888263 -0.69048006
103 435.9422 306.74849 0.61328947 0.52179867 0.062633348 25 0 744 2.4006566 -0.95082512
104 123.39948 311.5241 0.51950234 -0.033804917 -0.12997763 25 0 2135 6.3326384 -2.0039617
105 0.1546163 313.44867 0.8134661 0.22668577 0.50189747 25 0 1338 3.3911034 -1.3258526
106 315.67783 323.31528 0.59791624 -0.058252728 0.18982926 25 0 415 1.2160409 -0.21237049
107 5.9447468 330.57758 0.5957023 0.27493586 0.048882398 25 0 3297 9.5389596 -2.4487525
108 16.17639 331.51085 0.61535523 0.55205033 0.036233333 25 0 8654 24.690761 -3.4813362
109 249.15882 332.0159 0.60129356 0.58031051 -0.30316786 25 0 709 1.9681834 -0.73516393
110 62.524964 332.53829 0.5852271 -0.32552563 -0.061192147 25 0 706 1.8267427 -0.65419346
111 474.16429 338.66789 0.63535983 0.50363444 0.33119409 25 0 547 1.5948221 -0.50678059
112 346.27517 344.30137 0.55224876 0.017612936 -0.065933705 25 0 495 1.5141635 -0.45043195
113 225.35615 348.17024 0.61084592 0.31114032 -0.23063567 25 0 3909 11.189897 -2.6220653
114 7.5720761 350.41924 0.62242555 0.19384945 -0.086355795 25 0 618 1.6815963 -0.56430438
115 367.60028 349.53045 0.49199294 -0.23045614 -0.11830953 25 0 612 2.0037 -0.75458173
116 284.28741 352.13951 0.59405628 0.21967453 -0.24300871 25 0 18519 54.631276 -4.3436034
117 7.6480154 354.26304 0.59504209 -0.32089165 -0.016882827 25 0 985 2.8686943 -1.1442107
118 8.7463128 357.78228 0.74260618 -0.51049995 -0.036197196 25 0 475 1.1076623 -0.11101847
119 400.14716 359.25865 0.58192126 0.23606026 -0.1307058 25 0 1358 4.2552491 -1.5723125
120 211.53007 361.27991 0.61416758 -0.027307771 -0.20611191 25 0 1151 3.0796362 -1.2212485
121 263.61179 362.39802 0.6086599 -0.14637367 -0.10816259 25 0 1932 5.358537 -1.8226156
122 81.311899 363.85787 0.59826416 0.11250199 -0.22937821 25 0 3706 10.801568 -2.583717
123 413.31877 363.60306 0.53888654 -0.14608803 -0.10670491 25 0 642 2.1602293 -0.83624964
124 484.98105 365.61504 0.59129227 0.20596461 -0.019521154 25 0 6244 18.988871 -3.1962479
125 8.4772284 366.83244 0.6691838 0.068324466 -0.15892024 25 0 386 1.0244806 -0.026259391
126 351.53601 376.84542 0.64243771 0.25981671 -0.20657279 25 0 2446 6.9173475 -2.099849
127 60.511056 377.99692 0.66596584 0.24595504 -0.29809215 25 0 2794 7.6275087 -2.2059568
128 213.03998 381.13534 0.62169201 0.018512874 0.059200995 25 0 435 1.0844066 -0.087980351
129 469.561 382.17379 0.55978639 -0.65403928 0.11712431 25 0 357 1.3105076 -0.29359886
130 86.124756 382.86989 0.5484875 -0.27230575 -0.39815993 25 0 350 1.0394975 -0.042058675
131 130.18038 383.93636 0.64631847 0.31896781 -0.18856827 25 0 1187 3.2908286 -1.2932631
132 440.90744 386.04511 0.62008985 -0.11705915 -0.17337074 25 0 1828 5.5597973 -1.8626474
133 470.29415 385.57716 0.60366262 -0.19785242 -0.064589593 25 0 1403 4.3559019 -1.5976952
134 45.742488 388.95357 0.56934863 0.43626617 -0.18413908 25 0 448 1.3696543 -0.34152742
135 232.18631 393.95321 0.62470555 0.15180084 -0.20005766 25 0 6049 17.547028 -3.1105089
136 362.70719 396.00466 0.62862215 0.10977938 -0.17541546 25 0 470 1.4215166 -0.38187984
137 261.15491 401.49388 0.49462399 0.51427095 -0.049883727 25 0 449 1.4148415 -0.37676947
138 398.14448 400.95485 0.60913007 0.42231609 -0.17653075 25 0 422 1.4322513 -0.39004806
139 258.587 405.10779 0.64133721 0.13312326 -0.23856738 25 0 1493 4.1885709 -1.5551647
140 90.723543 410.28611 0.70684341 0.93829727 0.10598794 25 0 689 1.7261185 -0.59267655
141 114.72077 411.94752 0.62645097 0.19694428 -0.19205389 25 0 1739 5.0013249 -1.7477127
142 165.5775 429.91101 0.63341103 -0.074223507 -0.35679679 25 0 1512 4.173499 -1.5512508
143 138.96891 430.84262 0.65869268 0.18484515 -0.17397481 25 0 865 2.354774 -0.92987307
144 238.72043 433.34412 0.60900185 -0.035309085 -0.14227129 25 0 793 2.2614681 -0.88597619
145 497.66391 433.06163 0.28151691 0.036032346 -0.062872902 25 0 58476 211.44721 -5.8130049
146 351.41158 435.10235 0.57689911 0.13029758 -0.32420414 25 0 2230 6.8348544 -2.0868232
147 251.73494 437.72888 0.68085463 0.29724254 -0.18624959 25 0 865 2.2811153 -0.89536809
148 97.964495 439.63605 0.62482328 0.35486359 -0.083764152 25 0 10656 30.858537 -3.7234383
149 483.75707 449.55353 0.61654587 0.26258593 0.04202547 25 0 1386 4.3540222 -1.5972266
150 317.79685 453.32997 0.51134045 -0.019628405 -0.026434064 25 0 416 1.4637287 -0.41365144
151 441.911 454.63487 0.48092646 0.71640576 0.26350485 25 0 203 1.0458543 -0.04867792
152 368.81829 458.16964 0.61655794 0.014727744 -0.19364654 25 0 889 2.7831126 -1.1113269
153 62.980538 459.25103 0.67383041 0.29528502 -0.10039946 25 0 4665 12.97296 -2.7825977
154 155.99311 460.43493 0.61622559 0.24808124 -0.060923862 25 0 904 2.6376203 -1.0530307
155 434.45082 461.79993 0.552368 -0.13913703 -0.22331446 25 0 58894 178.38288 -5.6283829
156 217.67841 468.36242 0.57328932 0.72615711 0.037229837 25 0 3067 8.9990266 -2.3854888
157 349.43986 470.20456 0.64085554 -0.075366543 -0.054288628 25 0 386 1.2320738 -0.22659183
158 120.9296 472.36855 0.56407465 0.076369054 -0.27681717 25 0 312 1.0100513 -0.010858532
159 267.75891 471.79019 0.62839799 0.16082978 -0.15670904 25 0 2449 7.2759672 -2.1547268
160 345.10927 476.90122 0.62691031 0.44283766 -0.2194227 25 0 300 1.0188837 -0.020311562
161 145.64455 477.8329 0.72519307 0.35701176 -0.33384508 25 0 663 1.7832092 -0.62800576
162 70.685815 483.14835 0.66220024 -0.083816025 -0.27273802 25 0 861 2.4674083 -0.98060255
163 122.71016 499.9259 0.70826726 -0.40564597 -0.18374643 25 0 448 1.1582038 -0.15946243
164 168.16053 499.83789 0.75764159 0.41197638 -0.019009574 25 0 438 1.1606387 -0.16174258
165 123.76771 503.41935 0.60082198 0.61416228 0.025020024 25 0 521 1.5343824 -0.464834
166 170.11091 507.24464 0.67258941 0.28488946 -0.18781465 25 0 719 1.9586894 -0.72991394
167 167.5582 510.78524 0.75922156 -0.16820171 -0.61603764 25 0 704 1.7885435 -0.63124875
168 242.63358 510.3726 0.65134782 0.58568507 -0.28075938 25 0 782 2.1106936 -0.81106296
