id xcentroid ycentroid sharpness roundness1 roundness2 npix sky peak flux mag
1 365.30411 0.91363167 0.71494491 -0.10167443 -0.22345352 25 0 380.64615 1.5477554 -0.47425582
2 337.75166 3.4418599 0.60472973 0.44335452 0.28592775 25 0 623.93266 2.6550413 -1.0601782
3 346.86419 5.8773552 0.64042224 0.058194443 0.18025777 25 0 388.87712 1.6889115 -0.56901721
4 469.08863 6.7265214 0.65792426 -0.14482094 0.14122212 25 0 546.59049 2.3322952 -0.91945881
5 149.5225 11.002809 0.64949869 -0.33902449 0.068527042 25 0 535.88859 2.3269761 -0.91697979
6 4.0044864 11.550963 0.70692177 -0.077569039 0.056528278 25 0 540.82483 2.2130357 -0.86247103
7 375.27791 12.134615 0.58331108 0.17687524 0.15712829 25 0 820.78302 3.839063 -1.4605631
8 64.742188 13.186505 0.69023093 -0.14289434 0.085432433 25 0 16067.909 67.562306 -4.5742612
9 12.2093 14.854649 0.68145878 -0.12739022 0.1251604 25 0 6333.2685 27.485231 -3.5977485
10 448.6361 15.235597 0.68361307 -0.0086326597 -0.011385819 25 0 859.63145 3.5530188 -1.3764938
11 507.7956 15.00382 0.60173944 0.10788215 0.08846208 25 0 26949.887 123.30064 -5.2274134
12 465.8853 16.742916 0.61916497 0.030783421 -0.029250331 25 0 295.4687 1.3873742 -0.35548407
13 52.901677 18.43957 0.77372623 0.58968251 0.4680469 25 0 266.08552 1.0995105 -0.10299847
14 374.66787 20.52589 0.57274874 0.060056907 -0.06210176 25 0 272.69429 1.2309973 -0.22564279
15 375.81451 25.634933 0.48499468 0.015131946 0.27614504 25 0 203.04551 1.1421993 -0.14435471
16 17.776018 26.867526 0.55949222 0.096280295 -0.09937619 25 0 279.83616 1.5111253 -0.44825118
17 253.21672 30.564853 0.65311181 -0.26502739 0.12167554 25 0 375.75972 1.6160269 -0.52112148
18 394.48324 33.744051 0.46124695 0.59074515 0.40800346 25 0 437.70687 2.2304014 -0.87095755
19 493.99947 33.696568 0.49766723 0.094389772 0.13103312 25 0 339.69549 1.8500231 -0.66794286
20 167.06711 36.525774 0.59239904 0.34857612 0.21235446 25 0 423.60802 1.918576 -0.70744751
21 138.78738 40.770833 0.6356973 0.28581355 0.015522836 25 0 232.04377 1.0971601 -0.10067502
22 153.91068 40.676901 0.61055026 0.02488643 -0.0092772833 25 0 600.47154 2.7570756 -1.1011217
23 226.90774 41.73599 0.59510274 0.11127192 0.13041574 25 0 1243.5583 5.7390294 -1.8970961
24 459.42655 42.348349 0.44929627 0.7937654 0.38637167 25 0 189.26997 1.1115903 -0.11486188
25 246.3526 42.596304 0.62100811 -0.29050901 0.10564857 25 0 2245.5104 9.6692528 -2.4634823
26 387.04011 43.483308 0.77318742 0.69796643 0.30254431 25 0 629.22413 2.3838188 -0.94318308
27 430.75009 44.10927 0.67838332 -0.7386925 -0.15899093 25 0 305.41564 1.2640432 -0.25440479
28 106.69975 45.066457 0.66179276 0.11148835 0.07606573 25 0 634.32425 2.6964565 -1.0769835
29 290.04638 44.936045 0.59315637 -0.32929672 0.21706009 25 0 331.90434 1.6344476 -0.53342752
30 364.90129 44.41605 0.3526577 0.22300539 0.19443264 25 0 59332.133 292.98479 -6.1671127
31 151.69178 46.889086 0.6141906 0.072686405 0.065519205 25 0 5179.4323 23.293341 -3.4180795
32 194.88372 47.404877 0.79530172 0.57314019 -0.016160724 25 0 364.29752 1.2592062 -0.25024213
33 440.46878 47.974961 0.49548118 0.19804706 -0.099102737 25 0 843.58729 4.3249132 -1.5899435
34 273.8114 52.184272 0.66624974 -0.16561941 -0.032167928 25 0 314.55438 1.3880633 -0.35602316
35 441.07899 54.067821 0.24292233 0.20971159 0.66239807 25 0 158.48538 1.1958758 -0.19421517
36 92.969784 54.283326 0.53682105 0.094810272 0.31242038 25 0 245.40699 1.3308694 -0.31033862
37 287.28476 53.495012 0.44210417 -0.076078164 0.17304709 25 0 269.85385 1.4182609 -0.37939031
38 510.76902 53.778527 0.77893615 0.051408298 0.36477499 25 0 959.64901 3.7786837 -1.4433513
39 334.61559 54.956164 0.60216988 0.13906172 0.03385177 25 0 1627.8549 7.4375411 -2.1785734
40 182.56564 59.853461 0.62795479 -0.06635186 -0.12059622 25 0 338.59942 1.5147042 -0.45081957
41 483.59527 61.481191 0.66730276 -0.26158228 0.12051915 25 0 1522.9725 6.1071082 -1.964589
42 70.754022 62.970143 0.8618932 0.032890743 0.19473527 25 0 329.36159 1.096639 -0.10015917
43 37.84959 65.909052 0.65082024 -0.016658672 0.21587501 25 0 502.57689 2.2884748 -0.89886534
44 389.79907 65.606015 0.68408584 0.0067120583 -0.015034796 25 0 329.34078 1.4088574 -0.3721676
45 71.79282 68.017617 0.6495196 0.09973183 0.050427552 25 0 730.36217 3.2852828 -1.2914319
46 94.839235 67.684606 0.61865389 -0.170774 0.031964865 25 0 430.12572 1.8122349 -0.64553625
47 209.87214 67.944135 0.60707742 0.29169124 0.12501203 25 0 289.93814 1.2012902 -0.19911983
48 473.21515 68.395737 0.61655299 0.31878412 0.17389096 25 0 1597.4383 7.0821927 -2.1254193
49 38.227893 69.843188 0.61400878 -0.1518553 0.12319255 25 0 486.11614 2.1192531 -0.81545706
50 152.75358 69.581834 0.57960742 0.056786499 -0.055934023 25 0 395.63372 1.7290573 -0.59452349
51 458.507 70.014423 0.65122557 0.18056707 -0.14694601 25 0 647.46472 2.8935276 -1.1535691
52 76.939604 72.351093 0.6426408 -0.20440702 0.097996174 25 0 324.45498 1.5320656 -0.46319338
53 209.25301 71.984931 0.64754219 0.13274489 0.21113396 25 0 220.26966 1.0218405 -0.023457776
54 96.07125 72.910522 0.62459469 -0.042824445 0.054188715 25 0 1716.3722 7.844009 -2.2363452
55 354.16697 74.042213 0.58529302 0.31243599 0.39647339 25 0 256.85351 1.2832912 -0.27081302
56 165.92106 75.275763 0.67082279 -0.065445497 -0.18119811 25 0 228.68091 1.0159308 -0.01716036
57 509.02205 76.907829 0.60920236 0.42044393 0.057378129 25 0 1001.3593 4.4510073 -1.6211458
58 2.2459624 78.552539 0.57898449 0.29955829 0.13586281 25 0 362.2041 1.7587007 -0.61297983
59 75.24564 80.78597 0.81511541 0.55496661 0.015123257 25 0 259.62685 1.0686581 -0.072096988
60 391.03685 81.051368 0.627789 0.12875361 0.13106298 25 0 3726.7391 16.821847 -3.0646842
61 11.494951 84.000834 0.54948621 -0.043100393 -0.14044072 25 0 662.31032 3.059204 -1.2140211
62 160.08735 84.690398 0.59830654 0.40645098 0.30135768 25 0 486.35636 2.2754363 -0.89266169
63 475.6533 85.91269 0.65460768 -0.63980345 -0.056285365 25 0 315.0551 1.4205663 -0.3811538
64 132.42197 88.276057 0.61356623 0.26497424 0.040053588 25 0 610.47488 2.6857105 -1.072648
65 184.84007 88.252364 0.80116351 -0.25437292 -0.18168837 25 0 476.96489 1.8005159 -0.63849243
66 241.91897 88.222348 0.49139007 0.21284969 -0.1276479 25 0 195.24894 1.1769953 -0.17693683
67 195.46646 95.009531 0.72200392 -0.32832947 -0.39056058 25 0 511.64724 2.068038 -0.78889628
68 323.98663 95.524989 0.59265303 -0.18556931 0.24371335 25 0 1192.6791 5.2778405 -1.8061406
69 327.9981 97.284238 0.62848131 -0.33690602 0.09355321 25 0 1504.3674 6.5340934 -2.0379633
70 226.28973 98.401349 0.57386659 0.49992295 0.13003799 25 0 1513.6261 6.7642091 -2.0755426
71 156.01306 102.2092 0.58085472 -0.22275699 0.25257667 25 0 418.04291 2.0565975 -0.78287326
72 492.02724 101.85338 0.67143501 0.1413229 0.21233743 25 0 439.94145 1.8386336 -0.66123796
73 93.993079 102.73317 0.61010618 0.027670026 0.14611375 25 0 3565.82 16.120815 -3.0184675
74 102.30594 104.02336 0.53652686 -0.048605712 -0.19621816 25 0 205.25928 1.0892427 -0.092811673
75 336.97615 104.2103 0.80837826 -0.34564884 -0.06422133 25 0 398.27205 1.5352157 -0.46542349
76 26.798471 110.3032 0.75775761 -0.19151024 0.32454692 25 0 300.10568 1.2897888 -0.2762965
77 372.57367 113.72285 0.7083984 -0.46349813 0.2437434 25 0 551.52907 2.1954446 -0.85380619
78 259.33736 115.64038 0.62984016 -0.23209858 0.099902332 25 0 16487.14 71.240807 -4.6318221
79 276.71112 115.70935 0.6041596 0.28175752 0.17526206 25 0 1024.7619 4.5236723 -1.6387278
80 286.78631 117.03226 0.61503782 -0.092108362 0.045579022 25 0 1969.3578 8.9278538 -2.3768677
81 343.5113 116.59675 0.59132557 -0.17407929 0.098893816 25 0 1060.9289 4.6853844 -1.6768631
82 488.66075 118.05779 0.57459417 0.26703007 0.34814109 25 0 434.80232 2.0113062 -0.75869547
83 138.43278 119.34107 0.50582051 0.51856639 0.120774 25 0 387.62401 2.0246998 -0.76590158
84 238.92353 118.8269 0.68596654 0.12423665 0.12180412 25 0 595.66939 2.4021358 -0.95149387
85 193.37386 120.17026 0.44517638 -0.046866545 0.087027508 25 0 315.41605 1.5389463 -0.46805865
86 91.162547 120.80272 0.65888918 0.059488886 0.087289746 25 0 618.16639 2.7722714 -1.1070894
87 190.8214 122.42959 0.64442 -0.15212137 0.19037456 25 0 1978.8128 8.3851305 -2.3087746
88 23.489257 124.36268 0.6594451 -0.35456645 -0.089200298 25 0 408.47674 1.8379048 -0.66080753
89 214.74584 127.73585 0.58967801 0.18831454 0.09300134 25 0 1715.4992 7.81126 -2.2318027
90 17.933415 130.16581 0.502736 -0.24119811 -0.2395167 25 0 346.40472 1.8161343 -0.6478699
91 46.003846 129.57655 0.66723632 0.16820706 0.21712264 25 0 1281.2405 5.4498114 -1.8409537
92 292.07195 131.07946 0.612385 -0.020565252 0.2033075 25 0 472.20506 2.0482551 -0.77846012
93 348.15838 135.75697 0.44722411 -0.18838553 -0.15349155 25 0 177.15026 1.1761981 -0.17620122
94 309.0218 137.06169 0.67800574 0.096329757 0.11090656 25 0 334.22426 1.4500882 -0.40348604
95 434.65008 138.93516 0.57063038 0.13256495 0.033926716 25 0 11679.957 54.170592 -4.334409
96 211.15966 141.83574 0.49038533 -0.53361852 -0.31500107 25 0 170.31221 1.0106005 -0.011448801
97 423.14836 142.04219 0.76026864 -0.53299023 -0.29853419 25 0 319.95934 1.216916 -0.21315154
98 337.59064 144.71666 0.59740498 -0.43630863 -0.067293266 25 0 2679.309 11.583281 -2.659579
99 53.32479 145.84673 0.57804012 -0.13446136 0.089104054 25 0 760.21465 3.613065 -1.3946894
100 90.331747 147.74442 0.38975388 0.13419912 0.3431815 25 0 141.78049 1.0259406 -0.0278055
101 36.429954 149.9612 0.56981924 0.12476519 0.14723168 25 0 595.36372 2.9618361 -1.1789026
102 136.15562 159.02709 0.63568642 0.40756442 0.16279395 25 0 470.31533 2.1077477 -0.80954656
103 424.57589 160.41347 0.52936132 0.62595525 0.17037543 25 0 41061.482 190.56351 -5.7000994
104 463.85465 164.01478 0.6504205 0.28541465 0.23222786 25 0 608.29345 2.6725173 -1.0673013
105 245.09849 164.58631 0.61619264 0.14876962 0.10887788 25 0 511.82484 2.3990748 -0.95010946
106 317.88776 164.48806 0.59975163 -0.20584598 0.061731095 25 0 204.49962 1.0337154 -0.036002426
107 71.984966 171.94171 0.62254129 0.16692772 0.20160108 25 0 398.36446 1.8738369 -0.68182946
108 264.65813 173.08228 0.65352425 -0.1323094 0.024057492 25 0 1899.9349 7.9679348 -2.2533644
109 385.06576 172.84376 0.67492737 0.26472639 0.28862296 25 0 623.98435 2.7594676 -1.1020632
110 202.78184 173.8987 0.67431983 0.22228426 0.12067324 25 0 1128.9731 4.8689696 -1.7185927
111 452.10665 174.86447 0.66665362 0.047939662 0.013104583 25 0 544.54769 2.5201696 -1.0035744
112 40.443768 175.98467 0.52575408 0.11113296 0.026335777 25 0 269.99921 1.4469941 -0.40116689
113 191.29347 176.39217 0.62511793 -0.33019993 0.17522291 25 0 1517.0655 6.4612117 -2.0257849
114 275.15721 182.21386 0.5433854 0.0041639024 -0.083870566 25 0 199.67852 1.0560894 -0.059251717
115 459.87965 181.54961 0.60569336 0.19862624 0.21842486 25 0 2714.5156 12.089393 -2.7060112
116 55.562123 182.70242 0.61803144 -0.23260608 -0.029421024 25 0 721.98354 3.1128582 -1.2328983
117 153.53665 182.55164 0.49274712 0.73004348 0.12827119 25 0 1377.4437 6.4039276 -2.016116
118 449.73151 183.8827 0.58601638 -0.29195036 0.032364875 25 0 624.11143 2.84689 -1.1359267
119 29.026019 185.04544 0.6584609 0.019812917 -0.22020739 25 0 287.00629 1.3201947 -0.30159496
120 265.49833 185.27769 0.54374105 0.18368309 0.0027652478 25 0 906.53414 4.036295 -1.5149572
121 460.32533 186.54754 0.60239956 -0.17457685 0.31950116 25 0 803.92332 3.4554834 -1.346272
122 227.93159 187.95152 0.68797682 0.17808441 0.048628907 25 0 947.05373 3.9979037 -1.5045808
123 110.15533 189.19701 0.62283494 0.12546412 0.12805405 25 0 40624.487 182.70791 -5.6543934
124 159.97143 190.53012 0.68424125 0.028890949 0.27795631 25 0 418.99659 1.6910503 -0.57039128
125 291.30452 194.225 0.6306469 0.095030052 -0.18580452 25 0 262.44987 1.1332461 -0.1358106
126 459.33502 194.54835 0.5856112 0.053940502 -0.029888402 25 0 328.55225 1.4881695 -0.43163099
127 430.63108 197.19944 0.62495065 0.028142728 -0.43059247 25 0 233.80123 1.1874507 -0.18653895
128 493.5215 198.39971 0.65141045 -0.36063732 0.12862341 25 0 569.2672 2.3324511 -0.91953136
129 387.68214 200.1876 0.68815106 -0.12813107 -0.0047552369 25 0 316.76991 1.3668664 -0.33931519
130 420.53634 200.37031 0.57572353 0.0026176256 0.19786198 25 0 296.23487 1.4692212 -0.41771793
131 206.71456 200.98617 0.57773307 0.29563398 0.080210317 25 0 597.15681 2.774095 -1.1078033
132 237.31493 202.10068 0.53354294 0.30462974 0.0074028348 25 0 368.83146 1.8039957 -0.64058873
133 444.75211 203.258 0.54621122 -0.39166624 0.65883113 25 0 211.76154 1.0852135 -0.088787926
134 105.22927 203.26397 0.59046673 0.44641152 0.11933745 25 0 546.74735 2.4337806 -0.96570356
135 508.15383 204.51856 0.59409755 0.20999901 0.23868254 25 0 592.53853 2.6652135 -1.06433
136 186.01486 204.88142 0.69683053 -0.43788858 0.089312298 25 0 314.36041 1.3195837 -0.30109238
137 232.99155 206.87703 0.72315375 0.48990916 -0.32986518 25 0 261.94618 1.2727629 -0.2618688
138 3.4073667 211.30098 0.62554204 -0.4514686 -0.075879305 25 0 1788.0504 7.7918446 -2.2291007
139 51.170034 212.63862 0.57564536 0.66175627 0.23258691 25 0 376.78177 1.7919239 -0.63329893
140 53.473351 213.51337 0.51501942 0.74264049 -0.52561819 25 0 342.0794 1.5880361 -0.50215091
141 464.36078 214.5593 0.57309182 0.48674458 0.15418552 25 0 960.80711 4.2534695 -1.5718583
142 26.576091 215.77951 0.62614389 0.22127862 -0.012103948 25 0 1767.341 7.6564085 -2.2100627
143 364.99878 216.69188 0.60287798 -0.033580691 0.22062636 25 0 1589.1519 7.4449551 -2.1796552
144 295.26043 218.81238 0.58103656 -0.10363732 0.10211686 25 0 648.951 2.9770366 -1.1844604
145 189.38528 220.32973 0.47817618 0.45538813 0.14901002 25 0 812.0374 4.0491187 -1.5184013
146 258.93835 223.6738 0.48249882 -0.52447242 0.083653718 25 0 265.57632 1.4804649 -0.42599532
147 479.23513 223.93028 0.60695243 0.049099104 0.20974739 25 0 221.64577 1.0290905 -0.031133939
148 278.57878 225.49547 0.55753671 0.46947296 0.087303438 25 0 2394.4786 10.943377 -2.5978784
149 24.173109 227.95645 0.64773211 0.41932324 0.24919945 25 0 302.44311 1.3951752 -0.36157184
150 390.859 227.61407 0.60004469 0.31484619 0.20417763 25 0 4329.1288 19.578501 -3.2294486
151 460.97941 228.21254 0.63458893 0.074174878 0.14795785 25 0 14820.004 64.987468 -4.532074
152 365.77962 229.89779 0.57670964 0.12426121 0.055462421 25 0 1129.1053 5.4307381 -1.8371471
153 191.05976 233.4089 0.83578445 0.40587309 0.45172932 25 0 303.75752 1.1264477 -0.12927757
154 219.24072 236.38281 0.60036444 0.32798637 0.13053661 25 0 687.66482 3.110725 -1.232154
155 279.20764 237.31721 0.59831195 0.347549 0.0071032409 25 0 702.42298 2.9639695 -1.1796843
156 470.15235 239.71469 0.63017498 0.053418792 0.15949873 25 0 1961.664 8.6425487 -2.3416046
157 69.369086 240.76371 0.53481918 0.15100463 -0.17472368 25 0 276.80763 1.3523501 -0.32772283
158 55.992197 243.19768 0.68459587 0.13246621 0.31137238 25 0 302.20057 1.2190449 -0.21504926
159 467.04808 253.12208 0.62281609 0.10267883 0.12479769 25 0 8126.2908 36.402164 -3.902818
160 242.85223 253.88597 0.59638357 0.093291815 0.073080481 25 0 5044.0605 23.265875 -3.4167985
161 15.197607 254.93046 0.636809 0.050760415 0.082611328 25 0 1054.7314 4.70663 -1.6817751
162 304.86572 256.17739 0.73518854 -0.1348747 0.068832662 25 0 507.11608 2.05603 -0.78257363
163 370.577 262.68855 0.56828991 0.27084857 -0.047130583 25 0 369.70853 1.6816547 -0.56434205
164 143.71144 264.36332 0.47692271 0.62745533 -0.034438456 25 0 241.40706 1.2402121 -0.23373992
165 25.363503 275.09964 0.55047194 -0.16010951 0.16205111 25 0 283.11437 1.3090622 -0.29240074
166 65.412617 275.16156 0.65467422 0.49422525 -0.28237328 25 0 264.61148 1.0905516 -0.094115541
167 72.062137 274.805 0.68419771 0.088767837 0.11972627 25 0 1647.8064 6.9877533 -2.1108439
168 128.60494 276.26549 0.45006503 0.29447044 -0.18474005 25 0 239.1022 1.1987524 -0.19682374
169 254.35851 282.94827 0.59601554 -0.035038392 0.19477459 25 0 367.56238 1.7286801 -0.59428657
170 10.278013 284.10327 0.60371979 0.84208109 0.43394235 25 0 215.10482 1.0429333 -0.045641338
171 86.32256 283.96285 0.64620304 -0.084119361 -0.034344742 25 0 806.40376 3.536604 -1.3714661
172 386.72259 286.10606 0.62143734 -0.056013177 0.050024408 25 0 5625.0685 24.749194 -3.4839027
173 199.37455 287.55855 0.65060087 -0.18051967 0.047411637 25 0 836.22693 3.5515448 -1.3760432
174 77.951954 288.95581 0.65872938 0.22200754 0.13987059 25 0 1416.6723 6.1318802 -1.9689842
175 106.10988 288.68878 0.6130395 0.22489768 0.14181944 25 0 1192.3168 5.2710317 -1.8047391
176 221.96432 289.22016 0.26570148 0.064574623 0.20407516 25 0 108.63292 1.0625914 -0.06591579
177 361.0772 290.97413 0.55985048 -0.056757062 0.09662548 25 0 405.04313 1.9757828 -0.73934802
178 492.36572 290.88082 0.59802529 -0.19876552 0.0036905791 25 0 642.22831 2.9114619 -1.1602778
179 30.636882 293.78603 0.55258901 0.049224813 -0.047921613 25 0 374.29372 1.7570315 -0.61194888
180 108.72317 298.43867 0.63531714 -0.87402571 -0.047603326 25 0 262.41986 1.1286911 -0.13143771
181 175.32233 298.30616 0.77675219 -0.39266672 0.080791636 25 0 482.83975 1.7521841 -0.60894936
182 89.629109 304.48588 0.64192356 -0.48343315 0.10602761 25 0 1185.003 4.990829 -1.7454317
183 437.45434 304.13058 0.53979362 -0.84077609 -0.31198164 25 0 336.12895 1.5005847 -0.44065127
184 233.27354 310.02362 0.57061806 0.26012018 0.098000823 25 0 790.92311 3.6797554 -1.4145474
185 465.09606 309.67986 0.59926627 0.13141996 0.1591992 25 0 1049.8184 4.8368296 -1.711402
186 125.89874 312.23762 0.454771 0.43787698 0.34585357 25 0 186.51727 1.0945642 -0.098103057
187 152.39471 314.74364 0.63230347 -0.13857985 0.051625862 25 0 3363.7516 14.455432 -2.9000777
188 12.837821 316.48608 0.63984278 0.23787444 0.11533751 25 0 906.83572 3.7867138 -1.4456562
189 28.539303 316.41697 0.63057639 -0.56712165 0.058346311 25 0 1875.0386 7.9387929 -2.2493862
190 239.58203 317.97592 0.20883982 0.57475444 -0.086822953 25 0 97.761362 1.1751069 -0.17519349
191 74.319213 318.76532 0.60606671 -0.21773594 -0.027014649 25 0 288.90634 1.2838834 -0.271314
192 201.96185 324.14223 0.54360948 0.014161828 0.17202839 25 0 358.14254 1.7509854 -0.60820628
193 469.66464 323.52166 0.59350553 0.47275031 0.24688605 25 0 260.67423 1.2331864 -0.2275718
194 344.73936 326.35202 0.50174246 0.67562048 0.35006798 25 0 438.70962 2.1579339 -0.83509534
195 277.32547 329.21665 0.66090752 -0.20274439 -0.20137422 25 0 251.85546 1.0438855 -0.046632115
196 35.032497 333.76956 0.64266265 0.086264555 0.15319331 25 0 5110.452 22.662774 -3.3882827
197 302.15835 333.72161 0.72999458 -0.0076779198 0.074550267 25 0 601.56168 2.487278 -0.98931082
198 394.94413 333.93108 0.5902806 -0.22844234 0.081526881 25 0 487.53464 2.3018255 -0.90518099
199 45.250706 334.75335 0.64564865 -0.16089373 0.085006808 25 0 12641.056 54.807971 -4.3471093
200 278.39493 335.16368 0.54449305 0.3569848 -0.037451542 25 0 841.35833 4.094537 -1.530512
201 91.596845 335.82148 0.6252127 -0.39986598 -0.21196335 25 0 959.22365 4.146651 -1.5442437
202 503.437 341.49268 0.56558413 0.87096716 0.44847142 25 0 805.2062 3.2936031 -1.2941781
203 283.0626 341.72645 0.46435603 0.36071669 0.34704862 25 0 162.28291 1.0291691 -0.031216842
204 274.56723 344.96724 0.68118223 0.21037377 -0.025176669 25 0 392.17932 1.615437 -0.52072506
205 375.38723 347.36548 0.58406072 -0.42930965 0.16942445 25 0 685.41764 3.0204682 -1.2001857
206 490.30999 350.12627 0.72864522 0.12129759 -0.1246639 25 0 249.70005 1.0241768 -0.025937328
207 254.57807 351.32753 0.52692937 0.35826041 -0.073932207 25 0 4173.6119 19.533444 -3.226947
208 396.38615 352.56462 0.52188931 0.48484723 -0.063819995 25 0 813.91189 3.6262508 -1.3986446
209 508.27915 353.43053 0.64661899 0.50751366 0.38694296 25 0 328.39058 1.4711446 -0.41913838
210 26.993061 354.08135 0.68050963 0.25796732 0.08986541 25 0 529.71033 2.2119701 -0.86194813
211 36.482396 353.77384 0.61063094 0.046945943 0.11995524 25 0 742.95734 3.1129716 -1.2329379
212 61.845956 354.29288 0.42974282 -0.763897 0.48757231 25 0 258.09356 1.1826895 -0.18217683
213 313.45548 355.18578 0.55608499 0.23887015 -0.046357133 25 0 22230.641 102.48142 -5.0266128
214 9.1438441 355.69102 0.66305838 0.00013463802 0.21349858 25 0 908.56966 3.97134 -1.4973427
215 458.20955 357.34509 0.49919681 0.47063206 -0.19802324 25 0 228.0366 1.297171 -0.28249304
216 36.816999 357.56894 0.59804806 0.24522806 0.27056904 25 0 1223.583 5.4194421 -1.8348865
217 37.744493 361.02543 0.72606701 0.052631605 0.28835146 25 0 576.60546 2.179159 -0.8457223
218 429.26171 362.24863 0.61266606 0.17479973 0.12186119 25 0 1852.9248 8.3418235 -2.3031525
219 43.104731 362.91401 0.52197049 -0.7934812 0.018987867 25 0 243.88103 1.1523539 -0.15396467
220 494.51149 362.73237 0.55582604 -0.35946192 0.050933808 25 0 270.75603 1.2636742 -0.2540878
221 240.75738 364.2957 0.58893258 -0.25815358 0.052039499 25 0 1461.0127 6.5462012 -2.0399734
222 292.83713 365.52602 0.65690179 -0.047609763 0.25665769 25 0 2698.7501 11.320062 -2.634622
223 110.36647 367.12003 0.60817778 0.13187814 -0.001854245 25 0 4741.11 21.252109 -3.3185051
224 442.494 366.60504 0.61441362 -0.44890007 -0.053352855 25 0 957.49714 4.0743585 -1.5251481
225 153.49777 367.88747 0.64108887 -0.16072675 -0.13051293 25 0 458.85758 1.9345584 -0.71645463
226 3.0749526 368.60237 0.75412198 -0.012487034 0.099566709 25 0 278.11959 1.1812444 -0.18084938
227 37.610321 370.09807 0.64517942 -0.18942606 -0.030534967 25 0 476.94079 1.9760539 -0.73949697
228 17.811418 373.88922 0.61262091 -0.30946855 -0.040108775 25 0 763.00647 3.4875012 -1.3562859
229 460.86358 378.21988 0.84109145 0.59525566 -0.0010142164 25 0 354.90156 1.2374673 -0.23133429
230 380.72721 379.8223 0.59183201 0.075739332 0.034161266 25 0 3297.4231 15.144289 -2.9506223
231 40.663985 380.56372 0.44374499 -0.034768317 0.36279415 25 0 214.05524 1.161167 -0.1622367
232 89.502545 381.29178 0.63157663 -0.29328615 -0.035320649 25 0 3339.4057 14.366423 -2.8933716
233 135.27365 382.93477 0.68341966 0.010673643 -0.0016200826 25 0 602.49852 2.4793615 -0.98584962
234 242.11672 384.29446 0.47406095 0.40938284 0.021806606 25 0 479.25206 2.3394982 -0.9228068
235 283.97114 385.00539 0.62232051 -0.39641499 -0.084152824 25 0 314.26347 1.4812464 -0.42656827
236 498.78855 385.12984 0.67225986 -0.33570567 0.4015352 25 0 715.76015 2.7791662 -1.1097863
237 114.99662 386.02621 0.52331844 -0.13815001 0.0013930232 25 0 375.44623 1.8237624 -0.65242064
238 19.904372 387.25774 0.65230505 0.1379286 0.17569364 25 0 1013.3355 4.4422265 -1.6190018
239 159.35104 387.16583 0.57182993 0.035699138 0.0031554835 25 0 1375.2082 6.2890284 -1.9964589
240 470.11191 389.01835 0.64381211 0.049735339 0.15031727 25 0 2726.8205 12.164646 -2.7127487
241 499.45 388.48707 0.62912351 -0.5944197 0.14242618 25 0 1884.0628 7.9387355 -2.2493783
242 74.8964 392.15613 0.80987277 -0.33031699 0.16752586 25 0 624.63675 2.280877 -0.89525466
243 31.798783 396.67891 0.62427667 -0.0081113751 0.49775656 25 0 252.62983 1.0073337 -0.0079333684
244 112.24021 397.53522 0.45802724 0.40193245 0.30693177 25 0 198.93816 1.1172072 -0.12033432
245 261.40515 397.05822 0.59901165 0.017052234 -0.046818758 25 0 7295.8431 32.596209 -3.7829178
246 391.99466 399.03296 0.56805653 0.31692361 0.046798447 25 0 691.69465 3.2241349 -1.271033
247 187.95886 399.92464 0.61232256 0.72769899 0.26844945 25 0 328.015 1.6022608 -0.51183302
248 290.479 404.69067 0.60465734 -0.38293396 0.15715786 25 0 560.60614 2.4416671 -0.96921613
249 427.3311 403.8932 0.67215502 -0.15840015 0.18751858 25 0 582.06814 2.3177147 -0.91264992
250 37.072851 406.20235 0.66762002 0.50672633 0.051338095 25 0 348.30953 1.5134346 -0.44990917
251 18.184386 408.56851 0.59963722 0.34145522 0.28601758 25 0 859.23046 4.0133742 -1.5087741
252 287.88239 408.22389 0.66898742 -0.039657674 0.11621056 25 0 2078.1807 8.7890784 -2.3598583
253 306.07288 407.97756 0.76258325 0.13500875 0.0670494 25 0 486.87772 1.9219099 -0.70933257
254 509.35608 408.1853 0.72529702 0.043541109 0.066163925 25 0 522.81654 2.1502609 -0.83122792
255 56.446727 412.59852 0.50714918 -0.058397776 0.11299081 25 0 240.50844 1.0941653 -0.097707358
256 119.84453 413.76748 0.62694158 0.58963362 0.17495012 25 0 966.51651 4.1878636 -1.5549813
257 143.86953 415.19353 0.64914918 0.061143129 0.097194096 25 0 2380.1007 10.421568 -2.5448327
258 506.75648 421.66733 0.38814994 -0.25126515 0.22244198 25 0 140.66793 1.0178702 -0.019231024
259 128.9773 423.44316 0.97614609 0.058232487 0.39362885 25 0 994.06342 3.5187763 -1.3659791
260 319.84688 425.12445 0.71048809 -0.21977037 -0.11576144 25 0 438.53529 1.8060496 -0.64182419
261 200.78412 426.87078 0.59714422 -0.095467148 -0.31006231 25 0 305.22552 1.3616697 -0.33517947
262 229.45779 431.91682 0.48964142 -0.26572843 -0.32322225 25 0 360.15669 1.8427119 -0.6636436
263 194.71983 433.22036 0.66331411 -0.066809956 0.057225008 25 0 2234.4857 9.2686257 -2.4175384
264 168.18038 434.11442 0.58974987 0.2472227 0.1098174 25 0 1061.8377 4.8563785 -1.7157813
265 416.83788 433.84547 0.56782584 0.16935879 0.15292013 25 0 362.62347 1.7853562 -0.6293122
266 209.41192 434.47558 0.5452152 0.59986237 0.13181679 25 0 259.68491 1.2765472 -0.26509222
267 197.38176 435.97962 0.79718469 -0.70322735 -0.20536507 25 0 326.56195 1.1115065 -0.11478005
268 267.92315 436.33342 0.59096532 0.31384662 0.36709511 25 0 991.40307 4.4096815 -1.6110181
269 380.50987 438.12439 0.62154823 -0.19277544 -0.054558295 25 0 3063.7258 13.332336 -2.8122656
270 280.98617 440.85411 0.64109 -0.18833987 0.17852122 25 0 1152.3174 4.8800837 -1.7210682
271 50.214881 441.45197 0.8524544 -0.42675954 0.03630365 25 0 325.32186 1.1523768 -0.1539863
272 127.09286 442.97274 0.63500964 0.065443766 0.10182992 25 0 14780.812 66.156952 -4.5514387
273 100.10755 448.92088 0.69980268 0.44119759 0.27965075 25 0 284.91661 1.287514 -0.27437987
274 498.79886 449.26116 0.7199282 -0.15215663 0.016145383 25 0 344.1859 1.3348728 -0.31359973
275 247.97127 450.35234 0.64466343 0.22756524 0.065381512 25 0 319.87986 1.4848083 -0.42917595
276 309.49368 450.84737 0.32340771 -0.39627624 -0.57535114 25 0 159.82967 1.0424909 -0.045180668
277 415.4176 455.13384 0.4775102 -0.1494184 0.1815654 25 0 287.46706 1.5404409 -0.46911263
278 346.9712 456.29899 0.73408051 0.059071621 0.22332442 25 0 777.81628 3.1095619 -1.231748
279 471.18773 457.35292 0.59706859 -0.16286394 0.31635753 25 0 404.62923 1.7239515 -0.59131262
280 366.55162 458.45654 0.64093101 -0.74766082 0.050727696 25 0 237.30817 1.0263908 -0.028281856
281 398.13652 461.18647 0.6538691 0.18693021 0.11687871 25 0 1469.393 6.4728906 -2.0277457
282 92.227993 462.4462 0.66771791 -0.2218086 0.23411086 25 0 5553.0975 23.093898 -3.4087431
283 185.17545 463.6055 0.66209092 -0.21870302 0.11228098 25 0 1217.3399 5.1997034 -1.7899464
284 361.79141 463.83836 0.69645737 0.41735217 -0.21269861 25 0 333.83505 1.3491355 -0.32513895
285 463.48311 464.63122 0.48428561 0.34811631 0.055162276 25 0 61437.64 293.94675 -6.1706717
286 327.18969 465.58833 0.62737341 -0.078995547 0.08318105 25 0 316.4329 1.3911068 -0.35840121
287 1.047268 467.04506 0.6533293 -0.06073071 0.16490232 25 0 1207.1512 5.3507762 -1.821042
288 81.246855 467.60229 0.66600817 0.042256923 0.088685416 25 0 305.0478 1.3099442 -0.29313203
289 440.58845 467.06868 0.76575568 -0.2984585 -0.1882369 25 0 300.28253 1.1196217 -0.12267825
290 26.08038 470.34014 0.71679388 0.65308419 0.23898187 25 0 285.89222 1.2130082 -0.20965931
291 246.9181 471.57179 0.62691539 0.14607799 0.19345234 25 0 4847.7945 21.358573 -3.3239306
292 378.57722 473.10928 0.60668159 -0.32757935 -0.087479006 25 0 590.79672 2.5546834 -1.0183427
293 399.15552 473.30853 0.66711696 -0.70812578 -0.19386361 25 0 203.12397 1.0153562 -0.016546065
294 464.81714 472.34828 0.68689638 0.47654798 0.455899 25 0 486.34511 1.7929014 -0.63389101
295 281.06499 474.84021 0.46696757 0.24625075 0.1463154 25 0 220.36187 1.0954459 -0.098977294
296 296.96138 474.80453 0.65343578 0.032448479 0.15039862 25 0 3487.0815 15.173981 -2.9527488
297 150.13668 475.55473 0.54941454 -0.41813824 0.039518743 25 0 445.33856 2.0050663 -0.75532183
298 374.30058 479.89887 0.74611423 -0.18750172 0.11182193 25 0 521.19085 1.9741877 -0.73847109
299 174.88304 481.03587 0.6975357 0.18812036 0.15504922 25 0 938.72791 3.7937173 -1.4476624
300 100.02405 486.48272 0.58648632 0.16294531 0.17578855 25 0 1045.7952 4.7911391 -1.7010969
301 252.63053 485.12995 0.35297328 0.5827159 0.089734893 25 0 175.48892 1.049998 -0.052971212
302 276.10004 495.65978 0.57274708 0.31589345 0.24640865 25 0 361.60703 1.6030687 -0.51238033
303 428.78218 495.56063 0.62438496 0.43311588 -0.09419097 25 0 234.00335 1.035177 -0.037536551
304 186.22184 499.90962 0.6241721 0.5246801 0.24003497 25 0 368.40433 1.6955898 -0.57330198
305 103.27781 501.3368 0.75249717 0.16901321 -0.21795917 25 0 385.76302 1.484851 -0.42920722
306 152.02491 502.90695 0.70588568 -0.61994562 0.26234048 25 0 680.06402 2.7215888 -1.0870563
307 197.48557 503.08606 0.60820435 0.3234944 -0.083254246 25 0 468.25281 2.0113666 -0.75872807
308 315.89342 505.25047 0.64843536 0.19972473 0.22435574 25 0 318.63757 1.4236812 -0.38353185
309 152.87622 506.73464 0.61843996 -0.18800493 0.057937494 25 0 731.57427 3.0768412 -1.2202627
310 94.24576 509.20065 0.77098063 0.048864337 -0.25437049 25 0 326.81825 1.2838016 -0.2712448
311 199.29761 510.35892 0.53256568 0.1943936 -0.16604975 25 0 699.20415 3.3967063 -1.327645
