id xcentroid ycentroid sharpness roundness1 roundness2 npix sky peak flux mag
1 434.41283 -0.0063889051 0.7559664 -0.3796482 -0.43368278 25 0 1106 3.0024977 -1.1937067
2 40.043972 0.61747461 0.61228897 -0.12342504 -0.17265798 25 0 5463 15.054258 -2.9441484
3 301.33142 16.846815 0.68265667 -0.22828357 -0.39049187 25 0 698 1.8559099 -0.67139225
4 432.86298 20.223442 0.64613162 -0.40745714 -0.4047015 25 0 369 1.2811978 -0.26904043
5 113.28841 23.947504 0.53206008 -0.035255807 -0.48839329 25 0 398 1.4137036 -0.37589593
6 28.444563 25.791723 0.65120109 -0.042073318 -0.36542383 25 0 13153 33.944145 -3.8269122
7 338.98023 25.486096 0.49942523 0.19715285 -0.057314023 25 0 564 1.9070055 -0.70087988
8 412.43636 28.721884 0.60174396 -0.42248002 -0.35663478 25 0 512 1.6010578 -0.51101754
9 471.5218 28.63791 0.61664251 -0.53665076 -0.25904848 25 0 22668 59.016461 -4.4274329
10 358.18999 46.953693 0.57602539 -0.23091847 -0.16058347 25 0 491 1.6206605 -0.5242301
11 457.70012 47.233312 0.61210057 -0.24168727 -0.17362507 25 0 247 1.0219503 -0.023574462
12 130.69042 49.305998 0.5409229 -0.21316716 -0.33843003 25 0 407 1.2555266 -0.24706481
13 117.66707 53.471076 0.5309303 0.33303384 -0.14418578 25 0 395 1.0937565 -0.097301583
14 190.62072 54.685409 0.61194747 0.1050605 -0.22171407 25 0 1121 2.9802387 -1.1856276
15 210.05986 55.484988 0.55467733 -0.1239541 -0.12393118 25 0 2016 5.6208938 -1.8745135
16 350.64094 56.843192 0.57859748 -0.53571147 -0.40544761 25 0 466 1.4433297 -0.39841389
17 70.480051 57.744182 0.55523514 -0.59202517 -0.46446184 25 0 424 1.3227385 -0.30368495
18 328.68656 57.672726 0.36653261 0.13320471 -0.31204421 25 0 58574 177.49332 -5.622955
19 115.45168 59.732337 0.65352703 -0.55587299 -0.32706018 25 0 4864 12.185124 -2.7145749
20 404.09271 61.447841 0.6941606 0.15941027 -0.12295951 25 0 973 2.5807228 -1.0293534
21 474.57029 67.51447 0.61447934 -0.45054848 -0.030944105 25 0 648 2.0359883 -0.77193818
22 298.30442 68.21061 0.66195591 0.047688543 -0.24909946 25 0 1592 4.0079198 -1.5072975
23 447.15986 75.077627 0.67659781 -0.21456938 -0.26229727 25 0 1588 4.3300345 -1.5912284
24 505.56234 77.319692 0.60532268 -0.44122123 -0.1788497 25 0 2744 7.5778057 -2.1988587
25 1.6279213 78.678117 0.72550739 -0.097573056 -0.0084301629 25 0 384 1.0905649 -0.094128826
26 353.27867 78.980569 0.64228549 -0.00020674478 -0.33855577 25 0 326 1.0326662 -0.034899944
27 35.240723 80.715954 0.58537967 -0.090111277 -0.50842584 25 0 527 1.5848711 -0.49998486
28 58.508757 80.532422 0.6280933 -0.27976543 -0.2696692 25 0 372 1.0568922 -0.060076699
29 1.7985167 82.281045 0.63294516 -0.47519506 0.14508628 25 0 414 1.233524 -0.22786905
30 436.75056 81.946253 0.64056217 -0.12954702 -0.24618049 25 0 1526 4.3491 -1.5959985
31 116.305 82.486913 0.40861876 -0.49902078 -0.16020982 25 0 337 1.0998026 -0.10328684
32 475.44342 82.782468 0.57305387 0.76225776 -0.4441882 25 0 291 1.1795886 -0.17932638
33 422.11265 83.420124 0.67142593 -0.081853704 -0.033897529 25 0 499 1.4051306 -0.36929169
34 59.74623 85.615819 0.55348634 0.074945053 -0.22796787 25 0 1364 3.9497065 -1.4914121
35 472.47633 90.487455 0.4524653 0.51955526 -0.24585345 25 0 540 1.961269 -0.73134293
36 354.55033 94.434937 0.57273039 -0.51988727 -0.21403406 25 0 2669 7.1702354 -2.1388335
37 96.086152 101.0784 0.57994689 0.054633688 -0.21982021 25 0 597 1.7465813 -0.605472
38 494.91615 101.45741 0.63553042 -0.085935395 -0.048693809 25 0 20183 52.525694 -4.3009295
39 159.03828 108.00767 0.68414652 -0.068735027 -0.39144084 25 0 582 1.3112964 -0.2942522
40 287.5724 108.80743 0.57420783 -0.14113686 -0.45657659 25 0 1093 2.7939004 -1.1155273
41 291.43486 110.48732 0.575898 -0.86033812 -0.36016993 25 0 1196 2.9378131 -1.1700604
42 189.85348 111.44486 0.55176061 -0.3063141 -0.2399365 25 0 1528 4.1045777 -1.5331712
43 57.654332 115.47161 0.62056892 -0.56571861 -0.17111679 25 0 3756 9.664083 -2.4629016
44 119.52811 115.08371 0.76279909 -0.60413359 -0.45183722 25 0 508 1.107036 -0.1104044
45 455.56577 115.34813 0.71079115 -0.67793567 -0.17168609 25 0 333 1.0345722 -0.036902055
46 493.15181 121.39975 0.6131268 0.079527304 -0.085019106 25 0 1825 5.1752266 -1.7848234
47 336.01674 126.90838 0.59089524 0.10252497 -0.18145197 25 0 603 1.61528 -0.52061957
48 222.94326 128.70203 0.56877011 -0.11430856 -0.19611676 25 0 16027 44.818789 -4.1286503
49 240.4094 128.76891 0.70948564 -0.21716456 -0.19836152 25 0 1078 2.3720214 -0.93779651
50 250.50083 130.23494 0.59297336 -0.056792681 -0.34392867 25 0 1742 4.4634645 -1.6241802
51 306.8929 129.97178 0.56973107 -0.23082892 -0.33542048 25 0 1196 3.3613867 -1.3162962
52 101.97617 132.2075 0.66846558 -0.23954651 -0.26900922 25 0 579 1.4666785 -0.41583735
53 202.39255 131.87619 0.57926329 0.079263508 -0.3898394 25 0 532 1.3455809 -0.3222745
54 452.14754 131.70766 0.54852901 -0.10308804 -0.0085194333 25 0 315 1.1066778 -0.11005296
55 156.07735 133.45369 0.79351494 -0.80635263 -0.44672743 25 0 543 1.1216186 -0.12461304
56 54.955009 133.55336 0.6203118 0.15577265 -0.14806265 25 0 479 1.1830672 -0.18252352
57 154.23658 135.35315 0.56757187 -0.10532737 -0.24183123 25 0 1884 5.0624133 -1.760894
58 482.32395 135.84208 0.56370312 -0.49403954 -0.41191929 25 0 330 1.1905406 -0.18936049
59 178.23546 140.80908 0.60533088 -0.42640334 -0.28780904 25 0 1792 4.7515698 -1.6920928
60 9.5674134 142.13848 0.69015158 -0.31058653 -0.33165503 25 0 1318 3.4033054 -1.3297523
61 255.47904 144.07686 0.61866425 -0.4389459 -0.41963717 25 0 474 1.0826615 -0.086231716
62 398.09289 152.4306 0.60381834 -0.022921641 -0.099862877 25 0 11264 30.108027 -3.6967058
63 16.916617 158.56653 0.59865486 -0.061311184 -0.072249715 25 0 647 1.7088488 -0.58175912
64 300.888 157.94199 0.56959485 -0.25184602 -0.30226092 25 0 2818 7.7389737 -2.2217084
65 0.34434199 162.34988 0.80259326 0.22397095 0.14260773 25 0 662 1.5303956 -0.46200929
66 486.21773 164.51376 0.58692781 0.17020282 -0.035100234 25 0 6506 17.598908 -3.1137143
67 388.00039 173.94897 0.63297195 -0.16150717 -0.21984022 25 0 54094 144.07895 -5.3965014
68 208.49724 177.66718 0.70319902 -0.84224696 -0.27576073 25 0 587 1.2361909 -0.23021386
69 427.15914 177.27468 0.42034329 -0.40064413 -0.071827631 25 0 335 1.2953045 -0.28092965
70 155.60913 181.22904 0.69006307 -0.23223077 -0.37562028 25 0 699 1.4919623 -0.4343946
71 228.16042 186.2361 0.6009358 0.068366565 -0.26272933 25 0 1735 4.4012151 -1.6089315
72 348.31723 186.08436 0.57422198 -0.32499064 -0.3702378 25 0 506 1.4104149 -0.37336721
73 480.2461 185.78107 0.63802054 -0.27729658 -0.18560786 25 0 6327 16.853845 -3.0667475
74 166.16795 186.87762 0.60382105 -0.13297958 -0.2982319 25 0 968 2.360536 -0.93252656
75 154.74146 189.58126 0.59967903 -0.56499294 -0.15655881 25 0 1430 3.4464341 -1.3434249
76 19.022394 195.18794 0.62621656 -0.18399049 -0.29633597 25 0 797 2.1630705 -0.83767667
77 117.06564 195.44812 0.6284316 0.17084014 -0.084637911 25 0 1761 4.2942482 -1.5822178
78 423.21769 195.05582 0.62866064 -0.21858849 -0.27168621 25 0 2672 7.1253557 -2.1320164
79 413.10498 197.27011 0.61977904 -0.067413489 -0.051447195 25 0 595 1.6967151 -0.57402232
80 484.77557 196.88616 0.66737577 0.30587609 -0.092183323 25 0 734 2.1511335 -0.83166841
81 228.80945 198.49846 0.57966485 -0.49153473 -0.23635224 25 0 1039 2.5897296 -1.0331361
82 423.66866 200.05861 0.59875975 -0.58241154 -0.38473198 25 0 800 2.2800417 -0.89485696
83 191.45067 201.10594 0.66683178 -0.32246022 -0.38612772 25 0 789 1.7963145 -0.63595593
84 73.659082 201.89185 0.62257842 -0.18374387 -0.32052402 25 0 39024 104.1818 -5.0444797
85 456.93013 211.95099 0.60572333 -0.10309372 -0.23621796 25 0 513 1.5325671 -0.46354877
86 170.17932 213.95749 0.59481367 -0.25201611 -0.34333508 25 0 723 1.8498883 -0.66786376
87 68.672186 216.04328 0.67178763 -0.46031442 -0.39361718 25 0 615 1.3993693 -0.36483086
88 510.51102 215.68592 0.67765429 -0.075774221 -0.067911576 25 0 1382 3.6973242 -1.4197188
89 471.4099 218.00371 0.65378524 -0.20183549 -0.31891884 25 0 565 1.6653149 -0.55374091
90 504.71573 221.80542 0.62958364 -0.078403412 -0.22151317 25 0 3023 8.2333822 -2.2889457
91 16.685549 226.27768 0.51190383 0.23516689 -0.20618597 25 0 362 1.1059487 -0.10933744
92 427.56979 227.90935 0.65535751 -0.56487936 -0.42321508 25 0 983 2.6183811 -1.0450821
93 328.25333 229.97631 0.59331518 -0.19747433 -0.32002176 25 0 1416 3.7679908 -1.4402746
94 258.53271 231.97845 0.70808984 -0.12433339 -0.49317414 25 0 766 1.6961335 -0.57365007
95 152.65406 233.2335 0.56531811 -0.15385408 -0.3921183 25 0 933 2.403024 -0.95189526
96 481.37862 236.7147 0.6445581 -0.46593306 -0.21172473 25 0 4377 11.325943 -2.6351859
97 241.86192 238.68746 0.51129212 -0.11418376 -0.24936346 25 0 2475 7.0779914 -2.1247751
98 354.01029 240.93044 0.61270468 -0.22031894 -0.26275807 25 0 4486 12.018407 -2.6996173
99 424.19798 241.74097 0.60070395 -0.29687944 -0.22660687 25 0 12972 34.9189 -3.8576514
100 329.07304 243.15238 0.60915463 -0.35691197 -0.25323688 25 0 1028 2.7234577 -1.0878016
101 182.37911 249.37788 0.57892117 -0.088920069 -0.3677318 25 0 734 1.8980901 -0.69579209
102 242.3372 250.4207 0.58111229 -0.58923297 -0.38204826 25 0 681 1.5836526 -0.4991498
103 433.39746 253.23986 0.61334385 0.0096947343 -0.24611919 25 0 1811 4.8307963 -1.7100468
104 206.0572 266.95817 0.59478102 -0.28587557 -0.33679736 25 0 4939 13.345301 -2.8133209
105 430.1797 266.70961 0.59921067 -0.28078571 -0.18275595 25 0 6761 18.259025 -3.153694
106 106.94815 277.13217 0.54261019 0.33971329 -0.14686387 25 0 400 1.0058418 -0.006324214
107 35.444152 287.46418 0.55580126 -0.65422543 -0.22006762 25 0 1176 3.0413505 -1.2076662
108 217.59419 296.01462 0.64021348 -0.27284184 -0.54466612 25 0 454 1.0713103 -0.074788191
109 49.654826 296.68875 0.65797844 -0.053981421 -0.19864726 25 0 711 1.6901863 -0.56983647
110 349.7984 299.42452 0.60481779 -0.43212774 -0.13038525 25 0 5007 13.164913 -2.798545
111 162.59521 300.50149 0.51191436 -0.67885741 -0.17818455 25 0 791 2.1377829 -0.82490901
112 69.610684 301.49242 0.5189294 0.33320154 -0.18662491 25 0 934 2.5058967 -0.99740791
113 41.317534 301.51878 0.56684469 -0.30974943 -0.13860536 25 0 1140 3.0328431 -1.2046249
114 324.25116 304.10557 0.66253471 0.045292728 -0.38133601 25 0 451 1.0758139 -0.079342882
115 455.31855 304.47614 0.5510535 0.17383296 -0.140177 25 0 548 1.7554544 -0.61097391
116 138.78705 311.2797 0.63821962 -0.5683961 -0.27761534 25 0 488 1.0240265 -0.025778029
117 52.968157 317.11289 0.66675265 -0.14962375 -0.25297269 25 0 1438 3.5597189 -1.3785393
118 196.35132 322.96021 0.63353641 -0.41441389 -0.26111826 25 0 870 2.0581806 -0.78370869
119 428.08096 323.2175 0.59194855 -0.13922954 -0.21594171 25 0 974 2.8846603 -1.1502367
120 115.52725 327.53915 0.5281639 0.35647065 -0.2776786 25 0 2621 6.8699265 -2.0923802
121 164.9772 337.17464 0.68849688 -0.17037777 -0.58120808 25 0 457 1.0130007 -0.014024385
122 307.66321 339.60177 0.55688923 -0.14268277 -0.29497324 25 0 526 1.3372569 -0.31553709
123 8.4669671 347.2213 0.65512561 -0.46611641 -0.32305867 25 0 11704 29.89153 -3.6888703
124 265.09407 346.80914 0.58817984 -0.14052259 -0.13094512 25 0 568 1.439822 -0.395772
125 357.94246 347.2631 0.56208608 -0.10989373 -0.25247198 25 0 459 1.3092748 -0.29257702
126 54.832133 348.50704 0.53269199 -0.57603684 0.15148065 25 0 851 2.2009662 -0.85653345
127 241.49604 348.26692 0.53125429 -0.36468712 -0.35465777 25 0 785 2.1453946 -0.82876794
128 466.41152 355.13049 0.69057578 0.10278005 0.11363168 25 0 840 2.0472203 -0.77791146
129 237.37078 358.08226 0.49764914 -0.54146884 -0.60707651 25 0 367 1.0197737 -0.021259504
130 338.32546 360.82044 0.66626171 -0.18719454 -0.14375979 25 0 691 1.6293642 -0.53004542
131 217.57066 364.31903 0.6252057 -0.55278552 -0.28132674 25 0 4795 12.152139 -2.7116318
132 0.36011419 366.24505 0.86720986 -0.52537082 0.18030848 25 0 901 1.9890702 -0.74662528
133 359.59695 365.98742 0.67829927 -0.61293041 -0.46249506 25 0 1060 2.671361 -1.0668314
134 276.40251 368.48242 0.56428695 0.15151539 -0.22675972 25 0 20021 52.728782 -4.3051193
135 0.36595772 370.11857 0.84031829 -0.22015805 0.11710952 25 0 1546 3.534419 -1.3707951
136 0.98404519 373.48565 0.61290481 -0.86316676 0.1280603 25 0 532 1.2327157 -0.2271573
137 392.2888 375.67073 0.62942193 -0.44606762 -0.16905386 25 0 1716 4.5593176 -1.6472496
138 203.79564 377.32473 0.61114253 -0.19166909 -0.20215297 25 0 1515 3.918167 -1.4827073
139 255.8021 378.5295 0.51492502 0.062191456 -0.082182782 25 0 2222 6.2978625 -1.9979829
140 73.475261 379.78348 0.60499848 0.027636751 -0.39045867 25 0 4322 11.191573 -2.6222279
141 405.43025 380.05487 0.68547291 -0.44074895 -0.38479195 25 0 1018 2.4790943 -0.98573263
142 116.96097 380.65134 0.65364824 -0.83672741 -0.56256641 25 0 444 1.0152863 -0.016471326
143 477.1782 382.19628 0.66688763 -0.16473466 -0.20475919 25 0 9175 23.85512 -3.443954
144 0.7543016 382.61522 0.51448534 0.041184291 0.20694771 25 0 468 1.3846662 -0.35336276
145 343.6426 393.09961 0.654044 -0.36883182 -0.33789232 25 0 3459 8.944135 -2.3788459
146 52.756069 393.9146 0.66600104 -0.21377856 -0.32731853 25 0 3822 9.8240429 -2.4807256
147 205.23108 397.26159 0.65886049 -0.5780306 -0.30786784 25 0 612 1.3701268 -0.34190188
148 122.4331 399.90021 0.69065943 -0.332734 -0.34584533 25 0 1513 3.564961 -1.380137
149 462.46577 402.19955 0.60886564 -0.14126771 -0.34071583 25 0 1798 4.8224584 -1.7081712
150 432.98505 402.46207 0.55837045 -0.11628633 -0.035141256 25 0 2026 5.7743899 -1.9037653
151 38.256893 404.90717 0.79574178 0.13452068 -0.24395994 25 0 637 1.367057 -0.33946656
152 224.23683 410.09227 0.63074765 -0.22928266 -0.40042916 25 0 7755 20.15221 -3.2608067
153 354.8532 412.32625 0.6651707 -0.11255915 -0.2995434 25 0 744 1.857242 -0.67217125
154 390.4226 417.4994 0.6087288 0.069864076 -0.23350322 25 0 414 1.2258303 -0.22107589
155 253.34858 417.7267 0.74707072 -0.23730681 -0.22841604 25 0 675 1.4258672 -0.38519769
156 250.76034 421.29248 0.65263249 -0.39272096 -0.3269778 25 0 1851 4.5706045 -1.6499341
157 472.19388 422.02292 0.70124986 -0.2687828 -0.34327596 25 0 359 1.0550413 -0.058173683
158 82.848882 426.32051 0.58281796 -0.32121359 -0.1333793 25 0 822 2.1139034 -0.81271284
159 106.89982 427.87346 0.64498046 -0.1729808 -0.32628628 25 0 2352 6.0397906 -1.9525547
160 157.59039 445.97824 0.66583317 -0.27423942 -0.425712 25 0 2331 5.8444636 -1.9168616
161 131.11448 446.84913 0.64513734 -0.10552478 -0.21479373 25 0 1174 2.972837 -1.1829277
162 230.82628 449.50334 0.64897597 -0.17210349 -0.042819247 25 0 1014 2.4705777 -0.98199628
163 489.89863 449.67963 0.36043449 -0.31090101 -0.16700369 25 0 58408 162.87331 -5.5296248
164 343.39837 451.39982 0.60098468 -0.6404896 -0.10228477 25 0 2520 6.5531125 -2.0411191
165 243.85972 453.91966 0.65150947 -0.50843094 -0.26671637 25 0 1200 3.0808001 -1.2216588
166 90.097056 455.58068 0.60836979 -0.17148325 -0.1454339 25 0 12890 34.368679 -3.8404071
167 475.91345 466.1401 0.69019705 -0.3756553 -0.20258185 25 0 2220 5.8135182 -1.9110976
168 309.73179 469.54039 0.57642052 -0.56054455 -0.33643367 25 0 488 1.303935 -0.28813989
169 434.03839 470.83307 0.68540662 -0.29966301 -0.055570893 25 0 390 1.1625455 -0.16352494
170 55.189058 475.10842 0.70357018 -0.19578944 -0.31433884 25 0 6343 15.923158 -3.005073
171 360.96606 474.59833 0.64182356 -0.32159042 -0.085273635 25 0 1249 3.3144186 -1.3010184
172 147.99087 476.43982 0.60360624 -0.10594662 -0.11647744 25 0 1074 2.7602509 -1.1023714
173 426.41868 478.39988 0.48956031 0.026790797 -0.23257079 25 0 58467 164.79865 -5.5423841
174 209.78505 484.46088 0.52624266 0.13856565 -0.13239853 25 0 3827 10.795056 -2.5830623
175 341.41573 486.58224 0.60185699 -0.16286304 -0.088049377 25 0 513 1.4365849 -0.39332822
176 427.62315 485.9882 0.78866807 -0.21858631 -0.33512453 25 0 491 1.0960655 -0.099591282
177 113.0906 488.31407 0.71676798 -0.085391877 -0.071969099 25 0 511 1.1327875 -0.13537116
178 259.7544 487.92916 0.6247635 -0.25364946 -0.36163431 25 0 3133 8.4700051 -2.3197092
179 337.11351 493.28872 0.55124216 0.18771339 0.052498107 25 0 351 1.0832723 -0.086844068
180 137.6935 493.7965 0.69173554 -0.055241868 -0.50869682 25 0 928 2.2484638 -0.87971474
181 62.88554 499.07325 0.72061976 -0.10862914 -0.27730831 25 0 1258 3.0611256 -1.2147029
