id xcentroid ycentroid sharpness roundness1 roundness2 npix sky peak flux mag
1 8.583118 -0.052962892 0.7877815 -0.34939212 -0.65531598 25 0 709.27932 1.6110058 -0.51774273
2 269.94993 15.010892 0.65507223 -0.32806994 -0.20484366 25 0 539.22943 1.5046214 -0.44356805
3 81.920392 22.348102 0.63567037 -0.40803501 -0.14452673 25 0 391.98113 1.0430153 -0.04572667
4 307.60415 23.646407 0.73073322 0.41138923 -0.12623881 25 0 609.11542 1.4427904 -0.3980081
5 380.87614 26.973595 0.73734791 -0.076537934 -0.14352006 25 0 662.15696 1.7212063 -0.58958232
6 439.98496 26.973567 0.75216234 -0.10773428 -0.083236402 25 0 26273.853 57.109919 -4.3917789
7 326.84813 45.114257 0.6997427 -0.46693999 -0.33067061 25 0 399.35658 1.1246069 -0.12750188
8 86.297423 51.610561 0.69359355 -0.47852413 0.18212968 25 0 443.30231 1.0314186 -0.033587447
9 159.18184 52.875599 0.74354115 -0.28694941 -0.12487876 25 0 1094.2984 2.4379412 -0.96755805
10 178.53953 53.765663 0.67051378 -0.036601243 -0.18540517 25 0 1879.7422 4.3163198 -1.587784
11 38.884126 55.930588 0.7408692 -0.012673865 -0.096374316 25 0 472.66315 1.034698 -0.037034059
12 297.28395 55.830383 0.35240945 -0.26182577 -0.020624537 25 0 57387.052 172.61226 -5.5926791
13 83.931266 57.889878 0.71684498 -0.16661633 -0.1172191 25 0 4710.3234 10.446091 -2.5473845
14 372.83944 59.642158 0.57635066 0.31114402 0.09064042 25 0 742.18101 2.053539 -0.78125737
15 266.74551 66.501001 0.66799913 -0.50997428 -0.057081248 25 0 1068.7378 2.5909283 -1.0336385
16 443.14449 65.696042 0.68642901 0.063776448 0.048266086 25 0 754.36862 1.9816902 -0.74258943
17 415.95061 73.348205 0.65892262 -0.24323732 -0.044790336 25 0 1204.7019 3.0302577 -1.2036989
18 474.19737 75.661174 0.69086767 -0.20461209 0.016408665 25 0 3002.6561 6.9244285 -2.1009598
19 4.266243 78.889682 0.79653787 -0.35000049 -0.078429289 25 0 588.27668 1.3139672 -0.29646129
20 405.47754 80.182107 0.6313897 -0.2405732 -0.1975872 25 0 1166.7203 2.9708216 -1.1821914
21 390.83539 81.835486 0.70573083 -0.17373773 -0.15815624 25 0 470.33404 1.2416575 -0.23500451
22 28.337406 83.717227 0.64572687 -0.71974788 -0.20277047 25 0 1237.6706 3.0210769 -1.2004044
23 441.09522 88.825696 0.75076762 0.029972682 0.0019414607 25 0 902.79285 2.0824254 -0.79642364
24 323.23154 92.705226 0.66385689 -0.36737128 -0.14829807 25 0 2570.8113 6.0486147 -1.9541398
25 64.459067 99.153423 0.53223766 -0.85588868 -0.3460066 25 0 406.11223 1.1180458 -0.121149
26 463.44587 99.748375 0.64161166 0.078005719 -0.20958653 25 0 16475.744 37.935269 -3.9476079
27 256.08377 106.91305 0.68281601 -0.51863993 -0.16588309 25 0 1046.0458 2.5135125 -1.0007026
28 260.08784 108.64785 0.74696959 -0.43884896 -0.0036351169 25 0 1251.1209 2.7400475 -1.0943952
29 158.43585 109.64252 0.63889764 -0.65515725 -0.25743707 25 0 1188.7049 2.6411619 -1.0544876
30 26.313293 113.44225 0.59799196 -0.65627966 -0.0027270465 25 0 2396.0147 5.6552038 -1.8811207
31 424.23537 113.69856 0.68635478 -0.21133356 -0.19539159 25 0 318.70188 1.0206727 -0.022216212
32 481.50687 116.24263 0.68389101 -0.50819164 -0.15140426 25 0 1677.9565 3.8668262 -1.4683866
33 461.76407 119.69774 0.68652482 -0.14190951 -0.036498804 25 0 1795.931 4.2109308 -1.5609453
34 304.92953 125.30898 0.80632446 0.13324461 0.00056135478 25 0 493.85998 1.0970546 -0.1005706
35 191.4516 126.88382 0.6880441 -0.41614936 -0.21129116 25 0 14512.702 32.393628 -3.776149
36 208.69448 126.95538 0.65148269 -0.063704208 -0.096984697 25 0 886.89052 2.1117957 -0.81162978
37 218.87824 128.42769 0.70694265 -0.23971605 0.064895096 25 0 1682.6647 3.7217472 -1.4268672
38 275.43182 128.15055 0.65156806 -0.56404571 -0.27732201 25 0 869.74081 2.1238632 -0.81781635
39 171.17818 129.91964 0.84350364 0.0039982628 -0.037026233 25 0 521.77878 1.0429698 -0.045679381
40 122.89513 133.45725 0.60440985 -0.061244403 0.083816625 25 0 1484.2965 3.5586302 -1.3782071
41 490.00045 135.10129 0.67460671 -0.18185229 -0.17651512 25 0 1672.0891 4.0383641 -1.5155137
42 146.83192 138.98507 0.72413838 -0.26272815 -0.20289269 25 0 1632.4152 3.5686625 -1.3812637
43 366.68972 150.67776 0.6426695 -0.022270824 -0.098620491 25 0 9191.6394 21.272322 -3.3195372
44 269.51515 156.23016 0.63734506 -0.01311852 -0.22379163 25 0 2190.7715 5.0708759 -1.7627075
45 454.79439 162.73734 0.68813549 0.020221704 -0.021613137 25 0 7151.25 16.486284 -3.0428069
46 356.6447 172.22293 0.69484582 -0.46033378 -0.16276883 25 0 42036.835 93.085521 -4.9222053
47 177.05388 175.90069 0.82259 -0.35462691 -0.21187512 25 0 591.67889 1.1839252 -0.18331069
48 395.84258 175.80746 0.76354377 0.1367114 0.082394273 25 0 459.43781 1.1567039 -0.15805552
49 124.21127 179.39654 0.66573446 0.06184642 -0.17229164 25 0 951.84309 2.1626148 -0.83744795
50 196.71564 184.3792 0.67541617 -0.53756416 -0.076953056 25 0 1444.9502 3.1209404 -1.2357137
51 316.8295 184.40909 0.58941274 -0.39399844 0.18795388 25 0 404.76076 1.2222472 -0.21789765
52 448.83852 184.12016 0.74898019 -0.1526678 -0.049551227 25 0 6725.952 14.755117 -2.9223566
53 134.84246 184.91866 0.70362404 -0.089495622 -0.011626853 25 0 943.25751 2.0772415 -0.79371745
54 123.41689 187.59259 0.6510254 -0.68739608 -0.20117059 25 0 1190.4264 2.7298243 -1.0903367
55 85.830418 193.5356 0.67668559 -0.11985861 0.10877937 25 0 1451.8848 3.2309913 -1.2733395
56 391.81682 193.33897 0.70932962 -0.45512191 -0.067159963 25 0 2304.18 5.0845538 -1.7656321
57 453.38537 195.32523 0.49000478 -0.48844904 -0.20916837 25 0 423.05618 1.3571747 -0.33158942
58 381.75273 195.64221 0.50377252 0.35643918 0.15894651 25 0 360.27673 1.1661561 -0.16689174
59 197.41226 196.61791 0.55204044 -0.83450756 -0.21187959 25 0 779.74838 2.0334334 -0.77057486
60 392.31483 198.47467 0.48731001 -0.42579957 0.14545226 25 0 517.18763 1.5759843 -0.49387975
61 160.02488 199.21368 0.59868255 0.17032865 -0.0020455214 25 0 657.02735 1.6679644 -0.55546696
62 42.454586 199.83007 0.65991498 -0.039905091 -0.21441725 25 0 31622.972 72.099534 -4.6448311
63 425.50881 210.27159 0.54039617 0.034737207 0.073630077 25 0 339.73045 1.0351993 -0.037559899
64 138.78834 212.03883 0.65894143 -0.54288541 -0.17992821 25 0 526.40783 1.145705 -0.147682
65 37.761729 214.18831 0.75722465 -0.53293874 -0.39433759 25 0 462.54408 1.0832985 -0.086870318
66 479.45086 214.03609 0.73001952 -0.14876869 -0.22817874 25 0 1372.2464 3.0609528 -1.2146416
67 440.05978 216.45338 0.81612904 0.022301201 0.28689325 25 0 549.11462 1.1724028 -0.17269216
68 473.33048 220.11022 0.64882423 -0.13924968 -0.15910504 25 0 2605.93 6.2008401 -1.9811263
69 396.29688 226.16109 0.654985 -0.28605188 -0.27517135 25 0 931.7687 2.3738279 -0.93862308
70 296.94035 228.27763 0.74018338 -0.30545589 0.062318697 25 0 1277.054 2.8538985 -1.1385963
71 226.93851 230.04413 0.76382308 -0.22263187 0.087209293 25 0 684.5503 1.446797 -0.40101899
72 121.44426 231.45954 0.50750357 0.27728033 -0.030457213 25 0 664.2473 1.7102492 -0.58264849
73 449.92534 234.99537 0.74463927 -0.22156142 -0.10298662 25 0 4581.8951 10.095503 -2.5103199
74 210.53818 236.91354 0.65463718 -0.4124859 -0.25690382 25 0 2264.9441 5.1006325 -1.7690601
75 322.63161 239.21458 0.65257735 -0.45898899 -0.13261216 25 0 3525.8007 8.1638938 -2.2797434
76 392.84358 240.07104 0.70367273 -0.29661711 -0.14729579 25 0 12543.441 28.017534 -3.6185748
77 297.68631 241.51254 0.60743824 -0.50983345 -0.039819811 25 0 792.44067 1.9983872 -0.75169909
78 151.02076 247.48472 0.54206132 -0.29179421 -0.15009952 25 0 522.46925 1.4095009 -0.37266342
79 211.00818 248.436 0.65052937 -0.23591656 0.07198191 25 0 597.76783 1.3747144 -0.34553124
80 401.98423 251.46522 0.64160956 0.013541766 0.18356598 25 0 1509.7522 3.5420825 -1.3731467
81 174.77869 265.03077 0.7201888 -0.23896713 -0.1429912 25 0 4648.6903 10.184726 -2.5198733
82 398.844 265.01512 0.70719601 -0.24954495 -0.11092308 25 0 6780.5756 15.127453 -2.9494145
83 499.52381 266.52536 0.67825849 -0.75985335 -0.042989395 25 0 1175.104 2.6095474 -1.041413
84 4.2392042 285.48759 0.67537868 0.0086819545 -0.01004565 25 0 1092.1802 2.5093494 -0.99890284
85 18.522326 294.79808 0.69239869 -0.3719398 -0.086442435 25 0 604.37222 1.4047904 -0.36902885
86 318.4955 297.73583 0.63353811 -0.63203606 -0.20696765 25 0 4194.9534 9.6563023 -2.4620271
87 9.999732 299.69524 0.55226199 0.20058182 0.25092396 25 0 892.29555 2.4356616 -0.96654238
88 131.30951 298.55388 0.64712902 -0.56415108 0.069210727 25 0 679.96509 1.5606448 -0.48326017
89 38.245686 299.32559 0.54491023 -0.42301563 0.086107899 25 0 733.23044 1.8295951 -0.65588746
90 424.01548 302.74867 0.79809929 -0.074463907 -0.033222134 25 0 715.57669 1.4079919 -0.37150042
91 107.297 309.1179 0.7222627 -0.30775131 -0.14185295 25 0 495.91089 1.0245136 -0.026294277
92 21.667841 315.09778 0.75354194 -0.19041268 -0.1830168 25 0 1213.9788 2.6075494 -1.0405813
93 165.06091 321.08342 0.83451919 -0.29806719 -0.03118339 25 0 870.36608 1.6069378 -0.51499766
94 396.71631 321.63317 0.62563416 -0.32462364 0.086035695 25 0 773.14269 1.7596674 -0.61357649
95 84.466702 325.6782 0.63425688 -0.57896915 -0.18793748 25 0 2498.8525 5.6826581 -1.8863788
96 233.84691 344.92236 0.68179534 -0.26832253 -0.36216807 25 0 512.70822 1.034936 -0.037283761
97 23.542103 346.40468 0.62860144 -0.5361409 0.024804736 25 0 703.4034 1.6170669 -0.52181994
98 210.34145 346.44414 0.51627874 -0.56556699 -0.04200246 25 0 558.243 1.2818241 -0.26957111
99 434.96846 353.42973 0.76302292 -0.0061698235 0.4970332 25 0 890.02445 1.6876957 -0.56823537
100 307.01303 359.12994 0.71129111 0.027510412 -0.1866449 25 0 690.36141 1.3945896 -0.36111608
101 186.24364 362.52299 0.59676518 0.070866723 0.019603679 25 0 3799.9538 8.8492182 -2.3672623
102 328.09963 364.26145 0.61421005 -0.186089 -0.10539202 25 0 1011.6338 2.3723203 -0.93793331
103 245.06754 366.61334 0.64611959 -0.35403799 -0.056120198 25 0 19211.865 43.63362 -4.0995531
104 360.80288 373.94595 0.72126616 -0.10300332 -0.091182762 25 0 1937.4047 4.2225018 -1.5639246
105 172.37439 375.41175 0.61010785 -0.85573869 -0.22797643 25 0 1087.4739 2.3574683 -0.93111464
106 224.6396 376.73056 0.62491425 -0.063158813 -0.11258438 25 0 2272.2364 5.1715021 -1.7840418
107 42.379345 377.87824 0.70839908 -0.36045112 -0.16887843 25 0 4442.8568 9.7894368 -2.4768943
108 374.05736 378.34071 0.71389698 -0.12328117 0.025354547 25 0 1176.8724 2.4511129 -0.97340828
109 445.79508 380.57786 0.6509381 -0.34297102 0.11701827 25 0 7031.3374 15.877759 -3.001973
110 312.42142 391.38905 0.57699784 0.094310089 -0.095927105 25 0 2511.2324 5.9641168 -1.9388654
111 21.534187 391.97418 0.7148242 -0.18901761 -0.24520761 25 0 3110.9039 6.7530791 -2.0737546
112 67.101359 393.65864 0.67217392 -0.27868917 0.27521638 25 0 497.995 1.0027454 -0.0029767167
113 173.95985 395.4346 0.78006781 -0.41203776 0.018630536 25 0 615.31846 1.0415304 -0.044179903
114 430.06018 396.91272 0.71193428 -0.78328491 -0.047147976 25 0 641.9642 1.2753491 -0.26407267
115 91.184805 398.02363 0.76461501 -0.24601568 -0.22565645 25 0 1388.0666 2.7684138 -1.1055775
116 401.57499 400.80667 0.64467728 -0.092851681 -0.14975822 25 0 2095.5356 4.7444942 -1.6904748
117 430.92641 400.47683 0.6461976 -0.23158428 0.047611588 25 0 1748.3598 3.8968396 -1.4767813
118 7.0360871 402.77372 0.78580474 -0.3941205 -0.16546886 25 0 565.25545 1.1382977 -0.14063965
119 193.11332 408.17539 0.69474197 -0.21259198 -0.13816039 25 0 6880.2 15.217608 -2.955866
120 323.51166 410.48533 0.46933726 -0.77250281 -0.32491716 25 0 499.31114 1.2133 -0.20992045
121 222.27508 415.82493 0.62728258 -0.41170028 -0.08997083 25 0 665.69246 1.4267957 -0.38590446
122 358.63051 415.56046 0.60218835 0.023873721 -0.24037424 25 0 560.47754 1.2461171 -0.23889716
123 219.6132 419.4117 0.63805627 -0.69059548 -0.087589173 25 0 1566.0514 3.4288545 -1.3378727
124 506.50121 421.91574 0.68541391 -0.20184274 -0.25697659 25 0 2198.2797 4.7451363 -1.6906217
125 51.646994 424.64973 0.50322577 -0.45119357 0.090531843 25 0 657.7157 1.6668585 -0.55474682
126 75.593477 425.9123 0.72247537 -0.33600115 -0.26969782 25 0 2068.3716 4.3671179 -1.6004873
127 126.37037 444.1182 0.71903779 -0.21396579 -0.27420686 25 0 1993.6288 4.0936945 -1.5302886
128 99.996576 444.92247 0.72373079 0.064871434 -0.012046086 25 0 1059.7771 2.1406639 -0.8263712
129 199.58828 447.5127 0.52595572 0.33567517 -0.086159026 25 0 809.12946 1.758678 -0.61296584
130 458.22866 447.93677 0.26797461 -0.38813887 -0.10886088 25 0 60349.803 184.07678 -5.6624975
131 312.05071 449.73111 0.71322226 -0.27331249 -0.095036771 25 0 3070.6515 6.5865362 -2.0466427
132 212.75495 452.0445 0.63558569 -0.63315383 -0.072314544 25 0 1055.8241 2.1116407 -0.81155004
133 58.810218 453.67912 0.69648413 0.010764248 -0.052277488 25 0 11789.775 26.140668 -3.5432917
134 444.40403 464.45193 0.61387672 -0.63145443 0.039251602 25 0 1669.5394 3.6287102 -1.3993807
135 278.59226 467.79368 0.57183325 -0.6009226 -0.23834176 25 0 608.56987 1.2663379 -0.25637398
136 24.077668 473.2148 0.75257744 -0.068299674 -0.10186594 25 0 5680.7732 12.114722 -2.7082837
137 329.50094 472.79555 0.6408407 -0.32733046 -0.32933041 25 0 1195.6078 2.5692802 -1.0245287
138 116.85338 474.4583 0.58083105 0.054225679 -0.0011242447 25 0 986.92284 2.134924 -0.82345607
139 395.02075 476.49787 0.53095608 -0.26807357 -0.029060149 25 0 59536.846 150.22429 -5.4418504
140 178.52193 482.64395 0.64445556 0.13775791 -0.15084152 25 0 3999.3173 8.9364176 -2.3779086
141 310.21038 484.68613 0.82750689 -0.58707187 -0.11917363 25 0 727.10671 1.244474 -0.23746456
142 228.67357 486.10598 0.73468147 -0.35971625 -0.18443816 25 0 3153.1482 6.5591721 -2.0421226
143 106.58022 491.94074 0.64388116 -0.085472895 -0.17180245 25 0 801.29055 1.6576587 -0.54873781
144 31.70766 497.27018 0.73758426 -0.35778618 -0.19001681 25 0 989.80933 2.0623556 -0.78590889
