id xcentroid ycentroid sharpness roundness1 roundness2 npix sky peak flux mag
1 328.09456 2.6826751 0.54248609 -0.16459591 0.084126376 25 0 270.07697 1.2747898 -0.26359645
2 300.76972 5.018679 0.68572746 -0.097068877 -0.25224777 25 0 863.99264 3.3057203 -1.2981653
3 309.93117 7.2992365 0.60734133 -0.076049343 -0.10796327 25 0 345.10634 1.4286246 -0.3872953
4 432.24789 8.2856033 0.673701 0.45555734 -0.10499307 25 0 596.73364 2.2625636 -0.886502
5 112.68292 12.192036 0.64282771 0.040621394 -0.23019744 25 0 529.75113 2.037358 -0.77266839
6 27.874659 14.119169 0.69496065 -0.13103296 -0.22361416 25 0 16883.637 61.10666 -4.4652214
7 338.38322 13.674456 0.61910776 -0.11470065 -0.18268277 25 0 738.25367 2.8814329 -1.1490213
8 411.75829 16.906056 0.70198106 0.14500238 -0.1717716 25 0 858.41735 3.1438923 -1.2436691
9 470.91694 16.760714 0.66418898 0.12920392 -0.13272566 25 0 30585.991 112.4671 -5.1275637
10 428.93082 18.319248 0.73808425 0.14440376 -0.15348048 25 0 321.09737 1.1107855 -0.11407554
11 337.41131 22.053626 0.64665836 -0.2282149 -0.45665614 25 0 365.08908 1.5490501 -0.47516367
12 216.43846 31.895692 0.65963181 -0.70604315 -0.58166653 25 0 349.62531 1.3009036 -0.28561282
13 357.53378 35.084268 0.60101824 -0.29341546 -0.31971563 25 0 560.62673 2.264731 -0.88754154
14 457.2109 35.370454 0.61115491 0.3195327 -0.082700543 25 0 437.17692 1.8699913 -0.67959898
15 130.18447 37.607119 0.58010258 0.3223608 -0.043168156 25 0 435.31244 1.7908624 -0.63265556
16 117.10431 41.863507 0.57048779 -0.19847136 -0.31918011 25 0 613.93742 2.6104516 -1.0417891
17 190.02264 42.92477 0.624293 -0.12595857 -0.2134663 25 0 1334.7829 5.2011418 -1.7902467
18 209.40823 43.795557 0.64017708 0.11671082 -0.35243435 25 0 2293.249 8.3439505 -2.3034293
19 422.43538 43.819859 0.77802135 -0.19278214 -0.27828182 25 0 340.30739 1.2653148 -0.25549648
20 350.08631 45.134592 0.71911457 0.27897578 -0.18112701 25 0 565.63177 2.1559532 -0.8340983
21 69.8741 46.011632 0.67687088 0.20579363 -0.14380435 25 0 659.34403 2.4613407 -0.97792934
22 328.03327 45.976052 0.28126024 0.21199718 -0.047990482 25 0 58687.571 307.10599 -6.2182207
23 393.61314 45.698398 0.81846344 0.50549374 -0.076110904 25 0 288.09216 1.019427 -0.020890298
24 114.82562 48.001485 0.65049534 -0.015008462 -0.24845868 25 0 5796.82 21.580416 -3.3351495
25 157.91408 48.753125 0.61796584 0.10693152 0.24056271 25 0 309.39872 1.1971236 -0.19534748
26 48.119623 50.316069 0.63449221 0.40075013 0.15810517 25 0 258.00953 1.120728 -0.12375056
27 403.59417 49.430925 0.51212301 0.6893929 -0.064469441 25 0 853.29325 3.6928116 -1.4183929
28 250.37945 54.842121 0.70076547 -0.3455392 -0.59857741 25 0 357.96763 1.3513157 -0.32689203
29 403.98446 54.93631 0.5635032 -0.15529317 -0.18112796 25 0 301.18891 1.5168152 -0.45233171
30 297.57564 56.507204 0.53624635 -0.32419194 -0.18506479 25 0 1297.6301 5.1321866 -1.7757561
31 474.03689 55.485344 0.57181947 0.28116396 -0.029289162 25 0 809.89076 3.3637964 -1.3170743
32 145.7118 60.982379 0.61903359 -0.063513124 -0.28138845 25 0 374.5506 1.397082 -0.36305472
33 446.61191 63.188326 0.63288904 -0.079110967 -0.15860627 25 0 1582.2378 5.9766276 -1.9411405
34 33.71161 64.014671 0.67103806 -0.42813647 -0.054530498 25 0 338.6085 1.3975566 -0.36342348
35 505.14451 65.503231 0.63887572 0.41182801 0.055932326 25 0 3478.6963 12.897085 -2.7762289
36 1.0458674 66.701375 0.77131141 -0.011209907 0.19585048 25 0 473.03582 1.58578 -0.50060737
37 352.82856 67.158842 0.44037181 0.56675396 0.26193897 25 0 194.91154 1.1444215 -0.146465
38 34.729861 68.966766 0.76602247 -0.15358373 -0.18086575 25 0 789.05367 2.7277819 -1.0895241
39 58.038388 68.78819 0.53783404 -0.3686372 -0.052441174 25 0 434.096 1.9351517 -0.71678755
40 172.71914 69.180448 0.56978658 -0.51374266 -0.20653994 25 0 290.203 1.2038671 -0.20144637
41 436.29058 70.035128 0.70387496 -0.0073828929 -0.20659602 25 0 1944.0248 6.9777637 -2.1092906
42 1.3445173 70.674138 0.71292469 -0.58090399 -0.26325408 25 0 505.85469 1.8598243 -0.67367977
43 115.85229 70.793554 0.70149422 0.11075844 -0.33399858 25 0 470.09327 1.6826596 -0.56499067
44 474.84373 70.795167 0.61682937 -0.076987767 -0.22421899 25 0 438.12501 1.726901 -0.59316862
45 421.56271 71.760348 0.65846453 -0.67024191 -0.39640719 25 0 605.57609 2.3837268 -0.9431412
46 40.341606 73.207783 0.43611884 -0.37528317 -0.076750812 25 0 193.36845 1.1115384 -0.11481115
47 59.169351 73.913473 0.68135193 -0.053980363 -0.22505509 25 0 1948.6352 7.2217709 -2.1466093
48 472.0852 78.5383 0.61275753 0.20584112 0.046628024 25 0 951.84907 3.6760001 -1.4134388
49 354.06656 82.572456 0.56783453 0.087271324 -0.098924555 25 0 3171.3562 12.603687 -2.751244
50 123.07872 85.697107 0.63034152 -0.18746888 0.0067657178 25 0 497.11533 1.8688296 -0.67892424
51 438.60789 87.721292 0.61630433 -0.79746406 -0.07134376 25 0 257.05794 1.1271852 -0.12998824
52 95.404585 89.405853 0.59850549 -0.43590377 -0.060627566 25 0 540.13235 2.1837437 -0.84800417
53 148.08396 89.416908 0.67661689 0.45163557 -0.027975708 25 0 348.56081 1.2182772 -0.21436526
54 494.55248 89.459429 0.5446596 -0.45660965 -0.099120587 25 0 17917.022 69.476673 -4.6045975
55 158.35187 96.133831 0.64251795 0.033590723 -0.27035396 25 0 535.50085 1.9546468 -0.72767072
56 287.0179 96.894431 0.58575868 -0.4558454 -0.32197768 25 0 1344.5993 5.4137907 -1.8337536
57 291.06063 98.655154 0.52614472 -0.30979766 -0.25580861 25 0 1345.169 5.5936375 -1.8692358
58 189.30039 99.603999 0.61057022 -0.29252465 -0.11212264 25 0 1650.3837 6.1794425 -1.9773732
59 119.02054 103.28864 0.59988603 -0.0093311385 -0.15455447 25 0 395.90807 1.6382906 -0.53597732
60 454.97719 103.32099 0.62910234 0.016643961 -0.29850761 25 0 390.14045 1.599363 -0.50986763
61 57.042979 103.73209 0.63303947 -0.12007037 -0.14189838 25 0 4640.9926 17.365213 -3.0992003
62 65.110631 104.93999 0.70330986 -0.77703411 -0.39145816 25 0 300.19699 1.1302857 -0.13297061
63 299.99985 105.76286 0.69147039 -0.13604421 -0.28686316 25 0 351.67129 1.2810512 -0.26891625
64 492.75163 109.41779 0.58144002 0.28477099 0.038402461 25 0 1908.2137 7.3307671 -2.1628735
65 335.65691 115.09795 0.57422283 -0.39709375 -0.17485859 25 0 623.24717 2.6616796 -1.0628894
66 222.47223 116.94424 0.64781165 -0.21858506 -0.35171105 25 0 17342.435 62.707221 -4.4932939
67 239.78781 117.01027 0.64045086 0.17439972 -0.11778699 25 0 1112.3106 3.9632431 -1.4951268
68 249.81005 118.44493 0.59240474 -0.17833292 -0.14534955 25 0 1760.0012 6.5334824 -2.0378618
69 306.47585 118.06447 0.67330208 0.00068205396 -0.43407664 25 0 1227.7613 4.4699067 -1.6257462
70 101.5323 120.42418 0.65204357 0.046924115 -0.31515657 25 0 401.92172 1.4866404 -0.43051482
71 202.06265 120.14207 0.52595777 0.6319719 -0.08747537 25 0 484.17573 2.0773133 -0.79375501
72 451.80122 119.84057 0.58291688 -0.56357347 -0.35734417 25 0 387.09689 1.6473052 -0.54193514
73 495.42991 120.20459 0.63378505 -0.42603775 -0.39607354 25 0 266.63494 1.1278266 -0.13060585
74 155.71132 122.24279 0.70477806 -0.60941236 -0.1657056 25 0 453.64885 1.513775 -0.45015334
75 54.188117 121.80868 0.61632975 -0.27392514 -0.28828056 25 0 601.84885 2.4622576 -0.9783337
76 153.6961 123.44075 0.5235759 0.35015278 -0.020290527 25 0 1728.9368 7.0750303 -2.1243208
77 481.57603 123.93556 0.70063475 -0.55815415 -0.1408969 25 0 490.94369 1.8334053 -0.65814621
78 177.59696 129.0063 0.63133093 -0.11486112 -0.31106102 25 0 1822.7054 6.8125638 -2.0832765
79 9.068593 130.5356 0.65659791 0.24080973 0.04820954 25 0 1232.9199 4.4948611 -1.6317907
80 255.1785 132.35918 0.68366977 0.042098726 -0.20570731 25 0 430.36977 1.4128979 -0.37527692
81 397.54693 140.55334 0.54615992 0.62608857 -0.1468828 25 0 9984.2402 38.916682 -3.9753395
82 385.83895 143.46677 0.51707492 -0.1738179 -0.0049460853 25 0 246.63531 1.1816618 -0.18123299
83 300.49717 146.1296 0.63330369 -0.029686677 -0.39113696 25 0 3055.983 11.299632 -2.6326608
84 16.288101 146.7633 0.64636142 -0.17040998 -0.18798535 25 0 804.61049 3.0513006 -1.2112125
85 96.169166 148.7147 0.53233968 0.21146139 -0.12759025 25 0 248.7604 1.0619352 -0.065245058
86 485.77474 152.57494 0.60335928 0.35604081 -0.019724446 25 0 7707.2043 29.544015 -3.6761738
87 99.048202 160.12567 0.58068636 -0.3230946 -0.29496235 25 0 461.21861 1.9299289 -0.71385329
88 387.49189 162.00537 0.67730023 -0.086912196 -0.33955298 25 0 53875.676 188.16463 -5.686345
89 426.78855 165.592 0.62431277 0.11658823 0.16159174 25 0 474.09509 1.8402596 -0.66219775
90 208.16471 165.97434 0.46798477 0.33898695 -0.11131256 25 0 460.9054 2.0699518 -0.7899006
91 155.13732 169.41727 0.60228399 0.29876291 -0.11033908 25 0 642.0892 2.5128957 -1.0004362
92 35.004502 172.90113 0.62931801 -0.39408211 -0.28362539 25 0 432.04978 1.8379143 -0.66081314
93 227.56465 174.4503 0.61240314 -0.3685407 -0.15788711 25 0 1558.1611 5.4364244 -1.8382834
94 347.87941 174.19404 0.55628839 -0.076756363 -0.065805649 25 0 516.79674 2.1499927 -0.83109247
95 479.78833 173.93772 0.63955582 0.020132769 -0.16096793 25 0 7398.8507 28.254138 -3.6277052
96 165.67277 175.0665 0.60549489 -0.21249404 -0.28989624 25 0 1025.9065 3.9422199 -1.4893521
97 414.85766 176.4403 0.55932799 0.28744061 0.11939894 25 0 311.74583 1.3848004 -0.35346797
98 154.24063 177.70179 0.601562 -0.22384974 -0.17113375 25 0 1607.5534 6.1157324 -1.9661212
99 422.61263 183.12803 0.60644209 -0.17728454 -0.26092242 25 0 2790.0394 10.635223 -2.5668665
100 18.298744 183.59387 0.65110835 -0.36943611 -0.143772 25 0 814.09429 2.9370733 -1.169787
101 116.59269 183.64232 0.62374656 -0.36697991 -0.24181482 25 0 1619.0927 5.6281094 -1.8759063
102 412.57079 185.34654 0.64774213 0.17259084 -0.24753828 25 0 626.38091 2.4405593 -0.96872342
103 484.54604 184.96417 0.68260245 0.068178888 -0.30364459 25 0 841.85757 3.1171789 -1.2344043
104 228.36804 186.54932 0.59593124 -0.4529745 -0.22633523 25 0 959.0523 3.5764588 -1.3836331
105 423.12168 188.0781 0.61168179 -0.19180342 -0.16836394 25 0 954.20191 3.9411749 -1.4890643
106 190.75499 189.29752 0.60246043 0.045561529 -0.26605893 25 0 800.29526 3.2068694 -1.2652032
107 73.103463 190.11662 0.66806471 0.0013146173 -0.18897481 25 0 45531.948 168.05732 -5.5636436
108 122.82684 191.49592 0.54796064 0.11341733 -0.036336274 25 0 400.18579 1.566557 -0.48736552
109 254.28684 195.39953 0.4611595 -0.0050640737 0.0049854688 25 0 258.71903 1.1158117 -0.11897725
110 422.20347 196.13764 0.66538984 -0.17777974 -0.25671293 25 0 380.27422 1.4823252 -0.42735876
111 456.44325 200.09201 0.7401906 0.093441513 -0.17322804 25 0 717.08939 2.5263683 -1.0062417
112 169.7467 202.17624 0.65122542 -0.19919061 -0.19775779 25 0 669.99368 2.404695 -0.95265
113 200.03964 203.22551 0.48633498 0.55460834 0.056609741 25 0 321.5708 1.4276944 -0.38658815
114 68.215024 204.25254 0.68384954 0.018765046 -0.18760972 25 0 640.57572 2.3187617 -0.91314029
115 407.1611 204.382 0.53840988 0.12669778 -0.37130158 25 0 271.32676 1.308458 -0.29189945
116 510.38687 203.82309 0.65871718 -0.36985174 -0.18390019 25 0 1696.546 6.3557645 -2.0079195
117 148.99895 205.98705 0.69773917 -0.49843325 -0.52707563 25 0 307.95705 1.1426908 -0.14482184
118 471.09038 206.13449 0.62387153 -0.18202694 -0.23795174 25 0 677.87986 2.7570257 -1.101102
119 417.05485 208.80762 0.63006883 -0.20534366 -0.35161044 25 0 287.78529 1.2085869 -0.20569472
120 504.31713 209.87555 0.67638485 -0.062003101 -0.20732123 25 0 3534.3483 12.719754 -2.7611968
121 13.72274 213.30082 0.76859164 0.87507581 -0.35298037 25 0 473.84126 1.5185054 -0.45354087
122 16.178403 214.59132 0.67410758 0.62567965 -0.31428277 25 0 402.04059 1.4342107 -0.39153241
123 427.09118 216.04064 0.64625369 -0.11062551 -0.23054778 25 0 1278.4375 4.876176 -1.7201984
124 327.71271 218.08665 0.58848591 -0.20263392 -0.34407859 25 0 1521.5068 5.9547415 -1.9371573
125 257.98231 220.18636 0.5836751 -0.3032576 -0.36558424 25 0 723.69107 2.9022669 -1.1568434
126 152.28994 221.49172 0.53987717 0.46952545 0.033341578 25 0 905.50406 3.5196209 -1.3662397
127 481.02825 224.77183 0.63256644 0.0074547123 -0.13217562 25 0 5133.1376 19.445621 -3.2220545
128 241.48707 226.89412 0.67705196 -0.31797998 -0.36649091 25 0 3007.1828 10.319135 -2.5341082
129 353.50532 229.06832 0.59573866 -0.15938833 -0.35461861 25 0 4298.8044 16.345725 -3.0335105
130 423.73096 229.85459 0.60582423 0.015428972 -0.20983045 25 0 14772.398 57.234267 -4.3941403
131 328.58541 231.37223 0.60606811 0.21295222 -0.24709717 25 0 943.45483 3.5217431 -1.3668942
132 492.92234 231.86748 0.71383939 -0.36585045 -0.21448803 25 0 406.20418 1.5115579 -0.44856198
133 182.05084 237.51642 0.61034708 0.01275034 -0.15505011 25 0 631.22143 2.316886 -0.91226168
134 242.04094 238.51956 0.49814495 -0.015100534 -0.062306809 25 0 668.33966 2.8448981 -1.1351668
135 432.93642 241.4001 0.62889471 0.1180785 -0.031486297 25 0 2028.9952 7.7057489 -2.2170371
136 32.286213 241.65886 0.75568048 -0.097574447 -0.23675927 25 0 481.63455 1.6126962 -0.51888138
137 18.79052 244.32341 0.65384734 -0.021715562 -0.15970361 25 0 290.16693 1.1841714 -0.1835364
138 53.120929 251.96251 0.38911866 -0.3746503 -0.14384441 25 0 210.40575 1.0217095 -0.023318594
139 205.63193 255.14591 0.63991677 -0.26746334 -0.30875675 25 0 5174.6513 18.909543 -3.1917026
140 429.77838 254.78569 0.60662124 0.086079697 -0.17692192 25 0 7738.4102 29.794417 -3.6853372
141 267.77203 257.50367 0.52702486 0.64488161 -0.027519181 25 0 311.17717 1.28873 -0.27540487
142 333.24238 264.00301 0.51470764 -0.33792081 -0.27631574 25 0 355.2667 1.6422002 -0.53856528
143 106.44118 265.44778 0.62150057 0.24561842 -0.33373727 25 0 321.9207 1.198143 -0.1962716
144 27.994059 276.06818 0.54407424 0.43031577 0.22077764 25 0 235.43196 1.0338267 -0.036119331
145 34.767034 275.79685 0.6445233 0.068069121 -0.13202774 25 0 1515.777 5.5993341 -1.870341
146 91.310861 277.4965 0.72488617 0.50697475 -0.14946367 25 0 382.02859 1.2652344 -0.25542748
147 217.13372 284.34383 0.5365333 -0.003170504 -0.15676337 25 0 309.18189 1.317167 -0.29910211
148 486.12597 284.37393 0.51921736 -0.21276744 -0.017309814 25 0 210.25591 1.0342054 -0.036516991
149 48.974324 285.05084 0.66012675 0.15806802 -0.21052994 25 0 819.21024 2.9297988 -1.1670945
150 349.37625 287.57854 0.52067315 0.33844149 -0.090010135 25 0 4384.9566 17.508089 -3.1080969
151 162.20712 288.7352 0.59427393 -0.19695209 -0.21797742 25 0 960.27796 3.7791175 -1.443476
152 40.560471 289.97958 0.65048994 0.098499905 -0.20418285 25 0 1344.4387 4.9342303 -1.7330485
153 68.910692 289.81169 0.63904065 -0.053595313 -0.26456225 25 0 1262.0727 4.8320984 -1.7103394
154 323.68089 292.3526 0.55233818 -0.078991246 -0.20471243 25 0 360.5791 1.5071299 -0.44537668
155 455.04513 292.31784 0.56445797 -0.092628031 0.049113456 25 0 658.72845 2.7410873 -1.0948072
156 137.97417 299.55154 0.4975244 0.46327702 0.16871731 25 0 419.44429 1.7185815 -0.58792534
157 71.428669 299.61082 0.62076151 -0.42002693 0.37318163 25 0 339.12318 1.185613 -0.1848574
158 52.380405 305.56617 0.54976685 0.44900636 -0.083144145 25 0 1091.0562 4.3686569 -1.6008698
159 400.11604 305.71028 0.72610035 -0.16474234 -0.028082892 25 0 463.08315 1.517638 -0.4529205
160 103.46907 307.69319 0.59869751 -0.98130842 -0.5129407 25 0 280.52567 1.1630304 -0.16397771
161 195.89727 311.18024 0.58974882 -0.12821016 -0.20847724 25 0 832.52296 3.2128247 -1.2672176
162 427.78392 311.36658 0.61770111 -0.36047452 -0.1734995 25 0 986.19865 3.4886133 -1.3566321
163 115.14749 315.89184 0.65063292 -0.10204762 -0.25403216 25 0 3722.7879 13.717228 -2.8431659
164 37.110709 319.79645 0.81093754 -0.49321898 -0.25516847 25 0 445.15619 1.3384119 -0.31647449
165 164.39267 325.38427 0.49011005 -0.62759576 -0.26876267 25 0 284.43996 1.1432051 -0.14531039
166 307.25197 327.71647 0.73996819 -0.31390571 -0.11011009 25 0 665.89786 2.1701594 -0.84122907
167 240.16548 330.75739 0.53530742 0.39919732 0.20216615 25 0 309.93865 1.2355006 -0.22960743
168 264.56312 334.9891 0.62827463 -0.24980128 -0.31368667 25 0 565.82714 2.1140629 -0.81279474
169 7.8811695 335.55744 0.6262359 0.20974585 -0.048429785 25 0 12273.579 45.937076 -4.1554084
170 241.04566 336.62149 0.5346672 0.27871296 0.044155046 25 0 738.29329 2.832323 -1.1303569
171 357.54556 335.38003 0.46351266 0.22259481 -0.0091734749 25 0 410.50199 1.7505913 -0.60796192
172 54.202067 336.86762 0.66286391 -0.27705504 -0.24315409 25 0 1133.1986 4.1575788 -1.5471012
173 466.00795 343.11795 0.62494136 0.20172936 0.11208823 25 0 1034.9755 3.5274804 -1.3686615
174 237.11825 346.10072 0.6577109 -0.17727238 -0.30106674 25 0 371.67703 1.2248412 -0.22019946
175 337.82342 349.00728 0.56044504 -0.38490965 -0.24493365 25 0 740.83556 2.9996425 -1.1926737
176 217.18901 352.49657 0.53884632 -0.15496515 -0.10107579 25 0 4437.6909 17.348605 -3.0981614
177 359.08735 354.15871 0.56925987 -0.2218539 -0.26620275 25 0 1030.2245 4.1377667 -1.541915
178 470.88102 354.90974 0.64881989 -0.096255428 0.02967414 25 0 395.26853 1.3495168 -0.32544575
179 275.91373 356.4862 0.54119957 0.10041531 -0.07032471 25 0 21831.317 86.067347 -4.837096
180 0.11608824 358.49797 0.95517866 0.055607104 0.70099676 25 0 1015.4592 2.8941772 -1.1538128
181 420.86377 359.03682 0.68280314 -0.27846488 -0.45414826 25 0 264.06604 1.0038915 -0.0042169801
182 0.24052344 361.90716 0.62205064 -0.58571349 -0.26722089 25 0 527.46738 1.9410337 -0.7200827
183 391.77885 363.80691 0.58005922 -0.11100974 -0.23738771 25 0 1998.9953 7.9350936 -2.2488801
184 457.10668 364.31267 0.59637943 0.0041776168 -0.22888665 25 0 371.41507 1.3833989 -0.3523686
185 203.50578 365.64923 0.46518012 0.66412255 -0.11283558 25 0 1139.2439 4.6140369 -1.6602027
186 255.34848 366.79368 0.64123715 -0.25106853 -0.28091614 25 0 2789.529 10.03363 -2.5036452
187 72.968251 368.12085 0.67093238 -0.0027626655 -0.22855606 25 0 5765.236 21.011427 -3.3061388
188 405.00183 368.04861 0.64377392 -0.36401392 -0.29341799 25 0 1210.2187 4.4596959 -1.6232631
189 116.25771 369.06394 0.68194372 -0.050845772 -0.20007158 25 0 567.4727 1.9368498 -0.71773985
190 476.78203 370.27798 0.64292213 -0.23582973 -0.11355973 25 0 9945.3654 37.107472 -3.9236534
191 0.45886224 371.13375 0.91630651 0.0010603467 -0.041156677 25 0 604.35171 1.8009432 -0.63875002
192 453.33821 378.17321 0.74231694 0.0055843721 -0.37748723 25 0 327.471 1.0585598 -0.061788443
193 423.41546 379.54044 0.69840762 -0.3715343 -0.39240388 25 0 294.55867 1.0392065 -0.041754625
194 343.2896 381.26726 0.58759978 0.011801186 -0.22044998 25 0 3409.4678 13.250104 -2.8055482
195 52.156322 382.28171 0.65171342 0.068082768 -0.19617152 25 0 3852.184 14.090567 -2.8723212
196 97.864466 383.99676 0.74251765 0.015939705 -0.19265214 25 0 689.46926 2.1689585 -0.84062812
197 204.64436 385.36992 0.5034303 -0.069974017 -0.19229761 25 0 520.80819 1.9809383 -0.74217736
198 77.715807 387.05262 0.58664639 0.21108877 -0.07430007 25 0 466.57704 1.8570628 -0.67206646
199 461.64843 386.66051 0.59324651 -0.56765774 0.13561703 25 0 633.26752 2.3503628 -0.92783724
200 121.89918 388.27956 0.62530877 -0.13901206 -0.15188264 25 0 1593.9445 5.9349941 -1.9335507
201 493.78286 388.40459 0.5801778 0.40489898 0.23915645 25 0 315.03669 1.2893313 -0.27591136
202 462.13499 390.26647 0.60749376 -0.14554711 -0.095714644 25 0 2153.6542 8.240129 -2.289835
203 432.67458 390.5537 0.59047633 0.28923985 -0.046251667 25 0 2418.4413 9.1980031 -2.4092339
204 37.514565 393.3467 0.69481167 -0.21192529 -0.19458958 25 0 645.97589 2.2297602 -0.87064541
205 223.90408 398.29651 0.58994225 -0.15605426 -0.22902673 25 0 7439.6273 28.37048 -3.6321667
206 354.39697 400.3695 0.59542668 0.20084331 -0.056796982 25 0 725.0909 2.674844 -1.0682462
207 252.98047 405.82647 0.62641912 0.54874515 -0.13971942 25 0 732.42514 2.6108349 -1.0419485
208 389.86627 405.52564 0.57519773 0.45823976 0.016367877 25 0 604.50321 2.3384784 -0.92233339
209 250.26457 409.51615 0.53012014 0.33830946 -0.12526793 25 0 1605.1244 6.3344545 -2.0042731
210 268.74099 409.03765 0.76498561 0.33458742 0.072341764 25 0 359.93003 1.150134 -0.15187107
211 472.05666 410.04673 0.63449724 0.36245928 -0.17745734 25 0 560.73469 2.0264747 -0.76685298
212 18.646663 413.53075 0.52112853 0.50079811 0.028665855 25 0 282.25836 1.0941149 -0.097657379
213 82.437923 414.81044 0.6792179 -0.239146 -0.31397169 25 0 1019.9311 3.3536368 -1.3137901
214 106.40715 416.15298 0.67260892 -0.028811099 -0.29757228 25 0 2489.8621 8.7934105 -2.3603934
215 282.22951 426.5383 0.49606706 -0.18802374 -0.23813237 25 0 389.83265 1.4713492 -0.41928936
216 163.30189 428.04098 0.60310104 -0.23217202 -0.6691576 25 0 411.87886 1.6020314 -0.51167754
217 191.97657 433.28969 0.65060255 0.072353458 -0.058712944 25 0 442.26473 1.5136846 -0.45008845
218 157.26001 434.3447 0.59665479 0.11403007 -0.24756786 25 0 2140.6702 7.9554771 -2.2516656
219 130.65851 435.19294 0.7182373 -0.16853299 -0.25138159 25 0 1219.6132 3.9801001 -1.499735
220 379.51614 435.1391 0.63083188 0.11987843 -0.25282252 25 0 376.16017 1.3114441 -0.29437442
221 172.03854 435.69857 0.65439461 0.51372734 -0.26286271 25 0 317.0462 1.1076506 -0.11100697
222 159.55914 436.95322 0.58317666 0.30651396 -0.54633325 25 0 394.76 1.3476329 -0.323929
223 230.48754 437.61909 0.6395363 -0.50158 -0.2370828 25 0 1055.9268 3.5581248 -1.3780529
224 489.42398 437.62041 0.37363156 -0.33741884 -0.28802208 25 0 61016.528 238.85783 -5.9453487
225 342.99283 439.51094 0.56362788 -0.054953067 -0.08741291 25 0 3026.9559 11.855807 -2.6848278
226 243.45987 442.14911 0.59017216 -0.16992432 -0.17736691 25 0 1134.6069 4.1282439 -1.5394134
227 12.734696 442.41753 0.62166529 0.54595898 0.057384525 25 0 356.51485 1.256629 -0.24801766
228 89.541009 443.96196 0.68680178 -0.063917388 -0.32873916 25 0 16098.463 57.438471 -4.3980072
229 474.64012 445.02323 0.56262257 -0.13631375 -0.29670998 25 0 413.31342 1.5308641 -0.46234157
230 461.13644 450.95052 0.70592769 -0.11411489 -0.18956809 25 0 390.77157 1.3097331 -0.29295698
231 475.5473 454.25069 0.693253 -0.4593102 -0.2142699 25 0 2428.7235 8.3284513 -2.3014106
232 494.84454 455.26382 0.58368021 -0.86746792 -0.33210477 25 0 289.7759 1.0104291 -0.011264622
233 377.63036 456.66223 0.5381994 0.34484863 -0.34343873 25 0 329.85569 1.296989 -0.28234076
234 309.50061 457.8115 0.60809708 -0.17595917 -0.30629591 25 0 678.25063 2.4662748 -0.98010368
235 433.5871 459.11464 0.76402467 -0.32727351 -0.30304726 25 0 484.40511 1.3701864 -0.3419491
236 360.47955 462.73614 0.60904016 0.082567206 -0.35614321 25 0 1387.1496 5.0624413 -1.7609
237 54.66723 463.41851 0.61182732 0.52198265 -0.016160973 25 0 5269.7345 19.456905 -3.2226844
238 147.63992 464.81153 0.64684842 -0.09679657 -0.33970831 25 0 1302.4385 4.6707476 -1.673466
239 324.57442 465.31618 0.57625738 -0.1917426 -0.62365199 25 0 321.0907 1.0953053 -0.098837954
240 426.17741 466.49998 0.43167282 0.006461703 -0.2031413 25 0 61351.616 266.89135 -6.0658362
241 289.71832 466.96009 0.70620879 -0.33785748 -0.64569435 25 0 391.77196 1.2242679 -0.21969118
242 43.74997 468.84944 0.9146353 0.044043556 -0.074950786 25 0 418.22207 1.0654187 -0.068800773
243 403.25052 468.67096 0.51284272 -0.15739357 -0.4375517 25 0 329.39445 1.2902318 -0.27666936
244 209.41619 472.84728 0.69718248 -0.29168072 -0.32017609 25 0 5622.9591 19.575066 -3.2292581
245 427.1801 474.21674 0.61088875 -0.53194914 -0.3772129 25 0 538.51679 1.7326793 -0.59679546
246 340.99441 474.581 0.64751545 -0.47382537 -0.18379364 25 0 603.57227 2.1133235 -0.81241497
247 243.67327 476.06357 0.75436638 0.074010365 -0.055740407 25 0 399.93664 1.2494637 -0.2418091
248 259.3473 476.159 0.65142165 -0.019959464 -0.27439166 25 0 3356.7122 12.184973 -2.7145615
249 112.4685 476.65551 0.58229551 0.14864436 -0.38439276 25 0 493.39872 1.7749604 -0.62297169
250 336.74341 481.41208 0.6310465 -0.11754477 -0.22720743 25 0 487.05764 1.6245675 -0.5268444
251 137.29705 482.00836 0.63383544 0.01731483 -0.29461273 25 0 1004.0931 3.6219543 -1.3973574
252 214.92323 486.91914 0.57470089 0.31624096 0.18080455 25 0 301.02912 1.0385336 -0.041051328
253 62.414828 487.42846 0.58785082 0.31796996 -0.22239268 25 0 1066.7007 4.0823857 -1.5272851
254 238.33024 497.1917 0.65071775 0.016136484 -0.37432732 25 0 542.98326 1.9306639 -0.71426671
255 495.68719 499.48704 0.78324959 -0.567611 -0.24160642 25 0 386.41592 1.1268766 -0.12969094
256 148.68983 501.18114 0.66831517 -0.28691349 -0.22318091 25 0 456.29208 1.4906068 -0.43340774
257 65.571803 502.29419 0.54997856 -0.40975312 -0.19975811 25 0 319.45716 1.1424947 -0.14463551
258 114.49154 504.15376 0.73544168 -0.31727037 -0.26291092 25 0 763.70936 2.4070853 -0.9537287
259 159.63728 504.2445 0.68373608 -0.14405545 -0.2692722 25 0 598.42409 1.9770517 -0.74004506
260 278.44204 506.67139 0.67766894 -0.63041391 -0.7276604 25 0 365.45757 1.2287829 -0.22368786
261 115.34945 507.81526 0.71861345 -0.28383034 -0.29815901 25 0 878.18331 2.793734 -1.1154626
262 161.63434 510.8873 0.94511293 -0.11381467 -0.61936489 25 0 757.71295 2.1500748 -0.83113391
