id xcentroid ycentroid sharpness roundness1 roundness2 npix sky peak flux mag
1 301.71381 3.132994 0.617138 -0.090839249 -0.1730877 25 0 681 2.07901 -0.79464143
2 310.79874 5.7077786 0.39121928 0.24599687 0.052910771 25 0 253 1.161943 -0.16296211
3 433.3377 6.5051514 0.46927101 0.10119514 -0.13073671 25 0 321 1.4510137 -0.40417881
4 113.63235 10.577018 0.54759524 -0.72376558 -0.19323648 25 0 374 1.2553352 -0.2468993
5 339.37877 11.910601 0.58362605 0.12756607 -0.15704986 25 0 760 2.6048842 -1.0394711
6 28.830262 12.44723 0.59754967 0.39866415 0.072800609 25 0 12957 39.902424 -4.0024982
7 412.68532 15.02913 0.5902127 -0.21676707 -0.1600367 25 0 654 2.4138937 -0.95679536
8 471.88543 15.008524 0.67451288 0.17910666 -0.13818045 25 0 30174 88.466296 -4.8669446
9 217.44755 30.056992 0.6084007 0.088197011 -0.60227691 25 0 343 1.0623563 -0.065675508
10 358.62309 33.253413 0.64779013 0.25096556 -0.31236447 25 0 533 1.6486962 -0.54285157
11 131.05807 35.956919 0.66750437 -0.19895306 -0.17240383 25 0 445 1.3023574 -0.28682543
12 117.898 40.160617 0.59531163 0.067158415 -0.11322412 25 0 576 1.7824161 -0.62752274
13 190.93189 41.25087 0.65058627 0.11635552 -0.15453475 25 0 1320 3.9400579 -1.4887565
14 210.47774 42.110335 0.62120944 0.087841463 -0.28019387 25 0 2353 7.0065167 -2.1137554
15 351.23988 43.357481 0.61501061 0.40332518 -0.16797497 25 0 441 1.3051538 -0.28915426
16 70.809984 44.410031 0.67125644 -0.065866228 -0.042130023 25 0 525 1.598553 -0.50931758
17 329.03054 44.290742 0.29318797 0.33506657 -0.076707601 25 0 58954 232.57099 -5.9163889
18 254.30232 44.700657 0.5051346 -0.63296458 0.085669474 25 0 309 1.0065358 -0.007073051
19 115.65404 46.453084 0.60641367 -0.12738669 -0.07953322 25 0 4670 13.676863 -2.8399663
20 158.62686 46.824034 0.66591453 0.064679339 -0.44915936 25 0 361 1.04708 -0.049949625
21 404.51297 47.740027 0.62969912 0.49682748 -0.19769881 25 0 977 3.0516479 -1.2113361
22 237.8958 51.923569 0.67667874 -0.10005461 -0.39785758 25 0 400 1.1843522 -0.18370222
23 251.14461 53.370663 0.57456058 0.27515529 0.033099528 25 0 427 1.415277 -0.3771036
24 475.11196 53.853478 0.64185328 0.18656426 -0.12587892 25 0 843 2.8054597 -1.1200101
25 298.53471 54.732398 0.59675009 0.39819978 -0.15811964 25 0 1483 4.4180811 -1.6130842
26 447.53753 61.450255 0.56794515 -0.091890913 -0.1051174 25 0 1234 3.9495232 -1.4913617
27 506.21532 63.646907 0.62798606 0.1080847 0.0090509867 25 0 3158 9.7666149 -2.4743602
28 1.8503811 65.311879 0.62374728 -0.24670714 0.061273565 25 0 433 1.5032557 -0.44258213
29 35.836741 67.53662 0.63200477 -0.013489254 0.10011253 25 0 543 1.6610252 -0.55094053
30 58.782697 67.039919 0.6157826 -0.12705122 -0.31965062 25 0 440 1.5114678 -0.44849725
31 437.19309 68.240284 0.70631082 0.3263183 -0.11117264 25 0 1726 5.030624 -1.7540546
32 2.0574642 69.33674 0.65143051 0.24154717 0.17077315 25 0 512 1.7472588 -0.60589312
33 116.75404 69.171415 0.62782235 -0.26817194 -0.26647082 25 0 499 1.5712778 -0.49063241
34 475.92087 68.987396 0.72009466 -0.096170326 -0.32268602 25 0 499 1.73141 -0.59599979
35 422.64634 69.884244 0.60005317 0.025256685 -0.28875381 25 0 497 1.6694895 -0.55645924
36 60.059303 72.365989 0.63142455 0.044459834 -0.051827215 25 0 1640 4.9846673 -1.7440904
37 473.09053 76.876907 0.62891143 0.50984358 -0.03861654 25 0 892 2.9048459 -1.1578077
38 354.94641 80.886613 0.56434184 0.12371126 -0.15257332 25 0 3293 10.540138 -2.5571157
39 124.07627 84.064532 0.55317009 0.048788887 -0.15928451 25 0 500 1.570404 -0.49002845
40 96.386595 87.703237 0.59884698 -0.36648713 -0.22654235 25 0 514 1.4768695 -0.4233553
41 148.95098 88.006536 0.60658682 0.52828686 -0.23652811 25 0 425 1.1139036 -0.117119
42 495.42847 87.83302 0.63151141 0.32135733 -0.2100791 25 0 20887 61.705728 -4.4758137
43 159.28619 94.551973 0.52869253 -0.017951453 0.011553839 25 0 488 1.382671 -0.3517971
44 287.95223 95.283005 0.57517108 -0.17942127 -0.15755702 25 0 1327 4.0981249 -1.531463
45 291.93137 97.007122 0.58754151 -0.13761074 -0.2150062 25 0 1563 4.7466492 -1.6909678
46 190.21105 97.992669 0.56041325 0.12613288 -0.19533072 25 0 1734 5.4969898 -1.8503123
47 57.931006 102.10082 0.64483029 0.025318558 -0.18474022 25 0 4634 13.787357 -2.8487025
48 120.01493 101.69296 0.6223948 0.075939345 -0.10068115 25 0 492 1.4566865 -0.40841525
49 456.20977 101.72239 0.67661317 0.38770203 0.014206023 25 0 414 1.4025279 -0.36727877
50 300.9775 104.01209 0.68026819 0.0031192386 -0.28674915 25 0 444 1.208603 -0.20570921
51 493.73793 107.76579 0.60067121 0.2660956 -0.05112944 25 0 1992 6.4083607 -2.0168674
52 336.65659 113.42719 0.51136164 0.081890113 -0.0064241651 25 0 468 1.439778 -0.39573886
53 223.29433 115.30492 0.5914784 0.34599776 -0.14880023 25 0 16561 50.507821 -4.2583966
54 240.62669 115.34023 0.59851481 0.3385866 0.054275814 25 0 997 2.7312738 -1.0909131
55 307.43789 116.56718 0.56212432 0.79509659 -0.0055095049 25 0 1029 3.0177021 -1.1991909
56 250.8164 116.72318 0.54279031 0.27589007 -0.12836803 25 0 1730 5.4198561 -1.8349694
57 202.87532 118.51297 0.60443973 -0.2147517 -0.01184797 25 0 557 1.4597371 -0.41068658
58 452.66941 118.14666 0.45378178 0.26233691 -0.17642172 25 0 290 1.1426104 -0.14474545
59 102.30875 118.75156 0.63435569 -0.40274803 -0.22409943 25 0 538 1.4589546 -0.41010441
60 157.55472 119.68995 0.58008982 0.34622007 -0.12311577 25 0 405 1.0614562 -0.064755204
61 55.138659 120.1476 0.60649422 0.10805472 0.045420711 25 0 628 1.9275133 -0.71249345
62 154.62385 121.94714 0.59579659 0.10209041 -0.22431465 25 0 2030 6.0541563 -1.9551341
63 482.6489 122.28843 0.5937506 -0.34235637 -0.31164723 25 0 311 1.1845774 -0.18390858
64 178.57718 127.36669 0.57922662 -0.23315161 -0.10700765 25 0 1646 4.7496598 -1.6916563
65 10.01369 128.82375 0.65914922 0.013060036 -0.10939984 25 0 1349 3.948966 -1.4912085
66 256.12542 130.57405 0.40143572 -0.17250464 -0.22586241 25 0 420 1.4915567 -0.4340994
67 398.41917 138.8604 0.60187342 0.19912736 -0.272206 25 0 11159 32.770326 -3.7887019
68 301.40511 144.43835 0.55723023 0.55121026 -0.13208969 25 0 2684 8.1513568 -2.2780748
69 17.152296 145.16164 0.70640212 0.21784549 -0.12874598 25 0 903 2.615266 -1.0437897
70 0.5543662 149.17954 0.65602349 -0.051346536 -0.090267627 25 0 646 2.0065729 -0.75613735
71 486.79462 150.86914 0.61180887 0.1986339 -0.082072968 25 0 8055 24.999633 -3.4948341
72 100.05148 158.66084 0.5844329 0.21658112 -0.12016985 25 0 454 1.1952154 -0.19361548
73 388.48092 160.35738 0.58007685 0.44123343 -0.17389825 25 0 45907 139.3234 -5.3600601
74 208.96207 164.2805 0.56397379 -0.25254151 -0.28649125 25 0 559 1.5065042 -0.4449259
75 427.75286 163.8545 0.54731544 0.099474035 -0.018263679 25 0 483 1.7200758 -0.58886896
76 156.05367 167.73426 0.56776917 -0.11172199 -0.31624713 25 0 829 2.3948845 -0.94821142
77 35.922584 171.30493 0.78866985 0.055360853 -0.18838342 25 0 446 1.1184826 -0.12157305
78 480.77624 172.20342 0.6395553 0.081708838 -0.066875581 25 0 6749 20.18459 -3.2625499
79 166.66796 173.52243 0.52771416 -0.22823037 0.096599177 25 0 849 2.5341688 -1.0095888
80 228.5059 172.69321 0.61117531 0.38976151 -0.18753594 25 0 1810 5.1151836 -1.7721531
81 348.87744 172.55219 0.5004478 0.054405307 -0.0050323957 25 0 448 1.5524204 -0.47752336
82 415.94949 174.69062 0.49232952 -0.033639878 0.032688523 25 0 318 1.1765969 -0.17656925
83 155.12562 176.06486 0.61385774 0.075173393 -0.21930189 25 0 1727 5.003723 -1.7482331
84 423.68898 181.47991 0.60214789 -0.099797323 -0.015332462 25 0 2537 7.4642929 -2.1824717
85 19.309073 181.87167 0.65923329 0.099351183 -0.1595726 25 0 880 2.5426572 -1.0132195
86 117.53368 182.0337 0.62445398 0.32586147 -0.2197553 25 0 1787 5.0074189 -1.7490348
87 485.52721 183.25424 0.52332455 0.48477634 -0.2370094 25 0 571 2.1845862 -0.84842297
88 413.52484 183.74244 0.54467951 0.48567354 -0.11919657 25 0 531 1.8238237 -0.65245711
89 229.30231 184.97594 0.64679521 -0.11169839 -0.31615234 25 0 1259 3.4706336 -1.3510219
90 424.13002 186.50811 0.6559557 0.022483551 0.11270515 25 0 874 2.5157439 -1.0016661
91 191.74214 187.6186 0.53532315 0.098069852 -0.030611022 25 0 672 1.9218635 -0.70930635
92 74.15097 188.44956 0.54714426 0.11901439 0.04807011 25 0 34623 108.75567 -5.0911298
93 123.76924 190.00318 0.67195568 0.37312467 -0.21867789 25 0 513 1.2853089 -0.27251881
94 457.65391 198.30192 0.63518524 0.53791525 -0.27709614 25 0 501 1.5817694 -0.49785792
95 170.64788 200.36514 0.5766505 0.45451741 0.037506981 25 0 611 1.7096223 -0.58225044
96 510.89023 202.0345 0.91171735 0.10747323 0.26331326 25 0 1571 3.9514928 -1.491903
97 69.263277 202.60756 0.53248703 0.13502366 0.0084690423 25 0 568 1.7734857 -0.62206922
98 472.00024 204.47996 0.57080324 0.29644897 0.10375084 25 0 574 2.0719017 -0.79092289
99 505.41792 208.13363 0.69708572 0.038299638 -0.40477177 25 0 3030 7.7738738 -2.2265937
100 17.097886 213.05169 0.59106091 0.82112123 -0.31714758 25 0 435 1.1782668 -0.17810909
101 428.23342 214.27039 0.5728739 0.20466347 -0.1125035 25 0 1013 3.298012 -1.2956306
102 328.82546 216.40688 0.54766406 0.074901684 -0.11944811 25 0 1349 4.0571316 -1.5205477
103 258.93837 218.47582 0.69732382 0.12029433 -0.030024969 25 0 795 1.9538499 -0.727228
104 153.23284 219.70926 0.57413215 0.094839151 -0.16904951 25 0 1022 2.991091 -1.1895741
105 482.02461 223.07263 0.61924382 0.11538739 -0.11227546 25 0 4938 15.282673 -2.9604983
106 242.43667 225.0884 0.60345725 0.11938112 -0.24181809 25 0 2943 8.6615473 -2.3439887
107 354.53289 227.36207 0.6191123 -0.29695613 -0.15737903 25 0 4116 11.737282 -2.6739188
108 424.761 228.12127 0.62251142 0.01635354 -0.1257665 25 0 14588 43.780951 -4.103213
109 329.51842 229.4645 0.53004615 0.55247373 -0.024673567 25 0 880 2.6179144 -1.0448886
110 494.08439 230.12544 0.56518426 0.22038773 0.029780632 25 0 296 1.3289954 -0.30880871
111 182.87948 235.80971 0.5955394 0.21061075 -0.21350862 25 0 766 2.1530024 -0.83261127
112 242.95823 236.80491 0.52826937 0.13187626 -0.13847555 25 0 855 2.6981301 -1.0776572
113 33.41338 240.06581 0.49515324 0.25784814 -0.47941741 25 0 379 1.2215247 -0.21725559
114 434.01582 239.64542 0.60007569 0.20741716 -0.016674959 25 0 1852 5.7329796 -1.895951
115 206.51557 253.49251 0.57791102 -0.30637487 -0.12212764 25 0 4285 12.32022 -2.7265461
116 430.86569 253.0598 0.60715216 0.081181433 -0.12022049 25 0 7787 24.02742 -3.4517679
117 268.65175 256.09566 0.55832019 0.22194813 -0.083102329 25 0 451 1.2695091 -0.25908951
118 334.32645 262.26139 0.53701663 -0.01220516 -0.45519415 25 0 381 1.1411301 -0.14333794
119 35.914475 274.14698 0.66729741 0.012623881 -0.17703541 25 0 1692 4.8787594 -1.7207735
120 50.141246 283.36053 0.61492767 0.34842786 0.010190189 25 0 791 2.2705242 -0.89031532
121 350.52974 285.82195 0.58921427 -0.18877882 -0.25532908 25 0 5074 15.207904 -2.9551734
122 163.06546 286.9895 0.55657481 0.052112801 -0.25938254 25 0 963 2.8896403 -1.1521095
123 41.678802 288.32037 0.626825 0.11493329 -0.043470051 25 0 1339 3.8934869 -1.4758468
124 69.907833 288.13504 0.65443869 0.17074767 -0.1749776 25 0 1323 3.7775597 -1.4430283
125 324.97201 290.43128 0.51463167 -0.17862602 0.02538704 25 0 399 1.2127568 -0.20943431
126 456.12956 290.76772 0.65375594 0.01979854 -0.051815878 25 0 730 2.3418017 -0.92387528
127 138.90921 297.72432 0.63660033 0.0077533697 -0.16623593 25 0 600 1.6019567 -0.51162696
128 53.516098 303.7042 0.59907356 -0.26769745 -0.24168786 25 0 1276 3.8188176 -1.4548223
129 401.15366 303.96694 0.66947734 -0.63688067 -0.37422839 25 0 438 1.3855464 -0.35405266
130 196.8974 309.45869 0.52126808 -0.096283428 -0.020194936 25 0 745 2.2297916 -0.87066069
131 428.82738 309.57389 0.54856307 0.24657043 -0.024510297 25 0 913 2.9635534 -1.1795319
132 116.09469 314.17516 0.61654301 0.083111777 -0.16593485 25 0 3600 10.720871 -2.5755752
133 38.191391 318.00321 0.79217077 -0.086483771 -0.37407059 25 0 481 1.1815319 -0.18111361
134 165.57964 323.6805 0.61376266 -0.043223571 -0.15569433 25 0 414 1.0107338 -0.011591955
135 308.39242 326.03107 0.57290557 0.18763357 -0.23285526 25 0 576 1.7826205 -0.62764726
136 0.11719504 333.38406 0.93985158 0.33980991 0.5338273 25 0 1266 2.9664419 -1.1805896
137 265.82652 333.35266 0.65693352 0.36088869 -0.0036976964 25 0 550 1.4381627 -0.39452006
138 8.8957495 334.05118 0.6919454 0.086910345 -0.13892618 25 0 14361 41.303739 -4.0399734
139 358.62871 333.68568 0.43591924 0.54288753 -0.11202048 25 0 348 1.2048155 -0.20230141
140 55.230811 335.16725 0.62008098 -0.15876615 -0.16444547 25 0 1069 3.1926041 -1.2603627
141 241.99793 334.75041 0.59273079 0.17700439 -0.15958322 25 0 907 2.6440734 -1.0556838
142 467.04813 341.43463 0.70486421 0.54767436 0.31360534 25 0 976 2.6816276 -1.0709962
143 238.1356 344.4615 0.49100199 0.089439538 -0.14075455 25 0 393 1.2344132 -0.22865143
144 338.85039 347.23412 0.59009295 0.10387328 -0.073720709 25 0 734 2.3128076 -0.91034875
145 218.11731 350.83967 0.57480314 0.065187538 -0.16888934 25 0 5161 16.057344 -3.0141843
146 360.09508 352.46329 0.58436753 0.41969619 -0.0017390697 25 0 989 3.0706809 -1.2180867
147 0.48383557 353.03327 0.83111933 -0.69980989 0.090260939 25 0 1036 2.556181 -1.018979
148 471.93388 353.19929 0.69413977 -0.30886421 0.015712364 25 0 324 1.1394637 -0.14175126
149 276.9876 354.91596 0.56925961 0.087209931 -0.19937787 25 0 24694 77.931483 -4.7292823
150 0.5245727 356.90294 0.6923596 0.014670028 -0.0030714798 25 0 1428 3.9239127 -1.4842983
151 1.2221931 360.21697 0.44683098 -0.17318367 0.17128947 25 0 446 1.2752974 -0.26402868
152 392.87577 362.07029 0.59061374 -0.079417928 -0.19254514 25 0 1886 5.9454732 -1.9354661
153 204.45759 363.85568 0.59430919 -0.088117806 -0.25588843 25 0 1521 4.3935571 -1.6070407
154 256.57813 365.09069 0.63528707 0.0093538256 -0.33943758 25 0 2748 7.9032906 -2.2445199
155 406.09028 366.38568 0.63937622 0.024488439 -0.049384504 25 0 1010 3.0247999 -1.2017416
156 74.013179 366.44009 0.5547443 0.29865061 0.023333769 25 0 4371 13.551397 -2.8299602
157 117.27735 367.39808 0.62606233 0.016582135 -0.13039826 25 0 489 1.2841228 -0.2715164
158 1.1260851 369.4052 0.7030824 0.41262023 0.21295355 25 0 613 1.6197909 -0.52364736
159 477.84107 368.43649 0.56206468 0.33999552 0.088876297 25 0 7664 24.168042 -3.4581037
160 344.39137 379.47365 0.55198405 -0.28003141 -0.063770519 25 0 2748 8.3715892 -2.3070198
161 53.239862 380.61458 0.58363383 0.017764301 -0.092812869 25 0 3433 10.562316 -2.5593979
162 98.873409 382.28741 0.67449379 0.026931337 -0.078271048 25 0 610 1.5828017 -0.4985663
163 205.75221 383.94659 0.66335874 0.34598298 -0.21421073 25 0 680 1.8305246 -0.65643893
164 247.5254 384.83466 0.59901383 -0.10072118 -0.23218756 25 0 367 1.0748055 -0.078324745
165 462.42802 385.04 0.64937951 -0.85551689 -0.040046495 25 0 573 1.7756916 -0.62341885
166 78.720699 385.38015 0.50291889 0.90942611 0.038332179 25 0 344 1.0547262 -0.057849332
167 122.94034 386.60327 0.54262999 0.22148592 -0.078041595 25 0 1279 3.9804473 -1.4998297
168 433.74637 388.92795 0.652059 -0.020723366 -0.15020376 25 0 2625 7.862318 -2.2388765
169 463.16914 388.41189 0.55233897 -0.12020632 0.053195073 25 0 1642 5.2711409 -1.8047616
170 38.466417 391.58187 0.62154734 0.78636811 0.031814968 25 0 517 1.426977 -0.38604246
171 224.97997 396.60103 0.53311738 0.1590953 -0.088226616 25 0 6740 21.525951 -3.3324059
172 355.47167 398.72626 0.59448172 0.2859816 -0.30417457 25 0 628 1.9245098 -0.71080032
173 254.0694 404.29337 0.6173531 0.99385174 0.070086036 25 0 696 2.065046 -0.7873243
174 390.97745 403.8589 0.57445406 -0.054593615 -0.19629025 25 0 535 1.823419 -0.65221622
175 251.51004 407.79121 0.58722629 -0.10111193 -0.28573105 25 0 1749 5.2724048 -1.8050219
176 472.98215 408.20778 0.65430167 0.17765098 0.0011373573 25 0 422 1.4596426 -0.41061635
177 83.512834 413.04848 0.6659798 0.33002115 -0.22826605 25 0 939 2.5899079 -1.0332108
178 107.46008 414.60424 0.56636918 0.76968759 -0.046512671 25 0 1864 5.630493 -1.8763661
179 283.3982 424.79804 0.60138398 -0.080243003 -0.24104219 25 0 356 1.0451296 -0.047925378
180 158.23479 432.60047 0.58139665 -0.043445712 -0.15450186 25 0 1990 5.8926558 -1.9257777
181 131.74847 433.36127 0.53303369 0.58434096 -0.00016677967 25 0 875 2.7078273 -1.0815524
182 231.5228 436.04431 0.67463409 -0.082861291 -0.24795843 25 0 1177 3.3308345 -1.3063826
183 490.55482 435.95058 0.29964801 -0.016595826 -0.20026825 25 0 58459 191.96109 -5.708033
184 344.08817 437.91259 0.61475387 0.018660267 -0.18474714 25 0 3310 10.283998 -2.530405
185 13.556461 440.87531 0.54683868 0.16729548 -0.42644393 25 0 323 1.1907691 -0.18956891
186 244.44179 440.40515 0.50664653 0.62965144 -0.060303285 25 0 819 2.5551598 -1.0185452
187 90.579319 442.30991 0.62370418 -0.14699763 -0.17754938 25 0 13421 39.391784 -3.9885141
188 475.43781 442.97955 0.64757794 -0.090518326 -0.32991661 25 0 280 1.0990594 -0.10255293
189 444.07541 446.8783 0.69755074 0.44477308 0.65706472 25 0 284 1.1807618 -0.18040571
190 476.59473 452.43861 0.52264753 0.54504606 0.024562346 25 0 1627 5.5401173 -1.8587974
191 310.53158 456.03557 0.61350939 0.014151859 -0.22219452 25 0 669 2.0960888 -0.80352419
192 361.56118 461.05915 0.65185559 -0.09784767 -0.26506953 25 0 1294 3.9214544 -1.4836179
193 55.690117 461.86667 0.68330942 0.24593663 -0.18949936 25 0 6344 18.225637 -3.1517068
194 148.70492 463.0304 0.66360189 -0.029576592 -0.27323802 25 0 1311 3.7850879 -1.4451899
195 427.21405 464.58646 0.41046115 -0.13604057 -0.12400307 25 0 58652 210.10682 -5.8061004
196 404.60359 466.97869 0.65688028 -0.0079949901 -0.29702627 25 0 263 1.0011802 -0.0012806385
197 210.44575 471.16974 0.63074938 0.15141325 -0.28915553 25 0 4913 14.60252 -2.9110695
198 428.24371 472.36638 0.67920654 -0.40541497 -0.24738945 25 0 383 1.123786 -0.12670905
199 342.14658 472.92691 0.70854228 -0.35291553 -0.18970374 25 0 672 1.9113786 -0.7033668
200 260.47147 474.53959 0.52104623 0.52847645 -0.10387883 25 0 2478 7.8824073 -2.2416472
201 113.67012 475.06225 0.71360117 0.020927991 -0.18010672 25 0 562 1.6035504 -0.51270656
202 138.45 480.38532 0.58667746 0.59074563 -0.18794805 25 0 794 2.3294873 -0.91815085
203 337.86455 479.45772 0.64405751 0.60487401 0.022070811 25 0 442 1.4708193 -0.4188983
204 63.425462 485.7293 0.6669635 0.36177785 -0.24765134 25 0 1024 2.911313 -1.1602222
205 496.95429 497.77465 0.63414388 -0.33093118 -0.18743423 25 0 243 1.0545922 -0.057711345
206 115.53348 502.5608 0.56257109 -0.0053704543 -0.060152716 25 0 487 1.4834379 -0.42817345
207 160.84358 502.73594 0.55085026 0.38647206 -0.12568734 25 0 485 1.5130998 -0.44966892
208 116.42013 506.23652 0.70985868 0.32976388 -0.17526417 25 0 772 1.9414913 -0.72033862
209 162.77472 510.01444 0.63702383 0.15637657 -0.29792544 25 0 1002 2.9188474 -1.1630285
