id xcentroid ycentroid sharpness roundness1 roundness2 npix sky peak flux mag
1 245.7514 1.4820873 0.57048517 0.4373656 0.094015593 25 0 267.16792 1.36879 -0.34084202
2 285.05441 1.6602363 0.70521942 0.14643995 0.12693576 25 0 264.7685 1.1604163 -0.16153456
3 350.52086 5.2381895 0.53459264 -0.042201339 -0.26214315 25 0 277.43015 1.3478664 -0.32411713
4 322.84915 7.6115292 0.67441209 0.64802923 0.019184287 25 0 782.75267 3.2609566 -1.2833625
5 331.88145 10.092949 0.6697352 0.44575443 -0.074424955 25 0 508.02939 2.4312669 -0.9645816
6 454.35923 10.832409 0.6485464 -0.0015238884 -0.057006764 25 0 651.32706 2.9756075 -1.1839391
7 497.52953 13.250127 0.54360161 -0.11425427 -0.43453999 25 0 246.98147 1.0957738 -0.099302265
8 134.66611 15.160295 0.63803715 0.23659734 -0.23541464 25 0 578.0554 2.6644038 -1.0640001
9 360.38234 16.328688 0.70445413 0.51147007 -0.056488268 25 0 955.71109 3.9821007 -1.5002806
10 49.847834 17.183208 0.76960598 0.095532375 -0.015396986 25 0 19804.244 79.341805 -4.7487552
11 433.83146 19.419257 0.65250897 0.27902803 0.10530552 25 0 833.58146 3.6446427 -1.4041374
12 492.94892 19.262318 0.70585846 0.3192751 0.013684579 25 0 33299.568 138.55059 -5.3540209
13 451.14587 20.985017 0.67581289 0.062055236 0.0023693466 25 0 356.48817 1.6389073 -0.53638599
14 37.850092 22.470291 0.88033836 -0.33255713 0.10218762 25 0 249.31267 1.0066153 -0.0071588202
15 359.68796 24.613985 0.47881497 0.84778448 -0.17518227 25 0 199.55097 1.1429924 -0.14510831
16 360.76578 30.522019 0.43905538 0.084729931 0.94427719 25 0 218.92565 1.4444413 -0.39924974
17 3.0115069 30.796611 0.71665053 0.18161513 0.11261702 25 0 362.1462 1.6747789 -0.55989369
18 238.49948 34.875893 0.69333638 -0.2318099 -0.295379 25 0 362.36366 1.4101555 -0.37316753
19 379.58141 37.798605 0.67456093 0.5012273 0.14888797 25 0 697.29763 3.0723712 -1.2186842
20 479.32864 37.779153 0.74729945 0.28692992 0.0035401382 25 0 540.96434 2.2370725 -0.87420015
21 152.24343 40.527679 0.56932921 0.21708639 0.13684005 25 0 487.59491 2.3993176 -0.95021936
22 123.82074 44.601815 0.71874774 0.06427045 -0.40015947 25 0 228.58855 1.06967 -0.073124547
23 139.18334 44.69409 0.69504738 0.17717718 0.060053938 25 0 683.27971 2.8238678 -1.1271109
24 212.06707 45.755009 0.66367703 0.2833759 0.01144128 25 0 1382.041 5.9503487 -1.936356
25 231.51176 46.587821 0.67663557 0.66414055 -0.041943479 25 0 2524.6574 10.422325 -2.5449115
26 372.22617 47.577157 0.66066704 0.23800628 0.068839848 25 0 555.83044 2.4318997 -0.96486413
27 415.75012 48.420328 0.57567687 0.18868189 0.0021551673 25 0 292.56031 1.4641877 -0.4139919
28 91.771023 49.018264 0.87942406 0.18961222 0.1085738 25 0 806.13048 2.8170054 -1.1244692
29 275.43184 49.170306 0.64551492 0.021023078 -0.10829662 25 0 389.2652 1.6683134 -0.55569409
30 350.00379 48.617593 0.31880851 0.38193714 -0.082788694 25 0 58984.692 334.97815 -6.3125412
31 136.8124 50.907186 0.7396378 0.28324097 -0.070210536 25 0 6709.6874 27.311006 -3.5908442
32 179.81454 51.265051 0.55461598 0.72961678 -0.25234198 25 0 286.27313 1.4467714 -0.40099977
33 425.69675 52.132661 0.64034212 0.23384093 -0.10236589 25 0 1235.4072 5.5285392 -1.856526
34 70.405128 53.281093 0.40054421 -0.54249127 0.097930723 25 0 180.53313 1.1811035 -0.1807199
35 259.11919 56.165172 0.64531314 -0.031557867 -0.026669743 25 0 322.26232 1.5874595 -0.50175664
36 78.183259 58.115722 0.71328093 0.26206629 -0.037658429 25 0 392.96614 1.7667547 -0.61794066
37 272.48557 57.623786 0.65697964 0.39826459 -0.048810085 25 0 400.20855 1.6617271 -0.55139927
38 426.3673 57.382334 0.33285383 -0.2459346 0.2989716 25 0 194.51255 1.3019404 -0.28647774
39 496.13736 58.026837 0.74502828 0.16081886 -0.058867059 25 0 1140.6372 4.7378289 -1.6889484
40 319.70135 59.139841 0.72905818 0.11345135 -0.1119241 25 0 2005.7391 8.0903668 -2.2699205
41 167.54529 64.032917 0.62473678 -0.21909476 -0.12761081 25 0 409.86964 1.9529451 -0.72672509
42 468.81332 65.71212 0.70846538 0.59773954 0.013853492 25 0 1918.4944 7.9661586 -2.2531224
43 55.760619 66.963765 0.8156861 0.23345272 0.13414494 25 0 444.77983 1.7084496 -0.5815054
44 143.68226 67.981499 0.55316792 0.62361295 0.25924947 25 0 182.52583 1.0422772 -0.044958144
45 23.031865 69.965035 0.82463996 -0.15459376 0.18751708 25 0 630.52838 2.4631418 -0.97872353
46 374.95207 70.101675 0.51428254 0.81032284 -0.158936 25 0 274.48509 1.4842846 -0.42879298
47 56.921263 72.060338 0.8169397 -0.15069914 -0.1162599 25 0 997.65363 3.7837994 -1.4448203
48 80.073325 71.707943 0.80895249 -0.13115065 0.26735997 25 0 617.5704 2.3372089 -0.92174383
49 194.9792 72.207596 0.75190351 0.072872175 -0.12269531 25 0 444.41603 1.8645071 -0.67641008
50 458.44277 72.463054 0.53088549 -0.24562703 0.028153375 25 0 1435.4827 6.9996535 -2.1126914
51 497.049 73.194174 0.67930932 0.31510903 -0.27841602 25 0 590.71358 2.6170476 -1.0445291
52 23.330472 73.702006 0.71983185 -0.12303242 0.021539108 25 0 577.95014 2.4936524 -0.99208978
53 137.82451 73.799777 0.6306817 0.15128669 0.038441685 25 0 527.90578 2.4238468 -0.9612629
54 443.70719 74.287454 0.6186978 0.027458842 -0.026273073 25 0 658.27217 3.1264506 -1.2376289
55 62.087893 76.273862 0.47290667 -0.54261554 -0.21610281 25 0 196.08406 1.211313 -0.20814098
56 81.216588 76.896028 0.70520853 0.076018432 -0.10111678 25 0 2077.6279 8.828327 -2.364696
57 339.38453 78.102451 0.52346433 -0.84138685 -0.52396815 25 0 213.19696 1.1388884 -0.14120291
58 150.80501 79.344214 0.65534143 0.54538554 0.0045146395 25 0 298.06238 1.3800359 -0.34972593
59 494.17038 81.022743 0.7319624 0.32639474 -0.021773037 25 0 1321.0894 5.438849 -1.8387675
60 376.09568 85.238936 0.70261994 0.31547605 -0.036882669 25 0 4042.0851 16.926616 -3.0714253
61 145.24858 88.627895 0.61935281 0.027825266 -0.062066639 25 0 549.02998 2.5835085 -1.0305247
62 460.44446 90.584532 0.71941419 0.18061341 0.08676187 25 0 285.63374 1.2650681 -0.25528479
63 117.61794 92.200691 0.71044709 0.4948838 -0.2356667 25 0 652.22095 2.5951441 -1.0354037
64 169.94959 92.34912 0.75583441 0.62318372 -0.097192893 25 0 454.69505 1.7033952 -0.57828857
65 180.73272 99.055422 0.68187409 -0.08334089 -0.43188986 25 0 516.79973 2.2302838 -0.87090032
66 309.17309 99.565927 0.63440547 -0.2725276 0.0075922028 25 0 1323.6101 5.8579565 -1.9193654
67 313.11147 101.38729 0.63240158 0.044843882 -0.052093499 25 0 1555.0313 6.7634228 -2.0754163
68 211.38378 102.5361 0.6277474 0.71315399 0.064330795 25 0 1668.207 7.03172 -2.1176539
69 141.18605 106.50167 0.69500922 0.44435407 0.2003727 25 0 458.57392 1.8399489 -0.66201442
70 477.17638 105.99855 0.66530497 0.15828865 -0.089652147 25 0 569.60621 2.5534679 -1.017826
71 79.14903 106.71202 0.66294574 0.1106674 -0.039993499 25 0 4388.7711 19.00143 -3.1969657
72 87.51042 107.92794 0.65512237 0.098263982 -0.31070683 25 0 295.75058 1.3603205 -0.3341031
73 235.11439 107.95054 0.6672559 0.067643806 -0.11727165 25 0 253.69404 1.0949756 -0.098511081
74 322.09864 108.44801 0.70478056 0.24146068 -0.095418134 25 0 384.31418 1.763004 -0.61563322
75 175.22556 112.19883 0.79127048 0.6870423 -0.10688053 25 0 249.34505 1.0688321 -0.072273696
76 11.847963 114.25003 0.94446554 -0.03273069 0.11162544 25 0 328.44205 1.1842074 -0.18356942
77 357.7431 117.61197 0.59209736 0.61849371 0.013079662 25 0 572.13208 2.6786232 -1.0697791
78 244.42059 119.75952 0.66810637 0.44231878 -0.17454805 25 0 17627.11 73.490169 -4.6655731
79 261.96413 119.79292 0.66419552 0.52006657 0.11455835 25 0 1266.297 5.5692178 -1.8644855
80 271.89628 121.18101 0.68848628 0.14311525 -0.087804251 25 0 2187.6766 9.158672 -2.4045813
81 328.48441 120.87532 0.69031149 0.30660681 -0.165986 25 0 1315.088 5.4724194 -1.8454484
82 473.76553 122.41584 0.70307393 0.070578093 -0.15305953 25 0 482.67621 2.0394083 -0.77376044
83 123.49481 123.36157 0.664502 0.98597239 0.085158479 25 0 498.81299 2.0148937 -0.76063035
84 224.11523 122.86228 0.71157354 0.45332395 -0.10203456 25 0 710.4429 2.9590773 -1.1778908
85 339.00728 122.93539 0.76373264 0.11875832 -0.15764584 25 0 336.46436 1.4636835 -0.41361794
86 178.22745 124.17287 0.6144386 0.085560418 -0.58449347 25 0 439.35409 1.9375816 -0.71814999
87 76.390815 124.94939 0.76748457 -0.14813804 -0.23016253 25 0 721.92053 2.8212539 -1.1261054
88 175.815 126.50621 0.5759865 -0.012355351 0.11907332 25 0 1994.1315 9.0647857 -2.3933938
89 503.93214 126.34014 0.61684162 0.5556087 0.25793993 25 0 387.47643 1.814462 -0.64686972
90 8.3743459 128.15984 0.65056053 -0.14315854 -0.1751006 25 0 510.50013 2.4142567 -0.95695863
91 199.82997 131.88049 0.70024331 0.38028651 -0.094428739 25 0 2137.3012 8.7866947 -2.3595638
92 3.4550169 134.13835 0.67168781 0.56668276 -0.14797289 25 0 436.49471 1.8811071 -0.68603383
93 31.158941 133.51288 0.66498957 0.16969141 0.087475336 25 0 1385.6222 6.066934 -1.9574232
94 277.32605 135.02266 0.70857255 0.27382941 -0.13145328 25 0 559.08782 2.2898753 -0.8995296
95 294.51658 140.75081 0.56959785 0.94700731 -0.14491595 25 0 200.99844 1.1680569 -0.16866004
96 419.70411 143.10755 0.66766199 0.17556259 -0.088050775 25 0 14428.223 61.754607 -4.4766734
97 408.18584 146.17549 0.74818008 0.33989131 -0.21811708 25 0 364.89827 1.5894046 -0.50308617
98 322.51993 148.81917 0.67385077 0.35228862 -0.17658047 25 0 3306.6346 13.786773 -2.8486566
99 38.458878 149.80499 0.67017359 0.030333569 -0.11609966 25 0 905.51299 3.9871833 -1.5016655
100 118.42302 151.53588 0.70357961 0.11241046 -0.42554453 25 0 264.76363 1.0769356 -0.080474333
101 21.61495 153.84071 0.5880237 0.10683932 -0.14458036 25 0 636.92145 3.0285786 -1.2030971
102 507.8882 154.99824 0.74079305 0.24738627 0.0070508022 25 0 10486.684 42.61724 -4.0739633
103 121.16453 163.17034 0.76043433 0.29907954 -0.098527713 25 0 705.94322 2.8230643 -1.1268019
104 409.67603 164.62276 0.66481859 0.60299737 0.0088609354 25 0 55787.231 235.49479 -5.9299532
105 448.9209 168.16549 0.72949461 -0.058645268 -0.13620176 25 0 650.74076 2.6844488 -1.0721378
106 230.06987 168.71884 0.63149306 0.17036778 -0.068321246 25 0 618.56897 2.7297518 -1.0903079
107 177.16978 172.2446 0.72760819 0.50148207 -0.06366502 25 0 1344.7556 5.256273 -1.8016948
108 479.86725 174.40089 0.65675156 0.47159869 0.066581289 25 0 298.02319 1.4173445 -0.37868858
109 57.081247 175.97841 0.75297193 0.073955068 0.15486895 25 0 502.33481 2.0478985 -0.77827106
110 166.17253 176.78311 0.71207077 0.30680901 0.44941746 25 0 256.05223 1.1453998 -0.14739279
111 501.92716 176.3742 0.69675886 0.2310055 0.088023541 25 0 7845.2826 32.699841 -3.7863641
112 249.73547 177.1911 0.65877622 0.12250631 -0.07160131 25 0 2011.1563 8.4380762 -2.3156086
113 369.89348 176.81157 0.67966182 0.58239069 -0.0052894601 25 0 577.87996 2.524883 -1.0056031
114 187.86816 177.96853 0.75152088 0.31290063 -0.044759129 25 0 1243.7682 4.7881917 -1.7004288
115 437.08431 178.9642 0.66508291 0.10970923 -0.019457427 25 0 414.24175 1.905309 -0.69991357
116 25.694791 179.89753 0.64058953 -0.054051229 -0.268038 25 0 320.67382 1.5551331 -0.47941893
117 176.47356 180.59333 0.54523607 -0.13325977 -0.07335225 25 0 1513.3452 7.4235446 -2.1765283
118 45.90294 182.08521 0.7191618 0.17471954 0.10345607 25 0 244.43722 1.1662246 -0.16695547
119 167.45109 184.81705 0.49242735 -0.63871791 -0.55947633 25 0 218.56538 1.2297173 -0.22451318
120 444.86703 185.63806 0.6852644 0.37898268 0.054998291 25 0 3138.5503 13.116431 -2.7945392
121 40.579705 186.63983 0.61459512 0.46418232 -0.13092345 25 0 796.67828 3.6331855 -1.4007189
122 138.69435 186.62545 0.66444843 0.88050007 0.12754697 25 0 1905.9664 7.9176525 -2.2464911
123 506.50122 187.47135 0.61792296 -0.16149658 -0.17043822 25 0 758.607 3.2782806 -1.2891153
124 434.74444 187.92272 0.70098077 0.23431665 -0.027460661 25 0 713.3212 2.9721511 -1.1826772
125 14.115157 188.86978 0.92454698 0.88436632 0.40576975 25 0 408.92756 1.504538 -0.44350788
126 250.50843 189.33002 0.66616043 0.65165624 -0.12194541 25 0 1126.0571 4.5763594 -1.6513003
127 445.39193 190.58868 0.55933077 -0.1324899 -0.014722882 25 0 895.45582 4.3305697 -1.5913626
128 212.97062 192.06212 0.68421927 0.42968834 -0.014774349 25 0 904.40099 3.8297968 -1.4579393
129 95.272464 193.15764 0.71558693 0.32570903 -0.077183405 25 0 47549.062 195.68065 -5.7288697
130 144.91489 194.52113 0.66271852 0.073569295 0.057058409 25 0 483.99486 2.0944347 -0.80266708
131 276.48687 198.37064 0.71012969 0.7198388 0.2065035 25 0 355.96181 1.4162305 -0.37783482
132 444.53318 198.63327 0.5396006 0.61034346 -0.049664459 25 0 338.39452 1.8036276 -0.64036715
133 478.67781 202.48497 0.52169938 0.24261718 0.065054864 25 0 540.75747 2.7143899 -1.0841806
134 372.74147 204.38938 0.54043377 0.1525305 0.10961333 25 0 314.32623 1.6742129 -0.5595267
135 405.75495 204.23656 0.50136017 0.26457947 -0.060775726 25 0 284.69843 1.5613576 -0.48375597
136 191.8955 205.04514 0.68175751 0.24668636 -0.053641952 25 0 744.29631 3.193305 -1.260601
137 222.49794 206.24672 0.67067418 0.45514681 -0.1955837 25 0 380.55295 1.541673 -0.46998063
138 90.318793 207.25051 0.71258887 0.45426736 0.013071859 25 0 708.11527 2.9179779 -1.162705
139 429.54486 206.97734 0.63266294 0.4866267 -0.10698109 25 0 349.14991 1.6677322 -0.55531582
140 171.00031 209.255 0.57745157 -0.15984553 0.3194762 25 0 271.23905 1.2727601 -0.26186638
141 493.14259 208.59843 0.7138271 -0.072259425 0.070747531 25 0 718.4444 2.8793259 -1.1482271
142 439.0909 211.19538 0.74388755 -0.28747924 -0.35718084 25 0 312.03122 1.354577 -0.32950921
143 36.220725 216.31889 0.77425192 0.81489394 -0.14785271 25 0 526.38221 2.0967324 -0.80385754
144 38.351542 217.91277 0.72876305 0.11912195 -0.37717804 25 0 519.83276 2.1229955 -0.81737269
145 358.48579 218.13441 0.65796564 -0.20468147 -0.25748992 25 0 252.69667 1.1705656 -0.17098944
146 449.35924 218.59789 0.62115278 0.61521352 0.16261558 25 0 1050.2054 4.5920592 -1.6550187
147 11.65676 219.77195 0.76710928 0.38030013 -0.03946387 25 0 2374.0192 9.3615979 -2.428375
148 350.07654 220.68937 0.62928762 0.22254186 -0.013923103 25 0 1625.2281 7.140786 -2.134365
149 280.24852 222.74384 0.7069097 -0.010265244 -0.09383967 25 0 816.901 3.2031792 -1.2639531
150 174.45243 224.27477 0.6931378 0.55475735 -0.038144683 25 0 1091.926 4.287495 -1.5805091
151 374.13913 224.76166 0.59856023 0.73978424 0.13908762 25 0 204.13069 1.0245399 -0.026322164
152 503.1704 227.16343 0.72915368 0.32576794 -0.025439693 25 0 6122.3257 25.152794 -3.5014656
153 244.24472 227.77979 0.64094475 0.42596986 -0.39689974 25 0 271.80312 1.284968 -0.27223074
154 464.37666 227.99503 0.8543071 0.19130129 -0.24754256 25 0 359.62986 1.307603 -0.29118974
155 263.64699 229.5439 0.65386897 0.64467439 0.0053103416 25 0 2950.1679 12.357541 -2.7298301
156 9.2364401 231.80114 0.92037316 0.0043354545 -0.027642875 25 0 487.21491 1.6713509 -0.55766912
157 375.86641 231.57775 0.64642248 0.46180285 0.038640058 25 0 4782.0531 20.682832 -3.289025
158 445.95451 232.30185 0.66597341 0.2336954 -0.0028416093 25 0 16102.521 68.805626 -4.5940599
159 108.81921 234.05849 0.64793417 0.36694238 -0.56115522 25 0 215.59692 1.0328182 -0.0350597
160 350.74247 233.93362 0.68144843 0.18883428 -0.11000882 25 0 1281.3408 5.4124286 -1.8334805
161 204.12837 240.45338 0.64464499 0.17432732 -0.0085191853 25 0 729.40053 3.124841 -1.2370698
162 264.14406 241.23917 0.62120208 0.51107003 -0.058110647 25 0 878.53322 4.014474 -1.5090716
163 455.21985 243.7946 0.68581632 0.22764645 -0.017263552 25 0 2280.3861 9.5682629 -2.4520827
164 54.477388 244.89473 0.75979325 0.13102607 -0.14186403 25 0 515.21744 2.048543 -0.77861272
165 41.104662 247.45856 0.56593877 -0.11560894 -0.33711195 25 0 306.64515 1.5902735 -0.50367954
166 75.515464 254.92181 0.60814889 0.019240668 -0.39802084 25 0 231.91823 1.1149757 -0.11816352
167 509.46296 255.00495 0.86681188 0.38835745 -0.23999873 25 0 382.52706 1.4295731 -0.38801596
168 452.04536 257.20184 0.70404741 0.29379696 -0.023332533 25 0 9296.6906 38.564024 -3.9654559
169 227.83258 257.9232 0.70858342 0.32029572 -0.052248452 25 0 6187.2604 25.708368 -3.5251863
170 0.36101927 258.88808 0.76430964 -0.026375004 0.03199464 25 0 1175.6729 4.8152458 -1.7065461
171 289.88986 260.22811 0.60630592 0.027838396 0.18404034 25 0 455.42627 2.092168 -0.80149139
172 355.59803 266.80513 0.61854677 0.6448031 -0.053551168 25 0 377.76558 1.6874586 -0.5680828
173 128.69421 268.2187 0.66806436 -0.43221431 -0.19811271 25 0 363.37912 1.5781981 -0.49540377
174 10.438326 278.70609 0.68102508 -0.56015739 0.0089303421 25 0 280.31597 1.2050833 -0.20254267
175 50.292988 278.90088 0.61065603 0.073623766 -0.04619602 25 0 281.60615 1.3727904 -0.34401061
176 57.145989 278.6685 0.67482878 0.052041113 0.014587222 25 0 1707.3905 7.3535959 -2.1662494
177 113.53041 280.18342 0.59873177 -0.38044981 -0.19335985 25 0 318.3309 1.4992128 -0.43965818
178 239.06983 286.91698 0.71730878 0.22186695 -0.037352243 25 0 416.59544 1.6664793 -0.55449983
179 71.496236 287.91933 0.66988358 0.15634658 -0.11923473 25 0 852.77593 3.6355413 -1.4014227
180 371.61381 290.1822 0.66982064 0.034581284 -0.13060033 25 0 6322.9182 26.949893 -3.5763926
181 184.5149 291.45238 0.48377048 -0.28774743 0.02582496 25 0 723.09262 3.5439552 -1.3737206
182 62.962472 292.84687 0.73762296 0.45873604 0.01910459 25 0 1712.8524 7.0174613 -2.1154501
183 91.301919 292.6332 0.65972851 0.11300741 0.032808076 25 0 1203.2031 5.0447831 -1.7571062
184 345.98484 294.93793 0.68682059 0.2481683 -0.30560704 25 0 476.99983 2.0178297 -0.76221125
185 477.31151 294.91692 0.6233533 -0.0093918595 -0.17976899 25 0 845.652 3.7729918 -1.4417147
186 15.584963 297.84164 0.77531666 0.31306521 -0.29837858 25 0 588.59826 2.2998526 -0.90425002
187 56.271585 299.81726 0.74591552 -0.038540082 0.23389436 25 0 303.38156 1.2471484 -0.23979531
188 93.545995 302.13967 0.51016283 -0.7411647 -0.12247311 25 0 333.84048 1.6077138 -0.51552187
189 160.28808 302.15006 0.61976059 0.33787485 -0.10692916 25 0 571.24181 2.6569419 -1.0609551
190 74.622489 308.36408 0.65021811 -0.065609726 0.032765113 25 0 1304.2568 5.476503 -1.8462583
191 422.52167 308.14768 0.67238812 0.06339855 -0.085635221 25 0 482.65404 2.1707599 -0.84152946
192 125.68572 310.53012 0.33748881 -0.068998966 0.045880078 25 0 158.59837 1.0976589 -0.10116855
193 152.01173 314.02868 0.68654536 0.70943017 0.061643376 25 0 261.75189 1.0954593 -0.098990663
194 218.10147 314.01943 0.66315888 0.18147502 -0.12565786 25 0 1011.2328 4.3170338 -1.5879636
195 450.06993 313.84495 0.69104602 0.20937232 -0.017182261 25 0 1232.075 5.1253424 -1.7743072
196 137.34157 318.71329 0.67790055 0.54923833 -0.21937158 25 0 3388.4926 13.860714 -2.854464
197 13.457645 320.35073 0.69852716 0.5940727 -0.057131528 25 0 2414.0768 9.8406436 -2.4825588
198 224.50209 321.94814 0.34351849 -0.09225084 0.030016518 25 0 198.77139 1.2875589 -0.27441779
199 59.38666 322.68313 0.57184387 0.79764655 -0.17005936 25 0 342.69456 1.5953375 -0.50713147
200 186.97803 328.35085 0.7730681 0.42679256 -0.010929353 25 0 368.06545 1.3045907 -0.2886857
201 454.50936 327.71412 0.53324212 0.54215088 -0.062467952 25 0 284.19469 1.4130318 -0.3753798
202 329.65901 330.45677 0.54824362 0.042458868 0.078640684 25 0 534.31624 2.4867671 -0.98908779
203 262.63075 333.40509 0.43653885 0.31239427 -0.065897539 25 0 255.54585 1.4211191 -0.38157619
204 20.003341 337.61033 0.72227905 0.36483257 0.061301746 25 0 5773.8437 23.564905 -3.4306642
205 287.24362 337.63425 0.6155929 0.066456783 -0.02099436 25 0 578.45088 2.6375369 -1.0529964
206 379.83852 338.00296 0.79004013 0.033984784 -0.16567646 25 0 555.93894 2.0791476 -0.79471329
207 30.244793 338.53796 0.64840644 0.038297956 0.086273228 25 0 13068.253 56.697375 -4.3839074
208 263.27645 339.17018 0.69212917 0.36522098 -0.11142163 25 0 984.65653 4.0109863 -1.508128
209 76.480231 339.74849 0.66853603 0.29663061 -0.10069632 25 0 1098.1013 4.567921 -1.6492965
210 488.27126 345.50456 0.6436553 0.57365992 0.27046056 25 0 1044.0989 4.3907763 -1.6063533
211 259.3662 348.914 0.57269806 0.19226462 -0.36721164 25 0 395.95898 1.9405308 -0.71980134
212 360.15707 351.58434 0.62809377 0.73170384 0.12897565 25 0 698.6998 2.9764199 -1.1842355
213 17.755126 354.99815 0.64212697 0.050086992 0.28705512 25 0 289.93192 1.228763 -0.22367028
214 239.48713 355.29509 0.65210385 0.45847048 -0.18861621 25 0 5382.9757 22.777431 -3.3937619
215 46.875888 357.04391 0.75131259 0.14147633 0.90085111 25 0 353.60306 1.1897531 -0.18864211
216 381.54199 356.58029 0.47434139 -0.33664487 -0.097487826 25 0 833.89827 4.2249053 -1.5645424
217 493.12694 357.40675 0.76844257 -0.081368433 0.1522682 25 0 365.68852 1.4369237 -0.39358424
218 12.017819 358.03565 0.76823268 0.70697778 0.10725065 25 0 668.12227 2.6476337 -1.0571447
219 21.48989 357.65467 0.68412069 0.25910467 0.098967984 25 0 828.60505 3.3099301 -1.2995471
220 298.39161 359.21388 0.66923016 0.40452769 -0.15753373 25 0 28173.445 118.58934 -5.1851142
221 21.652007 361.51033 0.63321391 -0.25595223 0.14228872 25 0 1261.7407 5.2237129 -1.7949482
222 156.66302 361.18789 0.75492427 0.27477025 0.16676522 25 0 333.19601 1.3294459 -0.30917668
223 443.19929 361.45411 0.59607702 -0.0078840669 0.29057121 25 0 233.96803 1.0599488 -0.063212252
224 22.830344 364.93051 0.78234638 -0.44113842 0.022272402 25 0 754.76673 2.9648416 -1.1800037
225 28.250694 366.49026 0.64501987 -0.37889734 -0.20888409 25 0 295.12054 1.2898313 -0.27633226
226 362.21151 365.85521 0.88070433 0.24586809 -0.075567055 25 0 292.59695 1.0401062 -0.042694255
227 414.17858 366.2761 0.69119555 0.35837885 -0.0066986962 25 0 2322.5266 9.7375161 -2.4711205
228 479.48481 366.85435 0.63597779 0.34742199 0.025740324 25 0 353.83048 1.5889276 -0.50276026
229 225.6372 368.41847 0.6290148 -0.097259231 0.010047547 25 0 1578.8693 6.8905857 -2.0956404
230 277.7908 369.46006 0.65404495 0.64344164 0.089179182 25 0 2784.4723 11.687852 -2.6693367
231 95.331513 371.00221 0.73711505 0.14620992 -0.14981489 25 0 6165.5373 24.819605 -3.4869871
232 427.45419 370.59654 0.60184449 -0.14530686 -0.028758309 25 0 1026.9836 4.5291498 -1.6400417
233 110.34596 371.85904 0.73549902 -0.75030617 -0.40368569 25 0 322.93143 1.2842976 -0.27166418
234 138.52994 371.96192 0.6926121 0.47546804 -0.094198087 25 0 585.66097 2.4095272 -0.9548296
235 499.09897 372.66147 0.70036736 0.10979585 0.033844484 25 0 10840.743 45.290501 -4.1400178
236 22.301245 374.141 0.7123565 0.035707305 -0.20074834 25 0 432.53391 1.7026389 -0.57780635
237 2.8800878 377.74814 0.72625291 0.34877556 0.04483397 25 0 898.92493 3.7252756 -1.427896
238 475.64241 380.17693 0.52050083 -0.40807877 -0.29992197 25 0 254.11126 1.2836567 -0.27112222
239 445.6456 382.03831 0.72877175 -0.19908651 -0.42722013 25 0 326.62239 1.3764055 -0.34686603
240 365.59552 383.87303 0.71162381 0.24072797 -0.16449909 25 0 3975.512 16.248825 -3.0270549
241 74.585446 385.13028 0.69598129 0.32254 -0.22187354 25 0 3967.5701 16.234199 -3.0260772
242 120.23854 386.74363 0.65330467 0.034682904 0.083215292 25 0 749.99105 3.2287342 -1.2725807
243 227.06333 388.2214 0.73917852 0.46170684 -0.10928505 25 0 740.39089 2.8278213 -1.1286299
244 268.63055 389.14513 0.6075615 -0.042895096 -0.18525676 25 0 320.60253 1.4319289 -0.38980361
245 483.58667 389.07707 0.79989097 -0.59917085 -0.10342454 25 0 932.2581 3.5734435 -1.3827173
246 99.964713 389.7582 0.79355719 0.052728578 -0.039307903 25 0 473.46886 1.8419567 -0.66319856
247 4.8898387 391.1442 0.7425177 0.25290219 0.0097447878 25 0 1329.7862 5.4839462 -1.847733
248 144.35061 391.09127 0.70652497 0.31792787 -0.18476305 25 0 1773.3176 7.3454398 -2.1650445
249 455.02057 393.08237 0.74787901 0.18251847 -0.082931875 25 0 3429.0117 13.901147 -2.8576266
250 484.4446 392.65758 0.61578264 -0.26886468 -0.082066096 25 0 2139.8326 9.4923063 -2.4434294
251 59.903933 396.0714 0.74750877 0.2948085 0.015395792 25 0 767.25502 3.0416952 -1.2077892
252 387.96833 399.07801 0.57184631 0.0088225646 -0.45690439 25 0 234.16671 1.1355992 -0.1380627
253 246.35695 401.01538 0.68651671 0.13034298 -0.18563463 25 0 9023.6551 37.836035 -3.9447641
254 172.99557 403.58327 0.49921969 0.32656725 -0.05435036 25 0 253.29834 1.205482 -0.20290183
255 376.64946 402.9662 0.70716228 0.20539742 -0.2356486 25 0 874.2486 3.3716512 -1.3196066
256 412.27886 407.9679 0.74529389 -0.14245296 -0.10071843 25 0 738.60479 2.8650002 -1.1428116
257 3.110869 412.26139 0.76384656 0.29812455 0.10807875 25 0 1180.2974 4.6568217 -1.670224
258 272.71047 412.21628 0.63157292 0.099152692 -0.1143305 25 0 2159.1934 9.6649948 -2.4630041
259 290.98147 411.93487 0.83370301 0.30235521 0.13483857 25 0 489.22343 1.8222859 -0.65154127
260 494.21496 412.57329 0.82795453 0.76626992 0.32317333 25 0 594.06378 2.1016713 -0.80641197
261 41.258993 416.4468 0.67992806 0.19174076 0.061972278 25 0 305.47892 1.1530882 -0.15465631
262 104.86032 417.64071 0.7153205 0.47642999 -0.029737827 25 0 1093.973 4.4183641 -1.6131538
263 128.82167 419.01016 0.72870562 0.1628087 -0.10590418 25 0 2956.7958 12.137345 -2.7103092
264 304.59299 429.03213 0.71952599 -0.050946278 -0.25861533 25 0 441.61752 1.7343349 -0.59783239
265 185.61821 430.6416 0.56688134 -0.1423896 -0.2146624 25 0 334.82196 1.5164876 -0.45209717
266 214.47283 436.04936 0.77969088 0.28362749 -0.13754298 25 0 500.32251 1.813194 -0.64611069
267 179.56116 437.03011 0.71352514 0.091760818 -0.19797894 25 0 2581.5697 10.408079 -2.5434264
268 153.1623 437.94047 0.74322421 0.36504071 -0.11879324 25 0 1349.8535 5.2435285 -1.7990591
269 401.82696 437.91087 0.81528761 0.37614385 -0.026450648 25 0 467.0523 1.724984 -0.59196268
270 181.9869 439.53901 0.6885517 0.41918768 -0.14888858 25 0 364.72095 1.4379994 -0.39439678
271 252.85256 440.33567 0.60504566 0.13939518 -0.0016444888 25 0 1131.9967 5.0866797 -1.766086
272 510.89284 439.94585 0.62263151 0.57846402 0.72689559 25 0 61366.551 285.24576 -6.138048
273 365.43771 442.1006 0.70935015 0.226705 -0.18786591 25 0 3806.7541 15.532341 -2.9780923
274 35.14328 445.45098 0.75980302 -0.45856916 -0.16941943 25 0 434.11042 1.6950576 -0.57296115
275 265.92501 444.83721 0.7079653 0.15579426 -0.039698352 25 0 1422.9334 5.7891267 -1.9065326
276 112.02086 446.82349 0.75168251 0.24321239 -0.05147389 25 0 18388.625 73.962387 -4.6725273
277 497.06413 447.26855 0.76701892 -0.17315585 -0.21268309 25 0 419.99141 1.4991754 -0.43963111
278 483.68602 453.4823 0.6003227 -0.26651496 -0.00030377712 25 0 336.33155 1.3617457 -0.33524001
279 233.20749 454.47855 0.64328566 -0.4419205 -0.36300864 25 0 303.24403 1.314654 -0.29702869
280 294.35297 454.68712 0.35145744 0.2305084 -0.04368516 25 0 153.47697 1.0126392 -0.013636849
281 497.9713 456.64364 0.73621357 0.21722921 0.046361191 25 0 2798.0235 11.233103 -2.6262493
282 400.17618 459.07982 0.79014075 -0.013938686 -0.13760858 25 0 447.95429 1.6305991 -0.53086798
283 331.78161 460.4297 0.60011609 -0.065371699 -0.10902992 25 0 692.16176 3.1127646 -1.2328657
284 456.08314 461.4948 0.53218332 0.013114131 0.22903714 25 0 423.65042 2.0317904 -0.76969729
285 500.31079 462.9891 0.60871592 -0.14366757 -0.041110937 25 0 275.11216 1.2755836 -0.26427235
286 382.97337 465.23515 0.70280634 0.19417735 -0.022961827 25 0 1672.7816 7.0061175 -2.1136935
287 77.062735 466.44858 0.70815582 0.38038714 0.079091775 25 0 6628.2741 27.121612 -3.5832887
288 170.11675 467.45824 0.63030371 0.2325375 0.065168072 25 0 1196.8363 5.2349764 -1.7972868
289 346.81123 467.93143 0.78083285 0.063861652 0.11665126 25 0 411.49196 1.4375649 -0.39406862
290 312.1772 469.48178 0.56756255 0.074265146 0.014039586 25 0 347.04183 1.5269426 -0.45955678
291 448.45891 468.78794 0.5035716 0.39546749 -0.10118433 25 0 60980.923 289.10426 -6.1526362
292 66.068151 471.34885 0.61186712 0.55614554 0.096660327 25 0 296.8489 1.2956427 -0.2812131
293 425.82428 471.29914 0.71794333 0.019340143 0.073335874 25 0 437.49997 1.8314935 -0.65701343
294 11.352864 474.22505 0.8087635 0.19260557 -0.095875219 25 0 286.01399 1.0576846 -0.060890424
295 266.29408 475.0056 0.76281331 -0.071979259 0.197115 25 0 277.63324 1.0712197 -0.074696388
296 231.87308 475.42643 0.64511394 0.52463788 0.086235189 25 0 4945.6957 21.022504 -3.3067111
297 449.75823 476.49455 0.59081511 0.024869436 0.27479671 25 0 502.72715 1.9384898 -0.71865879
298 363.4901 477.11214 0.66909797 -0.33494934 -0.23737947 25 0 767.34872 3.1901305 -1.2595211
299 134.96877 479.62157 0.6727815 0.7016455 0.3490588 25 0 517.37915 2.1691321 -0.84071499
300 265.93193 478.58848 0.66317499 0.72247826 0.39127328 25 0 292.66406 1.179977 -0.17968389
301 281.9051 478.77033 0.71987152 0.20614511 -0.077319254 25 0 4017.8725 16.475883 -3.0421217
302 361.85259 478.71286 0.89339201 -0.64020153 -0.32081248 25 0 342.7101 1.0922012 -0.095756657
303 359.30582 483.99594 0.84733747 -0.0096856953 -0.14001491 25 0 679.09529 2.4515498 -0.97360178
304 159.83443 484.84935 0.72345717 0.2162996 -0.08629794 25 0 1174.2712 4.7347885 -1.6882515
305 237.44799 489.57618 0.60380658 0.17916263 -0.22266999 25 0 260.94655 1.1537522 -0.1552814
306 84.819351 490.30172 0.71333428 0.20049764 0.0064316064 25 0 1354.0236 5.5505344 -1.860837
307 389.63486 489.88332 0.8490342 0.22998251 -0.087144728 25 0 329.44047 1.2248673 -0.22022264
308 261.12169 499.71451 0.87305974 0.10166 -0.18677287 25 0 554.24813 1.8215807 -0.65112102
309 171.01833 503.94663 0.74802415 0.12394662 -0.081335595 25 0 394.56432 1.4282706 -0.3870262
310 88.015296 505.05641 0.90017981 0.61838587 -0.11705885 25 0 404.62015 1.3279204 -0.30793007
311 136.85106 506.98053 0.77055272 -0.042942618 -0.0052331547 25 0 792.86704 3.0096784 -1.1963002
312 182.22272 507.02644 0.76759762 0.10028196 -0.15948533 25 0 677.38259 2.623477 -1.0471932
313 404.68361 508.07603 0.80858701 0.24532729 -0.1343537 25 0 328.03807 1.0988223 -0.10231867
314 300.88992 509.43913 0.77784423 0.35497673 -0.093273526 25 0 420.7562 1.5743067 -0.49272335
315 137.80085 510.44254 0.73824196 0.21813833 -0.12933651 25 0 791.46547 3.0569673 -1.213227
