id xcentroid ycentroid sharpness roundness1 roundness2 npix sky peak flux mag
1 8.3793283 -0.052208875 0.88075873 -0.73834145 -0.75069293 25 0 785.96971 1.6041404 -0.51310593
2 270.02069 15.148213 0.63129894 -0.64805977 -0.1879503 25 0 574.76272 1.6531633 -0.54578941
3 307.45494 23.877421 0.62820677 -0.078244834 -0.38949156 25 0 503.56308 1.3445461 -0.32143922
4 380.68224 27.028104 0.66642396 0.050183693 -0.10174358 25 0 601.56053 1.6558303 -0.54753958
5 439.8348 27.069849 0.73163461 -0.18271852 -0.16762886 25 0 25288.467 55.432127 -4.3594038
6 326.68134 45.217946 0.63846504 -0.61047166 -0.075757425 25 0 367.85264 1.1840195 -0.18339717
7 86.382237 51.846085 0.65320837 0.52893765 -0.17639065 25 0 409.96347 1.0386925 -0.041217446
8 159.19403 52.877401 0.74519896 -0.42809244 -0.15819096 25 0 1126.6596 2.4654388 -0.97973556
9 178.72021 53.727301 0.6395896 -0.055089789 -0.13245831 25 0 1822.6665 4.3457339 -1.5951578
10 39.308619 56.044441 0.70039051 -0.11904537 -0.23869434 25 0 412.59489 1.0390403 -0.041581008
11 297.27594 55.966846 0.34485072 -0.1766002 -0.1133714 25 0 57300.52 171.40122 -5.5850348
12 84.13617 57.969411 0.71267622 -0.22304022 -0.20212113 25 0 4701.7474 10.499586 -2.5529304
13 372.47791 59.734498 0.62788549 -0.5198794 -0.23004585 25 0 695.19075 1.7704964 -0.62023761
14 266.88391 66.526287 0.62583402 -0.16247075 -0.052636109 25 0 1050.6202 2.626554 -1.0484659
15 442.98763 65.930011 0.71166896 -0.22509003 -0.057416056 25 0 718.16045 1.8011482 -0.63887359
16 415.45153 73.442795 0.57519909 -0.65279758 -0.15804764 25 0 888.23087 2.2698675 -0.89000128
17 474.05855 75.757146 0.7271398 -0.10204616 -0.081441341 25 0 3237.1929 7.2971304 -2.1578803
18 4.0995256 79.003906 0.77018871 -0.12352875 -0.020240378 25 0 641.32225 1.5041381 -0.44321924
19 405.18551 80.297057 0.74017293 0.24001244 0.013192881 25 0 1393.9641 3.2350839 -1.2747139
20 390.40082 81.934938 0.64378481 -0.36232564 -0.20560405 25 0 433.08899 1.2927365 -0.27877499
21 28.605037 83.871632 0.6481442 -0.62859771 -0.34200552 25 0 1219.9836 2.9142083 -1.1613015
22 441.08198 88.897166 0.70891449 -0.016455744 -0.088144485 25 0 839.65265 2.0346124 -0.77120422
23 323.07598 92.796817 0.65517259 -0.2251723 -0.17172569 25 0 2679.4582 6.467346 -2.0268152
24 463.45914 99.811886 0.65665855 -0.39647243 -0.24131759 25 0 17353.354 39.723044 -3.9976063
25 127.67449 106.01286 0.70264885 -0.088923321 -0.1470319 25 0 463.55258 1.0625978 -0.065922291
26 256.14988 106.94821 0.64550362 -0.57232357 -0.27213299 25 0 974.34915 2.4264431 -0.96242526
27 260.25096 108.69906 0.6814906 -0.38861853 -0.20013198 25 0 1234.8571 2.8601351 -1.1409664
28 158.6127 109.66626 0.56851346 -0.69085331 -0.28541247 25 0 1069.7897 2.499836 -0.9947788
29 26.317206 113.77836 0.63677416 -0.53568148 -0.21409913 25 0 2887.9191 6.8707535 -2.0925109
30 481.46567 116.35726 0.62555788 0.25015206 -0.18681971 25 0 1502.7057 3.5510048 -1.3758782
31 461.6758 119.77371 0.67391263 0.082522259 -0.13894754 25 0 1788.2134 4.2199375 -1.5632651
32 304.70887 125.07002 0.59942455 -0.19491798 -0.041868339 25 0 411.11911 1.2263421 -0.22152911
33 191.48435 126.84461 0.65279038 -0.075639814 -0.26288824 25 0 13795.609 31.408095 -3.742604
34 209.07359 126.96189 0.6801583 -0.31011045 -0.089604931 25 0 920.67732 2.1309573 -0.82143686
35 219.11788 128.36008 0.63863277 -0.15342086 -0.12647703 25 0 1444.4235 3.3657837 -1.3177155
36 275.60911 128.0939 0.67634367 -0.46580571 -0.14858188 25 0 911.39155 2.2077572 -0.85987827
37 171.04669 130.07543 0.67339628 -0.0324467 -0.18582751 25 0 478.87628 1.1259283 -0.12877681
38 122.97768 133.45384 0.60680595 -0.17000193 -0.020082342 25 0 1465.1386 3.4699707 -1.3508145
39 489.91153 135.20826 0.70374882 -0.28122273 -0.16621765 25 0 1568.0608 3.6027472 -1.3915845
40 146.83511 138.98685 0.73175209 -0.3760913 -0.23471482 25 0 1580.8879 3.3572626 -1.3149633
41 366.54897 150.74911 0.64209011 -0.63429474 -0.33177357 25 0 8461.9934 19.06361 -3.2005129
42 269.55187 156.1517 0.64882745 -0.40991969 -0.28639159 25 0 2295.8257 5.2666624 -1.8038387
43 454.66616 162.84945 0.69940955 -0.027891517 -0.15425466 25 0 7055.7287 15.785819 -2.9956678
44 356.53153 172.25736 0.62151456 -0.10532917 -0.33323261 25 0 35140.462 79.939723 -4.7569066
45 177.12969 175.99584 0.70184834 -0.069339849 -0.15742511 25 0 513.01203 1.0933229 -0.096871104
46 124.21813 179.44917 0.62138674 -0.22780564 -0.23487837 25 0 956.23736 2.2067535 -0.85938455
47 196.79409 184.541 0.62303616 -0.35327037 -0.035620229 25 0 1367.6498 3.1078687 -1.2311567
48 448.67137 184.18546 0.68500964 -0.33929946 -0.17605193 25 0 5692.5388 13.00075 -2.784921
49 134.9098 185.09223 0.69919346 0.15132701 -0.10021278 25 0 881.181 1.8860545 -0.6888856
50 123.38077 187.69632 0.68144702 -0.41140893 -0.14087641 25 0 1261.5898 2.7077249 -1.0815114
51 85.667578 193.69809 0.63592782 -0.38740657 0.08614027 25 0 1270.1844 2.8173155 -1.1245887
52 391.53827 193.33768 0.67060673 -0.65254036 -0.31022591 25 0 1925.6027 4.2339076 -1.5668534
53 381.40803 195.50774 0.54338684 -0.60766299 -0.25855846 25 0 314.52414 1.0061641 -0.0066720361
54 453.36901 195.24649 0.57922319 -0.018074007 -0.41114926 25 0 548.43306 1.5209982 -0.45532178
55 197.5073 196.69078 0.59529454 -0.6477163 -0.31062751 25 0 761.65158 1.8020625 -0.63942464
56 392.02083 198.40584 0.62710626 -0.84372534 -0.038661092 25 0 583.20244 1.4647224 -0.41438831
57 159.88155 199.29174 0.55262052 -0.43697327 -0.28891013 25 0 543.76843 1.4209771 -0.38146768
58 42.280876 200.10589 0.71422944 -0.084713916 -0.1390814 25 0 37426.798 83.303249 -4.8016549
59 138.86224 212.17647 0.68732553 0.0074611681 -0.081699117 25 0 582.74479 1.2917549 -0.27795028
60 37.21114 214.25583 0.56949184 -0.35004376 -0.3675208 25 0 447.22249 1.1782718 -0.17811372
61 479.34275 214.13447 0.71117327 -0.12325339 -0.15902346 25 0 1424.8761 3.2994631 -1.2961082
62 439.88032 216.2726 0.58292798 0.43187377 0.2592177 25 0 379.92545 1.127768 -0.13054939
63 473.22978 220.16959 0.67776145 -0.038117152 -0.13888359 25 0 2730.9731 6.3715678 -2.0106158
64 396.04245 226.24078 0.69968053 -0.31829403 -0.076266968 25 0 957.27107 2.2699619 -0.89004644
65 297.0427 228.25207 0.62052251 -0.15102716 -0.11146335 25 0 1173.7535 2.8873995 -1.1512672
66 227.12258 230.32767 0.55782989 0.022385389 -0.12627982 25 0 502.40452 1.2388436 -0.23254117
67 121.39175 231.53395 0.60371718 0.54254524 0.025105376 25 0 696.11196 1.6055169 -0.51403721
68 449.87183 235.07778 0.71434226 -0.28300499 -0.22039874 25 0 4136.8272 9.1886407 -2.4081282
69 210.54862 236.93396 0.66506908 -0.27928103 -0.30172061 25 0 2216.9229 4.9765765 -1.7423267
70 322.62729 239.22162 0.65999901 -0.44970755 -0.22570174 25 0 3398.7031 7.7381213 -2.2215888
71 392.56502 240.05419 0.67206236 -0.36148701 -0.29233486 25 0 11113.156 24.934463 -3.492
72 297.68699 241.55997 0.59606651 -0.62161877 -0.059689671 25 0 678.41631 1.6980114 -0.57485152
73 151.02632 247.60986 0.65886417 -0.27709059 -0.17059824 25 0 568.79103 1.2661746 -0.25623397
74 211.12174 248.69526 0.60035614 -0.49026291 -0.15150784 25 0 546.77685 1.2138748 -0.21043478
75 401.7522 251.48536 0.64118361 0.15843651 -0.0077326308 25 0 1477.0776 3.4653093 -1.349355
76 174.75371 265.1575 0.67306192 -0.39419279 -0.19017377 25 0 4257.1135 9.6207193 -2.4580189
77 398.63716 265.02123 0.64938773 -0.34780139 -0.24873227 25 0 5861.9126 13.481676 -2.8243597
78 499.21509 266.40462 0.64034635 -0.27435778 0.084542859 25 0 1160.3548 2.6981709 -1.0776736
79 4.0570097 285.62028 0.6797023 -0.14670714 0.095965787 25 0 1168.997 2.6249882 -1.0478184
80 18.232661 294.81793 0.66140659 -0.35072691 -0.12376174 25 0 571.32357 1.3870817 -0.35525512
81 318.51408 297.64689 0.62342904 -0.66371171 -0.19793707 25 0 4065.7741 9.3994849 -2.4327601
82 131.31629 298.7307 0.6810657 -0.38926039 -0.28386061 25 0 843.40416 1.9369532 -0.7177978
83 9.8435086 299.82914 0.67905856 0.08921836 -0.01946258 25 0 954.75745 2.1387831 -0.82541687
84 38.004461 299.67549 0.69147421 -0.1789959 -0.022692181 25 0 982.19108 2.2759087 -0.8928871
85 423.92406 302.57495 0.65452836 0.053530562 -0.14541217 25 0 625.88333 1.480439 -0.42597633
86 21.358327 315.30102 0.6509734 -0.59069096 -0.34827218 25 0 916.2508 2.1560187 -0.8341313
87 165.11976 321.29456 0.58175329 0.12346562 -0.14359288 25 0 675.14117 1.5823626 -0.49826504
88 396.59609 321.57167 0.63023853 -0.5697918 -0.010901933 25 0 706.7771 1.4966585 -0.43780679
89 84.161144 325.87567 0.71427164 -0.23246272 -0.13551596 25 0 3112.7185 6.6832218 -2.0624647
90 233.84586 345.09658 0.48008263 -0.16889954 -0.18287887 25 0 439.19445 1.1146087 -0.11780605
91 326.4985 345.71707 0.46167597 -0.14407943 -0.27554136 25 0 377.26193 1.0820472 -0.085615546
92 23.308166 346.77878 0.68139192 -0.62415565 -0.04990772 25 0 845.71936 1.9535195 -0.72704436
93 210.11248 346.56489 0.56822593 -0.19890903 0.066496184 25 0 687.65407 1.5843813 -0.49964927
94 434.7941 353.28327 0.7127569 -0.28459038 0.25421129 25 0 802.73297 1.5168215 -0.45233618
95 306.78317 359.17848 0.56229225 -0.21364003 -0.36812487 25 0 586.10065 1.4830105 -0.42786056
96 186.19049 362.5862 0.64230878 -0.35954305 -0.079741343 25 0 4025.0778 8.9793753 -2.3831153
97 328.032 364.24966 0.66197968 -0.072734487 -0.17050257 25 0 922.43544 2.0165095 -0.76150069
98 244.97504 366.7224 0.65787789 -0.30001938 -0.18970076 25 0 19549.882 43.741392 -4.1022315
99 360.71054 373.93171 0.66694525 -0.13599855 -0.24575123 25 0 1692.9863 3.8040736 -1.4506223
100 172.65883 375.57354 0.53375351 -0.77476471 -0.25947353 25 0 1044.6304 2.3649279 -0.93454478
101 224.52747 376.85775 0.62511339 -0.52120112 -0.37217496 25 0 2153.3323 4.8191228 -1.70742
102 42.107091 377.98484 0.74621015 -0.22124729 -0.15060083 25 0 4731.5589 10.141481 -2.5152535
103 373.92558 378.21856 0.77660595 -0.45012553 -0.059080626 25 0 1103.0959 2.1310129 -0.82146521
104 85.296691 378.87334 0.68771819 -0.43652647 -0.27767171 25 0 493.13108 1.0303406 -0.032452045
105 445.50282 380.48728 0.61471012 -0.76093022 -0.10292755 25 0 6413.969 14.602699 -2.9110828
106 312.25274 391.42907 0.59243349 -0.097021921 -0.13284285 25 0 2438.7911 5.6031191 -1.8710746
107 21.232883 392.12519 0.71003818 -0.15611217 -0.11634665 25 0 3197.5412 7.0623993 -2.1223807
108 67.215866 393.83128 0.66981993 -0.216526 -0.081332041 25 0 552.50437 1.182672 -0.1821608
109 90.947705 398.25296 0.66368534 -0.48569962 -0.066827 25 0 1252.1271 2.7145529 -1.0842458
110 401.48803 400.7795 0.65390178 -0.074626267 -0.23397321 25 0 2028.1403 4.4936537 -1.631499
111 430.6531 400.40051 0.5974644 0.053795629 0.069246887 25 0 1527.2949 3.5310458 -1.3697584
112 192.98015 408.36472 0.62065066 -0.24174213 -0.13176145 25 0 5776.1269 13.30316 -2.809887
113 323.45937 410.46161 0.7474874 -0.50101517 -0.19287608 25 0 576.06446 1.0058989 -0.0063858844
114 221.96478 415.77536 0.67273116 0.2906767 -0.13990457 25 0 688.18262 1.3863534 -0.35468487
115 358.80025 415.65872 0.53992628 0.58832357 -0.14857651 25 0 489.75491 1.0983816 -0.10188316
116 219.3567 419.38937 0.54123729 -0.42800087 -0.016701503 25 0 1299.8743 3.0372992 -1.2062189
117 506.48333 421.91468 0.71655357 -0.35513169 -0.23905362 25 0 2214.4415 4.6450486 -1.6674757
118 51.400258 424.53796 0.63515847 -0.061952484 0.065336343 25 0 675.49293 1.3986251 -0.36425333
119 75.669708 426.06309 0.63575846 -0.28340145 -0.34349524 25 0 1701.3591 3.7938957 -1.4477135
120 126.23158 444.29725 0.6343485 -0.15545099 -0.16090129 25 0 1809.1145 3.8712713 -1.469634
121 99.833392 445.12033 0.67882674 0.042124859 -0.15021257 25 0 1057.2143 2.3508697 -0.92807142
122 199.40463 447.54175 0.55874591 -0.47449264 -0.12301801 25 0 783.79512 1.7145614 -0.5853826
123 458.15177 447.87772 0.26845404 -0.35740892 -0.073052561 25 0 60408.755 184.61791 -5.6656846
124 311.98529 449.71501 0.64581322 -0.19244193 -0.11155485 25 0 2821.6057 6.3654023 -2.0095646
125 212.64585 452.15245 0.70178467 -0.43444539 -0.25272267 25 0 985.00092 1.7734438 -0.62204359
126 58.711743 453.89236 0.71820503 -0.19194884 -0.20727777 25 0 12502.055 27.291014 -3.5900492
127 444.30906 464.4598 0.62231545 -0.63064087 -0.028567508 25 0 1669.9628 3.514025 -1.3645121
128 278.56857 467.94281 0.56617303 -0.59317874 -0.39885373 25 0 599.86076 1.3063133 -0.29011836
129 23.765855 473.3358 0.69521844 -0.35302584 -0.08213756 25 0 5004.3751 11.076617 -2.6110178
130 329.41667 472.88262 0.6294744 -0.36907959 -0.31048406 25 0 1144.9927 2.4385159 -0.96781396
131 116.67152 474.7204 0.70826247 0.061150464 -0.13388582 25 0 1259.6576 2.6277316 -1.0489525
132 394.74402 476.48394 0.53326569 -0.00025582699 -0.063670152 25 0 60030.751 148.46595 -5.4290671
133 178.46152 482.77558 0.66218623 -0.46141564 -0.23289571 25 0 4059.5685 8.896795 -2.373084
134 228.50091 486.21217 0.6311289 -0.18444844 -0.33506418 25 0 2547.5925 5.6846357 -1.8867566
135 106.47891 492.06328 0.62068287 -0.33081398 -0.48734173 25 0 837.89727 1.7861006 -0.62976478
136 31.493111 497.30071 0.63189543 0.21073599 -0.29821726 25 0 865.74336 1.9606467 -0.73099835
