id xcentroid ycentroid sharpness roundness1 roundness2 npix sky peak flux mag
1 298.96932 6.4619321 0.53829342 0.17593545 -0.015422716 25 0 648 2.1321838 -0.82206159
2 307.99092 8.8630276 0.70614299 -0.61353915 -0.30742661 25 0 381 1.1083056 -0.11164881
3 430.3603 9.9362479 0.61229811 -0.13962711 -0.22819927 25 0 421 1.5806844 -0.49711291
4 110.78606 13.753553 0.60718994 0.20530689 -0.11302223 25 0 434 1.3833397 -0.35232209
5 336.49972 15.191105 0.75829952 0.14134514 -0.22753252 25 0 837 2.2239542 -0.8678146
6 26.044519 15.65686 0.65454053 -0.017233188 -0.096918487 25 0 14982 42.253566 -4.0646584
7 409.80652 18.36538 0.58867174 0.056162921 -0.19109966 25 0 589 2.0595221 -0.78441612
8 469.05472 18.246876 0.66241483 0.1539689 -0.1449979 25 0 28842 80.398347 -4.7631178
9 349.14819 27.558284 0.90681283 0.38286813 0.25346243 25 0 1293 3.2298324 -1.27295
10 214.4132 33.488051 0.70556034 0.54266532 -0.068979111 25 0 360 1.0058355 -0.0063174124
11 355.72481 36.630259 0.56690805 0.37484872 -0.0088325022 25 0 516 1.7236325 -0.59111166
12 455.45319 36.850099 0.68465204 -0.015701991 -0.32181468 25 0 332 1.2632079 -0.25368707
13 128.15552 39.280459 0.6091499 -0.23026079 -0.23731403 25 0 449 1.3717493 -0.34318687
14 115.10493 43.335453 0.63027038 0.12030709 -0.24217087 25 0 575 1.589558 -0.50319096
15 188.17329 44.552616 0.54340633 0.41197583 -0.084786126 25 0 1054 3.1441734 -1.2437662
16 207.52044 45.36385 0.57295861 -0.38892948 -0.27293624 25 0 2094 6.1213329 -1.967115
17 326.07857 47.527677 0.35554176 0.12695376 -0.19069501 25 0 58763 199.09695 -5.7476615
18 348.25422 46.551368 0.58189795 -0.15418111 -0.10355662 25 0 464 1.436332 -0.39313707
19 67.89865 47.571189 0.57735554 0.38330235 -0.12122555 25 0 469 1.55035 -0.4760744
20 112.94225 49.473574 0.55489154 0.18640428 -0.065117765 25 0 4376 13.078761 -2.7914165
21 155.89112 50.270702 0.52896765 0.58796644 0.11692084 25 0 347 1.022851 -0.024530899
22 401.73167 51.085689 0.62551109 -0.028634758 -0.25318225 25 0 1046 3.2222667 -1.2704037
23 472.17347 57.079999 0.73189292 0.19926527 -0.15586943 25 0 945 2.781995 -1.1108909
24 295.78449 58.003717 0.58083058 0.03353211 -0.31120822 25 0 1550 4.6511315 -1.6688965
25 444.77756 64.753385 0.67828795 0.26893452 -0.064820523 25 0 1567 4.3136374 -1.5871091
26 31.980306 65.726603 0.52972486 -0.33184809 -0.10294865 25 0 234 1.0023568 -0.0025558269
27 503.33615 66.970073 0.71618364 0.020422755 -0.20098141 25 0 3764 10.287306 -2.5307542
28 33.01211 70.672768 0.56567662 -0.10057964 0.035184591 25 0 539 1.8091585 -0.64369153
29 56.156798 70.246722 0.73402636 -0.25330776 -0.098645487 25 0 478 1.2636099 -0.25403256
30 434.37742 71.602171 0.56165354 0.76194813 0.077618776 25 0 1276 3.9490354 -1.4912276
31 113.79708 72.295577 0.47868759 0.013466129 -0.22893928 25 0 342 1.039023 -0.041562862
32 473.03857 72.359332 0.64711466 0.0024725697 -0.25195614 25 0 338 1.2796635 -0.2677395
33 419.68209 73.163854 0.62347765 -0.17687048 -0.091623683 25 0 564 1.7917239 -0.63317773
34 57.336181 75.461056 0.56054433 0.38159245 -0.092487298 25 0 1437 4.4149557 -1.6123159
35 470.24215 80.170134 0.67656928 0.45896099 -0.063678521 25 0 948 2.8338794 -1.1309534
36 352.14335 84.128804 0.64121247 0.060017892 -0.2245218 25 0 3809 10.864888 -2.5900631
37 121.22473 87.371811 0.64555701 0.2772442 -0.21320369 25 0 555 1.499248 -0.43968371
38 93.506866 90.901983 0.68039802 -0.22578878 -0.3698782 25 0 644 1.6912244 -0.57050308
39 492.57046 91.033311 0.64990568 -0.0089909154 -0.24668514 25 0 22463 62.600614 -4.4914465
40 156.40309 97.74824 0.62751404 0.35330218 -0.32932823 25 0 531 1.3895695 -0.35720071
41 285.15352 98.528081 0.5576003 0.00034271983 -0.1802618 25 0 1153 3.3470459 -1.3116542
42 289.12153 100.17821 0.56116074 -0.264845 -0.31678279 25 0 1406 4.0821399 -1.5272197
43 187.47215 101.19042 0.67507456 0.2994302 -0.3057057 25 0 1858 4.7450104 -1.6905929
44 55.2433 105.2881 0.62403098 0.058186156 -0.20350637 25 0 4490 12.770434 -2.7655141
45 117.27944 104.89383 0.58920147 0.17004415 -0.17760102 25 0 422 1.1568315 -0.15817528
46 453.13867 105.06016 0.59555909 0.064962088 -0.11167146 25 0 354 1.2646396 -0.25491698
47 510.47915 107.41489 0.632942 0.49495366 0.032828398 25 0 1764 5.1620601 -1.7820577
48 490.81734 111.04291 0.65315874 0.084159585 -0.14437875 25 0 2291 6.7470891 -2.0727911
49 333.76024 116.5867 0.56672196 -0.077602135 -0.21335532 25 0 595 1.7374534 -0.59978294
50 220.53113 118.51213 0.59308449 0.57448466 -0.14443553 25 0 14961 41.720249 -4.0508672
51 237.94207 118.5512 0.59666523 0.33212301 -0.07626821 25 0 1044 2.78732 -1.1129671
52 248.02682 119.95008 0.61647652 -0.058698053 -0.20211021 25 0 2123 5.943827 -1.9351654
53 304.55872 119.61246 0.5928608 -0.62611007 -0.20571599 25 0 1132 3.1436451 -1.2435838
54 449.77658 121.38659 0.62739136 0.328516 -0.11785382 25 0 341 1.1771587 -0.17708752
55 99.568675 121.96269 0.64135382 0.13874921 -0.040640778 25 0 528 1.3466385 -0.32312759
56 200.02173 121.75593 0.61097585 -0.14999391 -0.066440792 25 0 639 1.664993 -0.55353104
57 52.496605 123.407 0.67492463 0.61481723 -0.16606066 25 0 604 1.5886604 -0.50257769
58 153.97617 123.05739 0.51227295 -0.17677605 -0.51779418 25 0 421 1.1484132 -0.15024545
59 151.87083 125.09482 0.59912206 -0.10079319 -0.24852197 25 0 2136 6.0110738 -1.9473802
60 479.92113 125.51961 0.59781556 0.38966946 0.23604055 25 0 317 1.1758752 -0.17590303
61 175.86546 130.54832 0.57590014 0.25515219 -0.096694636 25 0 1644 4.5351124 -1.6414701
62 7.1408885 132.04586 0.67569493 -0.040935201 -0.17396246 25 0 1381 3.919436 -1.4830589
63 253.20585 133.7945 0.66291793 -0.343976 -0.26781868 25 0 579 1.3958719 -0.36211388
64 395.64696 142.06031 0.610109 -0.067477154 -0.27660119 25 0 12328 35.287348 -3.8690476
65 14.372362 148.30265 0.60591834 0.1496258 -0.11498522 25 0 768 2.3395498 -0.92283075
66 298.53582 147.57485 0.56622958 0.46053127 -0.17596597 25 0 2702 7.6806293 -2.213492
67 483.94281 154.0846 0.64440724 0.035762927 -0.15206978 25 0 8576 24.727739 -3.482961
68 97.287383 161.82928 0.50135924 -0.49167745 -0.17919281 25 0 502 1.6012186 -0.5111266
69 385.59535 163.54409 0.54988414 0.4493833 -0.15260612 25 0 43740 128.52024 -5.2724288
70 206.16407 167.72252 0.38583087 0.37241399 0.15308393 25 0 418 1.1604807 -0.16159478
71 424.88831 167.06148 0.55964958 -0.070213302 -0.23060425 25 0 493 1.6753425 -0.56025904
72 153.22899 170.96094 0.54767353 -0.037785741 -0.20415153 25 0 535 1.394343 -0.36092408
73 33.169005 174.40872 0.63719825 0.13726405 -0.16167392 25 0 416 1.1252257 -0.12809913
74 477.96236 175.45423 0.61320939 0.080944503 0.012185779 25 0 6314 18.189219 -3.1495351
75 225.63655 176.00638 0.62240787 -0.089454149 -0.30184699 25 0 1943 5.2923042 -1.809112
76 346.03411 175.66494 0.56928837 0.0061817577 -0.0036534886 25 0 500 1.4198794 -0.38062868
77 163.90043 176.58466 0.57885861 0.065358379 -0.12640236 25 0 1060 3.001126 -1.1932106
78 413.39125 178.07478 0.59704192 0.095288016 -0.28454907 25 0 340 1.1091918 -0.11251665
79 152.45128 179.24236 0.64503211 0.14367761 -0.32352618 25 0 1658 4.3644128 -1.5998146
80 16.572796 184.99167 0.76259059 -0.063139195 -0.28947492 25 0 882 2.2256974 -0.86866529
81 114.65017 185.24534 0.65400206 -0.089825194 -0.17746679 25 0 1840 4.7428368 -1.6900954
82 420.81659 184.66611 0.56079881 0.13854964 -0.16544175 25 0 2572 7.7916684 -2.2290762
83 410.63374 186.95624 0.50903526 -0.039627395 -0.22426261 25 0 483 1.6407617 -0.5376138
84 482.5541 186.37996 0.52877487 0.61199496 -0.019828191 25 0 570 2.0199045 -0.76332708
85 226.60658 188.13617 0.66076135 -0.21789624 -0.39437966 25 0 1203 3.0297225 -1.2035071
86 421.25109 189.66807 0.60446934 -0.23255741 -0.080627684 25 0 870 2.5950117 -1.0353483
87 188.95457 190.76024 0.59518787 0.052368465 -0.17955117 25 0 793 2.120672 -0.81618377
88 71.247951 191.70564 0.62073306 -0.13441524 -0.14399666 25 0 40116 114.29106 -5.1450307
89 121.01246 193.0965 0.70877243 0.13316378 -0.26687773 25 0 589 1.4430663 -0.3982157
90 420.23759 197.57684 0.53305591 0.10978368 0.17150723 25 0 321 1.1833704 -0.18280178
91 454.44862 201.59295 0.53011549 -0.01661233 -0.37406608 25 0 423 1.4860195 -0.43006126
92 381.55117 203.28433 0.6004802 0.25020282 0.047756881 25 0 321 1.0261357 -0.02801196
93 167.85171 203.70414 0.60870936 0.033317449 -0.26294323 25 0 658 1.670543 -0.55714414
94 198.2739 204.88086 0.55688408 0.89446256 0.3254974 25 0 408 1.0486061 -0.051530907
95 508.62094 205.24816 0.66379503 0.28575317 -0.2680322 25 0 1487 4.1525996 -1.5458001
96 66.243926 205.85193 0.64357101 0.26213662 -0.043906492 25 0 716 1.9584772 -0.72979628
97 469.11713 207.74471 0.68870552 -0.18384984 -0.037758851 25 0 649 1.9185342 -0.70742387
98 502.57685 211.31888 0.6284092 0.38396086 -0.25584227 25 0 2850 8.0606687 -2.2659277
99 11.995662 214.94351 0.4540366 0.54106085 0.28569218 25 0 338 1.1594365 -0.16061745
100 14.629789 216.30729 0.53892986 0.84885297 0.032537714 25 0 391 1.1491979 -0.15098707
101 425.38447 217.46766 0.52693095 -0.25323602 -0.13080803 25 0 821 2.5792038 -1.0287142
102 325.97964 219.64185 0.55289181 -0.080154097 -0.19244949 25 0 1468 4.3856047 -1.6050737
103 256.19556 221.61243 0.50006872 -0.095748092 -0.25735004 25 0 659 1.8745565 -0.68224634
104 150.42947 222.97527 0.68180811 -0.08999828 -0.2529642 25 0 1098 2.6277043 -1.0489412
105 479.12035 226.30512 0.64183189 0.12562044 -0.10238916 25 0 5002 14.313508 -2.8893652
106 239.50845 228.443 0.55543341 -0.4718701 -0.24398726 25 0 2487 6.9575963 -2.1061481
107 351.74418 230.5536 0.54224875 0.34781145 -0.11411676 25 0 3854 11.409611 -2.6431771
108 421.88555 231.36543 0.57937865 -0.081899939 -0.11968602 25 0 13035 38.134476 -3.9532945
109 326.64765 232.90251 0.60241281 0.13937523 -0.22956141 25 0 1109 3.1400678 -1.2423476
110 180.03984 239.04805 0.58419378 -0.086957764 -0.30594361 25 0 770 2.0942582 -0.80257557
111 240.16659 240.08745 0.59050585 0.037310361 -0.32539008 25 0 848 2.3021918 -0.90535374
112 30.732555 243.26078 0.51424062 0.26569375 0.15495272 25 0 367 1.1290268 -0.13176061
113 431.07261 242.8283 0.61619481 -0.0068991346 -0.15757906 25 0 1994 5.8413185 -1.9162772
114 427.97495 256.29503 0.61237889 -0.012745292 -0.13628594 25 0 7488 21.545605 -3.3333967
115 203.73327 256.60321 0.55503567 0.25236674 -0.15164926 25 0 4600 13.426896 -2.819939
116 265.77453 259.15781 0.45710603 -0.5757741 -0.42354646 25 0 412 1.2221426 -0.2178047
117 33.05176 277.3091 0.65023406 0.12459143 -0.12522766 25 0 1617 4.3115601 -1.5865861
118 215.21922 285.79724 0.60026555 0.11215661 -0.098292308 25 0 447 1.1325449 -0.13513858
119 47.254802 286.576 0.56667733 -0.52644446 -0.15774343 25 0 743 2.0362005 -0.77205133
120 347.48976 289.05319 0.62873767 -0.15769171 -0.29678868 25 0 5398 14.851814 -2.9294487
121 160.3159 290.31022 0.58977176 0.0054810271 -0.19593047 25 0 952 2.5946559 -1.0351994
122 38.795487 291.52362 0.6266687 -0.11566817 -0.0028076229 25 0 1246 3.2901294 -1.2930325
123 67.105468 291.31759 0.67361356 0.16137469 -0.13875761 25 0 1278 3.2876849 -1.2922255
124 321.8081 293.79462 0.52958467 0.097025718 -0.27774825 25 0 436 1.3490232 -0.32504854
125 453.1862 293.971 0.63998366 0.027672994 -0.08273689 25 0 756 2.4028218 -0.9518039
126 136.08285 300.96549 0.64174463 -0.22978934 -0.13377489 25 0 548 1.4083502 -0.37177663
127 50.452405 306.99966 0.63346015 -0.015134588 -0.36586006 25 0 1370 3.707664 -1.4227509
128 398.47408 307.21325 0.60264447 -0.14668171 -0.44210849 25 0 369 1.1985994 -0.19668511
129 194.09646 312.74309 0.59783605 0.12431136 -0.17575415 25 0 897 2.3252167 -0.9161586
130 425.87284 312.80811 0.6097865 0.17950629 -0.02729703 25 0 1044 3.2392264 -1.2761032
131 113.28632 317.413 0.6208033 0.3930628 -0.12078263 25 0 3418 9.4025725 -2.4331167
132 162.61379 327.09894 0.58730527 -0.27250575 -0.19675688 25 0 450 1.1094047 -0.11272496
133 305.5331 329.24749 0.5953954 -0.33457005 -0.23937254 25 0 602 1.7228397 -0.59061217
134 6.1225682 337.13733 0.70681011 0.06584823 -0.18912444 25 0 14868 40.005099 -4.0052884
135 262.72649 336.35553 0.40412601 0.066240671 -0.160712 25 0 401 1.2375718 -0.23142598
136 355.62873 337.02985 0.55181841 0.41674133 -0.13061751 25 0 437 1.394975 -0.36141608
137 52.402489 338.26657 0.66986077 0.29898038 -0.035751135 25 0 1033 2.7043769 -1.080168
138 239.19998 338.09185 0.60965261 -0.17568618 -0.30426983 25 0 930 2.5207442 -1.0038219
139 464.12832 344.65182 0.49237772 0.53386398 0.41296705 25 0 691 2.1844747 -0.84836752
140 235.10853 347.89661 0.51545485 0.048764339 -0.20724546 25 0 399 1.1286683 -0.13141577
141 335.99778 350.42587 0.59520095 0.046339962 -0.21666195 25 0 715 2.0103595 -0.75818434
142 215.26656 354.10047 0.62880967 0.073288951 -0.24782587 25 0 5507 15.456228 -2.9727588
143 357.36197 355.56206 0.60212715 -0.32127255 -0.062004374 25 0 949 2.6428611 -1.0551859
144 274.12696 358.10125 0.61224288 -0.03435536 -0.26724606 25 0 26473 76.155113 -4.7042477
145 390.04527 365.2653 0.60363518 -0.042084372 -0.11401459 25 0 1924 5.7696403 -1.9028718
146 201.43597 367.1175 0.60531891 -0.24248696 -0.38742559 25 0 1575 4.3280935 -1.5907416
147 253.46235 368.34867 0.59807658 -0.41691277 -0.2675887 25 0 2402 6.6400018 -2.0554205
148 71.24114 369.58864 0.60246187 -0.11270557 -0.12120884 25 0 4815 13.748696 -2.8456537
149 114.50324 370.48594 0.46727793 0.33351025 -0.15466449 25 0 414 1.2750718 -0.26383663
150 403.23572 369.60629 0.62311265 -0.38481195 -0.16491039 25 0 1009 2.9313797 -1.1676802
151 474.86948 371.80393 0.64263733 0.014010457 -0.11792149 25 0 9526 27.156136 -3.5846699
152 341.50733 382.74227 0.65922642 -0.39342061 -0.25136336 25 0 3367 9.0005784 -2.385676
153 50.424626 383.77428 0.65517437 -0.26581949 -0.20472078 25 0 3808 10.430295 -2.5457415
154 96.08487 386.04526 0.36350386 0.16350395 0.76709812 25 0 551 1.9033808 -0.69881424
155 202.78817 387.10768 0.55082293 -0.096728788 -0.28648055 25 0 596 1.7276698 -0.59365188
156 120.14993 389.67846 0.63316268 -0.17675084 -0.1622996 25 0 1467 3.9089102 -1.4801392
157 492.07968 390.14822 0.70564919 0.21078416 -0.027530947 25 0 331 1.1130031 -0.11624098
158 430.84685 392.11502 0.64542736 -0.10395075 -0.19253689 25 0 2597 7.496827 -2.1871937
159 460.23017 391.77562 0.64984656 -0.23851934 -0.14319043 25 0 2161 6.3093634 -1.9999638
160 35.700609 394.69346 0.70505409 0.22472062 -0.16941061 25 0 629 1.6511472 -0.54446448
161 222.10336 399.8627 0.60451011 -0.11264611 -0.26144777 25 0 7855 22.753464 -3.3926188
162 352.52503 401.91987 0.70032603 0.17589905 -0.35330142 25 0 768 2.0368682 -0.77240732
163 251.13502 407.29952 0.5800087 0.66328854 -0.17385032 25 0 697 2.01053 -0.75827642
164 388.10275 407.00513 0.61377992 -0.14475146 -0.25674497 25 0 590 1.9375897 -0.71815456
165 248.58446 410.986 0.71549233 -0.13540483 -0.44752065 25 0 2075 5.1950393 -1.7889721
166 470.01385 411.59704 0.49591901 0.13208409 0.1152715 25 0 319 1.3517106 -0.32720927
167 80.479932 416.12037 0.67866542 -0.17295744 -0.29441182 25 0 969 2.3966534 -0.9490131
168 104.64384 417.67777 0.65608191 0.24614029 -0.22783117 25 0 2308 6.2584389 -1.991165
169 280.30312 427.95281 0.58872355 0.27215885 -0.1108154 25 0 450 1.3444645 -0.32137333
170 190.27181 434.82124 0.59388771 -0.57230916 -0.29696219 25 0 428 1.2072852 -0.20452473
171 155.50406 435.72852 0.62893448 -0.2981026 -0.31235556 25 0 2072 5.5872141 -1.8679883
172 128.91048 436.5976 0.61252773 0.40068792 0.012551135 25 0 1079 3.0717553 -1.2184666
173 228.51259 439.13403 0.65463321 -0.20028293 -0.39282824 25 0 1132 3.0828461 -1.2223796
174 487.5866 439.03722 0.27762654 -0.11903519 -0.21826576 25 0 58491 193.57435 -5.7171195
175 341.12454 441.15005 0.62619989 -0.038970819 -0.22569168 25 0 3369 9.7410862 -2.4715185
176 10.840524 444.0114 0.7509187 -0.092697138 -0.28147385 25 0 394 1.0372178 -0.039674937
177 241.54569 443.63044 0.65310156 0.17768966 -0.059613773 25 0 1126 2.9081644 -1.1590474
178 87.739065 445.55409 0.54854235 -0.11364391 -0.047939166 25 0 12054 36.036934 -3.8918696
179 473.67142 455.63986 0.63135832 0.040840971 -0.18274378 25 0 2040 6.0012941 -1.9456123
180 307.75494 459.32605 0.53733169 0.024460026 -0.42783196 25 0 520 1.6912146 -0.5704968
181 358.64469 464.26069 0.60567075 -0.23916584 -0.16010158 25 0 1195 3.5292001 -1.3691907
182 52.908353 465.01883 0.73259086 0.018635087 -0.23172578 25 0 7113 18.780005 -3.1842392
183 145.80819 466.21103 0.62066178 -0.10476951 -0.21781783 25 0 1254 3.6579913 -1.4081067
184 424.25676 467.81975 0.43569571 -0.22814598 -0.245126 25 0 58356 195.9569 -5.7304014
185 207.48217 474.2669 0.6290629 -0.35745688 -0.29010494 25 0 4751 13.198418 -2.8013047
186 339.14606 476.25329 0.75078856 -0.13029703 -0.097086633 25 0 620 1.6237642 -0.52630744
187 425.41816 475.33379 0.5757893 -0.012682197 -0.032233535 25 0 378 1.2428298 -0.23602914
188 110.77953 478.22329 0.66264795 -0.32947741 -0.44256257 25 0 484 1.3519907 -0.3274343
189 257.61693 477.62886 0.61175454 0.26446075 -0.18948674 25 0 3010 8.6556032 -2.3432433
190 334.80697 483.00967 0.68897978 -0.031309572 -0.15917975 25 0 500 1.4670199 -0.41608998
191 135.49906 483.51369 0.61063093 0.48352869 -0.22955776 25 0 791 2.0728667 -0.79142845
192 60.579374 488.94221 0.72449507 0.12051167 -0.32535821 25 0 1247 3.2595207 -1.2828844
193 236.83834 498.58679 0.66859265 -0.063407274 -0.057811662 25 0 427 1.2119452 -0.20870749
194 494.0069 500.91911 0.79974861 -0.078260151 -0.14146728 25 0 326 1.0144264 -0.015551327
195 64.091895 503.81266 0.72992936 -0.026214731 -0.16565367 25 0 453 1.2512031 -0.24331954
196 112.64982 505.59233 0.5950182 -0.0054489043 -0.14925621 25 0 571 1.5448609 -0.47222344
197 158.04869 505.76874 0.7002874 0.06832738 -0.20610064 25 0 550 1.351024 -0.32665764
198 113.5146 509.45309 0.64677306 -0.3774018 -0.21312744 25 0 750 1.8766493 -0.6834578
