id xcentroid ycentroid sharpness roundness1 roundness2 npix sky peak flux mag
1 309.46145 1.1628612 0.73345421 0.19725424 -0.19420167 25 0 536 1.4229513 -0.38297506
2 440.76562 4.0666844 0.50771048 0.095505847 -0.22437166 25 0 203 1.1439201 -0.14598927
3 121.47269 8.2172816 0.59883281 0.58244995 -0.22671553 25 0 319 1.1012087 -0.10467408
4 347.10445 9.5956966 0.45693175 0.18539895 0.099967994 25 0 327 1.2335078 -0.22785479
5 36.589808 10.118305 0.66608864 0.11647176 -0.33516962 25 0 9027 24.328699 -3.4652972
6 479.51341 12.500337 0.54832626 -0.25050867 -0.090628779 25 0 14053 40.71975 -4.0245128
7 420.49902 12.665128 0.64249743 0.75238317 -0.006255416 25 0 386 1.332593 -0.31174382
8 366.37477 30.914923 0.55876122 -0.23238276 -0.2494456 25 0 342 1.2341634 -0.22843161
9 125.73033 37.806836 0.46719473 -0.057852318 0.081529436 25 0 322 1.138474 -0.14080778
10 198.813 38.804251 0.60704133 0.34352971 -0.20646473 25 0 794 2.2288192 -0.87018708
11 218.18878 39.629771 0.57069261 0.099553324 -0.08371415 25 0 1509 4.3332415 -1.5920322
12 359.04793 40.876714 0.60052026 0.53778465 -0.11842874 25 0 327 1.1109174 -0.11420446
13 78.333445 42.064513 0.67113076 0.28804212 -0.15327662 25 0 335 1.0495544 -0.052512425
14 336.70526 41.654099 0.39112761 0.46804274 -0.11966963 25 0 58793 200.65076 -5.756102
15 123.5128 43.908156 0.63423677 -0.085209378 -0.33713273 25 0 3296 9.0996478 -2.3975615
16 412.32238 45.242354 0.73920501 0.40160192 -0.17930561 25 0 650 1.7839201 -0.62843848
17 482.66315 51.236296 0.65239076 0.29506577 -0.11839113 25 0 449 1.5033648 -0.44266095
18 306.37646 52.22756 0.621581 0.27207222 -0.27403942 25 0 1072 3.0051114 -1.1946515
19 455.48936 58.808017 0.58997705 -0.1252743 -0.25523611 25 0 850 2.6294416 -1.0496588
20 43.468891 64.928364 0.64764572 -0.043301074 -0.27886423 25 0 483 1.5015946 -0.44138178
21 445.02876 65.837391 0.58500848 0.25898753 0.0035455866 25 0 1079 3.5245778 -1.3677678
22 67.845415 69.860595 0.70497554 0.25839569 -0.19554466 25 0 1191 3.232122 -1.2737194
23 480.88211 74.209708 0.6040067 0.054383378 -0.13923419 25 0 557 1.884578 -0.68803531
24 362.77293 78.370679 0.59899828 -0.054488288 -0.083819005 25 0 2110 5.960682 -1.9382399
25 104.11168 85.277889 0.7570594 -0.070169611 -0.14574455 25 0 474 1.1413547 -0.14355153
26 503.20828 85.122426 0.68030536 0.20036592 -0.15510033 25 0 15590 42.21726 -4.0637251
27 53.227908 88.834292 0.97796015 -0.57860366 -0.018035356 25 0 1668 3.7799179 -1.4437059
28 295.85499 92.734055 0.65695057 0.02020334 -0.050205938 25 0 921 2.3583795 -0.93153423
29 198.05298 95.538968 0.55072853 0.039416541 -0.070134204 25 0 977 2.7123068 -1.083347
30 299.83051 94.445736 0.49915772 -0.059600468 -0.086002195 25 0 793 2.3025542 -0.90552465
31 65.724795 99.716926 0.62821842 0.29898665 -0.1211522 25 0 2667 7.3196461 -2.1612252
32 501.52796 105.11694 0.67793108 0.10822326 -0.25020522 25 0 1348 3.7908614 -1.4468448
33 344.47338 110.51198 0.54527373 0.28766654 -0.12990762 25 0 370 1.1442956 -0.14634559
34 231.11954 112.75101 0.61176134 0.059764523 -0.12369482 25 0 11821 33.481128 -3.8120002
35 248.50377 112.89962 0.66736275 0.36851989 -0.21636739 25 0 795 1.9916173 -0.7480147
36 258.52884 114.24633 0.59677336 -0.31882485 -0.23150004 25 0 1271 3.4432013 -1.342406
37 315.24336 113.94065 0.54416766 0.00079718143 -0.27251158 25 0 798 2.3599028 -0.9322353
38 110.15754 116.29184 0.66858406 0.25954911 -0.084950472 25 0 451 1.1723828 -0.17267364
39 210.75753 115.76986 0.57522469 0.57960882 0.09851827 25 0 419 1.0751179 -0.078640245
40 62.893553 117.88893 0.74447464 0.2036945 -0.19138052 25 0 465 1.1664741 -0.16718776
41 162.49541 119.4086 0.60711799 0.49084814 -0.19605229 25 0 1252 3.2559446 -1.2816925
42 186.47144 124.86859 0.66295793 -0.17948633 -0.24993045 25 0 1267 3.1175982 -1.2345503
43 17.622051 126.45637 0.51876636 -0.15239484 -0.067950154 25 0 598 1.9046639 -0.69954589
44 406.36389 136.24135 0.64904358 0.31369428 -0.19049222 25 0 8161 22.12884 -3.3623966
45 309.28462 141.903 0.57959618 0.055933128 -0.19038719 25 0 1964 5.4755218 -1.8460638
46 24.967625 142.72217 0.63775937 0.49022827 0.023997759 25 0 531 1.6006055 -0.51071073
47 8.030887 146.83683 0.71042321 -0.23839613 -0.13206483 25 0 460 1.1971322 -0.19535524
48 494.56018 148.15509 0.66382144 0.23948618 -0.27774614 25 0 5042 13.641796 -2.8371789
49 107.555 156.10309 0.50551958 -0.28518344 -0.46302441 25 0 406 1.164477 -0.1653273
50 396.33414 157.79607 0.5955566 -0.038424073 -0.19415192 25 0 32790 92.915386 -4.9202191
51 435.45202 161.22941 0.64259048 -0.019941663 -0.30675055 25 0 353 1.1139638 -0.11717765
52 217.01643 161.88844 0.60181149 0.4713066 -0.093578755 25 0 450 1.1075511 -0.11090948
53 163.75103 165.21978 0.62324247 0.054078581 -0.15034619 25 0 1396 3.622142 -1.3974137
54 236.45507 170.18545 0.58950812 0.35443174 -0.17966537 25 0 1185 3.1515527 -1.2463114
55 356.59234 170.08452 0.71532295 0.037055758 -0.29551777 25 0 431 1.0635348 -0.066879294
56 488.46668 169.56691 0.5974257 0.58955482 -0.12579334 25 0 3694 10.388942 -2.5414283
57 174.58769 171.00082 0.65655017 -0.089456829 -0.33405048 25 0 726 1.7166406 -0.58669842
58 162.98262 173.60272 0.63894481 0.071380112 -0.081180784 25 0 1165 2.9592363 -1.1779491
59 431.46183 178.82608 0.62450697 0.03485191 -0.21252372 25 0 1671 4.5697283 -1.6497259
60 27.063491 179.50797 0.52281932 0.17287194 0.040919822 25 0 476 1.5263986 -0.45916993
61 125.30336 179.562 0.52159047 0.0095541773 -0.028107831 25 0 1056 2.9197653 -1.1633698
62 421.19999 181.06278 0.52752764 -0.52366034 -0.52469228 25 0 316 1.1704574 -0.17088907
63 493.25973 180.66759 0.55177093 -0.27890078 -0.13976362 25 0 414 1.498115 -0.43886285
64 237.2242 182.59932 0.61210024 0.060246382 0.018843124 25 0 733 1.7269643 -0.5932084
65 431.90841 183.88328 0.62486051 0.038987508 -0.11631513 25 0 596 1.7746738 -0.62279637
66 199.52016 185.10762 0.60247118 0.44366046 -0.37904188 25 0 541 1.3602629 -0.33405712
67 81.786391 186.16415 0.64690223 0.036685075 -0.17036702 25 0 27571 75.678607 -4.6974328
68 465.62114 195.6725 0.57980773 -0.14324262 -0.43966992 25 0 297 1.046219 -0.049056471
69 76.970937 200.22241 0.56827921 0.32662553 -0.24155441 25 0 411 1.1486204 -0.15044127
70 479.65094 201.708 0.49005783 0.43101206 -0.10154004 25 0 283 1.1935739 -0.19212328
71 435.91598 211.5637 0.61438267 0.36414858 0.058107077 25 0 650 1.9621699 -0.73184151
72 336.50389 213.91013 0.61331749 0.038857203 -0.38172352 25 0 1040 2.8916331 -1.152858
73 266.93688 215.9846 0.56736628 0.19513433 -0.086747728 25 0 546 1.3735434 -0.34460598
74 160.91604 217.37489 0.62493772 0.20124773 -0.10824836 25 0 712 1.7466942 -0.60554221
75 489.73216 220.46437 0.59031462 -0.088381387 -0.042203909 25 0 2685 7.7341993 -2.2210384
76 250.33696 222.68473 0.56610536 -0.035145923 -0.18153006 25 0 1830 5.1915999 -1.788253
77 362.54421 224.75955 0.5918787 -0.1672215 -0.24452437 25 0 2624 7.2457861 -2.1502138
78 432.59418 225.50425 0.58005935 0.66504334 -0.17126964 25 0 7558 20.919381 -3.3013721
79 337.6205 227.14296 0.58143382 0.29980245 -0.32971351 25 0 685 1.8465303 -0.6658911
80 190.70724 233.3788 0.63319941 -0.25178565 -0.2090608 25 0 513 1.1379573 -0.14031494
81 250.87775 234.37018 0.54449293 0.10976621 0.055069758 25 0 476 1.3027108 -0.28712003
82 441.74718 237.07219 0.61848716 0.0041856965 -0.18438685 25 0 1303 3.788647 -1.4462103
83 438.55833 250.51082 0.59384476 -0.34349439 -0.077949472 25 0 4183 11.508598 -2.6525561
84 214.51254 251.04649 0.64326031 0.0013069659 -0.35585989 25 0 3372 8.8904778 -2.3723128
85 43.661755 271.70618 0.66817617 0.38794857 -0.12568246 25 0 1056 2.7445077 -1.0961611
86 226.02629 280.03207 0.62237931 -0.17907327 -0.11679291 25 0 394 1.0592299 -0.062475541
87 57.862537 280.88512 0.65647459 0.18210373 -0.0067356686 25 0 631 1.6417622 -0.53827562
88 358.25724 283.27573 0.58918214 0.21469992 -0.18848877 25 0 3453 9.9089262 -2.4900665
89 170.99672 284.57783 0.55000405 0.08067597 0.039319024 25 0 595 1.5298104 -0.46159405
90 49.402223 285.88069 0.7042668 0.03269227 -0.29452524 25 0 948 2.3093823 -0.90873957
91 77.633127 285.66542 0.57659373 0.42248619 -0.2081826 25 0 759 2.0740135 -0.79202896
92 463.73983 288.2206 0.69057096 -0.31068713 -0.23516933 25 0 507 1.5107431 -0.44797656
93 146.91269 295.24046 0.69479093 -0.011548849 -0.20355363 25 0 467 1.1383764 -0.14071471
94 61.073215 301.37445 0.68355896 0.13173426 -0.035182444 25 0 902 2.2132217 -0.86256228
95 204.81187 307.03254 0.58844897 -0.050417967 -0.0072549829 25 0 613 1.636236 -0.53461486
96 436.43202 307.01993 0.67149934 -0.078978097 -0.40463476 25 0 632 1.7779493 -0.62479843
97 123.91652 311.80782 0.6604581 0.13496537 -0.10032482 25 0 2381 6.1492497 -1.9720553
98 0.39000364 313.45245 0.72010995 -0.20980767 0.30240749 25 0 1381 3.5767592 -1.3837243
99 316.27789 323.4668 0.50542963 0.38981682 -0.18719474 25 0 371 1.162734 -0.16370093
100 6.4200215 330.70935 0.65947806 0.47075951 -0.24888537 25 0 2988 7.8201752 -2.2330412
101 16.682073 331.61589 0.64833122 0.46858079 -0.091880107 25 0 7867 20.996449 -3.3053646
102 249.88309 332.36008 0.67917989 -0.068108293 -0.089835551 25 0 693 1.7111106 -0.58319521
103 62.907982 332.81847 0.71491358 -0.10789417 -0.11898781 25 0 735 1.7951739 -0.63526634
104 474.82655 338.74345 0.49310367 0.28375954 0.26067938 25 0 449 1.5468193 -0.47359898
105 346.70798 344.68884 0.72301153 0.24186463 -0.10083087 25 0 502 1.2264598 -0.22163331
106 225.92117 348.41116 0.56287304 0.16756664 -0.079394054 25 0 3045 8.6285703 -2.3398471
107 367.97696 349.81652 0.59089299 -0.12261166 -0.15105121 25 0 673 2.0338327 -0.77078804
108 7.9017276 350.72742 0.56880581 -0.25405136 0.14400643 25 0 541 1.5679697 -0.48834417
109 284.84326 352.3472 0.61411896 -0.012678608 -0.13461335 25 0 16500 45.701434 -4.1498246
110 8.0772326 354.60588 0.65863991 0.25938448 0.21767312 25 0 804 2.0329595 -0.77032182
111 9.1349338 357.98968 0.75334235 -0.36486525 0.027369628 25 0 516 1.24669 -0.23939617
112 400.69743 359.38947 0.55898631 -0.38695382 -0.12314471 25 0 1032 3.1649291 -1.25091
113 212.26013 361.42927 0.60651124 0.21651302 -0.080788424 25 0 987 2.5405327 -1.012312
114 264.30019 362.50091 0.53920146 -0.048793605 -0.058498339 25 0 1512 4.2883382 -1.5807226
115 81.790918 364.09887 0.67531398 -0.026022777 -0.20506987 25 0 3671 9.8128137 -2.4794839
116 413.95055 363.81657 0.66450031 0.079401402 -0.28733681 25 0 713 2.0435113 -0.77594262
117 485.51374 365.88947 0.64339444 0.0089023333 -0.25367942 25 0 5664 15.705923 -2.9901586
118 352.18513 376.96116 0.63544814 0.01510092 -0.18959214 25 0 2367 6.6782446 -2.0616558
119 60.966309 378.24954 0.66683468 0.16645561 -0.10100137 25 0 2624 7.0811321 -2.1252567
120 106.61074 379.96651 0.53082144 -0.14504272 -0.50545566 25 0 432 1.2508428 -0.24300682
121 470.04358 382.45921 0.67757028 -0.95427131 -0.016743469 25 0 366 1.1882573 -0.18727621
122 130.77595 384.15917 0.65672864 0.15515392 -0.14404993 25 0 1036 2.7194019 -1.0861835
123 441.50998 386.2185 0.65034343 -0.34898997 -0.28940001 25 0 1458 4.032001 -1.5138016
124 470.86146 385.84926 0.67724975 -0.0856681 -0.17800136 25 0 1433 4.0578222 -1.5207325
125 232.74822 394.13613 0.65598764 -0.035373632 -0.21600532 25 0 5384 14.524468 -2.9052506
126 363.17817 396.18868 0.55719556 0.43363379 -0.10454503 25 0 437 1.4789304 -0.42486933
127 262.00187 401.65535 0.51979315 0.307176 -0.12283201 25 0 439 1.3847149 -0.35340094
128 259.22294 405.28851 0.62597839 0.36664764 -0.064281675 25 0 1276 3.4989184 -1.3598345
129 91.219287 410.60933 0.76891109 0.13159072 0.076538599 25 0 767 1.736537 -0.59921012
130 115.36231 412.16226 0.66592719 0.096850598 -0.22416035 25 0 1467 3.8716285 -1.4697342
131 166.05042 430.17087 0.68621413 -0.023465234 -0.26155322 25 0 1601 4.1990203 -1.5578699
132 139.48091 431.04981 0.63868545 -0.11275388 -0.43644423 25 0 677 1.8100311 -0.64421509
133 498.23908 433.28414 0.33249042 0.19214328 -0.16037982 25 0 58498 201.83414 -5.7624865
134 239.32042 433.3108 0.5063081 -0.21161626 -0.014945346 25 0 609 1.9207699 -0.70868834
135 351.9026 435.33798 0.62470466 0.010568866 -0.096381798 25 0 2026 5.675955 -1.8850974
136 252.37592 437.99306 0.68757219 -0.25100159 -0.31854763 25 0 885 2.3820851 -0.9423932
137 98.440529 439.91416 0.66584531 0.13244745 -0.3373231 25 0 9336 24.737591 -3.4833935
138 484.47911 449.82671 0.65449433 -0.28326486 -0.21339183 25 0 1307 3.8549195 -1.4650383
139 318.51385 453.38951 0.48572956 -0.49984268 0.079866501 25 0 288 1.0564738 -0.059646825
140 369.53633 458.40113 0.59529161 0.40772935 -0.32741201 25 0 648 1.9605189 -0.7309276
141 63.602033 459.44279 0.63244535 0.66962063 -0.18833808 25 0 3316 8.8105918 -2.3625127
142 156.59313 460.67564 0.63860437 0.45795203 -0.12040164 25 0 728 1.9352875 -0.71686371
143 434.9377 462.07597 0.57828952 -0.073244082 -0.21894508 25 0 58820 173.73251 -5.5997027
144 218.30325 468.53208 0.58636497 -0.16034091 -0.05156082 25 0 2874 8.1272129 -2.2748541
145 349.92515 470.3522 0.65955549 -0.25164738 -0.18270078 25 0 374 1.2084578 -0.20557875
146 268.42243 471.93316 0.66102865 -0.090171215 -0.27011881 25 0 2141 5.8483911 -1.917591
147 146.2863 477.93078 0.71444003 0.18196742 -0.22934112 25 0 622 1.5860982 -0.5008252
148 71.282904 483.4263 0.67801301 0.52859895 -0.01939564 25 0 691 1.8661252 -0.67735195
149 123.18466 499.98539 0.72560639 -0.47661013 -0.24386115 25 0 483 1.2103911 -0.20731427
150 124.04526 503.8797 0.49706855 -0.14092882 -0.56092114 25 0 413 1.2592343 -0.25026634
151 170.65494 507.50521 0.51442922 -0.3417117 -0.12752971 25 0 451 1.3351548 -0.31382904
152 168.10701 510.81077 0.86928291 0.14312328 -0.62539497 25 0 672 1.5258222 -0.45875985
153 243.1859 510.5923 0.7228292 -0.094381004 -0.30658577 25 0 893 2.3310796 -0.91889278
