id xcentroid ycentroid sharpness roundness1 roundness2 npix sky peak flux mag
1 504.00574 0.13936651 0.73029007 -0.37437539 -0.46702898 25 0 292.91264 1.0703894 -0.073854476
2 508.41542 1.9948916 0.73223923 -0.45517903 -0.3007303 25 0 362.96626 1.3212929 -0.30249777
3 325.12036 5.3688281 0.73829123 -0.033993277 -0.003950582 25 0 309.95446 1.1181231 -0.1212241
4 297.75885 7.8913322 0.60533904 0.10308288 -0.1793979 25 0 768.27201 2.9781542 -1.184868
5 306.59667 10.405224 0.59757339 0.12418441 -0.18681382 25 0 316.29665 1.2405109 -0.23400143
6 429.1336 11.257327 0.62753982 0.29824503 -0.046864142 25 0 532.22352 2.1153021 -0.81343098
7 497.89214 13.082335 0.96511259 -0.0062022488 0.12064204 25 0 315.89652 1.1172812 -0.12040626
8 109.63878 15.23424 0.59353361 0.52180816 -0.14526019 25 0 480.174 1.7858658 -0.62962208
9 24.739386 17.141503 0.72262378 -0.17045094 -0.15582874 25 0 17430.163 59.010029 -4.4273146
10 335.18846 16.552358 0.53716093 -0.089344977 -0.043513721 25 0 672.34782 2.8319953 -1.1302313
11 408.62333 19.771467 0.57421995 0.28048146 -0.05083807 25 0 677.44739 2.7431819 -1.0956365
12 467.81317 19.67366 0.62625727 0.28289647 -0.045186061 25 0 27761.814 100.91107 -5.009847
13 425.89194 21.248872 0.58411035 -0.26568592 0.024678136 25 0 269.61916 1.2865672 -0.27358116
14 334.34383 25.199659 0.7025436 0.0016162186 -0.014633732 25 0 351.38311 1.373035 -0.34420402
15 213.16877 34.787954 0.6954221 0.44807183 0.10690798 25 0 358.26169 1.1851487 -0.18443211
16 354.61981 38.004903 0.61353514 -0.22845 -0.41484419 25 0 531.10269 2.0140344 -0.7601672
17 454.08708 38.320187 0.70256937 0.21492941 0.18134656 25 0 460.48036 1.6215701 -0.5248393
18 127.04476 40.807086 0.77571428 -0.1977058 -0.20598678 25 0 554.22972 1.784652 -0.62888383
19 113.97354 44.737212 0.65047571 0.20637593 0.06361758 25 0 669.27641 2.4808285 -0.98649186
20 186.86014 45.985495 0.6396805 0.021086883 -0.084375964 25 0 1348.5724 5.0024266 -1.7479518
21 419.27979 46.650018 0.44708244 0.56092067 -0.13817936 25 0 198.90774 1.1532321 -0.1547918
22 206.35361 46.780998 0.65176746 -0.16039056 -0.17448574 25 0 2540.9641 9.0646001 -2.3933716
23 347.02687 48.0538 0.74092675 -0.1192121 -0.059577302 25 0 693.28619 2.365306 -0.93471835
24 66.527153 49.111826 0.71995045 -0.17993916 -0.36706662 25 0 616.18385 2.0846487 -0.79758217
25 250.28497 49.389732 0.64372963 0.33706354 -0.19827537 25 0 268.71579 1.0139511 -0.015042558
26 324.91573 48.890896 0.28396936 0.23305679 -0.067269966 25 0 58717.537 290.30289 -6.1571284
27 111.60108 51.009187 0.68992347 -0.10469986 -0.26033087 25 0 5912.7397 20.352843 -3.2715627
28 154.77517 51.646051 0.54101901 0.48335392 -0.44257226 25 0 312.15112 1.0717769 -0.075261007
29 400.42446 52.554366 0.60682792 0.66356534 -0.081171446 25 0 863.60426 3.2112308 -1.2666788
30 233.80535 56.240733 0.56531456 -0.036076567 0.2876574 25 0 240.55093 1.0051255 -0.0055506767
31 247.24151 57.936786 0.62407649 0.16215305 -0.031991473 25 0 444.42923 1.7670356 -0.61811324
32 400.88715 57.836066 0.67045691 -0.045337314 0.029929845 25 0 301.8532 1.2502679 -0.24250774
33 470.96958 58.569716 0.67942152 0.12445165 0.020290602 25 0 887.75292 3.1416601 -1.242898
34 294.44403 59.424717 0.58585615 -0.69595636 -0.23998385 25 0 1351.5374 5.0661774 -1.761701
35 142.84002 64.183408 0.50219071 -0.16177404 -0.48982558 25 0 305.96972 1.4651183 -0.41468172
36 443.48818 66.079348 0.64209668 -0.15613117 -0.21790273 25 0 1497.3309 5.271238 -1.8047816
37 30.662723 67.046117 0.70818607 -0.53126424 0.023232752 25 0 368.15772 1.4432325 -0.39834075
38 502.01988 68.365913 0.68497755 0.13938037 0.018929647 25 0 3843.042 13.350115 -2.8137125
39 349.66692 70.407055 0.50217787 0.020158749 -0.03404703 25 0 232.62737 1.1347306 -0.13723194
40 31.671406 72.060459 0.69644143 -0.059047704 -0.180632 25 0 767.25366 2.7280595 -1.0896346
41 54.767755 71.820168 0.66902315 -0.40979211 -0.15324292 25 0 484.43541 1.714761 -0.58550899
42 169.52609 72.639093 0.51833517 -0.4727802 -0.23158165 25 0 270.32335 1.1715213 -0.17187551
43 433.17256 72.979438 0.69018394 0.051279798 -0.14189491 25 0 1849.5867 6.516273 -2.0349982
44 112.57055 73.654469 0.63337135 0.14589619 -0.36214937 25 0 409.81725 1.5554379 -0.47963173
45 471.79589 73.616528 0.5466206 0.13208185 0.057095062 25 0 339.88513 1.4618227 -0.41223675
46 418.4493 74.536726 0.56908255 -0.34183842 0.086539534 25 0 520.43892 2.1102027 -0.81081042
47 37.102233 76.19268 0.33426981 -0.13377156 0.23414051 25 0 149.28976 1.0550338 -0.058165941
48 55.983874 76.89173 0.68741994 0.046340652 -0.13165474 25 0 1924.5617 6.7430507 -2.0721411
49 314.04934 78.415393 0.55776489 -0.058845974 -0.28862165 25 0 255.18194 1.1836165 -0.18302749
50 468.99227 81.658285 0.62767367 0.51565006 0.12159571 25 0 891.05658 3.2039707 -1.2642213
51 350.90607 85.549786 0.57726274 0.25005246 0.0083045365 25 0 3115.3174 11.688838 -2.6694284
52 119.73447 88.865643 0.57886215 -0.33517497 -0.31204932 25 0 494.21899 2.0215423 -0.76420707
53 92.364542 92.233015 0.67146465 0.3500682 -0.20205805 25 0 613.90036 2.1393232 -0.82569099
54 145.29773 92.511577 0.53250017 -0.23162303 -0.39863972 25 0 307.02951 1.1846725 -0.18399575
55 491.33142 92.465997 0.65646646 0.47577871 0.0018945484 25 0 22362.114 77.620687 -4.7249437
56 155.35938 99.123003 0.74121539 -0.17859947 -0.42017221 25 0 591.02475 1.9307882 -0.71433657
57 283.94122 99.913826 0.60141952 -0.40482786 -0.22021529 25 0 1350.7588 5.1762838 -1.7850452
58 287.93739 101.56513 0.55688175 -0.1252413 -0.11073314 25 0 1315.4847 5.0385266 -1.7557589
59 186.15511 102.68793 0.59123499 -0.090970123 -0.11882097 25 0 1633.1588 6.06765 -1.9575513
60 115.84058 106.47325 0.73831214 0.22167232 -0.0041167786 25 0 423.28812 1.4169984 -0.37842341
61 452.01718 106.3575 0.66156852 0.38225509 0.08690523 25 0 438.7815 1.7588985 -0.61310197
62 53.906533 106.74136 0.63556597 0.01898078 -0.14200205 25 0 4639.8433 16.880103 -3.0684377
63 61.998623 107.94458 0.61583138 -0.54974079 -0.31631937 25 0 317.69623 1.2630746 -0.25357248
64 296.98362 108.64068 0.60696599 -0.40779431 -0.22002365 25 0 275.72752 1.0954139 -0.098945591
65 509.5025 108.9383 0.63865663 -0.11543317 -0.22257463 25 0 2257.5631 8.1581011 -2.2789727
66 489.54045 112.47927 0.60563222 -0.30017587 -0.061518045 25 0 1965.6013 6.9849599 -2.1104098
67 332.46915 118.07294 0.65495843 -0.23740325 -0.27167043 25 0 621.45988 2.3887026 -0.94540523
68 219.24808 119.9507 0.63312216 -0.070550425 -0.19921333 25 0 18215.77 66.23048 -4.5526448
69 236.6008 120.02043 0.64673267 0.11556893 -0.18935381 25 0 1108.3073 3.9349367 -1.4873444
70 246.60947 121.42562 0.58223036 -0.1525283 -0.14086597 25 0 1757.502 6.5905662 -2.0473068
71 303.3032 121.12204 0.64428169 0.1787219 -0.18392274 25 0 1313.2782 4.902006 -1.7259346
72 98.332948 123.47086 0.51284471 -0.065779663 -0.18701164 25 0 465.5954 1.8757384 -0.68293067
73 198.86221 123.10877 0.65971735 0.00043711926 -0.087729304 25 0 600.07834 2.0604084 -0.78488327
74 448.56024 122.77091 0.64765025 -0.39915859 -0.45893592 25 0 348.62504 1.2962286 -0.28170403
75 492.49467 123.08778 0.6065496 0.25870596 -0.097033561 25 0 276.32345 1.2211967 -0.21696407
76 153.10362 124.28081 0.56170121 -0.14638829 -0.39177213 25 0 372.97325 1.4559832 -0.40789094
77 51.072634 124.82253 0.64144757 -0.15061103 -0.080996035 25 0 612.78439 2.2593434 -0.88495562
78 150.56048 126.52553 0.59462832 0.40654631 -0.091393642 25 0 1814.2871 6.4606919 -2.0256976
79 478.54429 126.95897 0.5812525 -0.092273507 -0.30429589 25 0 330.69465 1.3840494 -0.35287897
80 174.64879 131.97547 0.69354673 -0.075892283 -0.38909949 25 0 1855.8373 6.1332853 -1.9692329
81 5.8974201 133.45077 0.65386514 -0.077742705 0.051832755 25 0 1313.5618 4.8516869 -1.7147319
82 251.94614 135.36526 0.65863948 0.31037517 0.016986145 25 0 525.11359 1.8527625 -0.66954936
83 394.44816 143.60405 0.58547516 0.64061892 -0.043108897 25 0 10371.135 37.231897 -3.9272879
84 297.33979 149.06533 0.63757262 0.055216555 -0.20104633 25 0 3144.0778 11.183888 -2.621482
85 13.089486 149.77592 0.79114508 0.023760201 -0.011730126 25 0 1089.8928 3.5892259 -1.387502
86 482.62795 155.54789 0.59880109 -0.3213759 0.025870423 25 0 7026.3778 25.388138 -3.5115771
87 95.904874 163.32757 0.6162627 -0.093310795 -0.076065136 25 0 438.5151 1.4847702 -0.42914808
88 384.39961 165.0493 0.64932817 -0.00047038835 -0.24632676 25 0 53897.046 188.72647 -5.689582
89 204.95754 168.97019 0.62174783 0.23584671 -0.050466359 25 0 561.60126 2.0580902 -0.78366103
90 423.56833 168.61559 0.6178339 0.42149974 -0.043423529 25 0 495.35192 1.9225584 -0.70969884
91 151.94238 172.42731 0.62022377 -0.22493013 0.0040846082 25 0 501.57701 1.7844977 -0.62879
92 31.774381 175.86849 0.81817513 -0.0099904073 -0.13406378 25 0 449.76291 1.4750734 -0.42203407
93 224.5702 177.44813 0.62206489 0.37842513 -0.23808916 25 0 1567.2105 5.2412568 -1.7985886
94 344.5948 177.24513 0.69520474 -0.77301983 -0.25670763 25 0 553.71789 2.0211845 -0.7640149
95 476.64082 176.87003 0.64183563 0.058280264 -0.14963565 25 0 7008.4315 25.17546 -3.5024435
96 162.62452 178.09626 0.66285706 -0.064465188 -0.17427163 25 0 1000.386 3.4221844 -1.3357585
97 411.92166 179.19577 0.64377088 0.35565381 -0.16193935 25 0 338.77756 1.3494601 -0.32540012
98 0.28311071 179.76153 0.75623276 -0.19633923 0.095687259 25 0 282.7415 1.0427681 -0.04546934
99 151.14603 180.77316 0.62731341 -0.20179408 -0.1081028 25 0 1623.7014 5.7145644 -1.8924578
100 419.44306 186.12987 0.60871446 -0.28086684 -0.33150792 25 0 2704.1883 9.9973754 -2.499715
101 15.32537 186.49104 0.59716346 -0.15072639 0.021988995 25 0 647.48511 2.4516883 -0.97366312
102 113.47794 186.65369 0.5650667 0.0078798078 -0.099723068 25 0 1612.2764 5.9683856 -1.9396422
103 409.40298 188.24588 0.52758528 -0.65892489 -0.26625383 25 0 525.12062 2.1820895 -0.8471814
104 481.31554 187.92805 0.65147792 0.041699206 -0.12441417 25 0 753.55054 2.8032006 -1.1191355
105 225.2047 189.54081 0.57387447 0.044730693 0.052376671 25 0 1011.042 3.6613869 -1.409114
106 420.03957 191.16168 0.65327511 -0.35859245 -0.069588393 25 0 1055.1674 3.9354442 -1.4874844
107 187.63793 192.21384 0.64851733 -0.22142863 -0.30735278 25 0 773.15905 2.675688 -1.0685887
108 70.058576 193.16338 0.68716357 0.022006475 -0.13743968 25 0 46965.18 164.45426 -5.5401128
109 119.754 194.48037 0.70877309 0.17377873 0.067511569 25 0 397.24828 1.2545817 -0.24624741
110 251.10475 198.68942 0.52948594 0.42710937 0.17286045 25 0 263.04393 1.1152986 -0.11847787
111 419.06409 199.04875 0.62066157 -0.12657672 -0.090096045 25 0 435.06333 1.8967085 -0.69500148
112 453.38059 203.00347 0.6063614 0.055297928 -0.1614258 25 0 654.84809 2.6756479 -1.0685724
113 166.53117 205.17727 0.63724288 -0.15278882 -0.14894011 25 0 615.70334 2.176223 -0.84425849
114 347.23213 204.78144 0.51940332 -0.1653156 -0.38977678 25 0 263.59999 1.2260619 -0.22128096
115 464.73325 206.33148 0.86729854 0.042977688 0.0022623514 25 0 293.87972 1.0381271 -0.040626358
116 65.13853 207.32408 0.69647652 0.1606635 -0.22570162 25 0 656.69894 2.300129 -0.90438049
117 196.99144 206.25785 0.39397122 0.67980498 0.63326136 25 0 223.25221 1.061873 -0.065181422
118 404.1127 207.39515 0.65130099 0.47984692 -0.0093664198 25 0 307.68616 1.1652632 -0.16606008
119 507.31509 206.76889 0.6167473 -0.1325074 -0.079025515 25 0 1641.8314 6.0711697 -1.9581809
120 467.8429 209.07926 0.68785415 -0.090501293 -0.22335459 25 0 739.47443 2.7606106 -1.1025129
121 414.18639 211.46532 0.52484936 -0.31788139 -0.36928047 25 0 238.59125 1.0783301 -0.081879336
122 501.25285 212.81495 0.66256625 -0.088904414 -0.12328317 25 0 3541.8328 12.482299 -2.7407364
123 11.011176 216.42142 0.66309884 0.75024818 -0.044486547 25 0 445.74927 1.6510877 -0.54442537
124 12.973195 217.73541 0.65891087 0.45232289 -0.43643858 25 0 485.18158 1.7854677 -0.62937998
125 424.04123 218.93429 0.63029952 0.081641219 -0.11483895 25 0 1206.712 4.643245 -1.667054
126 324.7218 221.14117 0.64163587 -0.17760453 -0.20277407 25 0 1612.144 5.8804162 -1.9235202
127 254.84249 223.04945 0.65243611 0.037120228 -0.17428861 25 0 779.3859 2.6523456 -1.0590753
128 149.14202 224.42871 0.6110985 0.30224151 -0.056707018 25 0 969.99059 3.3499841 -1.3126069
129 492.57194 224.8774 0.85275241 0.099147463 -0.38261173 25 0 303.42315 1.011642 -0.012567087
130 218.92295 227.91176 0.68242852 -0.44885138 -0.17676682 25 0 331.28431 1.1428925 -0.14501347
131 477.88199 227.70072 0.61233456 0.1301957 -0.034977039 25 0 4855.1725 18.142321 -3.1467321
132 238.38188 229.83019 0.62765725 -0.17267205 -0.24083968 25 0 2935.9089 10.548112 -2.5579368
133 350.45354 232.05914 0.61625641 -0.15022639 -0.29264828 25 0 4303.9432 15.356185 -2.9657084
134 420.61222 232.7691 0.60549882 0.14245651 -0.15847899 25 0 13855.326 50.75178 -4.2636282
135 325.5893 234.36165 0.64602769 0.33632039 -0.26205391 25 0 959.52267 3.3546206 -1.3141085
136 489.71814 234.82998 0.52353575 0.064494422 -0.31999327 25 0 227.23764 1.0113725 -0.0122779
137 178.83278 240.46648 0.56505133 -0.13248897 -0.045792815 25 0 625.60366 2.2025903 -0.85733429
138 238.85187 241.57245 0.54558827 -0.25750743 0.056444739 25 0 664.59221 2.5279686 -1.0069292
139 429.85165 244.29908 0.62883819 -0.083471575 -0.1096173 25 0 2004.3628 7.349677 -2.1656706
140 29.428979 244.65966 0.8218389 -0.20948589 -0.24058894 25 0 419.22764 1.2708606 -0.26024479
141 15.755351 247.31028 0.77232253 0.27161498 -0.1350195 25 0 307.62632 1.0304293 -0.032545455
142 484.01852 255.46269 0.55086231 -0.19840788 0.008124121 25 0 241.56852 1.1217253 -0.1247163
143 202.48323 258.11166 0.65855797 -0.24454106 -0.28490894 25 0 5091.362 17.447439 -3.1043292
144 426.69496 257.69802 0.58462138 0.17833292 -0.1100857 25 0 6960.7784 25.919843 -3.5340809
145 264.32767 260.56066 0.42867282 0.269317 -0.11621115 25 0 265.96938 1.2653021 -0.25548559
146 330.15001 267.02521 0.5934632 -0.041073543 -0.06930356 25 0 439.81606 1.6913185 -0.57056349
147 103.50568 268.37113 0.57222324 -0.014515332 -0.38020106 25 0 306.4252 1.029688 -0.031764153
148 25.066843 278.91004 0.70284843 -0.084343035 -0.11962673 25 0 302.9101 1.2055207 -0.20293665
149 31.803365 278.82286 0.70427863 0.12618623 -0.15686345 25 0 1712.7048 5.8739455 -1.9223248
150 88.110435 280.4607 0.52035951 0.27067959 0.31076781 25 0 316.41956 1.2727978 -0.26189851
151 213.98454 287.28887 0.70004925 0.055653597 -0.26269894 25 0 413.63737 1.4638628 -0.41375091
152 46.137611 288.02041 0.7033486 0.067468324 -0.021642404 25 0 859.59898 3.0377977 -1.2063971
153 346.32774 290.47642 0.58729047 0.3570055 -0.060778498 25 0 5116.3959 18.691036 -3.1790835
154 159.11073 291.74825 0.59562031 -0.084357869 -0.16868845 25 0 971.49918 3.5729905 -1.3825797
155 37.509324 292.97021 0.69793682 0.014652241 -0.21981031 25 0 1309.7298 4.3893977 -1.6060123
156 65.856958 292.80025 0.64610632 -0.007249121 -0.16394784 25 0 1352.4737 4.9394701 -1.7342009
157 320.62793 295.17276 0.67429431 -0.33884029 -0.20208447 25 0 406.97946 1.4339327 -0.39132189
158 451.95579 295.44422 0.56195281 0.25803954 0.093702666 25 0 703.82928 2.7564002 -1.1008557
159 68.258455 302.37664 0.44619321 -0.11770357 0.064672045 25 0 248.97865 1.067988 -0.071415898
160 134.92748 302.53999 0.58097763 -0.18636593 0.25949465 25 0 392.74067 1.3043181 -0.28845881
161 49.320211 308.526 0.61574278 0.38205248 -0.043674429 25 0 1168.6416 4.1917164 -1.5559797
162 397.18299 308.57274 0.64614039 0.0014794819 0.021710545 25 0 426.1777 1.5066161 -0.44500648
163 192.80994 314.14508 0.58669194 -0.31123798 -0.29223164 25 0 931.6844 3.537777 -1.3718261
164 424.60758 314.21422 0.63525515 -0.35294952 -0.17181065 25 0 1143.5348 4.3122489 -1.5867596
165 112.06342 318.88212 0.63446233 0.052334403 -0.1929751 25 0 3759.7153 13.692933 -2.8412412
166 34.179534 322.7424 0.59071469 0.12767541 0.02023693 25 0 351.75063 1.4392554 -0.39534469
167 428.86505 328.17184 0.65370876 0.39035844 -0.27994704 25 0 293.8367 1.0216243 -0.023228069
168 161.64625 328.5212 0.59588111 0.75112625 0.13793393 25 0 331.26755 1.0793063 -0.082861821
169 304.52388 330.70274 0.56586973 -0.29371598 -0.24413219 25 0 497.05007 1.7875832 -0.63066567
170 237.30417 333.54311 0.52959169 0.029490071 0.056679713 25 0 307.14483 1.098251 -0.10175403
171 261.63728 338.06259 0.60746726 0.10192488 -0.15358779 25 0 557.98316 2.0458304 -0.77717407
172 354.34783 338.37948 0.53092057 -0.89059327 -0.23513231 25 0 389.60419 1.5215526 -0.45571746
173 4.8544723 338.63836 0.65791655 0.19661026 -0.026978707 25 0 13123.738 46.471305 -4.1679622
174 237.87756 339.55588 0.58697084 -0.099592989 -0.023567773 25 0 836.49995 2.9300067 -1.1671715
175 51.107468 339.85355 0.67487333 0.092376099 -0.047200345 25 0 1203.6995 4.3326016 -1.5918719
176 462.97131 346.03393 0.58200631 0.531268 0.41872062 25 0 993.11633 3.4613373 -1.3481098
177 234.13951 349.22926 0.61622666 -0.035858983 0.019880581 25 0 375.18529 1.3387254 -0.31672874
178 334.79912 351.90015 0.66203834 0.038449503 -0.046699585 25 0 831.91773 2.9055601 -1.1580746
179 214.06636 355.45226 0.5458483 -0.013475309 0.020168117 25 0 4586.7819 17.301376 -3.0952016
180 356.01084 356.98002 0.63855821 -0.084753639 -0.18649806 25 0 1162.7756 4.247779 -1.5704048
181 467.67163 357.75867 0.72537263 0.078305866 0.11132706 25 0 440.71574 1.4049522 -0.36915387
182 272.93752 359.50526 0.53958774 0.11784946 -0.044813084 25 0 21634.616 82.564985 -4.7919898
183 388.73219 366.5988 0.58779324 0.15395576 -0.051649794 25 0 1828.8876 6.7463844 -2.0726777
184 454.11081 367.47684 0.7418529 -0.23447813 -0.0098156608 25 0 412.63369 1.2841999 -0.27158159
185 200.35621 368.59163 0.57613178 0.53406802 -0.068413489 25 0 1374.3067 4.9601668 -1.7387407
186 252.45197 369.72866 0.60287235 -0.44381945 -0.23053021 25 0 2698.6934 9.7909063 -2.4770572
187 69.914955 371.13959 0.69130739 -0.02452541 -0.14992261 25 0 6068.412 21.100763 -3.3107454
188 401.98273 370.95623 0.69162191 -0.024249822 -0.1178398 25 0 1336.7476 4.5925372 -1.6551317
189 113.07462 371.94487 0.69603131 -0.079915882 -0.16017611 25 0 592.40171 1.849605 -0.66769749
190 473.70197 373.12628 0.69985714 -0.22750785 -0.16078247 25 0 10730.974 36.678632 -3.9110328
191 340.2147 384.17611 0.67816081 -0.016413434 -0.20004895 25 0 3924.7125 13.595303 -2.8334723
192 49.127176 385.24465 0.69973422 0.10372242 -0.13349259 25 0 4283.9015 14.634285 -2.9134288
193 94.763353 386.93643 0.68603314 0.27572268 -0.10629992 25 0 686.47813 2.2426209 -0.87688967
194 201.50473 388.6241 0.42420054 -0.19313297 -0.16016501 25 0 449.80603 1.7721864 -0.62127349
195 243.43646 389.57256 0.52608517 -0.066783642 -0.143361 25 0 297.86829 1.0339605 -0.036259884
196 458.30029 389.63208 0.58029216 -0.40113673 0.18547995 25 0 611.84206 2.2248065 -0.86823059
197 74.542003 390.15656 0.64805481 -0.10390305 -0.30412953 25 0 483.76084 1.6271213 -0.52854985
198 118.89503 391.27521 0.64277062 -0.076677815 -0.17333207 25 0 1579.6694 5.507641 -1.8524141
199 490.68986 391.26975 0.843395 0.027165429 -0.21037523 25 0 399.09214 1.0490368 -0.051976793
200 458.99876 393.14074 0.71199907 -0.12268563 -0.080663129 25 0 2628.5118 8.8153887 -2.3631037
201 429.57676 393.41257 0.56128345 0.53843731 0.045245013 25 0 2178.8738 8.0680117 -2.2669163
202 34.525731 396.28392 0.73764126 0.11078298 -0.20372122 25 0 622.5117 1.8752159 -0.68262821
203 220.91009 401.28293 0.63586147 -0.11540148 -0.17056913 25 0 8194.5335 29.160118 -3.6619732
204 351.35028 403.37379 0.57349935 -0.058290997 -0.29684729 25 0 788.51783 2.9287673 -1.1667122
205 147.59819 403.92398 0.68644619 0.32108998 -0.062333586 25 0 380.6894 1.0978269 -0.10133463
206 386.83765 408.41331 0.71593243 -0.14998499 -0.047819856 25 0 627.31618 1.9712141 -0.7368345
207 249.93887 408.76388 0.61622378 0.54942908 -0.050599981 25 0 761.30962 2.6641714 -1.0639054
208 247.38912 412.43611 0.58605504 0.54104499 -0.14979546 25 0 1793.242 6.5248971 -2.0364342
209 265.57045 412.23207 0.69300714 -0.13909789 -0.71275421 25 0 413.89462 1.3651198 -0.3379269
210 468.88983 412.88865 0.60336078 -0.36783484 -0.38268934 25 0 529.8677 1.8288538 -0.65544746
211 15.864185 416.27313 0.46458826 0.86737449 0.52663101 25 0 276.77983 1.1372823 -0.13967072
212 79.455651 417.73072 0.61137558 -0.23496435 -0.10203411 25 0 918.34009 3.1578071 -1.248464
213 103.47392 419.19404 0.6955628 0.091418716 -0.26841672 25 0 2419.6916 7.879731 -2.2412785
214 278.80768 429.44547 0.71212482 0.25003955 -0.13623295 25 0 420.50411 1.255919 -0.24740404
215 159.9462 430.92763 0.71700155 0.29261022 -0.20395819 25 0 455.49691 1.318839 -0.30047944
216 189.11107 436.10044 0.83952026 0.0131973 -0.16272563 25 0 578.79956 1.5676138 -0.48809772
217 154.17061 437.28543 0.65931862 0.14538117 -0.13494667 25 0 2482.2436 8.6245187 -2.3393372
218 127.69869 438.14504 0.66151222 0.048820859 -0.21049569 25 0 1192.2972 3.934234 -1.4871505
219 376.57467 438.44306 0.65150369 0.010630585 -0.54402392 25 0 355.70507 1.149999 -0.15174364
220 156.41244 439.59193 0.71568065 0.3674472 -0.022425379 25 0 400.34029 1.2052109 -0.20265759
221 227.49615 440.5751 0.59481525 -0.41410558 -0.18771216 25 0 1018.648 3.4617447 -1.3482376
222 486.3417 440.40426 0.41278105 -0.27388604 -0.057997131 25 0 61010.208 223.18767 -5.8716755
223 339.93886 442.4816 0.58908269 0.096749492 0.041112506 25 0 3085.9538 11.31956 -2.6345739
224 9.344653 445.47355 0.66193939 -0.6341003 -0.013819996 25 0 334.84204 1.1436672 -0.14574916
225 240.63897 445.1501 0.70535455 -0.16141158 -0.25392674 25 0 1332.763 4.3268089 -1.5904193
226 86.597917 446.93277 0.71412708 0.01232243 -0.24466262 25 0 16459.285 55.164377 -4.3541468
227 471.5764 447.82946 0.64721349 -0.48022686 -0.22133873 25 0 391.42222 1.242814 -0.23601537
228 458.13521 453.8174 0.85135023 -0.10362864 -0.19456142 25 0 482.38964 1.3133357 -0.29593938
229 472.52438 457.12704 0.68044859 -0.017584214 -0.21672774 25 0 2379.9979 8.0068585 -2.2586554
230 374.76299 459.4551 0.62126151 0.45012303 0.47105535 25 0 382.43008 1.2316284 -0.22619927
231 306.44791 460.71287 0.66819853 -0.7228205 -0.32516705 25 0 728.26805 2.328654 -0.91776241
232 430.41114 461.92766 0.64798772 -0.31549786 -0.36499135 25 0 467.89227 1.5042879 -0.44332741
233 475.03736 463.34703 0.61442204 -0.77076728 0.029503542 25 0 312.206 1.0677304 -0.071154001
234 357.35551 465.62505 0.50573204 0.0042681316 -0.27098843 25 0 1143.7242 4.4698467 -1.6257316
235 51.639508 466.3969 0.61195689 0.57580578 0.048488173 25 0 5285.4732 18.855206 -3.1885782
236 144.6379 467.76649 0.65750983 0.11084688 -0.19740947 25 0 1306.8572 4.3521631 -1.5967629
237 423.00656 469.36818 0.39990551 -0.11467194 -0.209826 25 0 60833.425 272.93945 -6.0901658
238 286.48401 469.91024 0.62491457 -0.017515199 0.13147353 25 0 348.21428 1.1466146 -0.14854363
239 40.677788 471.57407 0.70286482 0.26862323 -0.043423158 25 0 389.89835 1.1576977 -0.15898795
240 400.09146 471.60497 0.78700107 -0.81678308 -0.43538724 25 0 389.64642 1.0863331 -0.089907555
241 206.38167 475.81773 0.66494694 -0.2538617 -0.20076903 25 0 5579.9127 19.541398 -3.2273891
242 496.2547 476.4124 0.75234529 -0.02605914 -0.22231833 25 0 350.83837 1.0937947 -0.097339579
243 338.00352 477.80793 0.49925329 -0.18581488 0.14971964 25 0 572.16974 2.1880815 -0.85015875
244 424.21544 477.01924 0.80791514 -0.11603942 -0.22780776 25 0 760.89072 2.1669128 -0.83960359
245 256.4987 479.10364 0.69078229 -0.10969412 -0.32315505 25 0 3562.5199 11.898306 -2.6887128
246 109.73646 479.49523 0.6358104 0.62772094 0.0017539028 25 0 480.60403 1.4891597 -0.43235322
247 333.71609 484.32038 0.50781793 -0.17392019 -0.19958563 25 0 467.35929 1.7811875 -0.62677412
248 134.40055 485.04327 0.68271939 0.045941207 -0.32844938 25 0 1068.1724 3.5526561 -1.3763829
249 59.332525 490.39097 0.68212347 0.45678956 -0.096857919 25 0 1175.6767 3.8692568 -1.4690689
250 235.63619 500.09974 0.74031761 -0.40368269 -0.30844395 25 0 550.94899 1.5751404 -0.49329818
251 388.15042 500.05944 0.58268192 -0.53875529 -0.48942868 25 0 313.48221 1.1930488 -0.19164553
252 492.8641 502.08463 0.669336 -0.17590391 -0.25064372 25 0 404.86309 1.2361301 -0.23016044
253 145.76291 504.07703 0.63346752 0.57264412 0.0073460816 25 0 441.93867 1.455729 -0.40770134
254 62.492526 505.26439 0.49379848 0.5158297 -0.25505626 25 0 308.23127 1.18489 -0.18419504
255 111.41876 507.07842 0.72595998 -0.61434689 -0.34746521 25 0 773.51639 2.3868281 -0.94455286
256 156.89689 507.29796 0.71975433 -0.21477194 -0.27888082 25 0 627.266 1.903665 -0.69897633
257 275.1791 509.72172 0.61450109 -0.28881033 -0.20506559 25 0 348.91292 1.0779 -0.081446226
258 112.33067 510.59615 0.72814143 -0.61060029 -0.44920614 25 0 909.5082 2.9036681 -1.1573674
