id xcentroid ycentroid sharpness roundness1 roundness2 npix sky peak flux mag
1 339.87587 2.5683177 0.79776325 0.39331751 -0.099403521 25 0 310.04265 1.176417 -0.1764032
2 312.34635 5.094365 0.56667292 0.16596736 -0.26036775 25 0 613.09707 2.7223697 -1.0873678
3 321.33333 7.4936673 0.38015407 0.26177641 0.035904611 25 0 191.88184 1.2102076 -0.20714965
4 443.72921 8.3209764 0.50407415 -0.17855243 -0.018734293 25 0 417.93122 2.1357795 -0.82389103
5 124.13903 12.42807 0.54155499 0.55663451 0.022037471 25 0 360.56083 1.7352402 -0.59839898
6 39.20455 14.550855 0.60075907 0.57056454 0.054186643 25 0 11296.33 48.335911 -4.2106748
7 349.73897 13.908181 0.55749266 0.2531892 -0.18485143 25 0 642.0236 3.126087 -1.2375026
8 423.14488 16.885708 0.55762352 0.59964652 -0.1013959 25 0 549.83141 2.5010999 -0.9953276
9 482.44801 16.721685 0.55322731 0.090646332 -0.16277763 25 0 19630.248 85.776917 -4.8334261
10 440.2525 18.620828 0.6137499 0.57438616 -0.52739079 25 0 207.39775 1.0122947 -0.013267418
11 227.69424 32.046239 0.54598076 0.60010843 -0.4563353 25 0 229.69326 1.1394066 -0.14169681
12 368.92911 35.165829 0.62497971 0.063851741 -0.14744376 25 0 590.39824 2.584564 -1.0309682
13 468.41153 35.618287 0.63401137 -0.27153113 -0.1109262 25 0 262.51957 1.1688766 -0.16942166
14 141.75816 37.750656 0.54413243 0.12725142 -0.14886765 25 0 327.63674 1.4510973 -0.40424131
15 128.48316 42.013334 0.64529918 0.20430787 -0.16105698 25 0 507.60673 2.1221991 -0.81696532
16 201.49182 43.212033 0.6425479 0.12257846 -0.26043785 25 0 946.92753 3.8637314 -1.4675173
17 220.94347 44.00223 0.56637541 0.26654034 -0.17035653 25 0 1983.1114 8.8625233 -2.3688935
18 433.79186 43.839961 0.47279484 0.5579729 0.057973849 25 0 223.70024 1.0078436 -0.0084828971
19 361.52172 45.151073 0.4897883 0.18745216 -0.30152029 25 0 356.87602 1.7227686 -0.59056735
20 81.283497 46.410275 0.55565369 0.55638006 -0.0064329337 25 0 460.53488 2.2343746 -0.87288995
21 339.4318 46.058493 0.34586368 0.42262056 -0.14666429 25 0 58218.354 292.17864 -6.1641211
22 264.93545 46.616581 0.52641434 0.18301534 -0.077122867 25 0 266.93295 1.2633505 -0.25380963
23 126.18581 48.266393 0.57982278 0.3732104 -0.13302255 25 0 4224.7393 18.557143 -3.1712778
24 169.29159 48.664908 0.3778459 0.60398663 0.050004781 25 0 257.04403 1.4526978 -0.40543822
25 414.96516 49.643109 0.56233754 0.50204633 0.11338568 25 0 695.81639 3.0054833 -1.1947858
26 261.95629 55.105321 0.75840825 0.078313909 -0.16294048 25 0 346.47797 1.2614937 -0.25221274
27 415.83789 54.748994 0.6331891 0.5661896 -0.10269422 25 0 216.23757 1.0453912 -0.048197127
28 485.47643 55.421467 0.59143864 0.63289999 -0.2019365 25 0 596.0611 2.632992 -1.0511239
29 309.26567 56.51974 0.5110969 0.13788188 -0.17542825 25 0 1060.8879 4.8793239 -1.7208991
30 157.32496 61.469179 0.52046384 0.073013411 -0.0035285316 25 0 255.82588 1.2384667 -0.2322108
31 458.15799 63.106051 0.58958918 0.34673563 -0.14280381 25 0 1317.4418 5.8077477 -1.9100194
32 12.283098 67.000884 0.61785328 -0.59100412 -0.2433665 25 0 402.43144 1.9219451 -0.70935245
33 364.37624 67.389006 0.71195566 0.50811694 -0.25266056 25 0 268.47541 1.1108228 -0.11411192
34 46.342699 69.245039 0.63303878 0.59696434 -0.10650351 25 0 502.98773 2.1045855 -0.80791644
35 69.498129 69.088327 0.59127636 0.19489167 -0.22325126 25 0 353.18578 1.5925421 -0.5052273
36 447.68816 70.001555 0.54246245 0.09176903 -0.15444025 25 0 1248.7563 5.7739592 -1.9036843
37 12.620911 71.039758 0.72003906 -0.23258281 -0.061325328 25 0 432.94892 1.7513949 -0.6084602
38 127.12688 70.996857 0.72591094 0.42286938 -0.25499349 25 0 388.79576 1.4313807 -0.38938789
39 486.47751 70.565712 0.45303887 -0.1922161 -0.092984591 25 0 272.51897 1.4491739 -0.40280125
40 433.10603 71.480522 0.56959726 0.79629953 0.1517483 25 0 456.65937 2.1348474 -0.82341709
41 183.87193 73.262039 0.57519433 -0.66453414 -0.30508891 25 0 207.39564 1.0192139 -0.020663352
42 70.644198 74.191143 0.62609577 0.20501514 -0.33318251 25 0 1354.397 5.6719834 -1.8843374
43 483.52286 78.603595 0.49087092 0.69457351 -0.21589172 25 0 665.17081 3.1322284 -1.2396336
44 365.50486 82.692314 0.64849556 0.56792957 -0.14855301 25 0 2824.2868 11.489651 -2.6507671
45 134.82201 86.095567 0.51178712 -0.2807183 -0.5363321 25 0 343.53471 1.714984 -0.58565015
46 505.89142 89.483488 0.5765594 0.28296883 0.031844652 25 0 16846.351 72.307451 -4.6479576
47 106.85403 89.62855 0.41728251 0.69947446 0.13413127 25 0 441.92604 2.4892489 -0.99017081
48 170.0441 96.313057 0.47474562 0.81331431 0.2182329 25 0 348.59524 1.6467124 -0.54154438
49 298.60281 97.049285 0.68910795 0.0039360802 -0.35030153 25 0 1108.5731 4.2530001 -1.5717385
50 302.43207 98.866318 0.64901051 0.13648059 -0.30023236 25 0 1164.291 4.6258765 -1.6629851
51 200.81043 99.918628 0.60653834 0.22300104 -0.12326409 25 0 1473.1066 6.2900434 -1.9966341
52 466.29688 103.13124 0.48424728 -0.30169421 -0.22739629 25 0 271.54279 1.453876 -0.40631841
53 68.567926 104.06426 0.59395978 0.10420417 -0.31685214 25 0 3092.5618 13.047607 -2.7888272
54 130.53395 103.66442 0.6537013 0.64369858 -0.19117542 25 0 302.26363 1.1573478 -0.15865972
55 76.486051 105.5398 0.65076879 0.6169686 0.25758998 25 0 213.01482 1.0251583 -0.026977332
56 311.32402 105.58744 0.53646817 -0.019638136 -0.11094146 25 0 221.76 1.1138907 -0.1171064
57 504.26106 109.32205 0.59400665 0.49496053 -0.08675264 25 0 1700.0396 7.3117664 -2.1600558
58 347.07798 115.08312 0.55162255 0.43719328 -0.30082639 25 0 460.52508 2.2324859 -0.8719718
59 233.84834 117.13746 0.59169501 0.19856595 -0.16041235 25 0 14443.691 63.127762 -4.500551
60 251.28119 117.19494 0.45784106 0.84268216 0.015662666 25 0 709.46098 3.3240306 -1.3041625
61 317.93517 118.23163 0.59964605 0.13904905 -0.088956905 25 0 943.87713 4.0878193 -1.5287292
62 261.41304 118.48384 0.45255158 0.062888396 -0.14677912 25 0 1118.7712 5.195207 -1.7890071
63 213.49441 120.30324 0.49891914 0.42657027 -0.32868164 25 0 435.23835 2.0449304 -0.77669633
64 463.17346 119.8561 0.55936118 0.099358446 -0.20726973 25 0 347.45271 1.7310222 -0.5957566
65 506.97626 120.01751 0.56143222 0.68303625 0.13010378 25 0 244.96553 1.1687898 -0.16934107
66 112.64577 120.59332 0.45315028 0.47854914 0.076805594 25 0 359.7444 1.9275981 -0.71254122
67 167.63513 121.63434 0.52050627 0.47094128 -0.32003325 25 0 305.03685 1.2264973 -0.22166653
68 65.666322 122.2314 0.64194157 0.12811041 -0.13528657 25 0 462.42771 1.9524317 -0.72643961
69 165.29083 123.8053 0.55302615 0.22028107 -0.18650025 25 0 1613.0565 7.229565 -2.1477804
70 493.31706 123.79276 0.6037053 -0.098390756 -0.19666334 25 0 296.22463 1.3847645 -0.35343977
71 189.15315 129.27047 0.54800387 0.34806871 -0.13124452 25 0 1365.357 6.2405381 -1.9880551
72 20.465036 130.81036 0.59082463 0.068380843 -0.1296112 25 0 994.22111 4.3224519 -1.5893254
73 266.62187 132.43084 0.6154026 -0.43480442 -0.068199072 25 0 425.08615 1.6612769 -0.55110504
74 409.04535 140.54287 0.56202394 0.44676438 -0.0034926885 25 0 8951.177 38.243718 -3.9564003
75 311.93593 146.17589 0.5662095 0.26050769 -0.13623579 25 0 2442.872 10.851912 -2.5887656
76 27.783937 147.16111 0.61898812 0.27802818 -0.011343721 25 0 643.83611 2.942138 -1.1716576
77 10.795072 151.12529 0.64923027 -0.17011261 -0.29397853 25 0 559.95583 2.4219421 -0.96040938
78 497.28594 152.51426 0.5603423 0.63077537 -0.021640797 25 0 5761.0524 25.092555 -3.4988622
79 110.36081 160.48179 0.64000036 0.82832692 -0.27740975 25 0 344.1291 1.3771335 -0.34744008
80 399.00649 162.0608 0.54250762 0.26250106 -0.17053987 25 0 40818.2 186.27368 -5.6753787
81 438.2586 165.47561 0.60890182 0.61490614 -0.092328876 25 0 380.4175 1.7367831 -0.59936394
82 219.64136 166.13141 0.58607636 0.35927054 -0.24146347 25 0 376.46191 1.5992908 -0.50981861
83 166.50609 169.6222 0.5729151 0.7331687 -0.17584003 25 0 859.32917 3.7220819 -1.4269648
84 46.468793 173.23756 0.60233575 0.36668077 -0.20905911 25 0 308.62246 1.3934633 -0.3602388
85 359.16675 174.25635 0.51891529 0.68841785 -0.046768915 25 0 367.57281 1.8267865 -0.6542195
86 491.43949 173.84243 0.5592671 0.084286913 -0.1801013 25 0 5126.9654 22.668718 -3.3885674
87 177.37285 175.35461 0.5169854 0.27820822 -0.24986797 25 0 692.09036 3.1888846 -1.259097
88 239.11562 174.55604 0.48721213 0.22631024 -0.058390177 25 0 1246.1012 5.8464437 -1.9172294
89 140.45896 176.3599 0.81699004 -0.65630267 -0.15372815 25 0 2323.4391 8.5757746 -2.3331834
90 426.74981 176.49307 0.61280725 0.4213353 0.074800088 25 0 259.21696 1.1544096 -0.15589984
91 165.69098 177.98305 0.58536105 0.090683666 -0.14803006 25 0 1409.4581 6.0857506 -1.9607854
92 434.20954 183.07405 0.58049437 0.22157738 -0.17757436 25 0 2304.3427 10.147242 -2.51587
93 29.829945 183.85774 0.63688029 0.45180117 0.069185511 25 0 713.51676 3.1163195 -1.2341049
94 127.99847 183.94717 0.57278539 0.47047248 -0.0036753728 25 0 1485.0319 6.3379287 -2.0048684
95 424.11171 185.38376 0.50741219 0.34383657 -0.091433676 25 0 483.79679 2.5914328 -1.0338499
96 496.11191 184.78664 0.5529424 0.024092124 -0.17632762 25 0 631.78653 2.9258958 -1.1656471
97 3.6319643 186.51531 0.36219641 0.41393714 -0.30765012 25 0 131.53923 1.0211235 -0.02269563
98 239.86123 186.76847 0.54989938 0.4647467 -0.10251572 25 0 837.03206 3.6760692 -1.4134592
99 434.71087 188.1422 0.56182042 -0.34040421 0.0055360955 25 0 738.00196 3.4469953 -1.3436017
100 202.3422 189.57351 0.51602049 0.66556337 0.11723887 25 0 490.39947 2.2564013 -0.88354085
101 84.63154 190.39382 0.58282364 0.77630541 0.059041906 25 0 28432.895 120.32197 -5.2008623
102 134.40159 191.63787 0.36991262 -0.1172724 0.06868334 25 0 248.52034 1.3475579 -0.32386861
103 433.41872 196.10403 0.67321574 0.0064885157 -0.6498014 25 0 286.34256 1.2235806 -0.21908144
104 468.08198 200.08048 0.46915112 0.031795803 -0.11675179 25 0 448.48264 2.3861552 -0.94424672
105 181.35974 202.4426 0.48538229 0.52726997 -0.10457749 25 0 365.69313 1.5906379 -0.50392829
106 395.21521 201.60848 0.37944791 0.4182383 -0.095444505 25 0 184.79889 1.2600218 -0.25094511
107 211.64169 203.6813 0.60100337 -0.2663402 0.31780548 25 0 263.20997 1.0827563 -0.086326784
108 419.02046 204.54239 0.34133471 0.49550473 1.3811362e-06 25 0 169.18799 1.0737825 -0.077290807
109 79.650598 204.40539 0.4652547 0.77581193 0.22281547 25 0 346.65012 1.6473948 -0.54199419
110 160.48899 206.10549 0.5300637 0.68825882 0.23450848 25 0 225.17055 1.2313712 -0.22597249
111 482.4226 206.01282 0.6569974 0.092865458 -0.39828061 25 0 550.1292 2.3938561 -0.94774509
112 25.427554 213.52204 0.47675504 0.80249894 -0.16060023 25 0 273.51151 1.5720544 -0.49116896
113 27.566959 215.13633 0.82011602 0.40736189 -0.11400207 25 0 430.79946 1.5013777 -0.44122489
114 438.56524 215.99654 0.55300252 0.27489994 -0.15467345 25 0 810.40202 3.7835473 -1.4447479
115 0.96063727 216.97738 0.66024574 0.13758546 -0.040109709 25 0 1761.59 7.4302103 -2.1775028
116 339.44187 218.07729 0.55902809 0.40164252 -0.25291494 25 0 1177.3378 5.1805082 -1.7859309
117 269.45387 220.02412 0.72286259 0.36171956 -0.39514008 25 0 642.3816 2.471548 -0.98242261
118 163.73663 221.68945 0.52684684 0.600262 -0.11457067 25 0 698.78201 3.0682563 -1.2172291
119 506.87262 221.98922 0.67002732 0.29720605 0.0077444732 25 0 284.54409 1.3001268 -0.28496428
120 492.54028 224.69367 0.60420567 0.60053832 -0.11426856 25 0 3687.1337 15.604372 -2.9831157
121 252.97569 226.90445 0.52099855 0.35182977 -0.14971088 25 0 2167.0885 10.211362 -2.5227092
122 365.19507 229.01727 0.47460686 0.2927306 -0.15983088 25 0 3183.739 15.560605 -2.9800662
123 435.36577 229.77497 0.52568001 0.08287088 -0.18404244 25 0 10336.067 46.681545 -4.1728631
124 270.77167 230.6336 0.57580854 -0.050784892 -0.26846954 25 0 202.14157 1.0267198 -0.02862982
125 340.19494 231.32268 0.50649061 0.61084582 -0.20346888 25 0 734.9084 3.3902778 -1.3255882
126 504.35545 231.8345 0.60683654 0.29004459 -0.055785279 25 0 218.16489 1.0585972 -0.06182682
127 193.56586 237.69507 0.60711009 0.42503855 -0.18501518 25 0 561.26266 2.4487259 -0.97235044
128 253.45607 238.67079 0.64846606 0.40668337 -0.20812606 25 0 563.27737 2.223197 -0.86744485
129 444.58395 241.26917 0.54100071 0.52891972 -0.2823476 25 0 1302.6329 5.7871919 -1.9061697
130 43.979015 241.85474 0.60980847 0.028354228 0.27667781 25 0 313.77424 1.3870798 -0.35525359
131 30.187098 244.60974 0.54503747 0.15094089 0.32974018 25 0 188.36736 1.0092335 -0.0099791211
132 498.82601 252.54892 0.40238317 0.19310624 0.19989116 25 0 181.6094 1.1198454 -0.12289514
133 217.09722 255.2218 0.5299347 0.36949587 -0.14801566 25 0 3712.566 16.871281 -3.0678701
134 441.52552 254.69856 0.50778167 -0.045169336 -0.21543856 25 0 5070.7496 22.630318 -3.3867267
135 279.23269 257.73048 0.50133015 -0.16301382 -0.36524044 25 0 314.7746 1.6541097 -0.54641074
136 344.9601 264.20018 0.49708088 -0.39583953 -0.39556411 25 0 323.42331 1.7452354 -0.60463503
137 117.86811 265.32721 0.55006859 0.19477306 -0.14398261 25 0 264.25698 1.2246535 -0.22003307
138 -0.053690706 276.05766 0.95753028 -0.041078577 0.033060253 25 0 280.66111 1.0124974 -0.013484748
139 46.497433 276.03648 0.62846004 0.1967068 -0.29487121 25 0 1201.3153 4.9917438 -1.7456307
140 102.75023 277.98471 0.49287616 0.25801476 0.26721994 25 0 230.87838 1.2693674 -0.25896839
141 228.64587 284.20309 0.6573233 0.1891526 -0.22387556 25 0 279.37733 1.2409117 -0.23435219
142 60.577484 285.31908 0.5974105 0.087779651 0.068523855 25 0 550.45551 2.1636217 -0.83795332
143 361.06112 287.43131 0.46292462 0.31543194 -0.002510827 25 0 3488.2879 16.377553 -3.0356226
144 173.73812 288.90976 0.55772221 0.48869412 -0.17738688 25 0 728.52345 3.2192204 -1.2693768
145 52.257888 290.16964 0.62389676 0.34959684 -0.18972902 25 0 1067.3559 4.2809788 -1.5788577
146 80.575381 289.95603 0.62238187 0.21519991 -0.30484205 25 0 950.30542 3.9458911 -1.4903627
147 335.3485 292.43612 0.38303711 0.49983294 -0.021294503 25 0 246.69272 1.4134145 -0.37567387
148 466.68526 292.38665 0.58670248 0.70683846 -0.16309781 25 0 551.79546 2.4084032 -0.954323
149 4.8414766 295.11445 0.71665868 -0.11330295 -0.10735711 25 0 497.74888 2.0809911 -0.79567557
150 149.5548 299.72138 0.74718538 0.77416669 -0.11810784 25 0 437.86489 1.5787119 -0.49575719
151 63.966856 305.71215 0.62074442 0.29411962 -0.096455563 25 0 1097.0623 4.5507824 -1.6452152
152 411.5725 305.6786 0.46346465 0.5271285 0.067291226 25 0 266.82089 1.3775607 -0.34777685
153 207.48119 311.33633 0.6508329 -0.04743629 -0.046407053 25 0 724.26211 2.8354718 -1.1315633
154 439.33997 311.20954 0.55325386 0.31624523 -0.17059023 25 0 849.58683 3.9399028 -1.4887138
155 126.66447 316.07266 0.58739984 0.22526563 -0.17338987 25 0 2746.2881 11.791357 -2.6789095
156 2.8113196 317.7196 0.68441714 0.50586591 0.013050762 25 0 1993.674 7.895869 -2.2434998
157 48.574718 319.95106 0.63690697 0.44823711 -0.13711663 25 0 360.52253 1.4138092 -0.37597705
158 176.18061 325.3564 0.67450481 0.22797702 0.14729216 25 0 307.24145 1.2149757 -0.21141897
159 319.11229 327.70606 0.53837814 0.58735966 -0.081533433 25 0 440.42375 2.0682497 -0.78900742
160 251.87781 330.35417 0.52424827 0.072952962 0.19158077 25 0 216.21849 1.0596349 -0.062890663
161 9.3506582 334.92174 0.62809099 0.13517336 -0.21627618 25 0 4216.7575 17.80204 -3.1261744
162 276.32731 335.03705 0.60659097 0.14915253 -0.3349783 25 0 407.93159 1.622455 -0.52543166
163 369.3209 335.67716 0.41111914 0.44381175 -0.0084900924 25 0 268.74188 1.5413022 -0.46971947
164 19.458199 335.91987 0.67374784 0.23879813 -0.24489842 25 0 10802.359 43.055773 -4.0850785
165 65.785813 337.06114 0.74282182 -0.02664976 -0.15453698 25 0 954.09863 3.3852121 -1.3239647
166 252.63346 336.48298 0.53387286 0.71724629 -0.052501323 25 0 633.40002 2.870547 -1.1449117
167 477.68069 343.13966 0.57544281 0.21085922 0.19423128 25 0 746.56065 2.8887821 -1.1517869
168 248.86282 346.37788 0.51866048 0.13257465 -0.20122195 25 0 305.13929 1.283926 -0.27134998
169 349.46361 348.92626 0.61612951 0.27434596 -0.24229066 25 0 587.40199 2.3929239 -0.94732222
170 228.73921 352.61671 0.55485394 0.59374412 -0.078287675 25 0 3932.8354 17.493702 -3.1072043
171 370.7951 354.00674 0.70217212 0.32208443 -0.12030873 25 0 1061.2904 4.1296823 -1.5397916
172 1.0832068 355.2829 0.66679067 0.56322986 0.084574031 25 0 428.98704 1.6997449 -0.57595938
173 10.789367 355.03946 0.72581631 -0.1342367 -0.029585806 25 0 841.18309 3.2076487 -1.265467
174 482.37456 354.83612 0.61587395 -0.49841223 -0.21253494 25 0 275.99476 1.2046282 -0.20213255
175 287.66909 356.61039 0.56402161 0.57813826 -0.10010256 25 0 18856.561 81.78991 -4.7817493
176 11.060625 358.78924 0.74182615 0.095829946 0.056205715 25 0 1277.5772 4.6082949 -1.6588507
177 432.03859 358.48935 0.4946256 0.23548503 -0.42598821 25 0 186.84049 1.0741974 -0.077710275
178 11.875487 362.00165 0.84030874 0.1966461 0.28406436 25 0 543.89098 1.57669 -0.49436577
179 403.51973 363.76435 0.58160408 0.34980874 -0.17287507 25 0 1470.3247 6.2214876 -1.9847356
180 468.69049 364.57121 0.77016454 -0.83706701 -0.25143473 25 0 317.65103 1.1356467 -0.13810806
181 214.99449 365.61709 0.54367523 0.19494334 -0.069196733 25 0 1217.2034 5.3383054 -1.8185085
182 267.08474 366.87463 0.56246567 0.16388829 -0.16425803 25 0 2172.5748 9.6020938 -2.4559149
183 84.69006 368.33671 0.61394074 0.57060104 -0.31628035 25 0 3715.8195 15.189164 -2.9538347
184 416.67954 368.08008 0.62761379 -0.1015774 -0.17032514 25 0 963.30551 4.1066666 -1.5337236
185 127.82059 369.17012 0.65031776 -0.12040904 -0.15437974 25 0 492.31081 1.8470097 -0.66617297
186 488.53036 370.11958 0.58248127 0.19305619 -0.29533252 25 0 7043.8824 30.350854 -3.7054273
187 11.737006 371.37164 0.81866441 -0.087544764 -0.0049405613 25 0 440.89813 1.4624145 -0.41267622
188 354.94123 381.25373 0.56286654 0.22135046 -0.14634563 25 0 2714.9055 11.955464 -2.6939161
189 63.83585 382.4727 0.6109047 0.64013264 0.06166696 25 0 2868.2599 12.065438 -2.7038577
190 109.51512 384.06569 0.61304286 0.10436969 -0.33638066 25 0 524.52273 2.2441246 -0.87761741
191 216.2688 385.75944 0.38024428 0.10678301 -0.01006105 25 0 380.38305 2.1821102 -0.84719171
192 472.90743 386.63355 0.60590344 -0.64734773 0.048864777 25 0 489.31262 1.9812502 -0.74234828
193 89.242802 387.26327 0.51773386 0.09122215 -0.24607986 25 0 276.15588 1.2050812 -0.20254074
194 133.5619 388.43739 0.57125953 0.71311577 -0.18619472 25 0 1073.7729 4.5236213 -1.6387156
195 505.36956 388.37997 0.45755921 0.47662714 -0.33092198 25 0 230.71885 1.2735097 -0.26250565
196 473.66302 390.13713 0.64133335 -0.096342909 -0.16464884 25 0 1845.0287 7.4815043 -2.1849723
197 444.49304 390.46634 0.48552082 -0.37634714 -0.10412461 25 0 1553.5532 7.1315465 -2.1329593
198 49.035249 393.4952 0.64446342 0.3081025 -0.1354605 25 0 510.29451 1.9398694 -0.71943124
199 235.62099 398.34453 0.53079418 0.7457777 0.016282246 25 0 5226.7334 23.250115 -3.4160628
200 366.08687 400.42512 0.52327322 0.35899087 -0.19167298 25 0 555.90154 2.5197299 -1.003385
201 264.65663 405.90717 0.62673397 0.68934842 -0.14505656 25 0 508.21936 1.9406991 -0.71989549
202 401.50719 405.41149 0.70289532 0.78384255 0.015009571 25 0 486.67291 1.8330872 -0.65795778
203 262.10774 409.57385 0.52579825 0.28855419 -0.089186356 25 0 1431.9711 6.4005938 -2.0155507
204 483.60596 410.01412 0.75081475 0.65365037 -0.081460577 25 0 526.29278 1.8819626 -0.68652744
205 94.042913 414.97052 0.65673572 0.34657132 -0.099029842 25 0 878.01135 3.4961906 -1.3589877
206 118.03145 416.43618 0.60017254 0.37422136 -0.056209667 25 0 1822.1239 7.7603588 -2.2247045
207 293.63514 426.3541 0.46169116 0.41038316 0.0074222848 25 0 292.22054 1.4036706 -0.36816301
208 174.92807 428.04336 0.6907311 -0.065817592 -0.32283421 25 0 375.69755 1.4089995 -0.37227707
209 203.59056 433.47718 0.5164602 -0.66014684 -0.43675206 25 0 297.64194 1.3076876 -0.29126002
210 168.80231 434.54286 0.56345318 0.081424443 -0.044670341 25 0 1584.7274 6.6276993 -2.053407
211 142.29623 435.34182 0.57088944 0.46231176 -0.16542211 25 0 869.99977 3.6993019 -1.4202994
212 391.09966 435.1904 0.51709946 0.3173164 -0.19444972 25 0 300.44017 1.2375003 -0.23136333
213 183.92235 436.04046 0.61937649 -0.17875545 -0.0074512874 25 0 256.11125 1.0861167 -0.089691268
214 170.61371 436.92235 0.82475379 0.38341226 -0.26708487 25 0 386.37065 1.2438026 -0.23687869
215 242.11905 437.86534 0.55762929 0.1249159 -0.08857096 25 0 948.0909 4.2374372 -1.5677582
216 501.07979 437.49152 0.31393555 0.19991375 -0.053073173 25 0 61246.972 287.95995 -6.1483302
217 354.70034 439.63975 0.54234297 0.53881466 -0.11082857 25 0 2362.5516 10.523945 -2.5554464
218 255.23795 442.38643 0.54983384 0.3740315 -0.026571373 25 0 865.87398 3.5571365 -1.3777513
219 24.402096 442.66062 0.57151643 0.29714776 0.1464941 25 0 277.36069 1.2454383 -0.23830558
220 101.25493 444.20578 0.62434677 0.3457724 -0.1906864 25 0 12370.098 52.367179 -4.2976479
221 486.38446 444.91831 0.54074793 -0.56844244 -0.50063856 25 0 319.00398 1.387433 -0.35553006
222 472.86693 450.98252 0.43768059 0.076771633 -0.12467816 25 0 283.60612 1.6253903 -0.52739417
223 222.28006 451.95028 0.53922621 -0.0060348465 0.20524779 25 0 252.49201 1.0226491 -0.024316569
224 487.29006 454.08908 0.62091735 0.23825253 -0.13565287 25 0 1962.4065 8.3725097 -2.3071391
225 321.25582 457.80355 0.47864914 -0.058759538 -0.23244349 25 0 519.98243 2.5235364 -1.0050239
226 445.4106 458.85091 0.58671603 0.054816493 -0.16640871 25 0 330.67053 1.2922069 -0.27833013
227 340.97937 460.17326 0.5500467 -0.097972686 -0.076144883 25 0 241.73094 1.162972 -0.16392318
228 372.37915 462.71522 0.54337477 0.034192683 -0.20502928 25 0 1035.2901 4.534961 -1.6414339
229 66.471579 463.74346 0.58086901 -0.014180986 -0.2198245 25 0 4552.8449 19.765319 -3.2397596
230 159.33296 464.98417 0.58888836 0.18667525 -0.21877708 25 0 939.98053 3.8975998 -1.4769931
231 335.94177 465.55618 0.47468698 -0.33320697 -0.24289229 25 0 240.28485 1.1251942 -0.12806871
232 437.71244 466.41068 0.45798351 -0.064259031 -0.1228728 25 0 60359.684 286.72911 -6.1436795
233 301.50691 467.02893 0.48945437 -0.19132685 -0.19664214 25 0 280.8421 1.3483072 -0.32447212
234 56.019549 468.72589 0.7289952 -0.12323516 -0.54004991 25 0 282.38728 1.0369127 -0.039355444
235 415.16875 468.47413 0.3917504 -0.30457958 -0.39557293 25 0 244.14023 1.3201445 -0.30155372
236 221.0408 472.99442 0.61505897 0.1614753 -0.17480339 25 0 4485.3429 19.417324 -3.2204734
237 439.00009 474.0087 0.61001967 0.2548509 0.088846405 25 0 494.26037 2.0897655 -0.80024389
238 352.85394 474.68941 0.59112206 -0.18712921 -0.24555111 25 0 519.82092 2.0910847 -0.80092907
239 271.1448 476.33637 0.59659471 0.36645925 -0.14567427 25 0 2656.2327 11.361481 -2.6385873
240 124.16658 476.91957 0.63838163 0.15721421 -0.11223517 25 0 427.87076 1.6563544 -0.54788315
241 348.60542 481.65255 0.48601383 0.084110314 -0.3815952 25 0 320.75446 1.5229973 -0.45674781
242 148.93463 482.33736 0.6561431 0.13886221 -0.098922511 25 0 822.0721 3.3227652 -1.3037491
243 74.203742 487.70517 0.60674145 0.038758456 -0.23281742 25 0 991.65494 4.3220711 -1.5892298
244 250.22209 497.15978 0.61643329 -0.095512622 -0.28416569 25 0 416.16574 1.6368645 -0.5350318
245 402.78038 496.96612 0.69230064 0.76010532 0.078195565 25 0 258.86432 1.076678 -0.080214632
246 160.25788 501.24723 0.51492324 0.22458336 0.0039954143 25 0 321.63035 1.4605258 -0.41127306
247 77.147349 502.60431 0.67680678 0.77452339 0.026227629 25 0 285.62516 1.083308 -0.086879859
248 126.0502 504.2769 0.75091183 -0.49617031 -0.095947548 25 0 602.01193 2.1290293 -0.82045407
249 171.70849 504.45152 0.83165444 0.92445875 -0.06577619 25 0 459.86527 1.4893095 -0.4324624
250 127.0639 508.03098 0.5928544 -0.086355581 -0.21583714 25 0 706.74152 3.0905643 -1.2250945
251 173.21517 510.90997 0.7870856 0.08556987 -0.65858966 25 0 524.71306 2.0997643 -0.80542636
