id xcentroid ycentroid sharpness roundness1 roundness2 npix sky peak flux mag
1 339.58254 1.7806946 0.47324264 0.19943494 -0.38560263 25 0 247 1.1566996 -0.1580515
2 312.42031 4.1989376 0.74690766 0.46845531 -0.24573126 25 0 828 2.1793336 -0.84580929
3 321.44742 6.8422829 0.58636696 0.70794139 -0.22118717 25 0 284 1.0151504 -0.016325968
4 443.83435 7.5541527 0.52619942 0.0058959562 -0.0007719747 25 0 405 1.6603863 -0.55052285
5 124.34494 11.679783 0.65541985 -0.20809473 -0.18923884 25 0 499 1.5828944 -0.49862986
6 349.88903 12.95794 0.65812493 0.43309352 -0.10837289 25 0 924 2.84314 -1.1344956
7 39.418254 13.708972 0.6267238 -0.07769532 -0.10918402 25 0 13804 41.352024 -4.0412419
8 423.26776 15.976232 0.70090693 0.24697588 -0.10159796 25 0 716 2.2520338 -0.88143727
9 482.42023 15.857573 0.66166058 0.43245102 -0.21284964 25 0 25036 70.737651 -4.6241266
10 227.94408 31.400592 0.5885588 0.20924553 0.077425176 25 0 352 1.1424345 -0.14457823
11 369.15956 34.213589 0.63629347 0.57830284 -0.090317268 25 0 547 1.7659694 -0.61745795
12 468.64406 34.519901 0.41732922 -0.099057857 0.026526673 25 0 182 1.0749395 -0.078460049
13 141.82953 37.178486 0.64001726 0.38747086 -0.0034803371 25 0 410 1.2197694 -0.21569437
14 128.48165 41.37514 0.62410663 -0.29089936 -0.27509979 25 0 559 1.66727 -0.55501482
15 201.49608 42.352299 0.56015615 -0.27942974 -0.14486641 25 0 998 2.997958 -1.1920639
16 221.00232 43.234664 0.68108255 0.35971842 -0.044415969 25 0 2684 7.5275302 -2.1916313
17 361.74591 44.31093 0.55239539 0.16037135 0.017030426 25 0 456 1.5562566 -0.48020304
18 339.60361 45.254865 0.41323797 0.51457999 -0.094609003 25 0 58725 193.83801 -5.7185973
19 81.546021 45.542254 0.44542658 -0.41990665 -0.12822769 25 0 425 1.7438444 -0.60376934
20 265.05978 45.782172 0.6602006 0.40368425 -0.02272951 25 0 401 1.1771682 -0.17709633
21 126.3235 47.551549 0.62401487 0.71239943 0.048271707 25 0 4730 13.690811 -2.841073
22 415.21586 48.708573 0.57990554 0.33030763 0.018945471 25 0 934 2.9883329 -1.1885724
23 262.00576 54.406495 0.61603816 0.097695388 -0.073709656 25 0 376 1.0743991 -0.077914133
24 485.55786 54.581178 0.66991461 0.70230389 -0.015161384 25 0 723 2.285407 -0.89740891
25 309.27514 55.693517 0.59751649 0.11668447 -0.11993986 25 0 1612 4.8868037 -1.7225622
26 458.24193 62.273937 0.68614763 0.52364343 -0.090391676 25 0 1556 4.5925352 -1.6551312
27 12.348472 66.564981 0.52332215 -0.15999048 -0.15757548 25 0 307 1.2887901 -0.27545547
28 46.338437 68.651872 0.60983552 0.47712372 0.10138565 25 0 576 1.849351 -0.66754836
29 69.590301 68.37122 0.46998803 -0.38754443 -0.11190776 25 0 330 1.1945515 -0.1930122
30 447.81418 69.178596 0.67219718 0.26861218 -0.072277581 25 0 1649 4.8888242 -1.7230111
31 12.713621 70.347747 0.62513928 -0.37813638 0.072337086 25 0 433 1.4358717 -0.39278913
32 127.35334 70.274921 0.76793537 0.54110728 0.029339815 25 0 515 1.2773818 -0.26580181
33 486.63716 69.994612 0.66696498 0.2162147 0.014780049 25 0 409 1.4664325 -0.41565518
34 433.16152 70.795559 0.63368972 0.52275857 -0.01711196 25 0 578 1.9265276 -0.71193808
35 70.597068 73.537107 0.62043502 -0.12880822 0.062255484 25 0 1424 4.1341665 -1.5409699
36 483.73306 77.7127 0.70912504 0.55770718 -0.030626779 25 0 992 2.9175947 -1.1625624
37 365.64031 81.891405 0.64977283 0.37464369 -0.13916574 25 0 3471 9.9985902 -2.4998469
38 134.63612 85.310042 0.5430347 -0.18707142 0.013352251 25 0 439 1.2496024 -0.24192966
39 450.11454 86.926084 0.57907578 0.17328513 -0.10050108 25 0 274 1.1696914 -0.17017825
40 107.02395 88.835539 0.73216674 0.24980678 -0.037109769 25 0 741 1.9865791 -0.74526464
41 159.38411 88.970477 0.65353807 -0.12280811 -0.35383441 25 0 432 1.1023798 -0.10582811
42 506.1165 88.539352 0.61513951 0.32912633 0.086929205 25 0 20945 62.820948 -4.4952612
43 169.8143 95.647675 0.51906406 -0.16342796 0.20344398 25 0 453 1.3128727 -0.29555658
44 298.64211 96.148999 0.66318569 -0.15434573 -0.26075212 25 0 1427 3.9606581 -1.4944184
45 302.61173 97.939562 0.63282635 -0.094829798 -0.1509621 25 0 1517 4.3194972 -1.588583
46 200.92541 99.066183 0.67484558 0.33995184 -0.11202831 25 0 2015 5.5777881 -1.866155
47 68.543431 103.26651 0.65384359 -0.18006806 -0.18147214 25 0 4013 11.295611 -2.6322744
48 130.52364 102.8906 0.65702965 0.0053375237 -0.42089653 25 0 463 1.243436 -0.23655856
49 466.83264 102.67209 0.52817392 0.41060732 -0.12851779 25 0 331 1.3667675 -0.33923662
50 311.4698 105.0191 0.67773218 -0.052313077 -0.29774879 25 0 438 1.1658901 -0.16664399
51 504.36936 108.61884 0.64166231 0.84609119 0.11528754 25 0 1876 5.485337 -1.8480083
52 347.29149 114.24142 0.66034972 0.2447795 -0.21374074 25 0 699 1.9521337 -0.72627392
53 233.93612 116.2981 0.66995932 0.25097281 -0.028360668 25 0 18835 53.324042 -4.3173077
54 251.41432 116.24754 0.62672073 0.94326461 0.0207269 25 0 1009 2.4886634 -0.98991541
55 318.03871 117.4027 0.58393362 0.5995435 -0.053536593 25 0 1169 3.4487987 -1.3441696
56 261.44781 117.69353 0.63513151 0.47481348 -0.13543049 25 0 1771 4.758785 -1.6937402
57 463.51043 118.76903 0.68741322 0.3743143 -0.19197278 25 0 422 1.3471998 -0.32358003
58 507.22538 119.22503 0.91704153 0.10492426 0.0037595691 25 0 390 1.0510184 -0.054025827
59 112.87889 119.89466 0.61683386 0.34302801 -0.045350162 25 0 602 1.7220374 -0.59010644
60 168.08936 120.93211 0.57837835 0.65304204 0.2191035 25 0 407 1.0858725 -0.089447042
61 213.7082 119.27902 0.60255788 0.89261424 0.26823078 25 0 530 1.4561371 -0.40800567
62 65.683924 121.40559 0.62263331 -0.4673184 -0.15829405 25 0 532 1.5691866 -0.48918647
63 165.33155 122.98785 0.66019276 0.19689397 -0.16308568 25 0 2318 6.5957194 -2.0481554
64 493.509 123.08009 0.59107936 0.49814411 -0.055802821 25 0 321 1.3151761 -0.29745973
65 189.31207 128.42234 0.61516 0.64933499 -0.010493451 25 0 1721 4.8955114 -1.7244952
66 20.6237 130.01751 0.72481134 0.099424928 -0.16338687 25 0 1380 3.763916 -1.4390998
67 266.80644 131.56133 0.53085898 0.23481228 0.013155452 25 0 489 1.3971533 -0.36311016
68 409.30956 139.60587 0.55801991 0.13575042 -0.044963489 25 0 10825 33.363996 -3.8081951
69 312.08292 145.34187 0.6387008 0.44289871 -0.045131941 25 0 3130 8.8566313 -2.3681714
70 27.87747 146.31582 0.65480665 0.3032331 -0.012145149 25 0 840 2.5290181 -1.0073798
71 11.040766 150.34443 0.76166962 0.1941173 -0.14461363 25 0 689 1.7268449 -0.59313334
72 497.43107 151.61554 0.63246095 0.71018725 -0.066607043 25 0 6892 19.825466 -3.2430585
73 110.71297 159.63053 0.63453518 0.41685149 0.0021627774 25 0 608 1.6674976 -0.55516303
74 399.22709 161.21591 0.62556347 0.41453068 -0.10476434 25 0 51114 150.28349 -5.4422781
75 219.48382 165.13603 0.7091929 -0.15265547 -0.40862969 25 0 621 1.5178417 -0.45306617
76 438.47756 164.64947 0.65475664 0.3483808 -0.1900764 25 0 452 1.3791116 -0.34899849
77 166.68653 168.7962 0.61374572 0.46712476 -0.043445395 25 0 1200 3.3736928 -1.3202638
78 491.48336 173.05708 0.63657802 0.11998911 -0.1465505 25 0 6125 17.826115 -3.1276418
79 177.40523 174.42072 0.69166493 0.6849769 -0.09841502 25 0 1026 2.5448397 -1.0141511
80 239.34743 173.74351 0.56138594 0.052277178 -0.085665179 25 0 1733 5.1465732 -1.7787954
81 359.62681 173.5127 0.57077052 0.84340754 -0.045987471 25 0 466 1.3612492 -0.3348441
82 426.64486 175.62499 0.61232555 0.67272029 -0.16281995 25 0 374 1.2399009 -0.23346746
83 165.84288 177.13946 0.65406801 0.11025124 -0.070814441 25 0 1815 5.0539726 -1.7590822
84 434.44301 182.26541 0.66387613 0.44268592 -0.1812658 25 0 2824 8.0448072 -2.2637891
85 30.033286 183.09904 0.74392442 0.33864884 -0.1203363 25 0 983 2.6244677 -1.0476031
86 128.11021 183.12114 0.64874798 0.50693148 0.0049867782 25 0 2019 5.6527436 -1.8806482
87 424.2436 184.65023 0.62024163 0.70887673 0.056547362 25 0 543 1.6763293 -0.56089834
88 496.25801 184.09588 0.68156222 0.29151598 0.0049706382 25 0 801 2.5235506 -1.00503
89 239.99699 185.91376 0.6144591 0.098837264 -0.18647026 25 0 1212 3.3939441 -1.3267617
90 434.77758 187.3473 0.685605 -0.1681694 -0.01007687 25 0 863 2.4307536 -0.96435234
91 202.40124 188.60492 0.61770742 0.67557319 -0.070198799 25 0 723 1.9075897 -0.7012124
92 84.753233 189.67293 0.65805777 0.52227413 -0.011755782 25 0 41021 117.57515 -5.1757889
93 134.34941 190.97639 0.75737691 0.031637714 -0.19958267 25 0 581 1.3068996 -0.2906056
94 308.79944 193.57665 0.79504534 -0.0068962033 0.2461975 25 0 542 1.3111334 -0.29411724
95 433.9174 195.24048 0.66761161 0.43919801 0.0028945449 25 0 414 1.2589465 -0.25001821
96 468.15385 199.15236 0.64937491 0.25929778 -0.079482666 25 0 625 1.9921136 -0.74828524
97 181.37364 201.59248 0.5877228 0.7793952 0.028177568 25 0 627 1.6732747 -0.55891814
98 395.22445 200.98368 0.65253874 0.43053583 -0.14730386 25 0 345 1.0607651 -0.064048012
99 79.769698 203.73304 0.68642238 0.78690911 0.019923295 25 0 625 1.5793103 -0.49616868
100 482.67868 205.337 0.69455374 0.38467346 0.12906212 25 0 618 1.8818344 -0.6864535
101 27.608503 214.23363 0.67400612 0.48143351 -0.21761367 25 0 490 1.3017788 -0.28634299
102 438.90011 215.20049 0.62152805 0.06843768 -0.16699735 25 0 1054 3.1904132 -1.2596173
103 1.1195915 216.27891 0.7395399 0.21880087 0.048799272 25 0 2315 6.1552298 -1.9731107
104 339.67401 217.34995 0.55451606 0.71794169 -0.20411806 25 0 1279 3.8069509 -1.4514432
105 269.73257 219.55492 0.54814528 0.21648682 0.041309457 25 0 660 1.8016151 -0.63915503
106 163.98362 220.84913 0.64045278 0.32617849 -0.023594864 25 0 1188 3.3138421 -1.3008295
107 492.73388 223.98331 0.6749686 0.26013114 -0.07899584 25 0 5037 14.487383 -2.9024748
108 253.22941 226.15487 0.63464076 0.35647917 -0.10847925 25 0 3058 8.7062692 -2.3495802
109 365.39677 228.33514 0.61614284 0.56550116 -0.086585149 25 0 4268 12.504966 -2.7427063
110 435.47712 229.07205 0.64001948 0.040811213 -0.20002261 25 0 13334 37.902633 -3.9466735
111 340.51482 230.50807 0.52493314 -0.020373641 -0.0060454148 25 0 898 2.7335156 -1.0918039
112 193.77303 237.01179 0.63244414 0.33148072 -0.053323292 25 0 846 2.2926444 -0.90084175
113 253.7342 237.87997 0.62436277 0.3398234 -0.19718739 25 0 925 2.6113701 -1.0421711
114 44.005757 241.19081 0.71389305 0.67878118 0.11073082 25 0 506 1.3035854 -0.28784871
115 444.73909 240.44757 0.571071 0.73914314 0.12047073 25 0 1629 5.1745038 -1.7846718
116 498.96189 251.7542 0.61402828 0.42306196 0.086105372 25 0 241 1.0087197 -0.0094262769
117 217.39667 254.47725 0.6373362 0.73061037 -0.023345558 25 0 4910 13.860309 -2.8544322
118 441.58559 253.97641 0.64780176 0.21624791 -0.1657433 25 0 7540 21.757918 -3.3440433
119 279.36762 256.83414 0.66280461 0.26334751 -0.25660843 25 0 446 1.0564716 -0.059644518
120 345.11175 263.15985 0.64882411 0.34210833 -0.0099598862 25 0 421 1.1345486 -0.1370578
121 118.11215 264.8354 0.75049918 -0.037029865 -0.27680839 25 0 510 1.2064737 -0.20379463
122 46.493916 275.32943 0.60334359 -0.055779444 -0.11896633 25 0 1379 3.9774547 -1.4990131
123 103.04653 276.89391 0.59445511 0.63203106 0.068646256 25 0 409 1.177249 -0.17717087
124 228.82941 283.42729 0.54892501 0.70440105 -0.012670106 25 0 372 1.0329166 -0.03516318
125 60.928349 284.56053 0.69854383 0.50635609 0.088808037 25 0 905 2.3101423 -0.90909683
126 361.29874 286.79035 0.59705429 0.11380338 -0.10197577 25 0 5384 16.310592 -3.0311743
127 173.84102 288.17214 0.65750994 0.14741515 -0.088504689 25 0 1010 2.6801708 -1.0704062
128 52.405774 289.46648 0.65939567 0.68940167 -0.032121812 25 0 1289 3.4998444 -1.3601218
129 80.623053 289.34054 0.61849709 0.051285792 -0.066377573 25 0 1220 3.4498196 -1.344491
130 335.65486 291.29965 0.51464808 0.58592361 0.23512621 25 0 335 1.049211 -0.052157086
131 466.83884 291.68905 0.66583711 0.45170616 0.0025413026 25 0 603 1.8180242 -0.64899916
132 4.9710155 294.29732 0.74159085 0.29219276 -0.087526386 25 0 563 1.4551472 -0.40726731
133 149.7803 298.91339 0.66107141 -0.1069515 -0.23666608 25 0 610 1.6345702 -0.53350894
134 64.192138 304.98555 0.67465455 0.20621487 -0.094904614 25 0 1475 4.174284 -1.551455
135 412.11523 305.01246 0.58674457 0.44857589 0.11634178 25 0 355 1.1737373 -0.17392723
136 207.75962 310.59576 0.63071605 0.82944526 0.071544837 25 0 838 2.2155368 -0.86369743
137 439.56456 310.40241 0.5959948 0.8730196 0.040669128 25 0 820 2.5868561 -1.0319307
138 126.84443 315.3455 0.63713966 0.25598461 -0.041014275 25 0 3523 10.116559 -2.5125821
139 2.9435148 316.97444 0.74791558 0.26390006 -0.090184354 25 0 2858 7.6766794 -2.2129335
140 176.44541 324.83555 0.59287813 0.28145119 -0.079671398 25 0 391 1.0384425 -0.040956136
141 319.34565 327.06236 0.58541257 0.51559136 -0.10914306 25 0 596 1.8884535 -0.69026574
142 9.5100782 334.2234 0.69965848 0.44222791 -0.20852335 25 0 5019 13.665433 -2.8390585
143 276.64704 334.2819 0.69184806 -0.22982088 -0.067392165 25 0 525 1.4056413 -0.3696863
144 19.654496 335.22174 0.67830412 0.062786952 -0.10976756 25 0 13357 37.945074 -3.9478885
145 369.44228 334.73811 0.64749525 0.62104447 -0.10657102 25 0 431 1.3012449 -0.28589757
146 66.021626 336.39961 0.62776471 0.19129444 0.16772538 25 0 1086 3.1360472 -1.2409565
147 252.95671 335.84977 0.63594345 0.30188115 -0.088881003 25 0 936 2.680899 -1.0707011
148 477.86292 342.2899 0.72293696 0.20770938 0.18707603 25 0 948 2.597094 -1.0362192
149 248.93402 345.55928 0.54393837 0.29230864 -0.16318981 25 0 350 1.0093968 -0.010154773
150 349.7312 348.2581 0.62762272 -0.174968 -0.15790489 25 0 759 2.3674379 -0.9356965
151 229.05482 351.88821 0.64926185 0.25493856 -0.075349534 25 0 5706 16.628722 -3.0521472
152 371.00855 353.38274 0.60815853 0.28517471 -0.066069695 25 0 945 2.8790107 -1.1481082
153 11.005342 354.24103 0.78213102 -0.08108264 -0.0088285713 25 0 1049 2.6779593 -1.0695099
154 1.5161173 354.46271 0.5100912 -0.11696321 0.12670588 25 0 434 1.3145366 -0.29693172
155 287.93492 355.9007 0.65326234 0.25105739 -0.13626547 25 0 27691 80.463174 -4.7639929
156 11.148645 358.05909 0.7735899 0.09630743 -0.0047802818 25 0 1682 4.3045803 -1.584827
157 12.309401 361.29872 0.56340836 -0.31072734 0.11390792 25 0 495 1.4562805 -0.4081126
158 403.76058 362.99004 0.65438096 0.09983279 -0.13897252 25 0 2007 5.9517392 -1.9366097
159 468.97325 363.61263 0.54973733 -0.25798215 -0.14047912 25 0 225 1.0351422 -0.037500055
160 215.24932 364.87957 0.62307856 0.27481698 -0.089784831 25 0 1682 4.9051279 -1.7266258
161 267.45227 366.101 0.65706077 0.16129497 -0.24999792 25 0 2844 8.094978 -2.2705392
162 416.88723 367.29286 0.67831057 0.17541099 -0.091108641 25 0 1144 3.427488 -1.3374399
163 84.84814 367.62719 0.68284821 0.4973715 0.0051504719 25 0 5394 15.068387 -2.9451669
164 127.95897 368.33581 0.60233223 0.28665775 -0.08558203 25 0 518 1.4443552 -0.39918506
165 488.62631 369.4456 0.63136651 -0.17049377 -0.01510555 25 0 8120 23.525178 -3.4288323
166 12.021595 370.67809 0.68999485 0.10484253 -0.09759694 25 0 575 1.5657528 -0.48680799
167 355.24609 380.57208 0.5907041 0.60027543 0.044652331 25 0 2939 8.8279969 -2.3646554
168 64.034959 381.8536 0.7358068 0.19803943 -0.079890302 25 0 4434 12.029536 -2.7006222
169 109.70261 383.36956 0.6735668 0.56269234 0.09784713 25 0 595 1.4909485 -0.43365663
170 216.51046 384.94313 0.75518663 0.52863483 -0.22147253 25 0 658 1.6253212 -0.52734803
171 473.33374 385.82724 0.72763803 -0.40696524 0.24755731 25 0 546 1.4926879 -0.43492255
172 133.78701 387.71813 0.66188154 0.4775686 -0.081540849 25 0 1541 4.3673338 -1.600541
173 473.96324 389.4074 0.66997817 0.28152647 0.11757322 25 0 2085 6.0794742 -1.959665
174 444.65264 389.78353 0.65875858 0.31354759 -0.037769253 25 0 2544 7.5493663 -2.1947763
175 49.37722 392.8615 0.5778564 0.073527684 -0.18241944 25 0 556 1.7107677 -0.58297762
176 235.91946 397.65242 0.62527661 0.38497655 -0.016261451 25 0 7748 22.933277 -3.4011653
177 366.53299 399.63424 0.52945724 -0.17768954 -0.12392371 25 0 580 1.998435 -0.75172507
178 265.03511 405.1797 0.62217989 0.40484437 -0.13057484 25 0 764 2.2744427 -0.89218751
179 401.79617 404.70581 0.61429532 0.41706793 0.078037017 25 0 508 1.7382191 -0.60026127
180 262.40306 408.81923 0.62153066 0.036270702 -0.22329753 25 0 1924 5.7317023 -1.8957091
181 483.74536 409.05749 0.60773358 0.20764058 -0.13544509 25 0 425 1.6466872 -0.54152778
182 94.236722 414.17013 0.6972671 0.49774084 -0.038496974 25 0 1005 2.6536598 -1.0596131
183 118.35373 415.60202 0.60731383 -0.08727268 -0.058426956 25 0 2103 6.234363 -1.9869802
184 294.21994 425.74031 0.59938518 0.13276028 -0.081225225 25 0 351 1.073968 -0.077478307
185 175.07428 427.20289 0.67578922 -0.21863305 -0.15369573 25 0 382 1.0825638 -0.086133704
186 203.93068 432.61401 0.59825244 0.4200248 -0.076263104 25 0 401 1.3194032 -0.30094384
187 169.16011 433.73148 0.6548487 0.28882687 -0.055654054 25 0 2277 6.5937966 -2.0478389
188 142.59356 434.68938 0.65579716 0.69006265 -0.10693793 25 0 1009 2.8315307 -1.1300532
189 242.53312 437.04238 0.64854052 0.13927978 -0.2469354 25 0 1074 3.1214526 -1.2358919
190 501.38638 436.76331 0.31621174 0.20339252 -0.067499964 25 0 58421 194.82896 -5.7241338
191 355.01197 438.84231 0.65327674 0.2136725 -0.12704627 25 0 3374 9.9998977 -2.4999889
192 255.45849 441.52009 0.65173435 0.63504203 -0.017660932 25 0 991 2.6814527 -1.0709254
193 101.57406 443.42611 0.67337758 0.69552232 -0.16870054 25 0 13252 36.438803 -3.9039103
194 486.67684 443.91579 0.63149588 0.12427143 0.090386061 25 0 287 1.1379185 -0.14027794
195 473.36963 449.99663 0.67508338 0.57051577 -0.22286524 25 0 238 1.0008985 -0.00097507885
196 487.43232 453.31268 0.64298957 -0.37238837 -0.20744529 25 0 1916 5.8037702 -1.9092755
197 389.84681 455.71254 0.72389171 0.44100694 -0.06831975 25 0 316 1.0077783 -0.0084125218
198 321.52605 457.02602 0.65410103 -0.019829901 -0.15233917 25 0 672 2.047722 -0.77817751
199 445.75799 458.15524 0.66378875 -0.52563354 -0.25611938 25 0 355 1.2285995 -0.22352583
200 372.47884 461.98648 0.72667537 -0.053315226 -0.21590128 25 0 1400 3.9665682 -1.4960373
201 66.591715 463.03277 0.73049167 0.12640978 -0.20260357 25 0 6604 17.921339 -3.1334262
202 159.48465 464.16981 0.68813267 -0.20242226 -0.24752744 25 0 1233 3.4325171 -1.3390318
203 438.16466 465.56992 0.46248617 0.43167531 -0.069807262 25 0 58662 192.367 -5.7103265
204 301.71019 466.43226 0.57343606 0.095020517 0.026248702 25 0 298 1.1466658 -0.14859215
205 55.711384 468.07502 0.72818898 0.27346788 -0.26984448 25 0 328 1.0349706 -0.037319988
206 221.4328 472.19831 0.70106525 0.30951791 -0.19468687 25 0 5286 14.690665 -2.9176037
207 439.33628 473.1354 0.64911978 0.49559289 0.042723916 25 0 398 1.3037077 -0.28795057
208 353.00827 473.91477 0.63463927 -0.43811556 -0.28009121 25 0 576 1.9220201 -0.70939482
209 124.49945 476.12653 0.79763427 -0.015262068 -0.098016214 25 0 481 1.2140466 -0.21058836
210 271.451 475.5337 0.65396934 0.62384349 -0.13852327 25 0 2845 8.0559742 -2.2652952
211 149.31746 481.56205 0.67132101 0.77884225 0.0059001951 25 0 783 2.1411336 -0.82660944
212 348.84665 480.57292 0.65645748 0.15265418 -0.044737807 25 0 384 1.2203269 -0.21619043
213 74.394025 486.81456 0.66145934 0.23843997 -0.19022068 25 0 1115 3.260675 -1.2832688
214 250.59701 496.58015 0.60943799 0.46643224 0.10871195 25 0 355 1.2095632 -0.20657144
215 77.734133 501.71298 0.80474615 0.47162869 -0.33478057 25 0 421 1.1059244 -0.10931361
216 126.43352 503.5565 0.72698278 -0.069188738 0.015966405 25 0 588 1.5346043 -0.46499103
217 171.71407 503.60691 0.67314437 0.34189252 -0.21874882 25 0 466 1.2360363 -0.23007807
218 127.36748 507.22996 0.74688033 0.47077064 -0.18761276 25 0 798 2.0595622 -0.78443727
219 173.70227 510.75434 0.84723701 0.24205191 -0.37562562 25 0 1155 2.8405017 -1.1334876
