id xcentroid ycentroid sharpness roundness1 roundness2 npix sky peak flux mag
1 36.910854 0.14613133 0.80204554 -0.20771149 -0.4114545 25 0 5303 11.697401 -2.6702235
2 298.3484 16.048491 0.59409964 -0.1081286 -0.29901412 25 0 536 1.5015115 -0.44132164
3 429.81642 19.45211 0.62315272 0.013561254 -0.18261252 25 0 323 1.1424684 -0.14461051
4 110.46191 23.111794 0.66659751 -0.28247825 -0.49919368 25 0 430 1.1414445 -0.14363699
5 25.416399 25.042566 0.69340316 -0.13484559 -0.28584028 25 0 13807 31.86897 -3.7584201
6 335.83693 24.779556 0.62341478 -0.041104284 -0.20559516 25 0 641 1.7553896 -0.6109338
7 409.23645 27.893714 0.57384726 -0.53751173 -0.37846152 25 0 494 1.5955207 -0.50725612
8 468.39071 27.913095 0.65439401 -0.28471982 -0.3255502 25 0 22632 52.364588 -4.2975942
9 354.98791 46.110066 0.64240142 -0.29596716 -0.27295556 25 0 490 1.3745417 -0.34539482
10 114.47677 52.828002 0.81462547 -0.32399442 -0.41120699 25 0 592 1.1898876 -0.18876482
11 187.39216 53.918165 0.56533273 -0.17545401 -0.50516115 25 0 963 2.4498424 -0.97284538
12 206.9612 54.792784 0.57431869 -0.2226321 -0.2364735 25 0 2026 5.1339654 -1.7761323
13 67.283204 56.98888 0.74312066 -0.33676934 -0.32606561 25 0 469 1.0968922 -0.10040987
14 325.54372 56.855727 0.34653785 0.028245272 -0.28252408 25 0 58478 157.7991 -5.4952613
15 112.26762 58.985839 0.68457468 -0.23029915 -0.31194638 25 0 5296 12.303903 -2.7251072
16 401.11448 60.593188 0.56510214 -0.034270751 -0.17033246 25 0 649 1.6805774 -0.56364633
17 295.08569 67.50688 0.5656171 0.014164812 -0.11684416 25 0 1216 3.063779 -1.2156436
18 471.58291 66.668758 0.61884529 -0.4156318 -0.14929909 25 0 548 1.5638443 -0.48548375
19 444.10296 74.291578 0.61775499 0.12202103 -0.25831766 25 0 1155 2.9901877 -1.1892461
20 502.62552 76.541973 0.52310685 0.23388442 -0.16021218 25 0 2178 5.9460072 -1.9355636
21 32.301672 79.922048 0.72988788 -0.12753042 -0.22757964 25 0 616 1.541851 -0.47010603
22 433.81325 81.147901 0.60718728 -0.30923882 -0.30878432 25 0 1280 3.3773529 -1.3214411
23 418.85312 82.804377 0.49564477 -0.54050449 -0.52051441 25 0 393 1.3066411 -0.29039081
24 56.527526 84.871001 0.67112539 -0.12277379 -0.36992634 25 0 1407 3.2988098 -1.2958932
25 469.50811 89.725146 0.65125764 -0.4754871 -0.44149606 25 0 665 1.7521026 -0.60889886
26 351.44481 93.66846 0.56407455 0.1024109 -0.29921857 25 0 2422 5.9250909 -1.9317376
27 120.58707 96.833548 0.68982068 0.21357496 -0.041611417 25 0 519 1.1242813 -0.1271875
28 92.921561 100.34697 0.54119502 -0.20693979 -0.28231767 25 0 497 1.258753 -0.24985132
29 491.97544 100.67056 0.56769633 -0.077858891 -0.15313672 25 0 17133 43.551225 -4.0975009
30 155.62153 107.21489 0.69473815 -0.0053515214 -0.35258519 25 0 533 1.0981559 -0.10166001
31 284.44433 107.95893 0.62579055 -0.70279046 -0.3108594 25 0 1182 2.7699962 -1.106198
32 288.49287 109.6087 0.54684088 -0.6193901 -0.32140676 25 0 1178 2.9459627 -1.1730681
33 186.69569 110.59793 0.46759361 0.22507677 -0.14946335 25 0 1226 3.152332 -1.2465799
34 54.421291 114.70244 0.59363817 0.150623 -0.31686179 25 0 3199 7.6303323 -2.2063586
35 509.98651 117.15425 0.61833199 -0.35517444 -0.2264721 25 0 1822 4.6736357 -1.6741371
36 490.23014 120.61878 0.5875443 -0.3012632 -0.037825034 25 0 1574 4.1219564 -1.5377585
37 333.35928 126.10766 0.57738492 -0.48448562 -0.40827605 25 0 534 1.420317 -0.3809632
38 219.81538 127.87738 0.58769444 -0.081405505 -0.26378031 25 0 15204 37.886829 -3.9462207
39 237.22931 128.0345 0.627798 0.052749762 -0.11601695 25 0 1058 2.3587728 -0.93171527
40 247.30954 129.45172 0.58729874 0.26841017 -0.15826142 25 0 1509 3.5010185 -1.360486
41 303.9276 129.1901 0.60059685 -0.081648617 -0.24168274 25 0 1085 2.5516511 -1.0170532
42 199.40909 131.01699 0.66844086 0.10100258 -0.26132194 25 0 564 1.1806543 -0.18030691
43 51.86446 132.8718 0.67843226 -0.34035302 -0.54629409 25 0 510 1.2359236 -0.2299791
44 151.19998 134.63155 0.60063744 0.092012761 -0.029146996 25 0 1707 3.9077237 -1.4798096
45 175.07899 140.04891 0.65507062 -0.098995788 -0.25806359 25 0 1841 4.1579174 -1.5471896
46 6.4113003 141.4189 0.6833559 0.2169246 -0.19499174 25 0 1094 2.5024592 -0.99591753
47 395.03049 151.66767 0.53235173 -0.13944049 -0.19446779 25 0 9140 23.491141 -3.4272603
48 297.87429 157.17244 0.65374674 -0.14367335 -0.23624031 25 0 2843 6.5050593 -2.0331281
49 13.598592 157.71847 0.60809638 -0.20244042 -0.4200656 25 0 654 1.6674994 -0.55516424
50 483.24365 163.77997 0.59922698 -0.29038936 -0.20742493 25 0 6557 16.398356 -3.0370008
51 385.00379 173.2313 0.61557766 -0.22610085 -0.24702014 25 0 44098 105.62053 -5.0593708
52 205.26271 177.06858 0.56571078 -0.28281896 -0.74511013 25 0 500 1.0233016 -0.025009105
53 424.05874 176.80682 0.51452601 -0.17370134 -0.18524286 25 0 372 1.1214526 -0.12445231
54 32.26631 183.86052 0.71354684 -0.23230759 -0.51987885 25 0 430 1.035027 -0.037379158
55 224.99883 185.56254 0.54727004 -0.041008559 -0.066622603 25 0 1476 3.4987235 -1.359774
56 345.30311 185.35785 0.60284118 0.089930255 -0.33376805 25 0 455 1.061281 -0.064576019
57 477.26865 185.11932 0.6268073 -0.12806326 -0.22553854 25 0 5776 14.069969 -2.8707329
58 163.0592 186.09117 0.59404647 -0.29346138 -0.25809466 25 0 956 2.2725673 -0.89129189
59 151.61695 188.75892 0.49831374 0.022006582 -0.26263254 25 0 1250 3.0904594 -1.2250576
60 15.735708 194.46963 0.73140185 -0.49323454 -0.10718838 25 0 705 1.4861893 -0.43018531
61 420.07901 194.34428 0.57700861 -0.037946763 -0.17064663 25 0 2211 5.6486143 -1.8798548
62 113.9193 194.57855 0.50342983 0.26455487 0.035373226 25 0 1420 3.55235 -1.3762894
63 410.05949 196.61263 0.61930641 0.20216635 -0.052058771 25 0 485 1.2988365 -0.2838862
64 481.89819 196.31202 0.53418402 0.062686463 -0.065225341 25 0 570 1.8825774 -0.68688209
65 225.60991 197.71 0.58056633 0.0065386255 -0.18978278 25 0 989 2.2060559 -0.85904128
66 420.64473 199.37188 0.70726335 -0.97568972 -0.17373766 25 0 777 1.8250982 -0.65321556
67 188.12941 200.31459 0.59099603 0.048907177 -0.077074352 25 0 728 1.5829906 -0.49869581
68 70.470388 201.09229 0.65065881 -0.26591995 -0.34533032 25 0 36295 84.456459 -4.8165822
69 453.89506 211.24424 0.62666768 -0.060663515 -0.23410618 25 0 444 1.2449305 -0.23786279
70 167.18707 213.14833 0.79018262 0.36544904 -0.25338976 25 0 730 1.3236127 -0.30440233
71 65.579826 215.07556 0.57517389 -0.51020028 -0.5976116 25 0 538 1.1846877 -0.18400969
72 507.80811 215.02042 0.63877039 -0.14988305 -0.31402951 25 0 1399 3.5460067 -1.3743489
73 468.48312 217.40126 0.53125754 0.20518907 -0.12691587 25 0 369 1.2306087 -0.22529993
74 501.67622 221.06897 0.62507748 -0.29853549 -0.25690764 25 0 2651 6.5491018 -2.0404544
75 424.54131 227.10983 0.665054 -0.18280414 -0.26638014 25 0 916 2.1714954 -0.84189727
76 325.34009 229.29715 0.5942361 0.0597557 -0.33145216 25 0 1414 3.5617547 -1.37916
77 255.36954 231.24295 0.75714859 0.33123771 -0.15446653 25 0 825 1.6291593 -0.52990889
78 149.68276 232.60041 0.54478188 -0.30616981 -0.12536808 25 0 808 1.7858424 -0.6296078
79 478.34792 235.98926 0.63045302 -0.25865091 -0.29720005 25 0 3962 9.5625518 -2.4514345
80 238.75706 237.95011 0.58691838 -0.10938989 -0.26186995 25 0 2592 6.233265 -1.986789
81 351.10259 240.15957 0.61731907 -0.12664711 -0.23377425 25 0 4021 9.7077039 -2.4677913
82 421.21274 240.94899 0.60089569 -0.3220677 -0.27910775 25 0 11644 28.341458 -3.6310555
83 326.08024 242.4509 0.55687779 0.14968305 -0.026073709 25 0 949 2.3642174 -0.9342185
84 179.36542 248.54847 0.50903181 -0.33213354 -0.20248951 25 0 630 1.5038142 -0.44298545
85 239.45786 249.70305 0.54814221 -0.13064719 -0.28818308 25 0 680 1.5953513 -0.50714083
86 430.41799 252.54782 0.5308692 0.44819985 -0.084883355 25 0 1279 3.3099412 -1.2995507
87 203.05228 266.16003 0.63776946 -0.055251418 -0.2289327 25 0 4808 11.274636 -2.6302564
88 427.27893 265.95198 0.61339685 -0.3564218 -0.30483344 25 0 6222 14.861407 -2.9301498
89 32.280907 286.66107 0.6095126 -0.37308619 -0.10594165 25 0 1329 3.2441386 -1.2777485
90 46.651901 295.94613 0.62434482 -0.033289425 -0.3522527 25 0 728 1.6978639 -0.5747572
91 346.7479 298.63075 0.53912716 0.094452193 -0.15960254 25 0 4253 10.794222 -2.5829784
92 159.57748 299.7339 0.65793314 -0.42068111 -0.38462267 25 0 809 1.5735958 -0.49223296
93 38.052068 300.76307 0.5824007 0.0199993 -0.1481644 25 0 1199 2.9567439 -1.1770343
94 66.433358 300.63771 0.58890039 -0.23164978 -0.22941427 25 0 1035 2.4004583 -0.95073539
95 452.38462 303.47655 0.66550099 -0.30374748 -0.15543432 25 0 561 1.4370375 -0.39367027
96 49.694445 316.38002 0.58728159 -0.21751046 -0.13407946 25 0 1087 2.5511277 -1.0168305
97 193.23283 322.36735 0.57407852 0.13581061 -0.061254019 25 0 800 1.8067163 -0.64222491
98 425.23549 322.38889 0.63351066 -0.064462469 -0.24749784 25 0 789 2.0036506 -0.75455498
99 112.49602 326.80733 0.61897184 0.063455843 -0.34678932 25 0 3002 6.9606326 -2.1066218
100 304.66568 338.75036 0.56137614 -0.20379346 -0.40118788 25 0 519 1.2135016 -0.21010092
101 262.1951 346.05308 0.62013189 -0.069877474 -0.2261319 25 0 545 1.1978167 -0.19597587
102 354.85888 346.55786 0.54861802 -0.25038613 0.060933044 25 0 388 1.0610906 -0.064381181
103 5.2944025 346.49483 0.58034814 -0.29803215 -0.026598752 25 0 9998 24.772721 -3.4849343
104 51.601411 347.73935 0.79062468 -0.70643978 -0.34468921 25 0 964 1.8095655 -0.64393578
105 238.41132 347.49002 0.59531149 -0.62391768 -0.17410786 25 0 738 1.6571823 -0.54842569
106 463.35531 354.14209 0.69058603 0.29360667 0.036259236 25 0 793 1.7866808 -0.63011743
107 335.02171 360.02232 0.70854636 -0.42333207 -0.32526253 25 0 687 1.4525239 -0.40530822
108 214.45437 363.54224 0.51963742 0.32543221 -0.25911192 25 0 3711 9.11248 -2.3990915
109 356.46305 365.14095 0.64416248 -0.1266088 -0.38957347 25 0 1047 2.5019388 -0.99569171
110 273.41184 367.68828 0.61061504 -0.49268569 -0.28646075 25 0 20304 47.239859 -4.1857715
111 389.27668 374.83077 0.62891334 -0.2080035 -0.19325375 25 0 1782 4.370446 -1.6013144
112 200.74295 376.57649 0.56180185 0.14930968 -0.29450456 25 0 1282 3.0751738 -1.2196742
113 252.8014 377.85007 0.5897511 -0.027373646 -0.29794757 25 0 2428 5.9667491 -1.9393444
114 70.38572 379.05934 0.72178151 -0.15136973 -0.319799 25 0 5160 11.357253 -2.6381833
115 402.43149 379.10752 0.67807891 0.050077323 -0.24630887 25 0 950 2.2434799 -0.87730546
116 113.54749 379.93913 0.65373584 -0.13827339 -0.50985834 25 0 501 1.0477982 -0.050694157
117 474.09669 381.34752 0.6042725 -0.18651642 -0.16518629 25 0 7579 18.756918 -3.1829037
118 340.52656 392.29474 0.64357833 -0.50100965 -0.23471858 25 0 2882 6.675154 -2.0611532
119 49.44074 393.21372 0.62702004 -0.3754062 -0.32078131 25 0 3161 7.5004765 -2.1877221
120 95.552245 394.75746 0.63023028 -0.68175474 -0.14696184 25 0 676 1.4928331 -0.43502812
121 202.16791 396.43637 0.5567974 0.05382258 -0.0044216578 25 0 498 1.0681715 -0.071602513
122 75.164914 397.94608 0.63284527 -0.068285595 -0.018898139 25 0 491 1.1715973 -0.1719459
123 458.5569 397.73688 0.59786173 -0.31393502 0.18774026 25 0 448 1.1131989 -0.11643192
124 119.35172 399.27348 0.71018781 0.13625535 -0.22610249 25 0 1429 3.0004043 -1.1929495
125 459.36957 401.36842 0.60890524 0.13756125 -0.12891853 25 0 1556 3.8165684 -1.4541826
126 430.00735 401.65675 0.58891235 -0.052870098 -0.10681868 25 0 2032 5.1860198 -1.7870854
127 34.79484 404.21322 0.56717714 -0.18516923 -0.3703665 25 0 501 1.2404849 -0.23397873
128 221.4074 409.39999 0.61339486 0.18766337 -0.2824012 25 0 6406 15.090302 -2.9467449
129 351.68339 411.52329 0.56978101 -0.49524887 -0.205833 25 0 529 1.3698225 -0.34166075
130 387.23908 416.5712 0.54154325 0.41477979 0.06580728 25 0 372 1.0349531 -0.037301672
131 250.37202 416.84031 0.67021703 0.16170673 -0.44426043 25 0 664 1.3765367 -0.34696945
132 374.38627 419.48727 0.46219633 0.052817319 0.070684901 25 0 666 2.2167535 -0.86429349
133 247.80683 420.65001 0.53115906 -0.23225914 0.0022144848 25 0 1461 3.6931527 -1.4184932
134 79.817243 425.81482 0.68107036 -0.06658288 -0.20494537 25 0 979 2.2165964 -0.86421655
135 103.82706 427.17235 0.61464315 -0.12800526 -0.26327911 25 0 2031 4.9059251 -1.7268023
136 154.51995 445.31156 0.58203492 -0.4967263 -0.28534495 25 0 1805 4.3039806 -1.5846758
137 128.05645 446.24243 0.67252434 0.021180842 -0.21160968 25 0 989 2.1760333 -0.84416385
138 227.84312 448.64355 0.58581624 0.25436559 -0.20938419 25 0 923 2.1967675 -0.85446024
139 486.77258 448.68672 0.30353614 -0.26823899 -0.32800192 25 0 58338 151.99422 -5.4545677
140 340.26878 450.6689 0.62442659 -0.39282678 -0.15629696 25 0 2870 6.9328787 -2.102284
141 240.88915 453.08551 0.64113227 -0.53516253 -0.12707917 25 0 1135 2.5808046 -1.0293878
142 86.967659 454.95748 0.7064333 -0.077766358 -0.24045925 25 0 14902 33.957305 -3.827333
143 472.80651 465.30807 0.6264912 -0.48398756 -0.12981795 25 0 1847 4.6906319 -1.6780784
144 306.75314 468.87009 0.71033378 0.031543676 -0.41096306 25 0 627 1.3737121 -0.34473934
145 357.73068 473.79457 0.59186527 0.0017106837 -0.32959585 25 0 1118 2.8653709 -1.1429521
146 52.025604 474.42442 0.56783538 0.030440079 0.0033586518 25 0 4381 10.945065 -2.5980458
147 145.09247 475.7891 0.59717756 -0.19847629 -0.20762197 25 0 1104 2.6802221 -1.0704269
148 423.43333 477.59009 0.50527049 0.29581547 -0.13818528 25 0 58485 147.56821 -5.422482
149 206.70932 483.84084 0.63671251 -0.064900325 -0.32613158 25 0 4704 11.205487 -2.6235768
150 424.61267 485.16327 0.59045985 -0.47752909 -0.08884624 25 0 477 1.2955624 -0.28114583
151 338.10398 485.68387 0.61717644 -0.8172366 -0.023312882 25 0 480 1.1057208 -0.10911368
152 256.79049 487.15359 0.66663342 -0.18199682 -0.28876546 25 0 3092 7.2315734 -2.148082
153 110.04826 487.719 0.61277333 -0.019219965 -0.085538891 25 0 451 1.0618935 -0.06520236
154 333.87139 492.51667 0.59325573 -0.050214728 0.035243704 25 0 377 1.0465156 -0.049364246
155 134.78709 493.06824 0.69312909 -0.078736922 -0.34236863 25 0 982 2.1945203 -0.853349
156 59.619945 498.42615 0.51759707 -0.44612282 -0.17877487 25 0 781 2.0747184 -0.79239792
