id xcentroid ycentroid sharpness roundness1 roundness2 npix sky peak flux mag
1 274.2568 14.962161 0.54490367 -0.44523335 -0.28624644 25 0 424.01377 1.3033908 -0.28768667
2 1.5748229 23.521556 0.56618421 -0.79585369 -0.16181765 25 0 8621.7241 21.153039 -3.3134319
3 311.99721 23.480845 0.49346553 -0.046440413 -0.19596664 25 0 379.3951 1.2294553 -0.2242819
4 385.22413 26.936393 0.63143533 -0.29482061 -0.23434373 25 0 511.664 1.4829426 -0.42781088
5 444.29209 26.944592 0.64505442 -0.3119815 -0.224516 25 0 21088.101 50.011096 -4.2476659
6 330.95168 44.976623 0.64428524 -0.39051413 -0.34932807 25 0 376.98997 1.0813961 -0.084961959
7 163.65213 52.431063 0.55798138 -0.57132591 -0.27506095 25 0 722.28332 1.9744687 -0.73862565
8 183.1055 53.375262 0.59515888 -0.25198485 -0.18651588 25 0 1581.8478 3.9709353 -1.497232
9 301.59043 55.637529 0.3963784 -0.10889433 -0.22270807 25 0 57247.783 145.06373 -5.4038971
10 88.200409 57.468427 0.58528484 -0.52194042 -0.13040647 25 0 3168.666 7.4402683 -2.1789715
11 376.99975 59.502039 0.51271975 -0.58562651 -0.0082921979 25 0 552.81471 1.6210678 -0.52450293
12 271.21381 66.190253 0.66215905 -0.28915888 -0.19455831 25 0 1135.0435 2.7051706 -1.0804866
13 447.46593 65.711697 0.62715986 -0.89806914 -0.42163954 25 0 559.20825 1.5110181 -0.44817418
14 419.96173 73.274693 0.63459941 -0.33179951 -0.26358997 25 0 1130.185 2.8576039 -1.1400051
15 478.47026 75.592499 0.61394006 -0.60267364 -0.17364329 25 0 2415.2147 6.0128156 -1.9476947
16 409.50365 80.106427 0.62734116 -0.59010304 -0.40195776 25 0 1102.5583 2.7825799 -1.1111191
17 394.89444 81.836557 0.74935546 -0.24254227 -0.39906859 25 0 464.99507 1.2420755 -0.23537001
18 32.60883 83.272576 0.61104708 -0.63119723 -0.33495715 25 0 1066.7432 2.7016931 -1.07909
19 445.47095 88.742027 0.61366531 -0.24384606 -0.16431757 25 0 571.23938 1.4829126 -0.42778891
20 327.47451 92.459807 0.55052487 -0.86194677 -0.18081998 25 0 1832.4917 4.6452844 -1.6675308
21 467.80229 99.636159 0.60593223 0.028042184 -0.034230773 25 0 15890.995 38.898949 -3.9748447
22 260.65197 106.63883 0.49196341 -0.093504209 -0.3880437 25 0 676.96272 1.8430657 -0.66385202
23 264.60858 108.35017 0.5576947 -0.80913048 -0.28028644 25 0 952.51752 2.4920797 -0.99140482
24 162.78396 109.33168 0.52855098 -0.31938371 -0.13996466 25 0 1095.6914 2.9042442 -1.1575828
25 30.527995 113.15211 0.60188993 -0.37374474 -0.41588978 25 0 2342.1803 5.5769516 -1.8659922
26 485.7774 116.19682 0.66686003 -0.41142158 -0.15733845 25 0 1700.6056 4.159889 -1.5477044
27 466.07505 119.49778 0.58228218 -0.28601941 0.13979952 25 0 1491.8625 3.876463 -1.4710891
28 309.29149 124.84736 0.53017726 -0.24777601 -0.23300214 25 0 362.52202 1.1010288 -0.10449669
29 196.04071 126.565 0.55932325 -0.1668937 -0.012574747 25 0 11145.532 27.50691 -3.5986045
30 213.43836 126.53966 0.66202873 -0.66988779 -0.20134111 25 0 706.72652 1.567859 -0.48826753
31 223.50377 127.9552 0.59207528 -0.46793798 -0.45022704 25 0 1217.2684 2.9738772 -1.1833076
32 279.87429 127.88199 0.66445842 -0.36606711 -0.128401 25 0 879.75275 2.1528209 -0.83251977
33 27.621334 131.18679 0.41438904 -0.27860684 -0.064252131 25 0 289.08994 1.0313505 -0.033515722
34 127.27469 133.13552 0.63630254 -0.41363707 -0.31716372 25 0 1478.6845 3.4310105 -1.3385551
35 455.08872 134.08606 0.57977901 0.2461986 0.061578795 25 0 302.18334 1.0367799 -0.039216448
36 494.30346 135.08138 0.62192908 -0.10579218 -0.18372748 25 0 1428.7517 3.7084033 -1.4229674
37 151.13539 138.61029 0.59470217 -0.17969563 -0.099556617 25 0 1242.3221 3.0307677 -1.2038816
38 370.87123 150.42366 0.54593952 -0.11752314 -0.0041084246 25 0 7376.6789 18.375531 -3.1605997
39 273.93281 155.82048 0.59367427 -0.54170268 -0.22975537 25 0 2174.2431 5.3804137 -1.8270392
40 459.08058 162.64285 0.61361815 -0.23898462 -0.055322471 25 0 5758.8626 14.128218 -2.8752185
41 360.90716 172.02975 0.60947252 -0.44463352 -0.22855835 25 0 37250.994 89.849369 -4.8837876
42 201.20365 184.06967 0.64459653 -0.42582843 -0.26102377 25 0 1282.1864 2.8781191 -1.1477719
43 453.08101 183.99336 0.64346299 -0.25720797 -0.1662084 25 0 5251.6296 12.754625 -2.7641692
44 139.16375 184.6628 0.54008824 -0.57001545 -0.13312642 25 0 659.50391 1.6582595 -0.54913126
45 127.77735 187.33968 0.5457792 -0.67087165 -0.33734484 25 0 1013.538 2.5312459 -1.0083358
46 89.980423 193.24564 0.59371424 -0.10325724 -0.10361083 25 0 1263.958 3.0242342 -1.2015386
47 395.94356 193.14307 0.61881835 -0.52034982 -0.21444155 25 0 1954.0423 4.7808259 -1.6987573
48 385.96974 195.44302 0.57234317 -0.42946333 -0.051457916 25 0 380.85069 1.0964473 -0.099969359
49 457.73181 195.01202 0.55445779 -0.39955629 -0.27136512 25 0 504.98182 1.5123052 -0.4490986
50 201.95142 196.25803 0.60917883 -0.55057214 -0.25270342 25 0 800.23579 1.9530536 -0.7267854
51 396.42221 198.18749 0.71231376 -0.44995892 -0.2151515 25 0 584.46802 1.4094309 -0.37260943
52 164.26641 198.96453 0.65789847 0.007821473 -0.15370735 25 0 590.34045 1.3373931 -0.31564767
53 46.615282 199.62831 0.58399426 -0.77638996 -0.26443414 25 0 23930.851 55.977941 -4.3700423
54 142.99677 211.96358 0.52173942 -0.85536447 -0.41503648 25 0 420.17947 1.1208457 -0.12386454
55 41.634229 213.61312 0.65674443 -0.32130697 -0.30153283 25 0 406.01577 1.0278879 -0.029864378
56 483.66982 213.87714 0.57932699 -0.3313825 -0.22200601 25 0 1132.1569 2.950272 -1.1746552
57 444.33471 216.20054 0.71107398 -0.62077638 -0.24511391 25 0 461.85013 1.1195602 -0.12261862
58 477.54291 219.95829 0.61825234 -0.3663786 -0.20167004 25 0 2250.0093 5.4556836 -1.8421229
59 400.47721 226.05463 0.66704334 -0.44000157 -0.25294691 25 0 748.10608 1.7296885 -0.59491975
60 301.53635 228.03149 0.69008488 -0.36532587 -0.43783825 25 0 1046.1224 2.3333574 -0.91995314
61 231.47315 229.75922 0.47147361 -0.33629605 -0.37743698 25 0 467.66306 1.3005589 -0.28532503
62 125.72729 231.08924 0.55156062 -0.22334635 -0.42998823 25 0 633.61515 1.5834648 -0.49902103
63 454.23897 234.85983 0.63008281 -0.54254883 -0.21378648 25 0 3591.6524 8.6333969 -2.3404543
64 214.99382 236.54983 0.53457423 -0.26976698 -0.14622192 25 0 1749.5863 4.3647949 -1.5999096
65 327.14379 238.902 0.62481835 -0.48012802 -0.24229164 25 0 3282.1432 7.8896337 -2.2426421
66 397.00267 239.85158 0.62892398 -0.4083981 -0.20178444 25 0 10352.396 24.634845 -3.4788746
67 302.11746 241.11755 0.58011652 -0.47072654 -0.29091768 25 0 712.92818 1.7687413 -0.61916079
68 215.38877 248.42226 0.69421951 -0.73733218 -0.26760805 25 0 535.32478 1.1265615 -0.12938724
69 406.18874 251.38383 0.56360218 -0.038350502 -0.011054673 25 0 1259.4756 3.1380092 -1.2416355
70 179.06656 264.86117 0.57387349 -0.43794674 -0.16826413 25 0 3395.8531 8.3697217 -2.3067775
71 403.002 264.80544 0.62248741 -0.42880637 -0.15859114 25 0 5317.5578 12.59971 -2.7509014
72 503.67563 266.21536 0.66816986 -0.50565307 -0.16054059 25 0 1245.2304 2.9013984 -1.1565184
73 8.3962534 285.15351 0.62840663 -0.22530891 -0.20569874 25 0 964.20007 2.3065547 -0.90740941
74 322.91761 297.35382 0.59319066 -0.44071691 -0.094580185 25 0 3917.9394 9.5114859 -2.4456209
75 135.63686 298.31538 0.7620041 -0.76275534 -0.27207009 25 0 627.56212 1.1390428 -0.1413501
76 14.277798 299.32944 0.6368243 -0.078672953 -0.13833537 25 0 897.84115 2.1510354 -0.8316189
77 42.46927 299.16455 0.55899422 -0.30769414 -0.32255685 25 0 728.45248 1.8077642 -0.64285446
78 428.38938 302.62898 0.63370234 -0.41772476 -0.048978974 25 0 551.5006 1.3443017 -0.32124185
79 25.977217 314.87354 0.56872333 -0.29924774 -0.17064534 25 0 820.65746 2.0337305 -0.77073349
80 169.37467 320.69859 0.52767345 -0.43325125 -0.31855211 25 0 488.7824 1.1054233 -0.10882152
81 401.13395 321.1828 0.73762686 -0.067019614 -0.27968188 25 0 822.25144 1.6694976 -0.5564645
82 88.438048 325.47403 0.55607092 -0.83573672 -0.19121878 25 0 2007.4589 4.8052308 -1.7042856
83 27.743802 346.19089 0.55883629 -0.50443602 -0.14295878 25 0 647.0124 1.6187532 -0.52295157
84 214.38924 346.16774 0.58659663 -0.81796352 -0.39397283 25 0 557.57751 1.1028024 -0.10624428
85 439.21668 353.15698 0.55591354 -0.10380375 0.20121751 25 0 660.47912 1.4008401 -0.36597141
86 311.27299 358.74588 0.63762961 -0.72715328 -0.16840018 25 0 561.70744 1.1135967 -0.11681985
87 190.5355 362.14671 0.58911017 -0.64328171 -0.38166394 25 0 3497.6463 8.1424492 -2.2768876
88 332.62502 363.95161 0.68237696 -0.27880422 -0.19657596 25 0 854.2555 1.8003108 -0.63836873
89 249.4328 366.43145 0.566627 -0.18704281 -0.27968357 25 0 14224.586 32.589617 -3.7826981
90 365.24299 373.5856 0.55601462 -0.51347899 -0.095901254 25 0 1266.0505 3.0264723 -1.2023418
91 176.84084 375.19856 0.6249401 -0.55514689 -0.28187222 25 0 1194.7437 2.6490812 -1.0577382
92 228.97609 376.53816 0.53843441 -0.3578801 -0.15134285 25 0 1704.7645 3.9544995 -1.4927288
93 46.64228 377.52139 0.58045836 -0.8836914 -0.29003461 25 0 2930.0923 6.8063866 -2.0822915
94 378.45635 377.96902 0.57611784 -0.55213951 -0.24968497 25 0 845.30151 1.9962611 -0.75054336
95 449.94499 380.1718 0.63538085 -0.43302289 -0.16122669 25 0 7087.956 16.800332 -3.0632947
96 316.72086 391.007 0.59684235 -0.43521146 -0.29361697 25 0 2523.9663 6.0671577 -1.9574632
97 25.790564 391.63664 0.59916156 -0.20450389 -0.18018732 25 0 2575.2236 6.3130549 -2.0005989
98 178.14496 395.29093 0.49827925 -0.31949878 -0.20824338 25 0 457.52927 1.0167187 -0.018002063
99 95.294129 397.71411 0.67518895 -0.52295243 -0.34205563 25 0 1125.0218 2.3022585 -0.90538521
100 406.00822 400.54035 0.52103222 -0.32171258 -0.015623972 25 0 1643.0146 4.0931129 -1.5301343
101 435.18743 400.18227 0.6402103 -0.1299354 -0.012265029 25 0 1669.0643 3.7503854 -1.4351898
102 11.2566 402.58948 0.62018482 -0.074743024 0.054039789 25 0 467.02363 1.0810976 -0.084662219
103 197.33861 408.05057 0.63063064 -0.41592221 -0.32311255 25 0 5546.4569 12.607399 -2.7515638
104 327.85636 410.14814 0.55839158 -0.6327175 -0.33787931 25 0 614.3996 1.5161284 -0.45183998
105 363.15448 415.32048 0.6414832 -0.25512371 -0.067308271 25 0 500.3875 1.0048741 -0.0052790921
106 219.26965 417.11316 0.66965854 0.80252388 -0.45674056 25 0 1669.3094 3.7651728 -1.4394623
107 223.88405 419.16436 0.61080484 -0.49179704 -0.18103441 25 0 1571.703 3.6565652 -1.4076833
108 510.43145 421.61648 0.71648284 0.04714768 0.094855487 25 0 1979.5099 4.3461116 -1.5952522
109 55.915264 424.21241 0.55365481 -0.24995628 -0.12505242 25 0 704.66124 1.6100699 -0.51711182
110 79.890228 425.63442 0.57416755 -0.080145437 -0.18355847 25 0 1540.4223 3.6208391 -1.3970231
111 130.55735 443.83693 0.60712791 -0.19706146 -0.38010978 25 0 1661.6456 3.7875103 -1.4458846
112 104.07615 444.63357 0.55382083 -0.058993 -0.21159025 25 0 798.81099 1.8411567 -0.66272686
113 203.76102 447.32916 0.51719916 -0.49899703 -0.28023559 25 0 737.8368 1.6458419 -0.54097026
114 462.55129 447.44798 0.3859007 -0.79435064 -0.34078253 25 0 60746.983 145.85679 -5.4098166
115 316.43952 449.34398 0.59848595 0.097225295 -0.23885759 25 0 2270.8026 5.1308478 -1.7754728
116 216.81919 451.70391 0.66265852 -0.59071972 -0.16578736 25 0 949.72621 1.8508097 -0.6684044
117 63.109653 453.41 0.57665813 -0.16896728 -0.13711359 25 0 9569.2414 23.710698 -3.4373608
118 448.61906 464.09047 0.62847444 -0.55934207 -0.2292699 25 0 1676.2955 3.7313894 -1.4296764
119 334.04074 472.4656 0.57100204 -0.39757069 -0.13524185 25 0 1010.4974 2.2684413 -0.88931886
120 28.330626 472.85647 0.68047871 -0.33986761 -0.241787 25 0 4718.065 10.666127 -2.5700168
121 121.05565 474.23076 0.63263369 -0.353992 -0.3329868 25 0 1048.066 2.3306758 -0.91870468
122 399.41068 476.22411 0.55224894 -0.27189753 -0.30888222 25 0 60155.834 145.52314 -5.4073302
123 182.80324 482.39579 0.57422723 -0.42189447 -0.14678298 25 0 3606.6479 8.7984872 -2.36102
124 314.34539 484.4791 0.56506673 -0.70711833 -0.16153177 25 0 550.66528 1.1639045 -0.16479336
125 85.961436 486.05186 0.66167471 -0.53023356 -0.083644984 25 0 511.13021 1.0757296 -0.079257805
126 232.75261 485.81485 0.63480139 -0.1521522 -0.27472199 25 0 2515.5071 5.6671215 -1.8834063
127 110.79881 491.42843 0.55574294 0.29867923 -0.24106156 25 0 657.44318 1.4506762 -0.40392624
128 36.032452 496.5687 0.61910316 -0.41501473 -0.088603208 25 0 836.33572 1.8926649 -0.69268433
