id xcentroid ycentroid sharpness roundness1 roundness2 npix sky peak flux mag
1 436.58608 0.91632821 0.61769779 0.33040928 -0.2781806 25 0 1514 4.2549186 -1.5722281
2 42.356194 1.700332 0.60837362 -0.51201737 -0.31555353 25 0 5150 13.647013 -2.837594
3 303.58879 17.939172 0.65148556 -0.32035769 -0.37392128 25 0 560 1.575816 -0.49376373
4 435.03193 21.377604 0.53098317 0.30501979 -0.063350782 25 0 306 1.3725514 -0.34382156
5 115.48475 25.077327 0.60906962 -0.063651438 -0.39425009 25 0 415 1.2972799 -0.28258419
6 30.779296 26.883558 0.60577428 -0.20350826 -0.30201886 25 0 12886 34.946804 -3.8585187
7 341.05995 26.584534 0.62604636 0.29953878 -0.2486114 25 0 663 1.8843257 -0.68788991
8 414.54298 29.809877 0.64560263 -0.42242755 -0.2922819 25 0 547 1.722262 -0.59024803
9 473.55489 29.797399 0.56929088 0.065192466 -0.28556167 25 0 22322 61.040609 -4.4640471
10 360.33065 48.126436 0.60343583 -0.25579988 -0.50503512 25 0 438 1.2871105 -0.27403958
11 120.04225 54.625669 0.50604997 0.26102963 -0.44956721 25 0 423 1.1955983 -0.19396323
12 192.87845 55.87208 0.47715331 -0.21738682 -0.44804796 25 0 936 2.8918992 -1.1529579
13 212.24755 56.668193 0.6080843 -0.49512587 -0.20191622 25 0 2000 5.0148874 -1.750653
14 352.82958 58.031303 0.45915439 -0.17067669 -0.23850921 25 0 367 1.3329533 -0.3120373
15 72.614484 58.849465 0.55540234 -0.2215274 -0.27969544 25 0 410 1.2329487 -0.22736251
16 330.82736 58.813544 0.28801795 0.1099475 -0.18479848 25 0 58427 194.56675 -5.7226716
17 117.6028 60.806361 0.54037554 -0.10648848 -0.35382411 25 0 4151 11.467826 -2.6487027
18 406.25749 62.551708 0.5787943 0.33410296 -0.013267403 25 0 751 2.1886749 -0.85045313
19 300.43089 69.393491 0.6218918 0.25278396 -0.17754109 25 0 1313 3.2207555 -1.2698944
20 476.71295 68.482882 0.55666356 0.24159913 -0.076727548 25 0 557 1.7972575 -0.63652574
21 449.39312 76.11537 0.64527057 -0.12867578 -0.28382564 25 0 1374 3.7465701 -1.4340847
22 507.90965 78.429856 0.50920647 0.23702792 0.023919781 25 0 2346 7.0679944 -2.1232405
23 61.037803 81.327852 0.52454735 -0.078164315 -0.087084349 25 0 392 1.1892518 -0.18818457
24 37.719179 81.77264 0.56723616 -0.077801572 -0.35428636 25 0 504 1.5488088 -0.4749945
25 118.6689 83.609237 0.63277795 -0.41074738 0.11522374 25 0 415 1.0504584 -0.053447169
26 438.91653 83.03649 0.57432255 0.06651642 -0.1926069 25 0 1443 4.2658384 -1.575011
27 424.34243 84.661731 0.49909188 -0.010538196 -0.19924599 25 0 378 1.3613553 -0.33492869
28 62.032917 86.645691 0.53641305 -0.13155454 -0.17873313 25 0 1321 3.7233469 -1.4273338
29 474.81776 91.749359 0.55485867 0.16480375 0.024767022 25 0 768 2.4407625 -0.9688138
30 356.67594 95.549061 0.45164459 0.21079255 -0.16299574 25 0 2312 6.9183158 -2.1000009
31 126.01267 98.443137 0.67559967 0.24323218 -0.16686362 25 0 465 1.044398 -0.047165124
32 98.262964 102.07284 0.60723127 -0.28693159 -0.42140007 25 0 540 1.3530736 -0.32830355
33 497.19408 102.57768 0.57154747 -0.15454822 -0.07711613 25 0 17706 47.810412 -4.1988062
34 161.33781 108.98579 0.74253637 -0.10841854 -0.35781796 25 0 565 1.1707592 -0.17116898
35 289.72045 109.79796 0.54875792 -0.10645439 -0.2925647 25 0 1021 2.6410831 -1.0544552
36 293.73937 111.55887 0.52747589 -0.4076644 -0.095208644 25 0 1120 2.9271176 -1.1661004
37 192.16786 112.62296 0.4917106 0.096613521 -0.085499235 25 0 1247 3.2456548 -1.2782558
38 59.953966 116.49459 0.53880496 -0.36216883 -0.17171062 25 0 3315 9.0985219 -2.3974271
39 122.07677 116.28941 0.35234508 0.19473758 -0.27501811 25 0 315 1.009909 -0.010705581
40 495.56239 122.65621 0.56866338 0.55992374 -0.073971593 25 0 1398 3.8247335 -1.456503
41 338.36615 127.88514 0.6107962 -0.18134747 -0.24420445 25 0 534 1.3542226 -0.32922514
42 225.15297 129.76024 0.55222046 -0.20119094 -0.21339577 25 0 14838 40.717628 -4.0244562
43 242.36605 129.90466 0.39809869 -0.1801021 -0.46251713 25 0 735 2.1577996 -0.83502779
44 252.51387 131.26916 0.54400017 -0.40324131 -0.32579128 25 0 1518 4.0289442 -1.5129781
45 309.0656 131.02934 0.61800163 -0.13581051 -0.3134791 25 0 1135 2.8869749 -1.1511075
46 104.22866 133.15172 0.61051928 0.021293592 -0.1721829 25 0 549 1.3952617 -0.36163919
47 204.89642 133.04371 0.45397348 -0.15152611 -0.014573797 25 0 439 1.1112323 -0.11451218
48 454.77893 132.78414 0.71021151 -0.63046105 -0.60399948 25 0 332 1.0225449 -0.024205988
49 57.116206 134.62646 0.54657876 0.33180201 -0.0095273781 25 0 471 1.2632986 -0.25376505
50 156.52472 136.3211 0.51736081 -0.76304478 -0.37851795 25 0 1580 4.0537702 -1.5196478
51 180.43715 141.84328 0.48762479 -0.056591684 -0.41815899 25 0 1388 3.6769989 -1.4137338
52 11.843928 143.15775 0.65900702 -0.1888054 -0.28712853 25 0 1195 3.082962 -1.2224204
53 257.80848 145.28753 0.57997609 -0.08106248 -0.42073712 25 0 497 1.2267553 -0.22189485
54 400.26487 153.57244 0.56691668 0.26994819 -0.058911839 25 0 9417 24.568463 -3.475945
55 19.101322 159.62019 0.63975172 0.30475548 -0.10771286 25 0 622 1.5972331 -0.50842078
56 303.13322 158.9864 0.54922188 -0.13583624 -0.2898336 25 0 2696 7.4913351 -2.1863981
57 2.257394 163.42912 0.53666831 0.3835315 -0.15316915 25 0 473 1.2372078 -0.23110661
58 488.42783 165.54857 0.4948944 0.44193164 -0.19387245 25 0 5281 14.973895 -2.938337
59 101.91269 173.04444 0.65683792 0.65354355 -0.071899335 25 0 494 1.1275068 -0.13029795
60 390.18463 175.04371 0.59664505 -0.14753728 -0.25398422 25 0 47766 126.69856 -5.2569292
61 429.34907 178.51334 0.48693015 -0.15284683 0.058768728 25 0 294 1.0311041 -0.033256272
62 210.72557 178.83199 0.54323472 -0.20929569 -0.38208024 25 0 541 1.2439517 -0.2370088
63 157.85105 182.13839 0.58029515 -0.4279652 -0.38797139 25 0 661 1.5907629 -0.50401361
64 230.33468 187.25904 0.61504336 -0.037588173 -0.31035522 25 0 1665 3.9483689 -1.4910443
65 350.48391 187.11199 0.4953769 -0.21903563 -0.48177177 25 0 443 1.2656019 -0.25574281
66 482.58088 186.92771 0.68500687 -0.29680604 -0.32463671 25 0 5926 14.146523 -2.8766243
67 168.47363 187.7889 0.61632119 0.057867676 -0.27146789 25 0 908 2.064076 -0.78681421
68 157.10426 190.5655 0.54549743 0.060120577 -0.062253194 25 0 1307 3.2960168 -1.2949735
69 21.297717 196.32942 0.66355666 -0.40020695 -0.29943592 25 0 731 1.7578216 -0.61243701
70 119.38831 196.48994 0.62186261 0.50238946 -0.13724462 25 0 1526 3.6195587 -1.3966391
71 425.36342 196.17584 0.6204946 -0.010122467 -0.25600336 25 0 2512 6.5501103 -2.0406215
72 415.30366 198.42337 0.6211239 -0.070454323 -0.036451041 25 0 471 1.3056109 -0.28953442
73 487.14001 198.02081 0.5922841 -0.31708503 -0.20976184 25 0 651 1.9702821 -0.73632105
74 231.13331 199.35901 0.40809794 -0.13708028 -0.087656897 25 0 747 2.0264004 -0.76681315
75 425.812 201.15446 0.52458449 -0.7164857 -0.25824364 25 0 766 2.4288933 -0.9635211
76 193.68819 202.05713 0.51287468 -0.41245391 -0.34235684 25 0 702 1.7442156 -0.60400042
77 76.000373 202.91403 0.55302094 -0.21248207 -0.28833134 25 0 35008 98.265995 -4.9810081
78 424.90666 209.11149 0.64337855 -0.1352868 -0.18234748 25 0 369 1.0583424 -0.061565498
79 459.14295 213.08532 0.60506264 -0.48702652 -0.23287272 25 0 503 1.5369097 -0.46662089
80 172.47745 214.98174 0.49371128 -0.42208951 -0.55644293 25 0 520 1.2515921 -0.24365699
81 71.151222 216.99293 0.47563844 -0.28315921 -0.496128 25 0 512 1.4009897 -0.36608734
82 473.68397 219.20081 0.50811448 -0.31399663 -0.17914345 25 0 441 1.5358196 -0.46585054
83 506.98653 222.87974 0.58330425 -0.17991238 -0.1941123 25 0 2794 7.8366864 -2.2353312
84 429.76234 228.99311 0.56406822 -0.25051371 -0.23735087 25 0 901 2.5739685 -1.0265081
85 330.48685 231.0585 0.57981127 -0.35590237 -0.40510329 25 0 1320 3.4275052 -1.3374453
86 260.79974 232.66231 0.36180556 -0.05681319 0.014699697 25 0 630 2.0189278 -0.762802
87 155.06363 234.24573 0.51541527 -0.061459945 -0.29095083 25 0 860 2.2523369 -0.88158339
88 483.58588 237.77215 0.52705247 -0.0046135519 -0.2520877 25 0 3555 10.154771 -2.5166753
89 244.18652 239.65273 0.52226301 -0.27086029 -0.27308094 25 0 2459 6.6588932 -2.0585051
90 356.25439 242.02993 0.61015879 -0.2060718 -0.25916905 25 0 4150 10.800726 -2.5836323
91 426.48031 242.81445 0.61569568 -0.41487181 -0.29171115 25 0 11698 29.410732 -3.6712646
92 331.2467 244.22096 0.56898924 -0.072702927 -0.28006121 25 0 943 2.4367944 -0.9670472
93 184.69949 250.34923 0.52372633 -0.27843815 -0.33654505 25 0 668 1.5776047 -0.49499545
94 244.85413 251.43727 0.50273094 -0.55505813 -0.22228454 25 0 597 1.4134158 -0.37567483
95 35.378067 254.20527 0.58695147 0.37038189 -0.24827452 25 0 403 1.0480635 -0.050968991
96 435.51088 254.29157 0.52665647 -0.37266462 -0.25692765 25 0 1384 3.8975884 -1.4769899
97 208.42332 267.90936 0.62447884 -0.35140941 -0.37448227 25 0 4597 11.273282 -2.6301259
98 432.49466 267.73777 0.62762989 -0.46403869 -0.27746397 25 0 6229 15.444472 -2.9719327
99 37.653189 288.50108 0.52828745 -0.37528117 -0.19856945 25 0 1141 3.0331388 -1.2047307
100 51.899112 297.67728 0.59301888 -0.35035995 -0.13821847 25 0 722 1.7942261 -0.63469292
101 352.10798 300.42411 0.56631247 0.021003569 -0.08763718 25 0 4600 12.277987 -2.7228179
102 71.821975 302.50749 0.61941167 -0.24166649 -0.10027514 25 0 1048 2.4498441 -0.97284612
103 164.76509 301.50944 0.49905543 0.077721902 -0.20813378 25 0 757 2.0039846 -0.75473593
104 43.560464 302.54261 0.57576997 -0.4803016 -0.31300786 25 0 1015 2.4784715 -0.98545982
105 457.60286 305.50424 0.5755421 -0.58498458 0.012556187 25 0 471 1.4144529 -0.37647124
106 140.66614 312.25499 0.52487155 -0.46821604 -0.46062289 25 0 469 1.1976408 -0.19581644
107 55.207894 318.13386 0.64820854 -0.073662267 -0.2446311 25 0 1258 3.0516369 -1.2113321
108 198.65688 323.94805 0.57700083 -0.39937037 -0.42869146 25 0 790 1.956714 -0.7288184
109 430.34349 324.27794 0.64874797 -0.15772873 -0.20783357 25 0 880 2.3336683 -0.92009783
110 117.93664 328.62927 0.51958715 -0.1669346 -0.22877615 25 0 2795 7.6616105 -2.2108002
111 310.16729 340.67192 0.42670135 -0.263892 -0.059591427 25 0 393 1.1451346 -0.14714138
112 0.60572749 347.37432 0.54100852 -0.46444607 -0.081863809 25 0 3877 11.063925 -2.609773
113 10.723483 348.27734 0.60614243 -0.30187336 -0.2343849 25 0 11304 29.88004 -3.688453
114 267.47247 347.83834 0.6150825 0.25418715 -0.42652278 25 0 458 1.1229004 -0.12585305
115 360.2613 348.2701 0.6491201 0.079719465 0.019902376 25 0 432 1.0197562 -0.021240855
116 243.7419 349.32079 0.51325048 -0.22757586 -0.15088957 25 0 771 2.0662631 -0.78796405
117 57.048508 349.49972 0.50957024 -0.084291551 -0.0080499805 25 0 801 2.1382941 -0.82516859
118 468.55137 356.15269 0.47764753 -0.19027121 -0.050003478 25 0 652 2.1377603 -0.82489751
119 239.92474 359.10129 0.59304719 0.28755178 -0.20880058 25 0 418 1.0037497 -0.0040635543
120 340.54603 361.84098 0.57358085 -0.23795206 -0.37214374 25 0 617 1.6097053 -0.51686596
121 219.81043 365.34811 0.53629181 -0.34424888 -0.29203438 25 0 4201 11.40507 -2.6427449
122 1.9950039 367.29962 0.68028082 -0.52069588 -0.22612934 25 0 817 1.8627027 -0.67535884
123 361.75746 366.91699 0.57071644 -0.22648606 -0.33496237 25 0 919 2.5788381 -1.0285602
124 278.64686 369.47149 0.53249286 -0.5586629 -0.24231331 25 0 18744 49.745621 -4.2418871
125 2.2063293 371.16626 0.65088357 -0.26892143 -0.20357184 25 0 1338 3.3967689 -1.327665
126 3.3220113 374.53084 0.50158046 -0.91655944 -0.11511022 25 0 490 1.3380769 -0.3162027
127 394.48343 376.66442 0.49402287 0.0712853 -0.25979858 25 0 1386 4.0659475 -1.5229044
128 460.12139 377.12333 0.32589188 -0.61740637 -0.61628493 25 0 277 1.2687794 -0.25846532
129 206.14935 378.30654 0.55875805 -0.0053292449 -0.23629784 25 0 1354 3.4821536 -1.3546198
130 258.1821 379.54832 0.51439207 -0.20183773 -0.16101944 25 0 2134 5.8556223 -1.9189326
131 75.841699 380.85932 0.56823284 -0.10049443 -0.34088845 25 0 4456 12.235196 -2.7190274
132 407.70311 381.00218 0.55813956 -0.16384057 -0.29755055 25 0 898 2.6273788 -1.0488067
133 119.05179 381.61502 0.62441646 -0.23571286 -0.28231776 25 0 526 1.2471077 -0.23975991
134 479.40288 383.22461 0.62390062 -0.083435324 -0.25649432 25 0 7889 20.397091 -3.2739206
135 2.913749 383.79321 0.69559679 -0.13173365 -0.28895166 25 0 507 1.1716531 -0.17199758
136 345.97155 394.0894 0.58464449 -0.21284765 -0.28558503 25 0 3152 8.6292928 -2.339938
137 55.02029 394.99543 0.61483427 -0.1673546 -0.31756278 25 0 3584 9.4945856 -2.44369
138 100.8204 396.5695 0.58662051 0.46660303 -0.22417141 25 0 527 1.2238492 -0.2193198
139 207.63555 398.20616 0.7242531 -0.025956127 -0.53045564 25 0 584 1.2277791 -0.22280056
140 463.99229 399.90823 0.5414584 -0.9002778 0.3815775 25 0 381 1.1885053 -0.18750283
141 124.74065 400.96764 0.53814313 -0.23853878 -0.37249669 25 0 1295 3.5655775 -1.3803247
142 464.61646 403.25997 0.6064072 -0.51588231 -0.26879191 25 0 1653 4.4568446 -1.6225687
143 435.32294 403.41685 0.58509217 -0.65177105 -0.056423016 25 0 1950 5.2664138 -1.8037875
144 40.349367 405.96557 0.60879736 -0.39660869 -0.32657093 25 0 561 1.427646 -0.38655135
145 226.58299 411.07377 0.55330449 -0.39250961 -0.46163129 25 0 6218 16.609719 -3.0509057
146 357.04014 413.31556 0.52190499 0.17786737 -0.14446037 25 0 625 1.9607134 -0.73103528
147 392.5846 418.43934 0.6649254 0.59128163 -0.15066783 25 0 426 1.1273657 -0.13016202
148 255.65271 418.63586 0.54507424 -0.026395536 -0.55511055 25 0 523 1.3002376 -0.28505683
149 253.11619 422.28668 0.5749588 -0.14069213 -0.25141635 25 0 1677 4.4286539 -1.6156793
150 474.65473 423.01169 0.56699376 -0.80623483 -0.63291235 25 0 293 1.0443499 -0.04711506
151 85.143087 427.29426 0.53514194 -0.25968901 -0.031398993 25 0 746 1.9507615 -0.72551045
152 109.25349 428.91852 0.62106002 -0.20370279 -0.35595969 25 0 2169 5.6473554 -1.8796128
153 159.92745 447.02476 0.5560935 -0.14558228 -0.40318849 25 0 1910 5.1787049 -1.7855529
154 133.51806 447.94052 0.68507434 -0.50716846 -0.50613139 25 0 1069 2.4602213 -0.97743544
155 233.06053 450.45154 0.60725761 0.062314284 -0.15857445 25 0 955 2.4206259 -0.95981917
156 492.03657 450.55143 0.30867284 -0.12719613 -0.14966971 25 0 58190 173.14 -5.5959935
157 345.68679 452.49187 0.55624972 -0.43730623 -0.15259358 25 0 2470 6.626192 -2.05316
158 246.10628 454.86587 0.6224066 -0.36596134 -0.23274665 25 0 1156 2.9979298 -1.1920536
159 92.391882 456.64861 0.63151519 -0.4785253 -0.26942159 25 0 12387 31.029343 -3.7294314
160 478.18296 467.18327 0.63041335 -0.13520207 -0.19351513 25 0 2077 5.7236692 -1.8941863
161 312.14956 470.59398 0.71981635 -0.36522983 -0.22627243 25 0 606 1.4126656 -0.37509841
162 436.25237 471.96549 0.67058511 -0.39862085 -0.39179134 25 0 381 1.120872 -0.12389003
163 57.534348 476.15348 0.69204778 -0.039025914 -0.43219836 25 0 5441 13.072975 -2.7909361
164 363.22429 475.58778 0.61295138 -0.25105208 -0.22098977 25 0 1078 2.8293309 -1.1292094
165 150.36773 477.48034 0.56860332 0.21821163 -0.10374299 25 0 933 2.3464558 -0.92603093
166 428.68569 479.36805 0.43471292 -0.58291785 -0.25684818 25 0 58525 175.90502 -5.6131956
167 212.06338 485.50027 0.56991115 -0.16133278 -0.097318011 25 0 4205 11.302681 -2.6329537
168 343.69379 487.69609 0.47425723 -0.63646264 -0.14002526 25 0 443 1.4602164 -0.41104302
169 430.04091 486.89608 0.70372127 -0.10014641 -0.2615896 25 0 510 1.2450185 -0.23793949
170 262.16192 488.94099 0.64255863 -0.20507957 -0.28549576 25 0 3119 8.161097 -2.2793714
171 339.41575 494.19007 0.71256768 0.40413659 -0.17382721 25 0 400 1.0090833 -0.0098175382
172 140.15575 494.82974 0.65384008 -0.078891422 -0.42705014 25 0 826 1.9645077 -0.73313432
173 65.262543 500.04091 0.67052459 -0.29464186 -0.4302276 25 0 1031 2.5899671 -1.0332356
174 241.26788 510.14578 0.66972652 0.14227168 -0.35065847 25 0 517 1.2182868 -0.21437389
