id xcentroid ycentroid sharpness roundness1 roundness2 npix sky peak flux mag
1 360.29621 2.4675746 0.52252071 -0.50617231 0.028746494 25 0 268.25855 1.4031221 -0.36773868
2 332.72956 5.3339562 0.68031943 0.21435643 0.16217399 25 0 789.81566 3.2492263 -1.2794499
3 341.77626 7.6027795 0.70983733 0.51461804 0.14839061 25 0 405.00606 1.6250635 -0.52717587
4 464.28561 8.5443785 0.52465415 0.65035773 0.18769437 25 0 469.19692 2.3839372 -0.94323703
5 144.4344 12.99576 0.53934219 0.086382572 0.049660801 25 0 442.21594 2.0764891 -0.79332411
6 370.20382 13.992106 0.66221888 0.28736379 0.18369797 25 0 853.70485 3.7643468 -1.4392241
7 59.629408 14.926469 0.64477108 0.12873457 0.040519805 25 0 15079.522 66.864644 -4.5629913
8 409.47922 15.66343 0.54159699 0.34508282 0.045508329 25 0 213.4688 1.1622729 -0.16327025
9 7.1059116 16.530357 0.73274858 -0.0054821806 0.27300436 25 0 6409.7383 26.057413 -3.5398283
10 443.67615 16.959758 0.57657226 0.024445638 0.024869187 25 0 780.13506 3.669053 -1.411385
11 502.83825 16.811668 0.63621145 0.34660581 0.12257426 25 0 28884.207 128.56166 -5.2727787
12 460.95235 18.465828 0.49281319 0.35410448 0.3393747 25 0 264.58843 1.5425355 -0.4705879
13 369.25617 22.454845 0.43726769 -0.59865836 -0.24003224 25 0 226.86605 1.300158 -0.28499032
14 370.59718 27.553769 0.65454525 -0.37315823 0.22002531 25 0 257.97346 1.2274228 -0.22248547
15 12.67044 28.570066 0.71249904 0.025042192 -0.17467785 25 0 294.39392 1.3345992 -0.31337716
16 248.14129 32.454378 0.53698472 0.30169706 0.22321812 25 0 312.0292 1.5638159 -0.48546409
17 389.44765 35.387367 0.58083488 -0.408092 -0.040262682 25 0 494.48354 2.2087821 -0.86038219
18 460.71977 34.709338 0.62132719 0.37011562 0.2466257 25 0 220.64263 1.1176248 -0.12074008
19 489.00376 35.35744 0.61636096 0.55457838 0.23467434 25 0 391.90745 1.7686609 -0.61911145
20 161.92089 38.260536 0.65670197 -0.065311368 0.20713523 25 0 461.07443 2.0829747 -0.79670999
21 148.8916 42.381442 0.66285107 0.036113071 0.30496668 25 0 627.18741 2.7413356 -1.0949055
22 221.90821 43.490005 0.68030173 0.12201974 0.20607677 25 0 1344.7056 5.6530668 -1.8807103
23 241.3842 44.299111 0.60148405 0.47308892 0.046108283 25 0 2296.1329 10.45663 -2.5484794
24 454.20416 43.811529 0.73275741 -0.012694649 0.20380004 25 0 278.95305 1.1407645 -0.14298999
25 382.00097 45.193453 0.69771832 0.5360475 0.14050491 25 0 592.96256 2.5369258 -1.0107694
26 359.92727 46.222927 0.28015334 0.17655461 0.11402953 25 0 59162.335 347.57454 -6.3526199
27 425.47378 45.908903 0.52987608 -0.1087134 -0.19619689 25 0 257.97634 1.3374504 -0.31569417
28 101.56702 46.727984 0.57940627 0.27257581 0.069396694 25 0 506.32745 2.30097 -0.90477739
29 285.32652 46.894662 0.56060608 -0.32417261 -0.15966151 25 0 298.50303 1.4850586 -0.42935901
30 146.64359 48.601039 0.62752693 0.48623063 0.13536724 25 0 5092.2329 22.194578 -3.3656172
31 189.50517 49.287395 0.55685099 0.56411249 -0.26195137 25 0 349.22656 1.593589 -0.5059408
32 435.50291 49.638174 0.55165831 0.51585992 -0.077611764 25 0 949.2134 4.5352462 -1.6415022
33 80.024818 50.654623 0.44775658 0.09797284 0.90168028 25 0 199.68361 1.1897662 -0.18865409
34 268.90678 54.040251 0.72976148 0.31860894 0.1980949 25 0 399.24473 1.693456 -0.57193479
35 282.3048 55.422286 0.6621561 0.46239693 -0.064363337 25 0 373.70055 1.639936 -0.53706724
36 436.12382 55.033763 0.67371041 0.096284443 0.2886029 25 0 330.1846 1.416418 -0.37797861
37 87.820485 55.929147 0.76603632 0.55999131 0.33005638 25 0 361.62861 1.4543593 -0.40667926
38 505.96681 55.535604 0.70137264 0.41294923 0.31979731 25 0 977.51927 4.0631088 -1.5221461
39 329.6315 56.731065 0.56005298 0.58935565 0.027973177 25 0 1499.3388 7.0911803 -2.1267963
40 177.68192 61.660773 0.59520484 -0.094623567 0.10898129 25 0 308.5158 1.4162765 -0.37787014
41 478.5683 63.249055 0.58483856 0.18062104 0.082495521 25 0 1495.1649 6.7509032 -2.0734047
42 65.490003 64.769492 0.67000949 -0.13410695 -0.26305397 25 0 325.87336 1.3246151 -0.30522424
43 32.867759 67.608635 0.5867127 0.002279394 0.31217871 25 0 463.58493 2.4130572 -0.95641903
44 384.77509 67.530651 0.61142345 0.89202564 0.020766682 25 0 334.0174 1.5511272 -0.47661853
45 89.887275 69.495686 0.52061638 0.34289439 0.34986414 25 0 422.39333 2.3703311 -0.93702252
46 66.598274 69.786463 0.70120292 -0.047486522 -0.068169433 25 0 731.04402 3.149981 -1.2457698
47 204.7066 69.61873 0.6091949 0.3926429 0.16941879 25 0 316.43021 1.4264214 -0.38561963
48 468.21953 70.169591 0.67005018 0.33218058 0.12154983 25 0 1844.528 7.9551435 -2.25162
49 147.67807 71.301863 0.60346246 0.085923784 -0.018511923 25 0 399.85886 1.7603256 -0.61398252
50 506.91666 70.728168 0.64486723 0.27025811 0.10037047 25 0 544.83748 2.5747712 -1.0268466
51 33.002489 71.646703 0.63592274 0.013065168 0.45454258 25 0 523.50995 2.4783928 -0.98542536
52 453.4814 71.895374 0.543029 0.40072423 -0.089303389 25 0 582.82463 2.9112921 -1.1602145
53 72.141359 74.005916 0.64275201 0.030275478 0.18939876 25 0 283.63633 1.3107683 -0.29381481
54 91.027019 74.560839 0.70904264 0.24431086 0.20010806 25 0 1818.2205 7.5162718 -2.1900062
55 349.203 75.826167 0.6547259 0.37703171 0.20639058 25 0 264.52514 1.0687953 -0.072236365
56 504.10733 78.627544 0.63683696 0.58323355 0.29405111 25 0 1012.8925 4.4546833 -1.6220421
57 386.03218 82.878935 0.65194889 0.25454938 0.11208068 25 0 3857.3442 16.860722 -3.0671904
58 6.3630402 85.75346 0.64559186 -0.19401911 0.058766867 25 0 724.59358 3.1958096 -1.2614522
59 154.97779 86.405375 0.75548041 0.45089951 0.34215358 25 0 544.57018 2.1275344 -0.81969145
60 470.40314 87.941791 0.58513571 0.40215754 -0.24771746 25 0 258.92934 1.1242255 -0.12713362
61 127.36097 89.961242 0.63783206 0.21802894 -0.098484842 25 0 665.78694 2.9028354 -1.157056
62 179.85242 90.135759 0.56081371 -0.16689634 -0.19595514 25 0 345.31016 1.5632281 -0.48505591
63 190.25398 96.779505 0.63578636 0.23454977 0.15664554 25 0 592.24254 2.5545429 -1.018283
64 319.04319 97.330941 0.61951308 0.044416654 0.19302069 25 0 1332.6584 6.1062357 -1.9644339
65 322.98912 99.058487 0.62640649 -0.17434335 0.086409211 25 0 1589.2308 7.1412784 -2.1344399
66 221.2584 100.18961 0.62485175 0.27416975 0.097622971 25 0 1732.1287 7.7151948 -2.2183672
67 402.07123 102.02357 0.45695764 0.3987039 0.019995029 25 0 190.21925 1.2389383 -0.2326242
68 487.11542 103.6559 0.74591933 0.12775316 0.23584828 25 0 425.89746 1.6956358 -0.57333147
69 88.946155 104.58611 0.65871993 0.10748239 0.31341007 25 0 3626.0953 15.288619 -2.9609207
70 151.04951 103.99975 0.67606616 0.083242699 0.10461473 25 0 537.14154 2.3764049 -0.93980109
71 97.151928 105.661 0.61572574 -0.61830172 -0.43001078 25 0 246.78059 1.2375059 -0.23136815
72 331.95931 105.93017 0.71493466 0.1839003 0.34813158 25 0 396.18338 1.588121 -0.50220895
73 2.7469615 106.91476 0.751161 0.62989723 0.27224951 25 0 272.13786 1.1696161 -0.17010835
74 367.62673 115.38703 0.53825817 -0.23199704 0.15027682 25 0 530.32984 2.5279648 -1.0069276
75 254.37709 117.45404 0.61770153 0.63564811 0.15280751 25 0 15715.018 68.51668 -4.5894908
76 271.76777 117.40688 0.62053274 0.62741343 0.27991429 25 0 988.02472 4.2553939 -1.5723494
77 338.52004 118.56089 0.58675847 0.77910101 0.15429023 25 0 979.18871 4.4093723 -1.6109419
78 281.87562 118.85003 0.62068523 0.22203886 0.11763314 25 0 2035.7376 9.1656776 -2.4054114
79 483.67097 119.73899 0.5820116 0.34840496 0.33783006 25 0 407.54877 2.0608093 -0.78509453
80 133.35019 121.16272 0.67438397 0.17489527 0.12727196 25 0 596.54291 2.5729928 -1.0260964
81 233.92761 120.57346 0.67180847 0.33361411 0.2335994 25 0 539.85923 2.2859066 -0.89764622
82 86.154038 122.58665 0.6207312 -0.12762425 0.22346436 25 0 598.59414 2.7003475 -1.0785491
83 185.71544 124.13598 0.64517562 -0.032644062 0.10592832 25 0 2237.5864 9.7724918 -2.4750133
84 18.34355 126.06161 0.65328693 0.085074128 -0.15571772 25 0 507.90105 2.3539136 -0.92947631
85 209.69923 129.50772 0.62548789 0.60294679 0.19681439 25 0 1710.5449 7.3944951 -2.1722713
86 40.970734 131.30487 0.67792616 -0.021080527 0.20740362 25 0 1410.719 6.2199705 -1.9844708
87 13.307512 131.87268 0.74466637 -0.085230304 0.1319831 25 0 555.79752 2.2898255 -0.89950597
88 287.08945 132.7609 0.66469324 -0.29961699 -0.016395656 25 0 513.8856 2.3005584 -0.90458316
89 304.31727 139.08828 0.70108466 -0.066038775 0.11614179 25 0 278.17553 1.1530521 -0.15462233
90 429.64719 140.62744 0.59547488 0.56791578 0.12023628 25 0 11632.159 52.286977 -4.2959838
91 418.10265 143.67671 0.7453447 0.40186879 0.055688942 25 0 304.47641 1.2965997 -0.2820148
92 332.51275 146.47315 0.60648171 0.82696659 0.078440205 25 0 2597.2742 11.189098 -2.6219877
93 48.205466 147.78164 0.60383578 0.5413067 0.38927767 25 0 689.66746 3.2799795 -1.2896778
94 128.25639 149.10739 0.601979 -0.69256408 -0.081233224 25 0 247.20081 1.0806578 -0.084220491
95 31.324029 151.68329 0.73725533 -0.48292701 0.10420939 25 0 664.65445 2.6577706 -1.0612937
96 131.01443 160.89442 0.64407359 0.17703737 -0.001480709 25 0 551.79212 2.5216205 -1.0041993
97 419.55751 162.24497 0.58082134 -0.005504956 0.039004328 25 0 46649.038 209.51464 -5.8030359
98 239.97078 166.31841 0.77386999 0.37231352 0.026047536 25 0 662.81878 2.5850017 -1.0311521
99 458.93175 165.65904 0.62703769 0.39287517 0.19502098 25 0 569.92587 2.5513192 -1.016912
100 187.07561 170.07718 0.58044868 0.27710118 -0.029757359 25 0 366.03617 1.7577601 -0.61239902
101 490.14157 171.79783 0.73056786 0.35356598 -0.21959507 25 0 292.43772 1.2708426 -0.26022944
102 67.098659 173.685 0.57875389 0.080694313 0.16949661 25 0 345.59862 1.7144124 -0.58528822
103 175.91792 174.02453 0.73429941 0.50520314 0.010042498 25 0 356.13657 1.5437403 -0.47143563
104 510.94999 173.87845 0.96657814 0.25139609 0.4604313 25 0 3421.2757 11.960445 -2.6943684
105 259.69113 174.85466 0.61501511 0.33501727 0.098895929 25 0 1825.1664 8.0836998 -2.2690254
106 379.96147 174.44722 0.6674828 0.039278841 0.34984212 25 0 507.78189 2.0875847 -0.79911026
107 197.76927 175.68125 0.63606122 0.58078942 0.089962417 25 0 992.4867 4.3819017 -1.6041566
108 447.14595 176.86688 0.60460609 0.39512759 0.53413279 25 0 360.04709 1.8356219 -0.65945808
109 35.210945 177.62423 0.47907875 -0.017935149 0.18887488 25 0 227.86761 1.3104469 -0.29354857
110 186.2706 178.37421 0.67344581 0.46129736 0.14793037 25 0 1664.4578 6.956146 -2.1059217
111 454.83885 183.23231 0.65343115 0.11545023 0.12262306 25 0 3028.9018 13.073556 -2.7909843
112 50.44307 184.25088 0.67973797 0.23265156 0.052650221 25 0 789.93222 3.2963302 -1.2950768
113 148.62953 184.43069 0.57254954 0.8507283 -0.019531618 25 0 1516.2581 6.6531926 -2.0575752
114 444.70311 185.45198 0.58137782 0.8621233 0.21049129 25 0 522.89481 2.4021947 -0.9515205
115 23.813057 186.85025 0.65339799 0.083842797 -0.20641901 25 0 272.27921 1.3407612 -0.31837859
116 260.36821 187.04332 0.64284368 0.10936001 0.0016904878 25 0 1111.6683 4.8326532 -1.7104641
117 455.27027 188.28936 0.62908733 0.053039712 0.10277827 25 0 919.03461 4.1314753 -1.5402629
118 222.9366 189.87964 0.65914595 0.31485266 0.038256239 25 0 811.29892 3.3714707 -1.3195485
119 105.1705 190.92193 0.67814943 0.15578998 0.11182985 25 0 45502.882 196.34694 -5.7325604
120 154.86214 192.04548 0.58605905 -0.41608793 -0.0060771763 25 0 444.47143 2.1343452 -0.82316167
121 286.47332 195.98247 0.71075629 0.40412761 0.069306306 25 0 386.02111 1.5946447 -0.50665986
122 454.27848 196.07256 0.73712112 0.32760586 0.067742575 25 0 386.25225 1.5556662 -0.47979107
123 488.59226 200.01816 0.6755471 0.088961858 -0.041994644 25 0 636.60997 2.7194142 -1.0861884
124 382.55558 202.06929 0.48914812 -0.50429616 0.049313619 25 0 257.69866 1.3909551 -0.35828275
125 415.54062 201.82446 0.59554358 0.28953133 0.17528377 25 0 304.05768 1.3323712 -0.31156309
126 201.87628 202.68369 0.58393791 0.49871327 0.27269949 25 0 543.819 2.4615972 -0.97804248
127 41.984317 204.03175 0.52918667 -0.38503423 -0.002089658 25 0 172.04166 1.0184508 -0.019850138
128 232.30096 203.9847 0.63850871 0.35524898 0.25479369 25 0 352.9252 1.5115444 -0.44855225
129 439.3304 204.32372 0.56749367 -0.021869714 -0.026720903 25 0 286.97645 1.4279112 -0.38675302
130 100.25632 204.9676 0.70554651 0.30525731 0.13419191 25 0 732.80458 3.0770846 -1.2203486
131 180.9149 206.80037 0.77098996 0.086640832 0.85621003 25 0 282.14389 1.1033794 -0.10681218
132 502.99165 206.21978 0.72552462 0.39358545 0.19235623 25 0 779.94908 3.0281161 -1.2029313
133 449.28819 208.40856 0.67761401 0.49230993 0.21153938 25 0 288.99558 1.3010932 -0.28577105
134 157.73776 210.61524 0.5461679 0.73081076 0.064380838 25 0 219.88326 1.0426827 -0.045380428
135 46.215612 214.06333 0.66035434 0.66382412 0.23065717 25 0 460.13781 1.9225803 -0.70971125
136 48.356986 215.35089 0.61457887 0.26645414 -0.2997827 25 0 399.82525 1.6762045 -0.56081749
137 459.26826 216.01086 0.60802204 0.35860562 0.19619663 25 0 1083.3651 5.0108257 -1.7497732
138 21.494913 217.5605 0.56034011 0.77533507 0.068325308 25 0 1547.0947 7.1234827 -2.1317309
139 359.97258 218.48098 0.63804166 0.39529267 0.29539805 25 0 1516.8955 6.6029238 -2.0493407
140 290.13293 220.52131 0.59661479 0.004252598 0.10825428 25 0 715.89583 3.310777 -1.2998248
141 184.36403 222.0334 0.63550465 0.14563573 -0.021975234 25 0 1011.1362 4.3333494 -1.5920593
142 383.92675 221.97591 0.30935694 -0.64452221 0.098032894 25 0 151.03797 1.1122589 -0.11551469
143 254.26702 225.13649 0.48416936 0.07314235 0.45350165 25 0 229.52736 1.4122266 -0.374761
144 474.22415 224.62588 0.48304411 0.19785061 0.60303674 25 0 154.32083 1.0209873 -0.022550889
145 273.46918 227.3186 0.54543624 -0.11735508 -0.040272112 25 0 2358.5226 10.724562 -2.5759489
146 385.75392 229.2879 0.62431516 0.15741606 0.17303241 25 0 4373.1 18.968799 -3.1950996
147 19.07371 229.71139 0.70347914 0.027049904 0.075546068 25 0 333.79541 1.4310921 -0.38916895
148 61.736259 229.96547 0.66441493 0.27477708 -0.082291329 25 0 250.49721 1.1278034 -0.13058345
149 455.92026 229.87542 0.64733565 0.25692441 0.12521994 25 0 15649.573 68.892109 -4.5954237
150 118.36367 232.34654 0.60066426 -0.34248389 -0.25833523 25 0 199.56313 1.0365335 -0.038958324
151 360.76142 231.61841 0.56619379 0.36686087 0.20700669 25 0 1046.1283 5.1185837 -1.7728745
152 185.96492 235.09339 0.59410078 0.022676257 0.3794717 25 0 250.58432 1.2465257 -0.23925313
153 214.14467 238.03266 0.63975123 0.33994144 0.16253446 25 0 750.34822 3.337644 -1.3086
154 274.17211 239.01869 0.6111421 0.3052874 0.11655941 25 0 849.7904 3.9448458 -1.4900751
155 465.07397 241.42019 0.62830704 0.45052653 0.26422139 25 0 2046.1569 9.0383347 -2.390221
156 64.471834 242.38896 0.54519044 0.88890005 0.073591326 25 0 310.00586 1.5033851 -0.44267564
157 50.933374 245.01948 0.59002843 0.38728997 0.22835795 25 0 299.92784 1.4580049 -0.40939747
158 462.00357 254.80586 0.66127463 0.2713826 0.16060546 25 0 8458.0016 36.475221 -3.9049948
159 237.7864 255.642 0.61698843 0.35484534 0.13814239 25 0 4963.3624 22.259746 -3.3688005
160 10.062746 256.6981 0.76051647 0.22411004 0.1733012 25 0 1287.0185 5.0978297 -1.7684633
161 299.89406 257.91586 0.63958462 0.22043123 0.11979059 25 0 458.59728 2.0951437 -0.80303452
162 365.31949 264.40439 0.49060446 0.059106911 -0.11268968 25 0 273.05842 1.393945 -0.36061409
163 138.43383 266.16692 0.51178086 0.086109844 -0.56938299 25 0 299.79724 1.5342894 -0.46476821
164 20.129517 276.69046 0.66731365 -0.32614321 0.065488701 25 0 277.93298 1.1901909 -0.18904154
165 67.087491 276.48746 0.66464397 0.15891795 0.27585714 25 0 1458.7479 6.2129159 -1.9832387
166 123.17243 278.00058 0.52331805 -0.024321398 -0.22930209 25 0 250.89959 1.2511978 -0.2433149
167 147.93837 279.13538 0.58358089 0.40045243 0.015566276 25 0 193.59434 1.0391485 -0.041694051
168 207.9649 280.14776 0.91391753 -0.12735898 -0.20260356 25 0 275.32338 1.0817515 -0.085318733
169 249.25681 284.23356 0.54874634 0.085608471 0.13458331 25 0 226.98646 1.0838884 -0.087461469
170 5.157575 286.23165 0.78457905 0.12761204 0.51473285 25 0 252.50094 1.0212035 -0.022780687
171 81.319333 285.81796 0.69150225 -0.094376983 0.1772458 25 0 811.37252 3.2233624 -1.2707728
172 381.59729 287.75328 0.60108273 0.40219871 0.042699058 25 0 5320.349 23.878642 -3.4450241
173 194.32347 289.36998 0.62486567 0.36228894 0.16834052 25 0 845.03905 3.80952 -1.4521756
174 101.17848 290.54963 0.61702977 0.6438047 0.29881542 25 0 1178.5082 5.3685146 -1.8246353
175 72.908873 290.61283 0.62133311 0.53295353 0.26081038 25 0 1291.0453 5.647611 -1.8796619
176 355.9703 292.38878 0.61101629 0.3349295 0.29913785 25 0 423.3867 1.9854925 -0.74467064
177 487.21792 292.63806 0.58957263 0.51236921 0.26865967 25 0 727.73463 3.4483074 -1.3440149
178 25.387806 295.69789 0.46099875 0.6645552 -0.028833495 25 0 370.12287 1.9423611 -0.72082493
179 170.23723 299.9435 0.70290153 0.36865116 0.12444302 25 0 497.64222 1.932304 -0.71518862
180 84.572805 306.23616 0.63508895 -0.037476976 -0.018008674 25 0 1218.4847 5.2921749 -1.8090855
181 432.44761 305.68355 0.77807712 -0.17898629 0.073988229 25 0 415.94885 1.5660049 -0.48698278
182 459.97123 311.30873 0.63534149 0.30482422 0.19107418 25 0 1091.0626 4.915705 -1.7289645
183 228.1474 311.62283 0.64934495 0.14505449 0.23676427 25 0 916.60572 4.0121151 -1.5084335
184 147.32983 316.55574 0.58554169 0.70455816 0.21703189 25 0 2979.0765 13.264204 -2.8067029
185 7.7641627 318.42595 0.64748249 -0.27957966 0.015673894 25 0 881.37648 3.5673375 -1.3808605
186 23.413162 318.26723 0.59182703 0.41829101 0.088743816 25 0 2167.6866 9.8573871 -2.4844045
187 69.294802 320.6171 0.44414756 0.20550628 0.34908396 25 0 319.42024 1.7761831 -0.62371936
188 464.5483 325.14249 0.64403123 0.069168294 -0.27640709 25 0 298.84166 1.2864776 -0.27350555
189 196.90992 326.03023 0.56187867 0.39366964 0.11531814 25 0 351.54821 1.779495 -0.62574193
190 339.5266 327.98622 0.56483479 0.0092729519 -0.15678375 25 0 535.83154 2.5063554 -0.99760663
191 272.44891 330.80377 0.78493481 0.25168884 0.14105478 25 0 350.44303 1.3463027 -0.3228568
192 29.930937 335.57389 0.643083 0.24953671 0.30671437 25 0 4620.2827 19.731875 -3.2379209
193 297.10913 335.23197 0.6085688 0.42034367 0.19121366 25 0 501.3484 2.2234472 -0.86756708
194 40.149815 336.52946 0.65714383 0.44723321 0.31212309 25 0 12356.586 52.928985 -4.3092339
195 389.84876 335.65983 0.5958189 0.74310595 0.35539182 25 0 522.91827 2.5323388 -1.0088045
196 273.26255 336.85752 0.66388461 0.043782346 -0.14836245 25 0 927.60801 4.0166894 -1.5096706
197 86.469156 337.54102 0.68392935 -0.24561647 0.09297245 25 0 937.33625 3.6730305 -1.4125613
198 277.5971 343.17138 0.7426659 0.18085149 0.21175485 25 0 246.08181 1.0183465 -0.019738931
199 498.28192 342.99524 0.69927018 0.39113678 0.32162272 25 0 1060.9388 4.2001581 -1.5581641
200 269.24823 347.1939 0.56056362 0.81362771 0.829115 25 0 287.72329 1.3464006 -0.32293576
201 370.19846 349.152 0.67064417 0.14513385 0.065827828 25 0 782.87891 3.1626986 -1.2501445
202 27.280354 352.55468 0.33625118 0.045064188 -0.10065931 25 0 143.57783 1.0214972 -0.023093004
203 485.11627 351.44814 0.96553272 -0.23325788 0.088387552 25 0 285.45684 1.0088597 -0.0095769146
204 249.41633 352.97799 0.62976111 0.21550938 0.022983334 25 0 5188.0044 22.587214 -3.3846567
205 264.98837 353.03134 0.63035958 -0.052971277 -0.29066433 25 0 248.24446 1.1102532 -0.11355508
206 391.45544 354.15956 0.57492521 0.33270949 -0.08290399 25 0 984.77235 4.5244463 -1.6389136
207 31.52513 355.5148 0.51157125 0.15443698 0.19990602 25 0 586.53558 2.6554391 -1.0603409
208 502.95593 354.86293 0.64045756 0.74361549 0.40526885 25 0 294.71155 1.2056065 -0.20301394
209 21.881039 355.87515 0.60100171 0.15482163 0.21053681 25 0 445.14382 2.0604453 -0.78490273
210 56.451727 356.10483 0.50268635 -0.80926161 0.49862979 25 0 342.57184 1.674613 -0.55978613
211 4.1178475 357.36836 0.60525459 0.51392342 0.1176117 25 0 870.01233 3.98969 -1.5023479
212 308.31 356.79161 0.6239037 0.10825409 0.062734815 25 0 25271.705 110.76058 -5.110963
213 31.692311 359.37212 0.65844388 -0.23785367 0.26213167 25 0 1282.72 5.1379289 -1.7769702
214 166.55516 359.15028 0.56713259 -0.055916672 -0.44597546 25 0 291.15737 1.4454842 -0.40003336
215 452.8985 358.92931 0.57639653 0.60972431 0.72058057 25 0 247.03806 1.2370844 -0.23099836
216 32.570912 362.66815 0.71253534 -0.42839236 0.1149464 25 0 589.24012 2.3367585 -0.92153458
217 424.15461 363.82105 0.69360097 0.015836159 0.12844861 25 0 2237.629 9.3751646 -2.4299473
218 489.39181 364.27632 0.66384853 -0.49841778 -0.14758714 25 0 325.50936 1.3400244 -0.31778179
219 235.61628 365.99282 0.62933576 0.21553633 -0.0036504488 25 0 1593.1006 6.9654706 -2.1073762
220 287.69371 367.10892 0.61338523 -0.0050488949 0.034536093 25 0 2766.7069 12.351533 -2.7293021
221 437.31702 368.25159 0.65319676 0.47693573 0.079044492 25 0 1149.4024 4.9965934 -1.746685
222 105.29052 368.78596 0.64351271 0.066125416 0.07607582 25 0 5064.5858 21.992123 -3.3556679
223 120.1288 369.72126 0.62165896 0.31324264 0.62182872 25 0 247.96553 1.164234 -0.16510071
224 148.41539 369.69073 0.60653284 0.61041383 -0.13212785 25 0 403.04296 1.71072 -0.58294735
225 509.0802 370.20348 0.68666867 0.16658174 0.16894927 25 0 10516.34 44.885969 -4.1302765
226 32.380135 371.72377 0.64352672 -0.073367567 0.25231277 25 0 495.62995 2.2354087 -0.87339236
227 12.779632 375.58657 0.66026233 0.48067744 0.13758281 25 0 731.92152 3.1220738 -1.2361079
228 485.58458 377.80213 0.56703276 -0.049944806 0.24275869 25 0 300.36618 1.6294099 -0.53007585
229 375.56072 381.43954 0.56835115 -0.12540219 0.081677043 25 0 2881.3583 12.714802 -2.760774
230 84.373144 383.01161 0.58456469 0.067287407 -0.11188723 25 0 3151.3399 14.378673 -2.894297
231 130.34195 384.50529 0.66180976 -0.23767195 0.072161238 25 0 543.92735 2.2106855 -0.8613174
232 237.036 385.9025 0.73576629 0.31182219 0.27575103 25 0 650.43648 2.3816913 -0.94221368
233 493.65918 386.84767 0.60396857 -0.98620062 0.44651435 25 0 542.74714 2.2964126 -0.90262478
234 278.73666 386.34551 0.62749111 0.63536625 0.29054954 25 0 280.55197 1.1426113 -0.14474629
235 109.92681 387.70079 0.81547621 -0.022523652 -0.014919757 25 0 440.86758 1.6056569 -0.51413188
236 14.833648 389.00268 0.71229821 0.14565738 0.026309139 25 0 1149.3573 4.55761 -1.6468429
237 154.22277 388.7431 0.65798905 0.17554141 0.11115274 25 0 1441.24 6.0623683 -1.9566058
238 268.52696 390.29257 0.64680627 0.46684209 0.016814754 25 0 218.7816 1.0535056 -0.056592157
239 494.38801 390.20463 0.63505679 0.29753592 0.078063406 25 0 2153.7885 9.3165048 -2.4231325
240 465.02365 390.62326 0.65820512 0.24875332 0.22540474 25 0 2698.6499 11.705662 -2.6709899
241 69.892165 393.98061 0.70265241 0.11979748 0.026956815 25 0 646.27916 2.5899429 -1.0332255
242 26.845377 398.2352 0.49981146 -0.13541622 0.5236551 25 0 231.03559 1.2316115 -0.22618432
243 256.2781 398.57312 0.64208167 -0.045508246 0.15565156 25 0 7550.969 32.123531 -3.7670582
244 386.82379 400.60129 0.64608072 0.19489874 0.31918038 25 0 772.09569 3.2570531 -1.2820621
245 182.92593 401.1411 0.5454729 0.38123553 0.042802623 25 0 269.33808 1.2527397 -0.24465214
246 285.38306 406.10383 0.63217678 0.76720747 0.02964364 25 0 702.45399 3.149507 -1.2456064
247 422.21242 405.6027 0.66840118 -0.16150066 0.11883892 25 0 643.74679 2.7508252 -1.0986575
248 31.884802 408.12502 0.65994676 0.39497654 -0.06573493 25 0 257.35309 1.0758222 -0.07935123
249 13.07574 410.08416 0.68751567 0.28187757 0.215406 25 0 1136.5118 4.9102327 -1.7277552
250 282.74155 409.83899 0.63382339 0.31973332 0.039375969 25 0 2063.6441 9.1749 -2.4065033
251 300.86907 409.37922 0.59197008 0.92856191 0.31856775 25 0 326.55902 1.5583466 -0.48166015
252 504.19837 409.83806 0.76220878 0.37876987 0.31091001 25 0 585.43658 2.3200051 -0.91372235
253 51.15458 414.30421 0.71733157 0.67599388 0.22978789 25 0 308.16625 1.2116756 -0.20846593
254 114.72529 415.3641 0.6052194 -0.03310004 0.21706463 25 0 832.3902 3.5923089 -1.3884342
255 138.79596 416.71034 0.63308481 0.31164052 0.10828144 25 0 2216.183 9.7920348 -2.4771824
256 314.76561 426.86843 0.60933387 -0.43643579 -0.23661903 25 0 410.34592 1.8175642 -0.64872439
257 195.59396 428.5305 0.42546839 0.88847864 -0.095387712 25 0 257.87808 1.4171019 -0.37850272
258 224.53978 433.77667 0.54756381 -0.33713946 -0.20162883 25 0 354.7946 1.6554846 -0.54731289
259 189.51583 434.78708 0.59273933 0.41126448 -0.10609941 25 0 2012.9947 8.9885295 -2.3842216
260 163.10471 435.65935 0.65546017 0.24033817 0.27988315 25 0 1141.8009 4.8638935 -1.7174601
261 204.31991 435.85905 0.52548783 0.46086915 0.45387418 25 0 241.69606 1.0561491 -0.059313038
262 411.73367 435.46455 0.59354344 0.45637249 0.5490277 25 0 298.24645 1.3909396 -0.35827065
263 192.39303 437.36464 0.72287191 -0.15935921 -0.087655921 25 0 271.53149 1.0187414 -0.020159909
264 262.86576 438.08188 0.64781562 0.1826781 0.036689805 25 0 1111.4327 4.7935847 -1.701651
265 375.50554 439.75179 0.62322863 -0.16810327 -0.020140434 25 0 3027.7371 13.001443 -2.7849789
266 45.117995 443.25675 0.5799733 0.52812193 0.28928301 25 0 360.9532 1.6639652 -0.55286063
267 275.83397 442.33588 0.63875749 0.2781405 0.31057899 25 0 1062.1553 4.3468421 -1.5954347
268 122.02529 444.49257 0.66721579 0.24805802 0.26719217 25 0 14412.1 60.968556 -4.4627648
269 507.14866 444.91635 0.67838946 0.22011559 0.3540837 25 0 421.41565 1.852443 -0.66936214
270 493.50932 451.04987 0.77198776 0.2269548 -0.022678841 25 0 338.85266 1.3056677 -0.28958164
271 242.90975 452.0617 0.71869864 0.52137799 0.34235688 25 0 355.84613 1.387253 -0.35538918
272 507.99017 454.16577 0.71356714 0.093063819 0.17882245 25 0 2647.8398 11.195308 -2.6225901
273 410.17271 456.56716 0.61196757 -0.026649689 0.16124439 25 0 327.20279 1.5061695 -0.44468462
274 341.8581 458.06477 0.66168339 0.24229334 0.027817751 25 0 764.84026 3.3137578 -1.3008019
275 465.9693 458.93487 0.60977029 0.30900727 0.14815159 25 0 499.42148 2.1863029 -0.84927582
276 361.21388 460.22983 0.71063921 0.15636604 0.56561241 25 0 253.58895 1.0249628 -0.026770281
277 510.51179 460.47859 0.4747826 -0.32091571 0.43253628 25 0 195.28779 1.0175781 -0.018919379
278 392.98028 462.89232 0.71928329 0.16082888 0.13630988 25 0 1581.6142 6.5115376 -2.0342089
279 87.058799 464.18447 0.67239725 0.20571059 0.143988 25 0 6506.3885 28.317384 -3.6301328
280 180.05123 465.2261 0.70146212 0.31194619 0.19600449 25 0 1293.4517 5.3145373 -1.8136636
281 356.63005 465.6982 0.43523048 -0.36512893 -0.031571564 25 0 187.07795 1.0507755 -0.053774799
282 458.57452 466.45796 0.49262054 0.70413122 0.080474026 25 0 61149.149 287.9783 -6.1483994
283 322.25842 467.24208 0.61918921 0.013068432 0.051742128 25 0 328.47507 1.3240867 -0.30479109
284 75.989377 469.14481 0.77194596 0.59902415 0.29174773 25 0 354.45401 1.3606485 -0.33436484
285 435.66638 468.77058 0.67253882 0.54899901 0.41996445 25 0 341.95349 1.4237799 -0.38360714
286 241.82835 473.21104 0.65586905 0.013590567 0.089640498 25 0 5183.9748 22.557864 -3.3832449
287 459.72069 474.03784 0.76225184 -0.024952796 0.26745948 25 0 614.20804 2.1912562 -0.85173288
288 373.28139 474.98924 0.5555171 -0.19813017 -0.38563732 25 0 522.02299 2.2998641 -0.90425542
289 145.02409 477.21622 0.62524405 0.32528571 0.03682962 25 0 533.84666 2.390285 -0.94612421
290 291.8852 476.38035 0.60821295 0.35846379 0.30891047 25 0 2975.6543 13.225196 -2.8035053
291 369.24811 481.69193 0.57815047 0.058898081 0.0099626528 25 0 476.01038 2.2283362 -0.86995178
292 169.81057 482.50653 0.58983473 0.43955519 0.046680722 25 0 796.53505 3.5646967 -1.3800565
293 94.813282 488.01853 0.69621576 0.096423436 0.12093109 25 0 1284.2231 5.4025037 -1.8314877
294 399.58199 487.32224 0.6803033 0.3549539 0.62690155 25 0 234.36099 1.1064064 -0.10978666
295 270.99301 497.47882 0.51277586 -0.066870766 0.036572305 25 0 349.08567 1.749132 -0.60705644
296 181.16738 501.52328 0.61937226 0.12214865 0.12092243 25 0 398.97248 1.7125294 -0.58409512
297 98.008822 502.79529 0.75730236 -0.45608137 -0.093510459 25 0 362.82314 1.4502953 -0.40364109
298 146.95856 504.66279 0.7401996 0.44901202 0.56681889 25 0 631.14686 2.3048626 -0.9066126
299 192.28938 504.72859 0.69799386 -0.48358496 0.044952977 25 0 502.97225 1.9920174 -0.74823284
300 310.91932 506.8034 0.7693574 0.068769557 0.3286833 25 0 370.05334 1.3483092 -0.32447371
301 147.82288 508.32831 0.68042199 0.37381247 0.15806183 25 0 766.3953 2.9667341 -1.1806966
