id xcentroid ycentroid sharpness roundness1 roundness2 npix sky peak flux mag
1 286.17716 14.308052 0.5820066 -0.25776929 -0.27043578 25 0 575 1.5549008 -0.47925671
2 417.5361 17.734525 0.54272032 -0.11355433 -0.27433087 25 0 283 1.0611355 -0.064427089
3 13.230193 23.00985 0.7136311 -0.34359477 -0.2107571 25 0 13548 29.327475 -3.6681867
4 323.46001 22.97058 0.50368702 -0.5690557 -0.41051857 25 0 455 1.3482218 -0.32440338
5 396.89778 26.11759 0.7430283 -0.059999803 -0.23819127 25 0 647 1.63174 -0.53162741
6 456.08863 26.109833 0.68057142 -0.21787871 -0.18775819 25 0 23123 50.410977 -4.2563128
7 342.76985 44.452798 0.65999667 -0.62696534 -0.1409279 25 0 419 1.0553368 -0.058477738
8 175.17427 51.982646 0.62608442 -0.44993516 -0.21916011 25 0 1104 2.6169552 -1.0444907
9 194.57997 52.897581 0.62495527 -0.20779982 -0.26633682 25 0 1898 4.2711785 -1.5763693
10 335.35166 54.193058 0.62327686 -0.12653991 -0.1321034 25 0 377 1.0553986 -0.058541295
11 54.898118 54.969878 0.54630053 -0.4850461 -0.20462258 25 0 395 1.2363204 -0.23032755
12 313.2594 55.171937 0.33567691 -0.2348213 -0.21670187 25 0 58099 159.89786 -5.5096066
13 100.00066 56.868246 0.69352629 -0.26942079 -0.17495081 25 0 4913 10.718305 -2.5753153
14 388.77787 58.848077 0.58856882 -0.069495715 -0.17254027 25 0 760 2.0200069 -0.76338215
15 459.10112 64.859137 0.69300191 -0.23350728 -0.28970759 25 0 692 1.8686451 -0.67881709
16 283.02286 65.636752 0.56251665 -0.27773059 -0.078993295 25 0 1157 2.7980791 -1.11715
17 431.75441 72.543296 0.58894618 -0.18941124 0.099919338 25 0 1049 2.7056508 -1.0806794
18 490.24467 74.846385 0.73571917 -0.42268886 -0.18104944 25 0 3038 6.6213747 -2.0523704
19 20.122829 77.878624 0.66710589 -0.52518976 -0.13156274 25 0 508 1.3555908 -0.33032156
20 421.29746 79.318933 0.64792873 0.034623076 -0.12911988 25 0 1304 3.2131276 -1.2673199
21 406.58129 80.960552 0.60370129 -0.098335555 -0.29493026 25 0 401 1.2600066 -0.25093208
22 44.390503 82.813035 0.65589652 -0.61017269 -0.22876872 25 0 1329 3.0301947 -1.2036763
23 457.27867 87.912815 0.62962386 -0.24539198 -0.26143792 25 0 746 1.9665464 -0.73426049
24 339.22765 91.937668 0.66765725 -0.31501734 -0.27206349 25 0 2973 6.533713 -2.0379001
25 80.463819 98.204572 0.65837121 -0.23519418 -0.2939457 25 0 513 1.1169869 -0.12012021
26 479.62173 98.876404 0.64661922 -0.17952667 -0.23945906 25 0 18267 40.88001 -4.0287775
27 272.16068 106.16857 0.74776776 -0.63833018 -0.2807927 25 0 1306 2.6123352 -1.0425723
28 276.21184 107.84665 0.61474119 -0.4525235 -0.22891945 25 0 1350 3.0883722 -1.2243241
29 174.47488 108.75107 0.62500027 -0.76996763 -0.32049085 25 0 1391 2.8759143 -1.1469399
30 42.180198 112.50265 0.6016332 -0.49195172 -0.10744352 25 0 2780 6.1305097 -1.9687415
31 497.6309 115.44802 0.66250506 -0.66262727 -0.070711907 25 0 1542 3.5785198 -1.3842585
32 477.90729 118.87898 0.6604651 -0.25750782 -0.12691196 25 0 1877 4.4666201 -1.6249475
33 320.78514 124.33861 0.66663367 -0.51364587 -0.33048569 25 0 531 1.164815 -0.16564236
34 207.50501 126.01666 0.62173518 -0.4290404 -0.29431001 25 0 14171 31.473649 -3.7448677
35 224.88411 126.116 0.68942963 -0.37366517 -0.032792969 25 0 1029 2.031471 -0.76952655
36 291.62449 127.38049 0.67730499 -0.50127662 -0.2152618 25 0 1016 2.0250867 -0.76610905
37 235.04298 127.48654 0.54295183 -0.22647794 -0.027752007 25 0 1395 3.2389134 -1.2759984
38 187.066 129.11278 0.77948055 -0.067608782 -0.34046891 25 0 645 1.1513358 -0.15300498
39 138.84136 132.44385 0.55867204 -0.34271642 -0.22526266 25 0 1503 3.3433478 -1.3104539
40 506.20336 134.25379 0.61948695 -0.15132026 -0.15712943 25 0 1321 3.2478002 -1.2789733
41 162.83868 138.06085 0.63991464 -0.44783836 -0.30356114 25 0 1650 3.5576055 -1.3778945
42 382.60836 149.89102 0.60781642 -0.26035045 -0.27764946 25 0 9796 22.368126 -3.374074
43 285.61631 155.33149 0.64557629 -0.70490931 -0.22385878 25 0 2556 5.478554 -1.8466649
44 1.2983863 155.5578 0.67604779 -0.89314005 -0.15515811 25 0 715 1.5515729 -0.47693049
45 470.86231 161.93255 0.66064535 -0.22073103 -0.14675424 25 0 7055 15.86536 -3.0011248
46 372.57875 171.44335 0.62607366 -0.80475554 -0.17093964 25 0 37816 82.38568 -4.7896293
47 193.28089 175.08482 0.64721834 -0.53689168 -0.30852985 25 0 558 1.0287164 -0.030739193
48 411.56896 174.89036 0.57237794 -0.13691658 -0.22047114 25 0 423 1.253499 -0.24530994
49 212.82321 183.58457 0.59138382 -0.45993496 -0.025515642 25 0 1294 2.6671773 -1.0651297
50 464.88519 183.30044 0.63401626 -0.27357397 -0.07627777 25 0 5430 12.403328 -2.7338456
51 150.90339 184.08043 0.576344 -0.33031505 -0.14906836 25 0 845 1.8649504 -0.67666819
52 399.92354 185.61964 0.64227684 -0.18313084 -0.14114963 25 0 387 1.1180771 -0.12117939
53 3.4504387 192.37068 0.61786808 -0.59741998 -0.19308961 25 0 575 1.2474279 -0.24003863
54 407.75321 192.57636 0.60985454 -0.57039144 0.0063964081 25 0 2035 4.5466538 -1.6442297
55 101.74114 192.60321 0.5349156 0.21747544 -6.5067794e-05 25 0 1355 2.9385691 -1.1703398
56 397.61207 194.59232 0.46082957 -0.1854967 -0.17051139 25 0 370 1.072314 -0.075804957
57 213.48024 195.75196 0.65926816 -0.76519042 -0.31940437 25 0 952 1.8587076 -0.67302771
58 175.94152 198.42252 0.6245506 -0.056702856 -0.059253884 25 0 665 1.3096419 -0.29288144
59 408.09154 197.57677 0.60219172 -0.67614706 -0.12362868 25 0 648 1.5691939 -0.48919152
60 58.271201 199.03876 0.68807253 -0.27793218 -0.20556701 25 0 37376 80.231532 -4.7608627
61 441.4973 209.41834 0.67141826 -0.66980237 -0.045115371 25 0 417 1.02428 -0.026046779
62 154.89921 211.05453 0.6553908 -0.26366786 -0.24671544 25 0 611 1.171372 -0.17173706
63 53.237551 213.14599 0.67151399 -0.052784552 0.037972171 25 0 573 1.1570642 -0.15839363
64 495.50901 213.17664 0.58888909 -0.32559013 -0.2776595 25 0 1077 2.7493772 -1.0980858
65 489.39313 219.24904 0.63005546 -0.12985878 -0.20595643 25 0 2316 5.2146334 -1.7930595
66 412.12981 225.41714 0.61232082 -0.042575847 -0.051038626 25 0 859 2.0848186 -0.7976707
67 313.10679 227.41443 0.56986959 -0.25918368 -0.11542713 25 0 1149 2.5792291 -1.0287248
68 243.31725 229.23999 0.64581372 -0.51418842 -0.22246174 25 0 673 1.3539629 -0.32901694
69 137.49128 230.41235 0.5070071 0.015320637 -0.15786446 25 0 722 1.5507932 -0.47638475
70 465.96413 234.15151 0.64752596 -0.32596424 -0.15232759 25 0 3969 9.0391147 -2.3903147
71 226.51278 235.99093 0.55179994 -0.61731285 -0.24350492 25 0 2275 5.0496473 -1.7581526
72 338.7093 238.39658 0.62724169 -0.58571503 -0.16013045 25 0 3533 7.7550226 -2.2239577
73 408.70197 239.14096 0.61832545 -0.50439762 -0.23086477 25 0 11022 24.857663 -3.4886507
74 313.7374 240.52943 0.53972935 0.017772152 -0.13771352 25 0 809 1.8678706 -0.67836694
75 166.96083 246.44686 0.47345582 -0.2660293 -0.12368191 25 0 594 1.2920605 -0.27820709
76 227.26035 247.71026 0.67309722 -0.5054027 -0.17119906 25 0 724 1.304785 -0.28884741
77 417.89718 250.5907 0.6485014 -0.13614686 -0.0027627428 25 0 1554 3.4557366 -1.3463516
78 190.74849 264.11606 0.63641216 -0.41700246 -0.21840539 25 0 4279 9.2992725 -2.4211224
79 414.72383 264.10536 0.63652859 -0.45374656 -0.19500024 25 0 6289 14.07918 -2.8714434
80 19.909823 284.53669 0.59020447 -0.086586699 -0.018414783 25 0 1202 2.8218529 -1.1263359
81 34.27475 293.81997 0.57795446 0.11989943 -0.23340699 25 0 656 1.5179178 -0.45312061
82 334.46134 296.74084 0.53674104 -0.21154265 -0.34535767 25 0 3755 8.8071846 -2.3620928
83 147.37716 297.79802 0.5968644 -0.69073863 -0.24038476 25 0 751 1.4993092 -0.43972801
84 25.790573 298.77713 0.55468056 -0.017954078 -0.19430972 25 0 965 2.2671448 -0.88869817
85 54.031615 298.68231 0.6130138 -0.28358059 -0.10957107 25 0 991 2.2210317 -0.86638689
86 440.00849 301.91334 0.69383702 -0.092812546 -0.14737684 25 0 646 1.5837275 -0.49920116
87 37.649437 314.33493 0.64351248 -0.11711419 -0.2482877 25 0 1003 2.1053271 -0.80829894
88 181.11015 320.109 0.69401557 -0.26684115 -0.17883366 25 0 877 1.6448642 -0.5403251
89 412.70875 320.64443 0.65280236 -0.7580509 -0.021030592 25 0 792 1.7795858 -0.62579735
90 100.18414 324.8219 0.66848868 -0.3989937 -0.19620869 25 0 3184 6.76178 -2.0751526
91 292.76156 337.01304 0.51612575 -0.82524469 -0.26484528 25 0 458 1.0804789 -0.084040681
92 250.13641 344.19381 0.6061064 0.0564528 -0.22164265 25 0 537 1.1106348 -0.11392819
93 39.148275 345.73392 0.59830873 -0.46334865 -0.0013269687 25 0 887 2.0510255 -0.77992765
94 226.17992 345.60183 0.66789886 -0.46772734 -0.062177926 25 0 816 1.5386479 -0.46784812
95 450.95085 352.63689 0.66847409 -0.068953656 0.46757079 25 0 674 1.4801289 -0.42574884
96 202.33721 361.61445 0.63968886 -0.55698689 -0.15136934 25 0 4260 9.0040612 -2.3860961
97 344.03847 363.3119 0.67941936 -0.18727051 -0.23253596 25 0 923 1.9356692 -0.71707787
98 261.23027 365.90512 0.65364125 -0.50321184 -0.22945129 25 0 21751 47.181957 -4.1844399
99 376.7478 373.02881 0.59705675 -0.40033571 -0.055205104 25 0 1683 4.0139283 -1.508924
100 188.54576 374.70457 0.59101138 -0.81530647 -0.37542207 25 0 1186 2.4831749 -0.98751827
101 240.66331 375.94746 0.61637801 -0.31539062 -0.26650179 25 0 2317 5.1616481 -1.781971
102 58.080431 377.06947 0.67670552 -0.21609447 -0.11750578 25 0 4682 10.225653 -2.5242276
103 389.99981 377.40476 0.57298465 -0.48592435 0.069776347 25 0 901 2.2268275 -0.86921643
104 101.37204 377.80954 0.57338622 -0.15979958 -0.15332187 25 0 472 1.0186125 -0.02002249
105 461.64635 379.59318 0.53354668 -0.092933736 -0.10411958 25 0 6052 14.768621 -2.9233499
106 328.38588 390.54518 0.57907677 -0.038466605 -0.076717244 25 0 2257 4.9703585 -1.7409693
107 37.291738 391.16454 0.66304733 -0.24718946 -0.20496658 25 0 3131 6.8551502 -2.0900424
108 83.040475 393.06741 0.4956346 -0.29123838 -0.26435945 25 0 477 1.1248266 -0.12771396
109 189.93897 394.71632 0.47705959 -0.077250477 -0.24313703 25 0 463 1.0059886 -0.006482596
110 446.18569 396.11718 0.72607558 -0.86588375 0.0088409233 25 0 549 1.2628994 -0.25342192
111 107.11341 397.28641 0.65508147 -0.28965767 -0.18939759 25 0 1256 2.5296878 -1.0076673
112 417.55317 399.85505 0.58626092 -0.2403113 -0.22857252 25 0 1823 4.3162346 -1.5877626
113 446.98138 399.58929 0.6470799 -0.44078057 -0.014570527 25 0 1777 4.1019017 -1.5324631
114 22.624202 402.07235 0.79796128 -0.17261149 -0.18066137 25 0 554 1.0825709 -0.086140893
115 209.15999 407.52697 0.60266977 -0.48977801 -0.068659962 25 0 5936 13.243291 -2.8049898
116 339.40412 409.96042 0.55968749 -0.56763707 0.0056964366 25 0 432 1.0272517 -0.02919222
117 238.33794 414.96477 0.64352261 -0.47708925 -0.48626718 25 0 591 1.16041 -0.16152863
118 374.75001 414.85412 0.64070877 -0.27779912 -0.23393964 25 0 437 1.0084575 -0.0091439937
119 235.70537 418.76379 0.63688196 -0.15140182 -0.1209451 25 0 1710 3.6810464 -1.4149282
120 67.447154 423.771 0.59175561 -0.17011082 -0.29972095 25 0 731 1.6298488 -0.53036828
121 91.469131 425.19166 0.64467692 -0.68815739 -0.32501442 25 0 1765 3.7462171 -1.4339824
122 115.75548 444.2144 0.69677667 -0.42090121 -0.26662825 25 0 907 1.7214573 -0.58974062
123 142.38545 443.35399 0.55577435 -0.59864061 -0.093009463 25 0 1440 3.1002873 -1.2285049
124 215.60155 446.96924 0.65640161 -0.5940468 -0.42073654 25 0 973 2.0366912 -0.77231295
125 474.22989 447.03561 0.2521107 -0.64546269 -0.18372266 25 0 57854 162.17417 -5.5249542
126 327.92473 448.82082 0.62959585 -0.41728144 -0.16157587 25 0 2663 5.9964547 -1.9447364
127 228.83973 451.37967 0.56654738 -0.74838528 0.092683534 25 0 915 1.9624246 -0.73198247
128 74.735902 452.94392 0.70446809 -0.29184382 -0.24665924 25 0 13435 28.569211 -3.6397456
129 460.56582 463.55653 0.62925077 -0.93029228 -0.14797122 25 0 1446 3.2487592 -1.2792938
130 294.56651 467.0446 0.8382795 -0.35380329 -0.23361634 25 0 616 1.0597008 -0.062958108
131 39.805968 472.38426 0.69405956 -0.33645304 -0.032590817 25 0 5109 10.948164 -2.5983532
132 345.40588 471.91464 0.65401038 -0.41125097 -0.32011976 25 0 1028 2.2686824 -0.88943423
133 132.66132 473.8427 0.70741644 -0.57160698 -0.40771108 25 0 1128 2.2658804 -0.88809247
134 410.89653 475.6713 0.46453712 -0.39572763 -0.16065731 25 0 57951 150.70205 -5.4452979
135 194.56453 482.00944 0.66522228 -0.41183296 -0.28549988 25 0 4528 9.8803309 -2.4869287
136 325.97737 483.86264 0.65920663 -0.45010295 -0.085814833 25 0 565 1.2628743 -0.25340034
137 244.6258 485.40813 0.60800329 -0.68873249 -0.19887201 25 0 2380 5.2877354 -1.8081743
138 122.65867 491.21695 0.71385407 0.14962289 -0.45391945 25 0 792 1.5348366 -0.46515536
139 47.503836 496.32712 0.63896213 -0.49539561 -0.23103494 25 0 936 2.1456067 -0.82887528
