id xcentroid ycentroid sharpness roundness1 roundness2 npix sky peak flux mag
1 355.22335 2.6273417 0.63818398 0.86720739 0.54463904 25 0 312.96957 1.412475 -0.3749519
2 327.84168 5.0910245 0.68878312 0.32754004 -0.10695447 25 0 840.19143 3.5910456 -1.3880523
3 337.09022 7.4702213 0.499114 0.16080748 -0.087028405 25 0 339.49997 1.6710451 -0.55747043
4 459.17598 8.263379 0.69186583 0.39192469 -0.0044247925 25 0 638.9443 2.6646519 -1.0641012
5 501.9241 10.602028 0.56806594 0.31355293 0.25259289 25 0 261.69746 1.2857675 -0.27290607
6 139.62033 12.559297 0.6260198 0.85284578 0.17412777 25 0 540.15794 2.4427504 -0.96969773
7 365.28724 13.716083 0.6375914 0.020390102 -0.029968545 25 0 944.95172 4.3659592 -1.6001992
8 54.801285 14.545147 0.7006903 0.43688204 0.13325995 25 0 15954.519 67.037953 -4.5658019
9 2.3141204 16.170003 0.73112856 0.24580742 -0.013737185 25 0 6623.0608 27.429808 -3.5955569
10 438.71468 16.899906 0.66667401 0.26946677 -0.074793637 25 0 862.40069 3.7171165 -1.4255154
11 497.94859 16.615626 0.68540063 0.38989749 0.098669157 25 0 30195.652 128.32279 -5.2707595
12 455.92109 18.463334 0.86637237 0.24662363 0.077584465 25 0 354.4383 1.1834193 -0.18284659
13 364.45986 22.214805 0.6346397 0.084890449 -0.06668679 25 0 320.52269 1.387632 -0.35568574
14 365.51895 27.312185 0.70062209 0.018114674 0.39964208 25 0 314.72464 1.2553277 -0.24689281
15 7.9595813 28.116025 0.53137973 0.2290846 0.075086896 25 0 277.63146 1.4594874 -0.41050091
16 243.32291 32.01798 0.75333228 0.23704966 -0.011586417 25 0 424.89631 1.6885891 -0.56880993
17 384.58755 35.064727 0.58988059 0.0613922 -0.13650226 25 0 565.96783 2.6807981 -1.0706603
18 455.56226 34.594314 0.58661981 0.031929445 -0.02096865 25 0 240.37212 1.2784022 -0.26666876
19 484.22296 35.137458 0.82627991 0.061361988 0.03802076 25 0 506.03574 1.8119483 -0.64536448
20 361.27029 36.184688 0.72513542 -0.12892552 0.063801012 25 0 227.41737 1.044683 -0.047461331
21 157.04202 38.117583 0.74776592 -0.18494923 -0.15680515 25 0 561.96597 2.3031083 -0.90578591
22 143.9059 42.200641 0.79691032 0.28556187 0.06529561 25 0 776.52444 3.0502855 -1.2108512
23 216.98501 43.218435 0.67747384 0.28708645 -0.0016700431 25 0 1393.4009 6.1283776 -1.9683638
24 236.39977 44.032096 0.7302067 0.20280207 -0.09336758 25 0 2791.7874 11.358171 -2.638271
25 449.42841 43.435371 0.45470584 -0.32925269 0.014548322 25 0 191.02508 1.082177 -0.085745774
26 376.99695 45.000936 0.67409551 0.17761931 0.05877499 25 0 638.98479 2.8703685 -1.1448441
27 354.96947 46.02066 0.26012602 0.44610062 0.0056769379 25 0 58694.029 366.89172 -6.4113448
28 420.31258 45.665477 0.50090004 0.21614486 0.14554712 25 0 244.58412 1.291235 -0.27751324
29 96.749048 46.367425 0.53337669 0.58821115 0.18800166 25 0 520.22371 2.6966597 -1.0770653
30 141.69252 48.390864 0.63341753 -0.011596779 0.012120881 25 0 5310.2418 23.440981 -3.4249395
31 184.80988 48.98342 0.63162094 0.61726144 -0.28411463 25 0 335.58142 1.3523714 -0.32773994
32 430.62349 49.451918 0.60981682 0.78784346 -0.1052537 25 0 930.00778 4.0719575 -1.5245081
33 75.288063 50.788461 0.59039171 -0.15344085 0.047391585 25 0 273.88434 1.4188295 -0.37982556
34 263.80306 53.966454 0.58592505 0.41393351 0.0047636244 25 0 337.75596 1.7201302 -0.58890332
35 277.36487 55.104242 0.73618342 0.29561426 0.075197592 25 0 430.85788 1.7257547 -0.59244768
36 431.10257 54.892401 0.82157285 -0.41123731 -0.21463419 25 0 367.35673 1.3267802 -0.30699742
37 501.09275 55.490733 0.67271928 0.45131617 0.10910584 25 0 1000.2733 4.3032957 -1.584503
38 82.890265 55.760685 0.67260439 0.35186661 0.031072979 25 0 335.62686 1.5283548 -0.46056043
39 324.63929 56.409005 0.58370618 0.71035882 0.11228734 25 0 1429.1181 6.5882731 -2.046929
40 172.83964 61.480852 0.49821258 0.5559218 0.39691519 25 0 295.23782 1.4574666 -0.40899652
41 473.65571 63.023351 0.68584437 0.23301461 -0.11547638 25 0 1821.0773 7.6504556 -2.2092182
42 60.883871 64.458395 0.49777797 -0.61835981 0.16918528 25 0 247.74681 1.3926421 -0.3595988
43 27.747347 67.321922 0.67240887 -0.40753766 -0.070344304 25 0 487.22318 2.1208082 -0.81625347
44 379.69597 67.447078 0.57401584 0.04056674 0.1979689 25 0 315.97731 1.503347 -0.44264809
45 61.741073 69.458311 0.54393418 -0.25474489 0.072323646 25 0 566.37505 2.7464715 -1.0969378
46 84.86393 69.162925 0.61326891 -0.13251936 -0.051061421 25 0 570.0655 2.7894925 -1.113813
47 199.99863 69.498556 0.90603967 -0.076038754 0.050696472 25 0 442.06925 1.5920904 -0.50491934
48 463.31753 69.902102 0.71455626 0.22896103 -0.021431657 25 0 1933.8836 8.1178278 -2.2735996
49 28.170847 71.228252 0.8132718 0.18163925 0.16427415 25 0 651.09505 2.5982813 -1.0367154
50 142.77824 71.28844 0.51358962 -0.12539462 -0.065358414 25 0 404.47104 2.0786409 -0.79444866
51 502.13073 70.546401 0.71697652 0.4976272 0.094254391 25 0 502.22932 2.1702688 -0.84128381
52 448.42611 71.645213 0.69910212 0.73605622 0.077268962 25 0 567.6699 2.2702551 -0.89018665
53 67.219432 73.593399 0.63215503 0.23653583 0.12864213 25 0 244.87228 1.0794501 -0.083006419
54 86.101759 74.288389 0.70772429 0.26283142 0.059592505 25 0 1867.3709 7.8193393 -2.2329251
55 344.13737 75.718738 0.79057961 0.46994303 0.080911879 25 0 290.4501 1.1758064 -0.17583959
56 156.07054 77.019177 0.64416941 0.2771239 0.0029433527 25 0 274.19984 1.3210773 -0.30232055
57 499.07589 78.474899 0.62716787 0.64036381 0.17919864 25 0 1000.1717 4.4812867 -1.6285068
58 65.388529 81.928902 0.70192875 -0.052153061 0.044981732 25 0 293.76527 1.5114393 -0.44847678
59 381.0236 82.660143 0.66350623 0.33887204 0.037940108 25 0 3798.0615 16.444906 -3.0400785
60 1.5013352 85.306299 0.69454707 0.61261934 -0.095957712 25 0 706.76398 2.8657664 -1.143102
61 150.12534 86.064924 0.6893501 0.13263963 0.045460596 25 0 579.87952 2.510788 -0.99952511
62 465.50652 87.654067 0.44886722 -0.34378874 -0.1285395 25 0 204.49128 1.3455152 -0.32222151
63 231.99523 89.284415 0.44947687 0.71998921 -0.20264155 25 0 144.9733 1.0202383 -0.021754093
64 122.41207 89.764843 0.62199411 0.95467257 -0.18136497 25 0 598.28093 2.7745232 -1.1079709
65 174.8145 89.712982 0.74606909 -0.31774962 -0.20488183 25 0 373.96489 1.4266193 -0.38577026
66 185.3941 96.60212 0.60297644 0.49072988 0.22458085 25 0 426.93474 1.855347 -0.67106286
67 314.05808 96.99908 0.6961772 0.044671064 -0.039965534 25 0 1567.4418 6.6666095 -2.0597625
68 317.9755 98.781452 0.67824073 -0.043176464 -0.0029715011 25 0 1668.3768 7.0262298 -2.1168059
69 216.28725 99.839306 0.65430854 0.047287767 -0.025844723 25 0 1887.1058 8.1919189 -2.2834641
70 482.07902 103.41746 0.6607774 0.31308533 0.019253229 25 0 435.66842 1.9682496 -0.73520044
71 84.064582 104.14948 0.71395455 0.12576612 -0.0075784958 25 0 4498.897 18.997619 -3.1967479
72 146.01811 103.61522 0.61051827 0.033948138 0.07051603 25 0 402.03548 1.813577 -0.64634002
73 91.956318 105.36713 0.77326538 0.81803669 0.23495232 25 0 270.87551 1.0455589 -0.048371297
74 327.04463 105.88762 0.69098084 0.020105281 -0.088715269 25 0 413.07513 1.8701143 -0.67967039
75 16.597036 111.30559 0.60488827 -0.039375117 -0.24896461 25 0 242.01471 1.2443447 -0.23735173
76 362.52096 115.01237 0.66511933 0.29245995 -0.043257642 25 0 636.0928 2.7487886 -1.0978534
77 249.38033 117.12098 0.69304909 0.26336833 -0.094539709 25 0 18951.196 79.748613 -4.7543078
78 266.78637 117.22743 0.6523171 0.44397917 0.13487527 25 0 1066.772 4.4168675 -1.6127859
79 333.44777 118.12856 0.71947516 0.35257619 -0.17489729 25 0 1308.6791 5.3121622 -1.8131783
80 276.85478 118.56589 0.64162888 0.49754285 0.093033887 25 0 1868.8272 8.1257131 -2.2746537
81 343.84818 120.8872 0.45255555 0.48223211 0.19579699 25 0 195.04951 1.1686089 -0.16917294
82 478.71635 119.80724 0.67672269 0.086757768 -0.14637802 25 0 509.14926 2.3526195 -0.92887925
83 128.31283 120.75515 0.68308452 0.58670222 -0.1541056 25 0 525.87628 2.2975187 -0.90314763
84 229.00588 120.32887 0.60099682 0.65628766 0.16698348 25 0 501.90138 2.2573733 -0.88400846
85 81.220882 122.26122 0.75459834 0.20976209 0.095949032 25 0 635.0061 2.5340078 -1.0095199
86 180.74979 123.85069 0.64336837 0.17030679 -0.087925251 25 0 2265.248 10.091597 -2.5098997
87 508.82202 123.9334 0.77169755 0.22573242 -0.16288786 25 0 503.43388 2.0682768 -0.78902168
88 13.421904 125.45058 0.5163101 -0.35385096 0.021895641 25 0 381.61047 1.9488382 -0.72443947
89 204.62924 129.26594 0.59715353 -0.070641208 -0.10566898 25 0 1769.2137 8.0759617 -2.2679856
90 8.1793097 131.54526 0.69314035 0.56579681 0.089608141 25 0 401.98372 1.6833546 -0.56543902
91 36.031917 130.88374 0.78526021 0.2700892 0.082502347 25 0 1747.0487 6.9935592 -2.1117456
92 282.11011 132.44091 0.53106977 0.28128709 0.12566847 25 0 408.29295 1.950003 -0.72508822
93 502.15557 135.00094 0.62290476 0.64334205 0.26931846 25 0 218.05678 1.2486377 -0.24109108
94 299.44338 138.90487 0.8851757 0.14171777 -0.34260651 25 0 355.67363 1.3005197 -0.2852923
95 424.64677 140.47924 0.62781065 0.71955411 0.072135428 25 0 11543.932 50.034585 -4.2481758
96 412.9937 143.76923 0.81836827 -0.23756171 -0.1187048 25 0 299.83551 1.1551369 -0.15658369
97 327.56855 146.13986 0.6423029 0.31438083 -0.15291825 25 0 2953.1979 12.778943 -2.7662373
98 43.360269 147.09077 0.71535798 0.30605634 -0.093551885 25 0 895.36183 3.7251152 -1.4278493
99 123.09726 149.17314 0.89594971 0.41410406 0.13748894 25 0 358.46496 1.2412126 -0.23461541
100 26.395696 151.16804 0.71769378 0.30613511 0.023016987 25 0 770.24737 3.291042 -1.2933336
101 480.95237 151.04598 0.7098894 0.30397835 0.14257923 25 0 232.79175 1.1209915 -0.12400583
102 510.9319 152.00967 0.77314661 0.29114546 0.5918516 25 0 314.3558 1.2863406 -0.27338998
103 126.03702 160.54707 0.74383864 0.38417855 0.14637981 25 0 534.73954 2.1176703 -0.81464585
104 414.53996 162.07711 0.63013904 0.086260066 -0.15344663 25 0 52601.38 231.32598 -5.910561
105 235.01858 166.27469 0.66104234 0.48103957 0.2173909 25 0 607.29875 2.7222352 -1.0873141
106 453.86308 165.25175 0.62249172 0.50965953 0.35962038 25 0 509.22218 2.2053201 -0.85867907
107 182.07061 169.5795 0.72656685 0.099486956 -0.042067497 25 0 518.78665 2.1426865 -0.82739659
108 485.1795 171.92832 0.71546121 0.075968568 -0.030384618 25 0 265.96727 1.2703032 -0.25976847
109 62.027559 173.48281 0.7158269 0.13237104 0.15945733 25 0 377.8947 1.5764337 -0.49418931
110 171.22115 173.97003 0.75924734 0.74408087 0.11616501 25 0 258.63926 1.0093037 -0.010054631
111 374.78636 174.30044 0.72832847 0.21045166 0.023437226 25 0 655.78318 2.8064668 -1.1203998
112 506.95712 173.82075 0.71342786 0.26592491 0.048144086 25 0 8024.4261 33.741256 -3.8204031
113 192.73755 175.41054 0.58777744 0.013422343 0.042934176 25 0 933.14279 4.3593328 -1.5985501
114 254.63614 174.56815 0.62906173 0.63532058 0.039943063 25 0 1662.184 7.0686921 -2.1233477
115 30.417571 176.94109 0.65928932 0.32949353 0.023474603 25 0 343.36819 1.6818917 -0.56449509
116 442.08792 176.66283 0.62383779 0.091936321 0.027612345 25 0 390.2887 1.8612791 -0.67452874
117 181.29078 177.9846 0.69393989 0.27665652 -0.039064783 25 0 1821.0769 7.7240465 -2.2196122
118 172.07331 182.18281 0.78777005 0.56933537 -0.28376935 25 0 280.95086 1.0929237 -0.096474561
119 449.77197 183.16 0.67933086 0.083418463 -0.044656104 25 0 3162.5159 13.552737 -2.8300675
120 45.597296 184.08972 0.60881017 -0.060880184 -0.33676014 25 0 674.71538 3.1118957 -1.2325626
121 143.53328 184.06866 0.59843672 0.27349448 -0.11973814 25 0 1721.1422 7.5168168 -2.1900849
122 439.71584 185.35632 0.69399861 0.052675192 0.064625868 25 0 690.94134 2.8661867 -1.1432612
123 510.95511 184.73803 0.96126497 0.53379158 0.54415189 25 0 626.82867 2.2517765 -0.88131321
124 18.858267 186.36899 0.7136121 -0.15724471 -0.046481528 25 0 279.37248 1.2186663 -0.21471197
125 255.43967 186.79248 0.66736999 -0.21174113 -0.16937112 25 0 1131.1296 4.7677448 -1.6957825
126 270.90835 187.83757 0.6090346 -0.39646584 0.15995072 25 0 218.22388 1.1232784 -0.12621853
127 450.21387 188.07652 0.67335129 0.028834504 -0.053239016 25 0 1069.3772 4.6286793 -1.6636427
128 259.28541 188.98749 0.59704049 -0.40524751 -0.36185887 25 0 278.99694 1.1577594 -0.15904576
129 218.00667 189.41625 0.56543288 0.48222826 0.17108519 25 0 646.08338 3.0151024 -1.1982551
130 100.2493 190.5154 0.61888875 0.020600922 0.11187564 25 0 37375.843 166.83872 -5.5557421
131 149.92314 191.90314 0.59698522 0.11324675 -0.04453352 25 0 411.93323 1.9169394 -0.70652098
132 281.34612 195.52557 0.68414051 0.66684457 -0.069469139 25 0 279.45012 1.221655 -0.21737143
133 449.21144 196.1216 0.81315884 0.17853927 -0.25839899 25 0 518.53639 2.0833221 -0.79689103
134 420.16905 198.91134 0.81013753 0.5114516 0.36815016 25 0 248.55042 1.034868 -0.037212353
135 483.54112 199.97542 0.66692473 0.1160599 -0.19373682 25 0 685.44415 3.0503845 -1.2108864
136 377.51538 201.87913 0.56436862 -0.54913957 -0.42166853 25 0 293.09304 1.5161356 -0.45184511
137 196.85509 202.32929 0.56213681 0.44926107 0.094553694 25 0 545.26787 2.5921657 -1.0341569
138 227.16085 203.65578 0.57053589 0.79716229 0.18418026 25 0 352.33885 1.6931717 -0.57175248
139 434.53385 204.31278 0.48333958 -0.050936352 -0.0075651782 25 0 242.0426 1.2819953 -0.26971606
140 95.172448 204.51654 0.57997972 -0.11319288 0.023748864 25 0 540.3797 2.4587966 -0.97680651
141 176.14309 206.42269 0.63431828 0.6070435 0.17101248 25 0 275.08112 1.1746185 -0.17474212
142 498.161 206.00411 0.69122066 0.28542738 -0.0038423182 25 0 821.75284 3.5686509 -1.3812602
143 444.32648 208.62088 0.50366772 -0.16250078 0.066604245 25 0 241.86902 1.4355804 -0.39256883
144 41.50258 213.63985 0.65584474 0.63394437 -0.33757744 25 0 397.29537 1.6011966 -0.51111165
145 42.597873 215.32922 0.4759341 -0.24743662 -0.49679031 25 0 320.41716 1.7528089 -0.60933642
146 363.51655 215.91844 0.56828929 0.39363261 -0.22822593 25 0 222.25454 1.2536341 -0.245427
147 454.20437 215.9833 0.73211742 0.054732976 -0.0051920384 25 0 1311.1202 5.422623 -1.8355235
148 16.51439 217.21763 0.63140516 -0.066995972 -0.18346137 25 0 1873.5026 8.435756 -2.31531
149 330.08598 218.18123 0.66588141 -0.26923928 0.098181985 25 0 238.1721 1.0296969 -0.031773538
150 354.92276 218.26699 0.62808505 0.28067118 0.06855562 25 0 1588.5423 7.1870631 -2.1413786
151 285.14599 220.31101 0.69345736 0.22073053 0.013069961 25 0 816.2259 3.4818673 -1.3545305
152 179.41043 221.68399 0.66325019 0.0049482102 -0.006395847 25 0 1040.3152 4.2561757 -1.5725489
153 249.03634 225.24516 0.79629913 -0.079492823 -0.18387288 25 0 275.69362 1.020887 -0.02244419
154 469.38789 225.25543 0.65294107 0.18842624 0.23613742 25 0 286.6973 1.4600362 -0.41090903
155 508.15654 224.71616 0.67986 0.17591933 0.058211457 25 0 5314.8878 22.727003 -3.3913554
156 268.51247 227.0316 0.61926902 0.082001738 -0.21272542 25 0 2932.4279 13.224556 -2.8034528
157 14.166136 229.23451 0.72884561 -0.29378247 -0.22350058 25 0 336.34952 1.5325547 -0.46353995
158 380.76773 229.14735 0.65276079 0.10749741 -0.015794709 25 0 4865.9599 21.334391 -3.3227006
159 450.93267 229.85527 0.70559005 0.26008501 0.01184294 25 0 17065.434 71.871188 -4.6413871
160 286.64562 231.01297 0.54600036 0.51012447 -0.3024898 25 0 197.35871 1.1326954 -0.13528285
161 355.61984 231.54715 0.53905136 -0.023778381 -0.013454654 25 0 868.29214 3.9950944 -1.5038176
162 180.97851 234.73675 0.82262532 0.053852141 0.15651229 25 0 283.13905 1.054891 -0.058018925
163 209.13553 237.78071 0.684732 0.17549725 -0.16677208 25 0 808.82894 3.3821339 -1.322977
164 269.26274 238.72436 0.62038233 0.19200866 -0.051081196 25 0 796.75368 3.6139567 -1.3949574
165 460.10337 241.42503 0.68723856 0.47358885 0.12751269 25 0 2162.6914 9.2050978 -2.410071
166 59.638753 242.21026 0.55516876 -0.23593178 0.065193331 25 0 357.16844 1.8463491 -0.66578453
167 46.087431 244.76471 0.7011568 0.23037336 0.02430976 25 0 309.78907 1.3595385 -0.33347876
168 232.69445 255.38829 0.61414236 0.032130315 -0.008488389 25 0 4798.3112 21.338933 -3.3229317
169 457.04909 254.73251 0.69224328 0.24839148 0.074578366 25 0 8728.294 36.785273 -3.914185
170 5.0933425 256.37048 0.70973303 0.24993726 0.098105861 25 0 1266.6588 5.4729631 -1.8455563
171 294.83349 257.66823 0.68892541 0.027238032 0.07606356 25 0 455.10226 2.0211497 -0.7639962
172 360.59509 264.23251 0.64417061 0.088509669 0.006721177 25 0 409.31698 1.7204697 -0.58911757
173 133.48477 265.89982 0.55712921 0.24128504 -0.090433547 25 0 314.13356 1.5444489 -0.47193386
174 15.251106 276.21623 0.66325179 0.4886664 -0.16225065 25 0 327.53002 1.4601966 -0.41102835
175 55.572135 276.22817 0.63594339 -0.70257667 -0.13296496 25 0 261.85137 1.2649975 -0.25522416
176 62.129473 276.1977 0.74834406 0.28870911 0.049083881 25 0 1800.1385 7.2334883 -2.1483695
177 118.37024 277.89993 0.71465214 -0.036600163 -0.22256849 25 0 324.19587 1.358588 -0.33271947
178 244.24051 284.4131 0.67070924 0.74110782 0.03617551 25 0 349.04569 1.5766831 -0.49436102
179 76.23378 285.38591 0.77285087 0.6316963 0.1737954 25 0 884.96512 3.3099517 -1.2995542
180 0.32270839 285.96946 0.79908768 -0.050551175 0.092898065 25 0 312.91945 1.2277673 -0.22279018
181 376.63018 287.6268 0.64658995 0.53830797 -0.011940306 25 0 5500.4668 23.708056 -3.4372399
182 189.28433 288.9311 0.73000686 0.16430236 -0.070612625 25 0 1046.0544 4.2804809 -1.5787314
183 67.835814 290.44602 0.66597847 0.40345453 0.18417369 25 0 1308.1536 5.4804359 -1.8470378
184 96.152806 290.16984 0.70127887 0.28648392 0.0095812771 25 0 1417.3425 6.0298903 -1.9507735
185 482.29095 292.41413 0.76079874 0.52750175 0.1106445 25 0 871.25839 3.416923 -1.334088
186 351.00998 292.25718 0.48854379 0.20062532 0.40561997 25 0 343.71095 1.7520013 -0.60883607
187 20.434476 295.26878 0.47359265 -0.18404704 0.016746868 25 0 377.88269 1.9530617 -0.72678989
188 99.133994 299.74677 0.70756164 -0.010469671 -0.28486585 25 0 269.88547 1.0572762 -0.060471091
189 165.04376 299.72356 0.64723471 0.092067716 -0.23067096 25 0 539.32509 2.5789382 -1.0286023
190 79.495832 305.89524 0.7024617 0.17804478 -0.19579344 25 0 1375.224 5.6103415 -1.8724732
191 427.24798 305.79648 0.60694553 -0.040063395 -0.051102835 25 0 451.00894 1.976667 -0.73983378
192 130.58294 308.08415 0.57238585 0.31523944 -0.18924723 25 0 230.87857 1.171746 -0.17208371
193 223.08868 311.53111 0.6060504 0.4864063 0.052234935 25 0 743.73512 3.2914343 -1.293463
194 454.94794 311.27935 0.75440185 0.23620068 0.0072267267 25 0 1281.7457 4.9890507 -1.7450448
195 142.33829 316.14507 0.74815925 0.35105053 -0.085139615 25 0 3962.4048 15.642902 -2.9857933
196 2.6874192 317.93575 0.73685931 -0.0048002434 -0.26444991 25 0 1046.8588 4.0731018 -1.5248132
197 18.433286 317.89206 0.67139318 0.0133724 -0.11667116 25 0 2394.5991 10.337237 -2.5360112
198 229.4357 319.11268 0.76152837 0.48140183 -0.20459544 25 0 284.83565 1.1656329 -0.16640453
199 64.293932 320.10607 0.60340997 0.29401304 -0.032446665 25 0 446.45947 2.1461678 -0.82915919
200 459.11072 325.50503 0.55624527 -0.30387888 -0.22706295 25 0 227.448 1.1569939 -0.1583277
201 191.82483 325.66113 0.65869614 0.56084705 0.1057015 25 0 347.99562 1.3513519 -0.32692117
202 334.6269 327.79525 0.65940067 0.51294224 -0.02175216 25 0 591.98273 2.6466052 -1.0567229
203 497.73801 329.63724 0.41623205 -0.17332409 -0.043430669 25 0 157.59815 1.061497 -0.064796956
204 267.51147 330.6984 0.587093 -0.11746237 -0.16812948 25 0 348.4307 1.7755863 -0.62335445
205 24.963069 335.1429 0.74325181 0.18882353 0.011408469 25 0 5937.9086 24.258801 -3.4621733
206 292.0932 335.10877 0.7465773 -0.021262229 -0.19609444 25 0 644.8687 2.6030202 -1.0386939
207 35.174409 336.08499 0.76268352 0.27130518 0.013546972 25 0 15579.198 62.607559 -4.4915669
208 385.00471 335.56315 0.6529022 0.43151076 0.05914129 25 0 488.38605 2.1347168 -0.82335066
209 81.481663 337.16315 0.67641389 0.10186195 -0.11907013 25 0 1091.2026 4.5153981 -1.6367401
210 268.32124 336.67456 0.61756745 0.0098270363 -0.024327216 25 0 874.49577 3.9651807 -1.4956575
211 493.30382 343.05488 0.68071018 0.49517089 0.40889233 25 0 1038.9325 4.1666431 -1.5494658
212 264.24368 346.34201 0.70924185 0.37692339 -0.056419614 25 0 424.9913 1.6486094 -0.54279444
213 365.19969 349.08955 0.73878961 0.16114348 -0.10860211 25 0 819.14818 3.21898 -1.2692957
214 480.48531 351.72056 0.47999386 0.010946655 0.1473736 25 0 190.61743 1.1333984 -0.1359565
215 244.43029 352.71527 0.62946234 -0.10990125 -0.072394083 25 0 5181.8848 22.739576 -3.3919559
216 386.49555 354.05065 0.62863058 0.15356759 -0.195034 25 0 1129.5043 5.0611023 -1.7606128
217 26.435228 355.15383 0.70050091 -0.34398962 -0.077291758 25 0 884.54028 3.583055 -1.3856337
218 497.95026 354.75151 0.64430037 0.22300734 0.15787187 25 0 319.3393 1.4338103 -0.39122925
219 16.990539 355.55391 0.77158231 0.45818356 0.23055988 25 0 540.379 2.0794819 -0.79488785
220 51.630873 355.69362 0.70486964 -0.39034564 0.031640215 25 0 308.46726 1.0387133 -0.041239266
221 0.13410742 357.16678 0.86347649 0.013271951 0.51283074 25 0 460.51429 1.7543861 -0.61031296
222 303.34057 356.66261 0.61996063 0.00026218831 -0.034518712 25 0 25114.77 111.00754 -5.1133812
223 240.71183 357.82443 0.83764158 0.92566995 -0.0087127474 25 0 307.48065 1.0851171 -0.088691531
224 26.589729 358.99849 0.71591218 0.10840434 -0.022539827 25 0 1444.7194 5.8194384 -1.9122027
225 161.97309 358.67777 0.8192698 0.49917173 0.20906108 25 0 298.05495 1.0765194 -0.080054693
226 448.21403 358.91272 0.60055565 -0.060056037 -0.019025496 25 0 234.53983 1.1343196 -0.13683859
227 358.3747 360.86644 0.5445141 0.49967971 -0.46752007 25 0 167.09867 1.0171359 -0.01844744
228 27.481916 362.26831 0.50612418 0.55622349 0.41421341 25 0 457.52813 1.9448345 -0.72220664
229 32.933018 364.12659 0.52728753 -0.76014275 -0.38150075 25 0 262.77557 1.1613267 -0.16238607
230 419.2033 363.71291 0.6755144 0.0092285946 -0.06134636 25 0 2065.6141 8.7784502 -2.3585446
231 484.49461 363.78344 0.31213539 -0.52150987 0.30706412 25 0 169.79584 1.068939 -0.072382343
232 230.60785 365.78418 0.63434163 0.39810179 -0.087036262 25 0 1589.224 6.9932738 -2.1117013
233 282.70397 366.99701 0.64606558 0.16194941 -0.076083914 25 0 2917.1784 12.920542 -2.7782019
234 100.2874 368.55836 0.66315258 0.667832 0.12949536 25 0 4784.3776 20.062366 -3.2559554
235 432.27421 368.08228 0.70021123 0.047959383 -0.10515773 25 0 1363.0611 5.8874433 -1.9248168
236 143.4094 369.26545 0.61554683 0.60042497 0.14355965 25 0 510.37729 2.2698512 -0.88999346
237 504.02069 370.06732 0.76434575 0.15423399 0.032131138 25 0 12079.162 48.938095 -4.2241177
238 27.350733 371.54332 0.70669582 0.47990515 0.047954274 25 0 482.47491 1.8445081 -0.6647014
239 212.2077 371.5292 0.66744758 -0.12903569 0.13248467 25 0 224.82645 1.0659769 -0.069369455
240 7.6895861 375.34122 0.60273255 0.033139949 -0.029431926 25 0 711.69065 3.3512994 -1.3130331
241 480.58523 377.86777 0.71717522 0.68050045 0.050339211 25 0 301.45972 1.3590023 -0.33305047
242 370.50006 381.33193 0.58555077 -0.14708294 -0.084733594 25 0 3123.0686 14.151903 -2.8770371
243 30.706072 382.11507 0.66763493 -0.68821452 -0.31107483 25 0 276.05662 1.2297046 -0.224502
244 79.420422 382.7111 0.62902108 0.55924468 -0.15364638 25 0 3395.5142 14.855296 -2.9297033
245 125.21574 384.21155 0.67959661 0.33786204 -0.016179827 25 0 653.3851 2.8428025 -1.1343667
246 232.00866 385.66993 0.69769001 0.53266716 -0.018114228 25 0 667.28105 2.7799055 -1.1100751
247 488.54956 386.59227 0.6588445 -0.25199879 0.13725973 25 0 587.86338 2.3918808 -0.94684881
248 273.55196 386.35037 0.51637333 -0.93935702 -0.1884618 25 0 230.97762 1.0503341 -0.053318615
249 104.92116 387.08056 0.55149474 0.11847212 0.43549489 25 0 304.53953 1.4263414 -0.38555871
250 185.06075 387.69663 0.66908728 -0.06546352 -0.34380763 25 0 268.82306 1.171209 -0.17158597
251 9.7675058 388.517 0.68334679 0.62311785 0.20740812 25 0 992.601 4.2299609 -1.5658409
252 149.24526 388.46392 0.59145654 0.10238295 0.12115538 25 0 1318.0259 5.9241232 -1.9315602
253 489.27446 390.11493 0.7359964 0.18752465 0.01078215 25 0 2458.2165 9.8888626 -2.4878659
254 459.98413 390.52172 0.69395253 0.28045494 0.17672221 25 0 2817.7744 11.80967 -2.6805944
255 64.779753 393.65475 0.74060803 0.60781404 0.1832035 25 0 595.03417 2.2368821 -0.87410775
256 393.01677 396.70519 0.72531432 -0.20220689 -0.049663008 25 0 270.4504 1.1949496 -0.19337395
257 251.21181 398.54922 0.64192347 0.56521606 0.12009621 25 0 7513.0163 32.396713 -3.7762524
258 102.2125 398.86452 0.67111071 0.30835786 0.45397295 25 0 277.90873 1.2350063 -0.22917297
259 381.82258 400.50224 0.68265609 -0.039725836 -0.051070567 25 0 774.17363 3.259892 -1.283008
260 177.73752 401.03643 0.59604818 -0.13424046 -0.24375689 25 0 259.42317 1.2266594 -0.22180996
261 417.21492 405.52612 0.58665868 0.37303663 0.056383002 25 0 468.64799 2.123551 -0.81765673
262 280.31589 405.95844 0.71095602 0.53448301 0.023061271 25 0 799.53008 3.3399206 -1.3093404
263 295.75284 409.29085 0.75487499 -0.2911328 -0.11090236 25 0 312.36462 1.0925288 -0.096082208
264 8.045326 409.74781 0.73172931 0.29108652 0.031999125 25 0 1114.0912 4.5532722 -1.645809
265 277.66856 409.60381 0.62727012 0.58356267 -0.010912895 25 0 1876.6001 8.2643662 -2.2930239
266 499.25986 409.83369 0.97182648 0.47396929 -0.046917384 25 0 625.53075 1.9553638 -0.7280689
267 81.59312 411.00157 0.5051522 0.45807157 -0.3155658 25 0 193.71759 1.0323468 -0.03456403
268 46.141616 413.94767 0.73734819 0.62526451 -0.091252102 25 0 332.74407 1.2276248 -0.22266416
269 109.80087 415.12266 0.63589099 0.16883138 -0.092597737 25 0 993.64614 4.3551828 -1.597516
270 133.79669 416.5515 0.67839161 0.52401795 0.064713538 25 0 2302.5212 9.6748727 -2.4641131
271 309.69779 426.34702 0.54607682 0.95127937 0.096202074 25 0 339.78404 1.5668008 -0.48753448
272 190.46866 428.25374 0.6909297 -0.091829261 -0.17314667 25 0 349.77961 1.5194935 -0.45424712
273 219.45278 433.58874 0.5410254 0.54767213 0.093909541 25 0 304.48253 1.4137274 -0.37591422
274 158.01865 435.49816 0.68561777 0.45074864 0.16921216 25 0 1044.1768 4.235298 -1.5672099
275 184.49217 434.46628 0.62680923 0.87935936 -0.032925762 25 0 1898.0083 8.029218 -2.2616831
276 406.96107 435.28404 0.7745397 -0.27007522 -0.029731488 25 0 433.59654 1.7223111 -0.59027901
277 199.63779 435.77471 0.73495156 0.27056777 -0.22722513 25 0 294.06747 1.1832598 -0.18270031
278 210.40736 437.82142 0.72096288 -0.65714461 -0.016815342 25 0 246.304 1.0397321 -0.042303594
279 257.79237 437.82047 0.6630708 0.28459451 -0.14329829 25 0 1255.6302 5.6121096 -1.8728154
280 370.45674 439.56414 0.59689097 -0.24199756 -0.017886307 25 0 2816.4027 12.545458 -2.7462163
281 270.83232 442.35851 0.63377045 -0.30593911 0.1330318 25 0 1177.7841 4.916911 -1.7292309
282 40.000354 442.86065 0.75282102 -0.059402053 -0.1242954 25 0 451.96777 1.8058835 -0.64172431
283 116.97325 444.27681 0.70139173 0.25373773 0.027624563 25 0 16022.168 67.444635 -4.5723685
284 502.05434 444.71038 0.75917531 -0.30425879 -0.028576304 25 0 461.75564 1.8228164 -0.65185733
285 89.95605 449.94816 0.73690396 0.20216454 -0.05454038 25 0 294.60483 1.1508129 -0.15251182
286 488.64132 451.03469 0.61077556 -0.098630918 -0.10492335 25 0 376.83387 1.7267286 -0.5930602
287 237.79242 451.63379 0.80038649 0.45784881 0.14714064 25 0 387.17555 1.4151347 -0.37699443
288 299.55785 452.18296 0.59060927 0.16832775 -0.23412714 25 0 224.4908 1.0537506 -0.05684456
289 502.92185 454.0578 0.73965561 0.0042630601 -0.031507129 25 0 2821.4746 11.633269 -2.6642544
290 405.43699 456.59078 0.64709969 0.27233562 0.10438664 25 0 330.38972 1.3751801 -0.34589895
291 336.86101 457.85663 0.6629006 0.35380473 -0.018507778 25 0 806.29906 3.6116605 -1.3942673
292 97.632725 458.78966 0.47276841 -0.22229804 0.030263391 25 0 163.88578 1.029046 -0.031086928
293 461.02823 458.92431 0.83926014 -0.094393396 0.045276507 25 0 537.562 1.9084127 -0.70168075
294 356.13927 459.92747 0.63353713 0.17758425 -0.077820459 25 0 279.44636 1.2454059 -0.23827729
295 505.16769 460.39231 0.69176185 -0.72735212 -0.55709436 25 0 261.64262 1.2215879 -0.21731184
296 387.94909 462.66138 0.72850403 0.33415135 0.033974503 25 0 1500.0895 5.9593363 -1.9379947
297 82.080406 463.88423 0.76052289 0.18059721 -0.00824515 25 0 7430.3092 30.109661 -3.6967646
298 174.97973 464.95198 0.72985451 0.25301429 -0.052131969 25 0 1456.0172 5.9822041 -1.9421531
299 351.81594 465.27804 0.6802452 -0.47051919 0.24131995 25 0 344.88395 1.3608165 -0.33449895
300 160.95839 465.70849 0.64816181 -0.69406899 -0.044964552 25 0 219.44815 1.0045053 -0.0048806156
301 453.53288 466.32751 0.4780163 0.54648562 -0.037038596 25 0 61055.254 296.45853 -6.1799099
302 317.05773 467.01532 0.71588548 0.33434823 -0.048921058 25 0 437.78113 1.8148091 -0.64707737
303 71.049859 469.05316 0.69698607 0.1683577 -0.098939867 25 0 388.246 1.705237 -0.57946185
304 430.61036 468.76473 0.72720474 0.41452977 -0.1909456 25 0 369.40283 1.4376406 -0.3941258
305 16.01051 471.84705 0.6794508 -0.12079836 0.11152231 25 0 230.00646 1.0108282 -0.011693364
306 236.69027 473.01881 0.67445762 0.14669399 -0.11335493 25 0 5444.8539 23.591606 -3.4318938
307 454.62333 473.90929 0.77617422 0.16152708 -0.083564527 25 0 565.6897 2.013929 -0.76011042
308 368.33304 474.63452 0.43442872 -0.68326279 -0.1564276 25 0 516.95604 2.6054396 -1.0397025
309 270.96155 476.05556 0.68033463 0.40931545 0.020538305 25 0 331.17456 1.4678453 -0.41670072
310 286.80116 476.25929 0.64956551 0.081377205 -0.0073715217 25 0 3385.1266 14.853453 -2.9295686
311 140.14942 476.97978 0.80207283 0.048441153 -0.46438517 25 0 557.18237 2.0383464 -0.77319496
312 366.8925 475.33469 0.6014479 -0.22326973 0.10491647 25 0 242.62116 1.1389946 -0.1413042
313 364.06455 481.46294 0.60306333 0.43198466 0.12472719 25 0 567.57804 2.675889 -1.0686702
314 164.72854 482.32886 0.56658836 0.24281726 0.059341427 25 0 825.66157 3.8540013 -1.4647797
315 242.46065 486.76517 0.75887213 -0.3531411 0.031606296 25 0 309.52211 1.1950455 -0.1934611
316 89.830083 487.83561 0.7296546 0.32951127 -0.0042286517 25 0 1420.9462 5.8607109 -1.9198757
317 418.51932 497.0096 0.81597744 -0.47062164 -0.057666894 25 0 328.14442 1.3024106 -0.28686977
318 265.92892 496.97329 0.53078309 0.36436681 0.41384084 25 0 348.49966 1.7288181 -0.59437326
319 430.23419 499.96222 0.69905508 -0.30345117 -0.40925652 25 0 228.15394 1.0504347 -0.053422688
320 176.17619 501.45805 0.65477699 0.16655718 0.2501126 25 0 378.86349 1.6791676 -0.56273513
321 93.004147 503.27512 0.36826653 0.076571254 0.55995725 25 0 201.3348 1.2491694 -0.24155336
322 141.709 504.41297 0.69712037 -0.3742211 0.04951116 25 0 647.61275 2.4815118 -0.98679085
323 187.14073 504.43295 0.73111742 0.52578022 0.22887146 25 0 516.93254 2.0179992 -0.76230249
324 409.25511 505.35938 0.61281465 0.69195298 0.29335418 25 0 291.88341 1.3277903 -0.30782372
325 305.95258 507.00187 0.68601977 -0.17374369 -0.17077891 25 0 319.84834 1.3205994 -0.30192777
326 357.0927 506.93302 0.56668173 0.4120065 0.19648175 25 0 236.21567 1.0557089 -0.058860446
327 142.67652 508.17023 0.73057462 0.088095826 -0.18202361 25 0 825.73603 3.0844571 -1.2229468
328 83.777987 510.50633 0.58513796 0.5508908 -0.26738812 25 0 234.20292 1.0998278 -0.10331178
