id xcentroid ycentroid sharpness roundness1 roundness2 npix sky peak flux mag
1 350.35296 1.441004 0.7969385 -0.042608021 -0.18276041 25 0 839 1.867299 -0.67803463
2 0.19716455 4.3008941 0.85931916 0.11804291 0.25944792 25 0 31762 68.23801 -4.5850659
3 482.04287 4.3006043 0.72172884 0.18127792 0.23336687 25 0 555 1.5227423 -0.45656601
4 8.4586836 9.2861711 0.71826447 0.045143983 -0.15375744 25 0 767 1.980812 -0.74210812
5 16.791987 9.3324983 0.62947856 -0.0040437464 0.1801008 25 0 379 1.2980705 -0.28324566
6 162.21614 8.7922233 0.7497387 -0.30183933 0.015070516 25 0 657 1.4816652 -0.42687523
7 388.01647 9.9141856 0.80301935 -0.099548166 0.076916123 25 0 1147 2.7148256 -1.0843549
8 77.448866 10.896264 0.68684631 -0.13870421 -0.17761361 25 0 14659 35.102197 -3.8633358
9 25.012647 12.565843 0.75188722 -0.072227363 0.182464 25 0 6185 14.243347 -2.8840302
10 461.55748 12.838169 0.73899612 -0.23581619 -0.19171265 25 0 664 1.6931095 -0.57171261
11 7.0540518 14.166708 0.79097488 -0.05282657 0.065707899 25 0 4642 10.574153 -2.560614
12 407.327 31.351127 0.61631905 -0.22484341 -0.04479281 25 0 537 1.5642415 -0.48575948
13 506.87111 31.258004 0.72177324 -0.12898535 0.10614522 25 0 378 1.2320797 -0.22659701
14 179.9465 34.131944 0.81102579 -0.32542521 -0.004183036 25 0 651 1.426663 -0.38580352
15 166.63019 38.478745 0.73603424 -0.20395862 0.15700742 25 0 674 1.6073117 -0.51525024
16 239.67901 39.490556 0.72885137 -0.33127056 0.15424372 25 0 1274 2.7980592 -1.1171422
17 259.06083 40.236503 0.75460706 0.040099307 0.073282734 25 0 3141 7.2138289 -2.1454146
18 399.83571 41.139245 0.72009809 0.10537052 -0.10086692 25 0 642 1.6842812 -0.5660365
19 377.63146 42.285906 0.39309303 -0.45703672 0.056521583 25 0 58598 176.69114 -5.618037
20 119.52239 42.822484 0.73146962 -0.23790979 -0.064307699 25 0 633 1.4838742 -0.42849269
21 6.1689179 43.698491 0.80350427 -0.24946605 0.10964187 25 0 670 1.4643183 -0.41408873
22 164.57594 44.599868 0.662654 -0.64781869 -0.056837152 25 0 4880 11.494482 -2.6512236
23 453.30853 45.553919 0.72259754 -0.43226847 0.065044375 25 0 1071 2.6485673 -1.0575275
24 97.872832 47.024289 0.56705948 -0.37097835 0.049409963 25 0 307 1.004703 -0.0050942174
25 299.99651 51.199439 0.71907094 -0.20913503 0.13641823 25 0 556 1.3026549 -0.2870734
26 347.366 52.648911 0.71289293 -0.55289292 -0.022519963 25 0 1757 3.9486787 -1.4911295
27 496.3347 59.019618 0.69133424 0.056875608 -0.016085387 25 0 1595 4.0743367 -1.5251423
28 50.846012 63.801806 0.69958238 -0.0091097315 0.04788024 25 0 505 1.2836214 -0.27109235
29 4.5567031 64.701424 0.63382904 0.039338737 -0.063404708 25 0 1739 4.4054807 -1.6099833
30 84.536509 65.8376 0.62199293 -0.018662002 -0.29798336 25 0 662 1.7304754 -0.59541358
31 485.92742 65.937641 0.81876705 -0.15953142 0.0035994323 25 0 2151 4.9046962 -1.7265303
32 50.974711 67.681002 0.75172633 -0.28982828 0.18263599 25 0 569 1.346485 -0.32300381
33 165.45286 67.318171 0.50809555 -0.77882161 0.21398883 25 0 371 1.0746341 -0.078151554
34 471.24434 67.580219 0.737832 -0.31767415 0.044216629 25 0 569 1.5010862 -0.44101406
35 108.83747 70.608118 0.68067774 0.12084478 0.10263936 25 0 1821 4.3419945 -1.5942232
36 15.010919 76.34497 0.56297401 0.056444818 0.42389714 25 0 343 1.1157327 -0.11890044
37 8.1778969 79.06602 0.78552136 0.080047803 0.090086516 25 0 891 2.0517913 -0.78033294
38 403.79733 78.74425 0.71371031 0.14139658 0.043324222 25 0 4120 9.7923631 -2.4772188
39 24.299497 81.869522 0.79984072 -0.29639887 -0.096885042 25 0 957 2.1709013 -0.84160021
40 172.831 82.43129 0.75846904 0.3850366 0.082979739 25 0 600 1.2605029 -0.25135961
41 145.0922 85.99501 0.7310824 0.15613086 0.12641948 25 0 714 1.5693139 -0.48927454
42 208.01502 92.707417 0.80011787 -0.4770498 0.11045969 25 0 680 1.3526393 -0.32795499
43 336.67775 93.109947 0.74223649 -0.36011275 -0.0017102005 25 0 1640 3.5879931 -1.387129
44 340.70026 94.918834 0.73444077 -0.41281812 -0.078694354 25 0 1941 4.3628772 -1.5994325
45 239.10701 96.138719 0.7537669 0.084306763 0.077117336 25 0 2261 5.0195752 -1.7516674
46 5.2595286 96.767788 0.78100154 -0.3263891 0.017436807 25 0 2382 5.2380716 -1.7979286
47 504.88496 99.251638 0.71317449 -0.32888002 -0.020644286 25 0 405 1.1562443 -0.15762399
48 106.81977 100.56157 0.68337405 -0.29488324 0.16940019 25 0 3422 8.0104224 -2.2591385
49 168.79191 99.994956 0.7077062 -0.16438397 -0.0022151882 25 0 611 1.4698983 -0.41821823
50 114.95537 101.65031 0.65608009 0.061491665 -0.12313094 25 0 403 1.0599648 -0.063228588
51 349.79252 101.85718 0.61242573 -0.65594311 -0.36878019 25 0 469 1.177081 -0.17701586
52 385.57787 111.17847 0.57770276 -0.080058901 -0.24337762 25 0 590 1.5915487 -0.50454984
53 272.0855 113.4105 0.71078805 0.06923366 0.15899486 25 0 20712 48.876637 -4.2227533
54 289.39973 113.54316 0.65583879 -0.10549762 0.15706771 25 0 1090 2.3995544 -0.9503265
55 356.18773 114.45312 0.66644442 0.25457193 0.076934155 25 0 1300 3.0171734 -1.1990007
56 299.3959 114.78197 0.61416331 0.15931999 -0.14655967 25 0 1923 4.7077768 -1.6820397
57 501.43712 115.60603 0.67110267 -0.52451587 -0.12137296 25 0 349 1.0502653 -0.053247577
58 151.08174 117.11033 0.77586454 -0.26999482 -0.028738834 25 0 781 1.658268 -0.54913679
59 251.77772 116.41084 0.62746454 0.16954742 0.26055336 25 0 612 1.3903123 -0.35778092
60 104.02848 118.43504 0.80714119 0.10481243 0.31631901 25 0 677 1.3333097 -0.31232756
61 203.50654 120.00076 0.70728617 -0.3852302 -0.13940222 25 0 2399 5.4014548 -1.8312769
62 36.202913 122.14932 0.83120746 -0.057204418 0.10383641 25 0 638 1.3729377 -0.34412706
63 227.39289 125.46666 0.68925527 -0.41889967 -0.027667921 25 0 1766 3.8147238 -1.4536577
64 58.754668 127.29322 0.72220362 -0.071311552 0.17416534 25 0 1499 3.5301306 -1.3694769
65 31.030571 127.88612 0.70498192 0.15718463 0.17425445 25 0 525 1.3086578 -0.29206528
66 304.90423 128.62832 0.63891435 0.16197422 0.090368277 25 0 593 1.2971816 -0.28250197
67 447.36216 136.44206 0.68013808 -0.40589683 0.13446085 25 0 12281 28.520777 -3.6379034
68 350.19714 142.34283 0.66474276 0.21827476 0.098994013 25 0 3488 8.4560215 -2.3179152
69 66.069749 143.53305 0.77935498 0.010412603 0.24357394 25 0 986 2.0783151 -0.7942785
70 49.053701 147.6331 0.69334346 0.086294752 0.12467865 25 0 788 1.8930982 -0.69293283
71 148.98914 156.95651 0.76217967 -0.18752686 -0.2178275 25 0 553 1.1114087 -0.11468448
72 437.33931 158.09315 0.68191093 0.012241133 -0.055303811 25 0 57756 139.81744 -5.3639034
73 476.59196 161.60102 0.66304168 -0.72018348 0.17205576 25 0 481 1.2652287 -0.25542261
74 257.89987 162.24381 0.69574715 0.0032414087 0.043578808 25 0 755 1.6688106 -0.55601762
75 204.86055 165.85561 0.68709255 0.18233736 -0.063583945 25 0 819 1.7469198 -0.6056824
76 215.59519 171.6439 0.65878731 -0.48450708 0.21885699 25 0 1012 2.221304 -0.86651998
77 277.47275 170.75247 0.69765594 -0.25762762 -0.068335058 25 0 2042 4.5509346 -1.6452515
78 397.58055 170.32911 0.60759148 0.46881175 0.1291123 25 0 517 1.2619083 -0.25256951
79 204.09045 174.21031 0.78249859 -0.051715264 0.039526823 25 0 2142 4.5082075 -1.6350097
80 6.9585005 178.86818 0.80859046 -0.052566489 -0.010172499 25 0 910 1.9354719 -0.71696717
81 472.50601 179.108 0.6963202 -0.31754629 -0.16340973 25 0 3046 7.3036754 -2.1588537
82 68.060833 180.37734 0.6738812 0.19853575 0.095840887 25 0 892 2.0745367 -0.79230283
83 166.33719 180.3194 0.66923124 0.27155828 0.041172865 25 0 2038 4.7582965 -1.6936288
84 462.52375 181.42325 0.55592045 0.34822217 -0.09087927 25 0 501 1.422475 -0.38261162
85 278.11681 182.98963 0.83042841 -0.31144339 -0.051197829 25 0 1620 3.2090458 -1.2659398
86 473.00994 184.12303 0.76014063 -0.36371642 -0.016676097 25 0 1155 2.6035306 -1.0389067
87 240.57088 185.72662 0.71134583 0.35691621 0.040493755 25 0 879 1.7817135 -0.62709469
88 122.95219 186.87938 0.79036723 -0.034333702 0.06072941 25 0 53767 119.94688 -5.1974724
89 172.65713 187.92255 0.60394714 -0.37644003 0.045710843 25 0 524 1.1904303 -0.18925996
90 472.11766 192.06894 0.81088106 -0.001111376 -0.019211152 25 0 493 1.147855 -0.14971755
91 506.36138 195.92229 0.65406833 -0.48800987 0.053470505 25 0 624 1.7879451 -0.63088547
92 219.59519 198.66383 0.5694938 0.15450143 -0.047396972 25 0 635 1.4265309 -0.38570293
93 118.06406 200.85839 0.73997498 -0.35725677 -0.030241272 25 0 802 1.6769697 -0.56131302
94 16.137697 208.97895 0.76054158 -0.10071668 0.06392669 25 0 2597 5.8761736 -1.9227365
95 65.916604 211.48379 0.83840264 0.29872578 0.17018526 25 0 665 1.2590581 -0.25011442
96 477.04105 212.00512 0.78918618 0.063038154 0.16252655 25 0 1499 3.5099534 -1.3632534
97 39.307444 213.48231 0.72931911 -0.38211663 0.10044733 25 0 2041 4.5259426 -1.6392726
98 377.71194 214.3571 0.77396624 -0.30137585 0.032487254 25 0 1905 4.1493058 -1.5449386
99 307.86829 216.15443 0.69861052 0.27717666 0.37565361 25 0 856 1.8878091 -0.68989516
100 202.16053 217.99449 0.80984721 0.21438868 0.038983222 25 0 1392 2.7718015 -1.1069053
101 291.34803 223.23918 0.63629282 0.17354042 -0.0081822791 25 0 3241 7.9768074 -2.2545728
102 403.48043 225.21855 0.72820407 -0.39868942 -0.11672729 25 0 4919 11.053037 -2.6087041
103 473.65222 225.82625 0.72384216 0.048231806 -0.037010893 25 0 16372 38.179713 -3.9545817
104 378.51086 227.5627 0.64238401 -0.67916056 0.022355381 25 0 1022 2.4020491 -0.95145469
105 231.93307 233.99046 0.72138113 -0.0026799462 -0.031377898 25 0 983 2.176222 -0.84425798
106 291.96057 234.94276 0.82400629 0.16704878 -0.083439346 25 0 1175 2.3750829 -0.93919692
107 482.90916 237.42333 0.70612663 -0.071024058 0.146191 25 0 2149 5.1478817 -1.7790714
108 82.260029 238.44644 0.79255373 -0.077145385 0.18242865 25 0 540 1.0437386 -0.046479402
109 479.75956 250.78061 0.73983968 0.13566177 0.04564007 25 0 8977 20.777679 -3.2939926
110 255.59401 251.55349 0.62503466 0.30045367 0.057294684 25 0 5013 12.473317 -2.7399549
111 27.870019 252.72595 0.76133089 -0.019212955 0.048916233 25 0 1260 2.8025717 -1.1188918
112 317.55988 253.93658 0.70335207 0.12621591 -0.045549939 25 0 576 1.2353486 -0.2294738
113 383.06554 260.25316 0.72108871 -0.29346131 -0.0094354829 25 0 449 1.0328251 -0.03506701
114 156.18434 261.93772 0.59262081 0.17850289 0.058639741 25 0 487 1.1249293 -0.12781311
115 84.769043 272.44902 0.66409066 0.18207233 0.21999118 25 0 1539 3.5883404 -1.3872341
116 141.24187 274.16372 0.65112564 0.20252223 0.072463511 25 0 485 1.0747237 -0.078242066
117 99.002776 281.69007 0.79332825 0.20355347 0.0043222722 25 0 1046 2.2289368 -0.8702444
118 399.44194 283.75399 0.70399763 -0.4321236 -0.044451546 25 0 6144 14.3277 -2.8904412
119 11.15575 285.11286 0.75924032 -0.084733876 0.060386283 25 0 535 1.1451025 -0.1471109
120 212.12807 285.12308 0.92420955 -0.12544408 -0.09127333 25 0 1774 3.3629192 -1.3167911
121 118.83157 286.64188 0.68314882 -0.10331291 0.28658829 25 0 1303 2.9625368 -1.1791594
122 90.532623 286.6321 0.58189134 0.43083855 0.060943788 25 0 1168 2.9115165 -1.1602981
123 505.05868 288.59058 0.70503322 -0.024551529 0.33107299 25 0 787 2.0666981 -0.78819261
124 373.64388 288.59545 0.74487944 0.46194113 0.21731276 25 0 523 1.2053287 -0.20276374
125 43.188381 291.68683 0.61587472 -0.048166005 0.30048008 25 0 495 1.1571849 -0.15850692
126 188.01824 296.07065 0.74920768 -0.31451017 -0.077651879 25 0 698 1.466427 -0.41565109
127 102.33288 302.13961 0.66782911 -0.1203278 -0.14453948 25 0 1535 3.6857243 -1.4163071
128 450.20177 301.7612 0.86760206 -0.035107107 0.079006006 25 0 453 1.0374467 -0.03991452
129 6.8394341 306.38292 0.60462858 0.10798361 0.2265648 25 0 630 1.6051544 -0.51379201
130 477.77314 307.35297 0.76741971 -0.21570632 0.12383337 25 0 1165 2.832812 -1.1305444
131 245.91064 307.58837 0.76781616 0.062238673 0.034538441 25 0 1127 2.4680648 -0.98089139
132 165.16751 312.55668 0.61056912 0.26826033 0.19441164 25 0 3323 8.3459972 -2.3036956
133 25.642258 314.21284 0.52015464 0.12257776 -0.18001967 25 0 772 2.0749736 -0.79253145
134 41.19304 314.18667 0.71720959 0.03968906 -0.017362794 25 0 2620 6.1380999 -1.9700849
135 10.161322 324.4271 0.61838839 0.39909354 0.34199168 25 0 818 2.0388315 -0.77345336
136 357.30335 323.95244 0.65717451 -0.35106057 -0.37299135 25 0 634 1.6280197 -0.52914917
137 47.767835 331.47525 0.69949589 -0.22967153 0.16405167 25 0 5021 11.717515 -2.6720888
138 314.72985 331.32224 0.73220685 -0.097531522 0.2012644 25 0 703 1.6759514 -0.56065358
139 57.957713 332.44539 0.72362807 -0.064416381 0.18676389 25 0 13916 32.346826 -3.7745792
140 407.60476 331.24428 0.45350393 0.16512748 0.21969831 25 0 315 1.1428734 -0.14499527
141 291.1161 332.72759 0.74576309 -0.38766786 -0.13847445 25 0 1122 2.4952299 -0.99277642
142 104.19028 333.54196 0.765382 -0.28523076 0.2230083 25 0 1169 2.4665752 -0.98023592
143 387.98083 345.08021 0.71286571 0.12955425 0.12362463 25 0 887 2.2376782 -0.87449406
144 267.24572 348.95818 0.72734636 -0.063552748 -0.0016742613 25 0 6288 14.636916 -2.9136239
145 409.19421 350.06693 0.7102946 0.058792974 0.060195351 25 0 1247 3.1161091 -1.2340316
146 49.388226 351.37927 0.64493061 -0.35447286 0.015992457 25 0 783 1.7913821 -0.63297059
147 39.766699 351.68146 0.60027953 0.075893686 0.085716272 25 0 458 1.2296502 -0.22445395
148 21.971351 353.42674 0.65908146 -0.17273297 0.020995666 25 0 839 2.0555217 -0.78230517
149 325.98556 352.7121 0.74770464 0.092200287 0.11151058 25 0 30269 68.776159 -4.5935948
150 49.340624 355.19556 0.72266903 -0.9428904 -0.16460449 25 0 1333 2.9614315 -1.1787542
151 442.00607 359.86949 0.80230319 -0.036715281 0.029030631 25 0 2522 5.7404465 -1.8973642
152 253.49609 361.94533 0.68393616 -0.081784445 -0.133394 25 0 1639 3.825784 -1.4568011
153 305.51734 363.06379 0.66397952 -0.10783376 -0.15936268 25 0 2813 6.8496812 -2.0891759
154 455.17349 364.18349 0.75773649 -0.26940406 0.011713373 25 0 1264 3.1158815 -1.2339523
155 123.07173 364.83221 0.78734176 -0.11662278 0.048393681 25 0 6477 14.362987 -2.893112
156 166.2947 365.65582 0.76592542 -0.46519592 -0.0034376853 25 0 581 1.2288846 -0.22377775
157 50.200126 367.81451 0.82178276 -0.19491956 0.1425788 25 0 615 1.2611858 -0.25194772
158 30.59739 371.64969 0.61133096 -0.070595701 -0.21831269 25 0 690 1.699629 -0.57588531
159 393.52617 377.39475 0.52591364 0.24246553 -0.040698976 25 0 2714 7.6537619 -2.2096874
160 102.34275 379.01018 0.71139877 -0.12782471 -0.080098873 25 0 3979 9.3820944 -2.4307495
161 147.97391 380.55779 0.67000077 0.21645698 0.23425129 25 0 662 1.5802006 -0.49678059
162 254.90339 381.88797 0.72926897 0.063812939 0.058352879 25 0 760 1.7338607 -0.59753549
163 511.13132 382.51756 0.82079612 0.42912519 0.55473086 25 0 424 1.036074 -0.038476897
164 127.81488 383.8327 0.79917748 0.30800113 0.10632026 25 0 474 1.0311613 -0.033316552
165 32.497847 385.03804 0.71712677 -0.34966087 -0.052120434 25 0 1047 2.4093827 -0.95476449
166 172.04691 384.83494 0.79432249 -0.11094239 0.023303002 25 0 1826 3.9687878 -1.4966447
167 482.83117 386.52107 0.71643913 0.1871512 0.19172587 25 0 2554 6.2374115 -1.987511
168 87.789007 390.06878 0.76721295 -0.029777819 0.057108952 25 0 739 1.7390019 -0.60075012
169 274.03508 394.56055 0.73311352 0.0099587862 0.16164605 25 0 8632 19.697979 -3.2360541
170 404.49884 396.52422 0.69627524 -0.47135774 -0.21092097 25 0 543 1.4184147 -0.37950805
171 303.10874 401.97945 0.80948674 0.29305957 0.13819428 25 0 884 1.9770479 -0.740043
172 440.05035 401.18917 0.66723406 -0.1881986 0.43166339 25 0 444 1.3210313 -0.30228278
173 30.887135 406.17768 0.76768731 -0.23004573 0.21420169 25 0 1132 2.5665823 -1.023388
174 300.50412 405.7154 0.73817387 -0.38225062 -0.090135813 25 0 1952 4.3712791 -1.6015214
175 132.49113 411.33744 0.6941159 -0.34883422 0.025137928 25 0 869 2.0394276 -0.77377073
176 156.54153 412.77512 0.69910209 0.079855116 -0.053899958 25 0 2284 5.3629444 -1.8235082
177 9.3343871 416.3379 0.6033328 0.1642341 0.039640506 25 0 1117 2.9551231 -1.1764389
178 207.42697 430.74002 0.67905686 -0.39151294 -0.088763315 25 0 2243 5.4126572 -1.8335263
179 180.94086 431.61052 0.71267178 0.36642457 0.21887633 25 0 1175 2.748323 -1.0976694
180 280.57257 433.90157 0.76233482 -0.13313307 -0.11891479 25 0 1122 2.4880975 -0.98966848
181 393.21194 435.72839 0.77502165 -0.13110671 0.057757713 25 0 3648 8.281912 -2.2953265
182 293.49348 438.33897 0.51606698 0.34272199 0.14808522 25 0 813 2.3092994 -0.90870059
183 139.82215 440.43027 0.677249 0.25554467 0.23149499 25 0 13679 32.699066 -3.7863384
184 359.67966 453.93654 0.76385916 0.044224038 -0.12387815 25 0 728 1.8548177 -0.67075306
185 484.01409 454.80529 0.77522722 0.032715626 0.088777217 25 0 361 1.1457752 -0.14774857
186 410.79166 458.81747 0.74739552 -0.042598045 0.04321899 25 0 1466 3.6416006 -1.4032308
187 104.9197 460.11448 0.79685261 -0.12198064 0.061516422 25 0 7311 16.177636 -3.0222877
188 197.92374 461.16936 0.72844555 -0.19167913 0.048267757 25 0 1325 3.1796653 -1.2559535
189 476.44161 462.3318 0.492702 0.29288292 0.040016029 25 0 58309 162.9177 -5.5299207
190 13.811825 464.68129 0.8068465 0.059052731 0.081022437 25 0 1155 2.4536845 -0.97454681
191 259.55146 469.17203 0.72864453 -0.38890312 -0.11262349 25 0 5392 12.5111 -2.7432387
192 477.81574 469.89211 0.80357707 -0.39478508 -0.033595028 25 0 485 1.310803 -0.29384361
193 309.61917 472.38669 0.73091155 -0.39794704 0.068757398 25 0 3203 7.3568199 -2.1667253
194 162.92154 473.08147 0.82848496 -0.40536462 0.089944742 25 0 482 1.097793 -0.10130115
195 387.08373 477.39458 0.56385008 -0.034943421 0.086791533 25 0 294 1.062365 -0.065684413
196 187.71694 478.51518 0.58522684 0.19275021 0.14725975 25 0 713 2.0629077 -0.7861995
197 112.65373 483.97162 0.75020317 -0.065532405 0.037070073 25 0 1155 2.6607915 -1.0625271
198 288.68901 493.33946 0.7254253 -0.021174212 0.10141144 25 0 406 1.1453694 -0.14736399
199 164.7234 500.36565 0.62052641 -0.098397527 0.26866439 25 0 480 1.3285971 -0.30848324
200 210.10418 500.77996 0.89713617 -0.19487604 0.095919484 25 0 544 1.1385429 -0.14087347
201 165.77734 504.31342 0.57493545 -0.14270474 -0.071308089 25 0 659 1.8833312 -0.68731674
202 212.03971 507.98031 0.80664929 -0.011851476 -0.013271864 25 0 1088 2.414734 -0.95717325
203 86.731271 510.84392 0.81113404 -0.7171836 -0.62140098 25 0 570 1.271725 -0.26098299
204 284.5931 510.83834 0.89049245 -0.17997936 -0.35097628 25 0 1199 2.4626355 -0.97850033
