id xcentroid ycentroid sharpness roundness1 roundness2 npix sky peak flux mag
1 308.81559 0.79794639 0.58825542 0.49957972 -0.22897926 25 0 593.73089 2.5666096 -1.0233995
2 440.18276 4.0988945 0.64925195 0.52483451 0.0005465236 25 0 460.44577 1.8061991 -0.64191403
3 120.44938 8.1153496 0.53435413 0.13604507 -0.17492131 25 0 378.15391 1.7615869 -0.61476016
4 35.572179 10.268312 0.64234019 -0.053523127 -0.13808415 25 0 11750.459 46.235668 -4.1624428
5 346.20594 9.3519661 0.50267146 -0.20635001 0.090421497 25 0 501.18051 2.3761387 -0.93967949
6 419.66445 12.696089 0.67361031 0.52242384 -0.24139013 25 0 574.83031 2.163702 -0.83799362
7 478.90555 12.422434 0.56821237 0.59439738 0.088152958 25 0 19347.827 80.289607 -4.7616483
8 436.76623 14.031302 0.57858211 0.041226393 -0.15275471 25 0 198.66266 1.0072638 -0.0078580817
9 345.12648 17.761771 0.58410414 0.24652227 0.27030773 25 0 220.28455 1.0847238 -0.088297922
10 224.55268 27.931192 0.6781794 -0.054355552 -0.29011973 25 0 287.29011 1.0650368 -0.06841158
11 365.48235 30.984636 0.5746636 -0.070887872 -0.11783284 25 0 425.43658 1.8047608 -0.64104911
12 465.08999 30.959419 0.75082005 -0.035885692 -0.061431294 25 0 391.64035 1.4465082 -0.40080226
13 138.15782 33.717744 0.58353509 0.53144195 0.029839667 25 0 351.64567 1.5393241 -0.46832515
14 124.79364 37.902209 0.80569629 0.15455612 -0.1824139 25 0 554.77728 1.8483864 -0.66698191
15 197.88121 38.90678 0.64128652 0.57293768 -0.093677337 25 0 1037.581 4.1939753 -1.5565647
16 217.33422 39.67231 0.58051244 0.076886455 -0.078220564 25 0 1796.7148 7.443083 -2.1793822
17 358.09567 40.91015 0.58709839 0.2941673 0.051194518 25 0 406.40998 1.7502645 -0.6077592
18 77.460106 42.106726 0.57412426 -0.29046557 -0.13088411 25 0 439.47517 2.0333696 -0.7705408
19 335.90532 41.827077 0.30458098 0.61307138 -0.090462648 25 0 58771.73 316.08919 -6.2495241
20 122.53265 44.066499 0.6697255 0.13347563 -0.20265081 25 0 4304.7532 16.224279 -3.0254135
21 411.53122 45.29864 0.60840087 0.53467613 -0.25494639 25 0 781.02115 3.2321233 -1.2737198
22 258.35032 50.703784 0.55267435 0.32775299 -0.029324333 25 0 281.08313 1.2903371 -0.27675799
23 481.98905 51.327017 0.56376586 0.288589 -0.087850995 25 0 639.96026 2.8338421 -1.1309391
24 305.48024 52.333786 0.59556408 -0.01215591 -0.13144694 25 0 1167.9511 4.7106868 -1.6827106
25 153.59385 57.262894 0.44065836 -0.060456604 -0.60331096 25 0 186.25005 1.0129604 -0.013981221
26 454.5464 58.990701 0.59737948 0.17080009 -0.17146525 25 0 1261.3995 5.2611289 -1.8026974
27 8.7896367 62.948185 0.83975383 0.024894274 0.077800972 25 0 457.5658 1.7205595 -0.58917421
28 42.656798 65.276275 0.59864664 0.29520783 -0.1464722 25 0 534.9628 2.3682061 -0.93604873
29 65.774074 64.971625 0.56069818 -0.19578762 0.01949373 25 0 380.07259 1.8034689 -0.64027164
30 444.21115 65.849101 0.62578771 0.22469524 0.0052426236 25 0 1326.0777 5.4406217 -1.8391213
31 482.87299 66.448393 0.47547399 0.63710783 -0.21875331 25 0 236.48624 1.3422439 -0.31957861
32 9.0509742 66.978434 0.63740864 -0.29180167 -0.056087699 25 0 432.16467 1.9862247 -0.74507092
33 123.74962 66.750324 0.54446415 0.010830951 -0.048244429 25 0 286.98777 1.4095151 -0.37267436
34 66.891513 69.99033 0.67063759 0.096660626 -0.099170922 25 0 1534.6942 5.9704396 -1.9400158
35 479.96406 74.379909 0.63979979 0.52761336 0.035867271 25 0 805.21967 3.1346212 -1.2404627
36 361.90962 78.496214 0.62919271 0.30981666 0.053124019 25 0 2691.5469 10.588585 -2.5620949
37 130.78638 81.852338 0.65609632 0.11662509 -0.090846847 25 0 376.07471 1.4881691 -0.43163073
38 103.09967 85.425939 0.79647688 0.61559501 0.072295148 25 0 582.51703 1.9515047 -0.725924
39 502.40212 85.249034 0.67366547 0.47487229 -0.11540259 25 0 19221.858 73.771415 -4.6697203
40 156.10548 85.455182 0.4993679 0.58557231 -0.28485269 25 0 265.91471 1.3442924 -0.32123439
41 166.40138 92.132551 0.45571777 0.51656695 -0.28282356 25 0 320.59842 1.6413663 -0.53801377
42 295.00294 92.723259 0.62648236 0.12172746 -0.21581413 25 0 999.25608 3.9532329 -1.492381
43 298.89259 94.46879 0.55182128 0.10065006 -0.090963122 25 0 1018.9746 4.3357868 -1.5926698
44 197.27208 95.539406 0.53552887 0.097788373 0.021280882 25 0 1177.9394 5.1047558 -1.7699374
45 126.81975 99.333135 0.65533931 -0.46703071 -0.25856042 25 0 329.16131 1.2475865 -0.24017663
46 463.0504 99.041516 0.46057642 0.8270917 -0.092175469 25 0 246.57255 1.3685783 -0.34067416
47 64.808464 99.890474 0.64386967 0.20152751 -0.11601891 25 0 3650.3287 14.5185 -2.9048043
48 307.96568 101.94299 0.58072809 0.32620107 0.13592229 25 0 195.46158 1.0452109 -0.048009785
49 500.67124 105.28448 0.64946478 0.10609505 -0.057782803 25 0 1883.3949 7.3953313 -2.1723941
50 343.62618 110.86711 0.68610272 0.42267868 -0.12451474 25 0 508.17928 1.9931037 -0.74882474
51 230.27332 112.86798 0.57140626 0.15290138 -0.15029553 25 0 13126.27 55.190822 -4.3546672
52 247.68883 112.90727 0.60097985 0.36932768 -0.052653871 25 0 811.07871 3.2370891 -1.2753866
53 257.6706 114.39314 0.57681982 -0.1171172 -0.04943368 25 0 1423.2677 5.808166 -1.9100976
54 314.3666 114.08967 0.62998013 -0.015987171 -0.1452599 25 0 961.42181 3.9540642 -1.4926093
55 109.1874 116.42741 0.63795242 0.35765146 -0.041584007 25 0 349.90391 1.2743344 -0.26320851
56 209.93207 116.14224 0.69061496 0.010085897 -0.31743362 25 0 449.10007 1.6096963 -0.51685984
57 459.77291 115.62083 0.57724233 0.18327759 -0.20335405 25 0 319.17873 1.4571274 -0.40874381
58 503.52197 115.92033 0.55617952 -0.14212191 -0.32320726 25 0 262.63623 1.2471455 -0.23979277
59 164.44297 117.36548 0.58766399 0.59546985 0.001274826 25 0 310.9075 1.2815697 -0.26935559
60 61.878005 117.92585 0.62012805 0.0187997 -0.14749355 25 0 464.90015 1.928081 -0.7128132
61 161.63178 119.50294 0.60607278 0.67671022 -0.034595954 25 0 1549.0918 6.0915158 -1.9618134
62 489.70158 119.68592 0.52701682 0.39501529 0.0478575 25 0 323.90838 1.5675945 -0.48808432
63 185.59917 125.00503 0.69857111 0.15749069 -0.21809115 25 0 1606.4792 5.9002745 -1.9271805
64 16.814385 126.60203 0.68232326 0.64136676 0.052006168 25 0 1062.0999 4.1798611 -1.5529046
65 263.17011 128.22017 0.46591873 0.1759803 0.42460947 25 0 287.09546 1.2841683 -0.2715549
66 405.66761 136.31109 0.58796891 0.53436574 -0.24538683 25 0 8669.6399 34.943622 -3.8584198
67 308.44097 142.04034 0.58902265 0.19076555 -0.22007867 25 0 2301.9166 9.4620413 -2.4399621
68 24.161219 142.9736 0.63494127 0.33716429 0.027642402 25 0 669.64746 2.7825453 -1.1111056
69 7.2039976 147.07247 0.73900959 0.22840993 -0.1414882 25 0 590.24793 2.2850727 -0.89725004
70 493.75329 148.31841 0.64596568 0.097025343 -0.0078796399 25 0 6659.7161 26.097945 -3.5415158
71 106.83755 156.53126 0.52279942 0.15912203 0.026652495 25 0 365.87169 1.6299805 -0.53045603
72 395.44018 157.95455 0.63387827 0.23685082 -0.23248978 25 0 40536.364 155.69269 -5.4806705
73 434.66927 161.28666 0.61064462 0.25754738 -0.1478864 25 0 408.72827 1.7321465 -0.59646153
74 215.75916 161.92901 0.58898577 0.2649192 -0.055386409 25 0 396.60571 1.6184837 -0.52277084
75 162.89106 165.50334 0.61671898 0.23134732 0.018921899 25 0 1527.8903 5.941449 -1.9347309
76 42.784415 169.16649 0.53795874 0.14008112 -0.21762443 25 0 288.37467 1.4866752 -0.43054022
77 235.68229 170.37293 0.55430971 0.69088411 -0.22491341 25 0 1233.5141 5.2432138 -1.7989939
78 355.71456 170.15407 0.51376495 0.10481464 -0.27113812 25 0 351.95637 1.6025714 -0.51204348
79 487.83783 169.64901 0.59791085 0.48017744 0.014658646 25 0 5256.4979 21.665276 -3.3394106
80 173.54685 171.221 0.67253433 -0.010367313 -0.17613328 25 0 762.15313 2.7511392 -1.0987814
81 423.00456 172.25956 0.74005306 0.44549471 -0.046845076 25 0 291.47986 1.0051339 -0.0055598065
82 162.1272 173.71137 0.56544871 0.27152282 -0.11115124 25 0 1209.3012 5.081896 -1.7650644
83 430.6491 179.01114 0.62600148 0.19677552 -0.13162685 25 0 2366.3038 9.5144299 -2.4459569
84 26.185003 179.68725 0.60475189 0.22870101 -0.070614627 25 0 617.691 2.7144884 -1.08422
85 124.43481 179.73918 0.53383203 0.22738991 -0.057309049 25 0 1211.782 4.8435215 -1.7129031
86 420.69481 181.19902 0.59884093 -0.006060173 -0.36547681 25 0 457.78298 2.1483771 -0.8302763
87 492.403 180.69002 0.66867256 0.64128554 -0.1929979 25 0 548.7233 2.1276954 -0.81977364
88 236.25714 182.74111 0.52357968 0.65671685 0.097647408 25 0 736.33101 3.226418 -1.2718016
89 431.12812 184.02288 0.65604889 -0.001518617 -0.024424404 25 0 772.78342 3.0709016 -1.2181647
90 198.79869 185.36097 0.54838746 -0.16524948 -0.17531771 25 0 493.17806 2.0152656 -0.76083074
91 80.923156 186.33138 0.66440777 0.23883925 -0.0098582265 25 0 34624.846 133.86453 -5.3166638
92 130.65075 187.08884 0.7331176 0.91358299 0.53685199 25 0 313.42358 1.1603879 -0.16150799
93 430.28049 192.01293 0.86376667 0.040115471 -0.50414993 25 0 409.78351 1.344907 -0.32173064
94 464.48484 195.88889 0.67540032 0.06070902 -0.2068859 25 0 506.23469 2.0947262 -0.80281816
95 177.57182 198.24574 0.55558436 0.069057341 -0.27750807 25 0 440.99445 1.7783528 -0.62504483
96 208.41701 199.28159 0.60071458 0.32259823 -0.10601458 25 0 245.99468 1.0201166 -0.021624558
97 75.989272 200.25871 0.81289783 0.6194828 -0.0028842857 25 0 566.14866 1.903469 -0.69886451
98 415.60621 200.27921 0.46923015 0.3591072 0.071605129 25 0 224.89079 1.1929256 -0.19153336
99 479.08549 201.89705 0.61305367 0.1335336 -0.24256029 25 0 501.32391 2.2837707 -0.89663126
100 510.92105 205.42219 0.83279848 0.34403893 0.38319057 25 0 521.22999 1.8518359 -0.66900627
101 21.862777 209.37335 0.56193564 0.49517272 -0.580098 25 0 313.99272 1.3593559 -0.33333292
102 23.976155 210.8127 0.59044459 0.69247806 -0.11608823 25 0 334.61573 1.3062898 -0.29009887
103 435.17899 211.83777 0.58809129 0.17855055 -0.15427846 25 0 862.36961 3.6403871 -1.4028689
104 335.88716 214.08722 0.65248964 0.10054549 -0.12700361 25 0 1352.3662 5.3648266 -1.8238892
105 266.06806 216.11014 0.54756263 0.013959602 -0.12564205 25 0 530.74607 2.3647327 -0.93445513
106 160.18813 217.49775 0.61692906 0.40859472 0.0029210926 25 0 771.50711 2.9352234 -1.1691029
107 503.52002 217.87559 0.61201999 -0.60379461 -0.27123874 25 0 225.29506 1.0197082 -0.021189727
108 229.85779 220.89212 0.4130156 -0.065602038 -0.18193395 25 0 181.27448 1.0352426 -0.037605362
109 489.05239 220.50623 0.56071592 0.38650307 0.07626731 25 0 3498.5161 14.890197 -2.9322511
110 249.43707 222.83694 0.61621528 0.33040884 -0.25266082 25 0 2164.8111 8.4304046 -2.314621
111 361.63495 224.97263 0.61307715 0.24496568 -0.12270791 25 0 3560.9191 14.316428 -2.8895867
112 431.81072 225.62902 0.57003399 0.46383151 -0.011921459 25 0 10734.362 45.175718 -4.1372627
113 336.53592 227.32501 0.56736634 -0.41548913 -0.22842587 25 0 787.7289 3.2892533 -1.2927433
114 501.1638 227.62069 0.67745932 0.99484669 0.36927182 25 0 241.40521 1.0527283 -0.055790763
115 190.02385 233.71548 0.53582082 0.53525603 0.16926032 25 0 501.39695 2.1413715 -0.82673006
116 249.91238 234.54468 0.53359132 0.28627353 0.13176302 25 0 567.74948 2.5704223 -1.0250112
117 440.96646 237.15511 0.58531895 0.22466789 -0.10888057 25 0 1487.4693 6.2388089 -1.9877542
118 40.237488 237.79472 0.53744319 -0.13766217 0.014588137 25 0 300.29664 1.5686922 -0.48884438
119 213.65801 251.12898 0.60748438 0.16428562 -0.15875045 25 0 3985.0066 16.113138 -3.0179503
120 437.89451 250.49482 0.52527632 0.46866708 0.068969956 25 0 5186.876 22.438898 -3.3775038
121 275.63939 253.31543 0.42169538 0.74599774 0.13709106 25 0 195.92694 1.0027764 -0.003010229
122 341.26286 259.97997 0.57458505 0.38775455 0.2434844 25 0 361.22596 1.7022738 -0.57757356
123 42.775178 271.87874 0.63073724 0.35952049 -0.12119576 25 0 1306.0334 5.3787327 -1.8266999
124 99.120137 273.25002 0.70203888 0.27789573 0.21738615 25 0 322.74594 1.2366762 -0.23064001
125 57.084985 280.98377 0.73341099 0.32058906 0.050201045 25 0 710.92301 2.6261371 -1.0482935
126 357.49608 283.39377 0.57809728 0.5295054 -0.13009829 25 0 3915.4728 15.874942 -3.0017804
127 170.19384 284.69595 0.55023473 0.29834468 -0.10069274 25 0 660.49275 2.8638196 -1.1423642
128 48.427864 286.01544 0.63558885 0.25783361 -0.2512404 25 0 982.73902 3.8169239 -1.4542837
129 76.87051 285.7437 0.6442591 0.38451793 -0.011477789 25 0 1005.2004 3.9810712 -1.4999999
130 331.64 288.24753 0.56690265 -0.14266453 -0.38903558 25 0 331.18617 1.4117032 -0.37435851
131 463.21708 288.12751 0.5108747 0.076532239 -0.16898541 25 0 523.11548 2.4012297 -0.95108426
132 1.2143013 290.9759 0.61026573 0.21793591 -0.082546776 25 0 353.13131 1.5046429 -0.44358362
133 146.12581 295.18807 0.44313357 0.786077 0.26138206 25 0 322.94729 1.4777503 -0.42400261
134 60.373302 301.45794 0.6420764 0.59307631 -0.056140598 25 0 932.7205 3.3630468 -1.3168323
135 408.1082 301.55013 0.67781899 -0.073539986 -0.50491388 25 0 337.63534 1.3144827 -0.29688715
136 203.95807 307.14323 0.64066217 0.53795444 -0.13491063 25 0 723.66844 2.8039068 -1.119409
137 435.86037 307.00597 0.63853217 0.24068402 -0.070999831 25 0 934.56623 3.845865 -1.4624851
138 123.09372 311.88077 0.62380234 0.32712288 -0.10654399 25 0 2980.0008 12.058269 -2.7032124
139 44.871874 315.7565 0.60129655 0.44007244 0.017031386 25 0 290.0199 1.1807419 -0.18038746
140 172.59374 321.24663 0.54958806 -0.14825348 -0.45035643 25 0 279.82808 1.0970831 -0.10059884
141 315.6048 323.42785 0.47562768 0.37352301 -0.00023045922 25 0 348.01736 1.5409874 -0.46949772
142 5.7138941 330.73335 0.67306072 0.49555347 -0.090279274 25 0 4037.7777 15.399424 -2.9687612
143 272.89221 330.83473 0.60513645 0.223425 -0.36212836 25 0 373.82615 1.4073299 -0.37098981
144 365.58522 331.35961 0.64823914 0.13614349 0.10241986 25 0 384.91541 1.4790925 -0.42498831
145 15.928635 331.68805 0.66842265 0.37556539 0.0017333832 25 0 10797.091 41.879518 -4.0550042
146 249.09258 332.43011 0.56617115 0.59675283 -0.11176586 25 0 647.84883 2.5141693 -1.0009863
147 62.129507 332.9527 0.62094433 0.24611943 -0.06284143 25 0 875.94457 3.4319006 -1.3388368
148 474.05014 338.78539 0.54142067 0.53538047 0.42474372 25 0 734.67416 2.924994 -1.1653124
149 245.23851 342.06926 0.72091728 0.10679774 -0.024211427 25 0 339.18075 1.2081851 -0.20533366
150 346.05439 344.83312 0.62231662 -0.17249044 -0.23869692 25 0 620.2169 2.489373 -0.99022492
151 225.18418 348.54724 0.5954206 0.6187247 0.039388178 25 0 3866.1369 15.278335 -2.9601901
152 367.29719 349.84894 0.63559735 0.19181825 -0.15851269 25 0 862.12533 3.3088945 -1.2992073
153 478.90071 350.33063 0.43214595 -0.38318362 0.098065014 25 0 231.77809 1.0713675 -0.074846212
154 7.2152767 350.68908 0.62369359 -0.1592265 0.14406033 25 0 631.16872 2.3582239 -0.93146258
155 284.08604 352.48546 0.601978 0.42089238 -0.0062218678 25 0 19151.329 75.933614 -4.7010852
156 7.4545574 354.68095 0.67116444 0.55805338 0.22085503 25 0 981.21677 3.5569317 -1.3776888
157 428.90378 354.67802 0.35038915 -0.19530865 -0.1165738 25 0 173.87421 1.0725838 -0.076078116
158 8.471014 358.02055 0.68134679 0.066733015 0.15551289 25 0 483.79128 1.7128637 -0.58430701
159 399.99216 359.49776 0.52648237 0.31179258 0.076162619 25 0 1362.8435 5.8391304 -1.9158704
160 211.47192 361.56026 0.58465857 0.74078222 -0.21761597 25 0 1037.526 3.99344 -1.5033679
161 263.54387 362.71085 0.612038 0.45710368 -0.12082086 25 0 2048.4792 8.0559638 -2.2652938
162 80.967064 364.11337 0.66405813 0.30765516 -0.10759695 25 0 4458.9183 17.093316 -3.0820658
163 413.27401 363.80996 0.61296083 0.40468855 -0.0056892883 25 0 897.21244 3.5718888 -1.3822448
164 124.3323 364.9239 0.6364222 0.2308384 0.028751509 25 0 396.26662 1.4462434 -0.40060349
165 484.91361 365.9718 0.67354488 0.14128002 -0.057230609 25 0 8409.0912 32.595861 -3.7829062
166 8.2198138 367.15666 0.59237775 0.10821232 0.012856443 25 0 440.20785 1.8417105 -0.6630534
167 351.49771 377.03498 0.60141308 0.11215091 -0.2418154 25 0 2705.5972 10.986937 -2.6021916
168 60.179521 378.32736 0.6636178 0.50206853 -0.028581272 25 0 3070.4994 11.671844 -2.6678487
169 106.03494 380.081 0.63513113 0.21456682 -0.22080276 25 0 529.46129 1.9905632 -0.74743994
170 212.90066 381.38417 0.54516034 0.61011411 -0.11858629 25 0 417.12639 1.7548651 -0.61060932
171 469.53163 382.4987 0.57606427 -0.66635494 0.095989314 25 0 503.66305 2.0763971 -0.79327605
172 85.799404 383.00358 0.57679462 -0.40049863 -0.21696713 25 0 324.26193 1.1874649 -0.18655194
173 130.02487 384.27946 0.63747856 0.27623397 -0.044684471 25 0 1276.6834 4.9174034 -1.7293396
174 440.8301 386.3428 0.66858609 0.093934417 0.032130038 25 0 2195.6561 8.3899931 -2.309404
175 470.27356 385.94661 0.63256122 0.060596156 -0.091555479 25 0 1871.6984 7.638409 -2.2075073
176 46.168352 389.21602 0.62872538 0.34455635 -0.59701951 25 0 421.51774 1.5634426 -0.48520484
177 232.05482 394.21428 0.65160808 0.29804365 -0.083212451 25 0 6721.3277 26.1105 -3.542038
178 362.52464 396.2849 0.63671562 0.36337491 -0.29614072 25 0 609.43067 2.2811103 -0.89536573
179 398.01321 401.33276 0.62213676 -0.108153 -0.20313712 25 0 484.02359 1.9230769 -0.70999162
180 261.41175 401.60517 0.46412425 0.25763625 -0.1344826 25 0 475.26331 2.0453171 -0.7769016
181 258.58163 405.41539 0.55781009 0.50963828 -0.14143164 25 0 1327.8443 5.4301602 -1.8370316
182 480.13531 405.61983 0.62026527 0.65390832 -0.016110735 25 0 426.18162 1.6488152 -0.54292997
183 90.368907 410.70563 0.68513307 0.67723036 -0.28769856 25 0 741.23977 2.5952989 -1.0354685
184 114.61712 412.15174 0.62265117 0.33160765 -0.2549297 25 0 1715.3451 6.6834134 -2.0624958
185 290.46978 422.23608 0.6129079 0.27859902 -0.076524576 25 0 332.9759 1.1921904 -0.19086402
186 171.33486 423.8511 0.56995761 -0.027065246 -0.33124063 25 0 326.83045 1.3578981 -0.33216793
187 200.24642 429.0853 0.73952194 0.15943429 -0.26936195 25 0 390.19374 1.2331874 -0.22757271
188 165.40112 430.17603 0.59899283 0.32569989 -0.21441211 25 0 1784.3535 7.2566094 -2.1518344
189 138.80707 431.09323 0.66813326 0.2088782 -0.030937689 25 0 981.28729 3.6680959 -1.4111017
190 387.40642 431.05255 0.50136037 -0.040731955 -0.32120522 25 0 270.33904 1.0700024 -0.073461929
191 180.37401 431.87303 0.49665356 -0.16478772 -0.31246419 25 0 236.69306 1.0648564 -0.068227629
192 497.73604 433.34857 0.43418867 0.37436789 -0.21972941 25 0 61013.125 247.79619 -5.9852366
193 238.57234 433.52838 0.53465878 0.88279307 -0.017563998 25 0 749.48182 3.0271542 -1.2025864
194 351.25517 435.45719 0.61599113 0.51724278 -0.040219545 25 0 2491.0329 9.8066611 -2.4788029
195 251.71447 438.05275 0.60200689 -0.08480578 -0.040720562 25 0 962.33984 3.6956566 -1.419229
196 97.715431 439.94914 0.6834674 0.25027447 -0.15763876 25 0 12836.985 49.178535 -4.229439
197 482.88444 440.42603 0.46938064 0.44282453 0.39927257 25 0 240.94148 1.029192 -0.031241046
198 469.59636 446.94203 0.56281192 0.37607079 0.13804667 25 0 259.12757 1.067416 -0.070834266
199 483.76531 449.96269 0.66317091 0.15299135 -0.043377692 25 0 2017.3473 7.8470607 -2.2367675
200 502.7567 451.15421 0.67789743 -0.38003135 -0.66625984 25 0 284.03667 1.0392279 -0.041776977
201 317.55882 453.66989 0.7106903 0.5326362 -0.1975485 25 0 558.21109 1.8799589 -0.68537091
202 441.83991 454.74824 0.74067298 0.32509829 -0.067654771 25 0 333.40079 1.0669619 -0.070372272
203 368.82515 458.54456 0.65209138 0.010126932 0.10912124 25 0 1111.4577 4.190505 -1.5556659
204 505.40855 457.79375 0.63108851 -0.37754923 -0.11452862 25 0 248.42799 1.0070206 -0.007595867
205 62.78686 459.48746 0.65095246 0.62322664 0.03481389 25 0 4550.6474 17.499942 -3.1075915
206 155.88564 460.679 0.67528284 0.58453121 0.058094018 25 0 1020.6014 3.6790615 -1.4143426
207 332.35065 461.23373 0.56544587 -0.21951075 -0.63800317 25 0 301.81915 1.2712196 -0.26055141
208 434.36753 462.11548 0.48329528 0.16548497 -0.1777683 25 0 60648.465 276.77162 -6.1053039
209 297.95801 462.70114 0.87582902 0.21529763 -0.083632574 25 0 364.15194 1.0278444 -0.02981842
210 51.9224 464.77079 0.41797708 0.3391358 0.52163069 25 0 211.67156 1.0958059 -0.099334057
211 217.49768 468.74938 0.67151191 0.37749422 -0.21746784 25 0 4025.5051 15.062148 -2.9447173
212 349.27748 470.48055 0.68537154 0.3598957 -0.065860891 25 0 594.33725 2.1066621 -0.80898723
213 435.53481 470.06188 0.74519233 -0.21834314 -0.012209791 25 0 453.32644 1.3615675 -0.33509795
214 267.59565 472.06984 0.69771607 0.037046861 -0.22252534 25 0 2882.8893 10.71757 -2.5752409
215 120.71988 472.57923 0.57116636 0.42949021 -0.11641325 25 0 385.62287 1.5397633 -0.46863491
216 344.92489 477.34373 0.63221639 -0.16102222 -0.19076397 25 0 384.71333 1.4262269 -0.38547157
217 145.59806 478.05498 0.69328929 0.1063794 -0.15808517 25 0 790.61785 2.792649 -1.1150409
218 70.544229 483.32737 0.59408277 0.67723757 -0.27802868 25 0 860.35906 3.4340808 -1.3395263
219 246.77398 493.04513 0.71496125 0.095324355 -0.15247186 25 0 475.15396 1.6638801 -0.55280507
220 504.02647 494.99928 0.52791418 0.65715676 -0.061380383 25 0 249.35181 1.0145858 -0.015721896
221 156.84725 496.87527 0.6886352 0.27701495 -0.088964374 25 0 351.54897 1.2758455 -0.2644952
222 122.76113 500.08663 0.63711313 -0.44319749 -0.3929482 25 0 511.74595 1.9343767 -0.71635265
223 167.96466 500.02291 0.75608761 0.085982624 -0.071018001 25 0 511.88116 1.6819178 -0.56451193
224 123.38328 503.87746 0.6413773 0.40019525 -0.33528666 25 0 654.93488 2.387589 -0.94489892
225 169.87503 507.55434 0.60057504 0.25553874 0.12019844 25 0 681.01118 2.6194159 -1.0455112
226 253.44932 510.52375 0.36193193 0.14113353 -0.2640545 25 0 277.72165 1.3148209 -0.29716649
227 44.214903 510.54092 0.72112613 0.18662502 -0.17662569 25 0 550.25564 2.0690068 -0.7894048
228 167.56782 510.85417 0.78799087 -0.35697843 -0.80939472 25 0 600.79871 2.1318854 -0.82190966
229 242.42249 510.60261 0.73410709 0.59050853 -0.41468485 25 0 972.90677 3.499949 -1.3601543
