id xcentroid ycentroid sharpness roundness1 roundness2 npix sky peak flux mag
1 253.08146 0.30011303 0.88035461 -0.42363925 -0.49465752 25 0 335.93711 1.22052 -0.21636228
2 357.92524 3.6303439 0.46398194 0.48995437 0.31034314 25 0 252.94051 1.3566442 -0.33116493
3 330.47686 6.0603463 0.67852593 0.55484963 -0.19103329 25 0 776.60267 3.1346135 -1.24046
4 339.61658 8.4554203 0.68818235 0.80544067 -0.0084052571 25 0 403.47804 1.6761771 -0.56079973
5 461.9369 9.188123 0.59657499 0.55316275 0.20516423 25 0 525.68537 2.361307 -0.93288112
6 142.42966 13.501884 0.48413364 -0.14220775 -0.045843199 25 0 431.07928 2.2502334 -0.88056893
7 367.98285 14.663557 0.65050418 0.53241637 0.10181905 25 0 876.75018 3.8634803 -1.4674468
8 57.53792 15.579224 0.55446246 -0.25299392 -0.024785081 25 0 11908.5 55.479649 -4.3603343
9 4.9026367 17.306778 0.71877774 0.16931056 0.12523778 25 0 6578.0327 27.637402 -3.603743
10 441.41235 17.626619 0.57925121 0.25045017 -0.0042908066 25 0 663.01659 3.0177625 -1.1992126
11 500.47973 17.498521 0.62924496 0.83970451 0.035949815 25 0 23519.368 99.946514 -4.9994191
12 458.71707 19.167852 0.53623282 0.66092452 -0.08423264 25 0 232.00642 1.1942553 -0.19274291
13 45.844438 20.969589 0.8459316 -0.30790901 0.19530678 25 0 267.91216 1.0100898 -0.010899918
14 367.15616 23.076515 0.91126139 0.54708034 0.4510054 25 0 391.59608 1.2578985 -0.24911401
15 50.971913 26.022714 0.56234657 0.6693165 0.36166282 25 0 184.61292 1.1110642 -0.11434784
16 10.674747 29.357711 0.69427968 0.42056188 -0.1098831 25 0 283.77957 1.293015 -0.27900892
17 245.96906 33.137848 0.61995833 -0.18353846 0.1401959 25 0 352.36084 1.4798074 -0.42551297
18 308.61556 33.801132 0.72430172 -0.41636969 -0.37003321 25 0 259.77886 1.1844921 -0.18383044
19 387.17071 36.07033 0.65952731 0.5252414 -0.0077357798 25 0 645.00029 2.8158948 -1.1240411
20 486.703 36.280989 0.63480587 0.30659286 -0.17654439 25 0 439.48429 1.9885714 -0.74635295
21 159.77995 38.946024 0.66973547 0.10415983 0.015560922 25 0 512.42874 2.3186375 -0.91308214
22 131.29084 43.187995 0.47654322 -0.32046044 0.17957966 25 0 172.25861 1.0388791 -0.041412477
23 146.53122 43.120597 0.7099853 0.062938625 -0.09568722 25 0 640.43092 2.5463583 -1.0147988
24 219.47115 44.209324 0.60968337 -0.048230857 -0.16682194 25 0 1113.4379 4.9631256 -1.7393882
25 239.00645 44.986672 0.71457844 0.34343628 0.02273643 25 0 2830.2409 11.608746 -2.6619633
26 452.08561 44.77314 0.62883514 0.37502625 0.2021793 25 0 338.1033 1.6376728 -0.53556787
27 379.79969 46.066066 0.59498197 -0.026351514 -0.065645107 25 0 585.69546 2.7523842 -1.0992726
28 99.453109 47.400296 0.68342204 0.63233314 -0.054423828 25 0 489.57342 1.9185925 -0.70745687
29 283.23512 47.37016 0.59624829 0.50670197 -0.020513097 25 0 275.11681 1.2649997 -0.25522603
30 357.59046 46.988417 0.32019504 0.38577282 0.093606683 25 0 58930.858 320.85485 -6.2657715
31 423.47618 46.686134 0.55398815 0.26524996 0.076136967 25 0 257.57099 1.2733025 -0.26232899
32 144.43399 49.292602 0.66567541 0.55369599 -0.022216736 25 0 5088.8594 21.367649 -3.3243919
33 187.40068 49.78509 0.72304929 0.37306863 -0.024970375 25 0 421.18003 1.6578563 -0.54886724
34 433.2436 50.354225 0.66936058 0.58029131 0.036473459 25 0 1029.7755 4.0886715 -1.5289556
35 78.02373 51.809179 0.62873941 0.42498095 0.43531903 25 0 277.58385 1.2588108 -0.24990117
36 266.44493 54.947993 0.64030573 0.07022955 -0.15639794 25 0 337.77256 1.4541982 -0.40655901
37 279.90851 55.990444 0.63170326 0.4042136 -0.24137652 25 0 389.77436 1.7562633 -0.61147406
38 433.94946 55.945506 0.69505638 0.93568483 0.18143969 25 0 291.67623 1.3783705 -0.34841494
39 503.61846 56.239192 0.61343631 0.042683767 -0.076678886 25 0 873.39047 3.9558725 -1.4931057
40 85.560546 56.760185 0.57633841 0.22279175 -0.25799707 25 0 303.40359 1.5974335 -0.50855695
41 327.28475 57.460755 0.60007959 0.69808701 0.12222115 25 0 1507.0458 6.8759165 -2.0933265
42 175.16434 62.335491 0.64047453 0.2870456 -0.17826503 25 0 274.17875 1.1027871 -0.10622919
43 476.29626 63.874988 0.62881841 0.26316696 0.04471263 25 0 1579.1668 6.9884338 -2.1109496
44 63.536321 65.445785 0.33517671 -0.24520988 0.14152717 25 0 188.70114 1.1152845 -0.11846418
45 30.564486 68.416462 0.65088693 -0.51714457 -0.063905105 25 0 410.24802 1.8117158 -0.6452252
46 382.61468 68.126976 0.66074846 0.16773002 -0.29676523 25 0 330.05013 1.5219613 -0.45600904
47 87.583329 70.253801 0.67574936 -0.10083758 -0.0050567491 25 0 399.56954 1.6302429 -0.53063079
48 64.490686 70.521549 0.65512035 0.48420925 0.036112682 25 0 659.25641 2.8957035 -1.1543852
49 202.31997 70.629597 0.40347208 0.19493494 -0.443629 25 0 204.93689 1.1006614 -0.10413436
50 465.96094 70.865238 0.67007585 0.28565218 0.044393446 25 0 1741.1693 7.534555 -2.192644
51 30.733855 72.309185 0.71116617 -0.30803932 0.095531812 25 0 480.41144 2.0232651 -0.76513196
52 145.29028 72.158954 0.51334919 -0.1848471 -0.46431014 25 0 326.70598 1.7299666 -0.59509433
53 504.64555 71.641097 0.60286678 0.46509159 0.030583112 25 0 432.33333 1.8793378 -0.68501215
54 451.2751 72.49439 0.57730587 0.16107786 0.19056638 25 0 553.32446 2.5264503 -1.0062769
55 88.717403 75.384346 0.62835957 -0.053676559 0.057861988 25 0 1597.5367 7.0506013 -2.1205654
56 346.80888 76.679584 0.51458973 -0.4524575 0.1568022 25 0 235.88724 1.2889573 -0.27559636
57 501.67351 79.422905 0.66360509 0.32552311 0.22700176 25 0 971.431 4.0089611 -1.5075796
58 383.74556 83.53232 0.65893236 0.60362898 0.096261153 25 0 3360.4225 14.044576 -2.8687716
59 4.0657659 86.689561 0.60170378 0.68007118 0.41964407 25 0 710.78166 3.5064241 -1.3621611
60 152.79803 87.064912 0.66980071 0.040397167 -0.02814604 25 0 516.56996 2.208807 -0.86039441
61 468.14905 88.765039 0.61031426 0.70070791 0.10453985 25 0 281.42613 1.3632727 -0.33645685
62 125.04496 90.535673 0.72475353 -0.0012561269 0.0211855 25 0 668.78021 2.6218111 -1.0465035
63 177.4066 90.737269 0.52607949 0.32018507 -0.37726212 25 0 297.40425 1.3090029 -0.29235155
64 266.39305 93.998438 0.88748282 0.23332575 0.18994338 25 0 322.64216 1.1487973 -0.15060847
65 187.9863 97.273614 0.5472533 0.38241352 0.32606786 25 0 459.2215 2.2010112 -0.85655564
66 316.72738 98.024424 0.59627519 0.05954556 -0.13616648 25 0 1257.244 5.6399644 -1.8781909
67 320.68499 99.727335 0.6507629 0.068862785 -0.037222101 25 0 1465.6391 6.1921815 -1.9796092
68 218.96779 100.89746 0.66218813 0.33213202 -0.037701464 25 0 1824.9191 7.8466758 -2.2367143
69 484.6871 104.30647 0.79380198 0.46283894 0.27492626 25 0 416.12539 1.601003 -0.51098035
70 86.642805 105.17481 0.68332588 0.068112641 -0.036235258 25 0 3902.4088 16.321719 -3.0319148
71 148.76736 104.73933 0.68621178 -0.12035977 -0.33808703 25 0 435.58545 1.8165115 -0.64809538
72 94.628257 106.58855 0.59834018 0.18149187 0.26168828 25 0 279.01084 1.4411222 -0.39675203
73 242.50141 106.19236 0.52970474 0.92382314 0.17107117 25 0 208.51479 1.0313765 -0.033543034
74 0.43112569 107.42411 0.39412022 0.078744015 -0.13572718 25 0 148.73988 1.0009798 -0.0010633256
75 329.58012 106.76679 0.67808088 0.13002751 -0.25715642 25 0 347.519 1.5079925 -0.44599795
76 365.4462 115.97678 0.6268496 0.176466 -0.075812268 25 0 619.60577 2.8030845 -1.1190905
77 252.00959 118.14688 0.67940467 0.30641971 0.058959174 25 0 19250.161 82.497083 -4.7910965
78 269.48182 118.10223 0.7070389 0.67064833 0.027111659 25 0 1107.7301 4.2526663 -1.5716533
79 336.11511 119.07003 0.71362326 0.44670142 -0.015007788 25 0 1378.9393 5.8076858 -1.9100078
80 279.57027 119.5564 0.61424814 0.79175458 0.080980313 25 0 1701.7295 7.4572882 -2.1814523
81 231.5655 121.47919 0.56673379 -0.16874866 0.13305819 25 0 467.71034 2.0622152 -0.78583494
82 481.31199 120.59123 0.50111568 0.64511096 -0.33796907 25 0 341.60454 1.8652704 -0.67685448
83 130.98136 121.9229 0.74016095 -0.064314437 -0.027694947 25 0 642.51727 2.6777005 -1.069405
84 186.01276 123.25586 0.68922785 0.2816845 0.29805528 25 0 434.46265 1.8241212 -0.6526342
85 83.861193 123.36982 0.62428522 0.48422154 0.11399638 25 0 588.52386 2.7105435 -1.0826409
86 183.40069 124.81894 0.62189135 0.051360899 -0.059036935 25 0 2053.7287 9.0896396 -2.3963667
87 510.89478 124.59254 0.73430673 0.4631072 0.60350771 25 0 275.26698 1.1427596 -0.14488724
88 16.011661 126.74772 0.6675011 0.16079906 0.09502366 25 0 546.29832 2.4736355 -0.98333925
89 207.34378 130.30367 0.66815558 0.66757582 0.0088918705 25 0 1754.1156 7.2977822 -2.1579772
90 38.628367 132.05668 0.69395155 0.015460719 -0.061981397 25 0 1355.06 5.7833418 -1.9054472
91 11.074817 132.63917 0.68307187 0.26029936 0.22210979 25 0 446.48387 1.8662052 -0.67739849
92 284.96871 133.28185 0.56340671 0.48580557 0.224597 25 0 413.23134 2.0042651 -0.75488789
93 504.68535 135.90611 0.67702008 -0.49846461 0.069567865 25 0 235.54116 1.0744439 -0.077959371
94 340.90834 138.19344 0.61156515 -0.68889217 -0.48404492 25 0 191.9049 1.066704 -0.0701098
95 301.99863 139.87355 0.58185298 0.1816683 -0.13422848 25 0 288.87308 1.4831198 -0.42794055
96 427.29019 141.41148 0.65369251 0.67116717 0.095804346 25 0 12280.354 52.09676 -4.2920268
97 415.731 144.68956 0.80085913 -0.071795407 0.45604044 25 0 268.70237 1.0752446 -0.07876814
98 330.13371 147.1143 0.66297766 0.31869087 -0.0080660991 25 0 3309.3681 14.286088 -2.8872833
99 45.996483 148.24789 0.70303479 0.29358438 0.089229955 25 0 876.11405 3.6699666 -1.4116553
100 125.70116 149.95289 0.54618421 0.58527209 -0.23335762 25 0 239.798 1.3653421 -0.33810367
101 29.064256 152.29264 0.60337838 0.3518066 0.18841624 25 0 711.54327 3.4895988 -1.3569387
102 128.83509 161.40493 0.52736369 0.64525066 0.22644744 25 0 438.90456 2.1915893 -0.85189791
103 417.28535 162.96007 0.65206833 0.28620777 -0.027160742 25 0 53882.184 232.7783 -5.9173562
104 287.94372 165.45298 0.47123545 -0.2014593 -0.41459166 25 0 174.53364 1.0923766 -0.09593093
105 237.59102 167.0994 0.6473629 -0.04435718 -0.1714778 25 0 509.28489 2.1050798 -0.80817142
106 456.67117 166.42987 0.58115158 0.89238435 0.152193 25 0 490.73752 2.2624551 -0.88644994
107 64.663519 174.38006 0.68958894 0.21210743 0.25887613 25 0 413.70401 1.8156051 -0.64755351
108 377.63624 175.11365 0.54508836 0.071703395 0.051435356 25 0 488.75227 2.3367461 -0.92152884
109 509.60424 174.73956 0.65472517 0.36383996 0.021661954 25 0 6657.6274 28.624967 -3.6418625
110 195.49324 176.31369 0.69328035 0.5438574 -0.026915891 25 0 1047.2679 4.3457469 -1.5951611
111 257.39228 175.56169 0.57314303 0.023546236 0.10137076 25 0 1609.4262 7.276133 -2.1547516
112 444.76786 177.60349 0.6913247 0.54466458 0.030744438 25 0 349.54521 1.4518023 -0.40476868
113 33.097945 178.45035 0.94241768 0.01904412 -0.012699503 25 0 334.3006 1.1870054 -0.1861317
114 183.96186 179.04118 0.67538531 0.20399664 -0.0099481932 25 0 1793.2736 7.5775515 -2.1988222
115 53.10507 180.1671 0.84129696 -0.076655806 -0.045725242 25 0 338.68019 1.310777 -0.29382201
116 452.53685 183.96937 0.6321671 0.097125629 -0.1751754 25 0 2740.9877 12.077166 -2.7049126
117 47.987184 185.06804 0.73225986 0.16433583 0.0095786327 25 0 938.26943 3.8727442 -1.470047
118 146.25751 185.01123 0.65384111 0.55731976 0.078590978 25 0 1958.9984 8.4275219 -2.3142497
119 442.46681 186.20838 0.70350353 0.40344283 -0.0025349231 25 0 666.49998 2.838728 -1.1328094
120 21.438927 187.4801 0.48726327 -0.48514236 -0.25172382 25 0 204.45929 1.093821 -0.097365611
121 258.11769 187.77223 0.66599676 0.34428452 0.086434477 25 0 1134.2794 4.7904947 -1.7009509
122 452.91207 188.98656 0.69336907 -0.011863909 -0.047397339 25 0 1090.7711 4.6375688 -1.6657259
123 220.6416 190.41333 0.62765871 0.70296897 0.082806163 25 0 661.17815 2.8792397 -1.1481945
124 357.48886 190.7569 0.71338912 0.3872925 -0.22968484 25 0 235.2316 1.0115385 -0.012456078
125 102.86508 191.5743 0.67132475 0.47595312 0.15886075 25 0 40731.279 173.26068 -5.59675
126 152.68568 192.98074 0.57440379 0.72603545 0.051820539 25 0 397.19864 1.8729831 -0.68133467
127 284.06271 196.48175 0.54829003 0.15438401 0.19165127 25 0 255.31737 1.221765 -0.21746918
128 451.9586 197.05661 0.71557215 0.11497915 0.2192785 25 0 441.84717 1.9764786 -0.73973029
129 486.36096 200.78493 0.69528103 0.45935614 -0.11076483 25 0 711.82927 3.0092671 -1.1961518
130 151.06203 201.89425 0.58046263 -0.23963387 0.27402613 25 0 267.03921 1.3102528 -0.2933877
131 413.25782 202.52273 0.40609162 0.89865496 0.17285533 25 0 247.32013 1.5307448 -0.46225701
132 199.51012 203.38457 0.61953715 0.25671447 -0.13692917 25 0 536.31045 2.2785632 -0.89415269
133 380.24661 202.81155 0.61478141 0.50090636 0.027439557 25 0 293.31539 1.3916465 -0.3588223
134 229.90606 204.78995 0.54945515 0.1080404 0.47212168 25 0 265.98367 1.1460994 -0.14805569
135 437.29002 205.41815 0.57530625 0.29664795 0.082542809 25 0 341.43558 1.6268744 -0.52838509
136 98.015982 205.79969 0.5724088 0.41152936 0.1637433 25 0 609.81615 2.9705633 -1.182097
137 178.64069 207.21977 0.55886929 -0.37274382 -0.19409535 25 0 211.53337 1.0265367 -0.028436168
138 500.7841 206.91201 0.69388173 0.085622555 -0.062037772 25 0 709.31196 2.9438878 -1.1723032
139 446.84122 209.39993 0.6779665 0.50656009 -0.016771338 25 0 280.27738 1.1722999 -0.17259678
140 43.909095 214.64099 0.49851033 -0.15630212 -0.15965331 25 0 302.18155 1.4487751 -0.40250244
141 45.789195 216.17247 0.60206008 0.59682883 -0.3397726 25 0 480.65475 2.313223 -0.91054377
142 366.35026 216.61234 0.44563684 0.39427593 0.538703 25 0 232.81912 1.3228159 -0.30374855
143 456.98833 216.92416 0.62808346 0.32924686 0.082330851 25 0 1185.5157 5.4762871 -1.8462155
144 19.173528 218.23311 0.70879839 0.49429154 0.062648228 25 0 2104.5343 8.959923 -2.3807607
145 357.59988 219.15536 0.67045641 0.029400163 -0.089761243 25 0 1583.6315 6.6437822 -2.0560385
146 287.75505 221.31826 0.62357145 0.2574506 -0.0022806387 25 0 695.11764 3.1915734 -1.2600121
147 182.10352 222.70946 0.61723003 0.50288571 0.049165352 25 0 976.32946 4.4566273 -1.6225158
148 251.55489 226.04843 0.51573619 -0.39107006 -0.58746036 25 0 217.5049 1.2245114 -0.21990706
149 471.94967 226.17491 0.64963072 -0.077915078 -0.19135132 25 0 272.70786 1.2439013 -0.23696484
150 510.63724 225.48346 0.7556919 0.61617355 0.32274129 25 0 4707.0476 18.71293 -3.1803545
151 271.22354 227.99167 0.66142087 0.31066918 0.016997583 25 0 3079.3101 13.242847 -2.8049534
152 16.665803 230.38821 0.77519648 -0.16218833 0.10243942 25 0 315.5721 1.2390327 -0.23270696
153 383.54129 230.02286 0.62918544 0.26413499 -0.14283422 25 0 4292.9535 18.614833 -3.1746479
154 453.58563 230.7714 0.63932954 0.47858662 -0.041815771 25 0 13898.416 60.130426 -4.4477357
155 289.53599 231.95422 0.77547631 -0.010873974 -0.21493095 25 0 274.12888 1.1867474 -0.18589575
156 358.51943 232.3571 0.63394595 0.47487264 -0.1068939 25 0 1025.7104 4.5856853 -1.6535106
157 211.75349 238.90353 0.63353694 0.1616864 -0.025530775 25 0 701.89218 3.1948806 -1.2611366
158 271.77873 239.72578 0.65242619 0.50172018 0.032313934 25 0 808.53062 3.594867 -1.3892071
159 462.7893 242.25366 0.65749598 0.22907616 0.088163039 25 0 2058.501 8.8633334 -2.3689927
160 62.0896 243.23362 0.67847843 0.29597516 -0.13103101 25 0 393.31808 1.536622 -0.46641759
161 48.387779 245.76481 0.69353965 -0.77042854 -0.5061542 25 0 306.28734 1.4424128 -0.39772394
162 235.47636 256.30646 0.65760536 0.65484941 -0.050453131 25 0 4688.7032 19.5679 -3.2288605
163 459.6842 255.63668 0.63414874 0.61655994 0.074793097 25 0 7187.9934 31.128392 -3.7328917
164 7.7440291 257.39914 0.63176197 0.094979072 0.1118839 25 0 945.99969 4.3112779 -1.586515
165 297.66275 258.65316 0.66502645 0.12253999 -0.038079004 25 0 462.6718 2.1343239 -0.82315084
166 363.15706 265.19089 0.64577641 0.66679311 0.14716755 25 0 374.62652 1.6512322 -0.54452034
167 136.10566 266.83088 0.60275965 0.063334589 0.31301633 25 0 349.35227 1.6496589 -0.54348538
168 17.854969 277.33591 0.70034596 0.24268833 0.40945387 25 0 313.22149 1.3765983 -0.34701808
169 57.950004 277.4271 0.73357148 0.18587342 -0.10173595 25 0 316.58472 1.3137867 -0.29631215
170 64.662999 277.24687 0.64891884 0.23226881 0.036005896 25 0 1507.9945 6.5810551 -2.0457388
171 121.19599 278.94511 0.70452642 0.31705638 0.18201792 25 0 346.73491 1.4133604 -0.3756323
172 246.77588 285.30289 0.57016347 0.082635216 0.1704121 25 0 294.06266 1.4070524 -0.3707757
173 78.968287 286.41765 0.61443339 0.36043147 0.12485043 25 0 760.96975 3.3404984 -1.3095282
174 379.34699 288.60622 0.62784498 0.81563156 0.17722373 25 0 4969.5288 21.046258 -3.3079372
175 192.0187 289.98235 0.64180767 0.21719192 -0.01814059 25 0 908.68527 4.0102272 -1.5079224
176 70.651713 291.4072 0.62519872 0.61230287 0.026614036 25 0 1166.0229 5.1656682 -1.7828163
177 98.796781 291.16632 0.67259862 0.13587492 -0.026593648 25 0 1298.1322 5.6956133 -1.8888512
178 353.74368 293.49782 0.61802769 -0.44736858 0.17121556 25 0 442.79047 1.908324 -0.70163028
179 484.96536 293.23628 0.63911942 0.095101927 0.16149468 25 0 752.35449 3.2997587 -1.2962055
180 23.119232 296.22331 0.59886095 0.28479981 -0.12653417 25 0 449.83274 2.1323407 -0.82214148
181 63.813842 298.63163 0.81861841 0.4745372 0.20405706 25 0 301.4368 1.1140146 -0.11722717
182 101.22008 300.88965 0.68107234 -0.017157331 0.38004381 25 0 338.77541 1.4567986 -0.4084988
183 167.83202 300.72648 0.7290183 0.13382442 0.068187202 25 0 537.70715 2.1966849 -0.85441939
184 82.33681 306.92977 0.65334121 0.21762583 -0.068007662 25 0 1302.5985 5.6293645 -1.8761484
185 430.05043 306.41428 0.66090133 0.039959186 0.10929068 25 0 384.45407 1.6193804 -0.52337219
186 457.65292 312.19924 0.5839246 0.020297233 0.0065290709 25 0 982.72069 4.4921921 -1.6311458
187 225.79019 312.32449 0.68264939 0.6911175 0.14879769 25 0 764.4304 3.0911438 -1.225298
188 144.9874 317.17054 0.66579877 0.29558361 0.040613482 25 0 3665.9565 15.75598 -2.9936135
189 5.4323077 318.99819 0.64068851 0.21891359 -0.05919711 25 0 883.74482 3.8250809 -1.4566016
190 21.095503 318.89669 0.71986302 0.24791988 -0.028669697 25 0 2594.184 10.67895 -2.5713214
191 232.45056 320.12559 0.75448704 0.16189157 -0.3566448 25 0 267.12147 1.0519697 -0.055008054
192 67.059459 321.30087 0.65312884 0.22082772 -0.12314643 25 0 398.22462 1.8457806 -0.66545017
193 462.16528 325.98877 0.63548271 0.501782 -0.082889397 25 0 308.12274 1.482186 -0.42725675
194 194.50484 326.52359 0.71678825 0.53900382 -0.11029251 25 0 365.14799 1.4325154 -0.39024822
195 337.37817 328.70615 0.5790165 0.098140554 -0.071526499 25 0 494.42997 2.340331 -0.92319322
196 500.07644 330.59171 0.46821264 -0.01612511 -0.017428105 25 0 210.71839 1.3580372 -0.33227917
197 270.11272 331.69406 0.50678489 0.014709182 -0.036430742 25 0 243.351 1.4037703 -0.36824009
198 27.598564 336.18079 0.64541919 0.079849209 -0.073935445 25 0 4851.3144 20.938105 -3.3023434
199 294.76088 336.12818 0.73591791 0.45603196 0.1155313 25 0 548.73866 2.1893771 -0.85080141
200 37.82244 337.1374 0.69748347 0.2025169 0.022907245 25 0 13829.666 58.275892 -4.4137223
201 387.55548 336.41264 0.57280021 0.72172349 0.096258362 25 0 386.40646 1.7788044 -0.62532048
202 84.154672 338.21578 0.71773071 0.30122573 0.16177554 25 0 1049.2024 4.197492 -1.5574747
203 271.06371 337.66568 0.68264717 0.28190653 0.16375548 25 0 896.84692 3.6808342 -1.4148656
204 495.99094 343.91042 0.57533482 0.6797047 0.50077321 25 0 900.24181 4.0227408 -1.5113051
205 267.18847 347.53124 0.57939357 0.73540782 0.17921848 25 0 312.1155 1.4909207 -0.43363635
206 367.91825 349.95971 0.7297215 0.19905761 0.079407704 25 0 931.28252 3.8278258 -1.4573804
207 25.048473 353.44357 0.79014863 0.03799725 -0.0069652623 25 0 290.56992 1.0356798 -0.038063716
208 247.10733 353.74306 0.65239087 0.25188269 0.07740326 25 0 5580.7632 24.414701 -3.4691285
209 54.356392 355.70473 0.51329858 -0.18643949 0.68727468 25 0 283.79068 1.2903235 -0.27674655
210 389.14351 355.05551 0.67276889 0.31125557 0.018883924 25 0 1182.8771 5.1824227 -1.7863321
211 29.166689 356.15642 0.68013597 -0.067069171 0.1996786 25 0 972.71414 4.2623506 -1.5741229
212 500.88508 355.53024 0.50102427 -0.28256562 -0.19852465 25 0 244.25133 1.4357038 -0.3926621
213 19.501141 356.52235 0.66291663 0.63103359 0.11256243 25 0 439.10886 1.8139351 -0.64655438
214 1.8376117 358.13439 0.68449873 0.18342661 -0.053073973 25 0 944.70273 4.0680994 -1.5234789
215 306.05753 357.65031 0.63015385 0.32907291 0.06541299 25 0 25009.427 109.44644 -5.0980041
216 29.338809 359.98498 0.66639798 -0.07765324 -0.035286296 25 0 1331.3351 5.5488884 -1.860515
217 164.27974 359.70426 0.76903563 -0.028875528 0.039751386 25 0 329.12565 1.1189076 -0.12198552
218 30.328099 363.3058 0.48226465 0.40177815 0.033769373 25 0 429.2386 2.0743844 -0.79222311
219 421.89878 364.56365 0.66765905 0.54029857 0.15317662 25 0 1905.6141 8.0569072 -2.2654209
220 487.09455 365.26937 0.53392062 0.26500943 0.40289307 25 0 316.44288 1.7403699 -0.60160391
221 233.44449 366.79414 0.63523396 0.13890339 -0.1009603 25 0 1456.4205 6.2527365 -1.9901753
222 285.38129 367.98825 0.59582564 0.24761837 -0.20497624 25 0 2473.5082 11.183809 -2.6214743
223 435.00087 368.98087 0.73549021 0.16993446 -0.067062255 25 0 1290.4179 5.2763873 -1.8058417
224 102.99145 369.46644 0.62030515 0.42711961 0.20431712 25 0 4667.3548 20.574084 -3.2833013
225 146.21499 370.38092 0.64755384 0.42412091 -0.042091516 25 0 477.34203 1.9608129 -0.7310904
226 506.74862 371.00731 0.68856912 0.19516652 0.0054898726 25 0 9911.4364 41.97381 -4.057446
227 30.005805 372.55553 0.67371474 0.85047577 0.18032845 25 0 457.08808 1.8645895 -0.67645808
228 10.395974 376.33497 0.64223968 0.60178964 0.018183109 25 0 660.30428 2.7810509 -1.1105223
229 483.29543 378.75694 0.69157868 -0.38631497 -0.012896453 25 0 266.49089 1.0689199 -0.072362865
230 453.4672 380.51291 0.73635319 0.62834312 -0.008353217 25 0 251.6175 1.0112232 -0.012117528
231 373.3364 382.23234 0.67156553 0.42362924 0.0043458612 25 0 3591.4874 15.185237 -2.9535539
232 33.189064 383.11742 0.53011689 0.04162429 -0.24544278 25 0 247.20802 1.0001685 -0.00018292212
233 82.182762 383.66771 0.63278666 0.2048625 0.073821992 25 0 3560.4532 15.646851 -2.9860674
234 127.87284 385.4008 0.77673322 0.24853654 0.17631081 25 0 675.2761 2.4357992 -0.9666037
235 234.78931 386.72925 0.65880148 0.42762959 0.022643979 25 0 592.38012 2.4946336 -0.99251694
236 491.28616 387.46977 0.68707128 -0.81819117 0.13164263 25 0 674.49669 2.7247198 -1.0883046
237 107.69836 388.34531 0.58681072 -0.045896092 -0.042462981 25 0 343.38896 1.494454 -0.4362064
238 276.2034 387.68239 0.67986704 -0.34010947 -0.48745749 25 0 308.93147 1.3311605 -0.31057609
239 12.508815 389.64518 0.60770856 0.039549408 -0.017881164 25 0 858.53468 3.7286544 -1.4288803
240 151.97299 389.48533 0.63846182 0.46429545 0.25054734 25 0 1354.7497 5.7536022 -1.8998496
241 462.63847 391.52228 0.60462637 -0.06180104 0.15793175 25 0 2157.0628 9.4795782 -2.4419725
242 492.07147 391.02203 0.71929144 0.22356733 0.056784551 25 0 2478.2489 10.355941 -2.5379739
243 67.444315 394.73912 0.64846254 0.32821299 -0.29418252 25 0 534.36818 2.2921934 -0.90062815
244 104.75322 400.04328 0.60224019 -0.29069887 -0.20642451 25 0 351.32694 1.7857569 -0.62955582
245 254.02414 399.46392 0.61799952 0.37913119 0.1745767 25 0 7211.2555 31.699597 -3.7526344
246 384.52202 401.35183 0.71295753 0.83495131 -0.10747621 25 0 667.30509 2.5544458 -1.0182417
247 419.89887 406.46497 0.56220134 0.12562088 0.044891094 25 0 519.91409 2.4912745 -0.99105394
248 283.04742 407.03058 0.682077 0.46171125 0.059826081 25 0 819.25284 3.5672016 -1.3808191
249 29.355185 409.00233 0.46351079 -0.10346077 -0.39174686 25 0 237.98628 1.3422357 -0.31957197
250 298.50861 410.25694 0.59618106 0.44097641 -0.017106471 25 0 333.18794 1.5537106 -0.47842533
251 10.773722 410.87405 0.77006693 0.42854846 0.064779728 25 0 1122.7043 4.3494824 -1.596094
252 280.40174 410.69633 0.64498677 0.64031378 -0.08491186 25 0 1721.9477 7.1058967 -2.1290472
253 502.04594 410.77072 0.6007137 0.66518236 0.11133697 25 0 462.28267 2.0958435 -0.80339713
254 351.15259 414.22826 0.72250216 0.019136832 -0.17496619 25 0 277.57607 1.1179324 -0.12103888
255 48.842624 414.89833 0.55194669 -0.15672484 0.32555674 25 0 280.16893 1.2982601 -0.28340425
256 112.44929 416.04296 0.58618138 0.46740091 -0.084051433 25 0 847.79271 3.7508008 -1.43531
257 136.39773 417.59402 0.64090855 0.68476168 -0.085087201 25 0 1891.5008 7.9317169 -2.248418
258 499.44093 424.75887 0.4576673 -0.086006011 0.0080953444 25 0 160.1287 1.0101733 -0.010989702
259 312.31285 427.5085 0.50748393 0.0040837113 0.21078486 25 0 341.63968 1.7816409 -0.62705046
260 193.19084 429.14288 0.6199827 0.20763452 0.12418743 25 0 332.45149 1.4394411 -0.39548472
261 222.0069 434.31589 0.54579221 0.70352858 0.08643582 25 0 328.63955 1.4800377 -0.42568193
262 160.69042 436.56128 0.56322169 0.23347487 0.17155602 25 0 844.22397 3.8959614 -1.4765366
263 187.34381 435.47933 0.54895477 -0.04652204 0.072463236 25 0 1831.8557 8.4157541 -2.3127326
264 409.70804 436.22821 0.6716101 -0.59260336 -0.22245936 25 0 325.39966 1.3874309 -0.35552844
265 202.13834 436.9348 0.57003823 0.3112258 0.041522033 25 0 283.47154 1.2666917 -0.25667734
266 190.58142 437.85587 0.56453429 0.81083442 -0.83644292 25 0 302.579 1.3730685 -0.3442305
267 260.54471 438.83561 0.65206714 0.30459626 -0.05930097 25 0 1057.7808 4.61747 -1.6610102
268 373.12651 440.53047 0.61902962 0.20174127 0.17341828 25 0 3184.9206 14.09384 -2.8725733
269 273.6908 443.25453 0.59078386 0.2650575 -0.10588661 25 0 1015.7623 4.4961675 -1.6321062
270 42.745285 443.94998 0.74727578 0.15412624 -0.08149189 25 0 407.01201 1.5234786 -0.4570909
271 119.65575 445.37492 0.59932898 0.028632523 0.01804936 25 0 12698.392 56.780316 -4.3854945
272 92.719875 450.94739 0.52714495 0.038329992 -0.10212024 25 0 195.78609 1.1087105 -0.1120454
273 491.45253 451.89831 0.56180753 0.058463111 0.031172544 25 0 302.47793 1.4884873 -0.43186284
274 240.59806 452.85744 0.56858254 0.50399658 -0.14182123 25 0 238.5886 1.1206031 -0.12362958
275 505.61252 454.99269 0.68337998 0.09123553 -0.083795347 25 0 2200.1085 9.2567434 -2.4161456
276 408.06101 457.56353 0.76101424 0.74489933 0.42237773 25 0 400.7951 1.5380058 -0.46739492
277 339.59859 458.79652 0.70055147 0.44945688 -0.0829813 25 0 681.56997 2.8091611 -1.1214416
278 463.88307 459.77555 0.76518857 0.15924441 0.13915154 25 0 530.21638 2.0438305 -0.77611221
279 359.05723 460.85667 0.68169032 0.68255728 0.029631359 25 0 250.78243 1.0086634 -0.0093656306
280 390.66673 463.63795 0.70019425 0.43535882 0.036068045 25 0 1412.8111 5.7571635 -1.9005214
281 84.754314 464.96119 0.70629238 0.27897131 0.0082820599 25 0 6486.3643 27.155474 -3.5846435
282 177.73842 466.02102 0.69264527 0.18701579 -0.044685585 25 0 1286.5315 5.3661914 -1.8241654
283 354.57883 466.61342 0.45404104 0.10875489 -0.24519925 25 0 233.33791 1.1159482 -0.11911012
284 456.2934 467.267 0.4112101 0.41004968 0.025421076 25 0 61307.107 332.8085 -6.305486
285 319.77035 468.0305 0.81226646 0.54696979 -0.12255197 25 0 446.93419 1.6023194 -0.51187274
286 433.38137 469.74025 0.6762678 0.35048472 -0.0062240686 25 0 362.44761 1.5142618 -0.45050239
287 73.82201 470.25402 0.8500638 0.29841937 0.076425134 25 0 367.3002 1.3515701 -0.32709645
288 239.52104 473.96386 0.63997291 0.11174729 -0.14165693 25 0 4922.544 21.459021 -3.3290248
289 457.48916 474.99555 0.46223255 0.021662862 0.11264911 25 0 425.8551 2.0771002 -0.79364361
290 371.16605 475.57074 0.58151993 -0.44934904 0.054169457 25 0 526.97653 2.2297493 -0.8706401
291 273.93025 477.2182 0.71303865 0.3914547 0.36077991 25 0 340.08042 1.285947 -0.27305767
292 289.47161 477.30726 0.5916641 -0.17903322 -0.12226318 25 0 2782.1292 12.326373 -2.7270883
293 142.75136 477.98005 0.58005424 0.078098488 -0.014867892 25 0 478.72767 2.3823408 -0.94250971
294 423.23472 480.17425 0.78231689 -0.46739496 -0.91959546 25 0 257.41252 1.0727667 -0.076263257
295 366.96628 482.42884 0.7282363 0.077260198 0.020130049 25 0 548.36718 2.1818944 -0.84708434
296 167.63865 483.39819 0.57619314 0.72627087 -0.12998552 25 0 715.67107 3.1357793 -1.2408637
297 92.441357 488.84012 0.67374682 0.33049245 -0.21443279 25 0 1114.7099 4.7264409 -1.6863356
298 268.99142 498.22403 0.67006089 -0.0035194339 0.11349054 25 0 452.57456 1.9041806 -0.69927036
299 421.31189 498.07877 0.60682662 0.45991849 -0.16411132 25 0 314.60686 1.3795339 -0.34933095
300 433.07073 501.04177 0.71702244 -0.36179149 -0.091229023 25 0 279.4642 1.1812628 -0.18086633
301 178.73207 502.52325 0.57700921 0.020953883 0.082461265 25 0 345.87135 1.623154 -0.52589934
302 95.661077 503.54577 0.74670848 0.66219173 0.21669068 25 0 350.07641 1.3552103 -0.3300167
303 144.57259 505.49286 0.66205978 0.48966489 0.037606154 25 0 553.94839 2.2796952 -0.89469197
304 189.99687 505.54348 0.64310959 0.15954473 0.007007151 25 0 485.70895 2.0810974 -0.79573101
305 308.72964 507.62324 0.78590008 0.54177672 -0.11438155 25 0 353.9916 1.2526628 -0.24458545
306 145.5279 509.18842 0.69404273 0.21371437 0.020653454 25 0 691.1095 2.5368396 -1.0107325
