id xcentroid ycentroid sharpness roundness1 roundness2 npix sky peak flux mag
1 31.283319 0.0096499137 0.85070198 -0.34050993 -0.47800308 25 0 2820 5.8488416 -1.9176746
2 292.37899 15.691502 0.56568269 0.3503042 -0.38494939 25 0 456 1.3021256 -0.28663218
3 423.94571 19.093002 0.60934149 -0.081056262 -0.21287622 25 0 314 1.1273382 -0.1301356
4 330.12698 24.354452 0.7923795 -0.2094587 -0.22128623 25 0 718 1.5442174 -0.47177108
5 19.772154 24.45466 0.56886462 0.20545441 -0.05066676 25 0 10366 25.161564 -3.5018441
6 403.42242 27.518555 0.57502433 0.25659755 -0.13828446 25 0 433 1.374077 -0.34502771
7 462.57105 27.516216 0.55195151 0.40295887 -0.14124553 25 0 17923 42.976559 -4.0830791
8 349.25084 45.818139 0.61083801 -0.45341111 -0.4132594 25 0 394 1.108424 -0.11176475
9 108.86462 52.203026 0.54720868 -0.57441913 -0.35170458 25 0 480 1.3185967 -0.30027994
10 181.83353 53.526428 0.65375891 -0.13981711 -0.13563174 25 0 991 2.2447399 -0.87791505
11 201.3322 54.320015 0.64094336 0.069204009 -0.21746678 25 0 1953 4.3962883 -1.6077154
12 319.76689 56.457138 0.41337163 0.27305263 -0.19661758 25 0 58459 147.48823 -5.4218934
13 106.6626 58.52328 0.56749116 -0.47373605 -0.11915044 25 0 3634 8.4550851 -2.317795
14 395.22229 60.235941 0.65135536 -0.012672146 -0.25906205 25 0 787 2.0722449 -0.7911027
15 465.64364 66.372173 0.60607985 -0.26417791 -0.1664966 25 0 543 1.6076365 -0.51546963
16 289.45378 67.029898 0.73642125 -0.078777109 -0.40857555 25 0 1453 2.9525864 -1.1755065
17 438.38444 73.963784 0.64269712 -0.20453548 -0.17649146 25 0 1240 3.1304866 -1.2390296
18 496.83382 76.229494 0.67308582 -0.26220888 -0.17235304 25 0 3009 7.0784157 -2.1248402
19 381.8215 78.279999 0.57046818 -0.94016032 0.67104573 25 0 1326 2.655556 -1.0603887
20 26.6801 79.458119 0.47863514 -0.53270735 -0.3729923 25 0 359 1.2496692 -0.24198764
21 427.98306 80.765863 0.6605606 -0.12134079 -0.13331187 25 0 1383 3.4398108 -1.3413364
22 413.17674 82.44474 0.65446004 0.30361564 -0.01771413 25 0 415 1.1329069 -0.13548551
23 50.95856 84.296473 0.6475501 -0.17269277 -0.16614051 25 0 1397 3.1934497 -1.2606502
24 463.75339 89.446853 0.5899337 -0.10733648 0.055119641 25 0 647 1.7684356 -0.6189731
25 345.60182 93.328337 0.60413547 -0.38628108 -0.21892604 25 0 2587 6.0260857 -1.9500883
26 87.377047 99.780412 0.72661365 -0.31781946 -0.46768289 25 0 533 1.0106134 -0.011462587
27 486.1876 100.27547 0.67873228 0.080692074 -0.12523924 25 0 19885 43.959755 -4.1076382
28 278.68495 107.55747 0.58259681 -0.7134396 -0.17667667 25 0 941 2.1399634 -0.82601584
29 282.69394 109.26906 0.60054192 -0.37954498 -0.34501732 25 0 1325 3.1194136 -1.2351824
30 181.09197 110.21707 0.6459217 0.10231608 -0.15933959 25 0 1614 3.5315419 -1.3699109
31 48.802393 114.1631 0.62537163 -0.39241801 -0.27079169 25 0 3389 7.8776365 -2.2409898
32 364.25574 114.14866 0.48890457 -0.9984582 0.82421977 25 0 1148 2.167286 -0.83979059
33 504.19317 116.84425 0.68493265 -0.23863184 -0.12821304 25 0 1833 4.2709785 -1.5763185
34 484.52173 120.23704 0.64614689 0.055313462 -0.26483613 25 0 1615 3.8241908 -1.4563489
35 327.22417 125.72211 0.6185502 0.04533596 -0.030524926 25 0 506 1.2154131 -0.21180975
36 214.13402 127.51479 0.60888715 0.094272198 -0.040602265 25 0 14273 32.522223 -3.7804506
37 231.58758 127.55076 0.57960236 0.17257888 -0.27385768 25 0 793 1.6364267 -0.53474137
38 241.46994 128.98501 0.60371229 -0.28625666 -0.47067195 25 0 1601 3.5156266 -1.3650069
39 298.09962 128.82469 0.62416232 -0.21662564 -0.32600412 25 0 1106 2.5382806 -1.0113491
40 93.210961 130.82011 0.60917243 -0.46147535 -0.31705464 25 0 553 1.28112 -0.26897452
41 46.043594 132.31183 0.63444982 0.14441356 -0.16164539 25 0 471 1.0618189 -0.065126152
42 145.43985 134.05684 0.57280692 -0.4477738 -0.38938889 25 0 1655 3.6573061 -1.4079033
43 169.47391 139.48597 0.55599957 -0.48631221 -0.13757601 25 0 1329 2.9803704 -1.1856756
44 0.86495541 140.79455 0.63379212 -0.019218271 -0.12573406 25 0 1132 2.6405862 -1.0542509
45 389.13007 151.29703 0.63994448 -0.061310128 -0.1723282 25 0 10662 23.99099 -3.4501204
46 8.1355842 157.04483 0.69938916 -0.27586989 -0.34771407 25 0 734 1.6327457 -0.53229635
47 292.0797 156.7754 0.59702899 -0.21136712 -0.23090422 25 0 2594 5.9439334 -1.9351848
48 477.47811 163.39292 0.62328383 0.2844414 -0.14725502 25 0 6111 14.040036 -2.8684205
49 379.08594 172.82537 0.61946532 -0.17766677 -0.20512771 25 0 43716 100.27097 -5.0029381
50 199.6535 176.69366 0.53379802 -0.70967299 -0.34619165 25 0 492 1.0784096 -0.081959396
51 219.26185 185.015 0.63652794 -0.17010008 -0.30106269 25 0 1663 3.5165757 -1.3652999
52 339.32741 184.95325 0.70453273 0.066766452 -0.30499253 25 0 540 1.162816 -0.16377752
53 471.5162 184.69297 0.66332621 -0.54680131 -0.23517812 25 0 5333 11.64484 -2.6653338
54 157.57822 185.56944 0.54691426 -0.67099419 -0.42444466 25 0 785 1.5946426 -0.50665843
55 145.9569 188.20769 0.59920671 -0.062370544 -0.26390083 25 0 1481 3.3730834 -1.3200677
56 10.005744 193.92726 0.594025 -0.036262609 -0.16813462 25 0 656 1.6576875 -0.54875663
57 108.33439 194.10177 0.64596324 -0.032375204 -0.20101233 25 0 1611 3.4186372 -1.3346325
58 414.18203 193.93987 0.65405316 -0.23853939 -0.23439651 25 0 2586 5.894088 -1.9260415
59 404.03697 196.18959 0.73878876 0.16317578 -0.18626848 25 0 519 1.1601292 -0.16126593
60 476.15562 195.89018 0.68473967 0.069392162 -0.23960061 25 0 607 1.5261843 -0.45901747
61 219.94407 197.24027 0.6033065 0.001284935 -0.23090554 25 0 999 2.0906338 -0.8006949
62 414.57232 199.00371 0.63280928 -0.42137356 -0.24371801 25 0 697 1.7304082 -0.59537141
63 182.52878 199.75205 0.72045953 -0.71868669 -0.46534428 25 0 741 1.3335509 -0.31252397
64 64.872955 200.54405 0.57051087 0.10803284 -0.08165969 25 0 31439 75.07749 -4.6887744
65 413.50442 206.94 0.56719674 -0.099324557 -0.27013611 25 0 323 1.0377221 -0.04020265
66 448.09542 210.96421 0.6528457 0.07042912 -0.055316925 25 0 473 1.2330759 -0.22747456
67 161.41504 212.60419 0.47190951 -0.44760612 -0.4810159 25 0 479 1.0875371 -0.091110195
68 60.103765 214.75333 0.62897016 0.11346693 -0.16334998 25 0 557 1.2235652 -0.21906781
69 501.99008 214.6058 0.63332038 0.028369874 0.030401203 25 0 1337 3.3305822 -1.3063004
70 462.51619 217.01656 0.58290349 -0.094724067 -0.18991959 25 0 411 1.2361859 -0.23020947
71 129.69308 220.57047 0.61719642 -0.0048627275 0.12103668 25 0 607 1.3344359 -0.31324431
72 495.87877 220.67109 0.60223306 0.046845359 -0.14394453 25 0 2485 6.0459274 -1.9536573
73 418.54564 226.82921 0.54753151 -0.02162503 -0.33583658 25 0 850 2.2861697 -0.89777116
74 319.39624 228.81594 0.61852644 -0.46517254 -0.26587948 25 0 1330 2.9669979 -1.1807931
75 249.58915 230.67105 0.58848446 0.37962056 -0.32003733 25 0 620 1.2516726 -0.24372689
76 143.97993 231.90485 0.66516619 -0.12562018 -0.19105864 25 0 983 1.957485 -0.72924612
77 472.56254 235.61082 0.62001867 -0.73639113 -0.27747179 25 0 3290 7.3576423 -2.1668467
78 233.0464 237.57596 0.54985001 0.065428082 0.001896745 25 0 2191 4.8925241 -1.7238324
79 345.14846 239.77726 0.61649414 -0.24524507 -0.18328999 25 0 3883 8.8673689 -2.3694869
80 415.23611 240.66163 0.62467646 -0.33102629 -0.13865902 25 0 11551 26.035643 -3.5389208
81 320.19202 241.91872 0.59307661 -0.23404334 -0.21960808 25 0 993 2.2581473 -0.88438069
82 173.76899 248.02486 0.61289278 -0.14367883 -0.11565877 25 0 690 1.4203387 -0.38097981
83 233.6635 249.20567 0.60538409 -0.34054296 -0.3540689 25 0 703 1.4871163 -0.43086233
84 424.47772 252.16712 0.62273734 -0.075717837 -0.30983916 25 0 1611 3.7295121 -1.4291301
85 197.31207 265.6412 0.60725675 -0.36996683 -0.16136496 25 0 4108 9.0773685 -2.3948999
86 421.29702 265.61179 0.604424 -0.45502995 -0.15657466 25 0 5665 12.833706 -2.7708802
87 26.429981 286.09956 0.62128279 -0.28070591 -0.34715281 25 0 1231 2.7234325 -1.0877915
88 40.589516 295.3394 0.66848986 -0.63466175 -0.15401264 25 0 680 1.4103664 -0.37332991
89 340.93367 298.20572 0.63309886 -0.20636346 -0.19627146 25 0 5075 11.668653 -2.6675519
90 153.77851 299.2713 0.61417543 -0.22629656 -0.2224553 25 0 881 1.8339988 -0.65849764
91 32.290968 300.21678 0.66360967 0.020602895 -0.20125069 25 0 1133 2.4183505 -0.95879812
92 60.590495 300.15367 0.6133916 -0.31863971 -0.29626306 25 0 1019 2.2413714 -0.87628459
93 446.46043 303.37836 0.64340731 -0.43324255 -0.21834097 25 0 536 1.3087325 -0.29212726
94 44.062789 315.77487 0.58561711 0.028287583 -0.16774671 25 0 1068 2.4620202 -0.97822902
95 187.51352 321.73367 0.53676803 -0.71998249 -0.40950718 25 0 666 1.3776926 -0.34788079
96 419.25614 322.15688 0.62297169 -0.32670921 -0.16291106 25 0 825 2.0524203 -0.78066574
97 106.8453 326.35787 0.61203964 -0.18456725 -0.15006979 25 0 2803 6.1972074 -1.9804901
98 298.77202 338.38811 0.59357662 -0.3279776 -0.18699791 25 0 567 1.3311301 -0.31055128
99 0.20442196 345.92052 0.89763043 -0.0037964993 0.22499038 25 0 10474 20.082743 -3.2570576
100 256.29873 345.54514 0.60797387 -0.61906786 -0.13601632 25 0 474 1.0322373 -0.034448862
101 348.98531 346.14434 0.51670463 -0.16513176 -0.15825405 25 0 414 1.0971813 -0.100696
102 45.913727 347.19449 0.66097804 -0.29601606 -0.14709142 25 0 889 1.8379914 -0.66085866
103 232.57843 347.02716 0.55380447 -0.52562979 -0.36057036 25 0 720 1.5859011 -0.50069027
104 457.54109 354.04838 0.56049977 0.20251803 -0.029478013 25 0 744 1.9201718 -0.70835022
105 329.30954 359.6826 0.70460684 -0.30452492 -0.14290665 25 0 717 1.4386183 -0.39486393
106 208.75183 363.07568 0.62269011 -0.21847121 -0.28731063 25 0 4737 10.766767 -2.5802132
107 350.55272 364.782 0.62346981 -0.02696796 -0.29486349 25 0 881 2.0199085 -0.76332925
108 267.46313 367.19971 0.60987905 -0.55534112 -0.41074312 25 0 19088 42.297992 -4.0657994
109 383.2553 374.48063 0.57385819 -0.46312488 -0.055727343 25 0 1456 3.5553387 -1.3772024
110 194.98452 376.08865 0.5922477 -0.15944491 -0.28553961 25 0 1503 3.4676118 -1.3500762
111 246.9673 377.39492 0.56986341 -0.1525668 -0.23384763 25 0 2170 5.0658406 -1.7616288
112 64.65572 378.44902 0.53651611 0.31705831 -0.080351136 25 0 3467 8.2323524 -2.2888099
113 396.4373 378.88203 0.59710185 -0.084533713 -0.28581969 25 0 871 2.1145252 -0.81303216
114 468.19698 381.05851 0.69148722 -0.27956398 -0.18407687 25 0 8910 19.665038 -3.234237
115 334.72346 391.93497 0.61829469 -0.1263427 -0.26155373 25 0 2968 6.9028309 -2.0975681
116 43.813697 392.64642 0.59341164 0.071017664 -0.17172009 25 0 2846 6.6127997 -2.0509634
117 196.22098 396.027 0.62394619 -0.17419599 -0.19003153 25 0 546 1.0192932 -0.020747768
118 452.77603 397.44974 0.61410121 -0.96063745 -0.090272893 25 0 452 1.0996368 -0.10312315
119 113.60968 398.65454 0.58208655 -0.12697929 -0.242294 25 0 1148 2.52308 -1.0048275
120 424.11002 401.41303 0.60030561 -0.14365989 -0.062452684 25 0 2134 5.207446 -1.7915619
121 453.43866 400.98255 0.65062351 -0.46471418 -0.35954102 25 0 1612 3.7004268 -1.4206295
122 29.239741 403.44877 0.55775142 -0.13772471 0.036339681 25 0 460 1.0877751 -0.091347783
123 215.41959 408.85343 0.5960531 -0.1450888 -0.42167308 25 0 5912 13.308368 -2.810312
124 345.85697 411.1258 0.57013143 0.058773487 -0.10539557 25 0 664 1.6179352 -0.52240279
125 244.46778 416.31194 0.51680475 -0.022115462 -0.31919789 25 0 501 1.1000985 -0.1035789
126 381.51155 416.26065 0.52152018 -0.25584805 -0.40803209 25 0 417 1.2021132 -0.19986345
127 241.90465 420.03435 0.61159351 -0.045734218 -0.23202175 25 0 1747 4.011156 -1.5081739
128 74.058984 425.25128 0.65831783 0.13936345 -0.13519914 25 0 860 1.8306768 -0.6565292
129 98.108411 426.52314 0.58202034 -0.12413928 -0.071632972 25 0 1752 4.0226583 -1.5112829
130 148.83718 444.81635 0.61340321 -0.1115772 -0.24907175 25 0 1956 4.3966965 -1.6078162
131 122.27356 445.64245 0.62452395 -0.3533718 -0.36131755 25 0 873 1.8274361 -0.65460552
132 221.90044 448.20315 0.6116517 -0.21913836 -0.27777549 25 0 985 2.302222 -0.90536802
133 480.93037 448.43492 0.31023858 -0.19567722 -0.17873665 25 0 57922 156.6929 -5.4876233
134 334.50582 450.28496 0.6089727 -0.064347452 -0.26300916 25 0 2565 5.8863198 -1.9246096
135 234.946 452.68514 0.6320329 -0.24750669 -0.13646997 25 0 1081 2.4043065 -0.95247458
136 81.23102 454.42489 0.61384164 0.15709683 -0.1198708 25 0 11356 26.049093 -3.5394815
137 466.83959 465.02756 0.6796444 -0.30538797 -0.26804948 25 0 2067 4.816832 -1.7069037
138 300.90477 468.31092 0.43886976 0.022470242 0.11240528 25 0 463 1.3846444 -0.35334567
139 351.99018 473.37178 0.64979012 -0.13058438 -0.17407695 25 0 1094 2.4787444 -0.98557937
140 46.266058 473.89816 0.73150296 -0.20207408 -0.26916213 25 0 5750 12.106003 -2.7075019
141 139.32975 475.19528 0.72300377 -0.26166795 -0.23932629 25 0 1256 2.4921683 -0.9914434
142 417.45147 477.22768 0.53239673 -0.13490473 -0.28971026 25 0 58049 138.21321 -5.3513739
143 200.88924 483.36463 0.60974476 -0.2325579 -0.15907633 25 0 4089 9.3682002 -2.4291404
144 332.40174 485.50384 0.49643927 -0.10981121 -0.20046844 25 0 429 1.1321955 -0.13480354
145 104.27454 487.09165 0.72619232 -0.13114032 -0.26637154 25 0 516 1.0256772 -0.027526792
146 250.93563 486.7566 0.66714406 -0.13467927 -0.15971254 25 0 3090 6.8619189 -2.091114
147 328.09903 492.08285 0.58621672 0.090029367 -0.074246154 25 0 430 1.0837922 -0.08736502
148 128.9546 492.61587 0.58527629 0.042101002 -0.25209926 25 0 736 1.6841247 -0.56593563
149 53.923295 497.84566 0.6945748 0.044419665 -0.073953825 25 0 1118 2.4241776 -0.9614111
150 229.82621 507.90203 0.72065243 -0.6979993 -0.34628413 25 0 545 1.062964 -0.066296422
