id xcentroid ycentroid sharpness roundness1 roundness2 npix sky peak flux mag
1 300.0409 5.6486467 0.52821058 0.16208734 -0.028880715 25 0 679 2.3576199 -0.93118447
2 309.07102 8.0793149 0.60165672 0.31229551 -0.057750639 25 0 377 1.2685873 -0.2583009
3 431.49572 8.8981098 0.62466932 0.32446692 -0.20154964 25 0 414 1.4949355 -0.43655615
4 111.93767 12.981274 0.76056747 0.20908277 -0.070419987 25 0 623 1.7350891 -0.59830446
5 337.59873 14.296435 0.72650802 0.73314711 -0.12175049 25 0 824 2.2885067 -0.89888046
6 27.069031 14.92125 0.75417858 0.048901244 -0.12383981 25 0 18382 48.676703 -4.2183029
7 470.03168 17.41118 0.690168 0.32390348 0.019987368 25 0 29217 79.321044 -4.7484711
8 411.01348 17.432599 0.54930324 0.36833465 0.041290389 25 0 583 2.1916289 -0.85191757
9 428.27152 19.068295 0.76021629 -0.24079649 -0.2625022 25 0 283 1.024705 -0.026497131
10 337.86616 28.119761 0.88025094 0.079529585 -0.064750877 25 0 398 1.0319013 -0.034095442
11 356.66064 35.81348 0.67623495 0.1548939 -0.2178499 25 0 591 1.7722956 -0.62134041
12 456.41486 35.954269 0.61708013 -0.028359673 -0.24695392 25 0 385 1.5178423 -0.45306662
13 129.56834 38.39031 0.63175477 -0.13623555 -0.49789658 25 0 405 1.1324428 -0.13504068
14 116.15413 42.557497 0.55324395 0.45046393 -0.055220646 25 0 499 1.6083299 -0.51593786
15 189.16241 43.607418 0.58966568 0.13603389 -0.045965182 25 0 1194 3.5590502 -1.3783353
16 208.63399 44.514465 0.58250965 0.60422727 -0.096461604 25 0 2161 6.1778432 -1.9770922
17 327.11207 46.611878 0.37262417 0.2583936 -0.14652837 25 0 58827 199.27226 -5.7486171
18 349.45587 45.472962 0.60698549 -0.1114261 -0.10491205 25 0 449 1.3940297 -0.36068008
19 69.0013 46.847922 0.72419553 -0.029232121 -0.27863439 25 0 526 1.4526674 -0.40541544
20 113.96476 48.760532 0.64816508 0.102018 -0.14400228 25 0 5594 15.863256 -3.0009808
21 156.96318 49.444355 0.59208717 0.6015413 0.060543384 25 0 342 1.0336286 -0.035911296
22 402.68774 50.182309 0.72144996 0.1690115 -0.099736758 25 0 1176 3.2865338 -1.2918453
23 249.6783 55.593079 0.61109664 -0.66873054 -0.28529545 25 0 412 1.1824649 -0.18197065
24 473.21144 56.230443 0.80519244 0.47083323 -0.052035717 25 0 982 2.6850994 -1.0724009
25 296.80845 57.104134 0.63925722 0.0041219776 -0.28191552 25 0 1840 5.3030358 -1.8113114
26 144.88214 61.870471 0.63985068 0.41924121 -0.12850092 25 0 445 1.2327287 -0.22716876
27 445.86957 63.796224 0.67358596 0.20667183 -0.1120611 25 0 1639 4.7570352 -1.6933409
28 504.34894 66.039876 0.74783182 0.13906422 -0.15373762 25 0 3961 10.639524 -2.5673055
29 0.43297524 67.706999 0.5291308 -0.7174042 0.070132738 25 0 324 1.1389092 -0.14122274
30 351.89292 67.961478 0.71977944 0.1284133 -0.14597722 25 0 366 1.0451723 -0.047969688
31 57.233342 69.407596 0.68842054 0.27102252 -0.041172394 25 0 414 1.1347563 -0.1372565
32 34.122587 69.760978 0.69944534 0.020074785 -0.15044074 25 0 696 2.0958408 -0.80339573
33 114.92055 71.641365 0.54480239 0.0253244 0.13949315 25 0 422 1.3713452 -0.34286697
34 435.55442 70.61066 0.56443068 -0.20577033 -0.12256668 25 0 1333 4.1902244 -1.5555932
35 474.09529 71.399383 0.67167612 0.48078361 0.08674206 25 0 423 1.4953436 -0.43685246
36 0.32200446 71.480291 0.46973438 0.50889272 0.023910742 25 0 319 1.2273444 -0.2224161
37 420.66454 72.326778 0.55670589 0.1789069 -0.14101657 25 0 515 1.8528438 -0.66959702
38 58.44504 74.6044 0.6055261 -0.14422804 -0.098674009 25 0 1529 4.5555029 -1.6463408
39 471.27484 79.163378 0.68077595 0.54761857 -0.13673976 25 0 1010 2.9793985 -1.1853215
40 353.18187 83.28047 0.6462764 0.28122829 -0.11863358 25 0 3729 10.638582 -2.5672093
41 122.45709 86.54092 0.59194952 -0.11081392 -0.14848424 25 0 488 1.3257493 -0.30615349
42 94.510083 90.016317 0.6706772 0.037209432 -0.26304765 25 0 598 1.5772035 -0.49471932
43 147.13273 90.272725 0.79112529 0.17543813 -0.051004675 25 0 492 1.103818 -0.10724365
44 493.6268 90.16358 0.65364465 -0.0070233126 -0.15301184 25 0 22973 64.817444 -4.5292298
45 157.51786 96.88249 0.68893915 -0.16748564 -0.1487686 25 0 620 1.5706858 -0.4902233
46 286.17713 97.679742 0.59382383 0.22332456 0.091577954 25 0 1147 3.1810849 -1.2564381
47 290.17381 99.281323 0.64142197 -0.017064395 -0.15721493 25 0 1562 4.2682518 -1.5756251
48 188.48885 100.3345 0.67337769 0.50935838 -0.14187542 25 0 1803 4.7158904 -1.6839093
49 56.250109 104.53986 0.61603259 0.46580664 0.019709393 25 0 4079 11.560393 -2.6574315
50 118.21194 104.04902 0.74663623 -0.25059183 -0.2609766 25 0 554 1.4143445 -0.37638804
51 454.24264 104.06994 0.65484315 0.18350117 -0.14854125 25 0 426 1.4315298 -0.38950095
52 299.11408 106.29103 0.66460639 0.2963876 -0.012732174 25 0 409 1.0740671 -0.07757856
53 510.99378 106.52866 0.8608728 0.16000352 0.34521351 25 0 1312 3.3987294 -1.3282915
54 491.93041 110.11843 0.67751906 0.10781504 -0.089343316 25 0 2403 6.9766223 -2.109113
55 334.92214 115.60715 0.56807427 0.21505016 -0.11567551 25 0 629 1.9318807 -0.71495078
56 221.46738 117.65908 0.59787032 0.50035096 -0.18616742 25 0 15723 44.913409 -4.13094
57 238.99457 117.79825 0.60613325 0.40793489 -0.20992777 25 0 1139 3.1404838 -1.2424914
58 248.97729 119.12322 0.64682215 0.11411216 -0.14051183 25 0 2171 5.9961562 -1.9446824
59 305.63536 118.78852 0.61079637 0.26819508 -0.1911101 25 0 1297 3.7559923 -1.4368117
60 450.84811 120.59142 0.55013325 0.15013676 0.0082406738 25 0 352 1.3330618 -0.31212569
61 100.7245 121.22004 0.58140236 -0.0054654702 -0.18214711 25 0 573 1.6932478 -0.57180128
62 201.20879 120.76059 0.6572914 0.13461686 -0.22560849 25 0 651 1.6357008 -0.53425964
63 316.14164 121.25834 0.50934295 -0.28263842 0.0053815627 25 0 322 1.1092083 -0.11253279
64 155.31303 122.07571 0.51166973 0.18902404 -0.17093394 25 0 464 1.3351235 -0.31380361
65 53.435713 122.57813 0.52665382 0.5067337 -0.22532198 25 0 471 1.5026056 -0.44211251
66 152.96284 124.31503 0.66185468 0.065104762 -0.077734889 25 0 2349 6.348649 -2.0067033
67 481.25376 124.90141 0.57103408 0.41781584 -0.54683466 25 0 334 1.3048596 -0.28890949
68 176.8518 129.75522 0.58631699 0.11505464 -0.13797047 25 0 1867 5.4011856 -1.8312227
69 8.1919464 131.19125 0.7908208 0.31339155 0.016351685 25 0 1713 4.3950483 -1.6074091
70 254.36511 133.10212 0.6883892 -0.025171405 -0.31612263 25 0 645 1.5901786 -0.50361476
71 396.72813 141.18588 0.63645307 0.029962966 -0.14920044 25 0 13057 37.214978 -3.9267944
72 385.36758 144.18154 0.65698738 0.052253129 -0.16086731 25 0 319 1.0018943 -0.0020547524
73 299.6008 146.79589 0.61578807 0.26708867 -0.15903031 25 0 3063 8.5698548 -2.3324337
74 15.523084 147.43334 0.50548211 -0.52513402 -0.16334986 25 0 592 1.9282451 -0.71290556
75 484.94934 153.1761 0.70957071 0.12130607 -0.044887447 25 0 9365 25.541637 -3.5181218
76 98.195555 161.01978 0.69576693 -0.17463088 -0.0829261 25 0 584 1.4429947 -0.39816183
77 386.7108 162.71644 0.59742497 0.37468855 -0.11076008 25 0 51109 149.73023 -5.4382737
78 426.01656 166.11742 0.58146682 0.075279985 -0.13529151 25 0 536 1.7962202 -0.63589894
79 207.22332 166.69502 0.5267228 0.26718637 0.025904463 25 0 519 1.4490621 -0.40271752
80 154.27971 170.08592 0.60126423 0.50811663 -0.21650774 25 0 657 1.8706476 -0.67997998
81 34.218304 173.70653 0.682477 -0.01073019 0.011651228 25 0 395 1.0491548 -0.052098886
82 226.70671 175.13479 0.66272555 -0.029805272 -0.18259302 25 0 2126 5.6492927 -1.8799852
83 346.9967 174.93184 0.5532341 -0.082682323 -0.21240751 25 0 600 1.8684336 -0.67869416
84 479.01426 174.43469 0.59330768 0.28693795 0.12294541 25 0 6220 18.389023 -3.1613966
85 164.89421 175.79669 0.57998386 0.17645179 -0.18950186 25 0 1109 3.1686886 -1.2521989
86 414.22202 177.2318 0.82530874 0.2459203 -0.1114005 25 0 442 1.1003553 -0.10383235
87 153.39346 178.45004 0.60202737 0.52494081 -0.094080621 25 0 1600 4.4330186 -1.6167489
88 17.46935 184.3979 0.57951743 -0.53406757 -0.1471381 25 0 691 2.0601705 -0.78475792
89 115.70896 184.53056 0.63395752 0.017926677 0.050508079 25 0 1785 4.624368 -1.662631
90 421.91103 183.80325 0.65793578 0.11583378 -0.11063643 25 0 3167 8.9740644 -2.382473
91 411.84363 186.04539 0.6580275 0.083226762 -0.16694103 25 0 711 2.1253951 -0.81859918
92 483.64785 185.5879 0.60413734 0.60952769 -0.051623653 25 0 717 2.3905231 -0.94623235
93 227.46808 187.32783 0.65338513 0.355894 -0.12620429 25 0 1132 2.7996032 -1.1177412
94 422.33061 188.80297 0.65804348 -0.14954313 -0.095663627 25 0 1007 2.9094008 -1.1595089
95 190.00928 190.00556 0.62382348 -0.086164773 -0.25956212 25 0 872 2.3476691 -0.92659222
96 72.366129 190.91817 0.71058176 -0.003474482 -0.19491556 25 0 47356 126.71008 -5.2570279
97 122.00124 192.12917 0.69099335 -0.346676 -0.18129667 25 0 593 1.4769006 -0.42337816
98 421.44499 196.72757 0.66221517 -0.22713497 -0.26422874 25 0 363 1.1495678 -0.15133648
99 455.69692 200.67858 0.6889433 0.31011574 -0.019148142 25 0 572 1.6991073 -0.57555204
100 168.80078 202.95567 0.64541298 0.22141912 -0.17417955 25 0 737 1.8439641 -0.66438114
101 199.28191 204.02418 0.54784502 0.36138303 -0.29338088 25 0 435 1.1101896 -0.1134929
102 509.51861 204.45007 0.60084733 -0.49895284 -0.088436056 25 0 1406 4.1820273 -1.5534672
103 67.627911 205.02796 0.62367295 -0.15227818 -0.26941985 25 0 710 1.9922778 -0.74837476
104 406.53957 205.04397 0.64100864 0.14831195 -0.35577589 25 0 342 1.0778549 -0.081400777
105 470.23431 206.74525 0.61151171 0.029129517 -0.21421925 25 0 579 1.9048031 -0.69962523
106 503.35936 210.50568 0.52907582 -0.11364506 -0.012283085 25 0 2492 7.681656 -2.2136371
107 13.452699 214.01545 0.79286513 0.62412372 -0.038794193 25 0 524 1.2642676 -0.25459755
108 15.411054 215.53459 0.69411513 0.76252983 -0.066022012 25 0 432 1.0950137 -0.098548836
109 426.41322 216.50396 0.50881008 -0.10856597 0.00090351883 25 0 863 2.796879 -1.1166842
110 327.04194 218.77449 0.61102906 0.091669635 -0.089913071 25 0 1642 4.7616925 -1.6944034
111 257.13415 220.84896 0.6052514 -0.078286236 -0.20076429 25 0 856 2.3199423 -0.91369297
112 151.48409 222.11687 0.65792071 0.30576729 -0.11293543 25 0 1140 3.0347378 -1.2053029
113 480.13324 225.42278 0.65756906 0.3409392 0.0028883773 25 0 4937 13.951076 -2.8615193
114 240.56885 227.48782 0.55736201 0.63824065 -0.05096031 25 0 2548 7.3425827 -2.1646221
115 352.81856 229.7406 0.59898273 0.24671242 -0.060450111 25 0 4581 13.438852 -2.8209054
116 422.93063 230.49192 0.63821207 0.15106741 0.034315598 25 0 13950 38.872886 -3.974117
117 327.72316 232.02088 0.66819658 -0.09346974 -0.21911517 25 0 1266 3.374289 -1.3204557
118 181.16463 238.24168 0.73226124 0.22573314 -0.21059134 25 0 915 2.2180019 -0.8649048
119 241.18807 239.19383 0.64138177 0.38315072 -0.069983162 25 0 947 2.5409777 -1.0125021
120 432.1705 241.97906 0.6881153 0.11588477 -0.10307115 25 0 2345 6.5497532 -2.0405623
121 31.615553 242.27309 0.47189536 0.46101599 0.07893135 25 0 314 1.0164844 -0.017751833
122 429.00589 255.48522 0.63729787 0.19761744 0.042511503 25 0 7606 21.343339 -3.3231559
123 204.81441 255.85795 0.59853748 0.16903406 -0.17741982 25 0 5255 15.313702 -2.9627005
124 266.62507 258.40321 0.64598797 -0.41366464 -0.19499723 25 0 480 1.2281124 -0.22309525
125 105.40796 266.11864 0.64168654 0.10734125 -0.38741202 25 0 431 1.0304426 -0.032559523
126 34.141432 276.59845 0.64970087 0.44666881 0.11515809 25 0 1506 4.1292055 -1.5396662
127 216.44632 284.78332 0.65482352 0.37324161 -0.23936812 25 0 415 1.0316818 -0.033864455
128 48.439516 285.72915 0.62336364 -0.0022753037 -0.20031933 25 0 820 2.2295172 -0.87052707
129 348.58723 288.21794 0.62953964 -0.1310551 -0.15719368 25 0 5765 16.363289 -3.0346765
130 161.39329 289.42624 0.59661913 0.41245375 -0.048874942 25 0 924 2.5592654 -1.0202883
131 68.223344 290.62028 0.60751029 0.38333249 0.026486864 25 0 1157 3.119588 -1.2352431
132 39.987138 290.63839 0.64918189 0.34549908 0.0010306247 25 0 1373 3.6996708 -1.4204077
133 323.0085 293.04001 0.67437438 -0.11021465 -0.31360184 25 0 514 1.4039587 -0.3683858
134 454.43915 293.17848 0.69546237 0.28549833 -0.20777239 25 0 821 2.4164556 -0.95794705
135 137.3677 300.16204 0.71546638 0.26005746 -0.25159481 25 0 670 1.6238641 -0.5263742
136 51.564174 306.21227 0.64740189 0.033801427 -0.1757872 25 0 1392 3.7486282 -1.4346809
137 399.48846 306.36174 0.57648215 -0.25035681 -0.28190701 25 0 402 1.3709992 -0.342593
138 195.09868 311.88398 0.62312121 0.12263357 -0.10898822 25 0 974 2.65158 -1.0587618
139 426.94032 311.96564 0.73452663 -0.16251114 -0.049524376 25 0 1242 3.3218967 -1.3034653
140 114.43104 316.48814 0.53040518 -0.26339548 -0.055456214 25 0 2910 8.7170452 -2.3509232
141 36.289923 320.34368 0.66127962 0.37736337 -0.18337748 25 0 442 1.1792206 -0.17898766
142 163.8551 326.10788 0.65247316 -0.28935659 -0.41315607 25 0 450 1.0625812 -0.065905322
143 306.7982 328.41937 0.51796513 0.27133206 -0.37703333 25 0 489 1.5635923 -0.48530884
144 7.2181338 336.332 0.74969714 0.32110986 -0.034438714 25 0 15328 39.692486 -3.9967707
145 264.04496 335.55532 0.58720559 -0.077615527 -0.038250802 25 0 519 1.4532049 -0.4058171
146 356.70949 335.98789 0.67717077 0.022445521 -0.31662038 25 0 572 1.5553106 -0.47954286
147 53.525284 337.61671 0.59835877 0.57690767 0.014764616 25 0 918 2.5355053 -1.0101613
148 240.21917 337.1182 0.63942545 0.13765491 -0.16458735 25 0 993 2.6668708 -1.0650049
149 465.22114 343.8087 0.58308377 0.23267069 0.35863299 25 0 822 2.4382179 -0.96768127
150 236.27917 346.94274 0.64882364 -0.21935898 -0.39071141 25 0 442 1.1413514 -0.14354848
151 337.17732 349.5135 0.59938575 0.033896457 -0.020828225 25 0 728 2.0859719 -0.79827114
152 216.42777 353.17906 0.66483387 0.18760572 -0.23719894 25 0 5698 15.560551 -2.9800624
153 358.39387 354.70203 0.63542736 -0.13851376 -0.06097998 25 0 1063 3.0160884 -1.1986102
154 275.23307 357.24651 0.64567454 0.20873239 -0.1900765 25 0 27269 76.608943 -4.7106987
155 0.22730011 362.75853 0.90117111 -0.239845 0.3160501 25 0 644 1.4858253 -0.42991934
156 391.11587 364.45009 0.62356006 0.1702436 -0.038514531 25 0 1823 5.2176129 -1.7936796
157 456.45375 365.06168 0.57616921 -0.48527302 -0.22872088 25 0 276 1.0701401 -0.073601553
158 202.56004 366.21475 0.63004334 -0.18751804 -0.22191712 25 0 1663 4.503487 -1.6338723
159 254.66553 367.51575 0.57802785 -0.22875928 -0.040050265 25 0 2490 7.1931508 -2.1422979
160 72.283703 368.82875 0.68247598 -0.027069667 -0.16771622 25 0 5557 15.123561 -2.9491351
161 404.26827 368.81361 0.68841211 -0.18116165 -0.14758689 25 0 1191 3.2422006 -1.2770997
162 115.64841 369.69152 0.48538408 -0.43100847 -0.25508056 25 0 485 1.4135847 -0.37580461
163 475.97532 370.87897 0.71562284 0.063988062 -0.073051688 25 0 11113 30.323139 -3.7044354
164 0.26085316 371.80771 0.9111492 -0.10254041 0.36837447 25 0 524 1.2055634 -0.20297516
165 342.47023 381.88514 0.64219594 0.12523207 -0.26451541 25 0 3422 9.5583233 -2.4509543
166 51.595441 382.93974 0.71479439 -0.073384814 -0.34505325 25 0 4019 10.47917 -2.5508172
167 97.046214 384.53605 0.59561225 -0.14567123 0.46726267 25 0 570 1.48422 -0.42874568
168 203.95409 386.10525 0.68270874 0.091089956 -0.11543871 25 0 704 1.8270055 -0.65434961
169 245.53662 387.0673 0.63926122 -0.1014171 -0.069304431 25 0 405 1.1281857 -0.13095144
170 77.134365 387.59936 0.69958967 0.19115147 -0.20604575 25 0 475 1.1374342 -0.13981569
171 121.19774 388.93658 0.71506116 0.025108873 -0.19246288 25 0 1794 4.7723511 -1.696831
172 493.14144 389.04806 0.61370008 0.1074539 -0.29067419 25 0 249 1.0585997 -0.061829432
173 431.92144 391.26678 0.68290948 0.10183011 -0.045919644 25 0 2781 7.9265635 -2.2477124
174 461.29918 390.87198 0.67393786 -0.2427365 -0.13284606 25 0 2301 6.6142051 -2.0511941
175 36.782368 393.93652 0.79251099 -0.04551891 -0.15970555 25 0 741 1.8027007 -0.6398091
176 223.23911 398.97757 0.67404827 -0.0062328521 -0.21045513 25 0 8917 24.673259 -3.4805663
177 353.64999 401.04683 0.67666799 0.029959509 -0.26398872 25 0 803 2.2456112 -0.87833642
178 252.36864 406.47058 0.58483967 0.85005082 -0.097748446 25 0 685 2.0574374 -0.7833166
179 389.14203 406.12221 0.6071373 0.10447717 0.0012695517 25 0 539 1.7724631 -0.621443
180 249.57416 410.17211 0.635401 -0.034261711 -0.24463905 25 0 2064 5.8100608 -1.9104517
181 267.741 409.9304 0.65170471 0.1354357 -0.2363966 25 0 403 1.1054212 -0.10881949
182 471.2123 410.67531 0.46611547 0.47956049 0.21382142 25 0 276 1.0979229 -0.10142965
183 81.493673 415.37121 0.51997625 -0.061915933 -0.20097261 25 0 799 2.2864941 -0.89792523
184 105.70783 416.85382 0.68241374 0.13129907 -0.18520588 25 0 2533 6.9312543 -2.1020296
185 281.27728 427.02091 0.56364139 0.07615215 -0.32337113 25 0 348 1.0288699 -0.03090117
186 191.275 433.89296 0.60653326 0.10411173 -0.25791557 25 0 478 1.313586 -0.29614631
187 156.53144 434.95025 0.72763712 -0.043402856 -0.28091243 25 0 2497 6.3676395 -2.0099462
188 130.02559 435.82401 0.66288692 0.26470584 -0.10680469 25 0 1181 3.192079 -1.2601841
189 378.78796 435.97178 0.72413253 -0.10316365 -0.13509564 25 0 390 1.124202 -0.12711089
190 159.37237 437.59139 0.71347945 0.30608671 -0.1779822 25 0 446 1.1228324 -0.12578735
191 229.68483 438.30951 0.59408166 -0.11077521 -0.14593359 25 0 1099 3.1572293 -1.2482653
192 488.76807 438.27157 0.31193657 -0.051893867 -0.063659666 25 0 58451 199.12297 -5.7478034
193 342.26522 440.29197 0.66253775 0.15074521 -0.13319415 25 0 3545 10.037277 -2.5040398
194 12.110074 443.14929 0.73051838 0.020482678 -0.051933173 25 0 406 1.0838215 -0.08739443
195 242.79473 442.81107 0.73038915 -0.022435738 -0.11379119 25 0 1351 3.4222952 -1.3357937
196 88.935411 444.59366 0.65180717 0.311506 -0.033335279 25 0 14866 41.744722 -4.0515039
197 473.82899 445.67207 0.5883478 0.29972063 0.32355552 25 0 242 1.0672954 -0.070711564
198 209.88513 452.26338 0.59877416 -0.17843137 -0.34739167 25 0 320 1.0410559 -0.043685115
199 474.81568 454.85675 0.72664247 0.078407698 -0.11908176 25 0 2564 7.1097051 -2.129629
200 308.74874 458.64054 0.59205118 -0.033423981 0.19010242 25 0 619 1.9223093 -0.70955817
201 432.79938 459.63522 0.64379298 0.36949414 0.087445185 25 0 343 1.1607946 -0.16188847
202 359.78674 463.31921 0.65729837 -0.13834878 -0.059295125 25 0 1382 4.0141702 -1.5089895
203 53.980059 464.1399 0.77793555 0.091595386 -0.14686517 25 0 7863 20.298583 -3.2686643
204 146.9235 465.50104 0.62077163 0.15264919 0.035922938 25 0 1173 3.4063934 -1.330737
205 425.33723 467.02192 0.45302753 0.020860341 -0.18585442 25 0 58433 194.93888 -5.7247462
206 208.65421 473.42575 0.60160525 0.62922891 0.028614089 25 0 4530 12.984091 -2.7835289
207 340.32327 475.26442 0.63198153 -0.043307214 -0.30115756 25 0 569 1.6627377 -0.55205935
208 426.55362 474.72262 0.71790827 -0.17661788 -0.15964475 25 0 517 1.4878741 -0.43141547
209 111.9972 477.2407 0.76847313 0.070773561 -0.1951462 25 0 525 1.292727 -0.27876708
210 258.7425 476.82467 0.67763209 0.16429005 -0.17906479 25 0 3604 10.027791 -2.5030132
211 336.01144 482.08338 0.7104565 0.0061421094 0.0095809032 25 0 505 1.45299 -0.40565656
212 136.65839 482.83473 0.67544987 0.24046092 -0.24030272 25 0 984 2.6703845 -1.0664345
213 61.686476 488.05578 0.72838844 -0.025586795 -0.18624277 25 0 1328 3.5496146 -1.375453
214 237.80033 497.89438 0.59886053 0.029080434 -0.12519749 25 0 432 1.2532133 -0.24506246
215 147.91379 501.84428 0.68131407 -0.017157694 -0.31367794 25 0 367 1.0044384 -0.0048082258
216 65.153368 502.97369 0.81006747 -0.16324495 -0.31238605 25 0 463 1.1823143 -0.18183233
217 113.80821 504.74926 0.76495813 -0.10775714 -0.066207698 25 0 697 1.6506229 -0.54411965
218 159.16972 504.91066 0.68661791 0.012117878 -0.19619054 25 0 682 1.9170262 -0.70657013
219 114.72674 508.4992 0.6587244 0.30948274 -0.091946999 25 0 780 1.9894288 -0.74682102
