id xcentroid ycentroid sharpness roundness1 roundness2 npix sky peak flux mag
1 38.944491 0.15461996 0.77254569 -0.29435208 -0.48661989 25 0 5059 12.421559 -2.7354403
2 300.52002 15.898014 0.60936064 -0.21789479 -0.23101178 25 0 605 1.7985116 -0.63728309
3 431.67842 19.404825 0.60225711 -0.50097736 -0.024260798 25 0 305 1.1097094 -0.11302314
4 112.14379 23.05821 0.51446729 -0.11468307 -0.16709041 25 0 426 1.4323946 -0.39015671
5 27.540743 25.033271 0.65390195 -0.26217196 -0.39122059 25 0 13050 33.574095 -3.8150108
6 337.83649 24.480467 0.50378832 0.19675462 -0.027312418 25 0 530 1.7803129 -0.62624084
7 411.24184 27.807449 0.64281543 -0.31820831 -0.26783999 25 0 591 1.7807932 -0.6265337
8 470.48357 27.738225 0.63224928 -0.42007962 -0.27307734 25 0 22770 58.262882 -4.4134799
9 357.03337 45.942821 0.53995109 -0.025826797 -0.12802292 25 0 463 1.5257411 -0.45870211
10 129.91576 48.612672 0.50738205 -0.077538349 -0.1538422 25 0 340 1.0770502 -0.080589877
11 116.53429 52.752327 0.60705055 0.062303334 -0.085108287 25 0 491 1.3460121 -0.32262244
12 189.46975 53.903572 0.5295142 -0.030549894 -0.29213779 25 0 942 2.6771435 -1.0691791
13 208.98069 54.720296 0.55653024 -0.12192434 -0.24142131 25 0 2077 5.8029477 -1.9091216
14 69.485527 57.042083 0.639668 -0.6451303 -0.54990612 25 0 465 1.3372727 -0.31554991
15 327.61403 56.832801 0.33197508 0.11922218 -0.26705058 25 0 58588 177.47299 -5.6228307
16 114.3503 58.899512 0.62687549 -0.30941938 -0.28964136 25 0 4869 12.689503 -2.7586116
17 403.07123 60.593922 0.554642 0.13039438 -0.06891356 25 0 775 2.3880497 -0.9451084
18 297.26223 67.410815 0.56708579 0.096990109 -0.19906978 25 0 1315 3.6127234 -1.3945868
19 473.55513 66.49825 0.55195856 0.38721549 -0.17192431 25 0 497 1.6581252 -0.54904327
20 446.16524 74.116311 0.63559122 -0.012330808 -0.2603649 25 0 1361 3.8173097 -1.4543935
21 504.61667 76.551715 0.57045616 -0.35287403 -0.030772963 25 0 2434 6.8607062 -2.0909221
22 34.620252 79.900478 0.62990976 -0.66315895 -0.53739092 25 0 528 1.4959538 -0.43729545
23 57.42446 79.582804 0.57645472 -0.55559045 -0.3207005 25 0 358 1.1091277 -0.11245388
24 435.7639 80.954152 0.63880105 -0.041081816 -0.23637441 25 0 1531 4.2223534 -1.5638865
25 0.75358428 81.623426 0.65037069 -0.32364757 0.056321056 25 0 417 1.1580779 -0.15934441
26 474.54095 81.889423 0.71281095 -0.69227739 -0.30087926 25 0 362 1.1717357 -0.17207418
27 421.11593 82.686755 0.66283651 0.24451772 -0.12726769 25 0 492 1.4050059 -0.36919536
28 58.560911 84.803288 0.57402353 -0.16791468 -0.3801021 25 0 1341 3.6836652 -1.4157004
29 471.5457 89.606148 0.4871994 0.41713192 -0.26213345 25 0 545 1.8129284 -0.64595162
30 353.55112 93.4862 0.56851516 -0.68027315 -0.27750988 25 0 2440 6.3308615 -2.003657
31 94.91994 100.30748 0.62912458 0.38771627 -0.17018625 25 0 532 1.3781021 -0.34820349
32 147.28376 100.44147 0.56232171 0.70186996 0.064155085 25 0 397 1.0269926 -0.028918265
33 493.99764 100.47583 0.52647424 0.061087528 -0.025641452 25 0 16503 46.875766 -4.1773709
34 157.86354 107.09706 0.59862623 -0.3800577 -0.40709401 25 0 502 1.2703565 -0.25981407
35 286.59465 107.91468 0.54751868 -0.12710742 -0.32954142 25 0 1096 3.0052096 -1.1946869
36 290.52552 109.5319 0.52105335 -0.1394064 -0.18316231 25 0 1114 2.9928557 -1.1902145
37 188.78547 110.50659 0.49336751 -0.044326544 -0.20967605 25 0 1327 3.5926481 -1.3885367
38 56.420155 114.56761 0.54052462 0.16895805 -0.30985448 25 0 3049 8.0389839 -2.2630029
39 511.00132 117.07122 0.99961789 0.074518898 0.15362855 25 0 1128 2.4509205 -0.97332306
40 492.30416 120.45155 0.52898179 -0.39072783 0.030357757 25 0 1459 4.1863416 -1.5545866
41 335.2405 125.96162 0.59122518 -0.23118249 -0.2729325 25 0 476 1.2480095 -0.24054476
42 221.83877 127.82769 0.53773718 -0.11503605 -0.24682897 25 0 14612 41.482087 -4.0446515
43 239.28287 127.99338 0.63491747 0.12205098 -0.24727174 25 0 1031 2.4502391 -0.97302118
44 249.35084 129.34069 0.59152341 0.047199755 -0.22123942 25 0 1684 4.3095916 -1.5860903
45 305.98536 129.06561 0.52041785 -0.18786111 -0.26512521 25 0 1045 3.0403233 -1.2072994
46 100.82266 131.40744 0.67989872 -0.82857634 -0.3768518 25 0 543 1.1828258 -0.18230201
47 201.22142 131.02946 0.67498326 -0.47529112 -0.49382272 25 0 505 1.0416444 -0.044298663
48 451.12928 130.76556 0.74540498 0.1968771 -0.24282949 25 0 388 1.1004415 -0.10391742
49 53.55267 132.78691 0.66401498 0.17821027 -0.26871324 25 0 531 1.3045645 -0.28866385
50 153.29841 134.54759 0.58492859 0.096746352 -0.091391645 25 0 1750 4.4543543 -1.6219619
51 177.23194 139.93863 0.55863213 -0.13804274 -0.26508957 25 0 1632 4.4064264 -1.6102163
52 8.5693985 141.32298 0.65330502 -0.40815014 -0.19915754 25 0 1050 2.6790786 -1.0699637
53 474.98316 146.16233 0.9990348 -0.24225795 -0.12695815 25 0 457 1.1220689 -0.12504881
54 397.05583 151.6103 0.55824907 0.030566945 0.0033588048 25 0 9492 25.416524 -3.5127904
55 15.808796 157.71461 0.48364085 -0.37806958 0.079856492 25 0 509 1.6071619 -0.51514906
56 299.96792 157.04493 0.58039671 -0.25071964 -0.29127088 25 0 2782 7.4532328 -2.1808617
57 485.34327 163.56259 0.57105015 -0.38280544 -0.11604114 25 0 6071 16.520439 -3.0450539
58 386.94989 173.08346 0.58314073 -0.16050646 -0.24643065 25 0 46991 128.51212 -5.2723602
59 207.42518 176.96435 0.63956912 -0.12962487 -0.2275305 25 0 529 1.1262062 -0.12904475
60 426.12469 176.57085 0.47627985 -0.03356829 0.035284827 25 0 346 1.2690288 -0.25867872
61 154.6001 180.32782 0.66387065 0.18295364 -0.26573719 25 0 580 1.2392538 -0.23290063
62 227.03336 185.39537 0.55534609 -0.10735632 -0.20959229 25 0 1569 4.1090897 -1.5343641
63 347.24506 185.30741 0.50863058 0.13239591 -0.012466039 25 0 444 1.254454 -0.24613682
64 479.37692 184.9392 0.6298344 -0.2431483 -0.23573453 25 0 5924 15.607318 -2.9833207
65 165.2705 186.0072 0.5832566 -0.2665723 -0.38028256 25 0 959 2.3420275 -0.92397995
66 153.72793 188.57652 0.52455723 -0.086201646 -0.26771512 25 0 1330 3.58176 -1.3852412
67 17.87551 194.32161 0.58546351 0.030688064 -0.17728375 25 0 692 1.983331 -0.743488
68 422.19059 194.1622 0.5625449 -0.15313537 -0.24176471 25 0 2380 6.6588497 -2.058498
69 115.97026 194.5801 0.4738943 0.079753238 0.045803436 25 0 1443 4.0699764 -1.5239797
70 411.95327 196.42377 0.61501224 -0.45189232 -0.1951146 25 0 470 1.2276972 -0.2227282
71 483.987 196.05044 0.57146832 -0.18546503 -0.34606859 25 0 553 1.8082068 -0.64312027
72 227.73746 197.47441 0.43939568 0.037983505 -0.058212699 25 0 823 2.2432518 -0.87719505
73 422.62843 199.21959 0.65480682 -0.49806474 -0.18136352 25 0 757 1.8888925 -0.69051812
74 190.31055 200.22638 0.65675453 -0.25828175 -0.39597267 25 0 746 1.6189243 -0.52306634
75 72.573544 201.07516 0.62891542 -0.27696422 -0.3075788 25 0 37259 96.687337 -4.963424
76 122.24802 202.37917 0.47809476 0.21421625 0.0074363437 25 0 389 1.0128546 -0.013867778
77 455.90531 211.11052 0.70562889 -0.10959851 -0.09549487 25 0 603 1.6529949 -0.54567876
78 169.38731 213.16699 0.50103281 -0.10691719 -0.25646879 25 0 567 1.5700245 -0.48976609
79 67.525236 215.19075 0.58261559 0.090398762 -0.19839489 25 0 551 1.4637336 -0.41365512
80 509.83312 214.80494 0.60403883 -0.25145365 -0.21196408 25 0 1379 3.8750015 -1.4706797
81 470.53776 217.10058 0.48755583 0.17446596 -0.51481902 25 0 387 1.4493591 -0.40294001
82 503.76898 220.87949 0.5753832 -0.035448298 -0.16930861 25 0 2666 7.7276812 -2.220123
83 15.788238 225.50543 0.67326782 0.090879974 -0.23377313 25 0 480 1.2730336 -0.26209968
84 426.66791 227.00451 0.48213923 -0.1363203 -0.2697264 25 0 780 2.3959622 -0.94869989
85 327.39659 229.11691 0.57312795 -0.11012586 -0.36514224 25 0 1275 3.3682194 -1.3185009
86 257.48438 231.07096 0.57708218 -0.36453642 -0.3480828 25 0 661 1.5995398 -0.50998761
87 151.7576 232.44864 0.60806031 -0.37316122 -0.099079657 25 0 907 2.0402542 -0.77421068
88 480.47743 235.8363 0.62117666 -0.50161312 -0.32162517 25 0 3951 10.251535 -2.5269723
89 240.87118 237.80347 0.52971376 -0.079588148 -0.20287364 25 0 2439 6.7377916 -2.0712939
90 353.05126 240.0443 0.56100684 -0.18319157 -0.26350668 25 0 3843 10.495212 -2.5524781
91 423.24839 240.82851 0.59129887 -0.30390502 -0.25250194 25 0 12173 32.498568 -3.7796606
92 327.98954 242.3475 0.47977571 -0.24584172 -0.25215643 25 0 844 2.4537314 -0.97456757
93 181.52655 248.62462 0.44996107 0.3265289 -0.17724459 25 0 578 1.5210275 -0.45534269
94 241.29947 249.5778 0.42537652 0.49710674 -0.16351212 25 0 602 1.6990038 -0.57548585
95 432.53856 252.34014 0.58227914 0.10751537 -0.28433492 25 0 1479 3.9530484 -1.4923303
96 205.10401 266.08473 0.5864757 -0.13919982 -0.27878399 25 0 4761 12.734763 -2.7624772
97 429.32851 265.76557 0.59986485 -0.43422411 -0.23637107 25 0 6382 16.668405 -3.0547351
98 34.399197 286.63919 0.6556456 -0.48332915 -0.21534686 25 0 1328 3.2609982 -1.2833764
99 48.529645 295.88502 0.61523786 -0.30310047 -0.34027809 25 0 723 1.7998611 -0.63809745
100 348.83919 298.55033 0.55281131 -0.31618715 -0.092436355 25 0 4248 11.192406 -2.6223087
101 161.55263 299.59306 0.56999053 0.1316751 -0.19927351 25 0 796 1.9692977 -0.73577841
102 40.252653 300.80595 0.60651294 -0.15627721 -0.23060444 25 0 1197 3.1205735 -1.235586
103 68.363285 300.60146 0.56109856 0.13045736 -0.32418655 25 0 924 2.3688975 -0.93636569
104 454.57578 303.51236 0.65030385 -0.37204572 0.0068245736 25 0 601 1.6487781 -0.5429055
105 51.940795 316.2997 0.59101582 -0.32240749 -0.26342976 25 0 1201 3.1954416 -1.2613272
106 195.44871 322.07778 0.60919932 -0.49271439 -0.47915597 25 0 861 2.0867523 -0.79867724
107 427.18791 322.35482 0.55951833 0.11953653 -0.026203985 25 0 825 2.363563 -0.93391796
108 114.55116 326.78975 0.54360029 0.0069962973 -0.31343976 25 0 2797 7.5372684 -2.193035
109 306.74195 338.58085 0.48631386 0.24356653 -0.162598 25 0 484 1.4177044 -0.37896422
110 7.4717946 346.62265 0.56320838 0.5423065 -0.077904899 25 0 9101 24.174976 -3.4584151
111 264.1682 345.9724 0.54683458 -0.052151979 -0.38260665 25 0 527 1.3893071 -0.35699565
112 357.0754 346.3971 0.59205595 -0.41299831 -0.050616387 25 0 434 1.1079956 -0.11134512
113 240.29216 347.47837 0.58114931 -0.72239736 -0.31923435 25 0 676 1.6163241 -0.52132109
114 53.7085 347.70239 0.5590483 0.24676192 -0.14505466 25 0 861 2.2341679 -0.87278952
115 465.43825 354.09617 0.558224 -0.0039648918 0.063898482 25 0 654 1.8983148 -0.69592059
116 337.37306 359.94915 0.61889172 -0.31091268 -0.40135961 25 0 710 1.850235 -0.66806721
117 216.54687 363.51143 0.5952999 -0.59396307 -0.18271915 25 0 4113 10.180081 -2.5193781
118 358.44834 365.10106 0.56647608 -0.14007869 -0.25398719 25 0 869 2.3094584 -0.90877536
119 275.45145 367.5009 0.56182456 -0.64679018 -0.23311293 25 0 18827 48.257806 -4.2089189
120 0.19774373 369.66896 0.85671314 -0.20492578 0.55195488 25 0 555 1.2074687 -0.20468969
121 0.43379214 372.79682 0.80814808 -0.47697357 0.17455759 25 0 619 1.3970488 -0.36302892
122 391.32398 374.72488 0.62213006 -0.54065539 -0.28685745 25 0 1689 4.4977189 -1.6324808
123 202.81887 376.59818 0.53782589 -0.27063857 -0.15587106 25 0 1229 3.2001066 -1.2629111
124 254.86542 377.68951 0.53504574 -0.035363666 -0.18758929 25 0 2315 6.4310243 -2.0207004
125 72.491369 379.02778 0.63601257 -0.24602474 -0.37085817 25 0 4580 11.609487 -2.6620326
126 404.68781 379.00289 0.60844261 -0.59397714 -0.32041147 25 0 935 2.5531692 -1.017699
127 476.30147 381.1989 0.59267938 -0.15837646 -0.22156262 25 0 7775 21.04617 -3.3079327
128 342.67643 392.17495 0.61341468 -0.3378363 -0.28719002 25 0 3082 8.015135 -2.2597771
129 51.650865 393.17322 0.64725332 -0.30610428 -0.24053271 25 0 3476 8.9200115 -2.3759135
130 96.403199 394.7027 0.51403226 0.23712348 -0.99570192 25 0 477 1.1900064 -0.18887327
131 204.0889 396.3681 0.64332078 0.22057771 -0.19144992 25 0 603 1.3511776 -0.32678109
132 121.43403 399.14282 0.63045068 -0.0027173896 -0.36188461 25 0 1318 3.2087091 -1.2658259
133 461.41583 401.19872 0.63864627 -0.74504697 -0.36197083 25 0 1722 4.5189428 -1.6375921
134 432.14747 401.55064 0.57898324 -0.2998702 -0.074539602 25 0 2017 5.5992135 -1.8703176
135 37.051277 404.11508 0.64982165 -0.079013862 -0.19419389 25 0 612 1.5053352 -0.44408305
136 223.39122 409.26859 0.57044949 -0.082779835 -0.30075556 25 0 6474 17.326754 -3.096793
137 353.9844 411.45204 0.67511127 0.049394107 0.010137845 25 0 681 1.7088919 -0.58178649
138 252.51423 416.81491 0.63795455 -0.11360994 -0.39422318 25 0 635 1.4803119 -0.42588309
139 389.37097 416.51611 0.50423587 -0.30847669 -0.23808623 25 0 358 1.1771734 -0.17710109
140 249.8244 420.4197 0.62890101 -0.22105891 -0.16324187 25 0 1737 4.3125948 -1.5868466
141 471.30081 420.96894 0.71058782 0.18555194 -0.25273889 25 0 439 1.291916 -0.27808569
142 81.91654 425.64365 0.60114705 -0.12990664 -0.061143438 25 0 935 2.4874664 -0.98939307
143 105.95245 427.08005 0.64448467 -0.22936649 -0.30254433 25 0 2249 5.7725152 -1.9034127
144 156.5614 445.14303 0.67121678 -0.36090408 -0.32311953 25 0 2130 5.1761906 -1.7850257
145 130.09323 446.06437 0.60033426 -0.14645632 -0.2970199 25 0 1093 2.9117326 -1.1603787
146 229.83039 448.54466 0.50420961 0.10207747 -0.20400479 25 0 840 2.4412052 -0.9690107
147 488.91915 448.55561 0.3067766 -0.16812356 -0.1363708 25 0 58377 168.04681 -5.5635757
148 342.44992 450.54784 0.59151426 -0.71817348 -0.23786574 25 0 2456 6.3618012 -2.0089502
149 242.9848 453.02379 0.72114781 -0.38523827 -0.11134443 25 0 1209 2.7434767 -1.0957532
150 89.128026 454.81061 0.64325579 -0.14699776 -0.22126309 25 0 13961 36.539813 -3.9069158
151 474.9458 465.18744 0.62500119 -0.15705039 -0.16155188 25 0 2024 5.693506 -1.8884495
152 308.85909 468.78023 0.54599008 -0.37735286 -0.33751521 25 0 562 1.6567397 -0.54813573
153 432.99072 469.99061 0.68301408 -0.50959574 -0.19645122 25 0 402 1.1237992 -0.12672181
154 54.14512 474.41254 0.64345888 0.15777334 -0.10830603 25 0 5433 14.070028 -2.8707374
155 359.92026 473.67694 0.55361633 -0.18801347 -0.15107448 25 0 1095 3.0561686 -1.2129433
156 147.07511 475.62286 0.55369663 -0.070262997 -0.10362989 25 0 1017 2.790421 -1.1141743
157 425.45529 477.42931 0.49694301 -0.76999054 -0.24812856 25 0 58352 159.97981 -5.5101629
158 208.81521 483.72195 0.58122774 -0.069646527 -0.24625364 25 0 4340 11.87481 -2.6865666
159 426.72045 484.96224 0.71030714 -0.34306677 -0.24469136 25 0 463 1.1777079 -0.17759394
160 258.92086 487.07707 0.63310984 -0.24871185 -0.2617366 25 0 3004 7.8995204 -2.2440018
161 112.12492 487.56085 0.52314351 -0.2790912 -0.30404124 25 0 387 1.0499592 -0.052931048
162 336.33374 492.355 0.68653507 0.13555125 -0.18457174 25 0 424 1.0595069 -0.062759454
163 136.78122 492.93636 0.64777336 -0.17838733 -0.24336813 25 0 914 2.3629498 -0.93363624
164 61.882591 498.27909 0.65089897 -0.079770813 -0.092020421 25 0 1113 2.9304591 -1.1673391
165 237.95372 508.15029 0.59945545 0.27542116 -0.17912657 25 0 431 1.1021131 -0.10556545
