id xcentroid ycentroid sharpness roundness1 roundness2 npix sky peak flux mag
1 308.67928 1.3697146 0.72956183 0.34720516 -0.17008244 25 0 665 1.7319396 -0.59633185
2 440.09295 4.2061525 0.77283735 0.82643775 0.17056761 25 0 381 1.0946492 -0.098187457
3 120.55217 8.4739288 0.65469643 -0.24959611 0.091748604 25 0 356 1.0473556 -0.050235436
4 35.716316 10.538339 0.6168215 -0.079001568 0.046283306 25 0 11057 31.108452 -3.732196
5 346.38866 9.6988137 0.50513955 0.10643224 -0.13163972 25 0 527 1.8101891 -0.64430985
6 419.77801 12.871826 0.61746455 0.28820217 -0.10407521 25 0 556 1.9186455 -0.70748686
7 478.87819 12.652325 0.60599952 0.49506827 -0.046026883 25 0 21380 61.265348 -4.4680373
8 365.45236 31.171564 0.56753772 0.0034615679 -0.10304156 25 0 408 1.3572294 -0.33163313
9 465.0177 31.257887 0.67375056 0.6290686 0.038572077 25 0 287 1.1049367 -0.10834354
10 138.03577 33.919712 0.59925515 0.28647566 -0.2914094 25 0 372 1.1123411 -0.11559492
11 124.93384 37.976416 0.69292986 0.013030552 -0.31921506 25 0 544 1.5497893 -0.47568168
12 197.89287 39.063297 0.68398982 0.2494947 -0.21068445 25 0 1213 3.2421286 -1.2770756
13 217.45716 39.93474 0.59932073 0.0017834736 -0.263665 25 0 1915 5.4150377 -1.8340037
14 358.0647 41.012206 0.66629388 0.60403221 -0.062315271 25 0 436 1.3303473 -0.30991262
15 77.707822 42.401567 0.61133971 -0.15149614 -0.2165717 25 0 412 1.3231939 -0.30405871
16 335.97974 42.041401 0.27387852 0.48096057 -0.045979473 25 0 58587 231.42774 -5.9110385
17 122.70112 44.209844 0.66462543 -0.013813772 -0.11420905 25 0 4765 12.916533 -2.7778649
18 411.49924 45.456706 0.52858945 0.89035395 -0.060685543 25 0 600 2.0152134 -0.76080263
19 258.39485 50.921499 0.64651737 0.23745263 0.04507181 25 0 426 1.2880962 -0.27487071
20 481.96867 51.61652 0.605097 0.33838823 -0.068376792 25 0 527 1.844149 -0.66449
21 305.62756 52.455133 0.56654099 0.72620229 -0.19847572 25 0 1092 3.0842813 -1.222885
22 454.59024 59.096502 0.59102197 0.095823781 -0.24751362 25 0 1187 3.6737245 -1.4127665
23 9.0156897 63.168814 0.76405177 -0.3500936 -0.22920694 25 0 371 1.0881415 -0.091713468
24 42.621507 65.317389 0.71887886 -0.083826945 -0.098891701 25 0 526 1.4546295 -0.40688094
25 444.31771 66.022779 0.64578249 0.39129526 -0.16367044 25 0 1362 3.8970782 -1.4768478
26 9.2502162 67.180046 0.74110362 -0.09772557 0.049061181 25 0 378 1.164932 -0.16575145
27 124.06273 66.91152 0.68014634 -0.42413681 -0.61440844 25 0 397 1.1580278 -0.15929747
28 429.51614 67.502624 0.57204387 -0.02305135 -0.12906506 25 0 382 1.2972535 -0.28256213
29 67.0317 70.204865 0.70150193 0.12552819 -0.055003364 25 0 1603 4.3910454 -1.6064198
30 480.06207 74.588488 0.60213978 0.49245802 0.068434626 25 0 677 2.1531241 -0.83267264
31 362.01818 78.593584 0.54539322 0.33034731 -0.032569992 25 0 2582 7.6968193 -2.2157782
32 131.07101 82.064521 0.70938934 -0.41287791 -0.35154653 25 0 500 1.2392456 -0.23289346
33 502.41112 85.433891 0.64330638 0.66922847 -0.058727184 25 0 17219 46.92134 -4.178426
34 103.38888 85.699036 0.61621862 0.53575263 -0.23776152 25 0 453 1.1991385 -0.19717334
35 166.29798 92.447528 0.85213582 0.17227014 -0.068765395 25 0 565 1.1542749 -0.15577313
36 295.04489 92.971858 0.56587056 -0.12168741 -0.17035009 25 0 1105 3.2617908 -1.2836403
37 299.06213 94.715297 0.55001985 -0.034202124 -0.10357933 25 0 1170 3.4138591 -1.333114
38 197.25487 95.867405 0.61149678 0.030574056 -0.15274596 25 0 1566 4.2993561 -1.5835085
39 64.970551 100.05193 0.67693657 0.10489871 -0.083685626 25 0 4155 11.323556 -2.6349571
40 126.89008 99.767676 0.62493265 0.25364553 -0.21787713 25 0 436 1.2004001 -0.19831505
41 500.70669 105.43842 0.59863866 0.077591848 -0.024858467 25 0 1590 4.7358583 -1.6884967
42 343.4799 111.25501 0.53801735 0.010966873 -0.3271926 25 0 497 1.4939945 -0.4358725
43 230.35509 113.07982 0.61342237 0.18569659 -0.20296165 25 0 14977 42.294866 -4.0657191
44 247.7821 113.08937 0.66164299 0.40462948 -0.01389909 25 0 997 2.4296939 -0.9638789
45 314.45992 114.13306 0.59287493 0.39803569 -0.25754619 25 0 1056 3.0081402 -1.1957452
46 257.8491 114.50069 0.51692965 0.43460618 -0.024711825 25 0 1376 4.032472 -1.5139284
47 459.90891 115.80458 0.60531094 0.38159384 -0.24958889 25 0 353 1.2435463 -0.23665492
48 109.38908 116.74815 0.53354348 0.075962533 -0.0055546178 25 0 447 1.2685528 -0.2582714
49 209.97084 116.15533 0.50613562 0.38662937 0.18041638 25 0 433 1.2048073 -0.20229398
50 62.124021 118.20922 0.61186978 0.059547085 -0.22256361 25 0 518 1.5095766 -0.4471379
51 161.61148 119.76616 0.60086193 0.21507484 -0.15319519 25 0 1711 4.7111164 -1.6828096
52 185.57715 125.23649 0.60077413 -0.014316969 -0.14624038 25 0 1538 4.1670496 -1.5495717
53 17.047971 126.69913 0.64979101 0.27537362 -0.061254686 25 0 1140 3.2461909 -1.2784352
54 263.28891 128.37956 0.4673311 -0.16140814 -0.072210991 25 0 369 1.0200846 -0.021590462
55 405.54429 136.55388 0.55306885 0.68015996 -0.1382828 25 0 8403 24.251857 -3.4618625
56 308.43616 142.15021 0.61321695 0.23549165 -0.21579253 25 0 2561 6.9320122 -2.1021483
57 24.187044 143.14619 0.67942373 0.029112467 -0.15104858 25 0 766 2.1032071 -0.80720512
58 7.4177528 147.14484 0.76581768 0.23492905 -0.034912207 25 0 549 1.3217066 -0.30283761
59 493.81503 148.42359 0.52483516 0.58093248 0.059078336 25 0 5342 16.463922 -3.0413333
60 107.03286 156.49945 0.61734644 0.06540587 0.037221897 25 0 524 1.3757874 -0.3463783
61 395.4653 158.1012 0.60910967 0.0057071901 -0.30239299 25 0 39857 108.40424 -5.0876157
62 215.94052 162.18246 0.5837138 0.40678295 -0.01797249 25 0 531 1.2875304 -0.27439375
63 434.69204 161.34869 0.53224404 0.14721099 0.031028252 25 0 338 1.2012702 -0.19910178
64 163.11554 165.47644 0.56555672 0.332797 0.0070767769 25 0 1514 4.0876932 -1.5286957
65 355.94574 170.42566 0.62913918 0.068943852 -0.045712955 25 0 565 1.6063362 -0.5145911
66 487.76539 169.84286 0.60229147 0.23652245 -0.14247788 25 0 5410 15.783963 -2.9955401
67 173.67467 171.21731 0.61908773 0.15069119 -0.17318007 25 0 849 2.1094668 -0.81043174
68 235.64759 170.5559 0.57555346 0.67278187 0.0032097674 25 0 1427 3.7758846 -1.4425468
69 162.19242 173.93499 0.59701839 0.034113234 -0.24332422 25 0 1433 3.9366749 -1.4878239
70 430.63651 179.13385 0.62201645 0.067070655 -0.20709309 25 0 2395 6.771823 -2.076764
71 26.320482 179.83061 0.67182794 0.086825115 -0.26514321 25 0 729 1.8851766 -0.6883801
72 124.56198 179.86808 0.59999147 0.1905302 -0.25962306 25 0 1484 3.8760936 -1.4709857
73 420.53325 181.26142 0.61429341 0.71903023 -0.17390541 25 0 422 1.1900589 -0.1889211
74 492.39089 180.86161 0.74302138 -0.071656298 -0.25493114 25 0 602 1.6013289 -0.51120134
75 236.39311 182.68254 0.54554992 0.11232162 -0.099040998 25 0 935 2.6384716 -1.0533811
76 431.13258 184.18203 0.62063918 -0.032674882 -0.18342195 25 0 788 2.3659472 -0.93501263
77 198.7522 185.44696 0.62428601 0.1260392 -0.10289938 25 0 663 1.6393512 -0.53667999
78 81.104641 186.50147 0.65250681 0.4150375 0.047393666 25 0 34238 92.273236 -4.9126894
79 464.4926 196.11919 0.56364704 -0.16954819 -0.16729711 25 0 441 1.5271478 -0.45970267
80 177.69315 198.45843 0.60001262 -0.011766093 -0.081343812 25 0 581 1.4194756 -0.38031983
81 76.345683 200.35443 0.4734871 0.1196179 0.097772596 25 0 401 1.1650488 -0.16586032
82 478.94357 202.04739 0.68490179 0.47735737 -0.011089277 25 0 518 1.5325488 -0.46353578
83 511.07483 205.74543 0.82573568 0.021795505 0.57617362 25 0 557 1.5080149 -0.44601411
84 24.185636 210.83617 0.65670131 0.89001737 -0.14422745 25 0 457 1.1993708 -0.19738367
85 435.17231 212.07838 0.62929326 0.20205448 -0.088460119 25 0 940 2.8011579 -1.118344
86 335.92727 214.20895 0.59977253 0.07631891 -0.1858899 25 0 1277 3.4560974 -1.3464649
87 266.03099 216.28213 0.55206548 0.51857583 0.013929574 25 0 687 1.8791646 -0.68491206
88 160.32927 217.57429 0.5964449 -0.085452531 -0.13305519 25 0 869 2.2685494 -0.88937059
89 489.00972 220.71149 0.57290944 0.26274836 -0.068129474 25 0 3650 10.948741 -2.5984104
90 249.56954 222.94375 0.61331035 -0.018338862 -0.29211862 25 0 2378 6.368405 -2.0100767
91 361.67307 225.11738 0.60604514 0.075941995 -0.22360766 25 0 3700 10.350115 -2.5373629
92 431.78917 225.85711 0.57762554 0.24787806 -0.17063918 25 0 11345 33.269895 -3.8051286
93 336.73334 227.43441 0.56250165 0.076275198 -0.043526162 25 0 855 2.3255287 -0.91630424
94 190.07472 233.67796 0.57048589 0.15096572 -0.04536664 25 0 685 1.7628485 -0.61553747
95 250.07712 234.63438 0.50759831 0.43060057 -0.03275542 25 0 636 1.6476125 -0.54213767
96 440.95511 237.37539 0.63252036 0.21769563 -0.021685061 25 0 1586 4.4114216 -1.6114464
97 213.6503 251.27853 0.62044795 -0.068423994 -0.15056681 25 0 4239 11.568688 -2.6582103
98 437.88801 250.72238 0.56497418 0.27715391 -0.077218552 25 0 5763 17.114756 -3.0834268
99 275.57768 253.76552 0.76207829 -0.26270126 -0.44208529 25 0 498 1.0984618 -0.10196243
100 42.930925 272.02747 0.68742476 0.15853114 -0.16188323 25 0 1494 3.9036371 -1.4786736
101 57.226679 281.25318 0.59927209 0.24299932 -0.12860821 25 0 678 1.7567978 -0.61180444
102 357.50058 283.56641 0.60060955 0.70452217 -0.10796368 25 0 4040 11.029065 -2.6063467
103 170.31379 284.84935 0.58843165 0.21420709 -0.22269154 25 0 812 2.1248818 -0.81833695
104 48.652168 286.27373 0.65546802 0.23892 -0.0092406953 25 0 1140 3.0018128 -1.193459
105 76.970317 285.97583 0.61789623 0.026908346 -0.16943689 25 0 1114 3.0506497 -1.2109809
106 463.1118 288.474 0.5797997 0.54609869 0.055738022 25 0 468 1.5192867 -0.45409937
107 1.3888092 291.20984 0.57642769 0.43938424 0.33048748 25 0 432 1.1960666 -0.19438841
108 146.02418 295.58012 0.58448598 0.18710205 0.063938006 25 0 465 1.0976099 -0.10112005
109 60.408948 301.72433 0.6898572 0.55510519 -0.21098629 25 0 1187 2.8884685 -1.1516691
110 204.07865 307.28987 0.61843229 0.33406569 -0.11023683 25 0 776 2.1330618 -0.8225086
111 435.76732 307.19365 0.6082958 0.0058770478 -0.1042843 25 0 802 2.3990474 -0.95009708
112 123.2117 312.01792 0.65004883 0.23355666 -0.17406696 25 0 3191 8.6926046 -2.3478748
113 0.1336652 313.89287 0.97266553 0.039256169 0.2864415 25 0 1612 3.6083599 -1.3932746
114 45.24704 316.01621 0.66112342 0.15137419 -0.52285692 25 0 399 1.0282277 -0.030223213
115 315.6518 323.84311 0.61185072 -0.41551841 -0.26340878 25 0 453 1.3040442 -0.28823075
116 5.7938547 330.96591 0.73282259 0.18986742 -0.10622716 25 0 4914 12.632987 -2.7537652
117 273.03201 331.07574 0.69427614 0.11280578 -0.059492242 25 0 591 1.5340055 -0.46456728
118 365.78876 331.36861 0.52064168 0.36967176 -0.19686249 25 0 315 1.049306 -0.0522554
119 16.02749 331.92321 0.72431283 0.19390006 -0.066947439 25 0 13206 34.813328 -3.8543639
120 249.13645 332.69226 0.55921759 0.44824026 0.1856857 25 0 688 1.9619544 -0.73172229
121 62.355846 333.08586 0.6360084 0.031134963 -0.19712702 25 0 936 2.4820558 -0.98702887
122 474.12821 338.97931 0.57144645 0.68367363 0.21451677 25 0 693 2.1079982 -0.8096756
123 346.0692 344.96339 0.60039325 0.11898964 -0.20797045 25 0 651 1.8881505 -0.69009154
124 225.32481 348.64466 0.54358984 -0.13976327 -0.13743675 25 0 3937 11.588608 -2.6600782
125 367.42491 350.09228 0.60096968 0.021149298 -0.30019135 25 0 854 2.5457381 -1.0145343
126 7.3425831 350.89514 0.69705588 -0.44636306 -0.041114509 25 0 785 1.9422451 -0.72076006
127 284.23352 352.59544 0.52643491 0.042012764 -0.11942444 25 0 18255 54.770519 -4.3463671
128 7.5288217 354.79294 0.73160833 0.23532902 0.0042319446 25 0 1176 2.803666 -1.1193157
129 8.4981778 358.18262 0.5247651 0.05135658 0.2414762 25 0 406 1.0850177 -0.088592033
130 400.11984 359.74311 0.51315931 0.12617332 -0.19584121 25 0 1371 4.4651209 -1.6245831
131 211.42688 361.66165 0.64196286 0.43299069 -0.21126536 25 0 1226 3.1524893 -1.2466341
132 263.55686 362.89507 0.63546242 0.1995413 -0.25174193 25 0 2321 6.235136 -1.9871148
133 81.072584 364.3697 0.66653426 0.38636451 -0.024220713 25 0 4526 12.148648 -2.7113199
134 413.22588 364.04101 0.62755391 0.3338735 -0.15790321 25 0 824 2.4303565 -0.96417498
135 124.34585 365.14688 0.70548157 0.63322716 -0.066188853 25 0 527 1.2877494 -0.27457841
136 484.87154 366.19195 0.65256173 0.063377351 -0.11118472 25 0 7885 21.873362 -3.3497888
137 8.2848006 367.1627 0.78167714 0.50753986 0.032082836 25 0 490 1.1059787 -0.1093669
138 351.55982 377.28195 0.59676061 0.39116579 -0.28219549 25 0 2517 7.2084064 -2.1445982
139 60.26514 378.53726 0.64218066 0.59011714 0.041991926 25 0 2968 7.9164655 -2.2463283
140 105.93189 380.15147 0.66839518 0.38009159 -0.14552649 25 0 631 1.6928072 -0.57151872
141 212.99332 381.57411 0.55757692 0.23425346 -0.18836242 25 0 488 1.4256742 -0.38505076
142 129.97456 384.4757 0.64829488 0.31963931 -0.057843684 25 0 1235 3.2293536 -1.272789
143 470.21938 386.16774 0.65673399 0.11207953 -0.14784831 25 0 1755 4.9758653 -1.7421715
144 440.86345 386.48346 0.5101568 0.26832486 -0.033854729 25 0 1623 5.2225764 -1.794712
145 45.713763 389.2952 0.62578637 0.52830942 0.060809865 25 0 489 1.2913869 -0.27764097
146 232.09264 394.47419 0.60378087 0.35642808 -0.030966431 25 0 6247 17.428951 -3.1031781
147 362.63601 396.41417 0.72634807 -0.25884578 -0.10499662 25 0 629 1.6288587 -0.52970852
148 398.23495 401.49034 0.61081805 0.2368512 -0.25689254 25 0 387 1.2016714 -0.19946435
149 261.34236 401.80837 0.64119045 0.41636439 -0.27099086 25 0 565 1.4998897 -0.4401483
150 258.56285 405.57428 0.61493273 0.45009789 -0.17391627 25 0 1520 4.271486 -1.5764475
151 479.9812 405.95438 0.6626822 -0.037528924 -0.07335173 25 0 305 1.1204167 -0.12344895
152 90.454144 410.94208 0.70580884 0.19340778 -0.24308692 25 0 872 2.244416 -0.8777584
153 114.54216 412.36771 0.5747602 -0.21210547 -0.18280439 25 0 1656 4.6623111 -1.6715031
154 165.42344 430.43284 0.6325741 0.5710534 -0.11984607 25 0 1805 4.8826016 -1.7216282
155 138.8139 431.3154 0.71020854 0.023827082 -0.051208578 25 0 1004 2.4986731 -0.9942736
156 238.61593 433.87365 0.6409007 0.18910728 -0.28749472 25 0 947 2.6486037 -1.0575424
157 497.68626 433.53891 0.37504964 0.46278232 -0.18040004 25 0 58571 179.18359 -5.6332456
158 351.29868 435.53018 0.53766161 -0.10687541 -0.070836223 25 0 2241 6.8009443 -2.081423
159 251.68981 438.29396 0.59104233 -0.52276796 -0.049200412 25 0 847 2.2272418 -0.86941841
160 97.717762 440.17623 0.6876825 0.02581726 -0.17128072 25 0 13494 36.136752 -3.8948728
161 483.72328 450.14361 0.68698737 -0.1181134 -0.24297173 25 0 1841 5.145027 -1.7784692
162 317.71013 453.93359 0.76149423 -0.025771315 -0.29860507 25 0 590 1.5236472 -0.45721106
163 368.75952 458.73646 0.61359905 0.12195475 -0.037947859 25 0 1027 3.0864729 -1.2236562
164 62.873226 459.7656 0.71297151 0.27440511 -0.10280612 25 0 5708 15.005283 -2.9406105
165 155.83267 460.9576 0.72078774 0.0099656202 -0.2170395 25 0 1228 3.2051671 -1.2646267
166 434.40715 462.36243 0.48318151 0.41250062 -0.18146471 25 0 58606 184.14363 -5.6628918
167 217.5582 468.98274 0.70561041 0.069092502 -0.26899449 25 0 4600 12.010094 -2.6988661
168 349.26499 470.74451 0.45974421 -0.42993457 -0.19666131 25 0 348 1.3036526 -0.28790472
169 267.71195 472.23488 0.65688471 -0.092042479 -0.21422555 25 0 2756 7.5600792 -2.1963159
170 120.9489 472.92807 0.72023198 0.26690808 0.0031920314 25 0 474 1.1954058 -0.19378841
171 145.47162 478.30569 0.60692456 -0.11933911 -0.25237227 25 0 668 1.8522392 -0.66924268
172 345.08128 477.45139 0.5534465 0.59552852 -0.016396172 25 0 309 1.0736734 -0.077180436
173 70.5289 483.71887 0.71053668 0.44589759 -0.23621194 25 0 981 2.585755 -1.0314685
174 122.58324 500.27676 0.69003909 -0.59428512 -0.26222239 25 0 600 1.595996 -0.50757951
175 167.98736 500.40879 0.65108343 -0.098657954 0.088515214 25 0 440 1.2130505 -0.20969718
176 123.48938 504.02666 0.70960859 -0.3603748 -0.49249631 25 0 709 1.7870296 -0.63032936
177 170.01432 507.85063 0.73381745 0.21191811 -0.17684902 25 0 833 2.0289835 -0.76819628
178 44.379811 510.40496 0.7161002 -0.50890914 -0.1600722 25 0 517 1.3272964 -0.30741976
179 167.34115 510.7874 0.89248001 -0.27108509 -0.6939516 25 0 606 1.2785997 -0.26683649
180 242.40652 510.82415 0.83906171 0.085533196 -0.52715862 25 0 1091 2.5700915 -1.0248715
181 253.3778 510.73502 0.79630757 0.068156921 -0.58527566 25 0 466 1.1423556 -0.14450329
