id xcentroid ycentroid sharpness roundness1 roundness2 npix sky peak flux mag
1 310.14456 0.27396138 0.70314763 0.52052797 -0.2898348 25 0 401.78218 1.5504608 -0.47615199
2 37.099792 9.2364436 0.74468192 0.20604967 -0.047184293 25 0 7903.0486 28.443748 -3.634967
3 347.5888 8.6512382 0.67868575 0.79281546 0.20751656 25 0 340.55258 1.389861 -0.35742845
4 421.02887 11.7353 0.58227752 -0.031395462 0.074257215 25 0 338.88757 1.4580636 -0.40944115
5 480.18974 11.578453 0.6131519 0.22201301 0.014813887 25 0 12196.79 48.308314 -4.2100547
6 366.67361 29.812778 0.6606416 0.2667559 -0.15753692 25 0 245.86365 1.0698885 -0.073346277
7 139.37527 32.887196 0.49686535 0.78629032 -0.068686116 25 0 233.91309 1.3491339 -0.3251376
8 199.34218 37.883045 0.6443149 0.39390791 0.12578156 25 0 627.01562 2.5265349 -1.0063133
9 218.72905 38.876938 0.69411031 0.19618365 -0.091665825 25 0 1302.1715 4.7961471 -1.7022312
10 359.23822 39.743759 0.66566834 -0.078222162 0.16554524 25 0 249.84251 1.11532 -0.11849876
11 79.019319 41.035558 0.7030065 0.12879774 -0.24373089 25 0 323.37246 1.305449 -0.28939974
12 337.31189 40.877262 0.51630171 0.17285347 -0.17313918 25 0 58578.403 255.90468 -6.0201956
13 124.04772 43.049537 0.74446768 0.080814552 -0.12963618 25 0 2954.3545 10.573618 -2.560559
14 412.94441 44.54138 0.61248901 0.069615259 -0.11092463 25 0 448.74189 1.9949146 -0.74981076
15 483.27284 50.398238 0.61522259 0.66344962 -0.16703792 25 0 357.32403 1.4539798 -0.4063959
16 306.91566 51.41298 0.55516545 0.053541848 -0.1515033 25 0 672.82002 2.9114384 -1.160269
17 154.95405 56.098293 0.65557773 -0.51807243 0.016735843 25 0 282.85193 1.2038025 -0.2013881
18 455.83814 58.051866 0.6611166 0.3756754 -0.051364358 25 0 811.86916 3.1286212 -1.2383825
19 44.029498 64.174875 0.69388967 0.24932785 -0.09483094 25 0 330.45402 1.1556408 -0.15705719
20 445.47262 64.908586 0.66374374 0.033185021 -0.16284261 25 0 800.04466 3.1088385 -1.2314954
21 430.48901 66.60355 0.51277237 0.37205928 -0.27281947 25 0 254.20488 1.3310198 -0.31046132
22 68.379902 68.96209 0.68972027 0.29333432 -0.2281559 25 0 760.48015 2.7690303 -1.1058193
23 481.30948 73.392846 0.61125407 0.25780661 -0.073832797 25 0 448.05324 1.8815169 -0.68627033
24 363.24614 77.577024 0.59191215 0.68784591 0.080170318 25 0 1382.4036 5.5433311 -1.8594271
25 132.19042 80.752225 0.63070719 0.33482785 0.12217277 25 0 288.03262 1.2493211 -0.24168516
26 104.4893 84.275141 0.38663612 0.75927384 0.084538403 25 0 200.31151 1.1543699 -0.15586244
27 503.58537 84.418687 0.57360325 -0.072662665 -0.050685833 25 0 9160.1937 37.023897 -3.9212053
28 296.41107 91.820606 0.58289726 -0.16343401 -0.22709648 25 0 529.43697 2.2876141 -0.89845689
29 300.41659 93.711923 0.56432726 -0.44418955 -0.20823921 25 0 630.6838 2.7211704 -1.0868893
30 198.52469 94.823811 0.63036672 0.50783084 -0.14542832 25 0 733.06898 2.7581726 -1.1015536
31 66.351555 98.863597 0.64766229 -0.11199649 -0.1854875 25 0 1844.2463 7.0489756 -2.120315
32 501.88089 104.32058 0.72257308 0.26104247 -0.090615003 25 0 1100.9033 3.9279816 -1.4854236
33 344.89348 109.99941 0.72710212 -0.15424717 -0.14030716 25 0 312.50283 1.2522564 -0.24423314
34 231.63754 112.00009 0.6745351 0.15343454 -0.1620493 25 0 8448.6103 31.554731 -3.7476612
35 249.03784 112.01873 0.76602845 0.32444309 -0.10573952 25 0 520.59453 1.6226408 -0.52555601
36 259.11762 113.49045 0.61511223 0.44201602 0.068399839 25 0 827.28846 3.2382397 -1.2757725
37 315.77377 113.16499 0.75476338 0.39424493 0.059074588 25 0 592.43376 2.1370834 -0.82455369
38 211.42645 114.96857 0.69264307 -0.13873914 -0.25331767 25 0 332.30664 1.2767942 -0.26530224
39 163.01885 118.62047 0.63295546 0.1572022 -0.14108733 25 0 991.6855 3.8365068 -1.4598399
40 186.94288 124.04432 0.7032583 0.20697378 -0.023922236 25 0 971.51765 3.5676741 -1.3809629
41 18.259825 125.5156 0.66624175 0.16325756 0.030183265 25 0 572.46325 2.2187473 -0.86526963
42 406.84453 135.40624 0.58739106 0.58175771 0.10529204 25 0 5116.9482 20.220478 -3.2644785
43 309.6944 141.11554 0.64549311 0.075317754 -0.12247888 25 0 1494.3568 5.8372199 -1.9155151
44 25.520269 142.04177 0.60315741 0.25675595 -0.088073465 25 0 378.53586 1.5794632 -0.49627375
45 8.5909555 145.98653 0.66777561 0.32620604 0.31360699 25 0 259.74847 1.0416936 -0.044350032
46 495.00034 147.44875 0.68314866 0.33020926 0.083637274 25 0 3974.4749 14.726695 -2.9202632
47 396.74355 157.02751 0.66579152 0.13726224 -0.15082248 25 0 26479.235 100.28683 -5.0031098
48 436.20907 160.45967 0.55547445 0.66576986 0.11082457 25 0 228.09598 1.2157093 -0.21207438
49 164.35771 164.43885 0.64657828 0.46316346 -0.084531732 25 0 745.8808 2.8194039 -1.1253932
50 236.86684 169.50812 0.55955823 0.022255454 -0.084946805 25 0 720.85878 2.9073014 -1.1587251
51 357.23107 169.3249 0.70638297 0.36158809 0.028785726 25 0 269.7963 1.0968742 -0.10039207
52 489.02063 168.79374 0.6743991 0.19601276 -0.024666966 25 0 3535.6751 13.602448 -2.8340427
53 175.16509 170.11966 0.63398803 0.079386955 -0.27315353 25 0 457.57195 1.759505 -0.61347629
54 163.62697 172.76619 0.54765039 -0.45779047 -0.36489258 25 0 674.00993 2.7419913 -1.0951652
55 431.91574 178.02791 0.71222942 0.11711443 -0.11860632 25 0 1542.4122 5.6807491 -1.886014
56 27.486744 178.57049 0.65624353 0.32968959 -0.16985562 25 0 345.69992 1.360029 -0.33387039
57 125.80924 178.89967 0.67953128 0.60510257 0.066367306 25 0 856.46206 2.9264037 -1.1658356
58 421.80542 180.22003 0.84298122 0.081039028 -0.013464826 25 0 328.86508 1.1058576 -0.10924798
59 493.79575 179.92632 0.61441692 0.4014435 -0.1928736 25 0 402.24967 1.7692026 -0.6194439
60 237.63846 181.58972 0.59667573 0.67134238 -0.14371255 25 0 499.47055 1.9808894 -0.74215055
61 432.3576 183.1566 0.66128841 0.024621438 -0.24488406 25 0 440.56374 1.7580707 -0.61259087
62 200.28967 184.38783 0.53315068 0.40908545 0.013393974 25 0 331.0766 1.3665969 -0.33910105
63 82.407258 185.31523 0.67925473 0.47155893 -0.11567742 25 0 18461.507 68.252849 -4.585302
64 465.61421 194.81931 0.78876428 0.32859586 0.15014109 25 0 277.25602 1.0087589 -0.009468417
65 77.497088 199.54264 0.5101449 0.55743342 0.16746248 25 0 207.52339 1.0298124 -0.031895302
66 480.22787 201.01938 0.69371953 0.16045673 -0.12456157 25 0 347.29424 1.4181252 -0.37928644
67 436.43136 210.98091 0.67224874 -0.034866063 -0.22617214 25 0 524.75296 1.9862073 -0.74506144
68 337.1762 213.07031 0.65842787 0.29331606 -0.21410429 25 0 764.46856 3.0633256 -1.2154829
69 267.48181 215.10265 0.64334857 -0.27717924 -0.2945056 25 0 395.11679 1.5977163 -0.50874914
70 161.42179 216.62345 0.72237543 0.28296259 -0.30404007 25 0 464.68935 1.50472 -0.44363924
71 490.24208 219.62177 0.62975957 0.12809174 0.0084217789 25 0 2218.2945 8.6902155 -2.3475764
72 250.72172 221.90459 0.6485013 0.31462474 -0.15917702 25 0 1365.001 5.0392176 -1.7559078
73 362.93467 224.00068 0.62698861 0.21932953 -0.12765469 25 0 2207.531 8.8643922 -2.3691224
74 433.07765 224.72919 0.62823839 0.18269859 -0.036850837 25 0 6909.4088 27.085373 -3.5818371
75 338.01709 226.29927 0.58813782 0.11553166 -0.05951045 25 0 434.43235 1.7715993 -0.62091374
76 191.46677 232.62072 0.38653079 0.5274976 -0.066112466 25 0 225.5402 1.002179 -0.00236329
77 251.62337 233.72651 0.22471621 0.24325936 -0.21651834 25 0 155.71245 1.0907051 -0.094268395
78 442.29774 236.22384 0.70338267 0.41265566 -0.15134959 25 0 1036.2577 3.8728192 -1.470068
79 214.90831 250.2088 0.64935699 0.24427997 -0.14270879 25 0 2390.7002 9.0821955 -2.3954771
80 439.13532 249.6149 0.60657712 0.22607797 0.0029008275 25 0 3446.9265 13.70283 -2.8420256
81 44.129071 270.88774 0.68556727 -0.036977543 -0.10707626 25 0 755.42149 2.8281175 -1.1287436
82 58.217348 280.12053 0.51407016 0.71779016 -0.37741426 25 0 267.63006 1.1732838 -0.17350773
83 358.74195 282.40025 0.5862931 0.66209007 0.09477659 25 0 2256.8877 8.8849811 -2.3716413
84 171.45983 283.93948 0.61308848 0.50191164 -0.39210345 25 0 414.82874 1.5677265 -0.48817576
85 50.012035 284.92788 0.69056613 0.05438523 -0.11968602 25 0 653.66128 2.5303413 -1.0079477
86 78.293947 284.76917 0.65256908 0.18625088 -0.15802105 25 0 590.17883 2.1683793 -0.84033814
87 464.23595 287.20651 0.46692717 0.12943783 0.42267719 25 0 244.88363 1.2631384 -0.25362737
88 61.813715 300.58251 0.6048689 0.82028767 0.095491986 25 0 575.3129 2.2275189 -0.86955347
89 205.24103 306.11721 0.6492948 0.083706208 -0.055818618 25 0 405.10658 1.4577049 -0.40917401
90 436.95418 306.10876 0.71374009 -0.067990585 -0.13627308 25 0 567.14615 2.144943 -0.82853937
91 124.4313 310.97313 0.66775125 0.11831832 -0.34333165 25 0 1505.0985 5.4820499 -1.8473575
92 0.56416038 312.57073 0.62621341 0.59904329 -0.051945652 25 0 917.67153 3.4756036 -1.3525756
93 7.0269717 329.73924 0.70563119 0.13930972 -0.039404673 25 0 2526.2143 9.3045509 -2.4217385
94 366.9018 330.28146 0.70751334 0.71514997 0.011283177 25 0 298.93019 1.2079883 -0.20515677
95 17.260604 330.70628 0.64845368 0.023948267 -0.071582795 25 0 5861.8839 22.518413 -3.3813444
96 250.44838 331.73831 0.62551686 0.42611967 -0.1711381 25 0 339.07858 1.2856461 -0.27280356
97 63.692588 331.93268 0.72402205 -0.053499207 -0.1080976 25 0 555.99976 1.8634527 -0.67579594
98 475.25036 337.915 0.68803626 0.16915865 -0.021527869 25 0 492.49546 1.6980426 -0.57487146
99 347.07065 343.91529 0.66022392 -0.25310717 -0.46199498 25 0 368.11443 1.4230766 -0.38307072
100 226.42807 347.49319 0.61213643 0.6705733 -0.12145559 25 0 2088.6773 7.8737008 -2.2404473
101 368.52529 348.93507 0.65144927 0.30344915 -0.1972257 25 0 583.24897 2.2471642 -0.879087
102 8.5680167 349.84031 0.60859535 -0.9009365 -0.043299151 25 0 390.49877 1.4675423 -0.41647655
103 285.40276 351.46881 0.54531824 -0.18734465 -0.063315015 25 0 9493.5948 37.808682 -3.9439788
104 8.8027216 353.51036 0.72896465 0.3198155 0.044279217 25 0 615.15805 1.9827956 -0.74319488
105 401.17354 358.71447 0.64557525 0.0060001039 -0.045870962 25 0 925.93915 3.5008419 -1.3604313
106 212.75579 360.49804 0.60213085 0.45460337 0.036853653 25 0 682.01118 2.6692822 -1.0659862
107 264.79248 361.81967 0.63489554 0.24748319 -0.089256818 25 0 1432.6088 5.7278301 -1.8949753
108 82.419016 363.18641 0.7302537 0.32727543 -0.24041325 25 0 2587.3759 8.9890043 -2.384279
109 414.30983 363.03185 0.69233951 -0.068228463 -0.24368428 25 0 575.82628 2.0724384 -0.79120406
110 125.85157 363.87031 0.55492355 -0.11317729 -0.57419245 25 0 261.82963 1.0034815 -0.0037734185
111 486.12821 365.13758 0.69310445 0.088070209 -0.063776275 25 0 4989.6932 18.749913 -3.1824981
112 352.64432 376.21121 0.70298147 -0.032622189 -0.13327832 25 0 1740.102 6.3306616 -2.0036228
113 61.535688 377.46288 0.62050203 -0.084871121 -0.045384164 25 0 1450.3091 5.2691813 -1.8043578
114 106.87587 379.1888 0.6469897 -0.66190784 -0.7729321 25 0 335.52205 1.2753968 -0.26411329
115 214.04681 380.48149 0.47903153 0.14482461 -0.1078693 25 0 252.97556 1.0505845 -0.053577443
116 131.39555 383.29567 0.70384967 0.36740368 -0.14459088 25 0 704.68882 2.3905274 -0.94623431
117 471.49941 385.11481 0.67784649 0.11686332 -0.19776865 25 0 1062.7521 3.8921747 -1.4754808
118 442.03494 385.46473 0.64220802 0.25595626 0.15656803 25 0 1221.8437 4.6444798 -1.6673427
119 233.32827 393.28655 0.6545473 0.4023898 -0.14805225 25 0 3711.8967 14.027101 -2.8674198
120 363.56641 395.26278 0.73830612 -0.023637034 -0.2314642 25 0 397.10825 1.2897471 -0.27626136
121 262.4138 400.8628 0.67231936 0.88055227 0.13090917 25 0 391.09648 1.3288644 -0.30870171
122 259.78848 404.40766 0.60833888 0.59337209 -0.0022973228 25 0 859.46683 3.3008488 -1.2965641
123 91.864459 409.84968 0.60365975 0.54269364 0.058679917 25 0 466.0826 1.6826256 -0.56496875
124 115.87772 411.2591 0.69017485 0.021024431 -0.01194852 25 0 1186.2331 4.2938057 -1.582106
125 166.38794 429.37886 0.55516937 -0.28174563 -0.22034779 25 0 884.12756 3.4610982 -1.3480348
126 140.1557 430.14785 0.69219311 0.057943818 -0.29182609 25 0 644.30134 2.3838601 -0.94320193
127 239.92396 432.54992 0.7738078 0.72356574 0.064022243 25 0 543.71482 1.7400613 -0.60141137
128 498.65939 432.48619 0.45133095 0.4886 -0.050164448 25 0 61470.252 268.24866 -6.0713439
129 352.44989 434.58431 0.55553383 0.48728003 -0.078036845 25 0 1258.2423 5.1151215 -1.7721399
130 252.89325 437.17518 0.64763349 -0.2545942 -0.021125104 25 0 622.69175 2.2398839 -0.87556376
131 99.067581 439.00508 0.73114942 0.21135231 -0.11866642 25 0 7837.1474 28.406359 -3.6335389
132 484.9208 449.05537 0.74316692 -0.012877828 -0.077522121 25 0 1310.8466 4.6331037 -1.6646801
133 318.87156 452.61504 0.61710157 0.26086675 -0.27408822 25 0 318.35394 1.1818309 -0.18138838
134 369.95444 457.59535 0.71974403 0.22286841 -0.145744 25 0 652.75856 2.1312551 -0.82158857
135 64.139556 458.55799 0.66203505 0.14262071 0.027072552 25 0 2719.0991 10.166049 -2.5178805
136 157.02057 459.85446 0.65454931 0.11560964 -0.11618594 25 0 600.88703 2.1080034 -0.80967826
137 435.5512 461.22951 0.65026417 0.2346298 -0.24286592 25 0 46961.041 177.28369 -5.621672
138 412.73631 463.90036 0.52939334 -0.2114592 -0.16229968 25 0 237.01031 1.1293632 -0.13208408
139 218.81907 467.8462 0.70055803 0.22945028 -0.12153012 25 0 2584.348 9.5274813 -2.4474453
140 350.33775 469.75709 0.51721568 -0.43559722 0.024738895 25 0 282.96062 1.1129392 -0.11617862
141 268.88449 471.15848 0.70945228 0.014529367 -0.13136575 25 0 1750.4557 6.4322027 -2.0208993
142 146.87681 477.07833 0.87375398 0.20900824 -0.0024279728 25 0 509.23495 1.4637195 -0.41364466
143 71.866478 482.56838 0.65380895 0.4570503 0.074816574 25 0 518.9926 1.8618328 -0.67485167
144 248.26198 492.2508 0.8127521 0.075488704 -0.16948788 25 0 334.15046 1.046739 -0.049596058
145 123.87809 499.07978 0.58788348 -0.16342571 0.37538204 25 0 298.89737 1.0788229 -0.08237544
146 124.63491 502.94599 0.60011387 0.45439606 -0.29642673 25 0 351.71484 1.208928 -0.20600111
147 171.13587 506.49885 0.58945215 0.37816801 -0.15957249 25 0 431.34573 1.6544653 -0.54664413
148 46.074765 509.82504 0.45495287 -0.56811545 -0.52645725 25 0 226.00459 1.0082937 -0.0089676262
149 168.55555 510.36988 0.47098773 0.066997507 -0.092282704 25 0 399.12973 1.6787578 -0.56247008
150 243.60633 509.97175 0.6202551 -0.28026438 -0.37170986 25 0 613.52833 2.2683632 -0.8892815
151 254.47536 509.87601 0.6504194 0.18992151 -0.41675287 25 0 294.67708 1.0461148 -0.048948394
