id xcentroid ycentroid sharpness roundness1 roundness2 npix sky peak flux mag
1 74.629338 0.061445976 0.85668385 -0.75744836 -0.55652089 25 0 488.59407 1.2364332 -0.23042666
2 339.33955 0.049116304 0.85480813 -0.46188748 -0.70941607 25 0 3121.3986 7.9419069 -2.249812
3 491.03646 0.0087556944 0.89710115 -0.29820137 -0.55243723 25 0 1163.1475 2.9943584 -1.1907595
4 41.4559 3.5616054 0.58760309 -0.70976688 -0.17577458 25 0 4464.2141 13.256415 -2.8060652
5 435.90559 2.4768721 0.56962865 0.15119542 -0.068245436 25 0 1615.8711 5.1057103 -1.7701404
6 343.04573 9.6565854 0.70520848 -0.35123382 -0.36311725 25 0 308.90069 1.0580613 -0.061277119
7 330.2058 17.254763 0.62330893 -0.055730496 -0.24239776 25 0 291.70827 1.0167344 -0.018018817
8 302.84178 19.853149 0.62382661 -0.26959023 -0.34424347 25 0 594.84726 1.9064025 -0.70053647
9 311.74641 21.985234 0.7456653 0.19200174 -0.34246109 25 0 344.80524 1.1764672 -0.17644958
10 434.2483 23.133198 0.71515817 0.20754363 -0.31028048 25 0 562.50959 1.7709976 -0.62054495
11 114.72233 26.879921 0.62227669 -0.34444676 -0.35917437 25 0 486.36214 1.5535392 -0.47830556
12 340.24665 28.441156 0.57275116 0.31501372 -0.12001814 25 0 662.27006 2.3116974 -0.90982746
13 29.956148 28.697359 0.61624704 -0.10775554 -0.19527919 25 0 13354.462 41.356097 -4.0413489
14 413.6874 31.54765 0.559655 0.3574921 -0.022859289 25 0 572.42331 1.9772127 -0.74013347
15 472.85841 31.553343 0.57956012 0.16151829 -0.10498079 25 0 22866.618 71.16718 -4.6306994
16 430.99428 33.044631 0.59044123 -0.11829504 -0.29162322 25 0 246.6148 1.002777 -0.0030109128
17 359.53104 49.862483 0.61725094 -0.26235788 -0.25553267 25 0 504.4068 1.7613689 -0.61462584
18 459.09319 50.160837 0.79044584 0.01833897 -0.17554677 25 0 378.74745 1.0822246 -0.085793522
19 132.17813 52.232441 0.56344646 -0.47001037 -0.036651873 25 0 334.26129 1.0715899 -0.075071543
20 119.01469 56.478484 0.43221226 0.21520957 -0.11777504 25 0 379.1417 1.439076 -0.39520936
21 192.04727 57.505665 0.54716717 -0.16681705 -0.11313841 25 0 977.00959 3.2308184 -1.2732814
22 211.58164 58.516819 0.59685879 0.37973997 -0.24759318 25 0 1736.5839 5.1501787 -1.7795557
23 351.91397 59.730824 0.63264245 0.22727982 -0.023659825 25 0 386.46259 1.2501299 -0.24238785
24 71.86098 60.790047 0.52283715 0.47993943 -0.09018556 25 0 456.22262 1.6483569 -0.5426281
25 255.19452 60.982555 0.79637592 -0.028169065 -0.37636986 25 0 359.59089 1.0630913 -0.06642641
26 330.02294 60.491256 0.33516162 -0.061734028 -0.21896085 25 0 57653.675 208.44878 -5.7974984
27 116.82518 62.585271 0.55452644 0.03193044 -0.16622696 25 0 4220.6286 13.428187 -2.8200435
28 405.59271 64.260352 0.69084479 -0.044178547 -0.37796255 25 0 975.81104 2.9186683 -1.1629619
29 252.17857 69.892119 0.5880449 -0.18943418 -0.16146563 25 0 287.88868 1.0822809 -0.085850014
30 406.01487 69.590249 0.53350752 0.082437876 -0.21797457 25 0 208.20263 1.0385674 -0.041086693
31 475.98636 70.448764 0.60697091 -0.25238467 -0.1247099 25 0 761.15967 2.5042324 -0.99668658
32 299.54804 71.107337 0.61554369 -0.34962958 -0.36339511 25 0 1359.392 4.2628543 -1.5742512
33 147.87848 75.804148 0.58881846 -0.017136304 -0.53796945 25 0 342.45449 1.0615485 -0.06484958
34 448.55716 77.97968 0.62864842 -0.065923738 -0.28758584 25 0 1417.5483 4.3230371 -1.5894724
35 507.06391 80.295977 0.70880246 0.011012251 -0.13228891 25 0 3716.018 10.623068 -2.5656249
36 3.0921129 81.400063 0.75551169 -0.028031766 -0.10527703 25 0 441.09423 1.3050045 -0.28903001
37 354.85787 81.950234 0.67656685 0.10750871 -0.38185538 25 0 298.07436 1.1551136 -0.15656177
38 60.086072 83.312428 0.66486027 -0.07076082 -0.25960793 25 0 449.29835 1.4213236 -0.38173243
39 36.847725 83.59166 0.44561031 -0.072661131 -0.17431813 25 0 440.67099 1.6973604 -0.57443516
40 3.3788917 85.297836 0.62863871 0.086617064 -0.094246451 25 0 438.45359 1.4397006 -0.39568049
41 117.84515 85.601759 0.54818094 -0.17598713 0.051322798 25 0 375.11848 1.2570967 -0.24842169
42 438.22506 84.820397 0.64484855 -0.058498329 -0.21195468 25 0 1601.9191 5.0056096 -1.7486424
43 423.49602 86.529694 0.63537855 0.62817774 0.08125547 25 0 463.19313 1.5290431 -0.4610493
44 476.85189 85.76506 0.65155444 -0.28834363 -0.27988809 25 0 394.27981 1.2929103 -0.27892102
45 61.122972 88.628362 0.55269751 0.10433699 -0.042151533 25 0 1283.519 4.218164 -1.5628087
46 473.9722 93.456871 0.59060234 0.26421879 -0.022505812 25 0 833.31046 2.7048228 -1.080347
47 355.92357 97.316634 0.63606405 -0.13156311 -0.19939462 25 0 3058.5078 9.2852375 -2.4194825
48 124.89164 100.4449 0.52946082 -0.53427091 -0.47254597 25 0 342.93257 1.1776294 -0.17752157
49 97.463332 104.00542 0.6150946 -0.24330534 -0.40750426 25 0 632.88641 2.0712953 -0.79060506
50 150.19119 104.09404 0.75323355 -0.16096946 -0.32676007 25 0 450.12959 1.2614646 -0.25218768
51 496.38504 104.3925 0.66204458 0.29063448 -0.12848126 25 0 20967.39 60.783615 -4.4594663
52 160.40546 110.86111 0.63184082 0.12842645 -0.28072049 25 0 475.47925 1.4373422 -0.39390046
53 289.03222 111.60452 0.53642354 -0.28557556 -0.19315937 25 0 948.09481 3.0709645 -1.218187
54 292.93346 113.31422 0.61453219 -0.34217729 -0.24438518 25 0 1299.276 4.0149514 -1.5092007
55 191.28489 114.36585 0.62088823 0.089654005 -0.27945502 25 0 1532.6339 4.5434247 -1.6434583
56 59.05855 118.36156 0.60968599 -0.20629282 -0.2392085 25 0 3620.368 10.979068 -2.6014137
57 121.05489 118.06337 0.76100848 0.22449748 -0.13737566 25 0 508.20429 1.4470804 -0.40123164
58 457.03113 118.34441 0.82328051 0.40982551 -0.30817071 25 0 399.58552 1.1101036 -0.11340876
59 494.56966 124.35626 0.61662063 -0.37632595 -0.16901469 25 0 1857.2918 5.5862898 -1.8678086
60 337.52306 129.7433 0.58227758 0.10825252 -0.26295655 25 0 459.55134 1.6098063 -0.51693403
61 224.44551 131.58801 0.57839044 -0.54274477 -0.2324596 25 0 13563.927 40.867766 -4.0284522
62 241.8329 131.79033 0.5709209 -0.0017191418 -0.24054263 25 0 966.09925 3.1721057 -1.2533691
63 251.7918 133.10722 0.60783692 -0.19860642 -0.26029601 25 0 1793.5891 5.5792099 -1.8664318
64 308.30763 132.85923 0.68563706 -0.42054435 -0.34829711 25 0 1113.6402 3.2895856 -1.292853
65 453.6234 134.87064 0.49429281 -0.38808527 0.19389318 25 0 282.59062 1.2037433 -0.20133474
66 103.03203 135.10042 0.639337 -0.21156462 -0.70067782 25 0 436.31983 1.3070381 -0.2907206
67 203.96228 134.89218 0.57804137 -0.36696191 -0.31045212 25 0 449.43032 1.4122386 -0.3747702
68 497.38119 134.97954 0.66812814 0.19947824 -0.28029392 25 0 328.13329 1.1544045 -0.155895
69 56.243044 136.40764 0.55800081 -0.132239 -0.36036152 25 0 459.36859 1.6339079 -0.53306894
70 155.80328 138.23655 0.57897539 -0.41894368 -0.28984973 25 0 1818.5573 5.6768471 -1.885268
71 483.6886 138.81743 0.8290161 0.029282944 -0.15403617 25 0 433.24447 1.0967625 -0.10028145
72 179.67905 143.68043 0.58912908 0.22141459 -0.23912969 25 0 1527.4427 4.5467292 -1.6442477
73 11.051944 145.01046 0.72614071 -0.11353299 -0.2480665 25 0 1414.6848 4.030566 -1.5134151
74 257.09065 147.02342 0.61865077 -0.21440964 -0.11273601 25 0 508.94083 1.6911136 -0.57043197
75 399.54788 155.30239 0.65068114 0.11469702 -0.35054913 25 0 10762.393 30.760787 -3.7199936
76 18.383308 161.3212 0.68771246 0.41582757 -0.24008173 25 0 731.50706 2.1344412 -0.82321049
77 302.28242 160.86224 0.64682463 -0.28490381 -0.28652582 25 0 2856.0437 8.4188824 -2.3131361
78 1.3548094 165.21646 0.65097685 0.065453324 -0.30501375 25 0 560.56974 1.8150757 -0.64723684
79 487.63692 167.39618 0.61158571 -0.39328342 -0.16215079 25 0 6927.7574 20.973463 -3.3041754
80 101.13933 174.86737 0.66179578 -0.14125531 -0.26671887 25 0 387.5983 1.0806366 -0.084199196
81 389.40108 176.91855 0.66082683 -0.30072011 -0.33998227 25 0 50962.612 147.64973 -5.4230816
82 428.64575 180.30688 0.5957697 -0.43645704 -0.27122603 25 0 430.95398 1.4458622 -0.40031724
83 209.78621 180.67546 0.65123696 -0.35821977 -0.024913413 25 0 477.19307 1.281879 -0.2696176
84 157.05036 184.06949 0.60021666 -0.30702839 -0.34845759 25 0 535.6913 1.6634458 -0.55252167
85 229.45551 189.12996 0.58313687 -0.39667353 -0.42494915 25 0 1588.8351 4.8851246 -1.7221891
86 349.75235 189.11162 0.60023619 -0.24328536 -0.30503181 25 0 495.90474 1.7725913 -0.62152154
87 481.66444 188.70807 0.59797309 0.13792382 -0.18810921 25 0 5893.6754 18.296784 -3.1559369
88 167.65671 189.8846 0.623548 -0.13511933 -0.33307015 25 0 891.48986 2.6302997 -1.0500131
89 156.2121 192.47514 0.55290608 0.071359958 -0.15928679 25 0 1237.3307 3.7363999 -1.4311334
90 20.403688 198.18236 0.63882358 -0.31998568 -0.31464247 25 0 741.39443 2.3741304 -0.93876144
91 118.5669 198.33094 0.61312477 0.27080355 -0.26010576 25 0 1488.9428 4.3759202 -1.6026735
92 424.56948 197.98632 0.63943381 -0.31944985 -0.40738709 25 0 2556.2614 7.6133186 -2.203935
93 414.50251 200.2401 0.58098172 -0.34701725 -0.43813054 25 0 473.7268 1.6282008 -0.52926993
94 486.44678 199.82827 0.70671433 -0.46972821 -0.34687013 25 0 809.85136 2.3252462 -0.91617236
95 230.2271 201.3589 0.6351549 0.16902752 -0.23107825 25 0 982.94689 2.9231518 -1.1646284
96 425.1144 202.94204 0.68007361 -0.39447748 -0.24493052 25 0 872.69255 2.6589254 -1.0617654
97 192.64222 203.92924 0.49729432 -0.26776489 -0.41665056 25 0 555.40925 1.7173121 -0.58712306
98 75.152757 204.77805 0.63764122 -0.20896559 -0.21236161 25 0 38931.337 117.44113 -5.1745505
99 124.82569 205.97448 0.68082705 -0.098793964 -0.29204632 25 0 441.86633 1.1744409 -0.17457792
100 424.19591 210.83809 0.72294068 -0.45365339 -0.37483608 25 0 416.38361 1.2737719 -0.26272917
101 458.2698 214.94801 0.67607462 -0.24394025 -0.30338982 25 0 587.85833 1.8798802 -0.68532545
102 171.72599 216.71468 0.6785557 -0.32001056 -0.33121805 25 0 518.48234 1.3713762 -0.34289153
103 202.05561 217.928 0.52293456 -0.13218525 -0.21476241 25 0 361.12407 1.3097478 -0.29296918
104 70.366572 218.88105 0.67388867 -0.15526216 -0.34770881 25 0 519.94439 1.4672948 -0.41629343
105 409.45862 219.14263 0.38142947 -0.25502521 -0.58861404 25 0 200.20513 1.0288844 -0.030916414
106 511.10723 218.59163 0.8962608 0.15541657 0.51770491 25 0 513.02102 1.4201561 -0.38084019
107 472.83123 221.03259 0.74216591 -0.37551999 -0.34307253 25 0 751.65508 2.2150406 -0.86345421
108 506.16751 224.70087 0.68641408 -0.18017428 -0.093526019 25 0 3249.2694 9.4196347 -2.4350851
109 15.937586 227.84335 0.56080363 0.42735122 -0.64347573 25 0 391.38094 1.3042556 -0.28840678
110 18.229829 229.0924 0.44001353 0.83830742 -0.76999966 25 0 299.04388 1.1064437 -0.1098233
111 429.05 230.81083 0.67150338 -0.30322594 -0.18848075 25 0 1098.9328 3.2789208 -1.2893273
112 329.61804 232.95152 0.65075829 -0.096137282 -0.31565371 25 0 1432.9055 4.252115 -1.5715125
113 259.88012 234.86476 0.54927877 -0.0049568063 -0.22731044 25 0 614.62388 2.0631644 -0.78633461
114 154.21695 236.1137 0.68175694 0.070308613 -0.25516867 25 0 981.26135 2.7089648 -1.0820084
115 497.143 236.85171 0.62065597 0.20798076 0.033620142 25 0 285.77389 1.0690371 -0.072481957
116 482.74506 239.64552 0.6103449 0.043555013 -0.15481914 25 0 4219.6887 12.805777 -2.7685149
117 243.36596 241.49528 0.58355117 -0.49740308 -0.14716663 25 0 2266.2217 6.7519267 -2.0735693
118 355.47212 243.85836 0.67279525 -0.43331567 -0.37255915 25 0 4297.1595 12.138927 -2.7104508
119 425.61779 244.64344 0.56724965 0.078067888 -0.22994578 25 0 11511.303 35.599646 -3.8786142
120 330.5452 246.09557 0.58287275 -0.10699181 -0.37967306 25 0 904.26403 2.8761209 -1.1470178
121 183.93684 252.27503 0.61823945 -0.26148091 -0.36623201 25 0 666.17648 1.9760717 -0.73950676
122 243.99171 253.26681 0.58422523 -0.18119807 -0.32132824 25 0 695.37783 2.2447626 -0.87792602
123 34.503411 256.31674 0.6455977 0.0085496663 -0.213265 25 0 387.6504 1.2296477 -0.22445179
124 434.82828 256.18505 0.60401442 -0.22884869 -0.22636247 25 0 1833.5311 5.7286085 -1.8951229
125 207.44698 269.80331 0.59607293 0.023414595 -0.36970795 25 0 4265.5464 12.763831 -2.7649526
126 431.65854 269.60446 0.54618176 0.11188681 -0.18701387 25 0 5949.3625 18.702392 -3.1797429
127 269.63702 272.48331 0.61973489 -0.470537 -0.31668178 25 0 344.95936 1.1023075 -0.10575694
128 108.51908 279.90221 0.5851539 0.29252899 -0.23859147 25 0 388.57365 1.3003931 -0.28518667
129 36.84897 290.32911 0.61643769 -0.1609234 -0.20058215 25 0 1396.0768 4.4598942 -1.6233114
130 93.287163 291.98133 0.65093018 0.096755688 -0.30810099 25 0 345.2711 1.0557046 -0.058856076
131 218.84758 298.87972 0.54647437 0.43180302 -0.34251833 25 0 310.05856 1.0530127 -0.056084001
132 51.082714 299.45809 0.58837781 0.0039585302 0.018596901 25 0 697.64953 2.2386492 -0.8749651
133 351.23547 302.27784 0.6191811 -0.057884431 -0.1940747 25 0 5206.9615 15.829165 -2.998645
134 164.04986 303.4346 0.65092513 -0.20885822 -0.20154059 25 0 795.84981 2.2754266 -0.89265706
135 70.851384 304.3656 0.60334938 -0.28646562 -0.23654205 25 0 1121.2291 3.4210233 -1.3353901
136 42.671199 304.38916 0.52711711 0.57912964 -0.076417497 25 0 896.41367 2.854458 -1.1388091
137 325.59323 307.11808 0.60809991 -0.024547269 -0.43453765 25 0 357.10596 1.0239156 -0.025660368
138 456.82677 307.34796 0.59463336 -0.38526645 -0.30514062 25 0 639.07045 1.9933038 -0.74893376
139 139.80615 314.07944 0.51488693 -0.17972267 -0.42322551 25 0 443.59218 1.3846824 -0.35337543
140 54.413878 319.98466 0.6991369 -0.091283481 -0.27469718 25 0 1323.4014 3.7545518 -1.4363953
141 197.72993 325.84584 0.64818482 -0.40568416 -0.36052394 25 0 832.24462 2.4156935 -0.9576046
142 429.51608 326.11469 0.63839268 -0.031503795 -0.29330119 25 0 1027.969 3.0422911 -1.2080019
143 117.06701 330.51173 0.57498353 -0.0054632174 -0.066223533 25 0 2971.8888 9.1500045 -2.4035533
144 309.35372 342.41161 0.52819105 0.34838733 -0.087953375 25 0 480.72174 1.4830076 -0.42785847
145 242.012 345.24403 0.54631016 -0.15195409 -0.3171338 25 0 361.47964 1.1411044 -0.14331349
146 0.2261542 349.18186 0.91951355 0.054010753 0.17564493 25 0 4892.7116 12.062167 -2.7035633
147 9.9508765 350.1107 0.71324627 -0.11542396 -0.19727141 25 0 13971.108 39.964984 -4.0041991
148 266.49114 349.50494 0.53266581 -0.31376512 -0.016393934 25 0 455.13049 1.35778 -0.33207349
149 359.35693 350.25279 0.55264086 -0.17559369 -0.29672128 25 0 487.56805 1.5154877 -0.45138107
150 56.195457 351.33432 0.6450848 -0.050195341 -0.059046447 25 0 940.26393 2.6620306 -1.0630326
151 242.82906 351.11318 0.59404639 -0.34410133 -0.386109 25 0 876.67536 2.6554169 -1.0603318
152 467.83944 357.91862 0.6172742 0.16926778 0.19949215 25 0 969.72579 2.700094 -1.0784472
153 238.87696 360.95777 0.60451955 0.21822629 -0.23078926 25 0 419.82708 1.2262316 -0.22143126
154 339.68958 363.59531 0.54639418 0.05564985 -0.33842485 25 0 591.79224 1.7150401 -0.58568571
155 218.96909 367.16228 0.62507732 -0.16094146 -0.31131841 25 0 5175.7546 15.624168 -2.9844922
156 1.2399483 369.12426 0.66691579 -0.64922435 -0.23939516 25 0 912.5215 2.8013637 -1.1184237
157 360.85584 368.86181 0.65887491 -0.30978727 -0.28717541 25 0 1156.263 3.336522 -1.308235
158 472.25272 370.04508 0.59938729 -0.73085807 -0.27030099 25 0 381.4085 1.1808252 -0.18046406
159 277.84971 371.31615 0.63223311 -0.32817098 -0.24060526 25 0 23795.769 70.363725 -4.6183721
160 1.4289679 373.00268 0.74625494 -0.56183928 -0.32235583 25 0 1395.2118 3.7765675 -1.4427431
161 2.3977099 376.0508 0.40183733 -0.85954434 0.23858945 25 0 337.93056 1.1411293 -0.14333713
162 393.70801 378.58875 0.56354902 -0.36497122 -0.01464862 25 0 1624.8515 4.9477918 -1.7360285
163 205.23223 380.18072 0.64777569 -0.094826593 -0.31030467 25 0 1678.0392 4.7809473 -1.6987849
164 257.33116 381.49593 0.56359171 0.20566611 -0.13809322 25 0 2290.0168 6.994489 -2.11189
165 74.96797 382.6513 0.61096277 0.00027893699 -0.13312415 25 0 4673.6292 14.263957 -2.8856001
166 406.87306 382.87817 0.63312106 -0.46685245 -0.41883 25 0 1116.9581 3.2860122 -1.2916729
167 118.30355 383.45206 0.6033541 -0.77170798 -0.3453108 25 0 470.04513 1.240775 -0.23423256
168 2.0475083 385.64944 0.67485342 -0.58260545 0.065906781 25 0 422.18425 1.1704056 -0.17084101
169 478.42755 385.07598 0.67628145 -0.38770344 -0.36278352 25 0 9065.5603 25.853396 -3.531294
170 345.11887 396.00027 0.6630856 -0.25201502 -0.27042003 25 0 3688.9031 10.830832 -2.5866546
171 54.210003 396.78675 0.6887883 -0.22676512 -0.1965013 25 0 3870.0965 11.142141 -2.6174216
172 99.948291 398.54154 0.44912378 -0.57308293 -0.17001832 25 0 473.04491 1.398418 -0.36409251
173 206.60546 400.111 0.63460132 -0.046573593 -0.44151805 25 0 565.3998 1.434518 -0.39176501
174 79.7719 401.69559 0.61997727 -0.50756225 -0.19037057 25 0 410.03034 1.0493451 -0.052295808
175 123.83698 402.83616 0.62237602 -0.048615527 -0.26113077 25 0 1392.3271 4.0821572 -1.5272243
176 495.34841 403.35695 0.61332961 -0.17286985 -0.58972378 25 0 356.51132 1.0247417 -0.026536044
177 434.42793 405.42424 0.62263843 -0.81275008 -0.26562118 25 0 2184.0676 6.2681503 -1.9928485
178 463.76885 405.07872 0.6710249 -0.43545265 -0.25780346 25 0 2247.2928 6.4501031 -2.0239166
179 39.593936 407.79142 0.61705552 -0.082692795 -0.43841122 25 0 471.42362 1.3172792 -0.29919458
180 225.75239 412.92573 0.6447164 -0.26277997 -0.32926769 25 0 7814.8633 23.184581 -3.4129981
181 356.28669 415.07061 0.62415374 -0.025033525 -0.28582279 25 0 720.14321 1.9504646 -0.7253452
182 254.98024 420.52852 0.59106675 0.57208089 -0.049171716 25 0 601.1235 1.5515541 -0.47691731
183 391.68682 420.39345 0.73557076 -0.35638947 -0.24556852 25 0 523.29903 1.1965957 -0.19486862
184 252.29535 424.09531 0.66243177 -0.099970993 -0.30216051 25 0 2089.8436 6.0439944 -1.9533101
185 473.51171 424.85453 0.59521286 0.60472307 -0.23770153 25 0 420.86977 1.1246255 -0.12751982
186 84.388652 429.28596 0.68144016 0.1473097 -0.18573266 25 0 949.41977 2.5337618 -1.0094145
187 108.37776 430.71835 0.66746847 -0.37889687 -0.26959744 25 0 2171.7305 6.0123686 -1.947614
188 284.10034 441.13132 0.59104772 -0.1722214 -0.33837324 25 0 480.25891 1.4434203 -0.39848205
189 164.92831 442.52416 0.72300037 -0.40133271 -0.050983226 25 0 448.03395 1.0546825 -0.057804324
190 193.86871 447.7642 0.62786265 -0.15708436 -0.27533453 25 0 493.53643 1.508381 -0.44627765
191 159.07939 448.8294 0.62524926 -0.16448576 -0.28998818 25 0 2213.776 6.502025 -2.0326216
192 132.72352 449.65064 0.58973021 -0.82035984 -0.43795611 25 0 910.82082 2.5239897 -1.005219
193 381.22837 450.10281 0.62694201 -0.018051971 -0.43143702 25 0 390.03312 1.0519538 -0.054991661
194 232.27978 452.27449 0.64290548 -0.020139816 -0.25762697 25 0 1066.13 2.9469226 -1.1734218
195 491.06515 452.37316 0.35583504 -0.14194196 -0.14031679 25 0 61148.577 201.05937 -5.7583108
196 344.80358 454.35378 0.59949035 -0.44143425 -0.23808485 25 0 2982.434 8.9868028 -2.384013
197 14.581551 457.1211 0.6780997 0.26514136 -0.12068014 25 0 385.02507 1.0797924 -0.083350635
198 245.33365 456.82077 0.62716837 -0.54365251 -0.21306058 25 0 1183.4077 3.4552306 -1.3461926
199 91.573061 458.53091 0.57575409 0.43543197 -0.23660933 25 0 10778.747 32.109506 -3.766584
200 212.53532 466.13315 0.73105081 -0.36321317 -0.73560915 25 0 435.57255 1.0365167 -0.038940788
201 477.26314 469.04914 0.74364389 -0.18886618 -0.25271954 25 0 2493.5111 6.6347526 -2.0545618
202 311.40464 472.50985 0.58876464 0.47674101 -0.099315049 25 0 659.86417 1.8969723 -0.69515245
203 435.28547 473.79588 0.64844538 -0.51984164 -0.13843692 25 0 480.67071 1.2375979 -0.23144894
204 56.639345 477.95702 0.70463539 -0.12415172 -0.30792323 25 0 6215.5633 17.595049 -3.1134762
205 362.39864 477.32659 0.53194788 -0.56440126 -0.054410333 25 0 1058.8291 3.1325821 -1.2397561
206 149.48281 479.21183 0.69159916 0.056063112 -0.3484725 25 0 1224.7262 3.1560694 -1.2478664
207 326.45546 480.02588 0.61698676 -0.81244598 -0.46483803 25 0 392.59711 1.0969323 -0.10044957
208 427.86948 481.1868 0.43316491 -0.41297358 -0.34011191 25 0 60595.434 218.33522 -5.8478095
209 405.18991 483.47672 0.58660565 0.11602036 -0.22011185 25 0 413.30556 1.1928159 -0.19143353
210 211.28058 487.39194 0.60975502 0.12933295 -0.14931337 25 0 4730.8051 14.298111 -2.8881967
211 342.84887 489.35054 0.64872495 -0.81362797 -0.4507746 25 0 635.9035 1.6748683 -0.55995167
212 429.06971 488.92712 0.64833007 -0.13206334 -0.2272632 25 0 636.07787 1.6397466 -0.53694186
213 114.48562 491.10683 0.72003146 -0.015894479 -0.25004041 25 0 553.29358 1.3762301 -0.3467276
214 261.25682 490.81593 0.69764238 -0.23999785 -0.29824546 25 0 3456.6678 9.5707747 -2.4523677
215 338.52551 495.95253 0.67475461 -0.43760537 -0.31326806 25 0 553.0744 1.4105815 -0.37349547
216 139.2617 496.62453 0.62682022 -0.51679038 -0.24271216 25 0 850.95137 2.272273 -0.89115129
217 64.370772 501.87678 0.7434292 -0.22236005 -0.25306305 25 0 1320.5444 3.5081792 -1.3627044
