id xcentroid ycentroid sharpness roundness1 roundness2 npix sky peak flux mag
1 30.00529 0.079826925 0.90261588 -0.26680718 -0.45670522 25 0 2852.8822 6.2478627 -1.9893287
2 291.01746 15.615571 0.39537649 0.016241871 -0.018226117 25 0 353.78816 1.3895874 -0.35721464
3 18.5148 24.466991 0.59205688 0.50872674 -0.13084768 25 0 9919.0642 25.773605 -3.5279379
4 328.64328 24.388171 0.56408507 -0.14376217 -0.18066358 25 0 483.97718 1.5018182 -0.44154339
5 402.25392 27.498345 0.52924356 0.27241053 0.053110106 25 0 419.44967 1.3330222 -0.31209349
6 461.19546 27.510311 0.5279741 -0.20126033 -0.041385946 25 0 17258.135 47.026215 -4.1808501
7 348.03685 45.684808 0.61389265 0.6123168 -0.16766929 25 0 355.90246 1.0590219 -0.062262329
8 447.41635 46.115755 0.57568194 0.91636323 0.47797272 25 0 287.15181 1.0034966 -0.0037897731
9 107.50622 52.299173 0.58558006 0.00040344782 -0.31849383 25 0 392.77834 1.0452115 -0.048010459
10 180.61915 53.44598 0.60404633 0.4094803 -0.20649385 25 0 803.64327 2.159225 -0.83574474
11 199.89229 54.281398 0.61186776 -0.15719632 -0.14032209 25 0 1684.3023 4.3568457 -1.5979305
12 60.310189 56.454956 0.60964455 0.25602289 -0.16650885 25 0 382.70896 1.0554854 -0.058630543
13 318.41435 56.53403 0.44428086 0.43058613 -0.049397625 25 0 57705.989 154.68438 -5.4736162
14 105.2644 58.414142 0.63219651 0.15667434 -0.11536108 25 0 3844.1526 9.6471067 -2.4609927
15 394.07672 60.295977 0.67991146 0.39514459 -0.094749677 25 0 779.67347 2.0623627 -0.7859126
16 464.28918 66.32368 0.51992276 -0.44263722 -0.41085208 25 0 474.13584 1.4264935 -0.38567453
17 287.9924 66.960986 0.60572929 -0.16591882 -0.11266353 25 0 1202.4545 3.4026005 -1.3295274
18 437.03487 73.906848 0.62957675 0.039796423 -0.2602229 25 0 1201.4369 3.2116543 -1.266822
19 495.34212 76.256905 0.65687811 0.17368361 -0.10218882 25 0 2647.8384 6.6676154 -2.0599263
20 25.285027 79.304609 0.64563672 0.00022085738 -0.21772386 25 0 480.42341 1.3189611 -0.30057997
21 426.60555 80.742666 0.5674308 0.29581935 -0.21571316 25 0 1099.7788 3.159441 -1.2490256
22 411.95477 82.343488 0.56615012 0.14176764 -0.015377527 25 0 334.4596 1.046437 -0.049282691
23 49.584293 84.210652 0.6322714 -0.28642376 -0.17933499 25 0 1200.9353 3.0678128 -1.2170721
24 462.52365 89.362581 0.55280837 0.15485326 -0.34087894 25 0 583.00135 1.6712004 -0.55757135
25 344.3282 93.152349 0.63282033 -0.0078930162 -0.24410995 25 0 2487.5292 6.4757244 -2.0282209
26 113.46984 96.185924 0.47474791 0.21273553 -0.086115918 25 0 299.94053 1.0086521 -0.0093534552
27 85.941185 99.738838 0.52469421 0.026638719 -0.015717212 25 0 441.75654 1.3097484 -0.29296973
28 484.65724 100.34399 0.59298393 -0.26549669 -0.13868371 25 0 15489.481 40.355346 -4.0147527
29 277.23117 107.44209 0.64983958 0.055816886 -0.027792479 25 0 883.78744 2.2848496 -0.89714405
30 281.27979 109.16466 0.62131719 -0.25737817 -0.10179229 25 0 1112.5985 2.996035 -1.1913672
31 179.66133 110.10595 0.60801606 -0.12657907 -0.37813007 25 0 1322.7268 3.4681073 -1.3502313
32 47.390952 114.04755 0.60108668 -0.31206244 -0.37351069 25 0 2815.0184 7.3558376 -2.1665803
33 502.74549 116.80827 0.56621361 0.065927965 -0.16197972 25 0 1486.7585 4.0851531 -1.5280208
34 483.02038 120.25351 0.62487757 0.05640497 -0.029418085 25 0 1640.0014 4.3610158 -1.5989692
35 325.86195 125.63344 0.47223987 -0.20088668 -0.049826981 25 0 338.80314 1.3276025 -0.30767019
36 212.69247 127.43869 0.55609561 -0.29733876 -0.11733608 25 0 11498.041 30.680951 -3.717172
37 230.08009 127.5301 0.59605389 0.072266773 -0.020737269 25 0 707.83448 1.7982363 -0.63711689
38 240.01656 128.90964 0.58144049 -0.14655474 -0.21224767 25 0 1388.7909 3.804173 -1.4506506
39 296.66374 128.71828 0.52315063 0.047277666 -0.20729364 25 0 699.94522 2.0991659 -0.80511689
40 44.651008 132.22663 0.53827526 0.12510288 -0.036513421 25 0 420.94775 1.3430089 -0.32019726
41 144.17142 133.96618 0.59760503 -0.10638759 -0.25061082 25 0 1623.991 4.4049305 -1.6098476
42 472.04181 134.83537 0.44703224 -0.16016871 0.05110715 25 0 243.62674 1.0264574 -0.028352347
43 510.81474 135.71651 0.82659414 0.056691064 0.31855513 25 0 1333.7157 3.1035585 -1.2296498
44 168.10502 139.51485 0.57808993 0.01908132 -0.040597522 25 0 1240.6059 3.1709119 -1.2529604
45 0.068758677 140.72777 0.8867337 0.036914658 0.25958418 25 0 877.38169 2.0125103 -0.75934527
46 245.22784 142.97588 0.60306576 -0.21486812 -0.35743931 25 0 391.8766 1.1241292 -0.12704055
47 387.97399 151.20129 0.60003113 -0.055761911 -0.17030334 25 0 9202.4591 24.249621 -3.4617624
48 6.7076682 156.95132 0.61760543 -0.47762151 -0.33433781 25 0 623.4215 1.7902118 -0.63226104
49 290.59353 156.7212 0.53944878 0.025618112 -0.23309112 25 0 1889.776 5.1298945 -1.7752711
50 476.07488 163.28805 0.6348805 0.061048088 -0.078505 25 0 6290.0806 16.204218 -3.0240702
51 377.91637 172.74136 0.55997449 0.011216668 -0.14531456 25 0 36370.548 98.179487 -4.9800519
52 417.20691 176.23369 0.64387807 -0.070643653 -0.1463069 25 0 388.24492 1.148243 -0.15008452
53 156.16468 185.66034 0.52457014 0.34863625 0.13782849 25 0 646.35045 1.8400174 -0.66205483
54 217.87008 184.93594 0.60905927 -0.061144788 -0.17361946 25 0 1447.636 3.8407935 -1.4610524
55 338.15942 184.8692 0.58223564 -0.19326152 -0.22170969 25 0 426.1919 1.4404329 -0.39623256
56 470.12615 184.58002 0.57958642 -0.018541964 0.0058351075 25 0 4940.305 13.431824 -2.8203375
57 144.49987 188.11751 0.59658427 -0.48006047 -0.32661725 25 0 1199.6587 3.0972819 -1.2274518
58 8.9477809 193.89283 0.64220344 0.12228478 -0.17894606 25 0 636.26926 1.7459366 -0.60507117
59 106.8675 194.11589 0.65758119 0.069815912 -0.034771521 25 0 1485.2351 3.6651756 -1.410237
60 413.10305 193.8184 0.55066811 -0.10731503 -0.19502392 25 0 1944.4248 5.4766337 -1.8462842
61 403.03311 196.03639 0.63778183 0.24664832 -0.022127336 25 0 497.90699 1.44639 -0.40071356
62 474.7738 195.83088 0.62839031 -0.056336208 -0.12356473 25 0 622.27033 1.8336377 -0.65828383
63 218.56522 197.15428 0.51865196 -0.28517737 -0.34052315 25 0 698.75479 1.983704 -0.74369215
64 413.63779 198.92652 0.66539433 -0.50527315 -0.41624887 25 0 662.08066 1.8707455 -0.68003677
65 63.536763 200.53617 0.60768402 0.60931126 -0.099434633 25 0 26897.781 67.313745 -4.5702594
66 181.31274 199.72184 0.62680162 0.14566936 -0.037648475 25 0 574.87003 1.3897695 -0.35735697
67 113.11568 202.01133 0.75366517 0.29667461 -0.18152754 25 0 427.95973 1.0164204 -0.017683485
68 446.89304 210.89456 0.58525173 0.16211974 -0.0211251 25 0 411.11202 1.2106682 -0.20756284
69 160.12205 212.59046 0.50796312 -0.1801647 0.23199779 25 0 449.90055 1.1943685 -0.19284582
70 58.660696 214.49097 0.49690466 -0.36610579 -0.2344206 25 0 336.28684 1.0233774 -0.025089573
71 500.58557 214.47206 0.492839 0.50763098 -0.096185369 25 0 895.07218 2.5398947 -1.0120393
72 461.14745 217.01468 0.72419284 -0.35620387 0.060750331 25 0 560.45421 1.4399305 -0.39585383
73 494.55256 220.64401 0.57151372 0.24270044 -0.16090298 25 0 2103.4118 5.5247215 -1.855776
74 4.4153244 223.81311 0.55338829 0.62786968 0.10923619 25 0 314.02121 1.0444575 -0.047226982
75 6.4156471 224.53586 0.43232218 0.87010692 -0.59408267 25 0 270.14088 1.0103665 -0.011197367
76 417.49135 226.84765 0.54138273 0.056372267 -0.21401998 25 0 655.25688 1.8517128 -0.66893408
77 318.00006 228.76884 0.56716814 0.034515297 -0.15403892 25 0 1123.0692 3.1237826 -1.236702
78 248.39671 230.58003 0.67390557 -0.55234952 -0.12053394 25 0 557.33215 1.3044124 -0.28853726
79 142.59619 231.97154 0.53674982 -0.065758994 -0.24324081 25 0 684.79181 1.9298797 -0.71382559
80 471.26801 235.56539 0.56586923 -0.2987545 -0.063438491 25 0 3218.3938 8.5184087 -2.3258962
81 231.71403 237.37929 0.57691651 -0.32268777 -0.13449595 25 0 2047.0264 5.3874086 -1.8284498
82 343.82154 239.73228 0.57294613 0.035305212 -0.11777511 25 0 3296.5641 8.9511726 -2.3796998
83 414.13784 240.50895 0.53436251 -0.088642757 -0.05799849 25 0 9034.2645 24.219705 -3.4604221
84 318.70826 241.98731 0.56188168 -0.081917482 -0.26125046 25 0 798.45119 2.2890882 -0.89915632
85 172.3384 248.13113 0.60029619 0.39552498 0.076298315 25 0 612.70589 1.6637148 -0.55269722
86 232.30626 249.16232 0.63729482 -0.078086285 -0.18500797 25 0 648.57867 1.7361214 -0.59895021
87 423.31479 252.09155 0.64714508 0.1086775 -0.14044985 25 0 1577.0346 4.0137008 -1.5088625
88 195.97194 265.52584 0.53632125 0.055718359 -0.03783614 25 0 3449.5714 9.4281428 -2.4360654
89 420.10575 265.48948 0.52637591 -0.053379148 -0.021788535 25 0 4729.0293 12.604316 -2.7512982
90 258.05679 268.05986 0.39019774 -0.40021712 0.018862976 25 0 230.81757 1.0275207 -0.029476443
91 25.214671 286.0471 0.72275855 0.17387693 -0.072124178 25 0 1336.0756 3.2288949 -1.2726348
92 39.408898 295.25327 0.68261827 -0.12036589 -0.21745752 25 0 561.56073 1.3383943 -0.31646019
93 339.65475 298.16638 0.61038334 -0.22311113 -0.23014322 25 0 4334.33 11.200042 -2.6230492
94 152.55297 299.16926 0.69407675 -0.40772339 -0.22699815 25 0 767.27886 1.7920421 -0.63337052
95 30.988462 300.26903 0.58966322 -0.11688063 -0.077644428 25 0 1027.0541 2.8564744 -1.1395758
96 59.385152 300.03648 0.66003788 -0.064217493 -0.32084458 25 0 1005.5413 2.4871629 -0.98926058
97 445.52667 303.28674 0.59533384 -0.11001204 -0.20462482 25 0 599.02961 1.5381032 -0.46746372
98 128.37877 309.93476 0.66473531 -0.38031283 -0.30103615 25 0 456.41824 1.1173807 -0.1205029
99 42.675555 315.81007 0.6627213 0.024465484 -0.21864953 25 0 1046.7729 2.63619 -1.0524418
100 186.21456 321.52447 0.51654307 -0.21310479 -0.18719287 25 0 579.72087 1.5302692 -0.46191959
101 418.08346 322.03865 0.57314327 -0.087366976 -0.24831187 25 0 922.96084 2.5767309 -1.0276727
102 105.41298 326.25191 0.562143 -0.32456167 -0.28935638 25 0 2313.6043 6.0614603 -1.9564432
103 297.4578 338.27535 0.54414448 -0.72322598 -0.52546287 25 0 386.00752 1.013522 -0.014583004
104 0.085071748 346.05629 0.95567759 0.42148553 0.65629881 25 0 761.26645 1.520419 -0.4549082
105 255.05636 345.42311 0.48833185 0.10824879 0.2609712 25 0 458.29934 1.3576411 -0.33196242
106 347.7884 346.09772 0.64096465 -0.18346557 -0.28799734 25 0 464.63336 1.1578256 -0.15910783
107 44.698301 347.17242 0.67613057 -0.048550656 -0.402356 25 0 758.45966 1.8034402 -0.64025438
108 231.23413 347.10989 0.61598943 -0.15745414 -0.31110262 25 0 733.43446 1.7126274 -0.58415722
109 456.25769 353.97764 0.58053705 0.040327526 0.28874662 25 0 722.11281 1.6628717 -0.55214687
110 328.05528 359.56466 0.47626273 -0.24480149 -0.09136929 25 0 533.67944 1.4676697 -0.41657081
111 207.40562 363.10257 0.67864494 -0.046126055 -0.28418265 25 0 4524.1211 10.81351 -2.5849167
112 349.36113 364.71397 0.52226525 -0.0087566009 -0.20790311 25 0 759.62521 2.0504069 -0.77960016
113 266.18867 367.16663 0.63288095 -0.039750541 -0.22521407 25 0 20057.607 50.634816 -4.2611231
114 382.05524 374.42489 0.54538466 -0.01141036 0.080288384 25 0 1362.3443 3.5850173 -1.3862281
115 193.67049 376.05233 0.58508024 -0.17986814 -0.39929217 25 0 1236.759 3.0963526 -1.227126
116 245.52307 377.30365 0.54702643 -0.38240702 -0.22063643 25 0 1931.4448 5.1178607 -1.7727211
117 63.300013 378.57168 0.60988723 0.48342417 0.0054662852 25 0 3666.3918 9.2738444 -2.4181495
118 395.34296 378.8128 0.58952349 -0.0036324543 -0.16753976 25 0 869.4835 2.1393356 -0.82569729
119 466.92814 381.07494 0.65025805 -0.13138922 -0.15302348 25 0 7824.7954 19.851453 -3.2444807
120 333.54011 391.95275 0.62037192 -0.082830436 -0.29731361 25 0 2782.7769 7.0387703 -2.118742
121 42.462241 392.64262 0.58894355 -0.32226754 -0.16863498 25 0 2620.4059 6.8268373 -2.0855489
122 88.169584 394.41556 0.57625429 0.29986322 -0.055532057 25 0 507.5547 1.2674527 -0.25732938
123 195.07683 396.21774 0.67487084 -0.24814074 -0.24922525 25 0 626.2929 1.4399014 -0.39583192
124 451.61097 397.47707 0.69319961 -0.81605288 -0.25923003 25 0 535.29479 1.0768306 -0.080368505
125 112.35863 398.69316 0.62967955 -0.054393981 -0.18763403 25 0 1192.7819 2.8815823 -1.1490776
126 422.97371 401.43211 0.60633185 -0.016270486 -0.029789595 25 0 2033.7657 5.1963167 -1.789239
127 452.2627 401.07264 0.67807297 -0.19115519 -0.19951072 25 0 1825.4504 4.3908641 -1.606375
128 27.843888 403.49413 0.5938823 -0.55516935 -0.24735538 25 0 443.0436 1.1054972 -0.10889409
129 214.1452 408.77694 0.62055115 -0.1516224 -0.20877764 25 0 6071.5597 15.391204 -2.9681815
130 344.63169 411.14212 0.57500275 0.011764829 -0.29891098 25 0 683.42161 1.7634654 -0.61591734
131 243.0942 416.36958 0.54114907 0.49434877 -0.074640351 25 0 559.96055 1.306088 -0.28993113
132 240.49665 420.05346 0.59222391 0.072201367 -0.30425767 25 0 1573.4919 3.9628362 -1.4950153
133 72.71053 425.19353 0.5345333 -0.27526732 -0.15641148 25 0 731.51008 2.0606575 -0.78501454
134 96.75039 426.70956 0.64525043 0.19905196 -0.14915779 25 0 1894.253 4.5742682 -1.6508041
135 147.436 444.73076 0.60896651 -0.30895167 -0.26740904 25 0 1747.6224 4.3230653 -1.5894795
136 120.99067 445.63988 0.61364109 0.22893799 0.012555721 25 0 901.21792 2.0611452 -0.78527145
137 220.60198 448.11698 0.69278198 -0.10137139 -0.33637362 25 0 914.1834 1.8931875 -0.69298406
138 479.67642 448.57303 0.39837573 -0.38206683 -0.071419833 25 0 60948.12 157.65742 -5.4942861
139 333.23053 450.39998 0.6276505 0.16523149 -0.12124296 25 0 2552.0512 6.2749279 -1.9940219
140 233.58453 452.64162 0.68325336 -0.18140045 -0.1648082 25 0 1008.4319 2.103684 -0.80745128
141 79.905013 454.49182 0.60584041 0.01542377 0.015657429 25 0 10677.422 27.690517 -3.6058277
142 465.75117 465.12738 0.70497338 -0.11683139 -0.049796896 25 0 2221.154 5.2661862 -1.8037405
143 299.81487 468.44499 0.62604315 0.4058204 -0.039019673 25 0 607.00503 1.3441688 -0.32113456
144 423.73564 469.68127 0.71906676 0.36562091 -0.21362159 25 0 492.75528 1.003892 -0.0042174895
145 350.70941 473.51908 0.51411257 -0.1669566 -0.032432664 25 0 957.68881 2.3943036 -0.94794805
146 45.057997 473.88734 0.69786395 0.016753453 -0.12069859 25 0 5408.7647 13.340189 -2.812905
147 137.80536 475.20854 0.6331093 -0.076218969 -0.21281637 25 0 1059.444 2.3900565 -0.9460204
148 416.24164 477.2639 0.47675511 -0.031292905 -0.18937715 25 0 60099.333 176.82406 -5.6188534
149 199.42699 483.36166 0.55148005 -0.51581627 -0.28273257 25 0 3424.9825 8.8849185 -2.3716336
150 331.27398 485.36874 0.64481169 0.17987055 -0.058085427 25 0 583.81598 1.234209 -0.22847176
151 249.70518 486.79998 0.61419953 0.057084782 -0.15282987 25 0 2649.6224 6.7046062 -2.0659332
152 127.54257 492.58538 0.58229291 -0.14705873 0.017392633 25 0 655.26016 1.4251546 -0.38465496
153 52.815722 497.84876 0.7333271 0.36919833 -0.08103242 25 0 1105.6118 2.4807711 -0.98646674
