id xcentroid ycentroid sharpness roundness1 roundness2 npix sky peak flux mag
1 436.14933 1.1974891 0.72607655 0.19794364 -0.18756543 25 0 1926 4.9590262 -1.738491
2 41.521625 2.2087243 0.60826849 -0.45045434 -0.36484805 25 0 5206 13.808599 -2.850374
3 303.14535 18.459704 0.68776611 -0.18658559 -0.17554756 25 0 577 1.4653386 -0.41484494
4 434.4262 21.999888 0.58903071 0.20744098 -0.42399075 25 0 333 1.302301 -0.28677845
5 114.82541 25.638974 0.465305 0.1368567 -0.26212493 25 0 363 1.3063299 -0.29013217
6 30.045089 27.423709 0.59615939 -0.042276535 -0.068560642 25 0 12166 32.493204 -3.7794813
7 340.55998 27.084861 0.50841409 -0.070993426 -0.25555881 25 0 578 1.8541535 -0.67036419
8 413.99629 30.285474 0.68412673 0.10754982 -0.15871938 25 0 665 1.989924 -0.74709124
9 473.06298 30.19192 0.6529868 0.087400753 -0.17630298 25 0 26310 67.575717 -4.5744767
10 359.85389 48.571863 0.49718705 0.056485409 -0.010454869 25 0 394 1.3007938 -0.28552114
11 459.4405 48.815244 0.62987235 -0.036129781 -0.2149148 25 0 302 1.1526107 -0.15420664
12 132.39578 51.036119 0.69330793 -0.17373769 -0.34708948 25 0 445 1.1159547 -0.11911645
13 119.16945 55.126044 0.59063112 -0.16471121 -0.39469903 25 0 490 1.2894531 -0.27601389
14 192.30195 56.31573 0.6309401 -0.03868335 -0.16613999 25 0 1101 2.7654228 -1.1044038
15 211.6844 57.145848 0.55670736 -0.20857952 -0.27182859 25 0 2008 5.4243241 -1.8358641
16 352.41361 58.460135 0.58571718 0.16807946 -0.33216832 25 0 381 1.0828806 -0.086451413
17 71.96958 59.547579 0.53366342 -0.12963409 -0.021928667 25 0 369 1.0788341 -0.082386622
18 330.21932 59.340715 0.33302598 0.15986125 -0.26533543 25 0 58490 181.16833 -5.6452057
19 116.98669 61.373802 0.5647093 -0.050096648 -0.15062128 25 0 4348 11.818413 -2.6813979
20 405.76011 62.930968 0.57598281 -0.2204744 -0.35252257 25 0 846 2.4724827 -0.98283316
21 476.22437 68.927878 0.6581608 -0.013928227 -0.18174709 25 0 773 2.3226641 -0.914966
22 299.90777 69.788244 0.59210681 0.022164498 -0.20181436 25 0 1502 4.0142694 -1.5090163
23 448.82857 76.586497 0.57605776 0.2041486 -0.0940089 25 0 1232 3.5359355 -1.3712609
24 507.34592 78.840538 0.66664606 -0.082736849 -0.17413149 25 0 3171 8.2242827 -2.2877451
25 3.3146743 79.909047 0.59120273 -0.88566878 -0.32820715 25 0 322 1.083074 -0.086645369
26 37.068202 82.328196 0.72267444 -0.063010503 -0.15146072 25 0 579 1.4529484 -0.4056255
27 60.107887 82.048589 0.73693023 -0.44351866 -0.076513523 25 0 435 1.0170325 -0.018337087
28 438.54658 83.435908 0.59685434 0.53180102 -0.17394621 25 0 1224 3.5015687 -1.3606566
29 3.5586773 84.013076 0.61699224 -0.563901 -0.29151352 25 0 376 1.1445568 -0.14659339
30 477.18146 84.14347 0.81358057 -0.072333375 -0.27940645 25 0 396 1.1268807 -0.12969482
31 423.6155 85.066472 0.55401087 -0.16532497 -0.25632284 25 0 497 1.6522066 -0.54516091
32 61.309222 87.231171 0.62913402 0.11200692 -0.21097359 25 0 1466 3.8007594 -1.4496759
33 474.17537 92.00906 0.66134829 0.10409455 -0.17555572 25 0 926 2.5972129 -1.0362689
34 356.25055 96.023792 0.62418305 -0.086486224 -0.2301094 25 0 3217 8.4622092 -2.3187094
35 97.69692 102.59781 0.59439542 -0.4793226 -0.27592479 25 0 480 1.1855995 -0.184845
36 150.21422 103.0383 0.68077053 -0.31810536 -0.47216409 25 0 498 1.1429749 -0.14509169
37 496.59466 102.95276 0.61242789 0.036323779 -0.23152337 25 0 19934 52.685204 -4.3042217
38 289.23156 110.26094 0.60826662 -0.25091294 -0.20816485 25 0 1147 2.9541685 -1.1760882
39 293.23617 112.01067 0.6193705 -0.31487227 -0.32395842 25 0 1440 3.6873827 -1.4167955
40 191.51932 113.03717 0.57702957 -0.063012132 -0.37434217 25 0 1444 3.5080413 -1.3626617
41 59.194054 117.08163 0.61742256 -0.21068079 -0.25897759 25 0 3931 10.251041 -2.5269199
42 121.38389 116.80027 0.6920797 -0.2379793 -0.40121114 25 0 505 1.146036 -0.14799568
43 457.32296 116.80465 0.68497016 -0.11297236 -0.26255672 25 0 334 1.0272186 -0.029157157
44 494.88691 122.93603 0.65149185 0.095220247 -0.1533673 25 0 1972 5.2963867 -1.8099492
45 337.80042 128.18532 0.46582004 0.17715915 0.19044604 25 0 420 1.2749515 -0.2637342
46 224.48373 130.27678 0.54234067 -0.47644909 -0.32997614 25 0 13040 34.249772 -3.8366442
47 241.93518 130.5208 0.50121969 0.28503404 0.025287051 25 0 806 1.9407998 -0.71995186
48 252.00715 131.77033 0.59760066 0.097205091 -0.10993243 25 0 1734 4.4467897 -1.6201165
49 308.61175 131.35232 0.51287922 0.248224 -0.10458047 25 0 856 2.2730095 -0.89150314
50 453.87845 133.15272 0.6569711 0.57496963 -0.015169645 25 0 323 1.0380432 -0.040538603
51 103.60898 133.62894 0.51705861 -0.49865006 -0.21055801 25 0 434 1.1436409 -0.1457242
52 204.19494 133.49815 0.50842666 -0.4356375 -0.2142732 25 0 484 1.1713572 -0.17172338
53 56.359957 135.08307 0.66362296 -0.17169053 -0.26242391 25 0 568 1.3782021 -0.34828227
54 155.9624 136.94759 0.55968114 -0.14885467 -0.22356314 25 0 1816 4.7152872 -1.6837704
55 179.81604 142.46361 0.55412154 -0.17831279 -0.15204497 25 0 1418 3.4673186 -1.3499844
56 11.150527 143.71027 0.64478504 -0.050545507 -0.10096058 25 0 1169 3.0654261 -1.2162271
57 257.29602 145.84965 0.50216163 0.022860305 -0.23720383 25 0 416 1.0073082 -0.0079059656
58 399.75971 153.93449 0.56284068 -0.042228226 -0.22747348 25 0 10431 28.409984 -3.6336775
59 302.52682 159.57715 0.53528665 -0.55467972 -0.15183943 25 0 2211 5.6379632 -1.8778056
60 18.552886 160.13407 0.66305508 -0.15289684 -0.33489881 25 0 702 1.7783934 -0.62506961
61 1.4898713 164.04444 0.51481912 -0.11640577 -0.34140374 25 0 515 1.514619 -0.45075852
62 487.88794 165.96912 0.62229086 0.0069186525 -0.14896442 25 0 7361 19.59488 -3.2303565
63 389.63966 175.54837 0.54399531 -0.45412775 -0.10121353 25 0 37858 98.546752 -4.9841058
64 428.96154 178.83918 0.63476218 -0.61484001 -0.16794681 25 0 453 1.3856583 -0.35414034
65 157.12024 182.75985 0.65341814 -0.4364602 -0.24174126 25 0 597 1.2615788 -0.25228595
66 37.149705 186.21306 0.6417751 -0.34971638 -0.3606631 25 0 448 1.1435266 -0.14561569
67 481.91862 187.36549 0.60914467 -0.015089824 -0.05033837 25 0 5876 15.67121 -2.9877563
68 167.84463 188.46499 0.59022942 0.024199952 -0.078720904 25 0 851 1.9620736 -0.73178822
69 229.66557 187.82504 0.53913266 -0.070390095 -0.25947872 25 0 1546 3.9778726 -1.4991272
70 350.0684 187.60339 0.57422569 0.074813117 -0.0072780686 25 0 499 1.3492972 -0.32526903
71 156.3931 191.10466 0.62288578 -0.038339526 -0.35165174 25 0 1512 3.5670145 -1.3807622
72 20.493464 196.88781 0.61990398 0.16968237 -0.33854045 25 0 672 1.6674836 -0.55515392
73 118.74587 197.07622 0.57836394 -0.086654905 -0.19489018 25 0 1619 4.0354242 -1.514723
74 424.87366 196.49802 0.50572043 0.078722917 -0.054882318 25 0 2063 6.0238115 -1.9496784
75 414.73056 198.77111 0.60239925 0.084663921 -0.14643512 25 0 552 1.6190852 -0.52317424
76 486.51798 198.36153 0.42289547 0.44848807 -0.2072557 25 0 391 1.5366843 -0.46646167
77 230.46729 199.99803 0.62454543 -0.029613303 -0.27034125 25 0 1029 2.3936251 -0.94764033
78 425.19775 201.63397 0.64052284 -0.37401151 -0.13502929 25 0 815 2.1371331 -0.82457892
79 75.302087 203.57141 0.56537679 0.35587814 -0.024859516 25 0 31424 82.769135 -4.794671
80 192.96195 202.63378 0.53692664 -0.16907966 -0.29026086 25 0 643 1.5475921 -0.47414129
81 458.56602 213.55077 0.48571462 -0.69662067 -0.12396761 25 0 328 1.2563488 -0.24777554
82 171.7799 215.60274 0.47935942 -0.15967015 -0.14295056 25 0 524 1.2573126 -0.24860815
83 70.388454 217.56651 0.65886554 -0.43484336 -0.1604543 25 0 539 1.1411541 -0.14336077
84 473.14231 219.66885 0.57080168 -0.26226526 -0.069022745 25 0 521 1.6074622 -0.5153519
85 506.51766 223.33557 0.62876194 0.30081693 -0.2083906 25 0 2576 6.5359923 -2.0382788
86 429.18477 229.40645 0.5666016 0.26712041 -0.14974938 25 0 822 2.2873996 -0.8983551
87 330.08125 231.5311 0.5055625 0.12311384 -0.070304554 25 0 1207 3.4766406 -1.3528995
88 260.25556 233.33882 0.39587671 -0.32807684 -0.013904139 25 0 568 1.6605655 -0.55064001
89 154.43994 234.82413 0.68400551 -0.47401822 -0.40571714 25 0 987 2.0474099 -0.77801202
90 483.12616 238.20626 0.63053581 0.040391414 -0.11247613 25 0 4449 11.691185 -2.6696463
91 243.49054 240.26835 0.57524426 -0.39022474 -0.30132121 25 0 2416 5.9971374 -1.94486
92 355.78717 242.5667 0.55727363 -0.32838332 -0.052227959 25 0 3449 8.8573003 -2.3682534
93 425.84377 243.28496 0.57714355 -0.20251534 -0.16900675 25 0 11880 31.574084 -3.7483269
94 330.72839 244.79138 0.48567714 -0.063515035 -0.22529579 25 0 853 2.4467826 -0.97148845
95 184.12593 250.97929 0.62270909 -0.30214133 -0.22479897 25 0 711 1.657615 -0.54870917
96 244.08804 251.96341 0.58382995 -0.095923652 -0.20309187 25 0 768 1.9141298 -0.70492845
97 435.04656 254.77187 0.59088383 -0.10204933 -0.12574567 25 0 1799 4.9730303 -1.7415528
98 207.74309 268.51828 0.52001504 -0.34258439 -0.14335304 25 0 3694 9.6277532 -2.4588124
99 431.86854 268.25837 0.57455574 -0.20136037 -0.18240818 25 0 6362 16.994955 -3.0758
100 37.016461 289.07074 0.66128109 -0.30100365 -0.28899286 25 0 1504 3.6734238 -1.4126776
101 51.376837 298.36807 0.57501652 0.37530259 -0.17623998 25 0 668 1.7197986 -0.58869398
102 351.45047 300.99567 0.54258511 -0.23533085 -0.38765573 25 0 4320 11.547269 -2.6561982
103 164.31855 302.10838 0.65721 -0.14337655 -0.28979658 25 0 974 2.2258031 -0.86871688
104 42.8415 303.26372 0.5724903 -0.065195897 -0.18448671 25 0 1109 2.900665 -1.156244
105 71.153024 303.04166 0.61824621 -0.12258495 -0.27326196 25 0 1114 2.6833183 -1.0716805
106 325.8926 305.70579 0.58066965 0.025458977 -0.088540197 25 0 375 1.0101425 -0.010956641
107 457.09772 305.97266 0.71411243 -0.40916878 -0.10842667 25 0 730 1.889153 -0.69066781
108 140.1963 312.86774 0.63781556 -0.2639628 0.078103684 25 0 511 1.1011487 -0.10461492
109 54.517866 318.83681 0.62455985 -0.32107146 -0.286942 25 0 1109 2.694088 -1.0760295
110 198.03014 324.52779 0.48600023 -0.007949807 -0.22393754 25 0 668 1.7290126 -0.59449539
111 429.79417 324.69821 0.57411813 -0.0020111267 -0.20393794 25 0 828 2.3574781 -0.93111918
112 117.35052 329.16008 0.64904892 -0.030903726 -0.27702571 25 0 3407 8.3265575 -2.3011637
113 309.50686 341.05647 0.56763723 -0.80718727 -0.34242207 25 0 485 1.2043179 -0.20185282
114 0.34170138 347.9872 0.82165567 -0.13047602 0.11296914 25 0 4789 10.964239 -2.5999462
115 266.98375 348.31453 0.50530858 -0.15694101 -0.19319753 25 0 427 1.1535321 -0.15507423
116 10.11551 348.91356 0.65015899 -0.16152047 -0.19220933 25 0 12040 30.717509 -3.718465
117 359.41724 348.76795 0.4442845 -0.095587482 -0.408659 25 0 342 1.1129272 -0.11616688
118 56.333228 350.07789 0.59061369 0.01854034 -0.042335081 25 0 905 2.3512789 -0.92826035
119 243.17969 349.78013 0.55544647 -0.29557045 -0.22730888 25 0 799 2.0152455 -0.76081991
120 468.07177 356.64903 0.46135081 0.6516506 0.54966233 25 0 675 2.0381293 -0.77307932
121 340.05963 362.47269 0.53866619 -0.10057704 -0.065776681 25 0 624 1.7711395 -0.62063193
122 219.26083 365.85216 0.61440134 -0.23376413 -0.23863036 25 0 4860 12.195289 -2.7154802
123 361.27192 367.54268 0.50293525 0.10248334 -0.16576015 25 0 766 2.1216877 -0.81670367
124 278.14316 369.95632 0.59668423 -0.27412699 -0.29537528 25 0 22342 57.799272 -4.4048059
125 1.5986072 371.7218 0.59834565 -0.0042246244 -0.13295267 25 0 1123 2.8056798 -1.1200953
126 2.4173101 375.11577 0.70632504 -0.36300755 -0.10742939 25 0 545 1.1909784 -0.18975971
127 393.96848 377.16436 0.59405039 -0.27386858 -0.15926342 25 0 1679 4.5623139 -1.6479629
128 459.69572 377.60953 0.49288065 -0.96697011 -0.33443535 25 0 267 1.055311 -0.058451111
129 205.52304 378.92097 0.6418532 -0.38491994 -0.42638965 25 0 1459 3.485045 -1.355521
130 257.58266 380.07854 0.53607613 -0.40991702 -0.38075686 25 0 2225 6.0270117 -1.9502551
131 75.169492 381.47863 0.55767208 0.098947757 -0.08009418 25 0 4036 10.775926 -2.5811365
132 407.1535 381.53154 0.55000177 -0.013630758 -0.10695287 25 0 853 2.3851248 -0.94377777
133 118.37178 382.30551 0.58944102 0.038835037 -0.2375956 25 0 456 1.0972054 -0.10071979
134 2.161631 384.1898 0.56367653 0.40613228 -0.036676449 25 0 460 1.2446782 -0.2376427
135 478.86614 383.7256 0.59665056 -0.062664949 -0.11849848 25 0 8028 21.689404 -3.340619
136 54.379408 395.53235 0.55234514 0.4059346 -0.11425276 25 0 2729 7.223339 -2.146845
137 345.49936 394.59474 0.59616957 -0.59529517 -0.22384927 25 0 2601 6.4633845 -2.02615
138 99.884857 397.22066 0.54381713 0.0046004644 0.029989271 25 0 531 1.325894 -0.30627203
139 206.90485 398.86886 0.57383012 -0.21717781 -0.41519371 25 0 573 1.4330379 -0.39064415
140 463.51988 400.14194 0.62986027 -0.91991302 -0.31229703 25 0 531 1.4229496 -0.38297376
141 124.06252 401.59582 0.52269073 0.19745083 -0.0030142143 25 0 1098 2.8825264 -1.1494332
142 434.73427 404.02553 0.58346866 -0.36329545 -0.27801969 25 0 2153 5.8949943 -1.9262085
143 464.17669 403.65789 0.61213915 -0.46225418 -0.11597339 25 0 1786 4.83452 -1.7108834
144 39.48834 406.40396 0.49048121 -0.47113384 -0.30250536 25 0 420 1.1416456 -0.14382827
145 226.08558 411.59897 0.58343769 -0.23882379 -0.11765638 25 0 6532 16.965793 -3.0739354
146 356.62334 413.6918 0.65784836 -0.61913277 -0.3602048 25 0 610 1.4639287 -0.41379982
147 255.20919 419.17708 0.65962305 0.27289581 -0.3353431 25 0 680 1.6638713 -0.55279934
148 391.95616 418.79121 0.61939585 -0.1206414 -0.024893376 25 0 482 1.3403538 -0.3180486
149 252.46878 422.80153 0.51099319 0.011427304 -0.33329945 25 0 1412 3.8536757 -1.4646879
150 474.10567 423.47617 0.59164147 -0.059720948 -0.13526122 25 0 330 1.088473 -0.092044135
151 84.497712 428.01436 0.62790988 -0.19684558 -0.40675046 25 0 865 2.0567561 -0.782957
152 108.57296 429.50339 0.63743761 0.58279469 -0.17639575 25 0 1751 4.1401029 -1.5425278
153 132.75303 448.44802 0.56610244 -0.31379687 -0.17435838 25 0 880 2.2281623 -0.86986705
154 159.25559 447.48029 0.64353205 -0.33665513 -0.1166875 25 0 1897 4.4162168 -1.612626
155 232.54693 451.03561 0.54896711 -0.29954824 -0.35835222 25 0 915 2.4838681 -0.98782132
156 491.64739 451.0448 0.25829974 -0.24056141 -0.25272256 25 0 58293 174.34094 -5.6034984
157 345.16509 452.93369 0.6575564 -0.2651345 -0.26005655 25 0 3119 7.847731 -2.2368603
158 245.67291 455.35509 0.4876038 0.20396057 -0.055540864 25 0 798 2.1974293 -0.85478729
159 91.789161 457.1896 0.58769347 -0.2028296 -0.31273103 25 0 12373 32.918197 -3.7935901
160 477.60803 467.69399 0.60454052 0.046848801 -0.15484763 25 0 1709 4.5538606 -1.6459493
161 311.55352 471.0997 0.60164096 -0.23633689 -0.35163851 25 0 567 1.5192718 -0.4540887
162 362.689 476.0873 0.60908721 -0.41107688 -0.38124088 25 0 1138 3.0535084 -1.2119978
163 56.861694 476.74002 0.60115719 0.022537409 -0.20346637 25 0 5174 13.788217 -2.8487703
164 149.5767 478.01816 0.56275935 -0.25409085 -0.32550403 25 0 1063 2.8967023 -1.1547597
165 428.23213 479.78752 0.41793174 -0.41441426 -0.24064753 25 0 58714 180.98886 -5.6441296
166 211.48497 486.08539 0.60967055 -0.31679068 -0.38836514 25 0 4312 11.121085 -2.6153679
167 343.23697 487.93457 0.66730396 -0.72972252 -0.37481731 25 0 607 1.5190698 -0.45394432
168 114.779 489.94099 0.67882264 -0.27167072 -0.1936971 25 0 509 1.1313893 -0.13403013
169 261.48491 489.40481 0.495153 0.31989392 -0.16473559 25 0 2092 5.7077277 -1.8911581
170 139.48333 495.24447 0.60613582 0.26707071 -0.40751795 25 0 742 1.7701357 -0.62001641
171 339.04505 494.53981 0.58259815 0.026351701 -0.37223869 25 0 361 1.0474235 -0.050305736
172 64.519574 500.61899 0.60523572 0.22811099 -0.20013595 25 0 958 2.4408909 -0.96887091
