id xcentroid ycentroid sharpness roundness1 roundness2 npix sky peak flux mag
1 328.34794 2.4935296 0.49216621 0.67009767 0.17075598 25 0 268.66117 1.3081094 -0.29161014
2 300.77814 4.9656733 0.62567707 -0.036348849 -0.39164395 25 0 837.78876 3.4156711 -1.3336901
3 309.94001 7.3148126 0.56597988 -0.17622616 -0.089735639 25 0 352.70627 1.5288728 -0.46092839
4 432.24922 8.2354387 0.69568769 0.054516742 -0.20993828 25 0 633.52858 2.4891216 -0.99011526
5 475.0499 10.599272 0.81681569 0.20394714 0.17904113 25 0 290.42773 1.0149119 -0.016070895
6 112.72524 12.143335 0.61823097 -0.26900281 -0.20481513 25 0 511.22381 2.0104027 -0.75820764
7 27.901492 14.119722 0.71738294 -0.085550007 -0.21182285 25 0 18020.107 64.390179 -4.5220491
8 338.37828 13.677199 0.60192643 -0.27570238 -0.084857135 25 0 782.15478 3.12065 -1.2356127
9 411.76568 16.787262 0.66474475 0.13528933 -0.28840285 25 0 775.30687 2.8928079 -1.153299
10 470.91163 16.655889 0.6502192 0.22519432 -0.091442361 25 0 29549.268 109.67161 -5.1002356
11 337.80267 22.160109 0.62192735 -0.49575259 -0.57140526 25 0 232.76531 1.006576 -0.0071164004
12 338.5689 27.121394 0.57606176 -0.26940883 -0.52354073 25 0 267.97706 1.2907808 -0.27713123
13 216.34565 31.842423 0.72835313 -0.86509031 -0.39223568 25 0 350.19771 1.2946486 -0.28037979
14 357.57508 35.101374 0.6428338 -0.1153143 -0.2539345 25 0 622.72523 2.4813128 -0.9867038
15 428.50472 34.919574 0.4491197 0.24729536 -0.0022020547 25 0 178.48284 1.1948609 -0.19329339
16 457.06258 35.249152 0.70555504 0.026802127 -0.40474889 25 0 438.82351 1.6178588 -0.52235154
17 130.18326 37.496943 0.67148876 0.43535509 -0.18404358 25 0 406.00139 1.4239233 -0.38371648
18 101.60935 41.542728 0.58041541 0.78375462 0.38124996 25 0 216.65422 1.0304653 -0.03258348
19 116.97085 41.841866 0.64044658 -0.10746248 -0.19435981 25 0 643.47112 2.4090097 -0.95459638
20 190.00663 42.857884 0.58869784 0.060926004 -0.26455738 25 0 1273.6653 5.2453782 -1.799442
21 209.48928 43.696533 0.6347038 -0.36328414 -0.24505395 25 0 2295.0456 8.3467391 -2.3037921
22 422.51583 43.822063 0.70379803 0.3915435 -0.26380537 25 0 286.57146 1.1394578 -0.1417456
23 350.10909 45.031764 0.57488091 0.079524164 -0.12099989 25 0 496.87503 2.1622863 -0.83728299
24 69.856302 46.130471 0.68592208 -0.12848018 -0.21726069 25 0 687.00818 2.5546127 -1.0183127
25 328.00576 45.835098 0.31001127 0.21314382 -0.11375441 25 0 58611.201 294.92376 -6.1742744
26 114.73484 47.977037 0.66383466 -0.086711878 -0.33898714 25 0 5883.8127 21.671207 -3.3397078
27 157.70699 48.808426 0.52408257 0.83282378 0.1221817 25 0 269.90459 1.0279463 -0.029926082
28 403.7734 49.442043 0.57145033 0.46394373 -0.43749507 25 0 871.14169 3.6045746 -1.392135
29 237.05822 53.740719 0.51357363 -0.2773996 0.029369388 25 0 214.3565 1.0007371 -0.00080005395
30 55.95655 55.176751 0.91041572 0.38241377 -0.1354967 25 0 343.2411 1.05964 -0.062895875
31 250.87359 54.840813 0.5513364 -0.54078071 -0.932916 25 0 301.0786 1.3621972 -0.33559995
32 404.23959 54.888429 0.59776649 0.11997603 -0.1485603 25 0 286.52828 1.2898609 -0.2763572
33 474.00386 55.575597 0.64549295 0.29108852 0.13166053 25 0 926.10407 3.6218386 -1.3973227
34 297.58958 56.383797 0.58107407 -0.27007 -0.19558829 25 0 1501.3514 5.9145909 -1.9298118
35 145.73393 61.070547 0.57127824 -0.12772826 -0.29401132 25 0 362.20329 1.5241813 -0.45759159
36 446.53015 63.068483 0.65853706 -0.1274514 -0.26300141 25 0 1649.6193 6.1349941 -1.9695354
37 33.807801 64.065373 0.64209384 -0.18400122 -0.27096572 25 0 304.83069 1.2531237 -0.24498489
38 505.11503 65.333778 0.72142593 0.29086938 -0.0059623505 25 0 4103.1037 14.325402 -2.890267
39 1.0560658 66.775395 0.71031697 -0.38415951 -0.12588243 25 0 500.66936 1.965702 -0.73379422
40 352.71867 67.275473 0.60464225 -0.12421378 -0.3513035 25 0 291.73448 1.2495689 -0.24190048
41 34.867993 69.092509 0.73200417 -0.14596445 -0.30537399 25 0 843.25419 3.0234541 -1.2012584
42 57.932881 68.595086 0.58375028 -0.0019144657 0.053704492 25 0 434.67897 1.7799308 -0.62600778
43 172.63362 69.342626 0.61382957 -0.36580314 -0.36879505 25 0 331.20778 1.2583173 -0.2494754
44 436.22447 69.937061 0.68693723 0.069529877 -0.19244128 25 0 1877.5852 6.9180279 -2.0999558
45 1.401734 70.699863 0.60639325 -0.48147879 -0.14415355 25 0 429.53054 1.7959113 -0.63571224
46 115.7623 70.801097 0.68329927 -0.048213327 -0.13439738 25 0 427.13256 1.4971319 -0.43815018
47 474.82211 70.726097 0.69321737 -0.045545047 -0.14922298 25 0 489.19866 1.7474931 -0.60603867
48 421.60307 71.496022 0.53615797 -0.4080231 -0.012501216 25 0 472.8853 2.1026644 -0.80692488
49 59.132863 73.884262 0.66625935 -0.12824721 -0.28418878 25 0 1870.6721 7.1089485 -2.1295134
50 316.90315 75.374359 0.48833044 0.21791979 0.36416673 25 0 200.01855 1.0635108 -0.066854714
51 472.0652 78.458406 0.60013614 0.31857762 0.018004513 25 0 981.0983 3.7882917 -1.4461085
52 353.9766 82.512074 0.54966281 0.14467432 -0.026224136 25 0 3049.7434 12.478966 -2.7404465
53 123.27224 85.643659 0.63150091 0.047163034 -0.27365693 25 0 474.08687 1.8697947 -0.67948482
54 95.378553 89.184858 0.64397955 -0.059182643 -0.21287526 25 0 606.89391 2.2930255 -0.90102223
55 494.45755 89.50285 0.63099218 0.60441977 -0.072057928 25 0 21316.243 78.136158 -4.7321301
56 148.14063 89.27822 0.45707147 0.059553759 -0.23261914 25 0 279.99762 1.1158838 -0.11904742
57 158.48137 96.123823 0.59973063 -0.071960228 -0.46263088 25 0 495.48433 1.9210107 -0.70882445
58 286.97093 96.807271 0.62509393 -0.21485742 -0.1543115 25 0 1431.0751 5.5112646 -1.8531282
59 290.95887 98.560609 0.56077807 -0.23004523 -0.13593468 25 0 1361.4754 5.4292851 -1.8368566
60 189.23692 99.584616 0.58665846 -0.38357563 -0.18767045 25 0 1614.6126 6.1014555 -1.9635836
61 119.12963 103.37382 0.73955171 0.22736512 -0.21576786 25 0 424.11708 1.4834699 -0.42819683
62 454.9938 103.54819 0.64631948 0.3706278 -0.062244842 25 0 408.00146 1.5633723 -0.485156
63 57.045513 103.70763 0.6295024 -0.052294946 -0.18771133 25 0 4470.6451 16.67637 -3.0552538
64 65.132999 104.92942 0.52732041 -0.72365087 -0.34228086 25 0 214.04088 1.0580931 -0.061309688
65 299.9278 105.70275 0.43115285 -0.18734028 0.019400863 25 0 227.08178 1.3085891 -0.29200828
66 511.02627 105.78086 0.9362463 -0.033952129 0.18773212 25 0 443.19772 1.431399 -0.38940174
67 492.64763 109.45481 0.59136966 -0.097463214 -0.086818392 25 0 2076.2601 8.2256634 -2.2879273
68 335.50979 114.93605 0.61317054 -0.36021181 -0.36085499 25 0 584.58292 2.4165924 -0.95800853
69 222.34364 116.83136 0.64597164 -0.17819373 -0.25905062 25 0 18240.933 66.987747 -4.5649884
70 239.71152 117.00543 0.67440589 0.079460876 -0.20394399 25 0 1167.833 4.2227441 -1.5639869
71 249.81151 118.3019 0.60377864 -0.1573131 -0.20169496 25 0 1801.6861 6.840586 -2.0877333
72 306.40071 118.06255 0.70036984 -0.12046521 -0.33564075 25 0 1305.0511 4.6357332 -1.6652961
73 101.289 120.42663 0.71733453 0.36400758 -0.04382903 25 0 553.05303 1.9364503 -0.71751591
74 201.87335 120.03927 0.67545731 0.18906422 -0.20531575 25 0 658.85482 2.3700883 -0.9369113
75 317.0775 120.44585 0.63732551 -0.2293128 0.27533276 25 0 246.20461 1.0458297 -0.048652441
76 451.54204 119.61979 0.64548565 -0.51427244 -0.12490492 25 0 389.71427 1.5555136 -0.47968455
77 495.59693 119.99048 0.73550357 -0.23003876 -0.22097867 25 0 389.81494 1.502465 -0.44201092
78 156.04923 121.18516 0.62432884 0.090222693 -0.53006494 25 0 462.97096 1.8176066 -0.64874974
79 54.129367 121.78407 0.59518491 0.046689547 -0.25168067 25 0 592.46126 2.4309318 -0.96443192
80 153.6469 123.41603 0.55081627 0.39574617 -0.12368214 25 0 1777.4485 6.7905195 -2.0797575
81 481.62167 123.93083 0.58752017 -0.2000178 -0.40237992 25 0 407.53831 1.7095133 -0.58218123
82 177.62071 128.96544 0.63288246 -0.010247095 -0.3193064 25 0 1844.9126 6.8078246 -2.0825209
83 9.0093473 130.51581 0.61940122 -0.08142592 -0.15606429 25 0 1155.7249 4.3337192 -1.5921519
84 255.0653 132.18589 0.6271157 -0.24129073 -0.26868032 25 0 524.36469 1.9758617 -0.73939135
85 397.61283 140.49245 0.59185855 0.58222399 -0.21382563 25 0 10539.768 39.33217 -3.9868698
86 300.47249 146.03486 0.66333882 -0.077778273 -0.33328071 25 0 3235.5443 11.630235 -2.6639712
87 16.312101 146.73601 0.59476322 -0.18759493 -0.13621035 25 0 803.19481 3.3211753 -1.3032295
88 53.628355 149.30421 0.71086134 0.14740677 0.036674686 25 0 254.60673 1.0121943 -0.013159727
89 96.079662 148.47738 0.57817747 0.07351372 -0.051466197 25 0 276.9954 1.1916269 -0.19035073
90 0.076362939 150.70898 0.95309595 0.51989027 0.17919231 25 0 426.52596 1.3210831 -0.30232534
91 485.79452 152.49003 0.59166685 0.3603466 0.022668775 25 0 7667.7332 29.927368 -3.6901713
92 99.092076 160.14233 0.75263323 0.21071112 -0.21862378 25 0 606.41409 2.0881059 -0.79938132
93 387.50835 161.99373 0.69716685 -0.090395856 -0.35189258 25 0 57601.027 199.82948 -5.7516489
94 426.66597 165.55982 0.62297158 -0.27878135 0.055413841 25 0 500.82201 1.995179 -0.74995467
95 207.90135 165.8789 0.50353348 0.25128345 -0.078449881 25 0 547.64252 2.5338149 -1.0094372
96 155.0068 169.30391 0.56243656 0.16679023 -0.19022882 25 0 635.78554 2.4798782 -0.98607587
97 35.071259 172.92681 0.64579344 -0.64888925 -0.45732132 25 0 432.62507 1.695419 -0.57319263
98 227.66008 174.36751 0.59508119 0.3786936 -0.28100231 25 0 1621.802 6.0971297 -1.9628136
99 347.7929 174.21073 0.61437187 -0.36886693 -0.23393195 25 0 545.09898 2.1634992 -0.83789183
100 479.79422 173.9406 0.66234025 0.018369798 -0.16146175 25 0 7658.8349 28.622736 -3.6417779
101 165.6348 175.04052 0.64541515 -0.2412086 -0.25252067 25 0 1071.3768 3.9159557 -1.4820944
102 414.98931 176.41129 0.66873737 0.18850684 0.092243853 25 0 373.16298 1.5026872 -0.44217145
103 154.20201 177.64692 0.55613977 -0.18322341 -0.22205428 25 0 1483.267 5.8757806 -1.9226639
104 23.54653 178.75065 0.7129676 0.15809651 -0.25499382 25 0 229.55109 1.0105089 -0.011350408
105 18.282125 183.46506 0.60755392 0.52132886 0.031315072 25 0 752.3524 2.9055106 -1.1580561
106 422.65061 183.12504 0.65104154 -0.20202326 -0.24985273 25 0 2975.3831 11.072162 -2.6105811
107 116.49577 183.61387 0.59153714 -0.16273795 -0.16175129 25 0 1590.2492 5.8615615 -1.9200333
108 412.47925 185.33101 0.59689374 -0.61039048 -0.34118432 25 0 571.5847 2.4012901 -0.95111157
109 484.41423 185.05037 0.62821895 -0.10261866 -0.281667 25 0 777.16382 3.0945008 -1.2264765
110 228.27702 186.57832 0.56448269 -0.10244926 -0.12942717 25 0 1030.0968 4.0925692 -1.5299901
111 423.1813 188.01418 0.6772105 -0.29834779 -0.28952504 25 0 1077.4081 4.103977 -1.5330123
112 190.74121 189.24416 0.65566789 -0.17116423 -0.18333547 25 0 841.11811 3.206826 -1.2651885
113 73.119637 190.11009 0.68386778 -0.0087082177 -0.21637614 25 0 47488.959 173.44659 -5.5979144
114 327.68621 189.76404 0.85792065 -0.51892759 -0.27841734 25 0 300.29202 1.0093209 -0.010073141
115 122.79255 191.3665 0.5863734 -0.20755424 -0.32040235 25 0 372.28779 1.3883484 -0.35624612
116 254.30413 195.41927 0.49989778 0.17220362 -0.34182307 25 0 250.49033 1.0796053 -0.083162531
117 422.15091 196.0484 0.81101945 -0.042071945 -0.12446681 25 0 434.4067 1.439985 -0.39589493
118 456.49947 200.02263 0.71086125 -0.19027506 -0.38751741 25 0 696.39948 2.5020622 -0.99574527
119 169.6078 202.14588 0.59947418 -0.22269917 -0.31938005 25 0 636.28916 2.3846037 -0.94354055
120 350.72265 201.74789 0.67598027 -0.10745367 -0.28552364 25 0 257.69291 1.0648298 -0.068200479
121 199.91839 203.40301 0.6705773 0.16699061 0.033431239 25 0 381.97024 1.308611 -0.29202641
122 68.182065 204.22189 0.64598176 0.346634 -0.24363087 25 0 634.2585 2.3799285 -0.94140977
123 407.54381 204.19342 0.58544506 0.09456136 -0.48728201 25 0 296.56849 1.2728633 -0.26195443
124 510.4409 203.73116 0.63324009 -0.38659998 -0.1445574 25 0 1581.3461 6.023531 -1.9496279
125 470.92731 206.11853 0.69361927 -0.088774337 -0.22833816 25 0 725.41369 2.6554039 -1.0603265
126 417.26206 208.51092 0.54531939 -0.36954625 -0.21188682 25 0 256.25409 1.1449758 -0.14699076
127 504.38738 209.83164 0.68047003 -0.12369087 -0.22898331 25 0 3611.7595 12.985653 -2.7836595
128 13.922757 213.31143 0.67083082 0.39242237 -0.80000569 25 0 405.49537 1.5167185 -0.45226243
129 16.188128 214.64902 0.63968242 0.5740997 0.072877812 25 0 490.79142 1.8738287 -0.6818247
130 427.26367 215.98746 0.6337293 -0.09767071 -0.2708212 25 0 1199.6257 4.6404407 -1.6663981
131 327.77464 218.08124 0.64278951 -0.087419009 -0.30047211 25 0 1681.6594 6.3273175 -2.0030491
132 257.92906 220.12334 0.68637762 -0.029496868 -0.21629142 25 0 757.55767 2.6815579 -1.0709679
133 152.17065 221.40759 0.53662878 0.3361456 -0.16082666 25 0 845.54073 3.2833891 -1.2908059
134 495.28664 221.9886 0.69101421 0.069974808 -0.57447506 25 0 288.63727 1.2261052 -0.22131936
135 441.98708 225.4029 0.56767986 -0.12837622 -0.36919947 25 0 210.23806 1.0785433 -0.08209395
136 480.99647 224.76979 0.65014977 0.049922348 -0.10743642 25 0 5372.0555 20.265302 -3.2668827
137 241.45241 226.79895 0.63514573 -0.23789957 -0.32037709 25 0 2922.443 10.630188 -2.5663524
138 353.50797 229.04368 0.64369924 -0.12130408 -0.33015836 25 0 4786.1127 17.576425 -3.1123264
139 423.7702 229.82283 0.6154306 0.050361362 -0.21024071 25 0 14837.643 57.052012 -4.3906774
140 328.66072 231.29262 0.65250352 0.16848095 -0.34118571 25 0 1029.0684 3.757862 -1.4373521
141 493.10715 231.84791 0.65382528 0.34481126 -0.26331145 25 0 333.77755 1.3056769 -0.28958927
142 181.79461 237.67658 0.53373076 -0.26407517 0.032074794 25 0 597.62364 2.3743732 -0.93887244
143 241.95833 238.49348 0.52735624 0.3063652 -0.1027046 25 0 688.45507 2.8505935 -1.1373382
144 432.94892 241.2934 0.65372981 0.040329057 -0.13351273 25 0 2030.5931 7.4677943 -2.1829809
145 32.327665 241.5521 0.61635609 -0.21680081 -0.12010611 25 0 336.46656 1.3778307 -0.34798968
146 18.570089 244.28619 0.68188818 -0.12203698 -0.16397957 25 0 308.55411 1.2323343 -0.22682133
147 487.18406 252.69358 0.5731236 -0.3360089 -0.24898687 25 0 277.05553 1.228293 -0.22325492
148 205.54747 255.0847 0.6440384 -0.24534847 -0.35310979 25 0 5183.9987 18.806409 -3.1857647
149 429.83974 254.76852 0.60352311 0.065848353 -0.1797954 25 0 7769.1054 30.011538 -3.6932206
150 267.81174 257.59427 0.45558278 0.64235905 -0.26685536 25 0 308.44761 1.4993018 -0.43972268
151 333.2466 264.01868 0.5576356 -0.27392765 -0.18137063 25 0 429.5842 1.8856041 -0.68862627
152 106.35634 265.46603 0.63573465 0.34336195 -0.18283283 25 0 360.53305 1.4036654 -0.36815898
153 28.229406 276.07512 0.73920886 -0.027545927 -0.17548486 25 0 305.07227 1.0962813 -0.09980498
154 34.925491 275.72474 0.66275687 -0.039428599 -0.19514544 25 0 1639.1259 6.0272615 -1.9503001
155 91.226963 277.36865 0.58855913 -0.028959598 -0.18408553 25 0 338.49922 1.3102944 -0.29342225
156 503.07491 280.73815 0.58361155 0.67670482 0.55011875 25 0 234.03756 1.0371468 -0.039600528
157 217.0728 284.22113 0.48317616 0.20013855 -0.29901285 25 0 307.78756 1.3308163 -0.31029532
158 486.17382 284.77187 0.59684522 0.87373264 0.54050795 25 0 237.74817 1.0555833 -0.058731254
159 49.148583 284.88589 0.69001828 -0.14641983 -0.31277858 25 0 912.03735 3.2853358 -1.2914494
160 349.38351 287.60638 0.54249549 0.52420258 -0.044488004 25 0 4698.6572 18.643978 -3.1763464
161 161.99375 288.6476 0.57973833 0.033090287 -0.15734585 25 0 908.65246 3.5540321 -1.3768034
162 40.716385 289.87546 0.60610103 0.11768212 -0.27939953 25 0 1370.776 5.4042342 -1.8318354
163 68.975204 289.6685 0.60754579 0.13954008 -0.13273883 25 0 1204.9158 4.642039 -1.666772
164 323.57774 292.2787 0.6620602 -0.13963075 -0.30890167 25 0 369.99294 1.2867616 -0.27374523
165 455.11387 292.46797 0.60193403 -0.060579577 0.073218859 25 0 765.84159 3.0364354 -1.2059101
166 34.004568 296.99107 0.68636581 -0.46976984 -0.51062758 25 0 293.24369 1.1224058 -0.12537473
167 138.01906 299.32018 0.50243672 -0.3065404 -0.22703669 25 0 492.37904 2.0743329 -0.79219614
168 71.329904 299.54359 0.5357685 -0.76006806 -0.02965838 25 0 286.40095 1.123549 -0.12648008
169 52.448879 305.31143 0.64424534 0.37500031 -0.25054011 25 0 1286.7855 4.6823522 -1.6761602
170 400.23428 305.62455 0.59487391 0.010313459 -0.16338682 25 0 429.56735 1.5793345 -0.49618532
171 195.75998 311.14922 0.56863154 -0.22922675 -0.31957849 25 0 807.60955 3.2388978 -1.2759931
172 427.76875 311.3211 0.6752321 -0.022111665 -0.081320691 25 0 1098.3377 3.9113215 -1.4808088
173 115.06363 315.83943 0.65704598 -0.019593066 -0.2309139 25 0 3834.8278 13.945275 -2.8610677
174 37.055124 319.88049 0.62882103 0.57212129 0.11768847 25 0 396.42356 1.4630632 -0.41315769
175 164.58244 325.19908 0.60775119 -0.37521424 -0.2599594 25 0 349.11995 1.1777924 -0.17767191
176 307.38785 327.66759 0.78182486 -0.1943953 -0.075129397 25 0 726.45288 2.2651594 -0.88774694
177 240.26529 330.43986 0.48242885 0.10405596 0.34572451 25 0 266.70728 1.1122722 -0.11552769
178 264.76684 334.95598 0.56949531 -0.038450047 -0.35219689 25 0 533.36469 2.1062396 -0.80876941
179 7.9321146 335.52503 0.63182177 0.20536022 -0.006728724 25 0 12498.661 46.664984 -4.1724778
180 240.96441 336.54158 0.63465347 0.32936997 -0.024943314 25 0 864.47024 3.0428771 -1.208211
181 357.53189 335.34693 0.5773027 0.70099934 -0.033321201 25 0 459.40491 1.7545078 -0.61038824
182 54.329046 336.82401 0.70277903 -0.282825 -0.210796 25 0 1191.3187 4.1640491 -1.5487896
183 466.0123 343.15795 0.64940869 0.2856406 0.22397006 25 0 1110.5813 3.7869495 -1.4457238
184 236.92465 346.05567 0.6132407 0.2763384 -0.25499018 25 0 441.58914 1.5890158 -0.50282056
185 337.83929 348.99382 0.66783666 -0.16518533 -0.25655077 25 0 855.01811 2.9966567 -1.1915925
186 217.10448 352.41716 0.52365487 0.024930301 -0.047807442 25 0 4459.9671 17.805171 -3.1263654
187 359.05667 354.11862 0.61226847 -0.30067075 -0.26314061 25 0 1224.0144 4.749381 -1.6915925
188 0.083436574 354.75761 0.93764607 -0.67109076 0.51965036 25 0 557.83216 1.6514604 -0.54467042
189 470.65921 355.1007 0.54887687 -0.69178823 -0.30030911 25 0 377.3849 1.5273008 -0.45981142
190 275.97083 356.53901 0.56340527 0.060961857 -0.11408954 25 0 23423.191 91.674384 -4.90562
191 0.12685441 358.67616 0.78825273 0.10123119 0.60144167 25 0 864.81643 2.8811335 -1.1489085
192 420.38442 359.01747 0.6172821 -0.56557812 -0.50879275 25 0 269.79267 1.1029061 -0.1063463
193 0.39742383 361.92569 0.58508531 -0.52749103 -0.34855441 25 0 556.77505 2.1857747 -0.84901349
194 391.84234 363.79942 0.62529801 0.036748203 -0.16554013 25 0 2184.2271 8.3284324 -2.3014082
195 456.96259 364.27195 0.52291788 0.17350437 -0.067864775 25 0 332.84935 1.3678846 -0.34012365
196 203.39016 365.55686 0.52756366 0.52362245 -0.14605935 25 0 1309.4508 5.1190157 -1.7729661
197 255.48595 366.78418 0.66132077 -0.39364946 -0.30005328 25 0 2888.8689 10.21001 -2.5225654
198 72.987696 368.01901 0.70312622 0.024694599 -0.25238772 25 0 6204.4447 22.238277 -3.3677528
199 405.09963 368.08635 0.69170744 -0.19545577 -0.23934851 25 0 1305.7954 4.5989577 -1.6566485
200 88.022678 369.09118 0.66810002 0.30958216 0.068173927 25 0 313.95262 1.1452794 -0.14727863
201 116.17316 368.97628 0.57269421 0.0530372 -0.45967224 25 0 490.09311 1.8459802 -0.66556759
202 476.79181 370.266 0.6852891 -0.19052247 -0.11128127 25 0 10706.491 38.485536 -3.9632438
203 0.45359654 370.96558 0.83488604 -0.26248175 -0.13382643 25 0 637.76021 2.0590478 -0.78416606
204 453.26519 377.96626 0.73728946 -0.42177931 -0.32509498 25 0 390.20058 1.26881 -0.25849144
205 423.6057 379.64376 0.64171984 0.54361477 -0.050616661 25 0 290.18153 1.1202886 -0.12332479
206 343.30951 381.23158 0.63976924 0.052289345 -0.20529866 25 0 3752.8053 13.953505 -2.8617083
207 3.3147974 381.71616 0.57038059 0.10123771 -0.0079170115 25 0 261.66138 1.1174464 -0.1205668
208 52.203295 382.1403 0.68977413 0.082011996 -0.23113927 25 0 4386.2638 15.762287 -2.9940481
209 97.952329 383.81634 0.70673864 0.21946321 -0.18850701 25 0 707.90427 2.2804465 -0.8950497
210 204.64275 385.36589 0.49496252 0.28589931 -0.1492143 25 0 515.38607 2.0363426 -0.77212712
211 246.3617 386.45151 0.69761173 -0.070141768 0.086266574 25 0 368.60662 1.2434678 -0.23658637
212 77.714276 386.94254 0.56635299 -0.046559916 -0.11792295 25 0 473.10558 1.8327821 -0.65777707
213 461.40331 386.73519 0.66987325 -0.43058077 0.12271995 25 0 723.41201 2.4296934 -0.96387868
214 121.8495 388.18454 0.62929523 -0.26008311 -0.32939343 25 0 1536.9986 5.6594675 -1.8819389
215 493.82608 388.69474 0.57531127 0.15015048 0.21952687 25 0 390.29973 1.6253576 -0.5273723
216 462.05637 390.26668 0.67921495 -0.067177137 -0.12504963 25 0 2431.4585 8.5763711 -2.3332589
217 432.68812 390.59592 0.5908118 0.24985621 -0.07805244 25 0 2506.6223 9.6447142 -2.4607234
218 37.487839 393.1221 0.58278598 0.14118521 -0.1992581 25 0 603.74349 2.3211497 -0.91425789
219 223.88565 398.27619 0.61382865 -0.10557421 -0.22203111 25 0 8040.5487 30.35726 -3.7056564
220 354.53991 400.37642 0.61967211 0.1781297 -0.41689378 25 0 774.95272 2.8120535 -1.1225589
221 150.57879 400.42971 0.68984919 0.57787867 -0.34788059 25 0 344.69109 1.0963848 -0.099907476
222 253.12229 405.79818 0.6775333 0.3184179 -0.18084045 25 0 781.97837 2.5683155 -1.0241209
223 389.92194 405.53375 0.62452635 0.43079532 0.010314925 25 0 627.74597 2.3121506 -0.91004029
224 250.33143 409.48931 0.56059049 0.38529355 -0.10245364 25 0 1800.9277 6.9726896 -2.1085008
225 268.53411 409.05527 0.84401034 0.15839685 -0.46164145 25 0 444.20435 1.3082844 -0.29175543
226 471.9815 409.94913 0.84139135 0.53113641 0.023797071 25 0 637.49636 1.8548714 -0.67078453
227 18.889019 413.4006 0.57130237 0.45642802 0.29726243 25 0 332.33378 1.2673215 -0.25721705
228 82.461848 414.58614 0.65301395 -0.0529657 -0.17493052 25 0 951.06959 3.1777435 -1.2552971
229 106.48092 416.07135 0.73775234 -0.020481357 -0.41687638 25 0 2677.1502 8.8818695 -2.371261
230 282.44568 426.39616 0.57530976 0.0062671074 -0.4673826 25 0 378.28348 1.4418131 -0.39727244
231 163.20777 427.91531 0.73726887 0.31277715 -0.39276955 25 0 471.89724 1.4269282 -0.38600532
232 192.00663 433.23894 0.59401792 0.84076147 -0.16232466 25 0 364.27517 1.1573845 -0.15869411
233 157.18868 434.20397 0.69842011 -0.048071992 -0.283894 25 0 2621.167 9.1690591 -2.4058119
234 130.60376 435.05691 0.65358165 0.14910347 -0.23307218 25 0 1159.3018 4.1000626 -1.5319762
235 379.32508 435.22175 0.76059773 0.47583473 -0.29562396 25 0 439.17881 1.3781283 -0.34822409
236 172.15146 435.73711 0.5253168 -0.74540677 -0.55984988 25 0 322.66481 1.1034979 -0.10692882
237 159.68644 437.00975 0.60241968 0.19877354 -0.30943892 25 0 403.41275 1.3212766 -0.30248438
238 230.52245 437.61201 0.67725404 -0.53768612 -0.20108321 25 0 1118.7669 3.6089835 -1.3934623
239 489.45207 437.63954 0.38808382 -0.27649875 -0.25492382 25 0 60990.024 240.68152 -5.9536069
240 343.02137 439.54705 0.61290764 -0.047307167 -0.073411805 25 0 3350.8739 12.623205 -2.7529241
241 12.698524 442.52255 0.74453458 0.57631261 -0.38298117 25 0 394.31977 1.2690814 -0.2587237
242 243.55692 442.1007 0.65644819 -0.28953821 -0.23516874 25 0 1310.6185 4.6801592 -1.6756516
243 89.55378 443.90226 0.69609707 0.040569919 -0.3460719 25 0 16195.817 57.394936 -4.3971839
244 474.75314 444.97836 0.66494394 -0.58729205 -0.36746803 25 0 485.05288 1.722665 -0.59050208
245 210.45046 451.53092 0.30862444 -0.18736439 -0.020580235 25 0 226.09917 1.0963741 -0.099896872
246 461.29818 451.00198 0.72077888 -0.23697303 -0.32396816 25 0 430.88974 1.5275578 -0.45999413
247 475.50702 454.20325 0.72451509 -0.37376063 -0.27229895 25 0 2529.8663 8.536146 -2.3281546
248 377.87388 456.31648 0.47681479 -0.0080283143 0.016975715 25 0 291.42448 1.1574641 -0.15876881
249 309.55845 457.7364 0.70072168 -0.6697385 -0.30758587 25 0 774.21575 2.538137 -1.0112876
250 433.66282 459.19098 0.74847178 -0.47645826 -0.12207011 25 0 588.75231 1.9277648 -0.71263513
251 54.599032 463.47939 0.56696343 -0.33066586 -0.12387655 25 0 5125.9762 19.85726 -3.2447983
252 360.63102 462.72539 0.63828583 0.19414348 -0.21261943 25 0 1458.9147 5.3148238 -1.8137222
253 147.57982 464.6933 0.66980486 0.37416066 -0.22618736 25 0 1280.8177 4.352012 -1.5967252
254 324.29352 465.27488 0.49824541 0.15702206 -0.25844657 25 0 315.56718 1.1071401 -0.11050643
255 426.14537 466.46776 0.42456163 0.020345171 -0.21992864 25 0 61526.771 273.72473 -6.0932851
256 289.52224 466.88206 0.68578829 -0.29177705 -0.46154021 25 0 452.50665 1.4587474 -0.40995022
257 43.705521 468.66034 0.46601023 -0.25834732 -0.0038240689 25 0 265.80414 1.0708473 -0.074318888
258 403.40532 468.82322 0.59492568 -0.6180484 -0.4225049 25 0 338.08633 1.2423707 -0.23562799
259 209.42041 472.70588 0.67538626 -0.28966815 -0.24906826 25 0 5293.8486 18.546319 -3.1706443
260 499.29557 473.5525 0.67462468 -0.17788301 0.089532262 25 0 314.66854 1.0623606 -0.065679858
261 427.37104 474.1838 0.65331951 -0.073990423 -0.47525038 25 0 596.41074 1.91106 -0.70318582
262 341.03325 474.63366 0.56847352 -0.13794525 -0.09376279 25 0 654.1696 2.4787184 -0.985568
263 112.69187 476.54477 0.46217514 -0.64903084 -0.0028587503 25 0 401.89466 1.5617184 -0.48400685
264 259.50717 476.1249 0.72074794 -0.078934365 -0.3943436 25 0 3582.4896 12.016459 -2.6994413
265 336.88484 481.45689 0.6827278 -0.14865372 -0.13251424 25 0 650.75823 2.2973822 -0.90308315
266 137.36563 481.96962 0.80210026 -0.1348254 -0.33810599 25 0 1195.9869 3.6319905 -1.4003618
267 62.400091 487.28335 0.69156062 0.40292122 -0.2306662 25 0 1262.2219 4.3014009 -1.5840248
268 238.66512 497.15767 0.49423353 -0.12274756 -0.29478828 25 0 405.95953 1.669729 -0.55661499
269 391.17701 497.24128 0.66610226 -0.31616426 -0.16067541 25 0 365.43061 1.2952354 -0.28087174
270 495.86832 499.23374 0.6981554 -0.54024552 -0.26318749 25 0 392.32524 1.2073572 -0.20458943
271 148.62687 501.14265 0.73736737 0.20971215 -0.20626942 25 0 512.26603 1.6807156 -0.56373556
272 65.309325 502.04759 0.70326066 -0.47216697 -0.4428434 25 0 405.19378 1.3542671 -0.32926083
273 114.40662 504.02346 0.71379154 -0.21267698 -0.28121886 25 0 766.31017 2.6250663 -1.0478507
274 159.67104 504.10458 0.72214346 -0.38928103 -0.47298496 25 0 657.48874 2.0874362 -0.79903303
275 115.43183 507.74375 0.67481054 -0.49936401 -0.42243931 25 0 813.36181 2.589878 -1.0331983
276 161.52146 510.90274 0.86461408 -0.30368229 -0.69026103 25 0 750.28325 2.2389997 -0.87513507
