id xcentroid ycentroid sharpness roundness1 roundness2 npix sky peak flux mag
1 344.32623 0.31327643 0.41960821 -0.17894122 0.30952093 25 0 529.22746 2.9915938 -1.1897566
2 353.35118 2.8497021 0.66630922 -0.42110187 -0.18797525 25 0 402.75973 1.6799255 -0.56322506
3 475.73726 3.3488409 0.69559859 0.44926139 0.32611904 25 0 552.18361 2.2230205 -0.86735868
4 2.2356287 8.40944 0.63781111 0.60669327 0.060904418 25 0 855.56308 3.5778731 -1.3840623
5 10.655664 8.6138784 0.67404621 -0.026214865 0.19391438 25 0 514.48854 2.2116137 -0.86177317
6 156.15302 7.833487 0.73624627 -0.13227045 -0.030912892 25 0 703.49422 2.8523636 -1.1380122
7 381.83141 8.9812616 0.73855843 0.079116617 0.027299526 25 0 947.31477 3.6827588 -1.4154332
8 71.379978 10.052628 0.68560817 -0.06630779 -0.070696051 25 0 15945.82 66.628132 -4.5591441
9 18.876433 11.647374 0.74077626 0.16136419 0.161924 25 0 6614.8554 26.329302 -3.5510984
10 455.27936 11.984883 0.72854259 -0.18821585 0.06505191 25 0 827.62363 3.1971391 -1.2619038
11 0.91893492 13.252762 0.71706618 -0.11569776 0.14506914 25 0 4233.5741 17.190725 -3.0882355
12 472.50043 13.65965 0.33194235 0.26191169 0.12237588 25 0 160.48816 1.1075023 -0.11086164
13 380.9301 17.431537 0.58444909 0.029603482 -0.064615123 25 0 292.35983 1.4597239 -0.4106768
14 24.564334 23.438752 0.50309357 0.37311213 0.21804494 25 0 234.33489 1.3241234 -0.30482114
15 259.93201 27.295114 0.64913422 -0.22424593 0.0043311224 25 0 364.66943 1.5902459 -0.5036607
16 401.1759 30.365915 0.69538237 0.32654941 0.19220807 25 0 680.37184 2.7767768 -1.1088524
17 472.07913 29.759541 0.61939589 0.087438617 -0.028695287 25 0 270.50168 1.2963406 -0.28179779
18 500.86396 30.23789 0.47109894 0.687225 0.43456285 25 0 288.7398 1.4115963 -0.37427627
19 174.106 33.294198 0.42282705 -0.10068081 -0.54738809 25 0 265.66984 1.6193122 -0.52332644
20 160.42435 37.56046 0.59483234 -0.40812269 -0.063265224 25 0 449.46163 2.0967769 -0.80388055
21 233.54822 38.442725 0.51648549 -0.49833537 0.053683051 25 0 883.46106 4.0208566 -1.5107965
22 252.94509 39.413621 0.67870165 0.13390457 0.13081439 25 0 2519.8476 10.359742 -2.5383723
23 465.99108 38.964296 0.5827989 -0.17111734 0.19936944 25 0 258.19685 1.018827 -0.020251114
24 393.68199 40.412336 0.64123743 -0.15264659 0.12615038 25 0 562.24804 2.4253032 -0.9619151
25 371.43881 41.347286 0.45139699 -0.36475941 0.015150723 25 0 59351.741 266.9848 -6.0662163
26 437.12166 40.918593 0.77161421 0.420385 0.48383346 25 0 305.45556 1.113205 -0.11643785
27 113.2123 41.787931 0.78394233 -0.30700985 0.056264572 25 0 714.5379 2.7385892 -1.0938172
28 296.92982 42.00995 0.61019373 -0.34337909 -0.26831138 25 0 368.00252 1.7250483 -0.59200315
29 0.26268653 42.629017 0.78356621 -0.38207167 0.36239692 25 0 636.34966 2.3773795 -0.94024626
30 158.29843 43.671165 0.67445255 -0.19692104 0.032452378 25 0 5320.262 21.841108 -3.3481867
31 201.35066 44.048814 0.74132562 0.36329173 -0.082791497 25 0 456.94134 1.9222796 -0.70954139
32 447.1253 44.651867 0.72036437 0.077472202 0.092033433 25 0 1277.749 5.0713035 -1.762799
33 280.36975 49.031975 0.77138967 -0.16616532 0.20630561 25 0 378.99663 1.4739416 -0.42120072
34 293.77704 50.422324 0.64552584 0.57760233 0.37558726 25 0 373.86984 1.7267797 -0.59309233
35 447.48266 49.902983 0.65541735 0.20059565 0.09850581 25 0 272.30737 1.2608197 -0.25163244
36 99.600206 50.89495 0.57758037 0.048507157 -0.4544494 25 0 261.07336 1.2798053 -0.2678598
37 341.20943 51.759017 0.67404419 -0.049855244 0.07420595 25 0 1751.8568 7.3037991 -2.158872
38 189.29299 56.800076 0.75821467 0.26568921 0.27933747 25 0 297.12068 1.1127399 -0.11598415
39 490.25423 58.171528 0.67869445 0.18811623 0.019344951 25 0 1794.6568 7.5004815 -2.1877229
40 77.43661 59.856389 0.79136086 -0.66194925 -0.16120804 25 0 336.08806 1.1734473 -0.17365899
41 44.514454 62.694567 0.67497682 0.15071413 0.22394506 25 0 470.78268 1.9451283 -0.72237064
42 396.34812 62.740574 0.48377155 0.91749258 0.0088735203 25 0 232.42267 1.1455823 -0.14756576
43 78.439294 64.726295 0.58217107 -0.072561715 -0.0015639641 25 0 685.67419 3.2928338 -1.2939245
44 101.43389 64.576254 0.55084957 -0.11854742 -0.093805208 25 0 356.00873 1.6993608 -0.57571397
45 216.45272 64.678528 0.66023537 0.21741603 0.12747779 25 0 285.12624 1.0870345 -0.090608289
46 479.8796 65.089317 0.75913013 0.045384857 0.082101963 25 0 2173.0905 8.5812727 -2.3338793
47 44.863254 66.549531 0.74093369 0.15128246 0.27617838 25 0 575.69666 2.3240535 -0.91561531
48 159.29667 66.530397 0.67407229 -0.039454434 0.19177649 25 0 444.50174 1.7510179 -0.60822649
49 465.04395 66.815711 0.73642642 0.43778993 0.15028339 25 0 752.43303 2.9904706 -1.1893488
50 215.77426 68.441946 0.56103901 0.34311101 0.77666199 25 0 218.13149 1.1725303 -0.17281017
51 102.70699 69.667982 0.70918823 0.2254303 0.036463581 25 0 1857.5302 7.6239986 -2.205457
52 360.91695 70.751062 0.68102506 0.68238215 0.486606 25 0 317.83431 1.421122 -0.38157839
53 172.39593 72.358872 0.51135861 0.063062392 0.035551973 25 0 210.71993 1.1462951 -0.14824109
54 8.7639996 75.540886 0.7348333 -0.32466855 0.039360134 25 0 433.35509 1.8151286 -0.64726847
55 2.166494 78.072029 0.80230558 0.041996459 0.075250695 25 0 967.5232 3.7026263 -1.4212747
56 397.56866 77.837664 0.62559368 0.15907482 -0.04880902 25 0 3499.0896 15.32915 -2.9637952
57 18.053948 80.869725 0.76921546 0.037572732 0.024518959 25 0 1065.8676 4.1575591 -1.5470961
58 166.43381 81.428822 0.63370955 -0.36752227 -0.1623663 25 0 423.43823 1.7785675 -0.62517591
59 482.38215 82.894763 0.61938101 -0.25245289 0.030930057 25 0 305.24379 1.476205 -0.42286666
60 138.97847 85.069285 0.65594102 -0.077006035 0.011065381 25 0 725.12007 3.3062063 -1.2983249
61 191.56229 85.289171 0.54029127 0.17535242 -0.27558531 25 0 301.77579 1.4143466 -0.37638966
62 248.29504 85.017074 0.61197685 0.85141915 0.12343599 25 0 207.01119 1.1671 -0.16777015
63 201.94877 91.714158 0.73309985 0.36287241 0.25115884 25 0 561.69794 2.28595 -0.89766681
64 330.5703 92.206462 0.66224471 -0.43217359 -0.089192894 25 0 1299.9109 5.4411743 -1.8392316
65 334.49832 93.97819 0.60377332 -0.49681447 -0.21516931 25 0 1435.4882 6.3529631 -2.0074408
66 232.87719 95.253571 0.7083859 0.14037071 0.11858382 25 0 1877.4631 7.4298627 -2.177452
67 0.092838322 95.699064 0.94103146 0.31293976 0.47217092 25 0 1039.4037 3.5543024 -1.376886
68 162.78432 99.035376 0.58758652 0.0017608693 0.17155876 25 0 383.05424 1.698988 -0.5754758
69 498.57995 98.397875 0.40973218 0.38210036 -0.026456105 25 0 277.11506 1.5840567 -0.4994268
70 100.61045 99.487904 0.62883303 0.35459181 0.067624144 25 0 3081.6215 12.918122 -2.7779985
71 108.79289 100.88086 0.74982642 -0.53425538 -0.055581759 25 0 330.54602 1.2847433 -0.27204088
72 343.44876 100.95392 0.64921544 -0.35692681 -0.37680432 25 0 409.99109 1.8395328 -0.66176883
73 379.30633 110.27954 0.57116183 0.18654305 -0.030866581 25 0 607.48587 2.9025451 -1.1569474
74 265.94128 112.52861 0.67882491 0.045441198 0.2217379 25 0 17810.686 72.810228 -4.655481
75 283.34154 112.38621 0.55628259 -0.31292207 0.26145024 25 0 841.36324 3.6316343 -1.4002553
76 293.45465 113.89908 0.64463651 -0.19200525 -0.11932222 25 0 1917.4755 8.1001007 -2.271226
77 350.02654 113.38114 0.66635748 0.15369059 0.22255667 25 0 1223.2331 5.1361704 -1.7765986
78 495.35957 114.84923 0.58246593 0.38965203 0.049975014 25 0 413.07437 1.9387783 -0.71882037
79 144.96278 116.21207 0.72179382 0.80566432 0.22522969 25 0 545.679 2.0454236 -0.77695816
80 245.67512 115.65587 0.56720442 0.46425384 -0.13845733 25 0 487.77563 2.2685439 -0.88936795
81 360.65379 115.72113 0.77953823 0.3633292 -0.023635467 25 0 273.11507 1.1222348 -0.12520931
82 198.99866 117.59581 0.6176846 -0.67145551 -0.56742461 25 0 390.66807 1.7582372 -0.61269368
83 97.767652 117.72698 0.75563783 0.25330157 0.20145755 25 0 659.71241 2.5607641 -1.0209239
84 197.37579 119.15749 0.65224838 0.24777746 -0.072289686 25 0 2172.8204 9.1774779 -2.4068084
85 30.179943 121.24472 0.71056424 -0.24050704 0.19547034 25 0 539.54619 2.1975496 -0.85484672
86 221.26319 124.57186 0.60021999 -0.081935868 0.10776985 25 0 1677.2095 7.4515718 -2.1806197
87 52.628415 126.42292 0.65710096 -0.53999896 0.044347167 25 0 1287.7466 5.5003897 -1.8509837
88 25.043737 127.08477 0.78802984 -0.30290754 -0.10322155 25 0 558.72274 2.1976103 -0.8548767
89 298.72003 127.81923 0.61911454 0.20329988 -0.14086968 25 0 508.2033 2.2182219 -0.86501245
90 47.905943 131.24664 0.77591714 0.006152775 -0.37723456 25 0 255.87088 1.0385889 -0.041109228
91 315.77835 133.90078 0.64937892 -0.30935939 0.016774049 25 0 236.6272 1.070755 -0.074225314
92 441.2602 135.64764 0.65506918 -0.095652739 0.078616236 25 0 12743.803 53.255417 -4.3159095
93 429.75749 138.92837 0.68285649 -0.10836518 0.19993692 25 0 346.14814 1.4814439 -0.42671299
94 344.07423 141.52821 0.63635777 0.19916175 0.21798031 25 0 3008.8047 12.7675 -2.7652646
95 59.969385 142.68289 0.6655486 -0.034509716 0.13412234 25 0 832.32787 3.4989799 -1.3598536
96 97.137776 144.71573 0.66466672 -0.64005606 0.34664377 25 0 272.75661 1.3548361 -0.3297169
97 139.64764 144.20042 0.60219513 0.02852592 0.33678181 25 0 218.26985 1.0463183 -0.049159571
98 497.43558 146.30298 0.50250749 0.23839023 -0.33288144 25 0 191.01311 1.0085856 -0.0092819303
99 43.006663 146.66888 0.76272014 -0.065018926 0.20442023 25 0 702.91854 2.6734195 -1.0676678
100 142.73946 155.91247 0.63458024 0.17399458 -0.097123489 25 0 488.40868 2.2214394 -0.86658619
101 431.24286 157.24686 0.65208866 0.22557524 0.048160133 25 0 53897.897 227.72551 -5.8935292
102 324.71663 161.36197 0.35686605 -0.20959249 -0.81989426 25 0 156.35048 1.007308 -0.0079057053
103 470.30184 160.75287 0.71606398 0.54480849 -0.36480384 25 0 554.22006 2.186605 -0.84942585
104 251.63999 161.35971 0.50672086 0.62400582 0.16895034 25 0 461.85963 2.2052125 -0.85862609
105 198.75482 164.88947 0.72611841 0.17802256 0.023495949 25 0 700.70367 2.7155411 -1.084641
106 501.71544 166.86613 0.52929087 0.4039015 -0.18351407 25 0 209.5024 1.1227095 -0.12566847
107 78.603871 168.72378 0.76191763 -0.064263071 -0.21880423 25 0 453.44372 1.7746128 -0.622759
108 271.30075 169.92717 0.68533639 -0.089256253 -0.064054171 25 0 1980.9082 8.0801171 -2.2685441
109 391.5707 169.50337 0.603434 0.34588815 0.1647697 25 0 440.85573 1.9380664 -0.71842161
110 209.37547 170.71963 0.56203451 -0.20199961 0.058966841 25 0 814.639 3.6518947 -1.4062956
111 458.79833 171.74553 0.73919298 0.17984394 0.17302022 25 0 443.70471 1.742131 -0.602702
112 47.024318 172.74674 0.79374206 -0.22707993 -0.059589067 25 0 289.69303 1.1143754 -0.11757883
113 197.90952 173.43332 0.71391685 0.029844241 0.15141365 25 0 1766.8527 6.8638064 -2.0914126
114 188.98372 177.51357 0.53672039 -0.29999945 0.2397173 25 0 221.93629 1.0778607 -0.081406562
115 0.87670238 177.90366 0.71872939 -0.12168695 0.10883622 25 0 767.54672 3.2236805 -1.27088
116 466.47306 178.25132 0.58685934 0.19889184 -0.078527731 25 0 2542.6725 11.244352 -2.6273361
117 62.13347 179.46207 0.68724622 0.028139574 0.032716313 25 0 796.32132 3.0859183 -1.2234611
118 160.16263 179.45626 0.64911528 0.41300675 0.19720938 25 0 1891.262 7.8367829 -2.2353445
119 456.45097 180.56537 0.61294999 0.35945798 0.070038805 25 0 529.98067 2.331799 -0.91922779
120 35.510342 181.94492 0.71503705 -0.3497514 -0.35847706 25 0 265.17187 1.1038477 -0.10727293
121 271.98646 182.04713 0.65900617 0.074883229 0.10165544 25 0 1252.3637 5.4484469 -1.8406818
122 466.82925 183.26053 0.73052305 -0.29256685 0.13451233 25 0 1064.418 4.2266795 -1.5649983
123 234.59777 184.81878 0.54224332 0.015022402 -0.11536106 25 0 615.948 2.8976336 -1.1551087
124 371.52551 185.23508 0.50231559 0.12978354 -0.18983664 25 0 215.61 1.0801788 -0.083739114
125 116.82543 186.0331 0.7216132 0.0020480275 0.043864174 25 0 46974.591 190.87102 -5.70185
126 166.42172 187.08401 0.64804108 -0.48416887 -0.26377485 25 0 417.34056 1.6633964 -0.55248939
127 297.94252 190.80278 0.6602154 0.0093120891 -0.17216312 25 0 340.28337 1.4256948 -0.38506641
128 465.92375 191.25293 0.67165234 -0.36946183 -0.015250106 25 0 429.66178 1.9023655 -0.69823491
129 437.13574 193.9427 0.48144416 0.037367987 0.36864502 25 0 186.20744 1.1764589 -0.1764419
130 500.2317 194.94124 0.69436265 -0.059755602 -0.049678217 25 0 754.17316 3.2352265 -1.2747617
131 394.24778 196.96052 0.80599274 -0.34849557 -0.17693103 25 0 371.15584 1.2688245 -0.25850386
132 427.17908 196.85988 0.74321666 0.18258515 -0.05322632 25 0 438.17963 1.8303645 -0.65634396
133 213.40831 197.94065 0.71313734 -0.29139279 -0.04043996 25 0 633.26614 2.4494096 -0.97265356
134 243.87842 198.96486 0.74265586 0.044380116 -0.03917394 25 0 311.67349 1.1031145 -0.10655151
135 111.92248 200.06248 0.71321459 -0.14640355 -0.00099193891 25 0 671.35865 2.8045764 -1.1196682
136 450.98406 199.25374 0.76533519 -0.1089081 0.40814509 25 0 369.26228 1.4870409 -0.43080728
137 192.60547 201.80374 0.54270745 -0.28662368 -0.015815166 25 0 216.43225 1.145199 -0.1472024
138 460.90568 203.70707 0.47146574 0.18912943 0.44403174 25 0 227.48497 1.1216617 -0.12465473
139 10.101261 208.05329 0.75136443 0.10097227 0.057748048 25 0 2496.3049 9.9285978 -2.4922198
140 59.846518 210.64806 0.76608212 0.74045028 -0.020924244 25 0 559.23792 2.1054882 -0.808382
141 380.05888 210.75631 0.63455445 0.85771786 0.38821904 25 0 262.73556 1.1800884 -0.1797864
142 470.9264 211.10227 0.69695456 -0.0047718792 0.060830538 25 0 1337.4988 5.6511648 -1.8803449
143 33.207009 212.56527 0.68073668 -0.16825573 0.13922658 25 0 1910.3799 7.9484132 -2.2507011
144 371.59757 213.32965 0.6723787 -0.36755036 0.033351951 25 0 1528.7052 6.0895405 -1.9614613
145 301.72156 215.45542 0.62393047 -0.64013958 0.15372263 25 0 690.11259 2.8951099 -1.1541626
146 195.9589 217.08693 0.70219745 0.23630465 0.064265519 25 0 1126.2052 4.444639 -1.6195912
147 265.72179 220.24387 0.55073721 0.17048969 -0.11494591 25 0 237.89424 1.154098 -0.15560671
148 285.16956 222.25547 0.670984 0.11274578 0.064583058 25 0 3213.5813 13.582927 -2.8324835
149 30.913029 224.65846 0.63127307 0.20659888 -0.041387522 25 0 264.58599 1.1208241 -0.1238436
150 397.46615 224.23874 0.61768703 0.277013 -0.092580343 25 0 4249.8357 18.257782 -3.1536201
151 467.50205 224.86452 0.64872262 0.098858784 -0.10904478 25 0 13912.127 58.151782 -4.4114076
152 372.38985 226.59367 0.58109559 -0.48690246 0.040606178 25 0 945.0478 4.3229688 -1.5894553
153 197.69148 230.15494 0.68102614 0.15938596 0.29446737 25 0 286.50612 1.1447896 -0.14681416
154 225.73633 233.15035 0.65562392 -0.01327593 0.088026668 25 0 714.47828 2.9302216 -1.1672512
155 285.86885 233.9474 0.65542697 0.075469514 -0.10314446 25 0 877.14773 3.7869857 -1.4457342
156 476.75536 236.38337 0.69864495 -0.074525026 0.13484064 25 0 2100.9165 8.4689516 -2.3195741
157 76.207059 237.43605 0.79659236 -0.35957814 0.090628418 25 0 420.57095 1.4565483 -0.40831223
158 62.810486 240.0491 0.58806194 0.77207604 0.27715743 25 0 215.83613 1.0745124 -0.078028541
159 318.83934 243.23371 0.68324536 -0.15077984 0.52137177 25 0 238.92394 1.0131247 -0.01415731
160 106.4442 245.97295 0.97226201 -0.26241436 -0.34279883 25 0 2981.4256 10.427655 -2.5454666
161 97.162105 247.77103 0.70836834 -0.0019893575 0.36993939 25 0 298.69788 1.1478375 -0.14970106
162 473.62879 249.74924 0.65360602 0.25702766 0.023850492 25 0 7560.4259 31.749675 -3.7543482
163 249.38022 250.5826 0.63300334 -0.33039451 0.05694155 25 0 4698.2599 19.719996 -3.2372671
164 21.807042 251.73387 0.699436 0.1530262 -0.056357603 25 0 1140.7229 4.8013589 -1.7034104
165 311.4707 252.86827 0.57490888 0.074453933 -0.30924106 25 0 392.07599 1.8047214 -0.64102543
166 376.95483 259.22986 0.63963322 -0.0067372344 0.053847808 25 0 441.06246 2.0787931 -0.79452815
167 150.42545 261.10497 0.82536902 -0.017786322 -0.12284998 25 0 445.98426 1.5712293 -0.49059891
168 32.030499 271.99435 0.81966479 0.87477369 0.030606133 25 0 370.62329 1.3000044 -0.28486208
169 71.979196 272.05814 0.72721852 0.048132113 0.23199992 25 0 330.34231 1.4189101 -0.37988721
170 78.727566 271.59482 0.63568813 0.30022589 0.097342419 25 0 1415.1979 6.082906 -1.9602778
171 135.0355 273.23139 0.60855865 0.28173356 0.17449201 25 0 370.1604 1.7177417 -0.58739464
172 261.0965 279.79261 0.67307343 0.59377411 0.3780556 25 0 306.20811 1.3790074 -0.34891647
173 92.961282 280.76603 0.6700112 -0.29553342 0.085659983 25 0 792.18065 3.2649594 -1.2846944
174 393.30933 282.74129 0.67005986 -0.17050654 0.018169423 25 0 5991.0481 24.964589 -3.493311
175 5.1100535 284.22962 0.75555532 -0.022016065 0.25916425 25 0 469.80233 1.8964327 -0.69484361
176 205.90909 284.28955 0.68766698 0.10186179 0.084202402 25 0 1003.7374 4.2325066 -1.5664941
177 84.533318 285.77004 0.57088379 0.2448694 0.01882056 25 0 1128.1902 5.0765073 -1.7639125
178 112.80992 285.53586 0.65981249 0.38711478 0.14177967 25 0 1241.549 5.2516296 -1.8007352
179 367.51215 287.5352 0.53940469 -0.57404168 0.13619352 25 0 387.76729 1.8491723 -0.66744343
180 498.84444 287.57968 0.65089056 -0.072303594 0.18536896 25 0 764.52145 3.2978736 -1.295585
181 37.117106 290.64308 0.76524869 0.11205798 0.36013059 25 0 455.72176 1.7301509 -0.59520996
182 77.752427 292.77848 0.81360828 -0.14470765 -0.11258713 25 0 281.48237 1.111223 -0.11450305
183 181.77784 294.91442 0.67990392 -0.13952959 -0.11085562 25 0 558.63912 2.2808573 -0.89524528
184 96.296306 301.2215 0.6311696 0.1660844 0.06651433 25 0 1294.8393 5.7317777 -1.8957233
185 444.1169 300.81973 0.72074129 -0.18307177 0.041005037 25 0 512.89893 2.0332185 -0.77046013
186 147.11982 303.14428 0.59331722 0.54489727 0.65132504 25 0 239.0566 1.1196562 -0.12271176
187 0.68497798 305.72023 0.65902702 0.2810105 0.092984121 25 0 618.2305 2.6545949 -1.0599957
188 471.59022 306.32538 0.62343221 -0.28214519 0.089489211 25 0 980.27089 4.225646 -1.5647328
189 239.76078 306.6593 0.63994698 0.1898653 0.112924 25 0 806.08841 3.4128281 -1.332786
190 158.97419 311.54056 0.65038222 0.11230324 0.17221154 25 0 3242.0754 13.40126 -2.8178641
191 19.386597 313.44698 0.56410753 0.69314399 0.037203334 25 0 740.74646 3.1904337 -1.2596243
192 35.126661 313.31419 0.70704737 0.12624516 0.096847854 25 0 2458.9674 9.8728206 -2.4861031
193 246.03175 314.41557 0.86068172 -0.33241318 0.5559751 25 0 296.54078 1.0855711 -0.089145728
194 80.91929 315.66313 0.75131813 0.61773988 0.27742422 25 0 420.77424 1.5442573 -0.47179915
195 476.41835 320.28764 0.72909953 0.1807957 0.21016573 25 0 363.32408 1.5585654 -0.48181259
196 208.36368 320.89955 0.6197192 -0.19683145 -0.018373136 25 0 357.30725 1.7011158 -0.57683472
197 351.28917 322.98561 0.72002147 -0.27370065 -0.043518068 25 0 622.38246 2.5296447 -1.0076488
198 4.1058162 323.33763 0.69001778 0.11213612 0.12339492 25 0 817.47312 3.2790559 -1.289372
199 284.14146 325.81405 0.71730475 -0.26236118 0.28555007 25 0 357.08426 1.4461646 -0.40054428
200 308.67725 330.20798 0.62979508 0.11302455 0.085984103 25 0 518.55377 2.3439947 -0.92489158
201 41.625967 330.41514 0.60354612 0.54423518 0.18749879 25 0 4198.6714 18.208671 -3.1506956
202 51.865907 331.53006 0.67143839 -0.035468862 0.21694335 25 0 12527.781 51.830141 -4.286456
203 140.14988 330.60111 0.61594005 -0.19962898 -0.21320982 25 0 193.71259 1.0468701 -0.049732021
204 401.43619 330.47086 0.49735347 0.7391928 0.084094026 25 0 358.8073 1.8466006 -0.66593244
205 284.99089 331.78879 0.656321 0.0316259 0.0079983892 25 0 1018.1048 4.4182329 -1.6131215
206 98.135586 332.46256 0.6547576 -0.042567483 0.2343359 25 0 973.95317 4.0436297 -1.5169284
207 509.96848 337.99437 0.69426115 0.44328644 0.45061639 25 0 1141.1921 4.5823849 -1.6527289
208 280.85417 341.544 0.48745183 0.22087325 -0.0056095455 25 0 311.4262 1.7303347 -0.59532529
209 381.82432 344.05737 0.72129661 0.16709393 0.15413894 25 0 862.54182 3.5214663 -1.3668088
210 496.73162 346.31986 0.6443295 -0.14340531 0.33019102 25 0 227.82731 1.0270847 -0.02901564
211 39.408948 347.84228 0.73909468 -0.86410853 0.046563444 25 0 275.71135 1.1801642 -0.17985611
212 261.0051 347.90591 0.72211744 0.079062654 0.038517443 25 0 6306.889 25.543205 -3.5181885
213 276.89387 347.89436 0.61081273 0.75633553 -0.28126715 25 0 264.21273 1.2390364 -0.23271017
214 68.526988 350.11541 0.63881439 -0.31590648 0.72461424 25 0 286.80825 1.0645024 -0.067866616
215 403.11541 349.18809 0.69485242 0.015945141 0.04784707 25 0 1206.3749 5.0099334 -1.7495799
216 43.189802 350.46201 0.70587723 -0.44080547 0.11253369 25 0 853.27815 3.3321748 -1.3068195
217 33.387105 350.90064 0.60054047 0.59587749 -0.13035965 25 0 436.89788 1.9608981 -0.73113757
218 15.843596 352.58702 0.67101295 0.17637619 0.2180706 25 0 811.11241 3.3432814 -1.3104323
219 319.97439 351.8096 0.69823879 0.10461719 0.062981857 25 0 29294.263 120.19695 -5.1997336
220 257.09446 353.1501 0.51303747 0.32302075 -0.50280996 25 0 181.71291 1.0624414 -0.065762443
221 43.396568 354.29326 0.65199691 0.022464699 0.030178633 25 0 1277.215 5.2794137 -1.8064642
222 178.1967 353.93752 0.48975419 0.41214662 0.2495886 25 0 229.17334 1.2170534 -0.21327406
223 464.51639 354.15417 0.66327936 0.10850953 -0.3223835 25 0 264.54587 1.0015407 -0.0016714553
224 44.291973 357.69622 0.69458968 -0.59632034 -0.18953381 25 0 552.06377 2.1240878 -0.81793117
225 435.84402 358.84162 0.71155617 -0.015871816 0.012220249 25 0 2346.2397 9.6071259 -2.4564837
226 501.25184 359.48302 0.60330708 0.66710764 0.23899722 25 0 333.37379 1.4832202 -0.42801409
227 247.26066 361.01929 0.67402413 0.091122543 -0.049430479 25 0 1702.3389 7.0858681 -2.1259827
228 299.42161 362.11795 0.63981602 0.10871937 -0.091439206 25 0 2770.2247 11.959225 -2.6942576
229 449.00957 363.22065 0.76655437 -0.082176692 0.053487321 25 0 1356.3498 5.1745426 -1.7846799
230 116.95624 363.81019 0.70311828 0.063184375 0.03606505 25 0 5643.7328 23.255281 -3.416304
231 160.17841 364.54258 0.63522044 0.2073569 0.23477253 25 0 501.1194 2.1877082 -0.84997348
232 44.114553 366.89966 0.71153296 0.26094521 0.14125081 25 0 566.85732 2.3079464 -0.90806428
233 24.55485 370.69443 0.6210691 -0.18833204 -0.045690346 25 0 589.12143 2.4204161 -0.95972509
234 497.34066 372.86936 0.58168572 -0.1286812 -0.41356306 25 0 246.41026 1.1156692 -0.11883864
235 467.39141 374.66818 0.60821278 -0.55004214 0.15414623 25 0 301.46307 1.3667716 -0.3392399
236 387.32942 376.45538 0.61878044 0.41894855 0.08329521 25 0 3242.3109 13.941047 -2.8607385
237 96.180594 378.02177 0.69283063 0.092857148 0.035759638 25 0 4082.7475 17.099067 -3.0824311
238 141.86468 379.5698 0.66713499 0.14377352 0.090685094 25 0 590.52692 2.4170096 -0.95819595
239 248.62399 380.98554 0.68546527 0.073191726 -0.063768438 25 0 652.65288 2.6636548 -1.0636949
240 505.35915 381.8232 0.58585639 -0.56301755 0.27567122 25 0 551.6127 2.5128688 -1.0004246
241 290.32829 381.70695 0.49592429 -0.64839909 0.35501924 25 0 216.20444 1.1609985 -0.16207919
242 121.52349 382.53516 0.71031717 -0.45481795 -0.079317917 25 0 353.23007 1.3078511 -0.29139579
243 26.447053 383.92852 0.62809554 0.0032394745 -0.036599302 25 0 959.5779 4.2363047 -1.567468
244 165.88229 383.80951 0.7434334 0.15269915 -0.0025471972 25 0 1655.1906 6.3606719 -2.0087575
245 506.06669 385.12522 0.7032304 0.085440645 0.061766397 25 0 2425.4268 9.8626874 -2.4849882
246 476.70491 385.55872 0.65115885 0.2622733 0.10409625 25 0 2471.1037 10.351088 -2.537465
247 81.613991 389.10975 0.69315321 -0.36405653 -0.17930583 25 0 636.80512 2.4729109 -0.98302118
248 118.65366 394.16768 0.61137494 -0.50991603 -0.0040506756 25 0 259.44004 1.3401729 -0.31790208
249 267.92212 393.66922 0.68896061 0.15414583 0.10857847 25 0 8514.8649 35.12748 -3.8641175
250 398.56686 395.49719 0.55265175 0.65270993 -0.0094881711 25 0 614.8222 2.8869577 -1.1511011
251 296.97672 401.14342 0.69465063 0.40976943 0.25050872 25 0 725.97959 2.934097 -1.1686862
252 433.88269 400.51866 0.70065704 0.12647814 0.19356412 25 0 623.5798 2.5189481 -1.003048
253 43.506374 403.34627 0.70055031 -0.17779842 -0.088371251 25 0 311.25745 1.4183976 -0.37949495
254 312.42949 404.75477 0.46786492 0.4915584 0.1675735 25 0 199.64505 1.0328831 -0.035127972
255 24.761197 405.09551 0.74288649 0.15638582 0.10614401 25 0 1095.3612 4.2988573 -1.5833826
256 294.41725 404.78614 0.65205503 -0.10857221 -0.0010233207 25 0 1860.1144 7.9135071 -2.2459225
257 62.981761 408.87154 0.67349942 0.58796476 0.6638221 25 0 289.09018 1.169443 -0.16994768
258 126.34831 410.27555 0.58941794 0.30415715 0.0080287321 25 0 820.10463 3.5934752 -1.3887866
259 150.50569 411.7678 0.6630029 -0.28992024 -0.091597709 25 0 2187.087 8.9906891 -2.3844824
260 3.1621547 415.31331 0.66000102 0.18061419 0.048195102 25 0 1343.4571 5.7196802 -1.8934294
261 326.20529 421.58928 0.72057805 -0.47056193 -0.10205815 25 0 406.92664 1.6584737 -0.54927149
262 207.2261 423.38102 0.67887617 0.31347512 0.20115229 25 0 378.90449 1.577866 -0.4951753
263 235.98039 428.86547 0.67298867 -0.45937944 -0.22554265 25 0 432.10114 1.7736085 -0.62214443
264 201.21017 429.75208 0.66721603 -0.046540673 0.068322556 25 0 2286.0679 9.7700981 -2.4747473
265 423.6445 430.27653 0.6817599 -0.29680978 -0.072360151 25 0 337.53935 1.3801411 -0.34980869
266 174.74439 430.61867 0.66944986 0.3422256 0.16414364 25 0 1090.1688 4.4521198 -1.6214171
267 216.09667 431.03649 0.54890847 0.037462686 0.61136135 25 0 228.45061 1.1646506 -0.16548911
268 204.19776 432.56656 0.70977193 -0.18330485 -0.29728322 25 0 380.55255 1.4949689 -0.43658039
269 274.47774 432.9845 0.72058025 0.031649207 -0.14122416 25 0 1177.0354 4.6435589 -1.6671274
270 387.09189 434.72592 0.71879636 -0.14311258 0.060298119 25 0 3737.9429 15.06774 -2.9451203
271 56.484607 438.48609 0.60487774 -0.19292265 -0.17296283 25 0 318.15933 1.5634182 -0.48518789
272 287.7161 437.35759 0.62034922 -0.62849627 -0.004421338 25 0 972.07306 4.161827 -1.5482101
273 133.64675 439.51236 0.6325137 0.47110879 0.091234161 25 0 12921.405 54.862095 -4.348181
274 505.38592 445.82902 0.70035186 -0.33451971 0.057345923 25 0 330.51889 1.3314719 -0.31082998
275 254.34872 447.12824 0.55626778 0.5787793 -0.315622 25 0 265.09917 1.3210597 -0.30230608
276 422.0847 451.56335 0.79253055 -0.30768507 0.17215842 25 0 377.61486 1.3830589 -0.35210172
277 353.48034 452.92801 0.73012446 -0.080783476 -0.13321239 25 0 818.97758 3.1936687 -1.2607247
278 477.70849 453.92793 0.65845006 -0.23917691 0.11540814 25 0 401.22763 1.619039 -0.52314325
279 404.70139 457.77664 0.69857584 -0.033201775 -0.075227694 25 0 1500.0674 6.2163154 -1.9838326
280 98.754499 459.1782 0.70732069 -0.11135256 0.0072977655 25 0 6419.8536 26.269282 -3.5486205
281 191.71153 460.22157 0.66544285 -0.10141708 0.084771432 25 0 1153.6905 4.7579349 -1.6935462
282 368.23828 460.56878 0.60943558 -0.33881449 -0.1684131 25 0 280.77323 1.2464045 -0.23914753
283 470.30604 461.36476 0.46620911 0.22643375 0.012098291 25 0 61069.118 301.19461 -6.197118
284 333.58677 462.02685 0.70500595 -0.20991543 -0.11617913 25 0 461.11496 2.1075643 -0.80945209
285 7.6143317 463.66099 0.5881003 0.2591655 0.031384453 25 0 1060.2329 4.8291851 -1.7096846
286 87.906207 464.37941 0.71918398 -0.39172366 -0.16334316 25 0 363.44707 1.5475745 -0.47412893
287 447.54133 463.61302 0.70014926 -0.31804949 -0.23266617 25 0 309.82513 1.2782333 -0.26652528
288 32.815784 467.10647 0.62521456 0.34946168 0.070496707 25 0 226.14159 1.1266921 -0.12951315
289 253.51825 468.25905 0.58029707 0.23462001 -0.1228384 25 0 4469.8859 20.265588 -3.266898
290 471.56473 469.15416 0.62431136 -0.17359366 0.14988521 25 0 478.96625 1.9478493 -0.7238884
291 385.06446 469.80575 0.69325066 -0.57041014 0.034246603 25 0 734.18764 3.0455742 -1.209173
292 287.93466 471.27832 0.68524639 -0.29317275 -0.11388354 25 0 310.72099 1.3063053 -0.2901117
293 303.53558 471.54824 0.64130895 -0.49947466 0.063404979 25 0 2703.5968 11.018519 -2.605308
294 156.71522 472.01319 0.79936811 0.012940715 0.056728959 25 0 584.04181 2.2887354 -0.89898896
295 436.57469 474.37259 0.64604638 -0.74938312 -0.48511339 25 0 237.41378 1.0570829 -0.060272603
296 380.96019 476.71385 0.64283891 0.31229501 0.46209215 25 0 487.06592 2.0017643 -0.75353238
297 181.32756 477.57246 0.51218539 0.31564231 -0.12127457 25 0 625.12257 2.9801408 -1.185592
298 259.19501 481.92964 0.77662506 0.52424129 0.17544332 25 0 347.78021 1.3688505 -0.34089004
299 106.47856 483.00667 0.62901843 0.068499629 -0.15727071 25 0 1057.62 4.5313722 -1.6405743
300 411.26486 482.76828 0.70720324 -0.14006399 0.2766367 25 0 232.35293 1.0035487 -0.0038460962
301 282.73763 492.58036 0.65330877 -0.32957319 0.091165059 25 0 357.85793 1.4920063 -0.43442666
302 192.83415 496.77039 0.62637576 0.041353412 -0.052614777 25 0 297.68938 1.2966222 -0.28203364
303 109.76108 497.98342 0.69188473 -0.27708021 -0.24309183 25 0 401.48814 1.673132 -0.55882549
304 158.59045 499.72325 0.64409418 0.018849057 0.15580838 25 0 560.89101 2.1841614 -0.84821183
305 203.89002 499.72502 0.69418475 0.23424671 -0.10622699 25 0 638.86356 2.51251 -1.0002695
306 1.9299347 501.76624 0.8252839 0.13073938 0.58011283 25 0 308.91586 1.1406072 -0.14284027
307 322.89137 501.89785 0.72315134 -0.23753551 -0.17824536 25 0 358.72683 1.4342504 -0.39156246
308 159.27516 503.35873 0.54186242 -0.59349487 -0.18260455 25 0 596.08224 2.5168049 -1.0021239
309 100.43139 506.28378 0.61650981 -0.11442054 0.025474001 25 0 329.23006 1.477967 -0.42416187
310 205.89795 507.08525 0.68960856 0.064810362 -0.057664543 25 0 975.53613 3.9204521 -1.4833404
311 80.372709 510.21612 0.66058803 -0.00051971529 0.077461236 25 0 631.8292 2.6485741 -1.0575303
312 278.55984 510.22727 0.55245172 0.23532435 -0.27911277 25 0 959.9868 4.4078635 -1.6105703
313 289.32014 510.1425 0.79097835 -0.099921752 -0.13788524 25 0 564.69276 1.9990433 -0.7520555
314 33.472961 510.69536 0.76854741 -0.44039143 -0.3836025 25 0 655.14587 2.465758 -0.97987612
315 203.29722 510.74651 0.79456216 0.19245994 -0.22939809 25 0 1013.4306 3.9649933 -1.4956061
316 426.94501 510.94495 0.74799291 -0.04933236 -0.46949939 25 0 314.69576 1.3626116 -0.33593023
