id xcentroid ycentroid sharpness roundness1 roundness2 npix sky peak flux mag
1 327.20945 1.2035235 0.55073392 0.29895742 0.14289265 25 0 275.33286 1.3153115 -0.29757154
2 299.63954 3.644547 0.55094009 0.41411182 -0.1677999 25 0 597.77528 2.4018649 -0.95137145
3 308.64098 6.0059843 0.6356223 0.037217962 -0.22771013 25 0 350.08956 1.4757482 -0.42253068
4 431.13662 7.0392837 0.74582567 0.28737663 -0.18716073 25 0 660.618 2.4034332 -0.95208014
5 111.4209 10.988917 0.62802671 0.18948023 -0.18179285 25 0 518.83995 2.047798 -0.77821779
6 337.18945 12.368769 0.6288175 0.41336875 -0.096541897 25 0 756.6535 3.0328122 -1.2046138
7 26.671245 13.02039 0.70155232 -0.0099497282 -0.20281571 25 0 16542.772 61.813552 -4.4777092
8 469.7128 15.409942 0.59926253 0.015740557 -0.061997961 25 0 25078.219 99.065766 -4.989809
9 410.50683 15.471726 0.58309594 0.58488075 -0.23407805 25 0 600.67834 2.5097716 -0.9990855
10 427.54044 16.863202 0.72766002 -0.32336266 -0.31444224 25 0 280.88426 1.1068096 -0.11018227
11 337.69488 25.933318 0.65324145 0.015375263 -0.49693301 25 0 268.55505 1.1547043 -0.15617696
12 215.22198 30.656613 0.69683431 -0.81743854 -0.15013208 25 0 356.94838 1.2882637 -0.2750119
13 356.47445 33.823989 0.6451131 -0.17657164 -0.2890093 25 0 603.84594 2.3626502 -0.93349855
14 455.97692 33.98305 0.65282711 0.017129986 -0.12267192 25 0 453.97958 2.0302205 -0.76885801
15 129.0503 36.500992 0.52893612 -0.29375182 -0.052173572 25 0 387.32688 1.7642637 -0.61640873
16 115.81702 40.490325 0.61077429 0.45246329 -0.048079005 25 0 570.04271 2.2172028 -0.86451355
17 188.91092 41.778595 0.61142881 0.17152298 -0.21901878 25 0 1222.49 4.9418857 -1.7347317
18 421.11525 42.381331 0.52165793 0.55434139 0.16440493 25 0 234.88119 1.2758871 -0.26453059
19 208.37704 42.545509 0.54752852 -0.24674596 -0.12508433 25 0 1900.1872 7.7581842 -2.2244002
20 349.00105 43.778687 0.623728 0.29334963 0.074927952 25 0 544.5957 2.2859311 -0.89765786
21 392.26083 44.302807 0.5304194 0.92625542 0.29108222 25 0 221.66414 1.2061749 -0.20352573
22 68.601795 44.925505 0.69103317 -0.24510739 -0.26467023 25 0 605.41031 2.3886714 -0.94539101
23 252.21322 45.130324 0.59311507 -0.038024831 -0.32806653 25 0 279.38714 1.3009026 -0.28561191
24 326.92142 44.605892 0.33391402 0.31484361 -0.14675221 25 0 58896.621 287.64763 -6.147152
25 113.58303 46.813085 0.64099071 0.19993886 -0.20467066 25 0 5172.7095 19.82638 -3.2431086
26 156.80259 47.414288 0.61639076 0.20968023 -0.42380926 25 0 308.47857 1.2673647 -0.25725404
27 402.48637 48.228734 0.67708818 0.20562892 -0.22842145 25 0 1056.2446 4.0635127 -1.522254
28 47.135517 49.219956 0.68593958 0.17443928 -0.1269666 25 0 306.67708 1.2576957 -0.24893895
29 235.83205 52.335004 0.44411521 -0.242326 -0.094318763 25 0 212.97188 1.0818658 -0.085433476
30 54.761278 53.98153 0.60197452 0.23916987 0.11851969 25 0 312.00645 1.4387684 -0.39497721
31 249.25453 53.664565 0.49695445 -0.13336502 -0.27326902 25 0 287.85919 1.3034111 -0.28770355
32 402.92589 53.59712 0.63719927 0.41745652 0.067800466 25 0 293.2141 1.2812694 -0.26910115
33 472.91295 54.199649 0.68968462 0.081886872 -0.196733 25 0 1000.9889 3.8524762 -1.4643499
34 296.4845 55.163155 0.67370427 0.19767689 -0.24110738 25 0 1666.6955 6.3695576 -2.0102732
35 144.50771 59.959876 0.61508606 -0.16905447 -0.44488009 25 0 370.459 1.4439194 -0.39885737
36 445.53586 61.748296 0.62576306 -0.26269342 -0.24474986 25 0 1512.3904 5.8613407 -1.9199924
37 32.421162 62.720959 0.72670694 -0.54443834 -0.43312574 25 0 286.78855 1.0098302 -0.010620894
38 504.05965 64.062891 0.69503863 0.23445578 -0.038057704 25 0 4035.7902 15.241056 -2.9575376
39 -0.017640721 65.692062 0.75959497 -0.35892659 0.29438374 25 0 424.11317 1.727809 -0.59373936
40 351.67733 66.065692 0.66463776 0.39530676 -0.13782238 25 0 272.65593 1.1099593 -0.11326764
41 33.583143 67.876703 0.66557474 0.072130349 -0.19155125 25 0 725.11979 2.9744167 -1.1835045
42 56.960424 67.542133 0.68193625 -0.17862118 0.050659534 25 0 481.82654 1.8437009 -0.66422618
43 171.77881 68.051806 0.61319508 0.17475 0.0060413619 25 0 329.69238 1.317346 -0.29924961
44 435.08867 68.711342 0.64224653 0.19352606 -0.021318862 25 0 1790.8088 7.0821375 -2.1254109
45 473.81137 69.282245 0.47266458 0.009949199 -0.20206668 25 0 313.94431 1.5076995 -0.44578701
46 0.20003633 69.616998 0.57555325 -0.15276128 0.31916604 25 0 423.80628 2.0348426 -0.77132703
47 114.56427 69.57972 0.50852698 0.31153302 -0.3032595 25 0 330.19934 1.5248072 -0.4580373
48 420.37487 70.327656 0.62247157 0.097258223 -0.13143127 25 0 556.45725 2.274544 -0.89223583
49 57.960586 72.757251 0.64592276 0.13793974 -0.16761661 25 0 1723.5525 6.8621251 -2.0911466
50 316.3506 74.481399 0.58697582 -0.0079976792 0.17236489 25 0 242.13057 1.0737915 -0.077299873
51 470.94307 77.307402 0.63301104 0.19415839 0.037018747 25 0 986.19927 3.8650012 -1.4678741
52 37.156528 80.545529 0.3848247 -0.075632819 -0.16603797 25 0 141.16874 1.0112957 -0.012195383
53 352.85107 81.328458 0.63318868 0.10390165 -0.13188541 25 0 3335.6287 12.914383 -2.7776841
54 121.9978 84.554289 0.59422393 0.51152775 -0.082939372 25 0 488.98694 2.1204043 -0.8160467
55 437.31726 86.379273 0.65071987 0.22532163 -0.17853303 25 0 302.39998 1.3855401 -0.35404776
56 94.278012 88.138836 0.64647943 -0.02576359 -0.18518967 25 0 659.35793 2.6396853 -1.0538804
57 146.9662 88.396368 0.55137184 0.006530389 -0.31503266 25 0 336.51045 1.5686619 -0.4888234
58 493.38253 88.194252 0.69368554 0.311162 -0.13205662 25 0 24422.882 90.44839 -4.8910021
59 157.21599 94.929585 0.67584986 0.42072956 -0.23693367 25 0 534.86517 2.003816 -0.75464463
60 285.88416 95.673127 0.56553729 -0.21277612 -0.14142704 25 0 1198.1948 5.0095323 -1.749493
61 289.77685 97.481152 0.53986055 -0.13222846 -0.012428014 25 0 1200.0448 4.7910032 -1.7010662
62 188.11396 98.554354 0.57618145 0.33381773 0.022720343 25 0 1538.528 6.1125515 -1.9655563
63 117.92898 102.178 0.76715977 -0.45241852 -0.33423421 25 0 529.94966 1.8100346 -0.64421721
64 453.92841 102.24821 0.63800258 -0.19884094 -0.04071972 25 0 479.39269 2.1101645 -0.81079077
65 55.891263 102.59188 0.5784314 0.17524141 -0.061109963 25 0 3921.4489 16.020333 -3.0116789
66 63.582954 104.09659 0.68882684 0.34369022 -0.14225005 25 0 276.08856 1.1415938 -0.14377902
67 298.65582 104.32823 0.53323259 0.10941323 -0.27179104 25 0 346.15284 1.6412999 -0.53796986
68 510.86586 104.62659 0.79324668 0.26414561 0.55525483 25 0 1692.6372 5.9702153 -1.939975
69 491.63285 108.15915 0.64227852 0.038558453 -0.15794526 25 0 2193.7258 8.4985558 -2.3233628
70 334.5058 113.83432 0.59689094 -0.13762064 -0.22745813 25 0 523.86847 2.2239208 -0.8677983
71 221.23032 115.71779 0.58693289 -0.016989529 -0.12762045 25 0 16182.228 65.455718 -4.539869
72 238.59717 115.84491 0.59150941 0.33364569 -0.17290404 25 0 992.56719 3.9244153 -1.4844374
73 248.64667 117.19833 0.60488414 -0.064741886 -0.18828464 25 0 1769.1991 6.8716436 -2.0926516
74 305.28854 116.89256 0.62411393 0.017051027 -0.20368026 25 0 1188.6078 4.7573944 -1.6934229
75 100.17545 119.30489 0.7250992 0.27656925 0.051839155 25 0 536.84997 1.9375356 -0.71812423
76 200.71492 118.94122 0.59421788 0.11286912 -0.29926084 25 0 550.12986 2.3011779 -0.90487547
77 450.57677 118.46713 0.53731453 0.98671846 0.063007132 25 0 358.33772 1.6152584 -0.52060502
78 494.68488 118.86185 0.50234296 0.61446733 -0.12758377 25 0 273.20891 1.3543396 -0.32931896
79 155.07412 120.97679 0.78940708 -0.56172272 0.16877532 25 0 482.9273 1.5811282 -0.49741769
80 53.090168 120.67683 0.6283304 0.20375594 0.063249184 25 0 531.73772 2.1554365 -0.8338381
81 152.62717 122.3612 0.63327774 0.59052341 -0.22663593 25 0 1826.3099 6.8296244 -2.085992
82 480.76682 122.59954 0.49996544 0.85045453 -0.0005898311 25 0 311.18774 1.4583585 -0.40966076
83 176.58112 127.88214 0.56464498 0.08080564 -0.28085917 25 0 1660.7811 6.9863854 -2.1106314
84 7.8386013 129.35605 0.63947557 -0.083971958 -0.080010606 25 0 1295.1331 5.3056184 -1.81184
85 254.10284 131.17361 0.50615224 0.15541155 -0.4061066 25 0 395.43378 1.8682446 -0.67858436
86 309.94965 136.04843 0.70445824 -0.094992389 -0.46723822 25 0 239.3792 1.0956765 -0.099205841
87 270.97515 137.53573 0.66119137 0.078119093 -0.064237412 25 0 272.50774 1.0693879 -0.072838174
88 396.43745 139.2224 0.65657431 0.30879876 -0.20757672 25 0 12567.601 47.494003 -4.1915969
89 384.91804 142.3416 0.67575351 -0.15626252 -0.14069587 25 0 284.66314 1.1932526 -0.19183095
90 299.30508 144.87301 0.61863415 0.048405944 -0.1762512 25 0 3034.6787 11.931246 -2.6917145
91 15.247434 145.65003 0.5818216 -0.012587129 -0.14022533 25 0 704.23103 2.8995342 -1.1558206
92 52.148382 148.06167 0.5959105 0.72422315 0.097398879 25 0 237.3603 1.052445 -0.055498483
93 95.150145 147.52852 0.52847089 0.47077402 0.33776367 25 0 222.95175 1.1121706 -0.11542852
94 484.62839 151.25235 0.63671584 -0.046995119 -0.13931442 25 0 8143.7492 31.582435 -3.748614
95 97.977955 158.95487 0.71182311 -0.29644036 -0.31894439 25 0 546.24349 1.9724472 -0.73751348
96 386.39743 160.74962 0.6035039 -0.091481236 -0.15633267 25 0 48798.337 190.29198 -5.6985512
97 425.57506 164.27059 0.6031308 0.28173785 -0.068244946 25 0 499.06017 2.2092206 -0.86059769
98 206.75687 164.7922 0.55126503 0.37713503 -0.10966252 25 0 482.67564 2.2010254 -0.85656265
99 153.9667 168.18906 0.61391569 -0.087641495 -0.31252194 25 0 965.43325 3.8145522 -1.4536089
100 33.900474 171.91166 0.63848839 0.38105871 -0.3462947 25 0 356.46204 1.5077005 -0.44578771
101 142.83156 172.25813 0.55406338 0.46014749 -0.24225962 25 0 226.88539 1.0294749 -0.031539445
102 226.52323 173.20796 0.64526122 0.28941847 -0.24524746 25 0 1705.8637 6.1489635 -1.9720048
103 346.75435 173.07875 0.65233624 0.19700049 -0.20533348 25 0 529.03533 2.0775483 -0.79387783
104 478.74304 172.51554 0.56688067 0.54588981 0.016184554 25 0 5827.5952 23.934642 -3.4475673
105 164.57773 173.87222 0.64297705 0.05366595 -0.35172646 25 0 963.78413 3.559634 -1.3785134
106 414.02813 175.1221 0.60246252 -0.44658702 -0.23923698 25 0 358.25284 1.4896449 -0.43270685
107 2.1424571 175.56522 0.55607427 0.0042130774 0.15471467 25 0 251.77765 1.1456599 -0.14763931
108 153.19403 176.5173 0.60191829 -0.024121434 -0.062006111 25 0 1446.1236 5.4041909 -1.8318267
109 17.266359 182.41696 0.67898351 0.53346684 -0.063980348 25 0 746.78564 2.6707434 -1.0665804
110 115.39252 182.58195 0.6295575 0.61594923 0.018678897 25 0 1614.4982 5.9937794 -1.9442519
111 421.57642 181.86642 0.62185745 0.16899844 -0.18338898 25 0 2749.3492 10.722039 -2.5756935
112 411.4589 184.07887 0.63897092 0.2231561 -0.24302763 25 0 576.96348 2.2833691 -0.8964403
113 483.46816 183.49879 0.5221218 -0.014593626 -0.0097722086 25 0 586.75234 2.6359586 -1.0523465
114 227.10437 185.46783 0.58202099 0.22041618 -0.0050632325 25 0 1005.1731 4.095932 -1.5308819
115 422.03561 186.81229 0.64208559 0.066150483 -0.1891728 25 0 965.62813 3.9320506 -1.4865477
116 189.7699 188.04141 0.69449332 0.21876724 -0.23365509 25 0 759.52971 2.6158046 -1.0440133
117 72.008209 189.04116 0.66721784 0.07297621 -0.1459669 25 0 44074.476 169.71028 -5.5742704
118 121.65116 190.37015 0.6280511 -0.17910278 -0.21192047 25 0 437.70086 1.7440603 -0.60390374
119 421.04158 194.86352 0.51591239 -0.096131862 -0.30554323 25 0 316.88521 1.4632665 -0.41330859
120 455.40712 198.66668 0.58403805 0.27290259 -0.0023582039 25 0 593.53949 2.6292279 -1.0495706
121 382.29984 200.51572 0.64926266 0.26169465 0.073486892 25 0 274.82002 1.0968819 -0.10039969
122 168.51713 201.00518 0.54945436 0.23446409 -0.30857683 25 0 525.76164 2.2251549 -0.86840061
123 199.07122 202.11487 0.52894397 0.14672682 -0.16088884 25 0 375.79999 1.681048 -0.56395028
124 509.29178 202.3667 0.68315958 0.43250487 -0.046910874 25 0 1710.026 6.3369567 -2.0047018
125 67.130083 203.1188 0.6347176 0.064154553 -0.093193848 25 0 652.08696 2.5425433 -1.0131709
126 406.34351 203.21295 0.70160704 -0.19172242 -0.071182858 25 0 380.06094 1.5899627 -0.50346736
127 469.86775 204.81904 0.62315029 0.11289162 -0.16587965 25 0 627.73284 2.470389 -0.98191338
128 415.92533 207.21931 0.62247883 -0.5180057 -0.11946607 25 0 273.25613 1.0849851 -0.088559474
129 503.22865 208.53552 0.63757438 0.54673907 0.063362898 25 0 3048.1376 11.729569 -2.6732052
130 12.871658 212.12748 0.68892518 0.86418935 -0.38746293 25 0 456.60648 1.8126506 -0.64578523
131 15.288313 213.57638 0.65758268 0.45232854 -0.33842106 25 0 453.16687 1.7759726 -0.62359066
132 426.02967 214.67789 0.58074688 0.0096736922 -0.015824129 25 0 1017.1028 4.2634953 -1.5744145
133 326.66108 216.84773 0.56329843 0.11995178 -0.21329787 25 0 1371.5212 5.8161983 -1.911598
134 256.91017 218.88878 0.56060314 -0.15221651 -0.090000027 25 0 699.04376 2.9298438 -1.1671112
135 151.13423 220.32555 0.63564549 0.45210979 -0.069946375 25 0 1060.5771 4.078209 -1.5261737
136 479.86254 223.47583 0.62469664 0.097577381 0.0059837232 25 0 4584.0895 17.844111 -3.1287373
137 240.40817 225.65062 0.52398209 -0.19307977 -0.15229251 25 0 2360.488 9.7306072 -2.4703499
138 352.44372 227.8231 0.59196212 0.25200599 -0.26212271 25 0 3962.4089 15.548002 -2.9791864
139 422.6387 228.48917 0.54405608 0.5719922 -0.035364015 25 0 11797.205 48.423274 -4.2126354
140 327.36561 230.10942 0.60528643 -0.14414893 -0.33186238 25 0 952.1741 3.6825689 -1.4153772
141 492.64901 230.60893 0.53029767 0.42693726 -0.79900326 25 0 206.316 1.1049423 -0.10834896
142 180.87084 236.41829 0.58529302 0.0033595369 -0.069693813 25 0 643.03892 2.6126743 -1.0427132
143 240.8243 237.39899 0.57774414 -0.029131799 -0.2228561 25 0 732.6167 3.0368018 -1.2060411
144 31.244756 240.69279 0.67697226 0.57990268 0.086631393 25 0 396.71579 1.5612323 -0.48366882
145 431.80706 240.08286 0.64954371 0.06075248 -0.14343502 25 0 2126.8178 8.321376 -2.3004879
146 17.767629 243.25939 0.7027986 -0.17179891 -0.60003913 25 0 260.57295 1.1122207 -0.1154774
147 52.315345 250.84567 0.60948522 0.22473312 -0.25093402 25 0 244.36326 1.0497981 -0.052764488
148 486.12857 251.35458 0.59737928 0.31757051 0.23319965 25 0 289.0397 1.3086692 -0.29207469
149 428.67695 253.49909 0.57977781 -0.18348139 -0.049611064 25 0 6519.3492 25.508532 -3.5167137
150 204.56229 253.92166 0.63449153 -0.074332506 -0.29862562 25 0 4694.1694 17.669416 -3.1180555
151 266.40661 256.23944 0.56962261 -0.31478282 -0.40868916 25 0 364.71318 1.4726026 -0.42021393
152 332.2299 262.8403 0.55853802 0.68442953 -0.066240993 25 0 365.87016 1.5665693 -0.48737402
153 105.34079 264.23561 0.69011984 0.075914882 0.037654836 25 0 377.25026 1.3201768 -0.30158023
154 27.177803 275.01845 0.52025482 -0.13471751 -0.10259103 25 0 240.89097 1.3204398 -0.30179649
155 33.832662 274.71114 0.64942587 0.39642224 -0.096050692 25 0 1568.4447 6.0206226 -1.9491035
156 90.304156 276.39623 0.73962848 -0.0094805138 0.063963864 25 0 350.00709 1.2137808 -0.21035067
157 501.96544 279.14977 0.81598983 0.33794085 0.35579188 25 0 315.60772 1.0832194 -0.086791052
158 216.15208 282.81217 0.62716884 -0.27282496 -0.30458372 25 0 349.28229 1.3737951 -0.34480487
159 48.06164 283.9008 0.63096559 0.140878 -0.084450995 25 0 856.05581 3.5237555 -1.3675144
160 348.32614 286.23133 0.62589299 0.25138701 -0.15878083 25 0 5457.8488 21.314247 -3.321675
161 161.11637 287.50746 0.50193749 0.33534785 0.17792035 25 0 707.0673 2.896299 -1.1546085
162 39.611884 288.87121 0.59091918 0.25234266 -0.10480161 25 0 1243.8699 5.0796574 -1.7645861
163 67.852291 288.60802 0.58991208 0.28991068 -0.044733278 25 0 1110.774 4.4123716 -1.6116802
164 322.56306 291.008 0.66475918 -0.043189416 -0.32700318 25 0 391.66519 1.4970424 -0.43808525
165 453.97661 291.07526 0.60151939 -0.23412361 -0.083565577 25 0 787.51521 3.2794286 -1.2894955
166 136.85737 298.4514 0.58776062 0.18629194 -0.065383012 25 0 469.14678 1.8562634 -0.671599
167 51.30805 304.34549 0.69883143 0.56369712 -0.043088963 25 0 1305.5613 4.6107361 -1.6594257
168 399.11835 304.41387 0.60687199 0.30207846 0.012409542 25 0 432.39314 1.7268847 -0.59315838
169 128.24479 309.72851 0.41318616 0.18306126 -0.30104784 25 0 182.47142 1.0310859 -0.033237153
170 194.79061 309.97329 0.59267158 0.094346659 -0.23051589 25 0 830.75857 3.2844686 -1.2911628
171 426.58551 309.87594 0.63677696 0.097032858 -0.23209336 25 0 1043.6681 4.078503 -1.526252
172 114.12034 314.69997 0.59817562 0.10172206 -0.099333381 25 0 3377.6735 13.500602 -2.8258828
173 35.915555 318.7354 0.59929408 1.6397865e-05 -0.09670559 25 0 342.18118 1.3043106 -0.28845259
174 163.53014 324.15534 0.54178424 -0.2035139 -0.24041432 25 0 384.04874 1.6209261 -0.52440804
175 431.44871 324.2636 0.65908103 -0.59623866 -0.036100594 25 0 269.08758 1.0168907 -0.018185689
176 306.43135 326.56771 0.56127354 0.66902682 -0.017016843 25 0 510.62853 2.1798781 -0.84608053
177 239.09524 329.24601 0.53926821 -0.080118485 -0.075439324 25 0 300.02618 1.2865673 -0.27358129
178 6.8665873 334.53764 0.61355142 0.096656296 0.070885903 25 0 11609.455 45.542154 -4.1460339
179 263.78516 333.72401 0.55192374 0.43334197 -0.033850334 25 0 548.2192 2.2809721 -0.89529994
180 356.51263 334.18222 0.59074386 0.024225068 -0.23053733 25 0 433.73207 1.6121246 -0.51849649
181 239.90815 335.22141 0.59322904 0.039162534 -0.13437186 25 0 930.64366 3.7500564 -1.4350945
182 53.160715 335.6291 0.6161163 -0.04084049 0.030539907 25 0 1035.3681 4.0857568 -1.5281813
183 464.92695 341.747 0.56673097 0.54340028 0.48025758 25 0 885.31579 3.2953444 -1.294752
184 236.13615 345.03688 0.70825332 0.37248782 -0.23540891 25 0 408.57842 1.3768969 -0.34725357
185 336.83289 347.65375 0.56740927 -0.022589523 -0.035794934 25 0 650.74515 2.6917625 -1.0750918
186 451.63556 350.28352 0.67981543 -0.33171534 -0.34622574 25 0 296.28044 1.1941187 -0.19261875
187 216.03627 351.3047 0.57782056 0.16753794 -0.13849428 25 0 4855.2034 19.534375 -3.2269988
188 358.00613 352.67018 0.57684733 -0.0069075068 -0.17949545 25 0 995.8927 4.0182797 -1.5101004
189 469.70562 353.53542 0.54946449 -0.11541994 -0.22344942 25 0 274.92894 1.0761094 -0.079641099
190 274.96297 355.33665 0.59372708 0.10487886 -0.12446138 25 0 23959.629 94.798763 -4.9420067
191 390.7999 362.44586 0.62308923 -0.13327392 -0.0689192 25 0 1844.2935 6.9364328 -2.1028405
192 455.97329 363.0162 0.47979409 0.21646094 -0.19257582 25 0 313.31248 1.5053503 -0.44409395
193 202.33059 364.26557 0.65470886 0.31270629 -0.18561775 25 0 1679.0574 6.3087489 -1.9998581
194 254.41334 365.60242 0.53682175 0.55197895 -0.052525653 25 0 2207.0781 9.0423584 -2.3907043
195 72.075805 366.91827 0.65905278 0.1194087 -0.15004992 25 0 5537.704 21.31053 -3.3214856
196 403.91591 366.77173 0.68912786 0.035252521 -0.15492939 25 0 1193.7651 4.4153855 -1.6124216
197 115.24859 367.61302 0.62926302 0.079680433 -0.058762998 25 0 529.54932 2.0434631 -0.77591701
198 475.72162 368.88728 0.63395738 0.075993771 -0.15236598 25 0 9503.874 37.245295 -3.9276786
199 342.20983 379.8926 0.62592061 -0.064947044 -0.18711272 25 0 3529.7826 13.823588 -2.8515519
200 51.255359 381.0414 0.69115775 0.13704839 -0.17516814 25 0 4116.6408 15.260689 -2.9589354
201 96.901556 382.74026 0.56537486 -0.22127749 -0.18657155 25 0 578.46696 2.4092178 -0.95469017
202 203.58584 384.34244 0.6485899 0.21356147 -0.13117216 25 0 585.91544 2.1416796 -0.82688624
203 245.30753 384.97854 0.58435777 0.042900242 -0.6028798 25 0 291.98978 1.1905454 -0.18936488
204 460.38184 385.26575 0.64940011 -0.87298198 -0.16549203 25 0 707.89167 2.606833 -1.040283
205 76.7603 385.7957 0.65123695 0.18810593 -0.060074226 25 0 471.75317 1.7337943 -0.59749394
206 120.94871 387.03314 0.67283752 0.15759755 -0.20884069 25 0 1649.3283 6.1676934 -1.9753069
207 492.86164 387.09163 0.65379905 0.084487722 -0.13106631 25 0 368.66294 1.4565373 -0.40830403
208 431.65004 389.24861 0.62731623 -0.28999011 -0.19366855 25 0 2479.999 9.5405173 -2.4489298
209 461.03272 388.9181 0.64576066 -0.08243025 -0.14409061 25 0 2279.1004 8.8887758 -2.3721049
210 36.58694 392.06061 0.6363773 -0.033767105 -0.083168548 25 0 605.17393 2.2131865 -0.86254501
211 222.88005 397.04078 0.6004331 0.063703436 -0.23256812 25 0 7563.1523 30.366362 -3.7059819
212 353.3839 399.12975 0.72117941 0.13394299 -0.23490156 25 0 911.11166 3.1686969 -1.2522017
213 388.77199 404.19928 0.77691349 0.024595261 -0.1178748 25 0 660.19842 2.1464382 -0.82929598
214 251.92036 404.31897 0.62711606 0.20639853 0.0063101951 25 0 626.75665 2.2976286 -0.90319958
215 249.35258 408.22577 0.64360505 0.15217899 -0.16634844 25 0 2060.2039 7.7439742 -2.2224098
216 267.58675 407.97134 0.71818811 0.57652294 0.064286717 25 0 402.06963 1.4039399 -0.36837128
217 470.84553 408.96924 0.74837323 0.33724118 0.36192923 25 0 487.49247 1.5807423 -0.4971527
218 18.085138 412.32429 0.58149804 0.72370303 -0.18770937 25 0 323.08931 1.2393922 -0.23302188
219 81.41703 413.60613 0.58132784 0.96658226 0.079990589 25 0 796.66003 3.0245058 -1.2016361
220 105.54981 414.90017 0.63873903 -0.12099092 -0.30459163 25 0 2176.0516 8.1240261 -2.2744283
221 281.18315 425.14213 0.48462639 -0.51664126 -0.40101306 25 0 387.39691 1.6678037 -0.55536233
222 162.22606 426.93504 0.39433538 0.085414366 0.14853428 25 0 269.76478 1.1846869 -0.18400892
223 190.95223 432.00896 0.6955283 -0.3010888 -0.30040132 25 0 420.35251 1.4197158 -0.38050351
224 156.17921 433.02386 0.67058307 0.18562999 -0.14152123 25 0 2425.129 9.1283896 -2.4009854
225 129.68665 433.94095 0.64804228 0.42332511 -0.12485657 25 0 1159.263 4.2937145 -1.5820829
226 171.27141 434.44507 0.5723405 0.49192132 -0.16995857 25 0 329.42654 1.2933333 -0.27927613
227 378.45899 433.85803 0.55927061 0.13554218 -0.26301634 25 0 359.73161 1.434737 -0.39193077
228 158.92831 435.59009 0.67570151 0.27897682 -0.36058699 25 0 367.58129 1.1271465 -0.12995095
229 229.43883 436.48161 0.60278426 0.47220666 -0.11448186 25 0 967.6467 3.5746677 -1.3830892
230 488.37169 436.21479 0.30769421 0.087939814 -0.21467526 25 0 60862.638 273.04666 -6.0905922
231 341.97575 438.27906 0.6279983 -0.013600573 -0.12348768 25 0 3335.1738 12.828228 -2.7704167
232 11.511996 441.27729 0.58328283 -0.21179137 -0.0048278194 25 0 316.50707 1.1659908 -0.16673783
233 242.48029 440.88727 0.69308279 -0.29094362 -0.16536206 25 0 1264.9055 4.5167106 -1.6370557
234 88.657458 442.70719 0.62684327 0.39638079 -0.17430736 25 0 13737.138 53.128311 -4.313315
235 473.73724 443.57782 0.63929773 -0.30194703 0.11420903 25 0 340.49769 1.0753505 -0.078875082
236 460.35445 449.9561 0.61787852 -0.59407961 -0.50764408 25 0 327.43147 1.2319775 -0.22650696
237 474.45119 452.83177 0.64242846 0.11744985 -0.26905221 25 0 2184.5731 8.2276779 -2.2881932
238 376.68111 455.11817 0.70056558 0.21641758 -0.10321762 25 0 359.79928 1.1747288 -0.17484399
239 308.48571 456.53168 0.49164482 0.35146317 -0.18088894 25 0 546.10884 2.2992669 -0.90397349
240 432.60293 457.7324 0.54521904 -0.38218104 -0.15298608 25 0 366.96742 1.3340747 -0.31295037
241 359.53575 461.42236 0.60159378 0.57404587 -0.097599099 25 0 1255.5805 4.9011947 -1.7257549
242 53.643196 462.33537 0.63135581 -0.10608893 -0.15002381 25 0 5678.4821 21.933964 -3.3527928
243 146.54534 463.50235 0.52735866 -0.19516196 -0.19964878 25 0 971.95806 3.8981693 -1.4771517
244 323.45638 464.19118 0.74526451 -0.3370319 -0.13261519 25 0 347.82985 1.1546421 -0.15611851
245 425.10145 465.04115 0.38769656 -0.030019545 -0.20995264 25 0 60583.331 302.46186 -6.2016765
246 288.77708 465.59552 0.59278242 -0.029715243 -0.10005955 25 0 332.37394 1.1404271 -0.1426688
247 402.37555 467.46018 0.63041073 -0.3283631 0.11656134 25 0 367.418 1.3413919 -0.31888923
248 42.812704 467.2429 0.57785201 0.30485624 0.12498548 25 0 314.72986 1.223087 -0.21864338
249 208.45716 471.58681 0.60921571 0.66790886 -0.03856504 25 0 4287.169 16.29088 -3.0298613
250 340.18317 473.40602 0.59409456 -0.25947627 -0.084513818 25 0 616.36223 2.4091151 -0.95464389
251 426.19061 472.87038 0.58531262 -0.30673869 0.051979227 25 0 553.51764 1.9564674 -0.72868152
252 111.59204 475.63163 0.54328649 -0.37904767 -0.022257119 25 0 467.82315 1.8927472 -0.69273153
253 258.46226 474.87716 0.68345625 -0.20983765 -0.26861651 25 0 3347.2264 12.109074 -2.7077774
254 335.80544 480.18851 0.58837443 0.25533663 -0.3066438 25 0 456.63979 1.7157933 -0.58616244
255 136.28079 480.89266 0.68684207 0.21875361 -0.35732144 25 0 930.58011 3.2239117 -1.2709579
256 214.2405 485.29658 0.59867732 0.30293467 -0.041970102 25 0 343.50576 1.3222934 -0.3033196
257 61.430301 486.16314 0.69572497 0.089565772 -0.29959305 25 0 1234.2724 4.540719 -1.6428116
258 237.64133 495.98413 0.57061473 -0.21886711 -0.30445021 25 0 413.62394 1.5560019 -0.4800253
259 390.29025 495.82099 0.51521209 -0.34198954 0.14637877 25 0 291.06641 1.1647345 -0.16556737
260 147.58459 499.94383 0.57528451 -0.060790748 -0.36029154 25 0 352.03918 1.2727064 -0.26182054
261 64.619037 501.07664 0.61208723 -0.21393193 -0.16725619 25 0 389.16851 1.3873984 -0.35550299
262 113.48827 502.85044 0.71093511 -0.66125391 -0.32064762 25 0 717.39173 2.478712 -0.98556518
263 158.63014 502.98918 0.65447464 -0.18835509 -0.26135667 25 0 562.80532 1.9488255 -0.72443241
264 277.4082 505.27103 0.52673485 0.28850211 0.053303691 25 0 274.36573 1.0208728 -0.02242912
265 328.75599 505.86481 0.40249282 0.15536851 -0.40660936 25 0 214.61798 1.0028851 -0.0031279224
266 114.32173 506.51171 0.58628841 -0.61748783 -0.11569826 25 0 691.94283 2.5006801 -0.99514536
267 55.371808 509.16296 0.60549791 -0.5999185 -0.13066544 25 0 303.10932 1.102038 -0.10549139
268 160.75174 510.29156 0.54443053 -0.22534387 -0.19348803 25 0 846.67124 3.5616008 -1.3791131
