id xcentroid ycentroid sharpness roundness1 roundness2 npix sky peak flux mag
1 331.12081 0.30875133 0.55960744 0.20905868 0.30527001 25 0 301.04421 1.3531266 -0.32834607
2 303.40937 3.107626 0.61594428 -0.03875761 -0.386284 25 0 697.16384 2.8879935 -1.1514905
3 312.46212 5.4540491 0.64240611 -0.43042992 -0.32577523 25 0 308.14653 1.2936524 -0.27954398
4 434.78073 6.3874995 0.55045972 -0.01477933 -0.21275363 25 0 453.70739 2.0239841 -0.76551776
5 115.4778 10.243399 0.65323266 0.73008131 -0.026623918 25 0 420.69306 1.6754684 -0.56034058
6 30.524147 12.373029 0.6287677 -0.27163666 -0.11418189 25 0 13247.928 51.798484 -4.2857926
7 341.056 11.711676 0.57639514 0.20530597 0.040727721 25 0 741.00051 3.2956506 -1.2948529
8 414.45475 14.829785 0.68617962 0.02578997 -0.30301153 25 0 764.22187 2.8196871 -1.1255023
9 473.57574 14.745129 0.6610073 0.48149102 -0.15514694 25 0 27017.468 103.00073 -5.0321007
10 431.74964 16.255945 0.64125256 -0.53005336 -0.017480714 25 0 291.86149 1.2800604 -0.26807616
11 18.477879 17.453382 0.72129591 0.35339577 -0.41705798 25 0 226.40004 1.0533609 -0.056442978
12 340.14342 20.017072 0.81452658 -0.28500476 -0.44676366 25 0 392.36399 1.3424372 -0.31973494
13 341.47834 25.362247 0.81033627 -0.0025333233 0.088050445 25 0 294.10697 1.0504944 -0.053484352
14 218.92815 29.842991 0.71678788 0.79017816 0.0072558994 25 0 318.27495 1.2744162 -0.2632782
15 360.26955 33.224826 0.73976035 0.14190119 -0.33964318 25 0 630.49875 2.2130862 -0.86249585
16 431.32257 32.69265 0.596324 0.40349249 -0.25680833 25 0 208.83959 1.0559304 -0.05908819
17 459.88564 33.251637 0.83254788 -0.23881377 -0.031697653 25 0 451.63127 1.6124131 -0.51869083
18 132.86938 35.856194 0.69346949 0.20937836 -0.16216572 25 0 504.28213 1.9281967 -0.71287835
19 119.66919 39.967015 0.66412025 -0.18426076 -0.23035622 25 0 645.12577 2.51637 -1.0019362
20 192.63478 41.142028 0.66410642 -0.016503521 -0.27589055 25 0 1218.1502 4.6677178 -1.6727615
21 212.15805 41.964879 0.63481427 0.22292232 -0.14334614 25 0 2437.9038 9.7825361 -2.4761286
22 352.73975 42.984259 0.59148913 0.028576292 -0.21789925 25 0 470.12968 2.1392273 -0.82564232
23 72.460321 44.268025 0.70205637 0.30281724 -0.16477649 25 0 548.35074 2.0919382 -0.80137214
24 255.94941 44.342014 0.52333816 0.76758707 0.45622295 25 0 239.50253 1.1724534 -0.17273895
25 330.69318 44.147415 0.344451 0.20077194 -0.11082813 25 0 58820.035 275.71607 -6.1011552
26 396.0974 43.80432 0.55833479 0.48444268 -0.23886422 25 0 197.53736 1.1289835 -0.13171902
27 117.50273 46.123562 0.66774583 0.21926787 -0.27734494 25 0 5175.8955 19.6465 -3.233213
28 160.58661 46.807612 0.62217697 0.18624891 -0.49149053 25 0 345.11527 1.3857577 -0.35421826
29 406.20754 47.664709 0.64474206 0.73984119 0.17224572 25 0 948.03306 3.6968349 -1.4195751
30 239.52082 51.598308 0.53721851 0.10430023 -0.20717908 25 0 276.60909 1.2991947 -0.28418564
31 253.05407 53.015032 0.73173115 -0.13728491 -0.096740192 25 0 465.21891 1.811702 -0.64521688
32 406.81443 53.066449 0.58335179 0.31434633 -0.25650446 25 0 246.21617 1.1936121 -0.19215806
33 300.3816 54.636109 0.62265224 0.75372654 -0.014452425 25 0 1262.3444 4.7356498 -1.688449
34 476.71697 53.509906 0.63238187 0.69462391 0.020284154 25 0 830.06028 3.3340536 -1.3074315
35 148.40568 59.306864 0.63033306 0.21265862 -0.15058308 25 0 336.90655 1.3114562 -0.2943845
36 449.35489 61.102386 0.65869615 0.3336617 -0.18839162 25 0 1614.9217 6.3741487 -2.0110555
37 507.75482 63.463337 0.61892714 0.10938469 0.022986017 25 0 3039.2432 11.869621 -2.6860922
38 3.8173649 65.086877 0.76845997 -0.30641519 -0.10894956 25 0 489.67909 1.860832 -0.67426793
39 355.25714 65.329995 0.53344506 -0.84849747 -0.56352985 25 0 221.16285 1.1055201 -0.10891659
40 37.591924 67.244536 0.59388791 -0.26806449 -0.15391772 25 0 619.38446 2.6993275 -1.078139
41 60.752465 66.869456 0.63313055 0.12357065 -0.094314968 25 0 406.76763 1.7169252 -0.58687847
42 175.69137 67.464778 0.62360409 -0.025232096 0.23623067 25 0 302.04687 1.2208281 -0.21663626
43 438.92204 68.084244 0.66426539 0.22433174 -0.15011458 25 0 1697.7106 6.6718751 -2.0606198
44 4.0588881 69.001105 0.73760065 -0.2649661 0.091427764 25 0 535.7947 2.0594829 -0.78439548
45 118.51479 69.003073 0.7522299 -0.53106148 -0.40527606 25 0 442.90791 1.6020165 -0.51166743
46 477.51517 68.683365 0.63489081 0.59895793 -0.099008162 25 0 365.81738 1.4963249 -0.43756478
47 424.23389 69.736834 0.72473612 -0.012825003 -0.17724429 25 0 588.69742 2.0942099 -0.80255051
48 61.819752 72.075674 0.69859565 0.12905031 -0.083256512 25 0 1859.3713 7.0890432 -2.1264691
49 474.79751 76.632995 0.68304729 0.74983367 -0.049200224 25 0 981.43169 3.7085508 -1.4230106
50 356.67117 80.714667 0.62196874 0.47370945 -0.11171939 25 0 3074.9359 12.070139 -2.7042807
51 125.89431 83.950674 0.65976556 -0.13187355 -0.33084691 25 0 443.68454 1.6807897 -0.56378343
52 441.15537 85.669227 0.56244439 0.29259331 0.029973265 25 0 278.20684 1.3808694 -0.35038151
53 150.61537 87.76241 0.3370903 0.56115177 0.12989346 25 0 203.77847 1.187839 -0.18689398
54 497.08392 87.562849 0.63119373 0.46903213 0.1173643 25 0 20672.448 80.610164 -4.7659745
55 98.233246 87.523157 0.58566879 0.091197021 -0.099772898 25 0 480.18712 1.9763022 -0.73963339
56 239.12741 91.11906 0.78015335 0.21961474 -0.076550021 25 0 259.0412 1.0198925 -0.021385976
57 161.05527 94.426913 0.54219372 0.18417347 -0.12854891 25 0 399.29407 1.6881989 -0.56855905
58 289.75152 95.078102 0.65019567 -0.094420571 -0.22184161 25 0 1235.806 4.8117394 -1.7057552
59 293.75018 96.787682 0.62174013 -0.082955063 -0.23320296 25 0 1342.1504 5.2946957 -1.8096025
60 192.00544 97.816986 0.59574965 0.20061173 -0.12838108 25 0 1662.0155 6.782573 -2.0784862
61 59.694732 101.95491 0.67456294 0.091682494 -0.21601759 25 0 4431.9174 16.90017 -3.0697277
62 121.72875 101.63855 0.60190733 0.48103401 -0.084506282 25 0 386.35849 1.5833994 -0.49897621
63 457.84956 101.44284 0.66079765 0.88633682 0.36423159 25 0 377.55848 1.5600471 -0.4828443
64 67.996385 103.22159 0.58559163 -0.35605771 -0.21121312 25 0 268.41714 1.1632852 -0.16421548
65 302.75336 103.73624 0.53001429 0.4287879 -0.4907947 25 0 253.82673 1.2015175 -0.19932524
66 495.47773 107.49906 0.62944033 0.74178542 -0.039461038 25 0 1850.3015 7.0150155 -2.1150716
67 338.32684 113.00372 0.61599377 0.30665252 -0.25169501 25 0 552.24236 2.3834107 -0.94299723
68 225.07648 115.1154 0.61907326 0.15491724 -0.18102378 25 0 16924.37 68.086472 -4.5826521
69 242.6155 115.15863 0.71651185 0.52440471 -0.22454132 25 0 951.9519 3.1871573 -1.2585087
70 309.10854 116.21826 0.63374206 0.32128394 -0.22323652 25 0 1145.3717 4.6486896 -1.6683264
71 252.51299 116.57132 0.58779305 0.66420648 -0.13891653 25 0 1493.0577 5.8766338 -1.9228216
72 204.71059 118.21183 0.5573629 0.47934953 -0.53072592 25 0 436.53754 1.7890578 -0.63156094
73 454.59508 117.64765 0.58759836 -0.5474499 -0.0017866133 25 0 319.93422 1.3787454 -0.34871016
74 498.37257 118.08539 0.642034 -0.27495851 -0.08920752 25 0 350.37719 1.4510162 -0.40418068
75 104.20148 118.57159 0.56120986 0.24204509 -0.18180796 25 0 456.47613 2.0094463 -0.757691
76 158.97057 119.89654 0.79883694 0.031175028 0.084086607 25 0 437.18518 1.4808726 -0.42629421
77 56.902304 120.09918 0.71573385 0.12180399 -0.27044772 25 0 607.06999 2.3411072 -0.92355327
78 156.45501 121.69865 0.59717891 -0.15143424 -0.20557426 25 0 1792.9517 6.998013 -2.1124369
79 484.53149 122.02641 0.55555171 -0.099152301 -0.29248839 25 0 326.56208 1.553067 -0.47797546
80 180.46552 127.16155 0.63401549 0.2131681 -0.2761524 25 0 1707.65 6.7030575 -2.0656824
81 11.782254 128.67259 0.64947331 0.51436437 -0.030074026 25 0 1234.6476 4.8976638 -1.7249724
82 257.90276 130.38681 0.54902462 0.42767066 0.019090837 25 0 392.24487 1.6332092 -0.53260451
83 465.05898 134.60768 0.52159412 0.40416161 0.32245832 25 0 169.97422 1.1487484 -0.15056228
84 400.31494 138.48848 0.56956343 -0.012857179 -0.013804101 25 0 10132.34 40.522561 -4.0192422
85 303.10464 144.20127 0.60960215 0.25484737 -0.17791334 25 0 2873.1163 11.538942 -2.655415
86 18.957264 145.05747 0.75973467 0.29531523 -0.00047471727 25 0 1007.6562 3.6939344 -1.4187229
87 98.841744 146.71375 0.74241174 0.010504958 0.088191607 25 0 279.9963 1.0058733 -0.0063582258
88 2.1021759 149.04963 0.66465152 0.31433497 -0.01440408 25 0 678.94096 2.7922017 -1.114867
89 488.47071 150.50931 0.62433529 0.75467044 -0.054531856 25 0 6635.2262 25.465662 -3.5148874
90 101.80732 158.45508 0.41044305 0.91103686 0.17722439 25 0 307.76 1.5490808 -0.47518519
91 390.18815 160.10986 0.64524299 0.23125418 -0.15890299 25 0 52515.226 204.79357 -5.7782908
92 429.47606 163.4819 0.59477931 0.60845172 -0.046581954 25 0 421.42186 1.8480906 -0.66680815
93 210.76501 164.15041 0.60389093 0.19485227 -0.091533642 25 0 504.16758 1.9878062 -0.74593511
94 157.77698 167.53012 0.52385844 0.47698612 -0.094663677 25 0 941.41373 3.9898285 -1.5023856
95 37.560059 171.16174 0.61057041 0.082110741 -0.22521823 25 0 391.02988 1.7674293 -0.61835514
96 230.29894 172.6555 0.53051447 0.62209138 0.0016184327 25 0 1338.258 5.6032165 -1.8710935
97 350.46229 172.43766 0.72405526 0.19345525 -0.14862949 25 0 537.71698 1.9805193 -0.74194772
98 482.45827 171.97816 0.64193192 0.056899287 -0.22444967 25 0 6386.4391 24.673899 -3.4805945
99 168.54236 173.30987 0.63944925 0.51666879 -0.25040849 25 0 858.55474 3.2390159 -1.2760327
100 6.0066619 175.0154 0.79182014 0.019274319 -0.29486748 25 0 339.13202 1.306062 -0.28990952
101 417.77397 174.50548 0.54920478 0.13879282 0.10484439 25 0 338.72096 1.584373 -0.49964356
102 156.91675 175.95997 0.67497932 0.036887997 -0.22085176 25 0 1769.9261 6.7218114 -2.0687158
103 425.37089 181.17907 0.66781969 0.21700951 -0.18986018 25 0 2789.6734 10.657064 -2.5690939
104 21.036834 181.77791 0.65668921 0.063825566 -0.11781942 25 0 741.93627 2.927742 -1.166332
105 119.25893 181.91793 0.60397263 0.37951291 -0.065990587 25 0 1757.7778 6.9349608 -2.10261
106 415.2604 183.54517 0.62561715 0.61400878 0.043344484 25 0 513.12993 2.2254173 -0.86852864
107 487.16452 183.06656 0.68392652 -0.0054875626 -0.17755925 25 0 812.64771 3.0540452 -1.2121886
108 231.10481 184.71689 0.55958054 0.093692358 -0.14656046 25 0 946.17434 3.8415138 -1.461256
109 425.82544 186.26236 0.67466445 -0.31706118 -0.18399727 25 0 971.18288 3.7430065 -1.4330514
110 193.68935 187.39597 0.58784961 0.45255612 -0.43932744 25 0 603.14101 2.4303121 -0.96415511
111 75.783068 188.49966 0.6030041 0.030630939 0.0088604286 25 0 35140.16 139.36405 -5.3603769
112 125.66931 189.73247 0.73789022 -0.42086423 -0.34335424 25 0 396.07771 1.3606976 -0.33440405
113 256.8963 193.27806 0.55489657 0.5375085 -0.093485604 25 0 283.39586 1.0894754 -0.093043575
114 424.86766 194.24406 0.68564415 0.79460869 0.26127627 25 0 394.86764 1.5547525 -0.47915319
115 459.18722 198.0315 0.70131459 0.4415978 0.051503832 25 0 628.61032 2.49861 -0.99424619
116 172.30926 200.43413 0.56998361 0.57169349 -0.057487557 25 0 557.22258 2.2993655 -0.90402001
117 353.28588 199.91872 0.62217404 0.25968641 -0.22314782 25 0 311.41918 1.2698848 -0.2594108
118 386.26133 199.78779 0.7028005 0.13422331 -0.18157877 25 0 323.8773 1.3050913 -0.28910224
119 202.76779 201.75032 0.67186636 0.14498527 0.11106829 25 0 350.11697 1.1602644 -0.16139245
120 410.03779 202.51223 0.71157409 -0.056207911 0.0017618461 25 0 309.44361 1.1990956 -0.19713451
121 71.073259 202.4032 0.59095803 0.54310168 0.15344967 25 0 496.1315 2.0129337 -0.75957367
122 473.70969 204.22028 0.68888024 0.26865954 -0.054824518 25 0 671.30816 2.6415588 -1.0546507
123 419.59435 206.75576 0.56765905 0.8513155 0.065782169 25 0 220.68376 1.1532145 -0.15477523
124 507.1026 207.88182 0.68386721 0.13657329 -0.099214667 25 0 3559.1916 13.681964 -2.8403711
125 16.983813 211.3975 0.56494491 0.25187236 -0.51304658 25 0 335.00276 1.5428201 -0.47078821
126 18.963616 212.93862 0.66432887 0.80417069 -0.054749621 25 0 492.98631 2.0150666 -0.76072351
127 429.83014 214.09702 0.68715214 0.18042539 -0.073674302 25 0 1175.6651 4.558473 -1.6470485
128 330.50034 216.20599 0.65457509 -0.045439984 -0.15975824 25 0 1408.9337 5.3460915 -1.820091
129 260.65648 218.22425 0.64125663 -0.057615732 -0.20909755 25 0 732.43576 2.9034354 -1.1572804
130 155.00871 219.63494 0.55317668 0.49140623 -0.11623482 25 0 854.16321 3.4528689 -1.3454502
131 498.12253 219.92624 0.65839393 0.17706975 -0.094703294 25 0 322.8438 1.4069296 -0.37068091
132 224.82714 223.19241 0.45387158 0.11421208 -0.40920099 25 0 214.79855 1.0208525 -0.022407487
133 483.72127 222.83185 0.66626642 0.25793617 -0.12106805 25 0 5007.3302 19.342607 -3.2162875
134 244.19409 224.94159 0.62326453 0.14495822 -0.21678117 25 0 2790.1946 11.023363 -2.6057852
135 356.36284 227.09631 0.63511509 0.16020537 -0.22916444 25 0 4337.0524 16.950543 -3.072959
136 426.43572 227.88807 0.63952204 0.17260354 -0.25775318 25 0 13225.31 50.52625 -4.2587927
137 331.28723 229.30908 0.5939166 0.41360151 -0.097927657 25 0 974.80696 4.0396874 -1.5158694
138 495.57728 229.86004 0.55296638 0.20488033 0.03426289 25 0 301.85563 1.4331482 -0.39072773
139 184.79379 235.68045 0.60935381 0.36762933 -0.060832674 25 0 643.07602 2.5959693 -1.0357489
140 244.7211 236.70328 0.59783963 0.26509905 -0.1937683 25 0 697.42502 2.822605 -1.1266253
141 435.66663 239.42499 0.60480505 -0.12193263 -0.0013470517 25 0 1738.2043 6.9001661 -2.0971489
142 35.205232 239.94324 0.87154072 0.4572651 0.0021083053 25 0 407.86127 1.2763034 -0.26488478
143 208.38455 253.25355 0.60391526 0.32819459 -0.22492605 25 0 4541.9578 18.111165 -3.144866
144 432.52757 252.86051 0.62908037 0.20894255 -0.18882701 25 0 7086.4994 27.731522 -3.6074343
145 270.13996 255.5508 0.66853321 0.24996055 -0.1842771 25 0 376.93677 1.5353966 -0.46555144
146 336.15467 261.97566 0.61894844 0.28100249 -0.16695321 25 0 389.49138 1.6969231 -0.57415542
147 31.011015 274.16921 0.60625344 0.50869217 -0.22472614 25 0 238.17377 1.0890704 -0.092639861
148 37.601638 274.05129 0.67428499 0.080464665 -0.26238805 25 0 1487.9979 5.6222324 -1.874772
149 94.184542 275.65634 0.70720767 0.78142509 -0.099352145 25 0 323.78904 1.1760198 -0.17603661
150 505.77092 278.31431 0.72333981 0.32223949 0.27234454 25 0 270.80828 1.1650228 -0.16583603
151 219.82605 282.16156 0.62185456 0.023483258 -0.079951973 25 0 298.33144 1.0280784 -0.030065607
152 51.849798 283.22323 0.73373836 0.5952624 -0.048752948 25 0 812.66667 2.8610015 -1.1412952
153 352.18181 285.52668 0.56542744 0.089144263 -0.0020449773 25 0 4676.3544 19.196215 -3.208039
154 164.83338 286.85486 0.61429311 0.1969802 -0.20069383 25 0 875.78733 3.5130921 -1.3642239
155 43.500391 288.11679 0.67842497 0.16194976 -0.20915772 25 0 1289.9223 4.7679884 -1.695838
156 71.615858 287.96445 0.64033723 0.16546201 -0.23253833 25 0 1128.6783 4.427099 -1.6152981
157 326.48654 290.39447 0.62791334 0.50297756 0.17047502 25 0 352.72251 1.367983 -0.34020174
158 457.79111 290.58823 0.61809449 0.38178588 0.073764156 25 0 671.65966 2.6951394 -1.0764531
159 140.78708 297.70867 0.51434417 0.22388736 0.23331848 25 0 386.63604 1.7361746 -0.59898351
160 74.063108 297.74947 0.55655943 0.24215913 0.51887901 25 0 277.32163 1.0909247 -0.09448693
161 55.198385 303.60895 0.54133081 0.072519878 -0.070875213 25 0 1152.0547 5.0485066 -1.7579073
162 402.9764 303.70081 0.53121583 -0.51380311 -0.17979107 25 0 355.56394 1.5441161 -0.47169991
163 106.00403 305.96519 0.63833073 0.038654999 0.095540185 25 0 276.39272 1.2085043 -0.20562053
164 198.62164 309.25088 0.60349402 -0.069746449 -0.18196631 25 0 773.04481 3.0264359 -1.2023287
165 430.65412 309.33001 0.50317546 0.20573818 -0.24846571 25 0 783.54783 3.5254836 -1.3680468
166 117.83038 313.98387 0.65723136 0.13185296 -0.2375506 25 0 3584.1732 13.984048 -2.8640823
167 39.922777 317.89883 0.67924867 -0.28651271 -0.35414809 25 0 446.31524 1.7544517 -0.61035356
168 167.4815 323.49297 0.33313125 -0.1779947 -0.011743052 25 0 246.32644 1.3636261 -0.33673825
169 435.04931 323.23645 0.33739171 0.21660655 0.11223632 25 0 192.44967 1.1965337 -0.1948123
170 310.34437 325.77349 0.63031751 -0.19670504 -0.31301261 25 0 591.34779 2.3513859 -0.92830975
171 243.06763 328.55472 0.55494 0.39552041 -0.18074398 25 0 248.83522 1.1062685 -0.10965134
172 0.52430014 332.93081 0.66069526 0.086432647 -0.14964343 25 0 4692.2602 18.491603 -3.1674364
173 267.43893 333.08999 0.70936238 0.053953229 -0.28881872 25 0 517.05996 1.8882524 -0.69015012
174 10.699007 333.87959 0.71868562 0.21710095 -0.14446203 25 0 13830.592 50.956014 -4.2679886
175 360.28849 333.42439 0.52065499 0.45881161 -0.18229857 25 0 374.62208 1.6153658 -0.52067724
176 56.86512 335.03702 0.64235255 0.083946172 -0.10293697 25 0 1066.8328 4.1700293 -1.5503478
177 243.85801 334.57823 0.52926835 0.39946772 -0.020084401 25 0 732.60763 3.1817022 -1.2566488
178 468.80436 341.12618 0.6765306 0.24294531 0.19222738 25 0 1000.4006 3.540206 -1.3725713
179 239.79608 344.25542 0.59955134 0.00049469883 0.024318124 25 0 410.85031 1.6763801 -0.56093125
180 340.77439 347.06413 0.69983642 -0.055235538 -0.069346045 25 0 807.30816 3.0633208 -1.2154812
181 219.9395 350.53982 0.57556704 0.33499292 -0.034106942 25 0 4565.3953 18.456574 -3.1653777
182 361.91336 352.17962 0.67525205 -0.036986831 -0.13825413 25 0 1158.7358 4.4037003 -1.6095444
183 2.0130634 352.78601 0.74666659 -0.026146666 0.019410766 25 0 901.00357 3.1162456 -1.2340792
184 278.83194 354.65346 0.58047204 0.28807809 -0.13522192 25 0 22736.544 92.864506 -4.9196244
185 2.2610078 356.66958 0.67088831 -0.069307927 -0.03760461 25 0 1277.6989 4.7097473 -1.682494
186 423.3611 356.90843 0.52190235 -0.13935561 -0.51386696 25 0 256.65791 1.1938292 -0.19235547
187 3.1552411 360.0943 0.80207148 -0.058253949 0.2036132 25 0 652.27751 1.981736 -0.74261452
188 394.61404 361.83047 0.61458223 0.16336429 -0.19413259 25 0 1873.1586 7.4177618 -2.1756822
189 459.91683 362.46602 0.54239775 0.36881733 0.19414783 25 0 352.3518 1.7188827 -0.5881156
190 206.13876 363.50575 0.61680074 0.029892931 -0.058740504 25 0 1414.4368 5.2998638 -1.8106618
191 258.30562 364.8551 0.66196822 -0.041601678 -0.21812604 25 0 2852.0965 10.884147 -2.591986
192 75.690246 366.27495 0.63763168 0.0022517724 -0.1436508 25 0 4835.9384 18.672714 -3.1780186
193 407.8328 366.10765 0.63351423 0.034697611 -0.15969587 25 0 1134.9154 4.5028661 -1.6337226
194 118.95596 367.07744 0.57772231 0.17503713 -0.083542438 25 0 539.94043 2.22992 -0.87072321
195 479.55055 368.26376 0.65767093 -0.25892776 -0.12002047 25 0 8890.9977 33.693874 -3.8188774
196 2.8383134 369.2787 0.71910276 0.20342528 -0.12109195 25 0 538.75359 2.0721556 -0.79105589
197 456.08388 376.19776 0.54035125 0.48717908 -0.19629521 25 0 261.90083 1.308049 -0.29156004
198 346.07496 379.32156 0.60858067 0.2156898 -0.074998928 25 0 3377.1311 13.645899 -2.8375054
199 54.908265 380.46906 0.61616989 0.28820632 -0.012967798 25 0 3307.1466 12.932124 -2.7791746
200 100.66183 382.09708 0.65642376 -0.28332373 -0.3027724 25 0 611.57747 2.1402887 -0.82618089
201 207.38315 383.69884 0.6664465 0.458604 -0.17049985 25 0 577.99208 2.0273338 -0.76731316
202 464.176 384.78188 0.60105989 -0.54201754 0.20954491 25 0 615.29129 2.3714939 -0.93755501
203 80.310157 385.18876 0.74680018 0.59050878 -0.21459409 25 0 491.76172 1.6758241 -0.56057106
204 249.21477 384.56503 0.49091749 0.26555266 -0.25329003 25 0 262.28996 1.0503427 -0.053327504
205 124.5868 386.46825 0.5931616 -0.15111588 -0.18469741 25 0 1240.4991 4.7497593 -1.691679
206 496.76959 386.65018 0.43363464 0.31414188 -0.15387362 25 0 221.64735 1.0121441 -0.01310588
207 464.86497 388.21949 0.65811239 -0.077871746 -0.06887415 25 0 2282.9598 8.75052 -2.3550846
208 435.45259 388.64816 0.60531653 0.35070883 -0.15926344 25 0 2227.7291 8.8419888 -2.3663749
209 40.247034 391.43501 0.72409142 0.63586829 0.12359378 25 0 652.19138 2.3454386 -0.92556019
210 226.70487 396.42076 0.60747505 -0.090797972 -0.095606084 25 0 6917.7395 27.032502 -3.5797156
211 357.28075 398.44751 0.59384003 0.087180175 0.01626421 25 0 683.60354 2.6479316 -1.0572669
212 392.73495 403.4388 0.46868325 0.60425302 -0.1336243 25 0 405.516 1.8010108 -0.63879079
213 255.93418 403.95558 0.74048993 0.43406719 -0.16835195 25 0 757.72919 2.5665371 -1.0233689
214 271.44337 407.2706 0.63806497 0.14918362 -0.44729279 25 0 316.29405 1.1846418 -0.18396767
215 253.26931 407.52074 0.57470411 0.066637263 -0.06019344 25 0 1696.7773 6.8550283 -2.0900231
216 474.77635 408.07048 0.7271113 0.21574077 -0.16234294 25 0 567.53563 1.9426902 -0.7210089
217 85.148789 412.85025 0.71539776 0.19109559 -0.12483711 25 0 1006.1814 3.5502468 -1.3756464
218 109.14138 414.31223 0.66785615 0.34638877 -0.093361369 25 0 2370.3635 8.9503219 -2.3795966
219 285.00264 424.36771 0.58243525 0.22244366 0.049391606 25 0 394.54799 1.5525008 -0.47757956
220 166.01399 425.96244 0.54521209 -0.28529286 -0.17264155 25 0 348.78089 1.3900402 -0.35756841
221 194.79524 431.25926 0.675301 0.65076924 -0.28406229 25 0 417.26107 1.4155962 -0.3773485
222 159.97079 432.47335 0.62103638 0.25814053 -0.053925222 25 0 2062.1633 7.8064916 -2.2311397
223 133.56614 433.25423 0.64075677 0.34754649 -0.27629832 25 0 1010.7567 3.7475772 -1.4343765
224 382.32174 433.19146 0.62127341 0.17064668 -0.32789677 25 0 290.06675 1.061377 -0.064674179
225 174.89758 434.23474 0.61159008 0.17200687 -0.21477448 25 0 312.10163 1.1538825 -0.15540394
226 162.07836 434.83746 0.56723742 0.42163085 -0.53332098 25 0 371.47163 1.4353672 -0.39240756
227 233.28433 435.77313 0.64449117 0.027942027 -0.22407078 25 0 1112.3007 4.1667523 -1.5494942
228 492.19748 435.65358 0.29844697 0.090778449 -0.12795355 25 0 61337.431 287.77106 -6.1476178
229 345.86373 437.61607 0.61101701 0.33921517 -0.077786929 25 0 3057.5255 12.078599 -2.7050414
230 246.35228 440.29989 0.63537052 -0.054482762 -0.089429289 25 0 1152.6762 4.1740287 -1.5513886
231 15.688474 440.99557 0.92702206 0.4737789 -0.09555413 25 0 406.03275 1.1328644 -0.13544481
232 92.427299 442.05897 0.70672423 0.09448545 -0.29490987 25 0 15496.999 57.214826 -4.3937715
233 477.38963 443.05071 0.68116492 -0.27696061 -0.22242087 25 0 324.85892 1.151681 -0.15333052
234 464.17653 449.17143 0.62849834 -0.21965678 0.04565341 25 0 356.06735 1.5118931 -0.44880268
235 213.1367 449.63858 0.54238146 0.12660513 -0.3907562 25 0 301.50133 1.1258932 -0.12874302
236 478.50119 452.22318 0.63886545 0.26541206 -0.1951456 25 0 2106.786 8.1898902 -2.2831952
237 380.73169 454.8454 0.42049225 -0.29312264 0.022262384 25 0 252.72803 1.2014844 -0.19929536
238 312.42268 455.88192 0.7625847 -0.17853516 -0.15005793 25 0 722.0623 2.3121417 -0.91003611
239 436.45804 456.9029 0.75543024 0.068595424 -0.18476995 25 0 506.7278 1.7056185 -0.57970474
240 363.51348 460.79553 0.65209984 -0.34808314 -0.30721865 25 0 1310.6136 4.9072197 -1.7270888
241 57.378113 461.6976 0.67390825 0.47394044 -0.24707619 25 0 5339.2667 19.684193 -3.235294
242 150.51373 462.8529 0.70998469 0.05278313 -0.29637408 25 0 1207.9263 4.1666968 -1.5494797
243 327.24223 463.51362 0.66823157 0.27394127 0.035631213 25 0 303.90056 1.0431759 -0.045893888
244 428.92935 464.50761 0.46369155 0.018632744 -0.089502691 25 0 61087.7 269.80051 -6.0776069
245 292.52918 465.2216 0.67830177 -0.34326038 -0.4188417 25 0 333.87147 1.1633004 -0.16422973
246 46.802432 466.64128 0.62680362 -0.00072676882 -0.29323469 25 0 282.9301 1.0548362 -0.057962533
247 406.23559 466.93858 0.70468628 0.063413526 -0.37963392 25 0 406.91753 1.4082715 -0.37171597
248 212.21345 470.91517 0.68340447 -0.036516171 -0.22797157 25 0 5336.2413 20.168276 -3.261672
249 501.9904 471.35128 0.54464199 0.51956641 0.6180674 25 0 258.95434 1.0493668 -0.05231833
250 430.34509 472.08367 0.7337224 -0.16016975 -0.09285112 25 0 595.31752 1.8643515 -0.6763195
251 343.85789 472.56068 0.67716845 -0.20666488 -0.17175355 25 0 693.91291 2.424192 -0.96141755
252 246.27783 473.97571 0.85144088 -0.21588628 -0.64324558 25 0 338.04337 1.040887 -0.043508928
253 262.29392 474.24398 0.64349743 0.20870202 -0.20316222 25 0 3186.5383 12.336406 -2.7279716
254 115.44271 474.6131 0.76705163 0.59473017 0.0080195723 25 0 498.28307 1.5486927 -0.47491315
255 140.16147 480.21438 0.71738665 0.46120215 -0.097855873 25 0 1019.0496 3.5568478 -1.3776632
256 339.5487 479.33421 0.34105529 0.39247062 -0.038748021 25 0 280.9326 1.2994048 -0.28436116
257 217.89497 484.78266 0.55572911 0.29971788 -0.35339443 25 0 290.00104 1.167215 -0.16787714
258 65.180895 485.49241 0.66375477 0.23297673 0.085111862 25 0 1110.5119 4.1119139 -1.53511
259 241.31663 495.22524 0.61105854 0.22946218 -0.45168237 25 0 410.15865 1.4460113 -0.4004292
260 498.71577 497.57017 0.61120596 0.02987998 -0.05902748 25 0 304.39765 1.126917 -0.1297298
261 68.280491 500.41507 0.3179116 -0.39632522 -0.20604499 25 0 205.23879 1.0383002 -0.040807371
262 117.26495 502.11117 0.69950769 -0.15844158 -0.10889605 25 0 719.83786 2.4498203 -0.97283557
263 162.62468 502.49378 0.67657654 0.69877205 -0.081085552 25 0 480.74332 1.6268344 -0.52835839
264 118.21425 506.00957 0.60583028 -0.21772551 -0.22731981 25 0 805.37489 3.191257 -1.2599044
265 164.66153 509.80065 0.64969979 0.53412007 -0.28189882 25 0 801.33233 2.9348283 -1.1689567
