id xcentroid ycentroid sharpness roundness1 roundness2 npix sky peak flux mag
1 327.67544 2.1966334 0.64288039 0.13757614 0.28755949 25 0 260.39013 1.0251912 -0.027012131
2 300.17563 4.7596569 0.55645564 0.11440417 -0.1131441 25 0 642.89062 2.7209463 -1.0867999
3 309.14692 7.004328 0.7249553 0.28817843 -0.14851128 25 0 333.56074 1.1659055 -0.16665838
4 431.6035 8.02985 0.72782501 0.09621045 -0.47270588 25 0 590.66657 2.1637238 -0.83800455
5 112.11398 11.997823 0.60266947 -0.43496789 -0.19065316 25 0 594.00833 2.4537654 -0.97458261
6 337.70332 13.472451 0.5563505 -0.069803203 -0.059450787 25 0 699.42667 3.0775681 -1.2205192
7 27.299244 13.935881 0.71827772 -0.11564468 -0.22399769 25 0 17833.983 63.101925 -4.5001065
8 470.2085 16.605191 0.59481809 0.44055442 0.022864516 25 0 24521.616 92.358085 -4.9136873
9 411.04538 16.488337 0.5960395 0.21857333 -0.025947125 25 0 638.17149 2.5434238 -1.0135468
10 428.39505 17.980824 0.52842583 0.083754108 -0.42584317 25 0 235.31625 1.0401064 -0.042694372
11 336.94644 21.868683 0.55877427 -0.49614802 -0.21868812 25 0 315.0268 1.499103 -0.43957872
12 215.69683 31.669085 0.49312258 -0.045770409 -0.16802983 25 0 289.29927 1.3128171 -0.29551057
13 428.23739 34.533809 0.67165531 0.029825194 0.01341572 25 0 240.6531 1.1394449 -0.14173329
14 356.89638 34.8131 0.65870211 0.041773374 -0.08588023 25 0 605.0334 2.3520117 -0.92859868
15 456.54059 35.175702 0.80780953 -0.42581478 -0.46832465 25 0 430.27531 1.359458 -0.33341448
16 129.35565 37.458363 0.55890947 0.52558507 -0.30952045 25 0 389.74822 1.6631745 -0.55234452
17 116.4778 41.566179 0.72040211 -0.29229674 -0.030631342 25 0 597.41645 1.9380689 -0.71842303
18 189.46535 42.693927 0.6413379 -0.33872 -0.26773916 25 0 1262.4095 4.6287781 -1.6636659
19 208.81453 43.518095 0.57817355 0.30005527 -0.048107103 25 0 2205.187 8.5665983 -2.332021
20 421.75802 43.421891 0.61594902 0.52975121 0.16099659 25 0 215.82804 1.0018983 -0.0020591282
21 349.5223 44.783888 0.67869989 0.47751309 -0.21002086 25 0 523.70286 1.8888636 -0.69050148
22 69.331364 45.831544 0.64693772 -0.16874931 -0.17636564 25 0 598.65692 2.2969001 -0.90285528
23 252.79426 46.048016 0.63201608 0.10278617 -0.023751341 25 0 358.91814 1.5756504 -0.49364964
24 327.3404 45.559974 0.39710137 -0.18614918 -0.23437425 25 0 58405.542 239.12462 -5.9465608
25 114.16223 47.782631 0.6420531 -0.092988247 -0.18605285 25 0 5548.2417 20.638702 -3.286706
26 157.13592 48.35575 0.59628419 0.2748598 -0.3706136 25 0 356.80189 1.4026226 -0.36735206
27 402.88082 49.219029 0.59790392 -0.22183772 -0.29109844 25 0 982.75136 3.8718869 -1.4698067
28 236.4516 53.631468 0.63479638 0.028025438 -0.21690498 25 0 264.21355 1.0812066 -0.084771735
29 55.146796 55.008939 0.50953577 0.6564682 -0.3331216 25 0 231.20055 1.0361084 -0.038512952
30 249.76359 54.872942 0.54139248 -0.088574429 -0.12333802 25 0 344.34807 1.5833876 -0.49896813
31 403.67043 54.674309 0.60889518 0.19209364 -0.19897447 25 0 257.75666 1.2139302 -0.21048429
32 473.34724 55.285146 0.62450277 0.36981715 -0.26011949 25 0 880.44767 3.3706245 -1.3192759
33 297.02013 56.157678 0.64211182 0.020569517 -0.20910421 25 0 1659.8848 6.1849798 -1.9783457
34 145.01924 60.856045 0.63795283 -0.44530877 -0.41318642 25 0 381.8267 1.5278393 -0.46019419
35 446.03655 62.923141 0.68967958 -0.033030477 -0.2212639 25 0 1817.1681 6.6042487 -2.0495585
36 33.30651 63.541798 0.74127193 -0.5260517 -0.12888885 25 0 340.31436 1.1487172 -0.15053281
37 504.58438 65.239524 0.66585564 0.31791016 -0.27205038 25 0 3562.8279 12.902766 -2.7767071
38 0.35105212 66.606685 0.57132397 0.26672431 -0.060135389 25 0 326.0197 1.4705955 -0.41873308
39 352.05786 67.230723 0.60707293 -0.22429323 0.10862107 25 0 303.24229 1.4174861 -0.37879704
40 57.553988 68.490933 0.62163007 0.27066178 -0.20555763 25 0 375.77439 1.4424404 -0.39774467
41 34.109125 68.826975 0.65371866 -0.20144801 -0.16120847 25 0 765.88714 2.9258217 -1.1656196
42 172.07879 69.093169 0.67060069 0.14480561 -0.082956425 25 0 339.44552 1.2778383 -0.26618971
43 0.48044978 70.456835 0.50705647 -0.87219602 -0.078501239 25 0 346.57366 1.6654818 -0.55384973
44 435.52893 69.804753 0.67421028 0.14608631 -0.21372867 25 0 1651.8131 5.8507541 -1.9180296
45 115.07295 70.514323 0.56938164 0.13676976 -0.024936687 25 0 391.83308 1.6473465 -0.54196239
46 420.67618 71.488236 0.54131291 0.10471887 -0.010664532 25 0 553.55165 2.4301712 -0.96409216
47 474.38291 70.431468 0.6307366 -0.31679677 -0.070191306 25 0 372.72499 1.5029317 -0.44234814
48 58.410581 73.705149 0.65876878 0.28347564 -0.30294098 25 0 1591.4201 5.6293824 -1.8761519
49 471.49941 78.345804 0.60961273 0.580427 -0.12155108 25 0 889.67681 3.2770984 -1.2887237
50 353.34864 82.364882 0.59993899 0.34816481 -0.1907366 25 0 3186.1522 12.080666 -2.7052272
51 122.38595 85.60145 0.50829597 0.31066309 -0.18491495 25 0 347.9463 1.5627615 -0.48473178
52 438.00613 87.517519 0.57935382 -0.44752634 -0.28138689 25 0 255.32629 1.1865597 -0.18572402
53 94.689375 89.005583 0.66014216 -0.088957202 -0.22820854 25 0 660.85679 2.4657173 -0.97985819
54 147.30814 89.2003 0.57270059 0.22325932 -0.25797978 25 0 376.66289 1.4765161 -0.42309547
55 493.81274 89.319924 0.66100729 -0.04864479 -0.087370456 25 0 24420.948 88.992891 -4.8733883
56 157.75195 95.959568 0.69127676 -0.11714665 -0.23187744 25 0 579.30359 2.0819118 -0.79615581
57 286.43479 96.632698 0.55136024 -0.48482222 -0.2535565 25 0 1073.1784 4.3041531 -1.5847193
58 290.36572 98.444794 0.61920796 0.15239184 -0.26309702 25 0 1350.3219 4.8978228 -1.7250077
59 188.59258 99.549029 0.58593347 -0.30680862 -0.1055136 25 0 1507.2656 5.4939325 -1.8497083
60 56.456688 103.63468 0.53941739 0.54593415 -0.027545107 25 0 3493.3411 13.634029 -2.8365606
61 118.4371 103.21748 0.648532 0.34916898 -0.21198973 25 0 390.62812 1.4442982 -0.39914217
62 454.48366 103.24249 0.68034989 0.43900417 -0.23443069 25 0 407.91128 1.5548114 -0.47919432
63 64.665543 104.7559 0.68245521 0.10635145 0.091697022 25 0 302.45301 1.1334758 -0.13603063
64 299.27653 105.34489 0.72261976 0.46778585 -0.0030636827 25 0 315.66609 1.0797019 -0.083259658
65 510.92982 105.77836 0.9701403 0.18654081 0.25143464 25 0 1441.8704 4.3197703 -1.5886516
66 492.11506 109.29392 0.62511321 0.13879337 -0.079603268 25 0 2299.5607 8.8375152 -2.3658254
67 334.94244 114.82065 0.51244153 -0.32304785 -0.2713361 25 0 512.44982 2.3524494 -0.92880072
68 221.71615 116.69834 0.60328304 0.19932493 -0.15585796 25 0 17338.74 66.745727 -4.5610587
69 239.2284 116.82036 0.57240118 -0.0079774201 -0.16828487 25 0 998.44088 4.0032737 -1.5060382
70 249.19884 118.16969 0.60020736 0.068763705 -0.19378348 25 0 1922.0686 7.4482421 -2.1801345
71 305.73678 117.89316 0.64243157 0.15879098 -0.2442587 25 0 1254.5565 4.7255356 -1.6861276
72 100.61333 120.27213 0.69651215 0.065672499 -0.093707153 25 0 559.61565 1.9141529 -0.70494157
73 201.41904 119.91849 0.57017436 0.057131048 -0.35264034 25 0 452.6656 1.705796 -0.57981775
74 316.00005 120.13618 0.59013444 -0.31252993 -0.17892992 25 0 208.31048 1.0253556 -0.027186311
75 451.19605 119.50865 0.57641235 0.27874801 0.061522412 25 0 395.49453 1.7466203 -0.60549627
76 495.36455 120.23629 0.71357478 0.27493291 0.083872621 25 0 351.27238 1.3241242 -0.30482184
77 155.23803 121.11293 0.79654881 -0.21665268 -0.32656232 25 0 553.35518 1.6637502 -0.55272028
78 53.580408 121.66423 0.59075438 0.31601677 -0.26891454 25 0 494.51544 1.9117988 -0.70360544
79 153.07946 123.36942 0.59339351 0.0059454462 -0.12543575 25 0 2031.1038 7.918277 -2.2465767
80 481.01185 123.7968 0.55380461 -0.2431975 -0.019134679 25 0 388.72666 1.812327 -0.64559137
81 177.02939 128.87275 0.60105502 -0.078251984 -0.28606424 25 0 1871.0465 7.3883944 -2.1713752
82 8.406882 130.2495 0.69220565 0.19757557 -0.29241897 25 0 1356.0198 4.883294 -1.7217822
83 254.43759 132.09503 0.61621287 -0.057417081 -0.48489087 25 0 510.40071 1.9241707 -0.710609
84 396.85438 140.32896 0.61530534 -0.055871217 -0.13159554 25 0 12281.891 46.084454 -4.1588861
85 385.36725 143.24605 0.55524955 -0.26510487 -0.046830906 25 0 247.47867 1.2200672 -0.21595938
86 15.657987 146.60678 0.59124258 -0.23085584 0.07378606 25 0 696.96456 2.6970001 -1.0772024
87 299.69873 145.90794 0.6089875 0.078983758 -0.26806186 25 0 3019.416 11.464132 -2.648353
88 95.498786 148.50657 0.42485559 0.65903357 -0.15835831 25 0 226.40459 1.2393807 -0.23301178
89 485.1547 152.45065 0.60811381 0.24540743 -0.030938977 25 0 7768.4971 29.580908 -3.6775288
90 98.391309 159.99987 0.65669598 -0.010338774 -0.13997379 25 0 483.99755 1.7030211 -0.57805006
91 386.77343 161.89642 0.59268581 0.018322217 -0.2381216 25 0 51445.735 199.70408 -5.7509673
92 426.15529 165.35869 0.62929841 0.021086473 -0.061661595 25 0 533.39111 2.2116807 -0.86180605
93 207.39758 165.83531 0.56818614 -0.12037672 -0.37726772 25 0 484.92501 1.9230352 -0.70996806
94 154.43343 169.16956 0.64087966 0.27730212 -0.31165871 25 0 579.70814 2.0694113 -0.78961706
95 34.230802 172.72833 0.81278369 0.37703066 -0.48995342 25 0 395.43366 1.3109681 -0.2939803
96 226.96302 174.21854 0.61413481 0.0068712625 -0.16899912 25 0 1928.2542 7.3752822 -2.1694466
97 347.25033 174.09964 0.59576031 -0.13486862 -0.38711855 25 0 517.64489 2.1240151 -0.81789402
98 479.23572 173.75602 0.61174163 -0.083857195 -0.1310095 25 0 6818.6182 26.303811 -3.5500467
99 165.09617 174.95914 0.64827438 -0.16145184 -0.24635322 25 0 1057.3096 3.8045937 -1.4507707
100 414.47202 176.0526 0.30900447 -0.36393123 0.19394869 25 0 171.61969 1.0695038 -0.072955828
101 153.54296 177.49983 0.56466982 0.52456878 -0.1169945 25 0 1431.2404 5.4054086 -1.8320713
102 17.736234 183.28181 0.64799045 -0.11233913 -0.098780465 25 0 879.16256 3.3728278 -1.3199854
103 115.80318 183.62036 0.62295914 -0.056120287 0.054423192 25 0 1685.5601 6.1257575 -1.9678995
104 422.06894 182.99258 0.63461041 -0.089270088 -0.22865719 25 0 2993.9693 11.387956 -2.6411145
105 411.95004 185.25329 0.66716365 -0.15033983 -0.11061361 25 0 641.67808 2.3814721 -0.94211376
106 483.87056 184.87138 0.67358043 0.32619511 -0.046727136 25 0 863.58528 3.2925241 -1.2938224
107 227.67076 186.57954 0.56836329 -0.23468459 -0.032735664 25 0 1011.1842 3.8120395 -1.4528935
108 422.55594 188.02523 0.69161614 -0.16858173 -0.33453089 25 0 1027.0699 3.7217503 -1.4268681
109 190.25764 189.03552 0.61173114 0.081844324 -0.28790853 25 0 770.81089 3.0437736 -1.2085309
110 72.435465 190.00471 0.67869951 -0.12858118 -0.32744058 25 0 42788.039 151.47741 -5.4508697
111 122.23011 191.40649 0.59547877 -0.023390265 -0.077561767 25 0 436.16012 1.7589898 -0.61315828
112 421.66657 196.07242 0.66788724 0.28467156 -0.2935588 25 0 369.62256 1.5097273 -0.44724628
113 455.90613 199.93318 0.59793813 -0.040064189 -0.1290405 25 0 605.90783 2.6010351 -1.0378655
114 169.02732 202.08996 0.69433432 -0.29033045 -0.1761854 25 0 742.60249 2.609721 -1.0414852
115 382.79845 201.47727 0.49504194 0.24429253 0.082426484 25 0 267.18767 1.3268695 -0.30707052
116 199.32953 203.36275 0.48736225 0.030820732 -0.24973894 25 0 284.52383 1.1222332 -0.12520777
117 67.531974 204.13553 0.69260416 0.10528064 -0.16068839 25 0 687.97586 2.4737288 -0.98338021
118 406.544 204.17016 0.62002598 0.12639209 -0.34295057 25 0 285.26838 1.2460012 -0.23879614
119 509.70645 203.54187 0.58158133 0.039645776 -0.063302511 25 0 1433.7694 5.7152609 -1.8925901
120 148.36429 205.97951 0.47879388 0.045053885 -0.38508168 25 0 243.02423 1.2359702 -0.23001997
121 470.35029 206.00626 0.67782125 -0.026517362 -0.22757777 25 0 695.45396 2.5116223 -0.99988583
122 503.61371 209.68362 0.6108657 0.40926868 -0.13336974 25 0 3204.9004 12.309371 -2.7255896
123 13.419088 213.10531 0.63634095 0.25717805 -0.34175914 25 0 454.4006 1.8027047 -0.63981146
124 15.583216 214.47902 0.69721149 0.45394464 -0.0076741976 25 0 463.72031 1.7216787 -0.5898803
125 426.43478 215.94154 0.64667554 0.14137826 -0.24096071 25 0 1086.76 4.0293111 -1.513077
126 327.18104 217.97134 0.60560953 -0.19216775 -0.25324367 25 0 1602.8626 6.263287 -1.9920058
127 257.40959 219.99739 0.5272745 0.25037103 -0.34805118 25 0 636.78376 2.7130563 -1.083647
128 151.4401 221.34948 0.62119166 -0.37996801 -0.23145291 25 0 929.15094 3.2959785 -1.2949609
129 494.52614 221.80542 0.55079972 -0.18221193 -0.32531527 25 0 250.69618 1.1417485 -0.14392612
130 480.36209 224.56953 0.60688635 -0.32499657 -0.11586511 25 0 4459.7697 16.61523 -3.0512659
131 240.76417 226.65685 0.5590109 0.20666639 -0.21238017 25 0 2585.82 10.019644 -2.5021307
132 352.94503 228.91025 0.6019862 -0.049645761 -0.24936502 25 0 4657.4498 18.188302 -3.1494804
133 423.18647 229.68206 0.5771224 -0.12760658 -0.13969948 25 0 13756.299 53.895459 -4.3288804
134 327.83798 231.17945 0.63024903 0.0046144265 -0.22992143 25 0 1166.2052 4.3734002 -1.602048
135 492.10845 231.6474 0.59646956 -0.25232186 -0.17837595 25 0 317.45286 1.3076778 -0.29125189
136 181.28191 237.40593 0.53077629 0.38033763 0.024211876 25 0 608.54821 2.4287085 -0.96343847
137 241.35774 238.37851 0.55987321 0.21600716 -0.31821557 25 0 699.92773 2.706079 -1.0808512
138 31.872212 241.5719 0.60251389 0.23843745 0.0027437685 25 0 353.00224 1.4303763 -0.38862576
139 432.41382 241.21456 0.6296375 0.2873575 -0.22003805 25 0 1980.8008 7.3968893 -2.1726228
140 18.548969 244.10443 0.84843479 0.29323028 -0.18843716 25 0 396.74272 1.3181663 -0.29992553
141 204.9997 254.97016 0.59275465 -0.022555972 -0.22330936 25 0 5217.1833 20.570163 -3.2830943
142 429.22148 254.61883 0.56961792 -0.18170613 -0.12284362 25 0 6890.9073 26.788452 -3.569869
143 266.97068 257.37123 0.57425697 -0.086568093 0.022490751 25 0 441.70859 1.7956705 -0.63556663
144 332.38247 263.8338 0.56533892 -0.24220497 -0.2982702 25 0 325.99967 1.3915933 -0.35878079
145 105.72575 265.05749 0.53110015 -0.19009996 -0.37946109 25 0 358.24697 1.5953448 -0.50713643
146 27.562226 275.86889 0.54595498 -0.67938512 -0.7673621 25 0 228.03319 1.0734578 -0.076962395
147 34.407713 275.57823 0.5960309 -0.22957184 -0.062945434 25 0 1360.4045 5.1081842 -1.7706664
148 90.783033 277.18386 0.69126931 0.10755055 0.048908691 25 0 360.70242 1.2492389 -0.24161378
149 216.42106 284.06784 0.66474364 0.13945136 -0.16607663 25 0 369.66161 1.2802438 -0.2682317
150 485.20145 284.15106 0.57403695 -0.87938087 -0.6063662 25 0 237.47176 1.1146474 -0.11784373
151 48.51122 284.88166 0.66894908 -0.019482234 -0.38967996 25 0 823.36798 2.9864869 -1.1879015
152 348.7434 287.38049 0.63690526 -0.25176779 -0.097245174 25 0 5543.5938 20.20934 -3.2638804
153 161.49145 288.54109 0.63276491 0.60260813 -0.056106356 25 0 837.42894 2.9174486 -1.162508
154 40.088958 289.75899 0.65349477 0.13930883 -0.10804817 25 0 1493.1757 5.5587824 -1.8624492
155 68.421157 289.49506 0.59674945 -0.39111404 -0.17655005 25 0 1027.4687 3.8200286 -1.4551665
156 322.94909 292.14608 0.73102463 -0.0027163424 -0.010418141 25 0 430.67674 1.4682633 -0.41700986
157 454.40581 292.27918 0.62809062 0.18694338 -0.21770766 25 0 710.15921 2.6180572 -1.0449478
158 33.536146 296.93192 0.64108322 -0.56636516 -0.66748443 25 0 309.47915 1.1556438 -0.15705997
159 137.51872 299.34324 0.69932108 -0.020016872 -0.49766809 25 0 522.40781 1.7078014 -0.58109339
160 51.786306 305.3312 0.65075737 -0.026156247 -0.11072081 25 0 1392.4666 5.1204305 -1.7732662
161 399.71588 305.48906 0.62118147 0.36583775 0.0016782071 25 0 371.09404 1.4342939 -0.39159536
162 195.20843 311.04492 0.64342101 -0.17615046 -0.32058095 25 0 944.81701 3.5001671 -1.360222
163 427.16602 311.03058 0.63578015 -0.16908913 -0.30127229 25 0 1104.9908 4.0551455 -1.5200161
164 114.45983 315.67879 0.64495267 0.36334386 -0.25806278 25 0 3369.8615 12.099064 -2.7068794
165 36.684046 319.70726 0.57725702 -0.070115731 -0.15894918 25 0 341.41586 1.2826065 -0.27023362
166 163.84514 325.20875 0.68315729 0.16892169 -0.25605017 25 0 358.85893 1.1191637 -0.12223408
167 431.63062 325.21341 0.62043863 0.26434203 -0.10487055 25 0 286.33844 1.0456829 -0.048500016
168 306.66306 327.47488 0.49129799 0.29137202 -0.13026458 25 0 496.23117 2.0856565 -0.79810696
169 469.85685 329.41117 0.38447852 0.041192775 -0.15100573 25 0 191.01381 1.0205087 -0.02204175
170 7.3819019 335.52476 0.6319094 0.53305422 -0.020740741 25 0 11911.367 43.830411 -4.1044389
171 264.27872 334.66804 0.4595813 -0.13083921 -0.18601759 25 0 485.95269 2.2017619 -0.85692589
172 356.92049 335.32892 0.55857998 -0.20306866 -0.1141343 25 0 538.96444 2.1642428 -0.83826495
173 240.38318 336.25461 0.57150291 0.18890044 -0.265267 25 0 851.91255 3.2668354 -1.2853181
174 53.536269 336.65796 0.68511503 0.0074333055 -0.20794642 25 0 1077.8866 3.7487815 -1.4347253
175 465.3364 343.01017 0.62400893 0.11838173 0.081296323 25 0 938.91763 3.0745868 -1.2194669
176 236.4992 346.04488 0.68333055 0.085374669 -0.48489647 25 0 397.74938 1.2181337 -0.21423743
177 337.30694 348.75698 0.63752731 -0.22977856 -0.22832808 25 0 733.37001 2.7098129 -1.0823483
178 216.53969 352.3304 0.59802691 0.28130332 -0.28810364 25 0 4773.3088 17.755385 -3.1233252
179 358.4634 353.86907 0.66310731 -0.065161091 -0.2960667 25 0 1159.3087 4.1634274 -1.5486275
180 469.90712 354.7801 0.72284919 0.003989216 0.13797024 25 0 448.34702 1.5654558 -0.48660203
181 275.30317 356.3773 0.57710121 0.20734491 -0.19387693 25 0 23649.915 91.112428 -4.8989441
182 0.034933404 358.42334 0.92257305 -0.43344302 0.71504915 25 0 366.39203 1.0844951 -0.088068944
183 0.26608797 361.79197 0.99715678 -0.44731189 0.16645711 25 0 713.27229 1.9783588 -0.74076263
184 391.21512 363.55808 0.54791452 -0.2590316 -0.11923637 25 0 1722.0419 6.7525679 -2.0736724
185 456.41312 364.4025 0.62866244 -0.62618319 -0.12107056 25 0 395.45661 1.4381236 -0.39449051
186 202.66348 365.35073 0.60323029 -0.27430999 -0.22149002 25 0 1550.7681 5.7373627 -1.8967808
187 254.76952 366.53128 0.55879637 0.23913318 -0.03920658 25 0 2537.3966 9.7547869 -2.4730445
188 72.472877 367.91785 0.7170358 -0.14934719 -0.29133146 25 0 5948.342 20.446803 -3.2765635
189 404.47145 367.93363 0.62297504 -0.43832613 -0.32960425 25 0 1170.49 4.3752584 -1.6025093
190 115.46256 368.86999 0.581837 0.62128161 -0.4256688 25 0 450.30377 1.5419964 -0.47020838
191 476.14915 370.07329 0.66252627 -0.072649488 -0.18959163 25 0 10576.644 39.162218 -3.9821682
192 0.2027265 370.88793 0.95526225 0.45945882 0.58882135 25 0 463.32049 1.2731585 -0.26220619
193 452.82902 377.82579 0.75330133 0.12062341 -0.19033394 25 0 377.50246 1.1915364 -0.1902683
194 422.82003 379.34786 0.38048576 0.27370084 -0.056211139 25 0 233.00349 1.0587832 -0.062017578
195 342.64398 381.03146 0.65109259 -0.1925684 -0.25914932 25 0 3723.2685 13.48068 -2.8242795
196 51.570553 382.07275 0.6926718 -0.14312731 -0.29678355 25 0 4114.7113 14.577432 -2.9092026
197 97.41705 383.78686 0.59473495 -0.1725716 -0.42483492 25 0 601.45724 2.1438332 -0.82797749
198 204.14728 385.30421 0.55061314 0.095326066 -0.31553322 25 0 586.12812 2.2533092 -0.882052
199 245.74234 386.19864 0.57535013 -0.59161755 -0.019873632 25 0 298.28136 1.0904485 -0.094012868
200 460.61912 386.3984 0.68316133 -0.92634295 -0.11092783 25 0 704.52895 2.2976158 -0.90319353
201 77.160883 386.86197 0.89022476 0.10972195 -0.3329915 25 0 460.98977 1.1458262 -0.14779689
202 121.37189 388.04676 0.71756999 -0.037110696 -0.33425761 25 0 1706.61 5.799721 -1.9085178
203 493.38549 388.32751 0.65386129 -0.24051222 -0.39893487 25 0 370.74545 1.4084797 -0.37187644
204 432.05767 390.41639 0.59199113 0.0064651262 -0.078975569 25 0 2367.2664 8.8712652 -2.3699639
205 461.48024 390.08164 0.64683704 -0.2703755 -0.31330891 25 0 2209.6683 8.02853 -2.2615901
206 36.853734 392.89519 0.78421278 -0.12474196 -0.13328603 25 0 755.70124 2.3433846 -0.92460895
207 223.27588 398.06951 0.63132065 -0.032426558 -0.27784613 25 0 8311.4914 31.282543 -3.7382551
208 353.85899 400.16308 0.65510819 0.018662858 -0.22405798 25 0 786.71611 2.6532132 -1.0594304
209 149.7657 400.53059 0.47517949 -0.31768412 0.054277661 25 0 286.80826 1.2409617 -0.23439597
210 389.2859 405.35946 0.54148579 0.1445373 -0.10391128 25 0 537.98937 2.0296839 -0.76857102
211 252.42272 405.58581 0.53436962 0.021776815 -0.16364801 25 0 595.77426 2.244306 -0.87770519
212 249.64616 409.26549 0.60797786 -0.14693308 -0.27723895 25 0 1941.2229 7.2146929 -2.1455446
213 267.85356 408.75613 0.62048464 -0.23694792 -0.32773622 25 0 376.57668 1.2308313 -0.22549635
214 471.31962 409.77109 0.69287023 0.15516046 -0.12210648 25 0 643.04457 2.1985917 -0.85536146
215 18.27697 413.21378 0.74970351 0.66269848 0.17479118 25 0 346.13342 1.164283 -0.16514635
216 81.763332 414.57286 0.62376281 0.33590382 -0.14292266 25 0 912.51988 3.1298214 -1.2387989
217 105.80795 416.00951 0.70248688 -0.14401173 -0.24118189 25 0 2766.6994 9.6864324 -2.4654096
218 281.6951 426.16911 0.65606028 -0.43747423 -0.081914827 25 0 418.44949 1.4455785 -0.4001042
219 162.56385 427.53469 0.66232832 -0.13412657 -0.25284113 25 0 382.94107 1.1611614 -0.1622315
220 191.17362 433.09404 0.67278742 -0.12254325 -0.52981172 25 0 374.04609 1.1425898 -0.14472589
221 156.44887 434.11238 0.67795584 -0.21627668 -0.40644336 25 0 2351.7875 8.0097729 -2.2590505
222 130.06819 434.94852 0.67518777 0.052964904 -0.069795429 25 0 1240.0018 4.2489053 -1.5706926
223 378.86466 435.15176 0.63307902 0.23871151 -0.012222194 25 0 380.56789 1.3307492 -0.31024051
224 158.57173 436.63792 0.65377389 0.25908512 -0.95166539 25 0 391.45989 1.3415765 -0.3190386
225 229.74653 437.42144 0.60524865 -0.10022876 -0.17577927 25 0 1080.9157 3.8610089 -1.466752
226 488.94665 437.48898 0.31638161 -0.085414253 -0.14070414 25 0 60935.169 261.02898 -6.0417218
227 342.45999 439.43471 0.56630205 0.29468058 -0.17899772 25 0 2919.9209 11.11914 -2.615178
228 11.900222 442.31455 0.76574602 0.36371591 -0.086713387 25 0 435.77874 1.4159811 -0.37764362
229 242.7725 441.91872 0.70903334 -0.21136993 -0.14865298 25 0 1319.3902 4.3067248 -1.5853678
230 89.040903 443.70035 0.64615591 0.021690921 -0.15463696 25 0 15453.789 57.43069 -4.3978601
231 474.10549 444.7144 0.49198636 -0.26504013 0.084337005 25 0 386.87858 1.6164347 -0.52139541
232 209.59978 451.21339 0.77108009 -0.51124981 -0.11925846 25 0 374.20327 1.0744214 -0.077936593
233 460.63395 450.81811 0.72955078 0.43758998 -0.2746287 25 0 372.4083 1.1093974 -0.11271784
234 474.88862 453.99489 0.6972244 -0.1676278 -0.2009308 25 0 2736.5674 9.7231542 -2.4695179
235 493.88946 455.18692 0.37365506 -0.1302386 -0.46590168 25 0 224.82887 1.0234549 -0.025171778
236 308.80371 457.5277 0.53659155 0.0051455786 -0.10956382 25 0 672.97291 2.6612338 -1.0627076
237 432.90291 458.86391 0.61118636 -0.047216313 -0.089872043 25 0 471.40497 1.7493001 -0.60716079
238 328.04443 460.07148 0.63637575 -0.48294696 -0.7941978 25 0 314.51133 1.1417048 -0.14388461
239 54.076825 463.26463 0.72189056 0.14614607 -0.1176779 25 0 6951.0572 24.129409 -3.4563667
240 359.94788 462.46559 0.58820187 0.13218066 -0.021765515 25 0 1250.2773 4.713758 -1.6834182
241 147.01392 464.3753 0.53915977 0.10115713 0.084968249 25 0 1094.5618 4.2731064 -1.5768593
242 425.55088 466.25756 0.51571381 0.0974318 -0.29003998 25 0 60928.931 234.74069 -5.9264709
243 289.21057 466.90035 0.73494473 -0.63621172 -0.41823208 25 0 449.35639 1.3508639 -0.32652899
244 43.208321 468.2644 0.67380969 0.06803247 -0.2293426 25 0 321.52919 1.059177 -0.062421368
245 402.73759 468.47626 0.5584558 0.24696794 -0.052334408 25 0 360.48801 1.2873383 -0.27423169
246 208.70599 472.57445 0.59914539 0.23486506 -0.087750834 25 0 4827.4891 18.332652 -3.1580632
247 340.48748 474.5113 0.59969902 0.19089434 -0.11458637 25 0 596.07031 2.0456884 -0.7770987
248 426.71533 473.9642 0.64304989 -0.23249127 -0.25701727 25 0 656.23757 2.2538691 -0.88232172
249 112.04662 476.39997 0.5775811 -0.11232062 -0.19194485 25 0 470.09044 1.6412621 -0.53794484
250 258.76576 475.97475 0.69093116 -0.12951754 -0.28888098 25 0 3833.7512 13.635683 -2.8366922
251 336.1962 481.2522 0.67631048 0.35256867 -0.30356209 25 0 549.25842 1.9316751 -0.71483519
252 136.65706 481.83191 0.66068943 0.07655194 -0.32290891 25 0 1017.5443 3.5805209 -1.3848655
253 351.97114 483.97188 0.76984014 -0.6120631 -0.22680349 25 0 316.30074 1.0145777 -0.015713275
254 61.766749 487.19382 0.67209748 0.074410397 -0.15752403 25 0 1274.9794 4.6025145 -1.6574879
255 237.70446 496.94755 0.82272374 0.067330583 -0.40601001 25 0 556.52446 1.6234198 -0.52607711
256 495.19691 499.22804 0.45754032 -0.5361391 -0.3277276 25 0 283.21762 1.1940225 -0.1925313
257 147.83935 500.78511 0.74059841 0.021128108 -0.30071791 25 0 463.09846 1.3693814 -0.3413111
258 64.976328 502.08495 0.84162797 -0.004322405 -0.10352932 25 0 422.3118 1.1923605 -0.19101891
259 113.7719 503.74253 0.74483845 -0.32593578 -0.10795279 25 0 739.81485 2.3348244 -0.92063554
260 159.03878 504.02517 0.853545 -0.025555832 -0.27457049 25 0 713.4169 1.9603445 -0.73083098
261 381.45818 505.19477 0.65418856 0.44520708 -0.12633228 25 0 316.59782 1.04094 -0.043564279
262 277.73755 506.54716 0.52928688 -0.20629398 0.034199294 25 0 291.78288 1.0778963 -0.081442459
263 114.80059 507.5316 0.73556522 0.10347285 -0.19465695 25 0 849.28287 2.6013137 -1.0379818
264 55.950063 509.91708 0.79335706 -0.51545845 -0.28838974 25 0 423.91411 1.3760104 -0.34655429
265 160.96972 510.80742 0.97261305 -0.43570624 -0.60343362 25 0 967.89415 2.5964389 -1.0359453
