id xcentroid ycentroid sharpness roundness1 roundness2 npix sky peak flux mag
1 349.88106 0.46298902 0.65551794 0.066465879 0.12974389 25 0 809.91611 3.4031274 -1.3296955
2 0.09174298 3.6374593 0.88980772 0.4925088 0.55908631 25 0 18636.244 65.419371 -4.5392659
3 358.8747 2.8610165 0.7532214 -0.038789122 0.085476315 25 0 413.20497 1.5677018 -0.48815864
4 481.29933 3.425707 0.56341335 0.61448776 0.11410615 25 0 491.12319 2.236767 -0.87405188
5 161.89084 8.1319197 0.77901828 0.018443386 0.030717143 25 0 760.11774 2.9242799 -1.1650474
6 7.8312397 8.5086085 0.73153831 0.8023949 0.29662921 25 0 978.68456 3.7125069 -1.4241682
7 16.136735 8.6336705 0.74262804 0.38486873 0.35601396 25 0 604.09547 2.4140183 -0.95685141
8 387.4341 9.2056764 0.59113542 0.18649467 -0.093731962 25 0 824.83364 3.7386167 -1.4317774
9 76.987147 10.219135 0.77496088 -0.047704681 0.1135433 25 0 18659.335 71.409441 -4.6343891
10 24.490504 11.916032 0.72229896 -0.32390111 -0.12508096 25 0 6142.0899 24.016804 -3.451288
11 460.79307 12.047782 0.79646682 0.034956684 0.0086300547 25 0 1132.25 4.3224138 -1.5893159
12 6.4464314 13.507333 0.66798039 -0.67670229 0.011875522 25 0 3208.9599 12.541714 -2.7458923
13 477.90112 13.416275 0.52668538 -0.31254906 0.24914779 25 0 232.92062 1.2589776 -0.25004503
14 386.34004 17.550191 0.50810431 -0.5222287 -0.40712592 25 0 257.34217 1.2985202 -0.28362176
15 388.04288 22.858696 0.70974327 -0.69443489 -0.35687771 25 0 259.83713 1.0279115 -0.029889314
16 30.127493 23.789406 0.86446865 -0.10671003 0.262009 25 0 463.91045 1.716471 -0.58659115
17 95.079492 26.520141 0.6952756 0.17063119 -0.054104893 25 0 242.57749 1.0902022 -0.093767672
18 265.41456 27.415223 0.75373204 -0.42307256 0.21118833 25 0 363.46779 1.3157061 -0.29789722
19 328.01937 28.341563 0.6487243 -0.54064278 -0.047599491 25 0 263.23475 1.2761535 -0.26475727
20 477.68008 29.914622 0.85549712 0.4130441 0.075031159 25 0 367.93503 1.3123234 -0.29510218
21 406.7123 30.429357 0.71420012 0.62018275 0.16133821 25 0 691.90713 2.6140225 -1.0432733
22 506.22703 30.630534 0.80164048 -0.086695709 0.17046873 25 0 619.28747 2.3932415 -0.94746631
23 179.29653 33.650783 0.74875627 -0.35857101 -0.0067641306 25 0 543.03869 2.1453568 -0.82874885
24 150.84554 37.606424 0.81820488 0.065831036 0.23232314 25 0 322.38458 1.3648581 -0.33771876
25 166.16408 37.743037 0.73575065 0.024646487 0.13072592 25 0 754.14862 2.989372 -1.1889499
26 239.11381 38.771794 0.78693415 -0.1770923 0.066573296 25 0 1688.0792 6.4106474 -2.0172547
27 471.70319 39.008174 0.44757585 -0.49585072 -0.17108007 25 0 232.31118 1.3300759 -0.30969103
28 258.50226 39.54339 0.57592503 0.41259462 0.01826226 25 0 2080.3388 9.310881 -2.4224769
29 399.19178 40.370901 0.64454035 0.59948273 0.20941088 25 0 570.78083 2.4531153 -0.9742949
30 377.16622 41.568912 0.42378908 -0.0027544457 0.062186252 25 0 59170.976 274.52223 -6.0964438
31 442.66265 41.09285 0.84962567 -0.33188393 -0.14977833 25 0 445.7333 1.6213371 -0.52468333
32 118.90149 41.986817 0.87386497 -0.043952338 0.013237973 25 0 822.02835 3.0024099 -1.193675
33 302.6582 41.900508 0.56983936 0.065462361 0.19999027 25 0 310.89665 1.3745273 -0.34538344
34 5.7570846 42.930012 0.76651331 0.31959702 0.10267377 25 0 772.69484 2.8804242 -1.1486411
35 163.98741 43.968861 0.80434402 -0.0087302581 0.08246818 25 0 7247.1081 26.930795 -3.5756229
36 206.89176 44.588715 0.45071735 0.70856403 -0.15525477 25 0 288.04674 1.3471535 -0.32354273
37 452.66987 44.833894 0.72652331 0.20431013 0.0085921834 25 0 1295.8418 5.1344729 -1.7762397
38 97.487742 46.316222 0.75045595 0.56479005 0.14645414 25 0 328.967 1.2533835 -0.24520991
39 286.13809 49.586494 0.77405577 0.10905694 0.4193694 25 0 369.64021 1.5235114 -0.45711425
40 453.19881 50.226267 0.83061132 -0.26597287 0.02536188 25 0 347.99011 1.2149274 -0.21137583
41 105.29047 51.183977 0.68934312 -0.6315968 0.040925137 25 0 349.80599 1.4590214 -0.41015418
42 299.16302 50.376918 0.36927386 0.17403176 -0.1586557 25 0 216.87824 1.3392045 -0.31711725
43 346.78358 51.905434 0.78988792 -0.18962704 0.022075391 25 0 2186.5818 8.2068633 -2.285443
44 194.92701 56.767397 0.74601296 -0.35160525 0.28142038 25 0 414.27153 1.5819714 -0.4979966
45 495.81256 58.383012 0.72803352 -0.06158956 0.19000072 25 0 1852.1905 7.2293142 -2.1477427
46 82.902129 59.928705 0.84009625 -0.73625679 -0.21034671 25 0 497.85736 1.7023894 -0.57764729
47 50.092253 62.989055 0.76441028 -0.4920543 -0.017240797 25 0 626.18619 2.3911841 -0.94653254
48 401.93796 62.825743 0.68945852 0.24744109 0.47339029 25 0 401.79547 1.5964693 -0.50790145
49 3.9733898 63.881384 0.76094317 -0.1181879 0.027647805 25 0 2388.3553 9.0352154 -2.3898463
50 84.021027 65.076198 0.75129704 -0.25821978 0.16996491 25 0 803.375 3.0966214 -1.2272203
51 107.28459 64.859954 0.73845585 -0.42919 -0.14181738 25 0 550.28979 2.2907302 -0.89993483
52 222.05055 65.173217 0.68671632 -0.31252687 -0.013933491 25 0 398.20568 1.6212146 -0.5246013
53 485.44034 65.308238 0.57397377 0.20632749 -0.042704056 25 0 1564.9208 7.1100292 -2.1296785
54 50.281309 66.846776 0.67987736 -0.43870722 -0.15755126 25 0 534.57305 2.1897319 -0.85097735
55 164.99766 66.834381 0.82588497 0.15402112 0.088945871 25 0 524.93133 1.9369369 -0.7177887
56 470.7041 66.945942 0.71142668 0.053530929 0.0091380004 25 0 780.70937 3.2319922 -1.2736758
57 89.43488 69.105628 0.68699992 -0.24904276 -0.19890251 25 0 402.57808 1.8081422 -0.64308148
58 108.37732 69.998405 0.75206578 -0.27621664 -0.043481653 25 0 1938.3319 7.3951331 -2.172365
59 366.33955 71.256844 0.59627157 0.11678889 0.60841541 25 0 281.17332 1.2560821 -0.2475451
60 14.220773 75.609693 0.37605528 0.24618284 -0.38316614 25 0 265.0555 1.6493418 -0.54327668
61 7.5114776 78.27153 0.74643198 -0.017871423 -0.014567597 25 0 857.12674 3.3390224 -1.3090483
62 403.17084 77.971462 0.74228691 -0.045272001 0.062724575 25 0 4500.5324 17.650133 -3.1168699
63 23.69646 81.035888 0.70307343 -0.078850664 0.011045277 25 0 950.25044 3.9353545 -1.4874597
64 172.40332 81.793163 0.78986369 0.074855887 -0.027238313 25 0 489.57036 1.7843851 -0.62872146
65 487.48488 83.129805 0.74823036 0.189478 -0.052151255 25 0 304.72194 1.2289944 -0.2238748
66 144.78819 85.236141 0.77252933 0.20897262 0.042982048 25 0 712.34868 2.6088218 -1.0411111
67 196.98096 85.311147 0.76431965 -0.36216066 -0.2030437 25 0 459.19308 1.7804931 -0.62635071
68 253.99749 85.391858 0.87741183 0.50227586 0.36860122 25 0 292.05189 1.0754866 -0.079012491
69 207.59677 91.947869 0.69223406 -0.006796551 -0.12451126 25 0 551.12504 2.2736299 -0.89179942
70 336.13166 92.36916 0.68847551 -0.17490778 0.14764789 25 0 1410.5346 5.6494286 -1.8800113
71 340.13694 94.179855 0.76485139 -0.43062071 0.031111868 25 0 2025.803 7.7952642 -2.2295771
72 238.50583 95.462757 0.57645973 0.51114198 -0.0091138896 25 0 1367.8281 5.7933022 -1.9073155
73 4.7593761 95.966285 0.77046347 -0.0034300831 0.048089956 25 0 2549.6456 9.7256239 -2.4697937
74 168.46706 99.279085 0.68862585 -0.29670313 -0.22948147 25 0 439.53647 1.9015056 -0.69774405
75 504.2021 98.58825 0.71418306 0.15296303 0.41842629 25 0 487.72669 1.9152443 -0.70556044
76 106.25399 99.800927 0.7295085 -0.37670031 -0.015044338 25 0 4010.3181 15.802618 -2.9968226
77 114.42027 101.19784 0.59964447 -0.093308713 0.034987351 25 0 295.21672 1.3826109 -0.35174992
78 262.12822 100.76695 0.70697782 0.25784205 -0.3340463 25 0 287.47904 1.2086279 -0.20573154
79 349.11756 101.06218 0.67026447 -0.041063496 0.040461682 25 0 448.07637 1.9471856 -0.72351836
80 392.59521 103.17752 0.84625919 0.5133123 -0.26920587 25 0 282.43277 1.0477065 -0.050599143
81 202.10866 105.14596 0.67233276 -0.066107272 0.14609407 25 0 250.53815 1.1788994 -0.17869185
82 39.068431 107.07075 0.58456133 -0.94752104 0.010072699 25 0 223.75978 1.1711811 -0.17156014
83 384.72182 110.42875 0.71123593 0.12638718 0.37830628 25 0 670.63387 2.6390527 -1.0536202
84 271.4984 112.6225 0.70078373 -0.56945053 -0.0081572504 25 0 17390.494 67.564008 -4.5742885
85 288.89582 112.57885 0.76578281 0.32774846 0.22897665 25 0 1261.1751 4.7993672 -1.70296
86 298.94367 113.97862 0.79268312 -0.11728741 0.089804049 25 0 2613.7198 9.7856198 -2.4764708
87 355.55981 113.47973 0.56267464 0.64723949 0.072927652 25 0 1024.6143 4.5964095 -1.6560468
88 500.88775 115.0402 0.81569821 0.12331135 0.10050052 25 0 612.76704 2.2193188 -0.86554922
89 150.71787 116.39497 0.61258294 -0.16573933 0.11398747 25 0 501.12484 2.1234369 -0.8175984
90 250.99896 115.79437 0.89277864 -0.22579684 0.094632112 25 0 767.74703 2.6064789 -1.0401355
91 205.48178 117.28908 0.75177958 -0.15363579 -0.18951259 25 0 553.8906 2.2424452 -0.87680461
92 103.62201 118.03204 0.64690837 -0.15231527 -0.22569192 25 0 512.86021 2.1140855 -0.81280635
93 203.002 119.41124 0.71483315 0.030404866 0.23519585 25 0 2404.4771 9.4814481 -2.4421867
94 35.650245 121.35577 0.76257656 -0.31791705 -0.099284131 25 0 523.03857 1.9733592 -0.73801538
95 226.87627 124.69755 0.77160744 0.16718532 0.089647714 25 0 2365.8758 8.960287 -2.3808048
96 30.487712 127.21373 0.72768312 -0.64305308 -0.16116296 25 0 487.66463 1.9379992 -0.71838399
97 58.218147 126.61739 0.73258071 -0.28973467 0.036667388 25 0 1475.8419 5.7779238 -1.9044295
98 304.2211 127.91552 0.79000584 -0.17467446 -0.17560691 25 0 568.48055 2.0912869 -0.80103405
99 446.8441 135.77323 0.74035969 0.10899416 0.076366258 25 0 15283.464 59.439027 -4.4351792
100 349.59868 141.62382 0.62206883 -0.34440916 0.20628737 25 0 2756.4034 11.488848 -2.6506912
101 65.509136 142.88682 0.67410839 -0.021815608 -0.19324803 25 0 819.1056 3.3818139 -1.3228742
102 102.81457 144.91884 0.89268067 -0.41923241 0.43265285 25 0 306.33775 1.0797411 -0.083299093
103 145.1658 144.54615 0.58299586 -0.00048744499 0.14489415 25 0 273.96474 1.1970957 -0.19532214
104 48.54932 146.94148 0.68666034 -0.018397541 0.021101894 25 0 695.18055 2.9120456 -1.1604954
105 148.39896 155.88691 0.76862193 0.16217293 0.09396643 25 0 476.17689 1.7557582 -0.61116175
106 436.84652 157.43792 0.68675223 -0.070591139 0.16955053 25 0 56268.194 225.82869 -5.8844478
107 475.90995 160.706 0.7381497 0.45140123 0.22539092 25 0 745.40881 3.0215952 -1.2005907
108 257.10006 161.46869 0.76568519 0.41627921 0.23654404 25 0 600.1879 2.246651 -0.87883904
109 204.16664 165.00583 0.67595019 0.029532927 0.10038518 25 0 716.09985 2.9250606 -1.1653372
110 507.07609 167.01437 0.69920258 0.70841276 -0.22494316 25 0 272.90009 1.1536194 -0.15515638
111 84.243322 169.15033 0.90798521 -0.37917329 -0.030046892 25 0 443.26457 1.4353607 -0.39240263
112 276.77747 169.9449 0.73669979 0.029316646 0.025188032 25 0 2431.617 9.6026711 -2.4559801
113 397.14974 169.8017 0.85823837 -0.2723193 0.065523467 25 0 809.17652 2.8283643 -1.1288384
114 214.91752 170.71103 0.76709392 0.13463851 0.098448468 25 0 1222.7243 4.5574898 -1.6468143
115 464.29444 171.73272 0.86969064 -0.61195694 -0.24594819 25 0 571.48457 2.0838723 -0.79717776
116 52.650153 173.11658 0.53259152 -0.58560304 -0.28170676 25 0 212.56782 1.0275866 -0.029546129
117 203.52827 173.48512 0.53148901 0.41893396 -0.00046351709 25 0 1265.2495 5.6487323 -1.8798775
118 6.5182896 178.1349 0.82055169 -0.21461208 -0.13393926 25 0 748.2145 2.5763428 -1.0275091
119 471.97481 178.40001 0.7247491 -0.020989879 0.13423958 25 0 3368.8216 13.049192 -2.788959
120 165.79955 179.61401 0.72131523 -0.013932053 0.292405 25 0 1905.832 7.0910272 -2.1267729
121 67.596327 179.46433 0.61869009 0.68289133 0.20198299 25 0 717.92877 2.963422 -1.1794837
122 461.8564 180.63973 0.72685308 0.063863134 0.17981655 25 0 780.06569 3.1681714 -1.2520217
123 277.38635 182.13751 0.62308551 -0.40210963 -0.11503785 25 0 1076.8349 4.5633498 -1.6482094
124 472.40674 183.42569 0.4832334 -0.36774017 0.1373563 25 0 775.43501 3.8744194 -1.4705166
125 240.00068 184.92064 0.80216495 0.083488818 0.081537051 25 0 1040.4323 3.8331259 -1.4588827
126 376.99167 185.16845 0.6454436 0.41565965 0.70265148 25 0 355.37505 1.5382946 -0.46759879
127 122.46202 186.17244 0.65214328 0.014079292 -0.066813637 25 0 40248.111 168.44742 -5.5661609
128 172.13072 187.10964 0.89185367 0.1873388 0.070714561 25 0 601.67936 2.0044076 -0.75496513
129 303.14094 190.93799 0.80490143 -0.096963749 -0.39207891 25 0 318.56127 1.0735738 -0.077079779
130 471.48977 191.47961 0.59149914 0.19775175 -0.13647281 25 0 388.5043 1.644477 -0.54006949
131 505.76428 195.17824 0.66639268 -0.25018779 -0.040820914 25 0 783.27386 3.2782446 -1.2891034
132 399.91453 197.06394 0.65785116 -0.75530565 -0.12442613 25 0 399.04029 1.7693563 -0.61953824
133 432.75322 197.07028 0.74054876 -0.24392016 0.037594753 25 0 430.19718 1.6797326 -0.56310035
134 218.94262 197.81717 0.79297103 -0.1180594 0.08350416 25 0 807.41511 2.9642074 -1.1797715
135 249.33861 198.89189 0.68477038 -0.11883512 -0.29804207 25 0 395.59024 1.6150628 -0.52047353
136 117.54333 200.28904 0.6257136 0.053694526 -0.15118369 25 0 612.78433 2.6108573 -1.0419578
137 456.61562 199.77266 0.64114861 -0.17999891 0.0072867454 25 0 406.42536 1.7687171 -0.61914592
138 198.06473 201.82536 0.79028179 -0.02281691 -0.061786784 25 0 281.5725 1.0229083 -0.024591704
139 466.65067 203.78855 0.74236942 -0.0080901905 -0.10702009 25 0 326.33886 1.3029913 -0.28735378
140 15.679777 208.20657 0.74276909 -0.29168136 -0.047142962 25 0 2222.9647 8.5460035 -2.3294077
141 63.406815 209.37774 0.72291842 0.52245439 -0.21674908 25 0 471.22403 1.9235681 -0.7102689
142 65.4262 210.73583 0.73463181 0.14086829 -0.20612166 25 0 489.73182 1.8322387 -0.65745511
143 476.6122 211.26643 0.52742703 -0.058018489 -0.12679206 25 0 944.42978 4.6106212 -1.6593986
144 38.822149 212.76524 0.79090948 -0.032829985 0.037826283 25 0 2400.4229 8.9532848 -2.379956
145 352.2386 213.70617 0.56074742 0.013943476 -0.25328696 25 0 197.96422 1.0970369 -0.10055311
146 377.1006 213.5202 0.72090029 0.08606519 0.20702821 25 0 1713.3196 6.702945 -2.0656641
147 307.29419 215.76237 0.76124565 -0.23408764 0.11438665 25 0 895.15898 3.4222688 -1.3357853
148 201.44931 217.16061 0.60779689 -0.41185952 -0.070259832 25 0 962.64898 4.2546967 -1.5721715
149 271.22316 220.43884 0.46974692 0.6138044 0.51710642 25 0 217.97453 1.1401661 -0.14242028
150 290.77766 222.53872 0.67198093 -0.25027291 0.20639126 25 0 2980.3251 11.94739 -2.6931826
151 402.98064 224.47993 0.6853857 0.032730446 0.24688954 25 0 5084.7352 20.786196 -3.2944376
152 36.197255 224.77242 0.7027992 -0.00091160961 0.11482122 25 0 350.93794 1.4413353 -0.39691253
153 78.883698 224.86245 0.7476283 -0.28520005 -0.0083039168 25 0 269.82108 1.1332355 -0.13580042
154 473.10485 225.09898 0.7455125 0.01585867 0.06231157 25 0 18327.471 71.773929 -4.6399168
155 377.94826 226.7175 0.74780945 -0.095968287 0.05207649 25 0 1389.0069 5.5468843 -1.8601228
156 429.92584 228.0825 0.81323221 -0.13095688 0.019822025 25 0 310.77982 1.199642 -0.19762919
157 231.45428 233.28428 0.63378194 0.07179235 -0.041510544 25 0 684.09156 2.9327843 -1.1682003
158 291.30599 234.18528 0.71352806 0.081268611 0.023501559 25 0 927.691 3.6907289 -1.4177804
159 482.28145 236.57814 0.74307743 -0.23366773 0.15813444 25 0 2277.1488 8.6426655 -2.3416193
160 81.83917 237.80556 0.75297342 -0.083460377 0.13609055 25 0 504.63053 2.0343045 -0.77103991
161 68.023073 240.55742 0.74683827 -0.0012399179 0.11263703 25 0 309.72183 1.1863884 -0.18556723
162 479.19534 249.95262 0.74851387 -0.017419499 0.04390166 25 0 9414.3281 36.415528 -3.9032165
163 254.95554 250.84936 0.79470961 -0.0084818783 0.10535284 25 0 6702.4558 25.115557 -3.499857
164 27.386028 251.93791 0.70210707 -0.33242659 -0.044819935 25 0 1103.5999 4.4369028 -1.6176998
165 317.05605 253.1651 0.870116 -0.25413445 -0.022808955 25 0 591.83479 1.9714193 -0.73694751
166 382.70675 259.35816 0.65975768 -0.39705137 0.36360052 25 0 440.43086 1.7953854 -0.6353942
167 155.85723 261.33061 0.82546486 0.30207322 0.28903718 25 0 429.97511 1.4656217 -0.4150547
168 37.300395 271.88979 0.67666786 0.5687405 0.078243373 25 0 354.3144 1.4793011 -0.42514146
169 84.343652 271.83548 0.73936512 -0.26453267 -0.054478814 25 0 1683.3952 6.5014103 -2.0325189
170 233.78265 272.134 0.42935356 0.21711037 0.80897871 25 0 123.1826 1.0431688 -0.045886457
171 140.87885 273.75998 0.58800301 -0.51449546 0.1521622 25 0 288.95313 1.359326 -0.33330905
172 266.4701 280.1184 0.73894866 -0.43455358 0.097963656 25 0 357.41448 1.3625571 -0.33588678
173 98.501938 281.01805 0.56035184 0.12164824 -0.06535638 25 0 717.40683 3.4060614 -1.3306312
174 398.87011 282.88269 0.78602413 -0.03893388 0.03213786 25 0 7555.2951 28.636063 -3.6422833
175 10.759002 284.44137 0.62055518 -0.10553596 -0.15429399 25 0 371.6706 1.7204152 -0.58908319
176 211.41078 284.41223 0.59266325 -0.74603751 0.0057635045 25 0 779.33457 3.4501908 -1.3446078
177 90.006865 285.97143 0.80327472 0.085071366 0.09153098 25 0 1632.047 5.9792926 -1.9416245
178 118.33488 285.74351 0.75688005 -0.4983956 0.012391444 25 0 1369.5982 5.0431355 -1.7567516
179 441.00889 286.98155 0.69080719 -0.13349098 -0.43114889 25 0 232.78358 1.1211705 -0.12417913
180 373.23508 287.73912 0.82358996 -0.29265892 0.029988941 25 0 558.08085 1.9720608 -0.73730077
181 504.52679 287.6036 0.74301554 -0.542497 -0.10084868 25 0 753.90529 2.788536 -1.1134406
182 42.817705 290.92403 0.63204795 -0.02434352 0.10113973 25 0 534.51048 2.4616392 -0.97806099
183 58.0888 290.62133 0.55220039 -0.2437898 -0.13067813 25 0 238.81378 1.3438602 -0.32088527
184 83.651633 293.04298 0.55581771 0.275589 0.027310016 25 0 234.37225 1.174985 -0.17508084
185 120.79878 295.53894 0.82384473 0.063639224 0.31806815 25 0 352.835 1.2302274 -0.22496348
186 187.24689 295.19566 0.6607178 0.13132882 -0.057032554 25 0 484.28304 2.1211822 -0.81644495
187 101.7841 301.47092 0.69609033 -0.24866345 0.076976035 25 0 1402.5933 5.5724878 -1.8651228
188 449.66753 300.99649 0.68495008 0.08215568 -0.01286053 25 0 513.16952 2.1202024 -0.81594328
189 6.1943725 305.88012 0.78988644 -0.2750325 -0.0054876624 25 0 792.90612 3.0582568 -1.2136849
190 477.11475 306.57386 0.56071602 0.20639661 0.28822381 25 0 1005.5562 4.7724956 -1.6968638
191 245.28943 306.89785 0.77516526 -0.3175018 -0.19050699 25 0 1062.0377 4.0197234 -1.5104904
192 164.49954 311.54568 0.60481944 0.34630762 0.019117229 25 0 3036.4057 12.976594 -2.7829018
193 40.671894 313.54537 0.61343067 -0.41801909 0.12493276 25 0 1937.2749 8.0806572 -2.2686167
194 25.008935 313.59473 0.74883081 -0.053896709 0.070728461 25 0 1105.5255 4.1436911 -1.5434684
195 481.46475 320.2897 0.53158962 0.71213085 0.082514565 25 0 219.26444 1.0789047 -0.082457694
196 214.01795 320.99502 0.71608671 0.23299256 0.081079948 25 0 387.40005 1.5843736 -0.499644
197 356.69024 323.04257 0.72930842 0.03653652 -0.039602124 25 0 748.62209 2.9724929 -1.1828021
198 9.5574155 323.71948 0.67087618 -0.082452812 -0.14435532 25 0 903.9845 3.6918316 -1.4181047
199 289.6177 325.98828 0.82155468 0.2238832 0.10121071 25 0 397.83122 1.4669492 -0.41603768
200 314.23007 330.40384 0.63888481 0.2111634 0.28595486 25 0 556.73053 2.4277304 -0.96300116
201 47.170045 330.71514 0.75140249 -0.0816509 0.085552015 25 0 5604.0043 21.463307 -3.3292416
202 407.13033 330.564 0.829734 0.16791612 0.2427863 25 0 669.65457 2.4658269 -0.97990646
203 57.379409 331.68057 0.73117031 -0.45058961 0.017503063 25 0 13027.986 49.960776 -4.2465729
204 290.33935 331.97768 0.67431578 -0.12758788 -0.18788301 25 0 874.39397 3.5543039 -1.3768864
205 103.48626 332.65403 0.65359226 -0.11648108 -0.13616858 25 0 943.97345 3.8244412 -1.45642
206 286.6782 341.81337 0.62784191 -0.45876923 -0.089247129 25 0 319.11971 1.317853 -0.2996674
207 387.42872 344.27113 0.70847934 0.17584689 -0.053514578 25 0 713.35804 2.6852565 -1.0724644
208 44.372507 347.81086 0.60276475 -0.27619166 -0.27886409 25 0 242.17298 1.0913266 -0.094886818
209 266.53875 348.00978 0.70268361 -0.15684575 -0.10966979 25 0 5829.2643 23.123757 -3.410146
210 408.67512 349.3417 0.74315041 -0.2662832 0.023155412 25 0 1155.0877 4.3846097 -1.6048273
211 74.003966 350.63586 0.56242418 -0.32789509 0.88291417 25 0 325.55849 1.2203612 -0.21622098
212 39.020359 350.95765 0.78720749 -0.20507576 0.069617723 25 0 571.46433 2.1166689 -0.81413232
213 48.665462 350.58788 0.61355265 0.19584573 0.32494848 25 0 809.21935 3.3949237 -1.3270751
214 325.39568 351.86308 0.65306559 0.033652014 -0.16960408 25 0 24762.479 101.47509 -5.0158986
215 21.358636 352.61541 0.74289625 -0.32347908 0.042262781 25 0 835.51332 3.114134 -1.2333432
216 48.877968 354.59552 0.71050934 -0.2337991 0.38009337 25 0 1334.1382 5.066712 -1.7618156
217 183.60982 353.8693 0.68907114 -0.33460934 -0.39492979 25 0 280.30409 1.0942494 -0.097790786
218 469.99552 354.07613 0.96095392 -0.37848938 0.13777306 25 0 366.14822 1.1736329 -0.17383065
219 49.90349 357.86793 0.82399089 -0.34252756 0.16485686 25 0 827.35671 2.9892891 -1.1889198
220 441.37854 358.91568 0.71780729 -0.24086733 -0.059264894 25 0 2248.4463 8.8664387 -2.369373
221 506.70119 359.47273 0.83510834 -0.093697927 0.14531657 25 0 358.67914 1.2207709 -0.21658545
222 252.85882 361.02428 0.72710672 0.094074278 0.048101834 25 0 2006.5504 7.9621141 -2.252571
223 304.92592 362.2204 0.74315017 -0.094799927 0.10855344 25 0 3471.5413 13.598237 -2.8337065
224 454.47253 363.25526 0.71911214 -0.56717666 -0.14056522 25 0 1178.1694 4.5399481 -1.6426272
225 122.54946 363.98317 0.66441433 -0.21894069 -0.15568052 25 0 4924.6272 20.301801 -3.2688364
226 165.74391 364.61709 0.82343604 0.28975376 0.20584925 25 0 547.84682 1.8635656 -0.67586172
227 49.603562 367.04573 0.857057 -0.11822866 0.018694828 25 0 516.26861 1.6693365 -0.5563597
228 29.942562 370.86146 0.83392343 -0.078437546 0.037314113 25 0 884.10538 3.1532352 -1.2468909
229 502.69385 373.00369 0.97923425 -0.16647783 -0.03913476 25 0 369.17041 1.1178604 -0.12096895
230 392.82287 376.52266 0.68845031 0.27231873 0.23053596 25 0 3649.9485 14.552138 -2.907317
231 101.67009 378.10108 0.74244306 -0.21604098 -0.040545019 25 0 4283.4365 16.689079 -3.0560809
232 147.46878 379.64213 0.79884692 -0.58692843 -0.12835008 25 0 593.47306 2.0373437 -0.77266074
233 254.22178 381.02157 0.67033903 -0.43313931 -0.356999 25 0 692.84868 2.936469 -1.1695635
234 295.91501 381.97116 0.71642422 0.22129992 0.021642893 25 0 456.46744 1.8852638 -0.68843034
235 510.677 381.77505 0.92986545 -0.056253978 0.54864071 25 0 782.78037 2.3499452 -0.92764432
236 127.25985 382.87068 0.81243267 0.11495174 0.2988133 25 0 464.25618 1.6323468 -0.5320311
237 31.929554 384.10175 0.79647369 0.20974656 0.065725594 25 0 1241.5544 4.5231158 -1.6385943
238 171.45567 383.84837 0.69417635 -0.37501137 -0.075560129 25 0 1556.1399 6.3420787 -2.0055791
239 510.91273 385.32009 0.85006781 0.36821923 0.57004641 25 0 1378.9977 4.9578782 -1.7382396
240 482.20266 385.77325 0.77853637 -0.16815196 0.060361293 25 0 3264.8451 12.407144 -2.7341796
241 87.119737 389.17476 0.75374936 0.16062963 0.024045651 25 0 748.35469 2.8665143 -1.1433853
242 415.24368 391.91484 0.60190445 -0.14013461 0.19928557 25 0 287.82088 1.3565638 -0.33110058
243 124.15182 394.48028 0.75266897 0.53263281 0.60923558 25 0 279.17836 1.1521195 -0.15374382
244 273.47929 393.74009 0.68575583 -0.41969501 -0.065727924 25 0 7918.5441 31.465688 -3.7445931
245 403.98117 395.65725 0.7736194 0.20474203 0.092075902 25 0 890.70177 3.3554336 -1.3143716
246 302.49776 401.14321 0.68453467 -0.09780815 -0.093349976 25 0 658.7807 2.5592135 -1.0202663
247 439.18437 400.73735 0.47169892 0.33014715 -0.27087277 25 0 443.18932 2.2180486 -0.86492763
248 48.833529 403.57415 0.68158821 0.78441613 0.18746973 25 0 241.13226 1.0776993 -0.081243997
249 30.22821 405.23624 0.6092873 0.054241094 0.0096443892 25 0 875.82813 3.9312023 -1.4863135
250 299.98502 404.89299 0.79655315 -5.1527109e-05 0.08563968 25 0 2603.2093 9.8005943 -2.478131
251 318.02546 404.51315 0.76228902 0.23657413 0.43693182 25 0 388.62051 1.4455865 -0.4001102
252 68.403492 409.21117 0.68294154 0.58850505 0.39715251 25 0 317.07251 1.3025632 -0.28699699
253 131.90416 410.47114 0.72614262 0.067373556 0.13415104 25 0 990.68941 3.8013948 -1.4498574
254 155.91271 411.91899 0.81921338 -0.0023083073 0.05097421 25 0 3029.2742 11.191292 -2.6222006
255 8.6923417 415.53885 0.65960268 -0.35973888 0.12335321 25 0 1132.8003 4.6460064 -1.6676995
256 331.85424 421.85935 0.73650841 0.12809267 -0.012792425 25 0 455.10949 1.7281304 -0.59394125
257 212.73291 423.54197 0.7089195 0.0015700463 -0.14859478 25 0 372.59743 1.5786692 -0.49572786
258 241.7272 429.01787 0.60623273 0.41572072 -0.27273721 25 0 362.18061 1.495043 -0.43663424
259 206.74352 429.88503 0.76377531 0.11337531 0.043827488 25 0 2779.8068 10.655708 -2.5689558
260 180.27179 430.79289 0.76745834 0.019363092 0.038209364 25 0 1302.3433 4.8998685 -1.7254611
261 428.91675 430.48604 0.85459014 0.48744363 0.22679783 25 0 448.20586 1.5906902 -0.50396403
262 221.64212 431.49597 0.52555232 0.88135286 0.4462469 25 0 231.05821 1.3512978 -0.32687767
263 209.57548 432.30739 0.70142038 -0.18847121 -0.54466621 25 0 301.66936 1.1510699 -0.15275427
264 280.02479 433.18632 0.7874764 -0.10101357 0.10410772 25 0 1437.7164 5.4930677 -1.8495374
265 392.61558 434.82391 0.72108758 0.070177392 -0.023295686 25 0 3690.4449 14.591231 -2.9102298
266 293.05001 437.61651 0.73807359 -0.03376778 0.19535487 25 0 1387.9217 5.2928985 -1.8092339
267 62.250407 438.05619 0.54346576 0.045079893 0.38246526 25 0 297.13353 1.5959918 -0.50757662
268 139.13756 439.66104 0.77609461 -0.13136439 0.12732301 25 0 16785.582 63.036534 -4.4989808
269 510.82171 446.1756 0.93617203 -0.751914 0.18824065 25 0 452.61246 1.5424867 -0.47055355
270 260.06706 447.28367 0.73437413 0.072042465 0.061673892 25 0 352.69387 1.535997 -0.46597594
271 198.13614 452.20983 0.36835488 -0.49697236 -0.34347479 25 0 142.62387 1.0472541 -0.050130145
272 427.23342 451.9041 0.59097294 0.22175258 -0.40274331 25 0 369.00337 1.8621497 -0.6750365
273 359.03562 453.02215 0.73874686 0.14716293 0.084219667 25 0 913.97922 3.6413757 -1.4031637
274 483.1949 454.09482 0.67138278 -0.1054652 0.20714884 25 0 451.16297 1.8281205 -0.65501204
275 410.27697 457.94155 0.77384861 -0.28183742 -0.0038861691 25 0 1633.2602 6.1307495 -1.9687839
276 104.24165 459.32051 0.68262417 0.10856518 0.087357248 25 0 6044.3626 24.809222 -3.4865329
277 197.27463 460.47586 0.65541129 0.15527394 0.13585294 25 0 1150.6359 4.882059 -1.7215076
278 373.88128 460.93767 0.59610242 -0.765843 -0.1147282 25 0 302.05462 1.2953992 -0.2810091
279 475.60398 461.52892 0.52437065 -0.47359245 0.085813349 25 0 61065.752 271.33131 -6.0837498
280 182.65933 461.54809 0.40596986 -0.097123254 0.024627115 25 0 131.17125 1.0822437 -0.085812655
281 339.3907 462.16818 0.62322014 -0.5437529 -0.11444506 25 0 328.51771 1.2722651 -0.261444
282 13.081857 463.85873 0.72688839 -0.17719239 0.071854264 25 0 1271.3457 5.1625158 -1.7821535
283 93.479302 464.17109 0.434445 0.28075962 0.17302131 25 0 221.52949 1.2137561 -0.21032858
284 452.93583 463.80923 0.85814475 0.44471143 -0.173813 25 0 508.29953 1.8509129 -0.66846495
285 258.98762 468.42505 0.70811756 0.041249422 0.21236491 25 0 5714.8745 23.178208 -3.4126997
286 293.19337 468.14313 0.9924615 0.13740962 0.23504545 25 0 329.40677 1.0217806 -0.023394151
287 477.01159 469.09077 0.7485804 0.10178799 0.33663754 25 0 665.46264 2.5282617 -1.0070551
288 390.6888 469.84835 0.7898387 -0.026578028 -0.070485539 25 0 689.09973 2.5771152 -1.0278346
289 162.14303 472.20169 0.71885313 -0.030343153 0.16073752 25 0 517.18497 2.0717412 -0.79083874
290 293.05787 471.48591 0.79606891 -0.84169654 0.37981562 25 0 344.36422 1.2024085 -0.20013012
291 309.04217 471.60756 0.79078711 -0.040233281 0.17599632 25 0 3917.8648 14.411199 -2.8967503
292 33.386635 474.06032 0.88412258 -0.025340409 -0.35044177 25 0 1065.5372 3.918029 -1.4826691
293 386.46216 476.70541 0.75073302 -0.50142302 -0.046801759 25 0 593.03699 2.3371057 -0.92169587
294 186.89945 477.70279 0.73580085 -0.064404803 0.034945058 25 0 1079.327 4.2256031 -1.5647218
295 264.64197 482.28836 0.75962077 -0.39054474 0.13370207 25 0 315.69057 1.2983591 -0.28348703
296 112.00034 483.18565 0.77337665 0.017133883 0.065789419 25 0 1367.1414 5.2208842 -1.7943601
297 24.122088 490.98509 0.9146648 0.40329952 0.16457364 25 0 271.09702 1.0336879 -0.03597357
298 440.92256 492.23715 0.86938938 0.12170838 -0.14450273 25 0 329.97845 1.2121121 -0.20885693
299 288.16305 492.27137 0.81473536 0.22528895 0.33980495 25 0 466.33349 1.6559699 -0.54763112
300 198.35566 496.75552 0.7321778 -0.32761604 0.098918468 25 0 397.09316 1.5841647 -0.49950081
301 115.33665 497.97302 0.61323806 0.27832354 -0.023022804 25 0 314.85173 1.233533 -0.22787696
302 164.0292 499.81972 0.85202855 -0.099028976 0.12608056 25 0 753.32498 2.59786 -1.0365394
303 209.23141 499.73487 0.69189555 -0.18404886 -0.12917082 25 0 545.74401 2.3510836 -0.92817017
304 328.13441 502.00499 0.81534685 -0.22100164 -0.34249396 25 0 411.56838 1.5283166 -0.46053329
305 164.94364 503.274 0.59252158 -0.20171347 0.1046522 25 0 664.22701 2.8877622 -1.1514036
306 106.19956 506.07746 0.68500451 0.21156289 0.13784257 25 0 324.25307 1.3935505 -0.36030679
307 211.38741 507.16668 0.68347831 0.14523617 -0.14853867 25 0 794.96296 3.136251 -1.241027
308 85.973749 510.32665 0.71744272 -0.7092518 0.039183737 25 0 604.49048 2.2878766 -0.89858148
309 283.89167 510.33699 0.67565964 0.060698174 0.13446169 25 0 1212.0297 4.999564 -1.7473303
310 294.71814 510.18012 0.67843249 -0.041599461 0.088025096 25 0 524.06928 2.2483533 -0.87966141
311 38.961026 510.78272 0.93219833 0.30759052 -0.017367025 25 0 827.79074 2.8330286 -1.1306274
312 208.90555 510.84232 0.92606948 0.13937091 -0.2827162 25 0 1189.7462 4.0562078 -1.5203005
313 432.76509 510.93869 0.90108617 -0.17639873 -0.43760981 25 0 314.08292 1.1630982 -0.16404096
