id xcentroid ycentroid sharpness roundness1 roundness2 npix sky peak flux mag
1 505.02615 3.018897 0.73622884 -0.59000795 0.004243755 25 0 280 1.1622515 -0.16325029
2 294.48604 8.8908922 0.60733217 -0.23822487 -0.19225174 25 0 693 2.1130652 -0.81228226
3 425.71018 12.247368 0.68078202 -0.16931368 0.014769929 25 0 433 1.5077864 -0.44584958
4 106.17558 16.082215 0.61179626 -0.015728783 -0.25860228 25 0 536 1.7559942 -0.6113077
5 21.445328 17.992878 0.70016968 -0.045369531 -0.23713046 25 0 15631 41.12254 -4.0351998
6 331.90876 17.546498 0.64777586 0.4266219 0.12195397 25 0 753 2.1587865 -0.83552424
7 405.36026 20.642689 0.66730247 -0.058448066 -0.089821698 25 0 606 1.799656 -0.63797374
8 464.4427 20.613438 0.6002628 -0.24035877 -0.11691478 25 0 23517 65.227351 -4.5360744
9 210.02223 35.629992 0.63547 0.36562474 0.1045836 25 0 366 1.0593312 -0.062579441
10 351.07079 39.053011 0.66715806 0.10629876 -0.17651986 25 0 579 1.6765102 -0.5610155
11 450.80262 39.276975 0.76872596 0.039496715 -0.074618293 25 0 355 1.0683838 -0.071818251
12 123.92658 41.43214 0.55823041 0.65469504 -0.086965109 25 0 385 1.1942045 -0.19269678
13 110.6301 45.536174 0.61711458 0.55055175 0.035320591 25 0 509 1.3812947 -0.35071588
14 183.51826 46.802241 0.66478668 0.064780906 -0.3447015 25 0 1215 3.2106612 -1.2664862
15 203.00607 47.635753 0.65473493 0.12072705 -0.049089828 25 0 2494 6.6636834 -2.0592859
16 343.34746 49.089407 0.63208759 0.15827563 -0.24835322 25 0 491 1.4409716 -0.39663856
17 63.413459 49.917017 0.78973924 -0.20259707 -0.26181122 25 0 632 1.6070063 -0.51504395
18 321.5079 49.748887 0.39564661 0.38933808 -0.1178846 25 0 58723 179.53413 -5.6353676
19 108.35098 51.826715 0.66619773 -0.16414807 -0.2074609 25 0 5539 14.746699 -2.9217371
20 151.22619 52.425221 0.71071817 0.35998783 -0.10293096 25 0 420 1.0642183 -0.067576826
21 397.03007 53.477194 0.65424675 0.40864238 0.061770127 25 0 1034 2.9825423 -1.1864665
22 243.9383 58.852074 0.74979858 0.29243721 0.019843386 25 0 456 1.0935598 -0.097106326
23 397.72567 58.831645 0.72413724 -0.29024504 -0.2375557 25 0 316 1.0622725 -0.0655898
24 467.56402 59.323064 0.6112735 0.60571427 -0.22011542 25 0 653 2.0570119 -0.78309203
25 291.20356 60.282198 0.68709846 0.20259671 -0.093911384 25 0 1797 4.6551311 -1.6698298
26 440.26727 67.013872 0.69355637 0.057393688 -0.1722048 25 0 1650 4.5070794 -1.634738
27 498.5567 69.404782 0.56279729 -0.25738455 -0.05770893 25 0 2656 7.8857229 -2.2421038
28 28.430965 72.878507 0.68325197 -0.035060074 -0.17768302 25 0 642 1.8723665 -0.68097714
29 51.416323 72.413781 0.50530586 -0.4875923 0.021199218 25 0 324 1.1668238 -0.16751321
30 166.33799 73.246846 0.69549175 0.63858287 -0.016964016 25 0 426 1.0184598 -0.019859723
31 429.78049 73.905489 0.68414619 0.069788841 -0.12096317 25 0 1728 4.7260459 -1.6862448
32 109.3221 74.758014 0.68068103 -0.0029516671 -0.18051719 25 0 541 1.4642629 -0.41404762
33 468.66772 74.519095 0.5549231 -0.53452776 -0.19539857 25 0 242 1.0150651 -0.016234732
34 415.12329 75.563884 0.63406693 0.4641988 -0.016981579 25 0 538 1.6412943 -0.53796617
35 52.667818 77.736519 0.67864908 0.21919254 -0.18725423 25 0 1784 4.8982266 -1.7250972
36 465.62554 82.433944 0.64650508 0.84655502 0.069451131 25 0 785 2.2973463 -0.90306615
37 347.53869 86.536362 0.59238533 0.63811285 -0.1183875 25 0 2828 7.5962799 -2.2015024
38 116.62872 89.696822 0.62946966 0.32841922 -0.15479095 25 0 519 1.3126755 -0.29539342
39 88.725672 92.959924 0.69072976 0.47430006 -0.16064788 25 0 811 2.0161956 -0.76133166
40 487.94828 93.444209 0.66463999 0.18115944 0.078875687 25 0 22435 59.460636 -4.4355739
41 151.95475 100.02253 0.56842004 -0.083567524 -0.25283941 25 0 526 1.4232415 -0.38319647
42 280.49673 100.84929 0.64862137 0.1105035 -0.26332764 25 0 1287 3.2610601 -1.283397
43 182.81809 103.52939 0.60205642 0.051967531 0.0081121581 25 0 1687 4.5312068 -1.6405347
44 284.59028 102.45088 0.53433243 -0.59400227 -0.15687541 25 0 1201 3.3563367 -1.3146638
45 112.38578 107.32099 0.49704597 -0.45822002 -0.18899211 25 0 386 1.1943309 -0.19281164
46 50.526216 107.51878 0.61771836 0.48987707 -0.10239819 25 0 3785 10.080718 -2.5087286
47 506.00975 109.87854 0.71054175 0.15508113 -0.072527893 25 0 2370 6.3771616 -2.0115686
48 486.21681 113.35605 0.69560957 0.37806827 0.0071412012 25 0 2226 5.9766035 -1.9411361
49 329.19619 118.92494 0.65345879 0.14918571 -0.10151422 25 0 698 1.9253936 -0.7112988
50 215.97778 120.7379 0.63903428 0.11977124 -0.068253974 25 0 18296 49.937768 -4.2460728
51 233.33132 120.81033 0.66458501 -0.032030988 -0.030468829 25 0 1120 2.7002599 -1.0785139
52 243.4252 122.2425 0.6062425 0.19954092 -0.18187117 25 0 1847 5.0370573 -1.7554422
53 299.89516 122.03777 0.57305673 0.033414765 -0.098338437 25 0 1226 3.5613306 -1.3790307
54 95.006079 124.25617 0.67085313 0.11467843 -0.015330402 25 0 657 1.6790173 -0.56263794
55 195.43467 123.95825 0.66771999 0.034614448 -0.35862705 25 0 642 1.5536819 -0.47840528
56 445.18234 123.70304 0.49298835 -0.086651912 -0.0002990079 25 0 287 1.0903697 -0.093934453
57 149.80818 125.09019 0.75800144 -0.45851354 -0.40447441 25 0 608 1.3747141 -0.34553095
58 47.628702 125.61225 0.77977715 0.44249227 -0.0736448 25 0 659 1.5996966 -0.51009407
59 147.28268 127.40829 0.64040457 0.30595931 -0.087836934 25 0 2150 5.6422318 -1.8786273
60 475.37955 127.67871 0.50224662 -0.1374735 0.085215742 25 0 291 1.1819638 -0.18151047
61 171.22313 132.86768 0.65227902 -0.087760405 -0.20245724 25 0 1966 5.0815235 -1.7649849
62 2.5282551 134.28953 0.63989749 0.38944049 -0.27903447 25 0 1225 3.3373431 -1.3085021
63 248.89674 136.27575 0.6545987 0.14825882 -0.30883512 25 0 595 1.524954 -0.45814183
64 391.08229 144.45651 0.63302394 0.24338854 0.036607737 25 0 12195 32.765859 -3.7885539
65 293.96601 149.9295 0.64281393 0.093490243 -0.11876319 25 0 3310 8.8563153 -2.3681327
66 9.732166 150.62496 0.70820782 0.15117982 -0.080187899 25 0 794 2.0746741 -0.79237474
67 479.26253 156.46419 0.65846198 0.47526613 0.069608381 25 0 7411 19.587007 -3.2299202
68 92.673055 164.01169 0.59328248 0.011790988 -0.094076042 25 0 504 1.2790817 -0.26724575
69 381.03853 165.95134 0.65469052 0.052465798 -0.12416181 25 0 55121 148.22962 -5.4273375
70 420.25244 169.42339 0.60841874 0.70220619 0.13159943 25 0 435 1.371671 -0.34312491
71 201.53291 169.71362 0.65643364 0.25268141 -0.17274636 25 0 586 1.3471404 -0.32353219
72 148.47417 173.26962 0.65138404 -0.17297137 -0.22692856 25 0 722 1.7536807 -0.60987631
73 28.558411 176.92988 0.59995327 0.17929058 0.11420656 25 0 377 1.0759314 -0.079461458
74 221.14938 178.23728 0.63752032 0.23153125 -0.087424879 25 0 2055 5.4764021 -1.8462383
75 341.28851 178.12917 0.70766474 -0.26891229 -0.21661244 25 0 718 1.8134753 -0.64627909
76 473.30744 177.77687 0.69610989 -0.018938365 -0.067792612 25 0 7105 18.577079 -3.1724436
77 159.30946 178.99697 0.6612893 0.025471899 -0.20089342 25 0 1173 3.0327048 -1.2045753
78 147.75688 181.48438 0.58263249 0.3903539 -0.072838738 25 0 1483 3.8777103 -1.4714384
79 11.723043 187.47433 0.65720562 0.23963533 -0.019836011 25 0 766 1.9705424 -0.73646448
80 416.25652 186.98765 0.67774501 -0.063608033 -0.14420985 25 0 3079 8.25501 -2.291794
81 110.06638 187.46858 0.5388111 0.43346144 0.11852604 25 0 1647 4.6295066 -1.6638368
82 406.07315 189.27447 0.72568133 0.22623474 -0.028679569 25 0 707 1.8444318 -0.66465649
83 477.96046 188.83712 0.698007 0.10889869 -0.15038899 25 0 802 2.3042637 -0.90633043
84 221.83716 190.48105 0.6001673 0.024114021 -0.0015515321 25 0 1173 3.0954007 -1.2267922
85 416.56952 192.07661 0.68990033 -0.12083771 -0.1990769 25 0 953 2.5585704 -1.0199934
86 184.53055 193.02051 0.63685211 0.047944917 -0.36524647 25 0 750 1.8301982 -0.65624533
87 66.526284 194.01577 0.6595132 -0.013478948 -0.23696 25 0 41612 110.58415 -5.1092322
88 116.41051 195.27166 0.57133275 0.26386293 -0.13444738 25 0 465 1.1328558 -0.13543657
89 450.0088 203.93527 0.63583327 -0.024825328 -0.12980753 25 0 592 1.8431018 -0.6638733
90 163.25101 205.87815 0.60018668 0.1436597 0.023852654 25 0 831 2.2003203 -0.85621477
91 61.574957 208.15441 0.66715457 -0.25418869 -0.31528633 25 0 663 1.6586653 -0.54939687
92 503.56144 207.70385 0.54629015 0.095887502 -0.23101911 25 0 1616 5.0637435 -1.7611792
93 464.52467 210.00532 0.72034758 -0.33474675 -0.31111119 25 0 625 1.7260729 -0.59264785
94 497.81096 213.74417 0.69650491 0.2290626 -0.055398978 25 0 3413 9.0962599 -2.3971572
95 7.5045346 217.02678 0.6564486 0.48649855 -0.43881605 25 0 441 1.1759042 -0.17592985
96 9.6186593 218.71179 0.73017188 0.53036829 -0.26465821 25 0 459 1.0895392 -0.093107151
97 420.62209 219.9088 0.64839169 -0.045205512 -0.20522326 25 0 1080 2.9638455 -1.1796389
98 321.33657 221.927 0.68501298 -0.017575947 -0.14751082 25 0 1720 4.3066744 -1.5853551
99 251.62795 223.90101 0.65406296 -0.14661517 -0.41359287 25 0 791 1.8913051 -0.691904
100 145.71765 225.33376 0.62056773 0.17034724 -0.038641631 25 0 1061 2.601095 -1.0378905
101 474.5043 228.66887 0.60422698 -0.33460931 -0.1842568 25 0 4174 11.56744 -2.6580931
102 234.99138 230.66852 0.63927067 0.14097751 -0.038855601 25 0 3137 8.3034551 -2.2981471
103 347.1681 232.90034 0.65356189 0.04696366 -0.10243285 25 0 4876 13.054102 -2.7893675
104 417.29714 233.72278 0.64991413 -0.13712507 -0.10388612 25 0 14561 39.011723 -3.9779878
105 322.07747 235.14917 0.63540395 0.30182323 -0.024429872 25 0 1136 3.047708 -1.2099334
106 175.55549 241.4203 0.60998906 -0.13785075 -0.23273982 25 0 684 1.5753765 -0.49346093
107 235.54938 242.30603 0.56286529 0.5542928 -0.2963614 25 0 741 1.9147899 -0.70530281
108 25.935386 245.46848 0.49459154 0.19850683 0.042856572 25 0 358 1.0786783 -0.082229828
109 426.54522 245.21045 0.63021579 0.2198108 -0.19459601 25 0 1814 4.9573252 -1.7381185
110 199.20396 258.92526 0.65755446 0.051807451 -0.138179 25 0 5613 14.860485 -2.9300824
111 423.34428 258.64941 0.61593808 -0.15326786 -0.062616303 25 0 6953 18.98861 -3.196233
112 261.13118 261.24205 0.65287369 0.21241863 -0.20763531 25 0 520 1.2706215 -0.2600405
113 326.67875 267.92204 0.66838539 -0.040664982 -0.30400397 25 0 464 1.187096 -0.18621458
114 28.397323 279.58827 0.62623694 -0.16974632 -0.12650446 25 0 1426 3.7957628 -1.4482477
115 42.536247 288.91709 0.65722702 0.25574423 -0.099331257 25 0 858 2.1444042 -0.82826661
116 342.92341 291.41691 0.63231578 0.090790374 0.025201523 25 0 5536 14.886692 -2.9319955
117 155.64104 292.58193 0.57362971 -0.6392457 -0.26702391 25 0 843 2.1742507 -0.84327402
118 34.144538 293.79602 0.69524199 0.078376564 -0.14335306 25 0 1457 3.6210175 -1.3970766
119 62.36288 293.60746 0.59488504 -0.31325164 -0.093258597 25 0 1168 3.0934981 -1.2261246
120 317.41977 296.0658 0.73976701 -0.17909754 -0.22095771 25 0 499 1.1870773 -0.18619748
121 448.56723 296.35342 0.62752317 -0.69633563 -0.2226081 25 0 677 2.0322176 -0.76992553
122 131.41037 303.47766 0.66346896 -0.5116038 -0.2301886 25 0 514 1.1478252 -0.14968942
123 45.864897 309.3058 0.64816076 -0.13625032 -0.067047929 25 0 1352 3.5384378 -1.3720289
124 393.80078 309.43465 0.60094982 0.21752437 0.25650648 25 0 356 1.0405801 -0.043188787
125 189.45605 315.00777 0.66190145 -0.036657328 -0.30884351 25 0 966 2.3602976 -0.93241692
126 421.32307 315.14454 0.72469498 0.24369499 -0.16907398 25 0 1221 3.2265154 -1.2718343
127 108.56722 319.69469 0.65564363 0.40356205 -0.15802644 25 0 3446 8.904243 -2.3739925
128 300.96937 331.53727 0.54892602 0.46080135 -0.059486503 25 0 520 1.4657354 -0.41513897
129 1.4198681 339.47262 0.64826725 0.41569892 -0.016087217 25 0 11944 31.583772 -3.74866
130 258.34162 338.8355 0.68628474 0.094995817 -0.11230577 25 0 656 1.5614817 -0.48384224
131 351.15654 339.2838 0.59721018 0.2734849 -0.05161647 25 0 523 1.6000786 -0.51035327
132 234.42825 340.40167 0.59314983 -0.25273291 -0.12017344 25 0 875 2.2986515 -0.90368281
133 47.643274 340.60097 0.66730275 0.17356789 0.046674197 25 0 981 2.4422453 -0.96947321
134 459.59693 346.91841 0.62069083 0.28680896 0.15046806 25 0 851 2.3282024 -0.91755183
135 331.35775 352.74095 0.71467589 0.11878607 -0.34794007 25 0 786 1.9712209 -0.73683821
136 210.49555 356.45786 0.5744651 -0.3242819 -0.10611735 25 0 4512 12.157027 -2.7120685
137 352.66768 357.95796 0.68543063 -0.062629866 -0.16219993 25 0 1130 2.8981427 -1.1552994
138 269.62178 360.47117 0.57128872 0.55159905 -0.22316108 25 0 20687 56.324994 -4.3767529
139 385.354 367.58403 0.61628432 -0.32120169 -0.10900504 25 0 1732 4.7959993 -1.7021978
140 196.81987 369.4466 0.57881017 0.054371408 0.011964966 25 0 1502 4.0480325 -1.51811
141 248.97003 370.62153 0.64838723 0.19157349 -0.043789884 25 0 2865 7.5256653 -2.1913622
142 66.556992 371.92434 0.67062178 -0.076992889 -0.28729815 25 0 5039 12.993311 -2.7842996
143 398.51364 371.92411 0.69733613 -0.11187888 -0.20376933 25 0 1061 2.7949408 -1.1159315
144 109.64765 372.8619 0.80680563 0.16472787 -0.19800743 25 0 712 1.5649172 -0.48622841
145 470.27927 374.04221 0.74177753 0.028535905 -0.14231662 25 0 10828 27.424575 -3.5953498
146 336.85578 385.09012 0.6949218 -0.010879923 -0.1226912 25 0 3959 10.438721 -2.5466182
147 45.687004 386.01261 0.73441122 0.045966425 -0.19440371 25 0 4403 11.038371 -2.6072625
148 91.4878 387.70827 0.6347976 0.13412106 -0.22616437 25 0 621 1.5201647 -0.45472659
149 198.20378 389.38854 0.63936898 0.1961083 -0.073120194 25 0 655 1.6856757 -0.56693508
150 454.79708 390.58958 0.68822513 -0.84179982 0.16286644 25 0 585 1.6087214 -0.51620207
151 115.49938 392.03463 0.71712963 0.080002911 -0.29241076 25 0 1586 3.8515305 -1.4640834
152 426.16916 394.5443 0.61230087 0.30726751 0.12651977 25 0 2340 6.6137512 -2.0511196
153 455.48221 394.03411 0.66045176 -0.19820185 -0.17992198 25 0 2048 5.6094302 -1.8722969
154 31.036579 396.88853 0.65553529 -0.060984023 -0.1787243 25 0 640 1.7027182 -0.57785698
155 217.44149 402.15272 0.67064162 0.12964009 -0.2527971 25 0 8142 21.139144 -3.3127185
156 348.02373 404.28966 0.6385966 -0.1631104 -0.17819716 25 0 782 2.2138844 -0.86288733
157 383.41792 409.25874 0.67937516 0.080140915 -0.21741269 25 0 531 1.4840444 -0.42861723
158 246.44853 409.69828 0.59993478 0.65686442 -0.17286397 25 0 650 1.7314704 -0.59603766
159 243.83906 413.38297 0.62964117 0.13060466 -0.037382142 25 0 1859 4.9740541 -1.7417763
160 262.1293 413.10489 0.7332421 0.61758035 -0.013181142 25 0 482 1.2406101 -0.2340883
161 465.30859 413.78995 0.67440534 0.024348405 -0.049368016 25 0 440 1.2881674 -0.27493073
162 75.974595 418.4989 0.58169516 0.3992692 -0.051259683 25 0 879 2.4043554 -0.95249664
163 99.913885 419.98793 0.72540692 0.038443435 -0.18231636 25 0 2826 7.1403095 -2.1342926
164 275.63609 430.19749 0.70191802 -0.50623633 -0.12222628 25 0 429 1.0876877 -0.091260513
165 150.6684 438.10222 0.69702862 -0.12600844 -0.20646581 25 0 2381 5.9997154 -1.9453266
166 124.22168 438.96622 0.7490729 0.22934774 -0.21616124 25 0 1291 3.164342 -1.2507085
167 482.97703 441.52156 0.31897645 0.04293446 -0.039500411 25 0 58311 181.12061 -5.6449197
168 223.93798 441.42532 0.64501314 0.38095678 0.0528043 25 0 1081 2.8438493 -1.1347665
169 336.50236 443.4477 0.58678159 -0.45068391 -0.15458144 25 0 2686 7.4281808 -2.1772062
170 236.95029 446.00951 0.70991634 -0.31546386 -0.086050874 25 0 1405 3.5588881 -1.3782858
171 83.173532 447.69202 0.67523311 0.014407311 -0.074109727 25 0 15186 40.182408 -4.0100899
172 468.97825 457.9477 0.74360807 0.32195255 0.0025080768 25 0 2670 7.0789558 -2.124923
173 371.45761 460.23542 0.61840725 0.22132493 -0.14716067 25 0 308 1.0550082 -0.058139609
174 303.01048 461.51799 0.59932463 0.05371755 0.049235049 25 0 635 1.819462 -0.64985747
175 427.12446 462.78276 0.76413746 -0.12304142 -0.19457065 25 0 422 1.157012 -0.15834464
176 48.186809 467.27036 0.73397521 0.25605384 -0.081663358 25 0 6706 16.944963 -3.0726015
177 354.10472 466.45381 0.6202763 0.10204947 0.10342603 25 0 1215 3.4611871 -1.3480627
178 141.21024 468.53437 0.56383968 -0.098519336 -0.024888967 25 0 1060 3.0232745 -1.2011939
179 419.4917 470.29641 0.50468385 -0.34344149 -0.16066124 25 0 58357 168.68232 -5.5676739
180 202.8724 476.63782 0.67524373 0.1825615 -0.07233574 25 0 5238 13.77669 -2.8478622
181 334.52396 478.4731 0.66125709 -0.43564168 -0.086702549 25 0 562 1.5331318 -0.46394871
182 420.77956 477.93504 0.7758033 0.4561255 0.13415503 25 0 538 1.3855149 -0.35402799
183 106.22653 480.43958 0.53223618 0.027097932 -0.030493016 25 0 414 1.1900831 -0.18894322
184 252.91621 480.01854 0.70636762 0.024891032 -0.16926443 25 0 3868 10.280725 -2.5300594
185 330.37541 485.23149 0.71512312 -0.127393 -0.24127367 25 0 455 1.1866136 -0.18577328
186 130.95057 485.91279 0.77365504 0.14895506 -0.18075722 25 0 1111 2.6337042 -1.0514175
187 55.907965 491.18547 0.74062697 0.10000358 -0.10466189 25 0 1309 3.3140428 -1.3008953
188 232.06133 501.02893 0.69936986 -0.1035743 -0.35693516 25 0 521 1.4201897 -0.3808659
189 141.98004 504.9167 0.61728701 0.088279711 -0.034604016 25 0 421 1.1434436 -0.14553686
190 107.94536 507.92363 0.77785633 0.12133113 0.080021449 25 0 669 1.4942343 -0.43604679
191 153.27592 508.10001 0.79701163 -0.41105503 -0.19637187 25 0 632 1.3334608 -0.31245061
192 108.67093 510.7369 0.96911182 -0.17321664 -0.54743175 25 0 711 1.3700289 -0.34182434
