id xcentroid ycentroid sharpness roundness1 roundness2 npix sky peak flux mag
1 263.8764 15.211005 0.62346151 -0.42945352 -0.20581412 25 0 476 1.1386774 -0.14100174
2 301.45858 23.98184 0.55298855 -0.10918154 -0.36686068 25 0 460 1.236299 -0.23030877
3 374.73811 27.290911 0.76056439 -0.47969966 -0.19549603 25 0 521 1.1971651 -0.19538513
4 434.02179 27.252729 0.69743743 -0.19981092 -0.19757125 25 0 21872 41.08374 -4.0341749
5 153.21156 52.992497 0.70185755 -0.51999679 -0.2760051 25 0 1005 2.0084495 -0.75715229
6 172.59779 53.881962 0.63812979 -0.31876491 -0.40316771 25 0 1763 3.4727968 -1.3516984
7 291.16033 56.156369 0.35269656 -0.22357281 -0.2191287 25 0 58248 145.62905 -5.40812
8 78.184547 57.933434 0.7065178 -0.41690844 -0.26497387 25 0 4488 8.4725382 -2.3200338
9 366.78169 59.985668 0.65157727 0.13849401 -0.17153627 25 0 700 1.6075156 -0.51538799
10 437.08068 66.054997 0.71852651 -0.67799066 -0.31475043 25 0 514 1.1791354 -0.17890923
11 510.20351 65.739425 0.69617359 -0.69965373 -0.26952939 25 0 1210 2.6043502 -1.0392484
12 260.73107 66.67295 0.60974526 -0.1410808 -0.2361816 25 0 1157 2.4220573 -0.96046102
13 409.77755 73.706185 0.56736917 -0.11784767 -0.27431045 25 0 866 2.1144722 -0.81300496
14 468.2929 75.962309 0.71588712 -0.30226029 -0.276081 25 0 2797 5.4955359 -1.8500251
15 399.49495 80.383542 0.5542957 -0.77916742 -0.11602159 25 0 864 2.0637878 -0.78666262
16 22.480843 83.909494 0.68166688 -0.4625914 -0.32320788 25 0 1275 2.6142797 -1.0433801
17 435.27783 89.024279 0.67901647 -0.1475397 -0.46756542 25 0 595 1.3127563 -0.2954603
18 317.13071 92.909177 0.69510652 -0.31946146 -0.23467401 25 0 2867 5.4717231 -1.8453103
19 58.956061 99.25213 0.65895095 -0.24297357 -0.19035549 25 0 486 1.0324085 -0.034628887
20 457.53737 100.10925 0.66601695 -0.26960864 -0.38172066 25 0 16003 30.180963 -3.6993327
21 250.1322 107.18014 0.67626607 -0.5842427 -0.22503514 25 0 1076 2.0014145 -0.7533426
22 254.06592 108.84824 0.65428597 -0.50148227 -0.20455423 25 0 1222 2.2655017 -0.88791097
23 152.51668 109.72692 0.65814833 -0.76389738 -0.50553311 25 0 1177 1.9917733 -0.74809975
24 20.309487 113.62674 0.65151666 -0.71794455 -0.21941893 25 0 2458 4.7262954 -1.6863021
25 475.49596 116.61429 0.52143318 0.020483037 -0.29066869 25 0 1067 2.5710618 -1.0252813
26 455.85834 120.07288 0.70594319 -0.30026056 -0.2053613 25 0 1701 3.3806133 -1.3224887
27 185.47704 126.9969 0.64191916 -0.42654325 -0.46796271 25 0 12506 23.575457 -3.4311503
28 202.81754 127.12381 0.73636917 -0.082056774 -0.28945818 25 0 902 1.4550417 -0.40718862
29 269.38041 128.43197 0.67002622 -0.73588309 -0.37098272 25 0 891 1.6091208 -0.51647165
30 212.94386 128.51765 0.53301228 -0.3440974 -0.14829291 25 0 1217 2.4135202 -0.95662736
31 116.94428 133.50493 0.55776903 -0.074953286 -0.069812233 25 0 1425 2.8456146 -1.1354402
32 484.00021 135.45975 0.59186036 -0.14471804 0.053202854 25 0 1132 2.5063404 -0.99760012
33 140.91555 139.02892 0.72838488 -0.36969903 -0.25244756 25 0 1719 2.9912715 -1.1896396
34 360.74314 150.95682 0.6570573 -0.3472764 -0.33714897 25 0 9405 18.003774 -3.1384089
35 263.39375 156.37169 0.61518652 -0.84072085 -0.37827086 25 0 2071 3.7985067 -1.4490322
36 448.91995 163.0796 0.71999018 -0.27006114 -0.16941794 25 0 7067 13.31024 -2.8104647
37 350.62157 172.58351 0.58079015 -0.68772545 -0.10540028 25 0 31501 61.800677 -4.4774831
38 442.92058 184.47813 0.62394429 -0.26702679 -0.011783148 25 0 4868 9.7319423 -2.4704988
39 128.96281 185.14015 0.67669327 -0.15203182 -0.22628784 25 0 880 1.5307173 -0.46223746
40 190.61703 184.49125 0.43183879 0.028564821 -0.17127301 25 0 999 2.0741853 -0.79211888
41 117.46671 187.73006 0.67974335 -0.63753075 -0.23508269 25 0 1292 2.207166 -0.8595875
42 79.721742 193.65577 0.66125283 0.27887559 -0.076503554 25 0 1374 2.3554995 -0.93020753
43 385.71965 193.61195 0.58165846 -0.099853207 -0.24567454 25 0 1785 3.6019774 -1.3913525
44 375.55488 196.00342 0.73330514 -0.51442426 -0.44469598 25 0 525 1.0700286 -0.073488442
45 447.55163 195.62179 0.68415535 0.44415578 -0.15698843 25 0 572 1.2577713 -0.24900417
46 191.35613 196.6688 0.70517059 -0.60201637 -0.24691276 25 0 921 1.4193767 -0.38024421
47 153.98912 199.2133 0.5859929 -0.1399261 -0.23311078 25 0 605 1.0400843 -0.042671356
48 386.13164 198.74483 0.59262143 -0.20903163 -0.11389629 25 0 629 1.4216335 -0.38196916
49 36.48959 199.99955 0.71224308 -0.37858469 -0.34863462 25 0 33192 60.493048 -4.4542637
50 133.06094 212.14819 0.63963403 -0.18686834 -0.39049013 25 0 628 1.0694838 -0.072935572
51 473.43795 214.35659 0.7350016 -0.87497568 -0.32588014 25 0 1052 2.0210826 -0.76396014
52 467.37333 220.49154 0.60090946 -0.75863355 -0.19168037 25 0 1792 3.6372234 -1.4019249
53 390.15266 226.54805 0.54048604 -0.43917994 -0.18865467 25 0 671 1.6104563 -0.51737239
54 290.89105 228.51213 0.62850918 -0.34632333 -0.028725826 25 0 1066 1.9303403 -0.7140847
55 221.09647 230.24623 0.710526 -0.076801351 -0.14492242 25 0 689 1.0549852 -0.058115941
56 115.54448 231.42963 0.64778775 -0.65460254 -0.1795688 25 0 806 1.3872557 -0.35539127
57 444.02983 235.3818 0.64532025 -0.28415347 -0.13968506 25 0 3426 6.7121266 -2.0671504
58 204.56443 237.0114 0.66241639 -0.49952328 -0.46428978 25 0 2158 3.751424 -1.4354904
59 316.62912 239.42028 0.62174772 -0.68277255 -0.18622184 25 0 3060 5.8002998 -1.9086261
60 386.95385 240.2786 0.64898706 -0.35331583 -0.19688861 25 0 10779 20.803098 -3.2953201
61 291.52529 241.64023 0.60130423 -0.10879619 -0.26152028 25 0 757 1.413418 -0.37567658
62 205.05836 248.82754 0.67686216 -0.8319814 -0.55217438 25 0 719 1.1340786 -0.13660786
63 396.08541 251.74251 0.66544792 -0.20249923 -0.20087261 25 0 1479 2.8222151 -1.1264753
64 168.72312 265.16711 0.64811629 -0.47563613 -0.30388632 25 0 3905 7.2998225 -2.1582807
65 392.9619 265.29201 0.64653197 -0.35665666 -0.19173399 25 0 5538 10.668889 -2.5702979
66 493.40068 266.88671 0.62309335 -0.64650973 -0.40441123 25 0 1027 2.2172714 -0.86454715
67 12.398145 294.91012 0.67870749 -0.48303532 -0.33664176 25 0 681 1.2728069 -0.26190631
68 312.39658 297.8683 0.67393443 -0.53879986 -0.32434749 25 0 4386 8.0671423 -2.2667993
69 125.28341 298.79291 0.63157323 -0.86395017 -0.22894106 25 0 777 1.3171455 -0.29908435
70 3.9138173 299.7858 0.66192719 -0.048139966 -0.21501704 25 0 1119 2.1169456 -0.81427424
71 32.015153 299.60228 0.66482841 -0.29470453 -0.13422796 25 0 978 1.8566149 -0.67180455
72 418.15033 303.01991 0.66732149 -0.53745305 -0.36868913 25 0 684 1.4680621 -0.41686103
73 15.653856 315.23297 0.68191373 -0.44926325 -0.16672855 25 0 1061 1.9817658 -0.74263083
74 158.95126 321.12378 0.74234496 -0.49714014 -0.34448064 25 0 793 1.2139393 -0.2104924
75 390.79602 321.62357 0.63541361 0.14565355 -0.11648256 25 0 731 1.3944851 -0.36103471
76 78.372063 325.81576 0.67445307 -0.56145925 -0.32960638 25 0 2682 4.8959241 -1.7245867
77 507.35481 336.2961 0.63557721 -0.20127903 -0.12116242 25 0 1077 2.2638341 -0.88711148
78 204.07271 346.66949 0.54020893 -0.16123826 -0.046964761 25 0 719 1.3790675 -0.34896377
79 429.11883 353.51422 0.68791602 0.38970058 0.0049704077 25 0 626 1.1524076 -0.15401531
80 180.1224 362.49415 0.61061296 -0.36351276 -0.092375047 25 0 3736 7.1199536 -2.1311929
81 322.03016 364.31344 0.60083327 -0.29069009 -0.10552721 25 0 805 1.563093 -0.48496205
82 239.00236 366.81136 0.6709512 -0.39612163 -0.30657915 25 0 18321 33.677703 -3.8183562
83 354.91436 374.09462 0.70624483 -0.24216966 -0.1735594 25 0 1828 3.4216958 -1.3356035
84 166.37086 375.55099 0.59068395 -0.70023608 -0.18914745 25 0 1111 1.961956 -0.73172315
85 218.47853 376.86074 0.62927213 -0.29019867 -0.44489294 25 0 2076 3.7885143 -1.4461723
86 36.236437 377.93296 0.73834987 -0.34896634 -0.27361507 25 0 4584 8.2629752 -2.2928411
87 368.18105 378.46562 0.54103011 -0.27360112 -0.14764195 25 0 753 1.6243287 -0.52668483
88 439.70219 380.66165 0.62553129 -0.099271428 -0.20349429 25 0 6369 12.499192 -2.7422049
89 15.294826 392.09179 0.73748995 -0.23987545 -0.31041262 25 0 3183 5.6732367 -1.8845773
90 306.36165 391.44403 0.61537955 -0.81380601 -0.16036021 25 0 2130 3.9248912 -1.484569
91 356.52959 393.61849 0.9106151 0.46149795 -0.016477599 25 0 877 1.4736129 -0.42095855
92 424.1388 397.09263 0.79310772 -0.88088731 -0.24595567 25 0 561 1.0333789 -0.035648988
93 85.003842 398.14487 0.75377675 -0.17904319 -0.24079422 25 0 1260 2.1234487 -0.81760441
94 395.82236 400.96136 0.6697593 -0.47914623 -0.32115289 25 0 1985 3.8400273 -1.4608358
95 424.97781 400.70255 0.60841404 -0.47158086 -0.20458617 25 0 1487 3.129481 -1.2386808
96 186.97015 408.36805 0.63224772 -0.386179 -0.24407346 25 0 5568 10.513991 -2.554419
97 352.85663 415.88616 0.65002711 -0.15767149 -0.2222702 25 0 516 1.0747342 -0.078252672
98 213.4542 419.55441 0.54736544 -0.65471652 -0.29975017 25 0 1300 2.4801344 -0.98618802
99 500.57971 422.15441 0.71330945 -0.57072039 -0.30468645 25 0 1926 3.6500349 -1.4057425
100 45.508834 424.61412 0.63805259 0.1772716 -0.18980416 25 0 618 1.074324 -0.077838171
101 69.524233 426.03794 0.73475832 -0.40385353 -0.40464334 25 0 1915 3.3600168 -1.3158536
102 120.25256 444.21515 0.65593856 -0.27924225 -0.23882572 25 0 1816 3.4187609 -1.3346718
103 93.638833 445.10457 0.70621416 -0.33253103 -0.33380057 25 0 943 1.6218106 -0.52500037
104 193.71039 447.65192 0.60281351 -0.84314807 -0.59770448 25 0 769 1.3491645 -0.32516226
105 452.36296 448.09692 0.27718737 -0.53294097 -0.33057964 25 0 57568 132.35035 -5.3043127
106 306.07801 449.81634 0.6995418 -0.42575504 -0.23019662 25 0 2682 4.9048501 -1.7265644
107 206.56425 452.11295 0.61810148 -0.66133757 -0.22788949 25 0 840 1.4043881 -0.36871787
108 52.736465 453.84552 0.71505642 -0.16378578 -0.26352299 25 0 11763 21.647828 -3.3385358
109 438.44087 464.73657 0.7155372 -0.75175908 -0.29898505 25 0 1647 3.0531803 -1.2118811
110 272.50907 467.9862 0.65396117 -0.28200591 -0.522923 25 0 606 1.0992425 -0.10273376
111 17.861954 473.19122 0.72960848 -0.24666672 -0.20791144 25 0 5107 9.4224893 -2.4354141
112 323.57633 472.90537 0.6961978 -0.42272395 -0.41278397 25 0 1060 1.9409048 -0.72001056
113 110.71682 474.62751 0.654163 0.097833646 -0.2197174 25 0 885 1.5328271 -0.46373291
114 389.18435 476.75418 0.53949886 -0.58593948 -0.3379992 25 0 57655 121.71497 -5.21336
115 172.43169 482.79253 0.68429005 -0.50714 -0.3280828 25 0 4009 7.3203801 -2.1613341
116 303.79193 485.0185 0.67590646 -0.96948659 -0.34071977 25 0 538 1.0414381 -0.044083613
117 222.49393 486.18 0.67132008 -0.53248992 -0.33974389 25 0 2514 4.6083063 -1.6588534
118 100.32177 491.95146 0.66742188 -0.38440949 -0.48245279 25 0 720 1.2750733 -0.26383785
119 25.462446 497.12349 0.71699244 -0.37324951 -0.33445112 25 0 900 1.7034194 -0.57830397
