id xcentroid ycentroid sharpness roundness1 roundness2 npix sky peak flux mag
1 435.96627 0.31339553 0.70225391 0.16233989 -0.27181797 25 0 1987.857 6.2298056 -1.9861862
2 41.554094 1.1989581 0.65693386 -0.1253882 -0.30015158 25 0 5806.8981 18.144638 -3.1468708
3 115.18665 4.7829283 0.62071749 -0.31698883 -0.15494804 25 0 294.36938 1.0225845 -0.024247972
4 343.30969 7.3618269 0.56979592 -0.1680541 -0.46223493 25 0 331.89805 1.3274109 -0.30751342
5 302.90416 17.429192 0.56710193 -0.042807587 -0.24831447 25 0 581.87536 2.1600938 -0.83618154
6 311.8529 19.683696 0.74819804 0.24964091 0.069327865 25 0 372.6373 1.2236344 -0.21912923
7 434.42374 20.914617 0.69178137 -0.45139345 -0.30504576 25 0 488.96658 1.4970631 -0.43810029
8 114.70034 24.596885 0.59093828 -0.032358161 0.002762845 25 0 447.03579 1.6112325 -0.51789551
9 30.123679 26.36311 0.63101383 0.040554597 -0.10473785 25 0 13950.419 45.347666 -4.1413874
10 340.40988 26.089694 0.63772834 0.00082453314 -0.14279802 25 0 817.27702 2.860617 -1.1411493
11 413.91772 29.377027 0.61298219 -0.13062595 -0.12773451 25 0 618.6927 2.074283 -0.79217
12 472.87096 29.233992 0.63684812 -0.022087225 -0.18080822 25 0 27180.98 87.50724 -4.85511
13 359.61307 47.466804 0.54643123 0.062231078 0.10112228 25 0 428.43712 1.6455277 -0.540763
14 459.18443 47.858402 0.6284323 0.33589933 -0.22244376 25 0 314.83209 1.1430971 -0.1452078
15 132.14552 49.918288 0.53887634 0.044649356 -0.10995038 25 0 411.91093 1.5653472 -0.48652668
16 119.14823 54.095812 0.65087116 -0.1288985 -0.17298775 25 0 623.06985 2.0899576 -0.80034367
17 192.11624 55.280011 0.59257298 0.0089489552 -0.13241085 25 0 1136.4288 3.767327 -1.4400833
18 211.44742 56.174572 0.62293864 -0.37667215 -0.39366087 25 0 2136.7798 6.8708723 -2.0925297
19 352.1947 57.587496 0.46791698 0.35907868 -0.061606577 25 0 379.58243 1.6431178 -0.53917173
20 71.897895 58.369573 0.76670638 -0.22638515 -0.25604519 25 0 531.39886 1.4697261 -0.41809099
21 330.07557 58.39813 0.32164781 0.090098107 -0.16046286 25 0 58063.426 236.1362 -5.9329064
22 116.79943 60.306633 0.59002424 -0.26573736 -0.19005738 25 0 4700.1079 15.458323 -2.9729059
23 159.94407 61.019745 0.48305788 0.75055402 -0.54090509 25 0 322.63208 1.3369336 -0.31527461
24 405.67613 61.978578 0.55337605 0.25891396 -0.23646628 25 0 891.19949 3.1639889 -1.2505874
25 252.43514 67.309297 0.59116143 0.0396284 -0.40756457 25 0 299.89948 1.1093019 -0.11262443
26 476.16809 67.945688 0.59810718 -0.15072533 -0.2435903 25 0 814.82994 2.8162636 -1.1241832
27 299.69757 68.82165 0.53419741 0.073516918 -0.30667247 25 0 1285.5129 4.6178283 -1.6610945
28 35.962273 76.374971 0.62388518 0.017521749 0.11027724 25 0 284.78525 1.0074584 -0.0080677849
29 448.71736 75.564568 0.53021862 0.49071416 0.016806573 25 0 1259.0738 4.6165749 -1.6607997
30 507.17104 77.946569 0.6739768 0.023184399 -0.13281739 25 0 3683.8311 11.680968 -2.6686971
31 3.0451733 79.126009 0.72400741 -0.64550983 -0.11496595 25 0 431.85659 1.3941184 -0.36074916
32 36.989883 81.245558 0.59301716 -0.36309365 -0.48555211 25 0 619.87132 2.1523515 -0.83228299
33 60.0543 80.953393 0.61349661 -0.035819536 -0.22839668 25 0 458.95135 1.6232759 -0.52598084
34 438.33684 82.549372 0.58186659 0.3225624 -0.048621651 25 0 1364.4262 4.6689577 -1.6730498
35 3.4703371 82.996839 0.74264851 -0.49110229 -0.31505134 25 0 505.06744 1.5076772 -0.4457709
36 117.61753 83.287466 0.59708225 -0.70139092 -0.26082792 25 0 394.85155 1.3114048 -0.29434194
37 476.93183 83.187564 0.77099562 0.030416707 -0.18305313 25 0 446.73048 1.3321359 -0.31137133
38 423.47759 84.127425 0.62707662 -0.11161676 -0.3096531 25 0 502.75569 1.7039618 -0.57864962
39 61.232746 86.165676 0.61499529 -0.16461009 -0.23364203 25 0 1589.0396 5.289365 -1.8085088
40 319.21951 87.998114 0.5773898 -0.23813861 -0.2409513 25 0 249.34242 1.1836415 -0.18305045
41 474.13785 91.082328 0.61104737 0.26893322 -0.1493845 25 0 941.33035 3.1390415 -1.2419926
42 356.08682 95.055106 0.61354937 -0.043565523 -0.2528771 25 0 3238.8553 10.831198 -2.5866912
43 125.02929 98.088631 0.82395972 0.20744536 -0.24087126 25 0 431.68257 1.0163248 -0.017581346
44 440.56168 100.27442 0.46789019 0.10168745 -0.15535653 25 0 207.53305 1.009209 -0.0099527686
45 97.58587 101.4628 0.55631153 -0.30664744 -0.37997638 25 0 424.74815 1.4856802 -0.42981334
46 150.13301 101.86101 0.52614312 0.3243864 -0.12134319 25 0 324.25795 1.1422817 -0.14443309
47 496.53902 102.03461 0.66311367 -0.063076544 -0.30170313 25 0 21872.886 67.464216 -4.5726837
48 160.28156 108.55739 0.61673856 0.71724791 0.10894398 25 0 421.03149 1.3113999 -0.29433788
49 288.97809 109.31246 0.64557461 -0.2249832 -0.12516861 25 0 1201.6779 3.8280269 -1.4574374
50 292.98319 111.09384 0.57412784 -0.32035912 -0.20488818 25 0 1289.9438 4.3771448 -1.6029773
51 191.28801 112.01515 0.63257746 -0.11081114 -0.26962092 25 0 1573.6061 4.9609415 -1.7389103
52 59.087991 116.00772 0.61319806 -0.18149298 -0.28339341 25 0 4176.3976 13.696069 -2.8414898
53 121.05562 115.65618 0.52893879 0.036267763 -0.095657722 25 0 369.38448 1.4519024 -0.40484356
54 457.12218 116.07083 0.60528831 0.10083441 -0.21541196 25 0 374.04706 1.4580192 -0.40940809
55 301.996 118.10759 0.48494874 -0.42770137 -0.10408818 25 0 288.71273 1.2300301 -0.22478939
56 494.74125 121.9834 0.60032949 0.0086350391 -0.14865866 25 0 2088.2357 7.1469656 -2.1353042
57 337.7001 127.64284 0.50615521 -0.19048281 -0.066932356 25 0 409.04372 1.7511117 -0.60828463
58 224.40103 129.28283 0.62417284 0.13489894 -0.23326526 25 0 15620.866 49.394235 -4.2341907
59 241.79807 129.41922 0.65140099 0.19019204 0.028049931 25 0 932.30001 2.703988 -1.0800119
60 251.82517 130.79215 0.53162811 -0.11954725 -0.24314175 25 0 1550.468 5.5383353 -1.8584481
61 308.41112 130.43521 0.56588748 -0.34682496 -0.1480241 25 0 885.86321 3.0420036 -1.2078993
62 203.95346 132.428 0.53558837 0.00049177563 -0.34893415 25 0 446.33207 1.4367976 -0.39348899
63 453.47419 132.33332 0.62727239 -0.30472917 -0.42617425 25 0 314.38673 1.1659871 -0.1667344
64 103.53596 132.63872 0.58083532 -0.54648811 -0.44121874 25 0 420.80395 1.369517 -0.34141858
65 157.89121 133.76967 0.5691087 -0.496952 -0.55748855 25 0 314.62518 1.0699818 -0.073440944
66 497.53445 132.88955 0.67195224 0.62061271 -0.0048340363 25 0 329.10673 1.1915745 -0.190303
67 56.404212 134.20322 0.60192379 0.2741482 -0.35863019 25 0 475.71844 1.6154333 -0.52072257
68 155.64187 135.85972 0.58203701 -0.16984551 -0.24776441 25 0 1770.721 5.846479 -1.917236
69 483.77147 136.48453 0.69043942 0.0040535645 0.024312618 25 0 336.06922 1.0659911 -0.069383919
70 179.65433 141.40884 0.55752674 -0.47057225 -0.17517599 25 0 1500.2638 5.000529 -1.7475399
71 11.114798 142.70825 0.67606183 0.00065801414 -0.037078309 25 0 1257.6885 3.8836266 -1.4730937
72 257.19563 144.62731 0.47948998 -0.426379 -0.10350903 25 0 337.24881 1.2126049 -0.20929832
73 399.55313 152.98949 0.54827785 -0.08701665 -0.31855197 25 0 10125.38 34.414194 -3.841844
74 302.43283 158.57687 0.53432199 0.44940806 -0.095222035 25 0 2202.6049 7.4057377 -2.1739208
75 18.299989 159.03197 0.69008601 -0.12194144 -0.22950666 25 0 751.17743 2.4189424 -0.95906382
76 98.01244 160.90331 0.47395814 -0.07753133 0.42134507 25 0 250.96322 1.0097525 -0.010537387
77 1.470916 162.94762 0.6988322 -0.18737438 -0.41130981 25 0 642.89181 2.0135994 -0.75993266
78 487.75414 165.04983 0.59943759 -0.039989108 -0.16904911 25 0 7519.6061 25.275313 -3.5067414
79 101.16394 172.33711 0.46615695 0.1245189 0.18356336 25 0 275.79129 1.0708609 -0.074332609
80 389.49131 174.46948 0.51324122 0.48410373 -0.15271622 25 0 36959.381 124.34336 -5.2365565
81 209.85449 178.23094 0.58185527 0.26074408 -0.21990711 25 0 471.91391 1.6412429 -0.53793218
82 428.83045 178.03262 0.60792884 -0.12570759 -0.082335356 25 0 503.91447 1.8818281 -0.6864499
83 156.96043 181.8186 0.5223456 -0.088091262 -0.17284517 25 0 535.01448 1.9126745 -0.70410268
84 37.198919 185.2233 0.59338529 -0.12961534 -0.34499099 25 0 369.53215 1.3075004 -0.29110453
85 481.787 186.44099 0.58906827 -0.14587937 -0.045900349 25 0 5850.0023 19.407031 -3.2198977
86 167.62863 187.46811 0.53589818 -0.53330594 -0.13825178 25 0 760.44546 2.5313288 -1.0083714
87 229.58757 186.78311 0.56388238 0.05388589 -0.2564082 25 0 1520.1089 4.9541071 -1.7374135
88 349.74043 186.75245 0.56083229 -0.09037723 -0.25936139 25 0 427.08401 1.5845205 -0.49974462
89 417.09986 188.97125 0.64976134 0.0032081144 -0.23515154 25 0 365.89067 1.2294376 -0.22426619
90 156.22413 190.08107 0.60633549 -0.10066636 -0.25627215 25 0 1545.1101 5.053054 -1.7588849
91 20.419133 195.75569 0.69760885 -0.23956694 -0.35367165 25 0 771.21996 2.2669976 -0.88862766
92 118.50878 195.99994 0.67923744 0.046179255 -0.29711732 25 0 1694.8232 4.9030757 -1.7261715
93 424.61541 195.60173 0.54236159 0.18517941 -0.19324388 25 0 2196.2995 7.6340897 -2.2068931
94 486.37264 197.51341 0.59976734 0.39466759 -0.046923133 25 0 660.10845 2.2753027 -0.89259796
95 414.60768 197.82845 0.6050909 -0.18515708 -0.34407414 25 0 484.68413 1.7271734 -0.59333988
96 230.36767 198.96854 0.57544688 -0.19786589 -0.33697401 25 0 983.25978 3.2384528 -1.2758439
97 192.79809 201.83737 0.48019989 -0.2260545 0.12451896 25 0 490.68905 1.6933525 -0.57186841
98 425.1311 200.61165 0.52453141 -0.10935045 -0.21379742 25 0 684.96262 2.5473609 -1.0152262
99 75.171848 202.4625 0.60175968 0.16012622 -0.05294803 25 0 35797.122 117.08488 -5.171252
100 124.7132 203.77999 0.5600856 0.47303352 -0.18533465 25 0 385.8465 1.181267 -0.18087021
101 424.10021 208.67022 0.64273232 -0.45675013 -0.2140741 25 0 390.57975 1.333878 -0.31279029
102 458.50625 212.41025 0.53887418 -0.76246006 -0.036260136 25 0 411.31384 1.4796044 -0.42536404
103 171.67121 214.53648 0.63698149 -0.57158442 -0.021242539 25 0 548.26589 1.6221622 -0.5252357
104 511.12708 216.24886 0.91198471 -0.18539539 0.38052397 25 0 489.04657 1.4541077 -0.40649143
105 70.274523 216.49737 0.54265213 -0.18720228 -0.03264037 25 0 524.64039 1.8368923 -0.66020926
106 472.9139 218.62382 0.55679271 0.26655958 -0.15172416 25 0 516.93583 1.9806395 -0.74201359
107 506.29365 222.35299 0.61241255 0.20994494 -0.11824718 25 0 2916.4726 9.5121792 -2.4457001
108 16.302106 225.73228 0.74785726 0.27453212 -0.20462903 25 0 342.52138 1.0611101 -0.064401171
109 18.299773 226.91459 0.75648803 0.75397746 -0.42560566 25 0 481.82333 1.3924875 -0.35947828
110 429.09214 228.55446 0.57810431 0.19889102 0.04962 25 0 898.24002 3.0585187 -1.2137778
111 329.84873 230.56918 0.51644193 0.13657949 -0.11512708 25 0 1165.6976 4.1465733 -1.5442234
112 259.93551 232.34182 0.51592847 0.029854743 -0.030484934 25 0 538.97813 1.7972058 -0.6364945
113 154.16963 233.8034 0.55467625 -0.12156388 -0.19677689 25 0 845.40741 2.8046395 -1.1196926
114 482.8871 237.29392 0.59198828 -0.1232461 -0.14187602 25 0 4359.0091 14.54083 -2.906473
115 243.44767 239.2361 0.5935699 0.088435383 -0.27230097 25 0 2550.9062 8.2569716 -2.292052
116 355.53307 241.44187 0.49040977 0.49074909 -0.093851764 25 0 3128.0498 10.900697 -2.5936357
117 425.60028 242.34544 0.59504762 -0.36502958 -0.15521812 25 0 12298.819 39.458476 -3.9903508
118 330.43469 243.73933 0.43656516 -0.035788053 -0.31291184 25 0 751.7283 2.9017803 -1.1566613
119 494.68111 244.33258 0.65045702 -0.2285921 -0.12588337 25 0 336.81331 1.1218729 -0.12485913
120 183.95862 249.95478 0.43432559 -0.20438343 -0.22963056 25 0 529.23743 2.0806012 -0.79547213
121 243.85132 250.9553 0.54779167 -0.069369895 -0.35680176 25 0 702.98941 2.5375061 -1.0110177
122 34.388974 253.90061 0.58039858 -0.51575475 -0.23240142 25 0 363.28619 1.3151665 -0.29745187
123 434.82933 253.86707 0.57531965 0.051336793 -0.11998914 25 0 1849.9221 6.4863229 -2.0299964
124 207.50576 267.56036 0.56106136 -0.59778561 -0.12285432 25 0 3776.4312 11.901677 -2.6890204
125 431.65573 267.29666 0.59533457 -0.28978464 -0.16656585 25 0 6556.7958 20.981883 -3.3046112
126 269.70803 270.1343 0.63737432 0.052637267 -0.49423492 25 0 417.19388 1.3685754 -0.34067179
127 108.05214 277.51008 0.27425445 -0.22448611 -0.35586783 25 0 180.4572 1.0370932 -0.03954444
128 36.907236 287.96781 0.58454327 -0.092002233 -0.17659676 25 0 1366.9472 4.6367208 -1.6655274
129 51.152228 297.12646 0.64255736 0.12148395 -0.04546904 25 0 777.26653 2.4636924 -0.97896619
130 351.37219 299.96363 0.60972508 -0.21620231 -0.25530232 25 0 5091.939 16.370286 -3.0351407
131 164.11043 300.97795 0.50337152 -0.16269853 -0.26236208 25 0 749.66806 2.7790342 -1.1097347
132 42.616151 302.09102 0.59021449 0.01757663 -0.17626478 25 0 1175.5884 3.8966559 -1.4767301
133 70.929399 302.0049 0.57526108 -0.21650268 -0.21292917 25 0 1178.5473 4.0781085 -1.5261469
134 325.65982 304.73133 0.49254787 -0.39683099 -0.15054583 25 0 282.22276 1.0381081 -0.040606442
135 456.88394 304.9973 0.53854657 0.010849438 -0.15891297 25 0 653.80538 2.3740106 -0.93870662
136 73.439447 311.61494 0.51627554 -0.50746236 -0.018033841 25 0 297.16321 1.1616919 -0.16272743
137 139.9124 311.72546 0.50834431 0.68475074 -0.036494339 25 0 426.94773 1.3910335 -0.358344
138 54.429137 317.66528 0.65365736 -0.3976348 -0.13108065 25 0 1179.1697 3.6173166 -1.3959663
139 402.11751 318.16893 0.495186 -0.45263743 -0.060243055 25 0 363.0577 1.3988868 -0.36445641
140 197.68172 323.6051 0.58338095 -0.52699865 0.0049507569 25 0 719.77428 2.1819078 -0.847091
141 429.57082 323.74546 0.55163104 0.34534714 -0.068582088 25 0 899.15545 3.036622 -1.2059768
142 117.11955 328.08854 0.61593534 -0.074775432 -0.25321832 25 0 3325.5965 10.856069 -2.5891815
143 39.104991 331.90159 0.6480512 0.26789657 -0.049368787 25 0 370.13174 1.1680046 -0.16861135
144 166.26158 337.63604 0.63138477 0.085057307 -0.31432325 25 0 362.44588 1.0168772 -0.018171251
145 434.22472 337.6178 0.6013103 -0.25226327 -0.15913034 25 0 287.26845 1.0220114 -0.023639343
146 309.36897 340.1607 0.58740952 -0.40000767 -0.37283257 25 0 502.37692 1.6233189 -0.52600963
147 0.1881829 346.89222 0.87712678 0.04002029 0.25472296 25 0 4580.0264 12.588119 -2.7499021
148 266.86446 347.14483 0.70878625 0.25679334 -0.0374373 25 0 597.49479 1.7312029 -0.59586992
149 9.8597003 347.83605 0.63212408 0.01077048 -0.18467189 25 0 12659.127 41.487801 -4.044801
150 359.47402 347.85945 0.59808475 -0.19630628 -0.32944703 25 0 419.67855 1.3219039 -0.30299969
151 56.273438 349.01052 0.71423748 -0.091943601 -0.20915571 25 0 1060.9907 3.0833945 -1.2225727
152 243.01676 348.81647 0.60159277 -0.10031577 -0.22648823 25 0 901.11411 2.8740618 -1.1462403
153 467.91752 355.54433 0.45964262 0.71921351 0.58840341 25 0 786.53573 2.6419132 -1.0547964
154 239.00724 358.54648 0.50648639 0.37717337 0.29417954 25 0 346.85345 1.0677914 -0.071215997
155 339.8562 361.39948 0.62405435 -0.031898503 0.01038576 25 0 739.94705 2.1916617 -0.8519338
156 219.02802 364.88171 0.56147013 -0.093905225 -0.22973905 25 0 4773.3117 16.200316 -3.0238087
157 1.1808444 366.82944 0.72250649 -0.52538953 -0.10429286 25 0 887.91973 2.6057539 -1.0398335
158 361.00887 366.49173 0.50546801 -0.2693392 -0.10337425 25 0 855.28218 2.9269298 -1.1660308
159 277.9121 368.93978 0.55927507 -0.12752904 -0.26174037 25 0 23032.808 78.788125 -4.7411519
160 1.3556913 370.63711 0.62668972 -0.37196009 -0.045520734 25 0 1208.3464 3.8316701 -1.4584703
161 2.3110614 374.03094 0.77362013 -0.30104078 0.041660359 25 0 625.31868 1.6217463 -0.52495731
162 393.67841 376.18843 0.55667716 -0.23815894 -0.20788997 25 0 1764.3682 6.0833931 -1.9603647
163 459.04919 376.92691 0.49173456 -0.090135239 0.19430515 25 0 323.95107 1.1123438 -0.11559763
164 205.36724 377.8639 0.61364698 -0.30357523 -0.27103611 25 0 1557.7846 4.8171364 -1.7069724
165 257.38869 379.16353 0.60861209 -0.061223235 -0.33370949 25 0 2552.3339 8.089563 -2.2698126
166 75.013013 380.35644 0.60311359 -0.0352688 -0.12886006 25 0 4697.715 15.413318 -2.9697404
167 406.89979 380.55335 0.57992364 -0.067966888 0.058017192 25 0 955.94987 3.0211828 -1.2004425
168 118.02647 381.03285 0.62244909 -0.44491746 -0.16532428 25 0 487.45941 1.3862814 -0.35462846
169 2.2202439 383.40565 0.52007563 -0.2180796 -0.11357743 25 0 392.96271 1.3175726 -0.29943638
170 478.56246 382.70444 0.56023315 0.053015813 -0.17998602 25 0 7799.8054 26.417213 -3.5547175
171 425.14613 392.13759 0.5899947 -0.082065158 0.32227772 25 0 368.25509 1.3521605 -0.32757064
172 54.157912 394.55036 0.60558215 0.29533084 -0.0085648666 25 0 3198.5377 10.175017 -2.5188379
173 345.23041 393.57807 0.5594934 -0.32440702 -0.073860298 25 0 2866.4592 9.4998088 -2.4442872
174 99.923343 396.19435 0.81259087 0.15537404 -0.099652361 25 0 700.31982 1.7549034 -0.61063304
175 206.61763 397.80332 0.5443347 -0.25280484 -0.14659867 25 0 553.5029 1.7348964 -0.59818389
176 79.696804 399.13432 0.49970907 -0.15483823 -0.16316358 25 0 388.54041 1.3737638 -0.34478013
177 463.2416 399.24781 0.58593579 -0.63663493 0.10545431 25 0 698.37502 2.3344421 -0.92045775
178 123.89379 400.41965 0.58759961 0.39850408 0.035934626 25 0 1256.6102 3.808299 -1.4518276
179 495.63196 400.98444 0.61588602 -0.22841648 -0.3896995 25 0 347.34634 1.1211249 -0.12413503
180 434.50142 403.01558 0.62215197 -0.30510956 -0.25907878 25 0 2402.0799 7.5198877 -2.1905284
181 463.9144 402.67479 0.58666976 -0.24043751 -0.13507644 25 0 2022.0363 6.6768843 -2.0614346
182 39.405225 405.55597 0.69539079 0.19681876 -0.27136213 25 0 525.59089 1.4213065 -0.38171938
183 225.80137 410.61538 0.51857138 0.072246755 -0.17506251 25 0 6172.3669 21.290718 -3.3204758
184 356.35716 412.76325 0.67215288 -0.24871051 -0.32541032 25 0 797.3362 2.1808826 -0.8465807
185 255.02193 418.11272 0.5998167 0.29608028 -0.27324692 25 0 710.12671 2.2500668 -0.88048854
186 391.48163 417.96006 0.58476441 0.063151884 -0.47269085 25 0 522.81442 1.6072236 -0.51519073
187 252.3154 421.78372 0.64031475 -0.23895288 -0.28005576 25 0 1877.3638 5.6618562 -1.8823971
188 473.63232 422.49006 0.62933031 0.28238754 -0.10998365 25 0 446.86372 1.1915787 -0.19030687
189 84.375061 426.93358 0.73163252 -0.17313763 -0.30588627 25 0 1123.5722 3.1417785 -1.2429389
190 108.48819 428.43362 0.59204608 0.29869782 -0.19894201 25 0 1889.0909 5.8517664 -1.9182175
191 284.0566 438.945 0.60355616 -0.14539247 -0.31293996 25 0 431.27309 1.2917197 -0.27792074
192 164.86517 440.31878 0.6322131 -0.20275286 -0.19292504 25 0 404.18734 1.1674191 -0.16806699
193 132.59717 447.49207 0.71515453 -0.34832048 -0.088962693 25 0 1026.2226 2.6306167 -1.0501439
194 159.13621 446.51385 0.55247531 -0.074958603 -0.09875506 25 0 1935.4753 6.251046 -1.9898817
195 173.778 448.20265 0.54398676 -0.44814802 -0.42808532 25 0 330.56399 1.0277357 -0.029703656
196 232.30651 449.94808 0.71298544 -0.30440158 -0.30473776 25 0 1219.3275 3.4383727 -1.3408824
197 491.32161 450.04785 0.24750578 -0.23382601 -0.15754714 25 0 61009.624 243.69021 -5.9670952
198 344.87485 451.96092 0.58799307 -0.16273863 -0.30366027 25 0 3265.9992 10.927217 -2.5962739
199 245.45065 454.57269 0.47815336 -0.018035543 -0.084146081 25 0 895.37088 2.9312399 -1.1676284
200 14.638059 454.72347 0.64333679 -0.35254338 -0.45267691 25 0 379.90397 1.1661602 -0.16689554
201 91.475565 456.18576 0.64419919 -0.3611294 -0.3297785 25 0 13403.08 41.480008 -4.0445971
202 476.37864 457.27542 0.64946205 -0.702092 -0.25321635 25 0 374.5108 1.0633234 -0.066663402
203 212.49269 464.04224 0.71575468 -0.36801291 -0.30539137 25 0 435.31993 1.1544466 -0.15593463
204 477.4565 466.66139 0.66427047 -0.5333947 -0.20916305 25 0 2175.2396 6.4836106 -2.0295423
205 379.83219 468.96848 0.49036336 -0.26025264 -0.23889576 25 0 357.87376 1.2014318 -0.19924782
206 311.38037 470.1933 0.63092652 0.072270253 -0.3586729 25 0 718.10695 2.0675059 -0.7886169
207 435.36841 471.5253 0.58266136 -0.76117952 0.010122082 25 0 418.0039 1.1373269 -0.13971326
208 362.47923 475.0901 0.71101849 -0.30398931 -0.35085258 25 0 1490.3022 4.1741093 -1.5514095
209 56.601405 475.69567 0.65133868 0.2424857 -0.18564878 25 0 5806.1458 18.241878 -3.1526739
210 149.58046 477.00993 0.64620779 -0.011442191 -0.37078851 25 0 1273.71 3.8987501 -1.4773135
211 326.22466 477.85077 0.75417263 -0.90541367 -0.25297891 25 0 416.41824 1.1102058 -0.11350874
212 427.93206 478.75815 0.39629191 -0.18703542 -0.20938823 25 0 60704.318 244.49875 -5.9706916
213 45.782276 480.85617 0.59842563 0.38870719 -0.35434843 25 0 338.30739 1.0098213 -0.010611336
214 211.29215 485.09445 0.65153206 -0.068033069 -0.26872507 25 0 5211.2194 16.364945 -3.0347864
215 501.1893 486.08332 0.54258683 -0.10379026 0.035207287 25 0 354.01691 1.1966018 -0.19487413
216 342.88156 486.93296 0.64012882 -0.52188322 -0.20396771 25 0 675.7601 1.934432 -0.71638364
217 429.17935 486.20748 0.54138473 -0.3007061 0.1370228 25 0 453.49687 1.1484203 -0.15025219
218 261.31481 488.50837 0.53714049 0.2012663 -0.13657343 25 0 2643.5128 8.8895111 -2.3721947
219 114.49757 488.95103 0.63212582 -0.15126982 -0.35983216 25 0 553.88083 1.6418705 -0.53834728
220 139.21278 494.32779 0.65619787 0.5348744 -0.17542457 25 0 875.74651 2.4463941 -0.97131604
221 338.63816 493.65821 0.76050583 -0.65039173 -0.50990856 25 0 511.93856 1.214112 -0.21064691
222 64.51492 499.58112 0.61153249 -0.22627976 -0.25381914 25 0 976.80051 2.9881916 -1.1885211
223 240.32856 509.33512 0.7172434 -0.32928096 -0.16908064 25 0 498.31305 1.2520753 -0.24407612
