id xcentroid ycentroid sharpness roundness1 roundness2 npix sky peak flux mag
1 330.82842 0.11093622 0.76437541 0.096216941 -0.58209644 25 0 342.1271 1.2096655 -0.20666327
2 303.28609 2.8455555 0.6757183 0.084723301 -0.12936557 25 0 712.16007 2.6935371 -1.0758074
3 312.18818 5.2378598 0.68683175 0.012732619 -0.0006842497 25 0 329.17349 1.2672417 -0.25714862
4 434.64887 6.0655628 0.62704546 0.14260396 -0.1456433 25 0 575.21042 2.4582988 -0.97658669
5 115.25341 10.143442 0.59387714 -0.30768335 -0.16776289 25 0 479.05884 2.0527648 -0.78084797
6 340.80132 11.544155 0.52296594 -0.19596671 0.0059220503 25 0 605.31994 2.771586 -1.1068209
7 30.282885 11.997626 0.71422362 0.055776248 -0.17303555 25 0 16031.08 59.933366 -4.4441717
8 414.15009 14.64541 0.58174409 0.59791363 0.23855189 25 0 631.74561 2.8032588 -1.119158
9 473.36351 14.500572 0.64029812 0.66598989 -0.0072102283 25 0 24003.242 91.644292 -4.9052635
10 431.33662 16.098195 0.7713534 -0.061163663 -0.19165865 25 0 326.58171 1.1676361 -0.16826881
11 18.513127 17.191149 0.51155978 0.36463313 -0.15857507 25 0 178.93289 1.0857832 -0.089357824
12 339.869 19.785362 0.60040297 0.025711282 -0.3868726 25 0 299.30853 1.503417 -0.44269867
13 218.94656 29.488864 0.77589249 0.35588233 -0.11691475 25 0 355.12295 1.2352549 -0.22939147
14 360.02412 32.850377 0.58964265 0.14320088 -0.27902731 25 0 474.67913 2.1157829 -0.81367777
15 459.5858 33.000341 0.60062295 0.22436393 0.0035832138 25 0 343.50752 1.4517443 -0.40472534
16 132.58342 35.848801 0.44567631 0.053019023 0.31638492 25 0 338.7228 1.7872408 -0.63045765
17 119.63448 39.724432 0.64257875 -0.091417885 -0.080437272 25 0 558.76432 2.2421301 -0.87665203
18 192.54913 40.739655 0.60442916 -0.19210864 -0.20790899 25 0 1039.8246 4.1217988 -1.537717
19 211.94611 41.604305 0.57345873 0.24681525 -0.084906369 25 0 2042.9135 8.4503647 -2.3171886
20 352.41316 42.774419 0.69127452 -0.22556287 -0.32648801 25 0 458.13782 1.810614 -0.64456469
21 72.250146 43.957876 0.61785033 -0.095413546 -0.26329967 25 0 565.64167 2.4360525 -0.96671661
22 255.75906 44.124748 0.61312566 -0.35878599 -0.52316073 25 0 285.73347 1.1711782 -0.17155741
23 330.51133 43.616737 0.42319781 -0.11871786 -0.13775949 25 0 58686.539 242.646 -5.9624329
24 396.01257 43.15529 0.32584323 -0.025840823 0.24164563 25 0 135.19758 1.0856792 -0.089253773
25 117.2417 45.863103 0.6611648 -0.039751741 -0.13462832 25 0 5449.5099 21.146385 -3.3130904
26 406.06739 47.21734 0.63275347 0.32504058 -0.17539434 25 0 1037.5959 4.2759451 -1.5775803
27 50.554586 48.076209 0.67300727 -0.047939064 -0.48873427 25 0 256.65639 1.1036929 -0.10712064
28 58.509184 53.118398 0.62878747 0.32291322 -0.19109657 25 0 310.10577 1.3675785 -0.33988066
29 252.73914 52.795431 0.70683536 0.33492278 -0.0021604317 25 0 376.94911 1.3280488 -0.30803512
30 476.41634 53.300083 0.58454607 -0.093669585 -0.19929576 25 0 776.00143 3.2845571 -1.291192
31 300.1247 54.152188 0.60621737 0.23669641 -0.16408183 25 0 1526.1151 6.2388517 -1.9877617
32 148.1671 58.985578 0.57015076 -0.21985867 -0.37064908 25 0 284.16274 1.1309053 -0.13356556
33 449.1322 60.899328 0.66225272 0.14634459 -0.1970976 25 0 1614.1054 6.3425413 -2.0056583
34 36.215316 61.76589 0.77751021 -0.46060393 -0.059773529 25 0 403.89078 1.4939189 -0.43581758
35 507.55056 63.187579 0.62021471 -0.09196077 -0.16300241 25 0 3179.6954 12.621187 -2.7527505
36 3.5174266 64.661442 0.50442865 -0.018623987 0.057224098 25 0 296.41076 1.5077215 -0.44580285
37 355.01845 64.839524 0.75705333 0.65346755 0.21708796 25 0 316.20822 1.1511168 -0.15279851
38 60.145009 66.630867 0.52224705 0.59859424 -0.026975578 25 0 322.31761 1.4856373 -0.429782
39 37.323449 66.915753 0.75971787 -0.21664447 -0.20788551 25 0 716.03247 2.5927357 -1.0343956
40 438.66529 67.806455 0.63459883 0.19950966 -0.19352207 25 0 1563.2906 6.2954611 -1.9975689
41 3.6834073 68.540688 0.58295954 -0.1360434 -0.24196115 25 0 352.92942 1.5866421 -0.50119741
42 118.32285 68.691283 0.62191644 -0.13689455 -0.081801324 25 0 439.88634 1.878286 -0.68440428
43 424.01825 69.394395 0.59398906 0.010741108 -0.046565171 25 0 520.50845 2.3130484 -0.91046182
44 477.55455 68.378325 0.46952279 -0.47814356 -0.19371332 25 0 295.25728 1.4391861 -0.39529239
45 42.59001 71.10702 0.67500604 0.19879996 -0.24577029 25 0 255.20071 1.0149225 -0.01608215
46 61.535108 71.768752 0.67630183 0.26518069 -0.15772337 25 0 1528.6331 5.6647774 -1.8829571
47 319.62654 73.281179 0.36254361 -0.91325742 0.19651932 25 0 145.29078 1.0479086 -0.050808558
48 474.61784 76.339617 0.64804964 0.6228162 -0.064191867 25 0 907.3143 3.4391549 -1.3411294
49 356.47671 80.31171 0.62448424 0.35507594 -0.1756799 25 0 2983.9805 11.647729 -2.6656031
50 125.51349 83.697705 0.60802241 -0.70843198 -0.31836913 25 0 439.36187 1.8004312 -0.63844133
51 441.05384 85.536142 0.62892683 0.0027778878 0.15198454 25 0 270.22282 1.2374116 -0.23128542
52 97.751508 87.162018 0.61174409 0.22501286 -0.16637979 25 0 609.42245 2.5591904 -1.0202565
53 150.34311 87.302733 0.5976419 0.52523173 -0.18064452 25 0 348.61848 1.4515872 -0.40460785
54 496.88537 87.275808 0.652327 0.15213254 -0.037384785 25 0 22412.086 87.092891 -4.8499568
55 160.65023 94.019136 0.59337333 -0.21518161 -0.20747627 25 0 500.31013 2.1534527 -0.83283836
56 289.51473 94.552324 0.4853343 -0.51934409 -0.15979712 25 0 980.36372 4.3362071 -1.592775
57 293.52179 96.417611 0.5515447 0.28143707 -0.25844966 25 0 1143.9852 4.7311805 -1.6874238
58 191.70487 97.461124 0.58473394 0.55921601 0.0037459895 25 0 1410.499 5.5358365 -1.8579581
59 422.86589 100.32225 0.99860873 0.22280154 0.10268033 25 0 447.09618 1.4936088 -0.43559217
60 121.63741 101.25401 0.73004208 -0.022286192 -0.11246191 25 0 404.20609 1.4897961 -0.43281711
61 457.53261 101.29794 0.68936585 0.18287719 -0.10047997 25 0 365.09125 1.4454898 -0.40003755
62 59.370587 101.62256 0.60067705 0.42916234 -0.20173487 25 0 3305.1289 12.777926 -2.766151
63 302.27985 103.4125 0.46383187 -0.4154911 -0.12743308 25 0 239.25344 1.1875698 -0.1866479
64 495.18933 107.22363 0.70472927 0.3715243 -0.047001222 25 0 2366.1597 8.7950332 -2.3605937
65 338.1812 112.90587 0.51584041 0.099668885 -0.2487605 25 0 485.21043 2.3238819 -0.91553513
66 224.7203 114.7459 0.56053443 0.29276503 -0.15173521 25 0 14337.142 59.9135 -4.4438117
67 242.16011 114.7357 0.51899006 0.19963373 -0.031251648 25 0 887.88437 3.7998921 -1.4494282
68 252.20854 116.15717 0.58498647 0.22998969 -0.16100653 25 0 1674.0792 6.8087875 -2.0826744
69 308.88796 115.91427 0.63234868 0.13519924 -0.20774432 25 0 1164.0086 4.6919457 -1.6783824
70 454.43951 117.72487 0.45130817 0.29500629 -0.10433467 25 0 256.01593 1.3155794 -0.29779264
71 103.9001 118.33542 0.63575156 0.34578858 0.02213077 25 0 481.59758 1.8643158 -0.67629871
72 204.32478 118.07695 0.58591356 0.057517506 -0.41889895 25 0 411.87935 1.6570695 -0.54835183
73 498.04938 117.68936 0.60790442 -0.19546119 -0.019274756 25 0 296.9701 1.4623233 -0.41260852
74 158.86326 119.41371 0.66848261 -0.06378596 -0.23620923 25 0 427.23514 1.5587992 -0.48197541
75 56.540178 119.66895 0.69670189 0.35582039 -0.054779239 25 0 497.95386 1.91892 -0.70764217
76 156.19937 121.48023 0.57623241 0.44647731 -0.044883981 25 0 1713.7779 6.9466321 -2.1044357
77 484.10768 121.79366 0.67515437 0.21352679 0.022147462 25 0 423.04794 1.6897093 -0.56952999
78 180.15999 126.89324 0.61287355 0.01191567 -0.16533507 25 0 1608.7194 6.3912273 -2.0139607
79 11.489065 128.35871 0.61912315 0.39320646 -0.13861164 25 0 1112.1196 4.5163183 -1.6369614
80 257.34786 130.06986 0.50623521 0.13363346 -0.61406755 25 0 403.6627 1.8618151 -0.67484135
81 400.11943 138.33328 0.590893 0.26091859 -0.091497895 25 0 10928.774 44.210226 -4.1138068
82 388.45304 141.51968 0.76908726 -0.39241616 -0.16480401 25 0 259.64976 1.0079234 -0.0085688008
83 302.90026 143.88319 0.57224695 0.17013791 -0.14563812 25 0 2724.6087 11.438216 -2.6458958
84 18.720897 144.6656 0.68585669 0.26685366 -0.042632358 25 0 773.43152 3.0444616 -1.2087762
85 1.7996875 148.72975 0.62381041 0.10990491 -0.1353053 25 0 575.96958 2.3988457 -0.95000576
86 488.29432 150.36876 0.65197342 0.39744605 -0.0515395 25 0 7543.7757 29.034017 -3.6572678
87 101.59014 158.07719 0.64142957 -0.3585853 -0.44697009 25 0 438.17794 1.7063126 -0.58014649
88 390.07059 159.8796 0.59546775 0.12088616 -0.16348221 25 0 48134.539 196.77614 -5.7349311
89 429.23302 163.3051 0.69426199 0.11736617 -0.0047419485 25 0 449.68582 1.756876 -0.6118528
90 210.47909 163.71186 0.6525195 -0.042215273 -0.15748766 25 0 485.55854 1.753176 -0.60956378
91 157.47057 167.17163 0.68292989 0.17285814 -0.25437658 25 0 1022.3169 3.7022934 -1.4211771
92 37.56451 170.89711 0.6335839 -0.62999035 -0.32603043 25 0 364.02665 1.5248044 -0.45803532
93 230.08696 172.31628 0.61174284 0.19810003 -0.17497936 25 0 1659.2518 6.4860438 -2.0299497
94 350.47815 172.08478 0.4897777 0.054670869 -0.41859331 25 0 425.11133 2.0293743 -0.7684054
95 482.3594 171.7263 0.63177936 -0.097532347 -0.11148497 25 0 6297.6702 24.776911 -3.4851179
96 168.20237 172.84264 0.61499136 -0.042265688 -0.083704027 25 0 903.38839 3.4886383 -1.3566398
97 417.65237 174.4397 0.44824682 -0.36089038 -0.066965187 25 0 205.58718 1.1367494 -0.1391618
98 156.58392 175.53895 0.60916544 0.49054463 -0.12985834 25 0 1273.8824 4.7274089 -1.6865579
99 425.26806 180.94573 0.64005817 -0.055539971 -0.18876379 25 0 2656.9657 10.364647 -2.5388863
100 20.826091 181.43979 0.56530432 0.36251206 0.23194332 25 0 613.28243 2.6450128 -1.0560694
101 119.00802 181.53474 0.50515296 0.45991431 0.13934751 25 0 1403.0855 5.9568719 -1.9375457
102 415.20555 183.21433 0.58422452 0.12651828 -0.2029029 25 0 551.16817 2.4538316 -0.9746119
103 486.91122 182.83362 0.59860216 0.10659874 -0.12272666 25 0 737.31234 3.1988637 -1.2624893
104 230.65099 184.53415 0.52794815 -0.33579575 -0.090139363 25 0 810.11349 3.2872915 -1.2920956
105 425.54338 185.89667 0.53468951 -0.17381596 -0.19946258 25 0 724.56633 3.125484 -1.2372932
106 193.45658 187.13423 0.59109566 -0.059135621 -0.21781042 25 0 650.83 2.6702791 -1.0663917
107 75.530135 188.14087 0.6351892 -0.1320202 -0.22469644 25 0 36704.958 142.74948 -5.3864363
108 330.13953 187.67074 0.51303423 -0.091519416 0.090333096 25 0 256.90891 1.3735807 -0.34463541
109 125.39318 189.25306 0.79909072 0.5273956 -0.016344972 25 0 436.7912 1.3600722 -0.33390487
110 256.58076 193.25194 0.51166823 -0.058011538 -0.23275095 25 0 253.91335 1.1209161 -0.12393277
111 424.94515 193.7559 0.6213011 -0.096590934 -0.24486692 25 0 296.68302 1.3336617 -0.31261417
112 459.11348 197.89947 0.6687205 0.24587798 -0.034045857 25 0 594.40445 2.3135578 -0.91070087
113 172.13107 200.1336 0.57593947 0.30321563 -0.20795409 25 0 608.80158 2.632326 -1.0508492
114 386.10391 199.63157 0.52631385 -0.45818772 -0.07218888 25 0 250.06674 1.1910081 -0.18978674
115 202.42984 201.37918 0.56209061 -0.90853877 -0.34646388 25 0 298.78436 1.1515099 -0.1531692
116 70.654137 202.28923 0.51714562 0.010462015 -0.084049629 25 0 476.27191 2.0942934 -0.80259383
117 409.89578 202.12076 0.56761957 -0.089229857 0.010088506 25 0 303.45897 1.4057601 -0.36977801
118 473.41072 203.92776 0.72434522 -0.32050329 -0.25572852 25 0 638.54222 2.4287543 -0.96345894
119 506.86179 207.56957 0.60639831 0.39981307 0.031186149 25 0 2855.6708 11.384243 -2.6407604
120 16.596258 211.1373 0.74455032 0.1773257 -0.66245876 25 0 418.0592 1.5187385 -0.45370748
121 18.718313 212.65402 0.59318287 0.49284319 -0.16933376 25 0 422.86303 1.716454 -0.58658044
122 429.64729 213.88435 0.67362878 0.2700052 -0.14215233 25 0 1082.3655 4.1508669 -1.545347
123 330.39539 215.94554 0.60253554 -0.080459122 -0.24710098 25 0 1351.92 5.6114308 -1.872684
124 260.56245 217.91269 0.6074542 -0.20545439 -0.22996551 25 0 692.28133 2.8477107 -1.1362397
125 154.58232 219.43728 0.51407393 0.05979198 -0.16218065 25 0 777.95837 3.258951 -1.2826946
126 483.52927 222.54572 0.56979548 0.7531971 -0.069301042 25 0 3685.5159 14.845912 -2.9290172
127 243.89961 224.71519 0.56047296 0.18256143 -0.16090757 25 0 2460.6953 10.347073 -2.5370438
128 356.22574 226.87803 0.59907481 0.031662428 -0.16203122 25 0 4269.6843 17.611799 -3.1145093
129 426.31563 227.56762 0.58089005 -0.094981569 -0.049897053 25 0 11813.449 47.484425 -4.191378
130 262.03382 228.79445 0.57937599 0.80251292 0.064384605 25 0 226.07735 1.0113147 -0.012215749
131 331.12034 229.18387 0.64607187 0.20377128 -0.12779237 25 0 1061.3086 4.131674 -1.5403151
132 184.41153 235.3726 0.60907769 0.59717802 -0.16363554 25 0 611.44222 2.3790822 -0.9410236
133 244.42129 236.44452 0.60184762 0.51897166 -0.061852932 25 0 668.0233 2.7775556 -1.1091569
134 435.49271 239.12212 0.62379337 0.22457022 -0.1555874 25 0 1707.7978 6.7993449 -2.0811677
135 34.82587 239.45966 0.6589289 0.047838727 0.047097532 25 0 345.47302 1.3633494 -0.33651795
136 489.68796 250.36489 0.6434239 -0.066986774 0.16673318 25 0 252.7246 1.0521956 -0.055241237
137 208.05546 253.01368 0.61730906 0.060163553 -0.18368689 25 0 4832.6419 19.386931 -3.2187727
138 432.36947 252.43849 0.55718928 -0.16407124 0.018510604 25 0 5788.4419 23.300266 -3.4184022
139 270.29029 255.72501 0.41957088 0.14296389 -0.22090621 25 0 250.87849 1.263811 -0.25420531
140 335.88675 261.9292 0.50461284 -0.61408047 -0.49287823 25 0 281.94423 1.2429006 -0.23609097
141 108.98134 263.35116 0.64016003 0.017830251 -0.29903122 25 0 377.18055 1.5924021 -0.50513185
142 30.450629 273.75842 0.74078135 0.067859268 -0.033441774 25 0 272.75654 1.031795 -0.033983558
143 37.458195 273.70861 0.61237494 -0.23049548 -0.14827462 25 0 1294.2842 5.1344745 -1.77624
144 93.71429 275.43365 0.58436194 0.010309966 -0.12485693 25 0 276.47976 1.1537507 -0.15527996
145 219.19336 282.09014 0.55765348 0.10250978 -0.5799805 25 0 308.96091 1.3402766 -0.31798612
146 51.594189 282.98285 0.66872222 0.22383345 -0.14710487 25 0 785.96633 2.9072551 -1.1587079
147 351.93786 285.39574 0.56676549 0.069686225 -0.077682791 25 0 4604.3693 18.703399 -3.1798014
148 164.56072 286.53016 0.55926203 0.84260501 -0.11330238 25 0 682.02923 2.732661 -1.0914644
149 43.287525 287.89288 0.68775999 0.041603627 -0.13630279 25 0 1339.0655 4.9518223 -1.7369126
150 71.453606 287.6921 0.64293299 -0.23903028 -0.12981693 25 0 1073.7788 4.1188065 -1.5369285
151 326.41558 290.13286 0.65014221 0.27434354 -0.18141376 25 0 391.44381 1.4817822 -0.4269609
152 457.49116 290.27527 0.61201435 -0.11243312 0.023071718 25 0 651.04638 2.5745729 -1.026763
153 73.975669 297.46993 0.32869194 -0.064874398 0.50940923 25 0 213.36479 1.0527813 -0.0558454
154 140.5616 297.23523 0.55148257 0.58564074 -0.26455176 25 0 373.82498 1.5205323 -0.45498909
155 54.843399 303.4845 0.58168633 0.13010032 0.099879521 25 0 1046.605 4.1759757 -1.5518949
156 402.61679 303.34802 0.37939183 0.50231756 0.29843541 25 0 255.2966 1.4548667 -0.40705801
157 105.85038 305.65808 0.55322425 0.99420377 0.23325242 25 0 256.5639 1.167035 -0.16770972
158 198.47998 309.0099 0.60721547 0.13522039 -0.31661447 25 0 740.76778 2.8776993 -1.1476135
159 430.31306 309.06411 0.64397531 0.008617857 -0.19116446 25 0 1043.1764 3.9834607 -1.5006513
160 215.41979 311.93284 0.45314069 -0.64794794 -0.83446274 25 0 170.9764 1.1178746 -0.12098271
161 117.53628 313.78971 0.60886608 0.29952091 -0.28247722 25 0 2993.8458 11.644133 -2.6652679
162 39.613631 317.48641 0.61119588 0.45401465 0.073088779 25 0 315.75062 1.2180451 -0.21415842
163 309.95081 325.52336 0.60689542 0.11537358 -0.1111555 25 0 565.46588 2.3054113 -0.90687105
164 242.94805 328.20528 0.47986279 -0.11231768 -0.24753763 25 0 226.98462 1.0638679 -0.067219246
165 0.52048989 332.60492 0.6865578 -0.4604271 0.047234484 25 0 4186.0551 15.754042 -2.99348
166 267.42788 332.84389 0.62156373 -0.22753555 -0.31198532 25 0 463.16593 1.8290849 -0.65558466
167 360.01218 333.17202 0.60688122 -0.20040912 -0.16583015 25 0 452.99267 1.7275579 -0.59358155
168 10.427799 333.55854 0.62850857 0.62391833 -0.12739194 25 0 10336.513 39.712869 -3.9973282
169 243.64925 334.34474 0.5672331 0.3007321 -0.18224368 25 0 776.64869 3.2353904 -1.2748167
170 56.637132 334.79074 0.63855235 0.15851397 -0.093193781 25 0 900.10367 3.3718151 -1.3196594
171 468.58899 340.83852 0.48067008 0.50223873 0.20498119 25 0 698.00554 2.8493458 -1.1368629
172 239.4045 344.21317 0.70411763 -0.19957884 -0.45035873 25 0 409.79461 1.4504282 -0.40374057
173 340.4941 346.75189 0.68360502 0.40705327 -0.092772998 25 0 669.25192 2.4638652 -0.97904234
174 219.48348 350.4306 0.5445204 -0.3244905 -0.16328833 25 0 4071.3189 16.495965 -3.0434443
175 361.59644 351.88305 0.59178182 0.04295649 -0.18318969 25 0 984.11225 4.038986 -1.5156809
176 473.06432 352.70676 0.58983743 -0.31713828 0.16074533 25 0 264.81751 1.1166347 -0.11977779
177 1.772135 352.54045 0.63808386 0.18034151 0.23067553 25 0 684.81295 2.4644637 -0.97930606
178 278.57441 354.34213 0.62494137 0.42904186 -0.25712362 25 0 21140.253 79.970207 -4.7573206
179 1.9658303 356.4274 0.68750252 -0.089836336 0.1253477 25 0 1248.0436 4.4459719 -1.6199168
180 3.0569494 359.83992 0.70592665 -0.44545821 -0.091296734 25 0 607.56165 2.2096628 -0.860815
181 394.40031 361.49767 0.60911476 -0.46255798 -0.045356663 25 0 1609.3914 6.2164499 -1.9838561
182 459.23218 362.21599 0.58420376 -0.096686753 -0.44636971 25 0 310.22635 1.306716 -0.29045304
183 205.81054 363.37631 0.52964268 0.29890151 -0.01872287 25 0 1230.3044 5.0625529 -1.7609239
184 257.99239 364.50818 0.53434915 0.17766248 -0.052318947 25 0 2176.9993 9.0907829 -2.3965032
185 75.451539 366.0582 0.64646526 -0.04541152 -0.29706936 25 0 4654.2567 17.76196 -3.1237272
186 407.52823 365.86092 0.63266234 0.37106186 -0.25521451 25 0 1015.0214 3.9259065 -1.4848499
187 118.75834 366.90578 0.67115081 0.1354144 -0.15964243 25 0 536.93703 1.9087055 -0.7018473
188 479.31762 367.94826 0.67438946 -0.041187208 -0.16476158 25 0 9405.2344 35.7701 -3.8838004
189 2.7082708 369.08863 0.61530187 -0.0081236691 -0.27669309 25 0 515.79419 2.0105364 -0.75827984
190 426.14941 377.22454 0.49177682 0.051412639 0.44269036 25 0 238.60721 1.0602175 -0.063487396
191 5.8473764 379.79868 0.46861634 0.12128515 0.6243862 25 0 191.20664 1.0014735 -0.0015986603
192 345.85032 379.0477 0.59564595 0.062160753 -0.2035257 25 0 3231.4782 13.188552 -2.8004928
193 54.653779 380.19144 0.6534531 -0.05898526 -0.19125931 25 0 3533.7373 13.41716 -2.8191515
194 100.46198 381.88798 0.73700343 -0.23011602 -0.18781625 25 0 651.62349 2.2154874 -0.86367321
195 207.30232 383.22163 0.35405598 -0.20007101 -0.092676121 25 0 390.70883 2.1249101 -0.81835142
196 248.58766 384.30228 0.49695324 0.21292234 -0.40576395 25 0 241.16312 1.0463645 -0.049207449
197 80.333919 384.92103 0.61973146 -0.19203759 -0.36481465 25 0 447.57379 1.7137157 -0.58484694
198 124.46688 386.09967 0.66336333 0.13505061 -0.31298205 25 0 1416.3573 5.2298859 -1.7962305
199 496.15178 386.36953 0.6406996 0.64296325 0.040362249 25 0 355.99291 1.3661578 -0.33875218
200 435.26012 388.31706 0.59255794 0.22159278 -0.11843891 25 0 2285.0753 9.3675702 -2.4290674
201 464.49237 387.95917 0.66130394 -0.13685398 -0.20673036 25 0 2052.8447 7.6346491 -2.2069727
202 40.101058 391.09206 0.69083753 0.34345619 -0.13385946 25 0 627.18968 2.1675219 -0.83990871
203 226.43124 396.12469 0.6547247 0.14980016 -0.25153499 25 0 7482.3125 28.442599 -3.6349232
204 357.01176 398.16069 0.60214639 0.022422364 -0.26791515 25 0 747.69808 3.0443012 -1.2087191
205 152.92886 398.59603 0.89569339 -0.07186573 -0.33584491 25 0 355.33513 1.0047139 -0.0051060077
206 392.49568 403.27778 0.6363657 0.1510929 -0.19306796 25 0 536.48799 1.9985421 -0.75178323
207 255.58425 403.58128 0.58416434 0.22565208 -0.018469625 25 0 581.99917 2.2570657 -0.88386048
208 252.8309 407.35325 0.58717792 0.11564073 -0.13683076 25 0 1793.545 7.3296988 -2.1627153
209 270.9988 406.934 0.80967514 -0.3249299 -0.12624472 25 0 432.83986 1.3892845 -0.35697794
210 474.6085 407.73566 0.63266443 0.035995944 -0.055072137 25 0 426.99491 1.5403517 -0.46904974
211 56.913529 408.7978 0.44760605 0.31612912 0.23671787 25 0 204.05206 1.0283318 -0.030333123
212 21.252415 411.37009 0.59713022 0.12265114 0.26955014 25 0 300.35655 1.1782711 -0.17811306
213 84.934332 412.63803 0.59886758 0.23269692 -0.038153763 25 0 885.74882 3.3789796 -1.3219639
214 108.97369 414.05804 0.66125995 -0.067142577 -0.28307668 25 0 2323.2991 8.7944 -2.3605155
215 284.62274 424.10033 0.67438125 0.32936553 -0.15764791 25 0 374.48749 1.2997216 -0.28462585
216 194.59215 431.02097 0.59621842 0.224181 -0.2727413 25 0 378.32149 1.4464721 -0.40077516
217 159.61804 432.1011 0.60250272 0.020388805 -0.25873782 25 0 2079.3491 8.2607755 -2.292552
218 133.22233 432.92264 0.69374795 0.2538431 -0.17405202 25 0 1187.6137 4.3306009 -1.5913704
219 382.2054 432.99491 0.68655724 0.072522149 -0.076649592 25 0 397.17375 1.5138452 -0.45020367
220 162.36078 434.72591 0.73075775 -0.39126686 -0.51195739 25 0 369.54442 1.2025685 -0.20027456
221 185.25881 435.33433 0.65277116 0.54585574 0.014595032 25 0 252.79159 1.0160881 -0.017328445
222 232.83486 435.58069 0.55791869 0.18880081 0.066534617 25 0 912.90285 3.6511117 -1.4060628
223 491.98792 435.39371 0.2955322 0.060667334 -0.06604399 25 0 61665.432 294.10882 -6.1712701
224 345.49394 437.33154 0.62376404 -0.35929843 -0.20416627 25 0 2929.3139 11.196732 -2.6227282
225 245.94321 439.97785 0.65591781 -0.1289053 -0.079312044 25 0 1227.507 4.688716 -1.6776348
226 92.19922 441.81338 0.67367489 0.031225597 -0.17815544 25 0 14576.206 55.527124 -4.3612629
227 477.21092 442.55886 0.35710599 0.47928648 0.0058655222 25 0 250.87495 1.2538982 -0.24565572
228 213.19779 449.34004 0.42481362 -0.10644641 -0.1889771 25 0 235.83633 1.1445903 -0.14662518
229 478.09262 451.95799 0.67812533 -0.097717188 -0.16884917 25 0 2392.8357 9.1149705 -2.3993882
230 380.51471 454.38675 0.62756427 -0.09741067 -0.20332433 25 0 341.61916 1.3058647 -0.28974547
231 311.93171 455.65863 0.48636972 0.47999352 0.051003879 25 0 521.17925 2.1865601 -0.84940354
232 436.20152 456.78567 0.67590104 0.31326121 0.2346943 25 0 431.98915 1.3752281 -0.34593685
233 331.48776 457.70062 0.448117 -0.5626695 -0.46243167 25 0 242.16378 1.0186166 -0.020026927
234 57.265723 461.37329 0.65863051 0.40992785 -0.077808808 25 0 5550.3487 21.174639 -3.31454
235 363.17351 460.4813 0.5600423 -0.12226074 -0.10846901 25 0 1072.5205 4.2377998 -1.5678511
236 150.20309 462.48834 0.57571304 -0.30582548 -0.026577119 25 0 1021.9893 3.974014 -1.4980735
237 326.9296 463.06583 0.69337676 0.17171817 -0.073831255 25 0 360.74704 1.1398741 -0.1421422
238 428.64242 464.12744 0.48495507 -0.13296172 -0.1979852 25 0 61004.919 267.42155 -6.067991
239 292.11745 464.7902 0.62871338 0.26608996 -0.46927405 25 0 285.26087 1.0408943 -0.043516562
240 405.86058 466.30385 0.59820087 -0.16283782 -0.23345619 25 0 312.16937 1.0259152 -0.027778674
241 211.85141 470.53424 0.58152422 0.32955491 -0.05461897 25 0 4262.3937 17.338632 -3.0975371
242 343.72671 472.4357 0.60513795 -0.36552367 -0.28115119 25 0 560.76935 2.1104973 -0.81096201
243 429.91038 471.73666 0.66269511 -0.39473684 -0.25267336 25 0 524.28193 1.6809688 -0.56389912
244 261.95048 473.91731 0.67666759 0.059047016 -0.17034714 25 0 3404.0515 12.918545 -2.778034
245 115.22875 474.47806 0.45978187 -0.34413997 0.18316959 25 0 398.42618 1.7241917 -0.5914639
246 339.45133 479.17893 0.64047093 0.14720199 -0.033008676 25 0 532.35616 2.0302396 -0.76886826
247 139.95671 479.97501 0.73790027 0.38379633 -0.12546198 25 0 1034.4115 3.6336489 -1.4008574
248 64.960719 485.25839 0.67552291 -0.044488257 -0.20912909 25 0 1124.1965 4.1355505 -1.5413333
249 241.26396 494.86319 0.68537183 -0.27492992 -0.55149335 25 0 417.40548 1.3510098 -0.32664624
250 393.98091 495.05441 0.69313448 -0.19661004 -0.42993716 25 0 294.95934 1.0326671 -0.034900834
251 498.04813 497.08525 0.5468427 -0.099290582 -0.57936238 25 0 277.37974 1.1086644 -0.11200026
252 151.21384 498.80015 0.70575484 0.31624553 -0.08869463 25 0 353.7181 1.1292674 -0.131992
253 68.142819 500.17713 0.77464235 0.82167057 -0.05544833 25 0 411.86105 1.3459299 -0.32255609
254 116.93441 501.91293 0.67510587 -0.54586621 -0.2066001 25 0 602.303 1.9900233 -0.74714543
255 162.26811 501.9918 0.66358018 -0.40980205 -0.25022353 25 0 498.08079 1.7848628 -0.6290121
256 280.68563 504.4447 0.51365187 0.2060253 -0.090427784 25 0 287.91343 1.1773035 -0.17722111
257 117.83578 505.58406 0.59234707 0.079155422 -0.076739836 25 0 741.1516 2.9170375 -1.162355
258 58.839092 508.06728 0.68472014 0.066529871 -0.18278918 25 0 288.70811 1.0043368 -0.0046984299
259 164.27704 509.40268 0.52446543 0.29295419 -0.21306892 25 0 655.25891 2.4994519 -0.99461198
