id xcentroid ycentroid sharpness roundness1 roundness2 npix sky peak flux mag
1 365.40357 0.91396672 0.61301475 0.052853458 -0.079667357 25 0 307.50764 1.4403503 -0.39617033
2 337.86704 3.5344085 0.65191279 -0.23097277 0.2294187 25 0 714.5936 2.9849099 -1.1873281
3 346.73557 5.7676831 0.52630906 0.33002267 0.17849214 25 0 354.00916 1.8300956 -0.65618442
4 469.23697 6.683823 0.74082418 -0.5181603 -0.045042765 25 0 624.00772 2.4164382 -0.95793925
5 149.5844 10.925797 0.63873868 -0.18363462 0.056708411 25 0 584.62624 2.5909915 -1.033665
6 3.9853529 11.521541 0.70779103 -0.40954585 0.15711031 25 0 536.99023 2.4135734 -0.95665129
7 375.32598 12.113526 0.63734213 0.1733117 -0.086775255 25 0 896.41315 4.0962042 -1.530954
8 64.706142 13.089394 0.69117116 -0.11216497 0.018235354 25 0 16163.173 68.444244 -4.5883423
9 12.2541 14.726797 0.69381333 -0.21304 0.099603038 25 0 6228.1304 26.35786 -3.5522754
10 448.72101 15.192683 0.60739129 -0.028333584 0.043315966 25 0 769.36555 3.4801081 -1.3539818
11 507.86986 14.976091 0.66436297 0.054661078 0.053805301 25 0 31166.028 136.0119 -5.3339423
12 52.954907 18.377841 0.56087623 0.16865662 0.10424952 25 0 241.00052 1.4340236 -0.39139072
13 374.5106 20.699886 0.43835118 -0.5913054 0.22566532 25 0 244.2864 1.2874309 -0.27430979
14 17.730712 26.684379 0.69674456 -0.030284366 -0.18324789 25 0 321.06184 1.4752439 -0.42215959
15 253.10927 30.066101 0.50277487 0.085587988 0.68179267 25 0 276.39334 1.4295871 -0.38802652
16 465.76082 32.742438 0.63655231 -0.16585714 -0.025903386 25 0 284.73648 1.3442524 -0.32120208
17 394.56665 33.477466 0.51935295 0.5148246 0.040548817 25 0 508.72888 2.4437745 -0.97015282
18 494.19595 33.523885 0.65971677 -0.007659041 0.14029057 25 0 405.66542 1.7515323 -0.60854538
19 167.00838 36.3105 0.75116713 0.19105226 0.1106507 25 0 538.24791 2.2567887 -0.88372726
20 153.91625 40.585163 0.60670919 0.2655932 0.1452081 25 0 620.70618 2.8535467 -1.1384625
21 226.95459 41.681145 0.61092908 -0.013707755 0.069080075 25 0 1246.801 5.77641 -1.904145
22 246.35909 42.540494 0.56651318 0.51233263 0.12499029 25 0 2031.6961 9.2225078 -2.4121226
23 459.45129 42.055667 0.58151835 0.10907288 -0.082439308 25 0 262.60943 1.1458444 -0.14781408
24 387.18664 43.37005 0.51740654 0.75882723 0.4180445 25 0 467.04509 2.2472446 -0.87912587
25 365.00843 44.464928 0.31556403 -0.036365181 0.036705954 25 0 58898.212 313.53922 -6.2407297
26 106.61904 44.889623 0.68644986 0.12530631 0.1235649 25 0 584.5385 2.4205716 -0.95979483
27 290.29065 45.107926 0.55616879 0.6566465 0.1402899 25 0 323.19595 1.6511765 -0.54448374
28 151.6461 46.793855 0.63133748 0.12462138 0.0019964387 25 0 5249.6261 23.157311 -3.4117203
29 194.5391 47.415652 0.69865341 0.47738716 0.03784338 25 0 361.58262 1.5577192 -0.48122293
30 440.57139 47.849892 0.62119323 0.53979137 -0.080195407 25 0 1077.5824 4.7823261 -1.699098
31 85.033839 49.089311 0.55928324 -0.14433572 -0.27881215 25 0 292.11141 1.5343549 -0.4648146
32 273.98514 52.279951 0.56258531 -0.12697715 0.3234675 25 0 306.82266 1.5509671 -0.47650649
33 440.98838 53.727492 0.38412632 -0.37922278 0.62001533 25 0 174.04889 1.1249851 -0.12786693
34 93.030224 54.289719 0.53518833 0.34411841 0.076641765 25 0 304.74074 1.5548485 -0.47922017
35 287.58369 53.418252 0.51333745 0.21002877 0.1514835 25 0 333.36772 1.6551625 -0.54710159
36 510.7833 53.858964 0.82755474 0.12073222 0.33684609 25 0 1074.7546 4.1305575 -1.5400217
37 334.65511 54.923923 0.60501284 0.097692767 0.019528126 25 0 1629.1034 7.4357308 -2.1783092
38 182.66544 59.691324 0.38435584 -0.69584079 -0.30168636 25 0 239.14994 1.3698302 -0.34166685
39 483.6964 61.418477 0.59008982 0.50592185 0.15970232 25 0 1436.4155 6.4814669 -2.0291833
40 70.703004 63.082264 0.59025989 -0.19967454 0.196326 25 0 374.66348 1.9273335 -0.71239219
41 37.983278 65.778519 0.82770085 0.019984126 0.19600615 25 0 564.54733 2.0710527 -0.7904779
42 389.85318 65.468826 0.61936531 0.8337228 0.23567507 25 0 342.65374 1.5980814 -0.50899722
43 71.742329 68.000333 0.73140734 0.0013181995 0.17473904 25 0 736.68372 2.9311012 -1.167577
44 94.850699 67.622386 0.57414795 -0.29116489 0.43700624 25 0 436.39892 2.0411709 -0.77469844
45 209.96557 67.860159 0.59619302 0.025870665 0.11551864 25 0 347.35452 1.6162688 -0.52128395
46 473.27752 68.436993 0.595094 0.34307388 0.12268355 25 0 1536.3663 6.9744967 -2.1087822
47 38.216796 69.701185 0.56395775 -0.07397818 0.16819183 25 0 483.36391 2.2992516 -0.90396625
48 152.89143 69.553234 0.69224923 0.124386 0.085352017 25 0 459.17063 1.9188592 -0.7076078
49 458.49566 69.929626 0.64139805 0.17685546 -0.14620036 25 0 596.31133 2.688398 -1.0737339
50 76.923035 72.298571 0.45223396 -0.069159403 0.38497488 25 0 228.55339 1.295991 -0.28150492
51 96.053369 72.786571 0.66563635 -0.10248395 0.085800971 25 0 1767.3301 7.5436138 -2.1939486
52 509.14585 76.902763 0.62928759 0.21932053 0.14750088 25 0 1040.9663 4.6591169 -1.670759
53 2.1420201 78.57635 0.60233327 0.43026202 -0.011298815 25 0 401.87843 2.003059 -0.75423436
54 391.12185 80.965638 0.62805557 0.066658904 0.018489309 25 0 3688.9476 16.48611 -3.0427955
55 11.566031 83.877885 0.60886301 -0.20190155 -0.076914712 25 0 741.14761 3.4100192 -1.3318921
56 160.07087 84.621459 0.60504037 0.30231814 0.011727784 25 0 510.27003 2.4094865 -0.95481122
57 475.43404 86.099153 0.69247616 0.022934133 -0.19467038 25 0 342.06568 1.5946823 -0.50668545
58 132.45228 88.303857 0.59164488 0.22118409 0.044318709 25 0 582.02765 2.6331789 -1.0512009
59 184.96277 88.266633 0.65849767 0.15965833 -0.25293392 25 0 362.63489 1.5047629 -0.44367022
60 195.29389 94.875814 0.56824296 -0.16574216 -0.29865565 25 0 423.22064 1.9306304 -0.71424785
61 324.04806 95.439014 0.55939425 -0.25739393 0.08561733 25 0 1174.2186 5.5251881 -1.8558677
62 328.04108 97.220275 0.62629114 -0.37307473 0.011762973 25 0 1467.622 6.3864963 -2.0131567
63 226.29938 98.327536 0.55186092 0.35929961 0.016876883 25 0 1585.6623 7.6964131 -2.2157209
64 223.21928 99.210762 0.34781329 0.67830884 0.91130568 25 0 140.1055 1.0389557 -0.041492559
65 156.11705 102.25961 0.53204307 0.33958831 0.16817602 25 0 380.24325 2.0402598 -0.77421366
66 492.21044 101.61161 0.67162664 -0.19058692 0.058094076 25 0 446.4193 1.9107113 -0.70298769
67 93.957673 102.61585 0.67135348 0.062848726 0.11641985 25 0 3658.5081 15.371959 -2.966823
68 101.99813 103.93604 0.65087864 0.025634448 -0.044326295 25 0 258.91585 1.1006628 -0.10413573
69 337.1468 104.04887 0.60638648 0.22567177 0.10160129 25 0 397.5361 2.045086 -0.77677896
70 372.79636 113.40933 0.59189058 0.22497757 0.14186797 25 0 612.20895 2.9152419 -1.1616865
71 259.37829 115.58136 0.61493425 -0.36314844 0.048160778 25 0 15928.443 69.614409 -4.6067478
72 276.79115 115.65928 0.62264489 0.35672437 0.13334459 25 0 1086.6899 4.8212554 -1.7079004
73 286.84384 116.99814 0.68056604 -0.048654572 -0.020269537 25 0 2080.6077 8.71165 -2.350251
74 343.41891 116.60784 0.50136532 0.32995515 -0.07955439 25 0 961.49916 4.7313716 -1.6874677
75 488.92895 118.10135 0.71298262 -0.17729218 -0.077784145 25 0 509.14073 2.1469463 -0.82955298
76 138.43178 119.2718 0.53578631 0.10914179 0.070821219 25 0 435.73672 2.1873779 -0.84980957
77 239.13824 118.71375 0.49491975 -0.18420633 -0.072632567 25 0 506.12535 2.7165106 -1.0850285
78 353.91859 119.04736 0.56902437 0.14016001 -0.058013246 25 0 275.75478 1.6124329 -0.51870409
79 193.31928 120.36974 0.53240178 -0.16530027 -0.13623433 25 0 368.30598 1.643186 -0.53921683
80 91.116135 120.7848 0.69651472 -0.15849532 0.10308624 25 0 598.68824 2.5025901 -0.99597432
81 190.7765 122.28327 0.60830928 -0.22910493 0.10189182 25 0 1925.2104 8.4919412 -2.3225175
82 23.495333 124.08752 0.56892753 0.31246486 -0.22779484 25 0 405.04824 1.9739144 -0.7383208
83 214.70635 127.70453 0.64779685 0.033394888 0.041640626 25 0 1805.1486 7.8042569 -2.2308289
84 18.290698 130.20547 0.65201073 0.43825741 -0.017681336 25 0 424.09367 1.9388232 -0.71884552
85 46.007116 129.4564 0.71262507 0.12432126 0.14809623 25 0 1324.1982 5.3386672 -1.8185821
86 291.98446 130.91295 0.60028769 -0.095778307 0.1433857 25 0 513.474 2.187879 -0.85005827
87 500.03761 134.86849 0.53887719 -0.70856105 -0.20642939 25 0 171.07602 1.0558587 -0.05901453
88 309.34703 137.2752 0.61740419 0.20852659 0.064133157 25 0 224.24447 1.1538055 -0.15533152
89 434.74218 138.91698 0.63041608 0.088505952 0.0086416888 25 0 13006.934 57.521001 -4.3995661
90 423.12593 142.07124 0.58171763 -0.067803673 0.060968423 25 0 271.04637 1.3036691 -0.28791843
91 337.50706 144.62408 0.5644798 0.32633865 -0.0099968796 25 0 2660.4923 12.204505 -2.7163004
92 53.269839 145.76251 0.66506647 -0.13997096 0.075390415 25 0 839.15704 3.6945638 -1.4189079
93 90.46731 148.03935 0.53523767 -0.6121633 -0.42197397 25 0 198.13505 1.0826801 -0.086250377
94 133.11606 147.31429 0.73936871 -0.70385574 0.060306603 25 0 265.8787 1.1479467 -0.14980434
95 36.421867 149.82137 0.61681333 -0.3291607 -0.11374564 25 0 594.62777 2.6253102 -1.0479515
96 364.5107 157.9098 0.66140338 -0.3882726 -0.059438466 25 0 208.93097 1.0073143 -0.0079124764
97 136.07663 158.97311 0.73896565 0.25379029 0.10355327 25 0 597.42528 2.3334481 -0.91999536
98 424.691 160.51596 0.604356 -0.23863383 0.13603105 25 0 46327.826 199.69812 -5.750935
99 294.95242 163.16621 0.79533925 -0.25558598 -0.41247694 25 0 306.90775 1.1639586 -0.16484384
100 463.83782 163.88483 0.77180351 -0.25162318 -0.024434409 25 0 701.03306 2.6820222 -1.0711559
101 245.10483 164.45997 0.63411478 -0.34336268 0.14045798 25 0 575.50066 2.5285506 -1.0071791
102 192.12991 168.13872 0.88802085 -0.11765313 0.13327052 25 0 366.09812 1.1814993 -0.18108364
103 495.17514 170.40419 0.73983416 0.34143692 0.19988913 25 0 265.22644 1.0926905 -0.096242937
104 71.843235 171.94209 0.69138364 0.58605169 0.19707272 25 0 381.9302 1.6410167 -0.53778252
105 264.67426 173.09332 0.65024452 -0.05262278 0.010060191 25 0 1957.2641 8.5378146 -2.3283668
106 385.02356 172.85684 0.64652658 0.033069154 0.11725085 25 0 541.86028 2.309797 -0.90893456
107 202.82393 173.85085 0.67488659 0.20353951 -0.051063512 25 0 1035.6019 4.3552923 -1.5975433
108 452.16161 174.88823 0.61581624 -0.088024971 0.0090150979 25 0 389.36247 1.8961127 -0.69466034
109 40.302025 175.64264 0.59519591 0.10865418 -0.17520777 25 0 240.50243 1.2552658 -0.24683927
110 191.35398 176.39643 0.63171496 -0.4156366 0.16298716 25 0 1431.2042 5.9919772 -1.9439254
111 182.03732 180.63267 0.54526978 -0.45579695 0.006871527 25 0 224.06563 1.1482235 -0.15006609
112 459.91619 181.443 0.62339808 0.16293577 0.21102297 25 0 2678.4552 11.522717 -2.6538873
113 55.303814 182.57744 0.7251756 -0.2156289 0.13794726 25 0 735.15681 2.8267076 -1.1282022
114 153.57738 182.5397 0.57386395 0.83253601 0.18880873 25 0 1499.7018 6.325962 -2.0028164
115 449.80668 183.75092 0.6410718 0.24439121 0.11982728 25 0 645.6763 2.8000107 -1.1178992
116 29.195223 185.0313 0.66340715 -0.24492787 0.074944566 25 0 239.75275 1.2285825 -0.2235108
117 265.50941 185.30551 0.6028557 0.29989188 -0.025156915 25 0 1036.2658 4.447356 -1.6202547
118 460.31168 186.56604 0.5400414 -0.36111474 0.10200013 25 0 794.08973 3.7304252 -1.4293958
119 228.01188 187.99457 0.57285668 0.067862682 -0.02099589 25 0 774.77622 3.8094631 -1.4521594
120 110.1488 189.15846 0.65136344 0.060347653 0.072978344 25 0 43308.891 190.46926 -5.6995622
121 159.9547 190.3233 0.68144765 0.011462663 0.027859312 25 0 473.79335 1.9436936 -0.72156953
122 412.27096 193.56647 0.44790194 0.70703253 -0.31858871 25 0 143.19376 1.0288539 -0.030884301
123 291.40734 194.08157 0.44107573 0.38538251 0.07076966 25 0 265.58851 1.4980497 -0.43881556
124 459.44236 194.36754 0.5733736 0.23922476 -0.16121707 25 0 363.33143 1.6136499 -0.51952326
125 493.64968 198.28685 0.57894404 -0.17612813 0.1297996 25 0 589.94379 2.7956303 -1.1161993
126 387.60116 200.24188 0.53481486 0.18742556 -0.17421986 25 0 282.14293 1.4952397 -0.43677707
127 420.67041 200.00932 0.54560183 0.92960937 0.28568499 25 0 297.50411 1.440444 -0.39624094
128 206.85879 200.9373 0.58767956 -0.061482912 -0.12357504 25 0 650.14677 3.0364723 -1.2059233
129 237.27042 202.0508 0.68130697 0.11432622 0.060505253 25 0 389.69246 1.6127175 -0.51889577
130 105.23026 203.24293 0.60016749 -0.043426904 -0.016285571 25 0 552.8407 2.5167297 -1.0020914
131 444.68158 202.94056 0.67349868 0.24997498 -0.24819245 25 0 366.34306 1.6799729 -0.56325569
132 508.2737 204.41255 0.66434653 0.091237722 0.14394344 25 0 648.0536 2.8596711 -1.1407902
133 454.41678 206.73849 0.78924821 -0.40512712 -0.078538268 25 0 296.54118 1.156298 -0.15767446
134 162.96516 208.46472 0.78981 0.3084286 0.27741357 25 0 264.26966 1.0656759 -0.069062876
135 3.3627159 211.22469 0.63158636 -0.40555977 -0.14407537 25 0 1898.2923 8.2788521 -2.2949253
136 50.890108 212.24298 0.71899939 0.37719054 -0.063074484 25 0 465.63805 1.9777327 -0.74041898
137 53.654614 213.72393 0.62623908 0.49661037 -0.28744362 25 0 453.73502 2.0847029 -0.79761043
138 373.48014 214.13413 0.53796785 -0.48607163 -0.32464867 25 0 232.41493 1.075926 -0.079455965
139 464.40617 214.34035 0.55547349 0.32762632 0.11705908 25 0 947.84476 4.4784294 -1.6278143
140 26.521408 215.73078 0.61638542 0.31024883 -0.047023433 25 0 1750.7279 7.7287397 -2.2202717
141 365.07835 216.63264 0.62464947 0.024623848 0.13694095 25 0 1629.2011 7.3770471 -2.1697064
142 295.24314 218.76855 0.59302484 -0.092298059 0.078036534 25 0 691.97628 3.3169092 -1.3018339
143 503.21844 219.21053 0.43977685 0.059189046 -0.33307533 25 0 167.13751 1.113611 -0.11683378
144 189.45457 220.29859 0.57054798 0.52118894 0.023468534 25 0 873.69217 3.7992742 -1.4492516
145 388.90217 220.73211 0.49222889 0.34664099 0.3412386 25 0 174.25425 1.1023384 -0.10578736
146 258.85565 223.52985 0.38509578 -0.31521133 -0.04045036 25 0 173.11104 1.0057224 -0.0061953528
147 479.39517 223.89956 0.67854567 -0.074022548 0.15348806 25 0 270.82691 1.2204672 -0.21631527
148 278.55812 225.42673 0.58839122 0.53283449 0.12374524 25 0 2429.9762 10.66172 -2.5695682
149 24.147456 227.6799 0.65086518 -0.00879876 0.40023236 25 0 410.21664 1.9832091 -0.74342126
150 390.92414 227.50602 0.60885335 0.22449459 0.1833397 25 0 4234.1018 18.666241 -3.1776422
151 461.00761 228.20607 0.63034874 0.062850022 0.084480245 25 0 14777.758 65.341174 -4.5379673
152 365.92396 229.92655 0.61634365 0.11014683 0.11961762 25 0 1230.1627 5.7142094 -1.8923904
153 191.25726 233.46887 0.71736614 0.35051812 0.16138824 25 0 234.51047 1.0019207 -0.0020834023
154 219.10302 236.27294 0.56505124 0.20395681 -0.042174949 25 0 716.3158 3.522029 -1.3669823
155 279.21918 237.30479 0.60466501 0.38021116 0.10828667 25 0 734.79388 3.3357713 -1.3079907
156 61.447289 238.10848 0.63972957 -0.063694044 -0.24790993 25 0 556.46809 2.6814426 -1.0709213
157 470.17734 239.68928 0.62740025 0.12577857 0.1484864 25 0 1989.5105 8.8540739 -2.3678579
158 69.63015 240.67977 0.49570077 -0.082629997 0.16459317 25 0 276.37679 1.5216204 -0.45576577
159 56.006255 243.48017 0.52720209 0.040352903 0.093345445 25 0 248.27688 1.3146375 -0.29701503
160 467.09626 253.13502 0.63919489 0.084718608 0.066350513 25 0 8198.7384 36.150189 -3.8952764
161 242.87515 253.84634 0.65366338 0.083491479 0.070713318 25 0 5451.5289 23.738868 -3.43865
162 15.155173 254.94106 0.64828172 -0.11990732 -0.0096858439 25 0 1089.5375 4.9113208 -1.7279957
163 304.8623 256.33984 0.65632891 -0.4724199 -0.035824376 25 0 452.16517 2.0867696 -0.79868626
164 370.54571 262.55227 0.50985635 -0.078632816 -0.11765835 25 0 299.25572 1.4005994 -0.36578484
165 143.48587 264.28185 0.64316878 -0.25030331 -0.28547264 25 0 363.74298 1.5342627 -0.46474935
166 25.256021 274.88557 0.72564473 0.025712405 0.22996965 25 0 331.83681 1.4114886 -0.37419345
167 65.714839 274.90469 0.49765639 -0.67273111 -0.48666074 25 0 213.90118 1.1584234 -0.15966826
168 72.014534 274.76127 0.66806361 0.014054387 0.16737625 25 0 1576.4214 6.7891659 -2.079541
169 128.44868 276.23435 0.60150228 -0.52316954 -0.079554781 25 0 285.2467 1.3073902 -0.2910131
170 87.999409 281.54832 0.97033301 0.21164309 0.25871451 25 0 1234.2764 4.3020756 -1.5841951
171 254.21981 282.8903 0.4044937 0.13394474 -0.19862059 25 0 229.56066 1.4834209 -0.428161
172 86.316536 283.94822 0.68275016 -0.2225555 0.075080111 25 0 912.9918 3.9485391 -1.4910911
173 386.77134 286.06391 0.62603311 -0.049663135 0.0059457643 25 0 5813.5613 25.810421 -3.5294877
174 199.36715 287.4884 0.65092609 -0.2404762 0.15717868 25 0 852.15897 3.5514568 -1.3760163
175 77.869169 288.88357 0.6000662 0.30456079 0.10139761 25 0 1281.3805 5.9192242 -1.930662
176 106.16148 288.59562 0.68029437 -0.027079655 0.13482807 25 0 1239.5704 5.103666 -1.7697056
177 361.04244 290.93888 0.5965042 -0.06473106 -0.10769177 25 0 431.08579 2.0477068 -0.77816943
178 492.40722 290.67545 0.63212572 -0.16781136 0.018672215 25 0 713.51549 3.2222856 -1.2704101
179 30.485212 293.85557 0.63232517 0.30124341 0.050433343 25 0 451.95246 1.9517605 -0.72606631
180 45.561625 293.82938 0.60290723 -0.17280571 -0.16566762 25 0 236.24645 1.1120145 -0.11527608
181 108.51499 298.76652 0.45063771 -0.69064752 0.1447424 25 0 224.87601 1.1661138 -0.16685238
182 175.2624 298.28456 0.60222604 0.0092844301 0.23511806 25 0 406.78116 1.7647375 -0.61670026
183 89.608314 304.49898 0.57683807 -0.4663842 0.089750971 25 0 1115.3352 5.0988822 -1.7686874
184 437.43919 304.20574 0.55597484 -0.62872164 -0.030668801 25 0 345.59976 1.6432403 -0.5392527
185 233.29091 309.92828 0.5775156 0.011951335 0.050493629 25 0 787.24666 3.6038718 -1.3919233
186 465.0442 309.65786 0.5846036 0.011379208 0.16824369 25 0 1029.5031 4.8004484 -1.7032045
187 152.47065 314.72739 0.63851976 -0.33934989 -0.039858989 25 0 3266.4144 13.810789 -2.8505462
188 28.508276 316.50485 0.52704742 0.46869534 0.03234812 25 0 1732.299 8.1300625 -2.2752347
189 12.726818 316.4218 0.61085595 0.22506599 -0.020413397 25 0 769.33625 3.1779717 -1.2553751
190 239.36949 318.09168 0.48007558 0.55918463 0.56182819 25 0 181.3938 1.0541042 -0.057208894
191 74.500088 318.56677 0.56115093 -0.48682958 -0.15245704 25 0 364.18868 1.7805603 -0.62639174
192 201.80181 324.2808 0.65731055 0.021251185 0.12312172 25 0 347.53827 1.4929985 -0.43514846
193 469.56491 323.63049 0.56030381 0.8540774 0.36996285 25 0 221.98502 1.0837948 -0.087367702
194 344.80078 326.30416 0.48150936 0.51644839 0.34160142 25 0 486.91924 2.529075 -1.0074043
195 277.73092 329.18304 0.58411727 -0.12485192 0.14397921 25 0 255.07665 1.1041265 -0.10754708
196 34.980956 333.67737 0.6714208 0.12175599 0.14872575 25 0 5183.1656 22.087345 -3.3603588
197 302.08055 333.63143 0.60463663 -0.5347906 0.024136293 25 0 509.25297 2.2686813 -0.88943372
198 394.95987 333.9329 0.62454055 -0.08471114 -0.030993855 25 0 543.51992 2.5100884 -0.99922255
199 45.221697 334.65098 0.68100103 -0.20668761 0.12772364 25 0 13217.299 55.416492 -4.3590976
200 278.46274 335.21136 0.48515996 0.053575749 -0.074031091 25 0 692.62058 3.5879716 -1.3871225
201 91.529008 335.83483 0.59401921 -0.25034526 -0.12139805 25 0 934.76809 4.1956172 -1.5569896
202 503.34925 341.47157 0.6744932 0.6666194 0.45441536 25 0 972.06599 3.7463367 -1.434017
203 274.47565 344.91583 0.56516263 -0.26106711 -0.26119371 25 0 357.48688 1.7079086 -0.58116158
204 375.30087 347.40251 0.54176633 0.29521673 0.049701698 25 0 640.65307 2.9349999 -1.1690202
205 489.92324 349.93804 0.60467811 -0.28664748 -0.27493373 25 0 246.88849 1.1892312 -0.18816574
206 254.43658 351.28572 0.62379797 -0.4243084 -0.082473975 25 0 4789.6819 20.455352 -3.2770174
207 396.45536 352.45613 0.56367374 0.66288525 0.048489452 25 0 861.86089 3.8224608 -1.4558576
208 508.10169 353.10874 0.71692697 -0.33107922 -0.085656877 25 0 383.29976 1.6960132 -0.57357309
209 26.867911 353.95678 0.65161148 -0.27021917 0.20463058 25 0 479.95897 2.1576981 -0.83497672
210 36.59937 353.59279 0.65503611 0.18919279 0.21972831 25 0 719.28571 2.7942842 -1.1156764
211 313.52043 355.10085 0.57356795 0.11580323 -0.1154561 25 0 22462.034 101.44113 -5.0155352
212 9.1498219 355.60857 0.67121076 -0.079680059 0.14651394 25 0 895.84588 3.9379127 -1.4881652
213 171.78711 357.04332 0.46420168 -0.010685012 0.018013254 25 0 233.96548 1.1318424 -0.13446494
214 458.45278 357.08371 0.59464575 0.17446882 0.29390578 25 0 221.11277 1.0871274 -0.090701135
215 36.788178 357.47153 0.68484669 0.48470915 0.31097479 25 0 1264.6902 4.9790237 -1.7428605
216 37.806838 360.80427 0.67176555 -0.31528076 0.29567461 25 0 585.82834 2.5347888 -1.0098545
217 429.3223 362.1745 0.59374624 0.036720676 -0.039210995 25 0 1840.9379 8.4290289 -2.3144439
218 494.59277 362.68277 0.81357071 0.1019481 -0.099209811 25 0 301.04067 1.1397289 -0.14200391
219 240.77997 364.23721 0.6498679 -0.20099043 -0.01638954 25 0 1639.1826 7.0392187 -2.1188111
220 292.8684 365.48696 0.63124195 -0.10132227 0.16534572 25 0 2714.9528 11.742907 -2.674439
221 110.35504 367.09299 0.64005697 0.0064518078 -0.031859589 25 0 4981.6159 21.763637 -3.3443287
222 442.36561 366.402 0.55033193 0.60366142 0.026748673 25 0 887.67209 4.0180186 -1.5100299
223 125.37657 367.9508 0.70130447 0.36724901 -0.0023967668 25 0 261.13049 1.0408174 -0.043436365
224 153.57632 367.82146 0.73718145 0.18133336 -0.13094089 25 0 482.13033 1.7899399 -0.63209612
225 2.8797482 368.22736 0.72690506 -0.31760306 0.55966536 25 0 282.37544 1.151296 -0.15296753
226 37.466651 370.07368 0.56064342 -0.63845974 -0.3476535 25 0 441.7367 2.0339866 -0.77087022
227 17.826271 373.90997 0.73392849 0.11138003 0.088832493 25 0 813.14262 3.22594 -1.2716407
228 284.53572 375.46982 0.47568328 -0.050039481 -0.40597783 25 0 173.20729 1.0218183 -0.023434173
229 460.85736 377.91157 0.62577825 0.19171453 -0.10173063 25 0 363.44465 1.7003977 -0.57637624
230 380.77 379.68703 0.62560119 0.10320676 0.066827235 25 0 3448.5744 15.288326 -2.9608998
231 40.845592 380.16504 0.76939715 0.18115251 0.52877625 25 0 309.42151 1.2074386 -0.2046626
232 89.523118 381.25339 0.64764594 -0.29664035 -0.047880936 25 0 3382.4696 14.255553 -2.8849602
233 135.20315 382.92502 0.63869085 -0.3397378 -0.0039141464 25 0 602.75764 2.5528248 -1.0175525
234 242.06015 384.30687 0.53193578 -0.21295403 -0.0058291631 25 0 505.54421 2.4245877 -0.96159474
235 283.84757 384.94271 0.7771158 -0.35937966 -0.26688258 25 0 306.50102 1.068227 -0.071658869
236 498.79666 384.99297 0.66950385 -0.33140914 0.42966997 25 0 643.6893 2.4572103 -0.97610581
237 115.11285 386.06098 0.61275094 -0.093977292 0.14752188 25 0 401.49788 1.722305 -0.59027517
238 19.841767 387.23971 0.68670111 0.17152373 0.036714462 25 0 1113.0634 4.832037 -1.7103256
239 159.38112 387.111 0.58960975 -0.0099444701 -0.05870021 25 0 1388.5028 6.3312758 -2.0037281
240 470.15453 388.95482 0.65729815 -0.024457229 0.051630575 25 0 2678.4578 11.65433 -2.6662183
241 499.49626 388.51376 0.6391049 -0.6356525 0.074308236 25 0 1833.2293 7.5354317 -2.1927704
242 74.894956 392.25771 0.69583952 -0.26297365 0.095563196 25 0 594.67756 2.460358 -0.97749576
243 402.96703 394.61443 0.77431028 0.85190397 0.63553347 25 0 315.38802 1.2597754 -0.25073285
244 31.349791 396.25382 0.51040807 -0.074672325 0.18390432 25 0 205.5138 1.0156396 -0.016849011
245 261.38345 396.97231 0.59965698 -0.062873908 -0.068459732 25 0 7496.0251 33.822631 -3.8230185
246 112.2283 397.52171 0.50917818 -0.53550525 -0.2007998 25 0 232.58422 1.2343776 -0.22862008
247 391.90459 398.85519 0.64852358 -0.099836876 0.012037373 25 0 761.08604 3.2239881 -1.2709836
248 187.99291 399.7963 0.74019717 0.40866258 0.3044917 25 0 334.27786 1.2741033 -0.26301156
249 290.46215 404.45585 0.54083439 -0.41064041 -0.067160287 25 0 595.07529 2.8235777 -1.1269994
250 427.50582 403.81331 0.6892301 -0.31963483 -0.13445414 25 0 586.49945 2.4343374 -0.96595193
251 36.977279 406.51528 0.52591697 -0.36904092 0.04719175 25 0 238.46604 1.161616 -0.16265644
252 18.144336 408.4225 0.58333775 0.48774423 0.22953129 25 0 893.51822 4.2090391 -1.5604574
253 287.86466 408.16608 0.64097031 -0.084991154 0.042606833 25 0 2004.1933 8.7155061 -2.3507315
254 305.94321 407.79461 0.62006769 0.37115917 0.034901957 25 0 404.16078 1.883649 -0.68749994
255 509.43574 408.23984 0.63112477 0.20644385 -0.055928039 25 0 430.88167 1.7362767 -0.59904732
256 119.79802 413.58631 0.64546731 0.34140148 0.16650217 25 0 908.97966 3.9021019 -1.4782465
257 143.86308 415.10602 0.67220602 -0.04465648 0.073774831 25 0 2444.0847 10.451251 -2.5479207
258 319.89084 424.96324 0.67747934 0.022541496 -0.031434558 25 0 452.94248 1.9522386 -0.72633221
259 200.39476 426.74785 0.74723178 -0.36445515 -0.13353529 25 0 327.63899 1.1970452 -0.19527638
260 229.44594 431.93853 0.68902932 -0.12119984 -0.20328475 25 0 380.56076 1.5125287 -0.44925907
261 194.72679 433.08476 0.65767204 -0.07337111 -0.020783875 25 0 2280.0204 9.6818653 -2.4648976
262 168.15291 433.98135 0.675252 0.010136029 -0.013002226 25 0 1180.3122 4.9676262 -1.7403723
263 417.05318 433.68347 0.66148818 -0.25662576 0.29083584 25 0 359.80569 1.5705916 -0.49015818
264 197.14058 435.77348 0.61300994 -0.88944278 -0.72029682 25 0 285.49156 1.2212197 -0.21698452
265 267.98579 436.32058 0.65990615 -0.2366291 0.055009466 25 0 1133.4869 4.7500259 -1.6917399
266 380.50912 438.07696 0.64188214 -0.22681474 -0.12478636 25 0 3126.9376 13.202737 -2.8016599
267 281.03692 440.79461 0.63396323 0.032558942 0.24552718 25 0 1260.3254 5.5299432 -1.8568017
268 50.114071 441.43468 0.70901915 0.24626302 0.15424642 25 0 351.71247 1.4324548 -0.39020232
269 127.08125 442.84126 0.65626719 0.017635116 0.066247825 25 0 15054.883 65.699112 -4.5438988
270 498.87767 449.30429 0.68682326 -0.24961222 -0.064667963 25 0 357.12151 1.5588297 -0.48199666
271 247.99185 450.16524 0.52612011 -0.70244869 -0.27835181 25 0 274.51712 1.2400204 -0.23357208
272 415.43336 454.98129 0.61366259 0.48141656 -0.24350744 25 0 394.27456 1.8283025 -0.65512016
273 347.13751 456.42671 0.69723852 -0.057542879 0.055255535 25 0 774.0177 3.2847767 -1.2912646
274 471.21798 457.22008 0.62926019 0.2414576 0.15555289 25 0 427.94568 1.7516265 -0.60860375
275 398.14366 461.18542 0.64203621 -0.027828454 0.046813123 25 0 1420.0448 6.1523006 -1.9725939
276 92.18665 462.40446 0.66893005 -0.13801089 0.21188512 25 0 5558.4005 23.071001 -3.4076661
277 185.1951 463.5277 0.70046265 -0.073981672 0.13634372 25 0 1221.6534 4.8746961 -1.7198689
278 362.04828 463.9971 0.6260243 -0.32118189 0.36779003 25 0 350.60785 1.5113245 -0.44839434
279 463.54437 464.55815 0.48277914 0.3903043 0.036770957 25 0 61301.797 294.20554 -6.1716271
280 327.34108 465.57525 0.64639366 0.051854911 -0.0088172233 25 0 346.49201 1.4174974 -0.37880565
281 1.07324 466.96375 0.67818136 -0.10427241 0.099689147 25 0 1251.5166 5.4278833 -1.8365763
282 440.79184 467.07322 0.65227786 0.25063817 0.01349746 25 0 382.436 1.7776894 -0.62463971
283 81.288595 466.97626 0.63014429 0.051938095 0.28196912 25 0 263.61879 1.0405267 -0.043133039
284 26.224405 470.4224 0.62403169 0.33301842 0.17836473 25 0 264.79399 1.1377892 -0.14015447
285 246.93806 471.54566 0.64638243 0.1269883 0.16029947 25 0 5048.7202 21.868603 -3.3495526
286 464.86626 472.38959 0.51757475 -0.28207104 0.066485796 25 0 423.15586 1.7506058 -0.60797088
287 378.51622 473.18781 0.70403648 -0.23210771 -0.060932082 25 0 599.33404 2.3571396 -0.93096324
288 281.29042 474.4211 0.5230931 0.12258682 0.48512568 25 0 249.61191 1.1234881 -0.12642118
289 81.174752 474.50812 0.6090074 0.51482419 0.89841796 25 0 211.22707 1.0051261 -0.0055513805
290 297.03334 474.83236 0.68292388 -0.045566453 0.0087460236 25 0 3601.328 15.249307 -2.9581252
291 150.09044 475.50954 0.67454664 0.11431975 0.25695425 25 0 486.29194 2.082215 -0.79631393
292 429.90122 477.4094 0.90356983 -0.0067422945 0.4902194 25 0 270.57735 1.0026824 -0.0029085052
293 374.3015 479.81567 0.70730584 -0.15258197 0.25002154 25 0 504.90768 1.8663873 -0.67750441
294 174.8988 480.90344 0.67476051 -0.058874675 0.1149845 25 0 975.53007 4.1907705 -1.5557347
295 252.76253 485.34212 0.73163787 0.031680155 0.22368147 25 0 357.77285 1.2988463 -0.28389442
296 99.919092 486.38947 0.67922991 0.10986149 0.15538756 25 0 1194.7491 4.9470999 -1.7358767
297 276.2169 495.81611 0.60665179 -0.025442537 0.18342744 25 0 404.70717 1.8595254 -0.67350527
298 186.2207 500.11467 0.54662829 -0.039051891 -0.015998643 25 0 329.34506 1.5030157 -0.44240881
299 103.23849 501.09207 0.55422571 -0.57960461 0.52616869 25 0 309.04316 1.4593951 -0.4104322
300 152.05889 503.03114 0.70677011 -0.34293953 0.10410273 25 0 674.26219 2.6504025 -1.0582796
301 197.46632 503.08566 0.6400645 0.22557589 -0.045657188 25 0 514.25694 2.2457056 -0.87838207
302 315.96529 505.1887 0.65250703 -0.26581095 0.19944009 25 0 305.68365 1.3490082 -0.3250365
303 152.91891 506.72648 0.66269782 0.017831862 -0.013335111 25 0 738.91308 3.0003268 -1.1929214
304 199.40126 510.39258 0.56423237 0.35528923 -0.049151772 25 0 736.27263 3.4376482 -1.3406536
