id xcentroid ycentroid sharpness roundness1 roundness2 npix sky peak flux mag
1 9.6578383 -0.25295567 0.80368627 -0.05711001 -0.18761947 25 0 720 1.7088426 -0.58175513
2 270.79953 15.327469 0.64286317 -0.12529095 -0.030533865 25 0 520 1.2837031 -0.27116147
3 -0.14207408 24.017277 0.89977429 0.1722074 0.29798807 25 0 884 1.772572 -0.62150969
4 308.33599 23.938948 0.79457281 -0.21930512 -0.2172791 25 0 655 1.3681501 -0.34033433
5 381.49359 27.308267 0.58073374 -0.26616125 -0.19206836 25 0 382 1.1239487 -0.12686624
6 440.53977 27.166456 0.65607466 -0.0781493 -0.32040902 25 0 19512 40.60852 -4.0215429
7 160.10462 53.135799 0.67672636 -0.060099724 -0.081155898 25 0 1009 2.132093 -0.82201538
8 179.50253 53.903926 0.60469231 -0.19337821 -0.26593888 25 0 1666 3.6606743 -1.4089027
9 297.99173 56.164528 0.31352248 -0.1186164 -0.12975517 25 0 58149 168.81068 -5.5684998
10 84.914688 58.071126 0.67930505 -0.24120406 -0.19962705 25 0 4375 9.1911863 -2.4084289
11 373.52774 59.915291 0.75412391 -0.63994138 -0.36407735 25 0 825 1.7695228 -0.6196404
12 443.86855 66.120344 0.52218403 0.057765676 -0.21523744 25 0 540 1.6593183 -0.54982428
13 267.6873 66.579997 0.60265465 0.23411987 -0.09699284 25 0 1060 2.3067412 -0.90749718
14 416.17377 73.408045 0.50696753 -0.36038385 0.062163448 25 0 824 2.2617637 -0.88611806
15 474.71389 75.868853 0.6696498 -0.12383422 -0.2195092 25 0 2643 5.8466692 -1.9172713
16 4.951926 78.990025 0.73349276 -0.1951209 -0.31732131 25 0 436 1.0449495 -0.047738304
17 405.83717 80.347848 0.63357445 -0.27238276 -0.17316251 25 0 1212 2.900012 -1.1559995
18 391.15082 81.973694 0.76271555 -0.021093078 0.07985193 25 0 489 1.1100087 -0.11331597
19 29.342033 83.949792 0.6725574 -0.27409468 -0.33139752 25 0 1205 2.6783447 -1.0696662
20 441.75448 89.018917 0.64701206 -0.40855195 -0.23034558 25 0 613 1.5237224 -0.45726461
21 323.74152 92.936496 0.66406763 -0.18093478 -0.23492053 25 0 2696 5.6150853 -1.8733909
22 464.0017 99.99706 0.7057571 -0.15732849 -0.13926796 25 0 19511 40.046702 -4.0064169
23 257.09798 107.08682 0.61176865 -0.63836183 -0.20640957 25 0 1014 2.227702 -0.86964275
24 260.99278 108.76828 0.66217684 -0.23679371 -0.087458276 25 0 1264 2.5404826 -1.0122905
25 159.36304 109.7937 0.63409661 -0.54750375 -0.35682807 25 0 1324 2.6469652 -1.0568706
26 27.192438 113.75911 0.61918821 -0.49947283 -0.22295365 25 0 2775 6.098267 -1.9630161
27 482.08248 116.45602 0.55557689 -0.12232886 0.01087564 25 0 1208 3.1112009 -1.2323201
28 462.31907 119.92761 0.67178395 -0.33601433 -0.23542612 25 0 1664 3.733272 -1.4302241
29 305.51389 125.25389 0.5865752 -0.28250882 -0.010703964 25 0 444 1.0484632 -0.051382999
30 192.45914 127.05015 0.67825823 -0.25732052 -0.30837438 25 0 14220 28.645088 -3.6426254
31 209.76082 127.13231 0.61960857 0.29163888 -0.12260601 25 0 956 1.9205713 -0.70857606
32 219.87405 128.64723 0.59408422 -0.24259133 0.13522012 25 0 1380 2.831153 -1.1299084
33 276.38843 128.15741 0.53676438 -0.39929237 -0.07870047 25 0 682 1.5715783 -0.49084007
34 171.96382 130.28746 0.68703896 -0.16118551 0.0082399877 25 0 546 1.0120433 -0.012997749
35 123.86427 133.59536 0.62151753 -0.10852382 -0.12331814 25 0 1608 3.210282 -1.2663579
36 490.60896 135.40154 0.64186032 -0.49812316 -0.091831285 25 0 1180 2.7752755 -1.1082653
37 147.55072 139.1017 0.57449765 -0.5015076 -0.37912425 25 0 1362 2.9085415 -1.1591882
38 367.171 150.87971 0.65664574 -0.26274666 -0.18918756 25 0 9916 20.765472 -3.2933545
39 270.51823 156.35699 0.59799477 0.12995762 -0.23859038 25 0 2075 4.2130859 -1.5615008
40 455.40091 162.9512 0.68263129 -0.25450336 -0.21501927 25 0 6448 13.49627 -2.8255344
41 357.19573 172.40833 0.58227013 -0.0023795816 -0.089791751 25 0 35655 78.369956 -4.735374
42 124.93557 179.45102 0.57992917 -0.3893055 -0.24980329 25 0 935 1.8726874 -0.68116323
43 197.67395 184.56313 0.54624894 -0.78118848 -0.0096534648 25 0 1189 2.3884101 -0.94527224
44 449.43229 184.30964 0.63426757 0.12480395 -0.15786074 25 0 4956 10.637244 -2.5670728
45 135.64228 185.2227 0.58034268 -0.67793475 -0.32852237 25 0 789 1.6535152 -0.54602051
46 124.24711 187.81584 0.6614907 -0.39085265 -0.17180298 25 0 1431 2.8071699 -1.1206717
47 86.579876 193.67288 0.6412243 -0.33944277 -0.22126877 25 0 1374 2.6915944 -1.075024
48 392.26139 193.4476 0.59007911 -0.4876156 -0.013891515 25 0 1856 3.9782523 -1.4992308
49 453.8949 195.4524 0.64285053 -0.47318437 -0.26413523 25 0 495 1.210101 -0.20705405
50 382.17251 195.79091 0.61424645 -0.22914207 -0.030812119 25 0 449 1.0827611 -0.086331629
51 198.34908 196.69603 0.67753048 -0.11377181 -0.10146995 25 0 934 1.6430308 -0.53911425
52 392.68096 198.58481 0.55270794 -0.9812718 -0.018268935 25 0 556 1.355802 -0.33049071
53 160.8751 199.41834 0.64317998 -0.2059333 -0.11483094 25 0 681 1.1999857 -0.1979402
54 43.18578 200.12239 0.70378518 -0.13195305 -0.17776988 25 0 36664 74.757111 -4.6841313
55 479.95689 214.22461 0.73112149 -0.081909576 -0.044716853 25 0 1412 3.0397644 -1.2070998
56 473.87677 220.31072 0.64266939 -0.26813473 -0.10802875 25 0 2307 5.0028438 -1.7480424
57 396.74851 226.38911 0.50534839 -0.43447853 -0.1234376 25 0 678 1.7704928 -0.62023542
58 297.64429 228.31562 0.62316419 -0.5865577 -0.16215402 25 0 1165 2.4209501 -0.95996461
59 227.92403 230.35206 0.67634554 -0.1875512 -0.16229824 25 0 685 1.2445341 -0.23751699
60 122.22438 231.57876 0.69704147 -0.35769383 -0.095558094 25 0 862 1.4678052 -0.41667109
61 450.49914 235.24157 0.62750379 -0.55593295 -0.25893047 25 0 3219 6.9087211 -2.0984942
62 211.39786 237.00908 0.63528393 -0.36041345 -0.27042671 25 0 2359 4.7942307 -1.7017973
63 323.44043 239.30574 0.61394703 -0.056283507 -0.22049753 25 0 3129 6.4932691 -2.0311585
64 393.43799 240.14962 0.61799435 -0.21555758 -0.29643277 25 0 9835 20.817052 -3.2960481
65 298.4555 241.49255 0.55352361 -0.81983453 -0.099315447 25 0 782 1.7112879 -0.58330768
66 151.84345 247.50406 0.59294075 0.74403364 0.10427709 25 0 584 1.1268172 -0.12963363
67 211.92929 248.71625 0.56364281 0.19559234 0.0077768648 25 0 686 1.3980327 -0.36379331
68 402.45031 251.63553 0.58410422 0.1311238 -0.27812003 25 0 1286 2.8426694 -1.1343159
69 175.51313 265.27911 0.61904601 -0.51824624 -0.23038755 25 0 3777 7.7307019 -2.2205473
70 399.45857 265.13236 0.61604893 -0.23585898 -0.33147914 25 0 5259 11.121098 -2.6153691
71 499.99712 266.71491 0.67868276 -0.14730823 -0.16800431 25 0 1199 2.6530468 -1.0593623
72 5.0112272 285.65886 0.63196424 -0.051379918 -0.069577816 25 0 1220 2.5462107 -1.0147358
73 19.274032 294.93789 0.6248906 -0.19753556 -0.26745297 25 0 645 1.4467001 -0.40094627
74 319.21694 297.70132 0.59888035 -0.32016676 -0.12719868 25 0 4218 9.2058275 -2.4101571
75 132.11906 298.82392 0.67192621 -0.010666824 -0.14682558 25 0 830 1.4692698 -0.41775388
76 10.858042 299.86485 0.70005304 -0.17362488 -0.19772597 25 0 1073 2.1140473 -0.81278676
77 39.091034 299.73255 0.62525741 -0.40339304 -0.20301397 25 0 949 1.9969891 -0.75093924
78 424.56106 302.78588 0.74298413 -0.030456566 -0.33354549 25 0 620 1.2422363 -0.23551051
79 22.57454 315.38194 0.5657236 0.041855439 -0.21336195 25 0 899 1.9931209 -0.74883409
80 165.82535 321.24369 0.64884856 -0.39008924 -0.32788916 25 0 756 1.3398666 -0.31765388
81 397.50645 321.67328 0.60579416 -0.818096 -0.16702077 25 0 717 1.6200866 -0.52384555
82 85.101878 325.9435 0.67274744 -0.29277281 -0.2500704 25 0 2931 5.9427568 -1.9349699
83 24.347032 346.80242 0.74660318 -0.30537943 -0.056412391 25 0 816 1.4803901 -0.42594044
84 210.9473 346.57999 0.60826537 -0.35821144 -0.22440797 25 0 679 1.1827682 -0.18224907
85 435.66633 353.58738 0.61619582 -0.28607502 0.28645804 25 0 580 1.3241438 -0.30483785
86 307.58929 359.16676 0.56513501 -0.130815 -0.071474265 25 0 568 1.2892456 -0.27583915
87 186.92759 362.62705 0.59274538 -0.11930936 -0.11023479 25 0 3898 8.2895755 -2.2963307
88 328.89335 364.22124 0.6710749 -0.079153691 -0.14819761 25 0 871 1.7928446 -0.63385664
89 245.6901 366.82181 0.64113935 -0.26196958 -0.26343467 25 0 19129 39.790103 -3.9994377
90 361.51496 374.07456 0.61843364 -0.44312022 -0.3018687 25 0 1464 3.1485217 -1.2452667
91 173.16976 375.62299 0.64997301 -0.35835141 -0.069838953 25 0 1318 2.5463693 -1.0148035
92 225.25891 376.91387 0.68639327 -0.30294604 -0.21050663 25 0 2446 4.8258529 -1.7089352
93 43.131512 378.02411 0.70722248 -0.17241004 -0.21656465 25 0 4583 9.2348862 -2.4135789
94 374.7203 378.32835 0.69480413 -0.49794399 -0.036862647 25 0 1018 2.1045272 -0.80788633
95 446.37759 380.66643 0.65640418 -0.59223311 -0.14842548 25 0 6830 14.233003 -2.8832414
96 313.04883 391.51308 0.60670841 -0.22997019 0.0024499484 25 0 2547 5.4692415 -1.8448178
97 22.353334 392.18702 0.66971841 -0.0078641729 -0.20373569 25 0 2925 6.0564951 -1.9555534
98 431.00832 396.94148 0.79451481 -0.86541914 0.025682935 25 0 525 1.0484791 -0.051399496
99 91.900086 398.18726 0.64479771 -0.245942 -0.16175878 25 0 1167 2.4038954 -0.9522889
100 402.36988 400.98511 0.64691872 -0.34407111 -0.27950809 25 0 1992 4.3700347 -1.6012122
101 431.61914 400.54803 0.57308279 -0.078625714 -0.14037687 25 0 1395 3.2455527 -1.2782217
102 193.71308 408.48187 0.58029875 -0.53196299 -0.14751442 25 0 5159 11.077944 -2.6111479
103 324.07272 410.62881 0.74688419 -0.086266303 0.057988479 25 0 628 1.1537751 -0.15530293
104 222.60644 415.96119 0.54867682 0.0022327757 -0.28671736 25 0 539 1.1526061 -0.15420229
105 359.48408 415.95047 0.6079556 -0.48330162 -0.3460489 25 0 424 1.0520247 -0.055064837
106 220.0292 419.5232 0.58355308 -0.36643293 -0.072905609 25 0 1457 3.096007 -1.2270048
107 507.24883 422.17406 0.6854352 -0.26835693 -0.16265371 25 0 2110 4.5383432 -1.6422433
108 52.553754 424.66376 0.57949504 -0.51838248 -0.20575533 25 0 617 1.3034057 -0.28769906
109 76.501456 426.12154 0.6933296 -0.25618695 -0.32939943 25 0 1901 3.7839613 -1.4448667
110 127.10531 444.25984 0.68885327 -0.25547443 -0.1161095 25 0 1958 3.8258388 -1.4568167
111 100.63849 445.13213 0.69347177 -0.03690372 -0.085259653 25 0 897 1.6928891 -0.57157128
112 200.21936 447.81718 0.61623821 -0.47046023 -0.37463703 25 0 963 2.0091211 -0.75751529
113 459.10382 448.03546 0.24795918 -0.45018563 -0.060988873 25 0 57645 162.7992 -5.5291307
114 312.71272 449.84832 0.64777217 -0.12373735 -0.1578373 25 0 2643 5.575555 -1.8657203
115 213.28536 452.29415 0.64366011 -0.53242173 -0.041032921 25 0 964 1.915224 -0.70554896
116 59.585649 453.91115 0.69654185 -0.14977398 -0.26391341 25 0 11974 24.354417 -3.4664443
117 445.12514 464.63725 0.6868103 -0.36580719 -0.040586949 25 0 1686 3.4904221 -1.3571949
118 279.20494 468.09166 0.80563701 -0.35212374 -0.21584389 25 0 710 1.2794288 -0.26754034
119 24.753658 473.36019 0.65604766 -0.31807929 -0.11735876 25 0 4548 9.6222147 -2.4581876
120 330.38213 472.97949 0.65668303 -0.43040705 -0.30983096 25 0 1095 2.3685248 -0.93619486
121 117.48788 474.68686 0.59971499 0.010280818 -0.26513467 25 0 859 1.8134496 -0.6462637
122 395.51532 476.69659 0.56178555 -0.05544938 -0.20917188 25 0 58005 127.68967 -5.2653894
123 179.2541 482.89034 0.68985464 -0.31890833 -0.24635543 25 0 4443 9.1172489 -2.3996595
124 310.76411 484.89254 0.72257801 -0.22849446 -0.18250001 25 0 595 1.2263942 -0.22157525
125 229.19725 486.35305 0.60996443 -0.071110805 -0.13314171 25 0 2436 5.2247775 -1.7951695
126 107.21475 492.08513 0.67624219 -0.27090946 -0.15399941 25 0 735 1.4104467 -0.37339171
127 32.400477 497.26185 0.56259149 -0.65567255 -0.36638103 25 0 732 1.7553523 -0.61091072
