id xcentroid ycentroid sharpness roundness1 roundness2 npix sky peak flux mag
1 369.11738 0.44907641 0.80307725 0.70847813 -0.042290012 25 0 352.55619 1.3461996 -0.32277365
2 341.41278 2.6905517 0.59542524 -0.29148166 -0.09636246 25 0 637.73242 2.8808741 -1.1488107
3 350.55065 4.9773609 0.6131608 0.41970774 0.25003863 25 0 306.62071 1.3358998 -0.31443473
4 472.84584 5.5966078 0.60046688 0.34601857 0.079197828 25 0 534.62669 2.4564646 -0.97577626
5 0.069653251 10.134976 0.9640208 -0.18105303 0.16637349 25 0 558.01826 1.9813321 -0.74239321
6 7.5452969 10.475603 0.51083013 0.28856549 -0.027646318 25 0 368.24247 1.9512344 -0.7257736
7 153.1561 10.196165 0.69831184 -0.25246434 0.023409137 25 0 558.92442 2.3446493 -0.92519474
8 378.88806 11.182265 0.60044202 -0.03289681 0.13606111 25 0 747.92101 3.2127931 -1.2672069
9 68.356331 12.20627 0.62091493 0.046507511 0.030276807 25 0 13817.302 61.590386 -4.4737823
10 418.22199 12.639135 0.6088144 0.50114749 -0.48031185 25 0 227.6116 1.1046428 -0.10805467
11 15.779894 13.80133 0.62759919 -0.0018229917 0.094582104 25 0 5713.7919 25.7888 -3.5285778
12 452.30269 14.280682 0.68273869 0.44620598 0.13885388 25 0 785.38234 3.1171461 -1.2343929
13 510.88896 13.970466 0.87556636 0.23201331 0.43552063 25 0 23818.879 88.730033 -4.8701766
14 469.33659 15.73578 0.47966518 0.10738432 0.22157087 25 0 205.18701 1.1212659 -0.12427149
15 378.20886 19.517869 0.69385295 0.19436813 0.35996721 25 0 322.34103 1.3659091 -0.33855447
16 379.36841 24.299349 0.46915397 0.90475605 0.43632959 25 0 211.33334 1.3049313 -0.28896915
17 21.574299 25.265427 0.45002634 0.37917824 0.6635845 25 0 188.55375 1.1251178 -0.12799495
18 257.09456 29.664256 0.50179227 0.24482876 0.39251984 25 0 246.0945 1.267855 -0.25767398
19 469.22169 32.008953 0.6497454 0.90115984 0.13806508 25 0 264.34579 1.2121607 -0.20890052
20 497.78723 32.564459 0.59298107 -0.26727604 0.038369431 25 0 408.86244 1.8788596 -0.68473581
21 398.25162 32.604085 0.45964911 0.0090595196 -0.10571688 25 0 446.89679 2.2585531 -0.88457577
22 170.77258 35.621176 0.55932197 0.69240331 0.33612664 25 0 336.44236 1.6009372 -0.51093572
23 157.64222 39.72621 0.57049588 0.36044361 0.1535852 25 0 554.32071 2.577641 -1.0280561
24 230.54469 40.747207 0.5781305 0.27980917 0.0015888852 25 0 1018.7238 4.3772562 -1.6030049
25 462.89091 41.152685 0.56028835 0.32441902 -0.21298933 25 0 253.26165 1.1898732 -0.18875169
26 250.05724 41.497134 0.59486824 0.029968647 0.21843467 25 0 2114.2594 9.5037735 -2.4447402
27 390.69002 42.566466 0.63441489 0.36289343 0.15643264 25 0 494.00851 1.9558695 -0.72834968
28 434.32206 43.212164 0.62977222 0.26624297 0.004337415 25 0 308.30107 1.4113297 -0.37407118
29 110.42744 43.95826 0.62485791 -0.18007537 -0.24166529 25 0 527.72032 2.2773355 -0.89356755
30 368.52563 43.503285 0.44952228 0.43616116 0.16540035 25 0 59034.733 255.88317 -6.0201043
31 155.39277 45.950208 0.63115828 -0.15096618 -0.039362398 25 0 5033.0873 21.813504 -3.3468136
32 198.32679 46.477054 0.61314776 0.64329181 0.37487897 25 0 314.73344 1.3162869 -0.29837638
33 444.16542 46.923201 0.59277836 0.099814323 0.018317586 25 0 1046.756 4.7940433 -1.7017549
34 88.782951 48.492365 0.70618272 -0.68468419 -0.02997461 25 0 277.66329 1.1408798 -0.14309973
35 277.39007 51.262515 0.55585724 -0.70553194 -0.049969221 25 0 213.15123 1.0363872 -0.038805124
36 444.76941 52.475793 0.55471564 0.012423906 0.35932424 25 0 244.22696 1.1982948 -0.1964092
37 96.588279 53.283167 0.63105331 -0.05271535 0.17845233 25 0 249.6663 1.1255376 -0.12840004
38 290.74219 52.438526 0.54242566 -0.034681052 0.16614503 25 0 253.0855 1.1917522 -0.19046494
39 338.30735 53.987131 0.62961055 0.02285849 -0.018514706 25 0 1568.8753 6.8271468 -2.0855981
40 186.37379 58.989732 0.68720328 0.57900008 0.43977552 25 0 320.12823 1.2877447 -0.27457439
41 487.27055 60.356842 0.62336021 0.20788666 0.16256489 25 0 1459.7786 6.2855817 -1.9958637
42 74.248885 62.088458 0.6093363 -0.21803996 0.14735528 25 0 288.61954 1.2577501 -0.2489859
43 41.616781 64.990397 0.53118069 -0.56793097 -0.15139285 25 0 372.17148 1.8066119 -0.64216215
44 393.44579 64.844019 0.70439832 -0.64312474 -0.1924086 25 0 380.89155 1.5402989 -0.46901252
45 75.138453 67.033598 0.54138492 -0.44124301 -0.25969137 25 0 492.31922 2.4305849 -0.96427701
46 98.806288 66.856333 0.57827433 -0.51207448 -0.15963699 25 0 356.20852 1.6017124 -0.51146133
47 213.34987 67.112357 0.57422779 0.043322249 -0.28318891 25 0 258.91275 1.0912279 -0.094788637
48 476.88124 67.383103 0.69741701 -0.085760549 0.18841045 25 0 1805.6134 7.4177513 -2.1756807
49 41.796963 68.840291 0.62965104 -0.25808631 0.23773919 25 0 469.3725 2.1466311 -0.82939354
50 156.56779 68.772683 0.48414204 0.055417341 -0.006852364 25 0 295.22633 1.4783315 -0.4244296
51 462.15274 69.04373 0.62518751 0.31863032 0.26417334 25 0 587.57535 2.5158024 -1.0016913
52 80.69424 71.550106 0.73768205 -0.50534707 0.072033825 25 0 300.07686 1.1633717 -0.16429621
53 99.772319 71.915475 0.61710525 -0.1064119 0.083772846 25 0 1643.4806 7.4376403 -2.1785879
54 357.88951 72.777938 0.62398745 0.02262332 0.52038141 25 0 243.63679 1.0379848 -0.04047752
55 407.668 75.829064 0.51647778 -0.28076615 0.071022586 25 0 180.11438 1.0880607 -0.091632774
56 5.7286007 77.471924 0.67525023 0.14634625 0.42748753 25 0 423.59096 1.9426579 -0.72099081
57 394.6366 80.047021 0.60209352 -0.10598647 -0.0112891 25 0 3248.2935 14.4621 -2.9005784
58 15.10001 83.039617 0.714192 0.14414865 0.18960443 25 0 843.1217 3.423851 -1.3362872
59 163.67797 83.688504 0.69794975 -0.11827524 -0.25067588 25 0 474.61487 2.0686721 -0.78922913
60 479.12296 85.365166 0.72525459 0.49905469 0.48982714 25 0 273.46149 1.0712045 -0.074681003
61 136.24329 87.230813 0.64568336 0.15825811 0.12769839 25 0 556.22783 2.4396628 -0.96832449
62 188.81426 87.252519 0.53538092 -0.44332109 -0.21103643 25 0 301.42283 1.3890943 -0.35682933
63 277.27517 90.29045 0.72512997 0.46598187 0.6539495 25 0 268.42098 1.1099351 -0.11324396
64 199.04466 94.057409 0.56499173 0.13511068 0.093675417 25 0 470.70512 2.1654642 -0.83887752
65 327.64928 94.563946 0.59315202 -0.51703371 0.073341303 25 0 1046.298 4.5380363 -1.6421699
66 331.60324 96.262818 0.56368892 -0.60655779 -0.074894193 25 0 1207.1714 5.268152 -1.8041457
67 229.97548 97.420063 0.55241296 0.1335638 0.18542541 25 0 1479.3227 6.77182 -2.0767635
68 159.81443 101.41119 0.74880047 -0.26625425 -0.187591 25 0 405.38478 1.4924729 -0.43476615
69 495.77389 100.68176 0.49982846 0.5333746 0.16128027 25 0 377.09446 2.0858838 -0.79822528
70 97.648226 101.78562 0.58770073 0.02175397 0.016050062 25 0 3146.015 14.314338 -2.8894282
71 340.51768 103.38387 0.7197019 0.33474313 0.051702422 25 0 302.14348 1.2382634 -0.23203263
72 376.31219 112.56874 0.50336652 0.20867699 0.10496271 25 0 432.5322 2.1842281 -0.84824496
73 263.02497 114.6848 0.60221229 -0.0042379915 0.14114905 25 0 16263.532 72.823361 -4.6556768
74 280.44676 114.74019 0.5717993 -0.052595987 0.079881856 25 0 887.99249 3.6842582 -1.4158752
75 290.39301 116.1076 0.53739843 -0.2640191 -0.15117887 25 0 1448.572 6.7704731 -2.0765475
76 347.11211 115.62187 0.59196377 -0.066400476 0.18377271 25 0 1153.9402 5.2862984 -1.8078792
77 492.34215 116.95228 0.70231501 0.10951879 -0.019628659 25 0 522.89877 2.175879 -0.84408684
78 142.11632 118.51635 0.57648996 0.22309121 0.33600609 25 0 444.77012 1.9968668 -0.75087272
79 242.54144 117.77558 0.46819311 0.02253247 0.013540913 25 0 421.37991 2.1431316 -0.82762212
80 196.70032 119.87828 0.53864344 -0.90681762 -0.075718891 25 0 380.27394 1.7645023 -0.61655556
81 94.790508 119.88433 0.73544157 -0.075749399 0.026363294 25 0 649.85566 2.5722983 -1.0258033
82 194.51174 121.49193 0.57560714 0.60579672 0.017876788 25 0 1662.0251 7.1255036 -2.1320389
83 27.071307 123.27711 0.67043648 -0.19989747 0.15959061 25 0 406.07715 1.6236898 -0.52625763
84 218.44854 126.83629 0.57531323 -0.072207607 0.0014966224 25 0 1577.7683 7.0453513 -2.1197566
85 21.947417 129.15771 0.59816021 -0.093796652 0.29558448 25 0 467.87453 2.2487865 -0.87987058
86 49.627037 128.52003 0.52463684 0.40824369 0.12816458 25 0 975.49179 4.6829242 -1.6762928
87 295.85546 129.81818 0.60984647 -0.207141 0.0096597503 25 0 440.1662 1.9026682 -0.69840764
88 438.25602 137.82045 0.61616478 -0.053773125 0.071526773 25 0 12217.235 53.63164 -4.3235527
89 426.95245 140.95073 0.66876483 -0.44273127 -0.52929839 25 0 266.43072 1.3299843 -0.30961625
90 341.07148 143.55027 0.59515124 0.01616243 0.20405278 25 0 2750.1475 12.141285 -2.7106616
91 57.03892 144.87979 0.62451865 -0.010083517 0.043387791 25 0 799.74553 3.6461139 -1.4045756
92 494.20555 148.59102 0.59578362 0.76232246 0.76392811 25 0 192.42831 1.0451494 -0.04794589
93 39.964035 148.83705 0.64208495 0.21133023 0.29802979 25 0 698.61027 3.2281533 -1.2723854
94 139.82005 158.22863 0.53392804 0.19650008 0.19533188 25 0 431.56617 2.1985406 -0.8553362
95 428.21548 159.43163 0.60418681 0.3135373 0.17525921 25 0 47294.259 206.42315 -5.786896
96 248.87578 163.88695 0.53127709 0.079349741 0.36423029 25 0 442.79313 2.1367012 -0.82435949
97 467.38018 162.9142 0.65120845 0.076232013 -0.017683455 25 0 529.45072 2.0941266 -0.80250735
98 321.35232 163.53361 0.49854943 -0.18804717 0.020240564 25 0 183.20066 1.0458124 -0.048634436
99 75.681377 170.89757 0.5073101 0.28260946 0.1770872 25 0 342.72045 1.8304105 -0.65637124
100 268.2715 172.0783 0.61737678 0.088309034 0.051801447 25 0 1757.8222 7.5688864 -2.19758
101 388.51143 171.66236 0.53072955 0.57058397 0.15304424 25 0 422.84341 1.8780505 -0.68426815
102 206.54239 172.94388 0.55959391 -0.25049772 -0.18592274 25 0 806.3384 3.5606292 -1.3788169
103 455.69472 173.75943 0.60895508 0.49981569 -0.099133622 25 0 324.78031 1.4343889 -0.39166729
104 194.97327 175.53069 0.60699545 -0.11024093 0.1507556 25 0 1458.3437 6.2435548 -1.9885798
105 64.250342 177.00491 0.45354847 0.43921603 0.28778461 25 0 153.41763 1.0062345 -0.0067479775
106 463.47381 180.55149 0.57048317 0.53913564 0.095731087 25 0 2191.2265 9.5776119 -2.4531431
107 59.129502 181.69731 0.54962585 0.069353057 0.065879422 25 0 733.61611 3.5209735 -1.3666569
108 157.27203 181.60141 0.61510647 -0.062002098 0.12304135 25 0 1655.8754 7.0543788 -2.1211469
109 453.33764 182.73921 0.60664078 -0.34673529 -0.022511699 25 0 509.3931 2.1956841 -0.85392463
110 32.658434 184.01234 0.61567288 0.10267437 0.12690111 25 0 278.04916 1.2774149 -0.2658299
111 268.98246 184.25533 0.6812465 0.062630586 0.13688304 25 0 1146.3584 4.7545685 -1.6927778
112 463.8508 185.40563 0.66571792 -0.50598168 0.26639333 25 0 937.43524 3.8753717 -1.4707834
113 231.5939 187.00864 0.60918848 -0.24857944 -0.15288134 25 0 599.6504 2.578991 -1.0286246
114 113.86512 188.19616 0.6328891 -0.074743257 0.10407719 25 0 38937.717 170.47514 -5.5791526
115 163.47382 189.44352 0.44756378 -0.20470878 0.15865652 25 0 282.0081 1.4540487 -0.40644738
116 294.85349 193.0116 0.48718471 -0.5507683 -0.28269018 25 0 262.92482 1.5194868 -0.45424236
117 462.95233 193.61807 0.68446037 0.44441984 0.33037558 25 0 384.19031 1.5162695 -0.45194096
118 497.18655 197.21611 0.64882872 0.28147751 0.31533636 25 0 587.2659 2.6062001 -1.0400194
119 391.36399 199.23024 0.66404327 -0.1088307 -0.057137855 25 0 282.3967 1.3229139 -0.30382898
120 424.42208 199.5067 0.40935185 -0.20912423 0.12365919 25 0 178.1056 1.0734596 -0.0769643
121 210.43871 200.01528 0.58681799 -0.21985276 -0.097757951 25 0 504.94719 2.1462102 -0.82918062
122 241.0284 200.99475 0.40630901 -0.7265367 0.064278251 25 0 245.06202 1.2318 -0.22635048
123 108.85996 202.23383 0.64085932 0.25073979 0.1614457 25 0 551.82727 2.4620509 -0.97824256
124 448.12358 201.467 0.56538458 -0.11409863 0.1812983 25 0 290.50407 1.5114741 -0.4485018
125 510.98138 203.28301 0.69720291 0.34128692 0.56908252 25 0 363.28525 1.7013456 -0.57698134
126 7.0467607 210.28117 0.64875142 0.0033353955 0.13383045 25 0 2009.2838 8.6696227 -2.3450005
127 54.580215 211.37242 0.66300381 0.5731953 -0.67281796 25 0 403.53076 1.7800214 -0.62606307
128 57.051666 212.53099 0.66394632 0.59344863 0.12051872 25 0 419.10104 1.821194 -0.65089054
129 467.90131 213.26628 0.63764192 -0.060701002 0.1176909 25 0 1115.7151 4.8414544 -1.7124396
130 30.199744 214.77024 0.66833765 -0.1171682 0.15749552 25 0 1907.7444 8.1073894 -2.2722026
131 368.54814 215.55262 0.51520212 0.4336054 0.04759044 25 0 1167.3717 5.4734242 -1.8456478
132 298.78804 217.56735 0.51956256 0.26091576 0.19783023 25 0 607.25246 2.9270561 -1.1660776
133 192.98297 219.29277 0.61881546 0.29401559 0.11798641 25 0 977.48195 4.1993969 -1.5579673
134 483.14326 222.65964 0.46490355 0.32255703 -0.011923655 25 0 182.05421 1.2491485 -0.24153522
135 262.81965 222.92081 0.66998949 0.15187395 -0.25752062 25 0 271.5398 1.1615656 -0.16260931
136 282.20318 224.58692 0.61629513 0.36285133 0.24960488 25 0 2548.2422 10.93862 -2.5974063
137 27.81936 226.699 0.84914258 -0.59641391 -0.0027077664 25 0 356.60331 1.302472 -0.28692097
138 394.4577 226.43282 0.57559881 -0.48632546 0.12817416 25 0 3599.4339 15.612899 -2.9837089
139 464.44629 227.08526 0.58136875 -0.22952539 -0.081794033 25 0 12179.522 53.941648 -4.3298105
140 369.44198 228.81441 0.59791649 -0.15622459 0.12998319 25 0 978.40844 4.4396023 -1.6183602
141 222.75859 235.31009 0.64309997 -0.12891932 0.24009882 25 0 629.99392 2.7106592 -1.0826873
142 282.7637 236.30357 0.58206261 -0.23374016 0.053770855 25 0 759.0404 3.6056015 -1.3924443
143 473.69462 238.62916 0.55130744 0.20651505 0.1074813 25 0 1758.463 8.4168292 -2.3128713
144 73.289703 239.85786 0.57626566 -0.06643839 -0.1063962 25 0 383.22178 1.9810637 -0.74224613
145 59.649295 242.25071 0.74159455 -0.62935781 -0.21839997 25 0 391.20863 1.5427549 -0.47074233
146 94.243791 250.07746 0.67268725 -0.34496439 0.28558264 25 0 282.90988 1.206003 -0.20337094
147 470.58569 252.06111 0.58718299 -0.10515036 -0.016591424 25 0 6779.9066 30.074577 -3.6954988
148 246.39582 252.87072 0.60727606 -0.14302854 -0.023890516 25 0 4558.8979 19.941237 -3.2493803
149 18.725741 253.83898 0.6124506 0.36303502 0.083287957 25 0 961.14263 4.3737195 -1.6021273
150 308.41749 255.33128 0.43613628 -0.33678173 0.09881252 25 0 296.75189 1.5502258 -0.4759874
151 374.01995 261.4113 0.5291691 -0.16490916 0.30958632 25 0 414.85307 2.2293343 -0.87043801
152 28.880824 273.92061 0.56721472 -0.15618034 0.20779003 25 0 286.98064 1.3684972 -0.34060977
153 69.098921 273.99835 0.67763744 0.25029852 0.42394734 25 0 301.4511 1.2083148 -0.20545023
154 75.778899 273.80654 0.60946818 0.19712419 0.1328953 25 0 1444.6482 6.402914 -2.0159442
155 132.19161 275.47364 0.51054163 0.23355979 0.37044098 25 0 274.48667 1.3157487 -0.29793235
156 257.86995 281.99448 0.68014995 0.39383099 0.23786911 25 0 325.01901 1.3996739 -0.36506714
157 89.979047 283.02521 0.67103884 -0.078930264 0.067380665 25 0 859.40167 3.6485711 -1.405307
158 390.25939 285.0222 0.63474628 -0.042936647 0.052856807 25 0 5627.2808 24.594301 -3.4770862
159 1.8669413 286.39175 0.63412835 -0.37834704 -0.0017787879 25 0 385.02234 1.6606056 -0.55066621
160 203.00846 286.47277 0.6081204 0.49470262 0.2642894 25 0 846.75396 3.7866708 -1.4456439
161 81.496934 287.90079 0.52943101 0.05549291 -0.025822311 25 0 1048.6338 4.9904051 -1.7453395
162 109.89966 287.73515 0.60732638 0.19155214 0.071778787 25 0 1091.8233 4.7409515 -1.6896638
163 364.52589 289.80379 0.57318164 -0.43105575 -0.10319336 25 0 336.2233 1.5985285 -0.50930098
164 495.86305 289.73358 0.62426372 -0.12749557 0.10907768 25 0 774.76411 3.507615 -1.3625298
165 34.31763 292.89489 0.79149947 0.17440825 0.0021318243 25 0 527.16369 2.0325667 -0.770112
166 178.81789 297.28587 0.53373692 -0.32550916 -0.081141507 25 0 454.50542 2.3254424 -0.91626398
167 441.11209 303.08485 0.68914395 -0.20232943 -0.090962659 25 0 425.79189 1.8367506 -0.66012547
168 93.273136 303.46555 0.61149659 -0.25560273 0.17704227 25 0 1205.4402 5.24246 -1.7988378
169 236.80898 308.85849 0.51043643 0.14560387 0.093081404 25 0 705.71407 3.4771184 -1.3530487
170 468.60677 308.59711 0.54980972 0.30083203 0.20026894 25 0 905.36128 4.1223706 -1.5378676
171 156.04477 313.68919 0.60108657 0.12336867 0.15311661 25 0 3159.3663 14.109549 -2.8737828
172 16.433955 315.69573 0.63275193 -0.5179604 0.0075349185 25 0 774.66604 3.1770356 -1.2550552
173 32.033003 315.47578 0.62407961 0.083416212 0.22827913 25 0 2006.573 8.6472867 -2.3421996
174 77.939065 317.78504 0.66279856 0.060845848 0.0053001614 25 0 402.05761 1.6851163 -0.56657469
175 205.42598 323.14831 0.68222804 -0.1098272 -0.11955655 25 0 354.24247 1.3619057 -0.33536756
176 348.31565 325.20209 0.59285123 0.33011458 -0.015051029 25 0 575.10369 2.6116069 -1.0422695
177 1.0791081 325.69531 0.66953781 0.15546029 0.33712815 25 0 780.87228 3.192125 -1.2601997
178 281.03904 328.11098 0.46761569 -0.11868239 -0.14101821 25 0 232.68284 1.1908455 -0.18963855
179 305.67611 332.54267 0.54871518 -0.30218058 0.16967195 25 0 435.84625 2.0590575 -0.78417116
180 38.535751 332.70093 0.52112183 0.26905255 0.022595626 25 0 3763.3373 17.929776 -3.1339372
181 398.39562 332.68931 0.55975892 -0.36739585 0.14007755 25 0 381.01438 1.6669509 -0.55480705
182 48.813507 333.67878 0.60278524 0.091771963 0.12570846 25 0 11561.335 52.027348 -4.2905792
183 281.8571 334.07705 0.61375449 -0.097430106 0.12385906 25 0 871.27517 3.9011113 -1.4779709
184 95.120243 334.73532 0.60467408 -0.29110105 0.10593347 25 0 932.80246 4.160521 -1.5478693
185 506.94111 340.37835 0.657715 0.34917244 0.38547435 25 0 985.47587 4.1268413 -1.5390444
186 278.08618 343.62303 0.48579591 -0.54067747 -0.079885444 25 0 341.481 1.8409763 -0.66262052
187 378.84064 346.42828 0.66352564 -0.22123117 0.14284074 25 0 758.28372 3.2088601 -1.265877
188 493.71278 348.94783 0.45574071 -0.40835257 -0.37552203 25 0 213.27584 1.2388995 -0.23259018
189 258.01173 350.20033 0.62505996 0.044845199 0.089870881 25 0 5342.3564 23.634 -3.4338431
190 400.1245 351.51299 0.58464244 0.26609385 0.21158695 25 0 943.27624 4.1720939 -1.5508852
191 30.50056 353.04198 0.65974827 -0.055530446 -0.15970891 25 0 411.43174 1.6204887 -0.52411505
192 40.130663 352.6238 0.73559998 -0.34517239 0.38411094 25 0 872.63577 3.2251711 -1.2713819
193 65.279482 352.43222 0.4856681 -0.065434252 0.83702205 25 0 271.54005 1.1858594 -0.18508301
194 316.93162 354.03241 0.61463708 0.010523184 0.050450871 25 0 25109.206 111.52558 -5.1184363
195 12.74393 354.62685 0.58138476 0.15977503 0.10042126 25 0 755.66276 3.4645355 -1.3491125
196 40.353107 356.45135 0.65879316 -0.4088188 0.25684048 25 0 1180.1056 4.7321835 -1.6876539
197 41.35764 359.96587 0.54790176 -0.14487462 0.19852393 25 0 479.391 2.1581831 -0.8352207
198 432.83468 361.10878 0.62536276 -0.25132541 0.038719551 25 0 1966.5352 8.6285935 -2.33985
199 498.0206 361.62792 0.60732899 -0.60691004 0.028880526 25 0 305.51494 1.4774465 -0.42377938
200 244.30812 363.1905 0.5953287 0.11582899 -0.0033920869 25 0 1413.757 6.1964295 -1.9803538
201 296.40274 364.38569 0.60161551 0.29960504 0.033513373 25 0 2441.513 10.736107 -2.577117
202 445.96425 365.6136 0.66214007 0.085486594 0.35003111 25 0 1061.631 4.4561999 -1.6224117
203 113.97299 366.01226 0.6161037 0.0096655125 0.051079786 25 0 4901.2316 21.884893 -3.3503611
204 157.00992 366.80884 0.62150563 -0.17586878 0.11291366 25 0 429.08407 1.8082971 -0.64317446
205 41.143551 369.09605 0.62051132 0.20005733 0.023375197 25 0 462.73759 2.0029885 -0.75419614
206 21.513745 372.86091 0.61465903 -0.24042864 -0.031545142 25 0 626.15439 2.7501952 -1.0984088
207 494.23007 375.09276 0.69717705 0.14525777 0.5162919 25 0 292.33483 1.2285954 -0.22352218
208 464.3707 376.86566 0.51837484 -0.33833488 -0.00039923971 25 0 240.471 1.2649966 -0.2552234
209 384.21622 378.67001 0.63819457 -0.23248183 0.097776464 25 0 3331.9785 14.359981 -2.8928847
210 93.173699 380.17788 0.62409304 0.085128334 0.067737509 25 0 3539.2364 15.618646 -2.9841085
211 139.04559 381.66634 0.58238734 -0.16236413 0.032570361 25 0 561.56793 2.4556061 -0.97539678
212 245.61303 383.22092 0.35043277 0.058762163 -0.19319715 25 0 356.63402 2.1101514 -0.81078404
213 287.4747 383.97814 0.59147414 0.30548372 -0.14157124 25 0 279.83051 1.2611815 -0.25194402
214 502.40991 383.80836 0.6847822 -0.36278393 0.4918091 25 0 690.59738 2.6915177 -1.0749931
215 118.5221 384.81951 0.69613986 -0.081670263 0.17424643 25 0 350.7103 1.4410678 -0.396711
216 23.510745 386.21757 0.65516314 0.23177163 0.061987251 25 0 905.76059 3.833475 -1.4589816
217 162.96724 386.04864 0.63723669 -0.065186697 0.084531967 25 0 1461.2742 6.381446 -2.0122977
218 503.04252 387.47198 0.63550175 0.11755087 0.32532868 25 0 1979.3065 8.3497903 -2.3041889
219 473.62294 387.80335 0.57379765 -0.0056819058 -0.02540848 25 0 2254.6691 10.37948 -2.540439
220 78.528663 391.2379 0.4828503 0.055088887 -0.11488098 25 0 391.00934 1.7980634 -0.63701252
221 264.89899 395.92951 0.62804073 -0.05419975 0.070415663 25 0 7763.3598 34.280996 -3.8376336
222 191.60683 398.21478 0.50787892 0.21329577 0.23400797 25 0 234.57335 1.1169836 -0.12011704
223 395.37099 397.76765 0.60079724 0.031669 -0.052625088 25 0 724.66257 3.2400432 -1.276377
224 294.01905 403.39054 0.64333697 0.48526502 0.15946977 25 0 676.55216 2.8464454 -1.1357571
225 430.90243 402.75433 0.51471317 0.092530529 0.17317839 25 0 553.30662 2.8834067 -1.1497647
226 21.811439 407.32078 0.63725497 -0.059173402 0.18144174 25 0 889.22233 3.7501476 -1.4351209
227 291.36616 407.05757 0.62906108 0.011583495 -0.072311319 25 0 1842.5631 7.9967046 -2.2572776
228 309.48752 406.49577 0.45766443 -0.53458153 0.0178264 25 0 200.13666 1.0023713 -0.0025715362
229 59.97573 411.61818 0.36313094 -0.15732438 0.25157698 25 0 197.50264 1.0260106 -0.027879567
230 123.38547 412.56376 0.48149306 0.47118028 -0.033296465 25 0 636.90585 3.0522735 -1.2115586
231 147.54989 414.02937 0.60211386 -0.20505718 -0.12067006 25 0 1937.6528 8.4276701 -2.3142688
232 0.31805271 417.5985 0.68826247 0.50741133 0.45856148 25 0 1061.1483 4.4040504 -1.6096307
233 323.08216 423.81764 0.69081806 -0.46507541 0.29975333 25 0 427.21793 1.7393312 -0.60095573
234 204.38712 425.80955 0.5093568 -0.14968902 0.12236974 25 0 231.18251 1.0436637 -0.046401397
235 233.04087 431.00641 0.70451127 0.57848301 -0.0095832621 25 0 406.75503 1.6024752 -0.51197827
236 198.25058 431.9284 0.64530436 0.006527041 0.043124008 25 0 2170.1791 9.3325748 -2.4250037
237 171.70934 432.86085 0.57862482 -0.05375426 0.015590483 25 0 967.46349 4.4350341 -1.6172424
238 213.14049 433.28659 0.5194666 -0.12847266 0.43071322 25 0 240.47238 1.2422478 -0.23552061
239 420.54089 432.59549 0.68346088 -0.14922106 0.010133494 25 0 300.08987 1.2839219 -0.27134653
240 200.74693 434.36865 0.7045907 -0.052042473 0.27389923 25 0 335.92207 1.2743945 -0.26325974
241 271.55265 435.27208 0.58306554 0.12097813 -0.10431254 25 0 959.32 4.2357275 -1.56732
242 384.03485 436.94477 0.65619012 -0.10473172 0.053423633 25 0 3403.6162 14.716071 -2.9194797
243 53.785026 440.37461 0.64175851 0.24060308 0.10640662 25 0 328.89184 1.378335 -0.34838696
244 284.55092 439.69598 0.61749656 -0.67974713 0.035655595 25 0 1019.3804 4.4340787 -1.6170085
245 130.66766 441.75327 0.59406345 0.12413887 0.01381364 25 0 12912.521 58.383561 -4.4157264
246 502.33742 448.1179 0.66610094 -0.094746751 0.092680044 25 0 373.59284 1.613944 -0.51972117
247 251.51251 449.21159 0.31926233 -0.37489629 -0.074714026 25 0 178.26132 1.1312244 -0.13387191
248 419.1086 453.70105 0.60255585 0.25740828 0.10157159 25 0 330.78467 1.4719891 -0.41976147
249 350.56437 455.1122 0.62791208 -0.62255527 -0.19241464 25 0 633.95559 2.6557983 -1.0604877
250 474.55197 456.14893 0.59196345 0.3673036 0.066361961 25 0 430.81924 2.0124517 -0.75931367
251 369.83176 457.21555 0.7781442 -0.51258459 0.16247005 25 0 333.99747 1.3297276 -0.30940667
252 401.63047 460.06273 0.60058387 -0.009820188 0.017989746 25 0 1262.4808 5.5350024 -1.8577945
253 95.815906 461.40322 0.64290464 -0.18099739 0.14655828 25 0 5439.519 23.213927 -3.4143715
254 188.70081 462.43255 0.66948516 -0.20922046 -0.06487186 25 0 1072.8941 4.3105058 -1.5863206
255 467.23055 463.43839 0.49723015 -0.30097825 0.14434626 25 0 61574.621 285.88184 -6.1404664
256 330.72016 464.44053 0.49258602 0.47331553 0.057441976 25 0 282.41192 1.397093 -0.36306326
257 4.5741389 465.84139 0.56327955 0.032353029 -0.11565252 25 0 960.19553 4.5844315 -1.6532137
258 85.156937 466.6051 0.5650174 -0.37146311 0.26524787 25 0 262.31411 1.1991698 -0.19720166
259 444.45998 466.06098 0.58337235 0.37871983 0.20434737 25 0 264.65731 1.1640141 -0.16489558
260 250.4914 470.51852 0.54351814 0.44928617 0.055457107 25 0 3836.8307 17.335586 -3.0973463
261 468.38185 471.22255 0.55474337 -0.71173655 0.089406397 25 0 418.50531 1.6565846 -0.54803405
262 382.04011 472.02568 0.59276886 -0.66219445 -0.22973636 25 0 646.63263 2.9198274 -1.1633929
263 84.778084 473.65296 0.51312925 -0.14761367 0.31168564 25 0 209.38728 1.1135757 -0.11679938
264 284.72549 473.44083 0.60830823 0.53160616 0.20033052 25 0 244.0153 1.0233367 -0.0250464
265 300.50996 473.71537 0.63405907 -0.44114514 -0.07228827 25 0 2823.5727 11.806956 -2.6803449
266 153.85062 474.32535 0.50366161 0.025626769 0.31471387 25 0 368.14791 1.7013254 -0.57696846
267 377.69255 478.74138 0.69760654 0.060461979 -0.13316628 25 0 539.76873 2.1951933 -0.8536819
268 178.38865 479.7391 0.5306274 0.055762066 -0.28385039 25 0 666.17784 3.2221965 -1.2703801
269 103.46583 485.32688 0.60842422 -0.46292383 -0.070157927 25 0 964.51061 4.2424987 -1.5690543
270 279.66643 494.61233 0.66680824 -0.33579558 0.017829968 25 0 380.96114 1.5480687 -0.4744756
271 189.81955 498.79543 0.63046424 -0.19353476 -0.071911767 25 0 348.57386 1.5289297 -0.46096876
272 106.61587 499.99902 0.66076248 -0.7365702 0.005926632 25 0 361.31343 1.6492754 -0.54323297
273 155.50132 501.74407 0.57564892 -0.61143226 0.042410972 25 0 459.24032 1.9588977 -0.73002941
274 200.82122 501.8349 0.54567309 -0.062066589 -0.022848517 25 0 443.29441 2.1738308 -0.84306433
275 319.35889 504.0481 0.82149013 0.017134223 -0.32678639 25 0 352.6573 1.2284606 -0.22340311
276 156.37091 505.48168 0.44763681 0.39631662 -0.06236815 25 0 510.21782 2.540894 -1.0124664
277 202.90945 509.23869 0.67049175 0.12841965 0.10860333 25 0 820.74276 3.3389573 -1.3090272
