id xcentroid ycentroid sharpness roundness1 roundness2 npix sky peak flux mag
1 342.60556 2.8356845 0.67562903 0.63073448 0.012834644 25 0 332.96336 1.4037556 -0.36822876
2 315.03876 5.2849311 0.73105391 0.29040239 -0.13786087 25 0 819.49444 3.1908002 -1.259749
3 446.4316 8.3721473 0.58686384 0.73236644 -0.020976894 25 0 496.65395 2.2629083 -0.88666741
4 126.71996 12.607948 0.6236265 0.42434219 -0.096073065 25 0 531.16983 2.3563729 -0.93061004
5 352.38505 13.945276 0.68171545 0.10063532 -0.32712651 25 0 849.61813 3.5560354 -1.3774152
6 41.912172 14.618715 0.68482457 0.38196769 0.012733343 25 0 15451.219 63.981991 -4.5151444
7 425.93141 17.042415 0.61798015 0.49950867 -0.018087341 25 0 803.92734 3.7258431 -1.4280614
8 485.01202 16.872575 0.69714519 0.36855458 -0.1019476 25 0 31067.468 127.47865 -5.2635936
9 442.94814 18.401508 0.62275085 0.39773793 -0.11144283 25 0 312.92574 1.4889624 -0.43220933
10 29.864033 19.801258 0.46986012 0.10378389 -0.12423005 25 0 154.02075 1.0353177 -0.037684056
11 351.62549 22.220756 0.63262457 0.39441392 -0.5207465 25 0 317.79486 1.5721697 -0.49124853
12 353.02526 27.479666 0.43935508 -0.4421842 0.059952385 25 0 198.21885 1.3741649 -0.34509715
13 230.55652 32.053315 0.57798541 -0.3626683 -0.59007885 25 0 350.28738 1.5383085 -0.46760858
14 293.16276 33.318778 0.58442488 -0.28422685 -0.34145895 25 0 193.26697 1.0071743 -0.0077615508
15 371.6833 35.446177 0.58047 0.38121755 -0.00065465824 25 0 528.81164 2.4014796 -0.95119725
16 471.27969 35.466736 0.64194245 0.70621269 0.011045518 25 0 419.66381 1.9160912 -0.70604043
17 144.14347 38.080487 0.74864283 0.073450526 -0.44283434 25 0 515.53675 1.9769928 -0.74001275
18 457.66757 41.280546 0.97616324 -0.08682145 -0.14764327 25 0 777.41001 2.7979303 -1.1170922
19 130.95394 42.161645 0.66295832 0.49815516 -0.25417728 25 0 677.62089 2.9582163 -1.1775748
20 203.99604 43.265148 0.61902905 0.40603172 -0.15010821 25 0 1184.2949 5.0863799 -1.766022
21 223.61641 44.061721 0.67155508 0.24386875 -0.30953131 25 0 2420.8942 9.9135572 -2.4905738
22 436.75667 44.028072 0.72332171 0.054273129 -0.36721852 25 0 322.13896 1.3884293 -0.35630943
23 364.19649 45.233248 0.64113867 0.3407699 -0.40440113 25 0 542.76916 2.4100453 -0.955063
24 342.09494 46.191373 0.3014212 0.58206329 -0.088055066 25 0 58795.728 338.46475 -6.3237836
25 407.761 45.879437 0.59671222 0.84638813 0.051991009 25 0 225.1008 1.0523057 -0.055354817
26 83.841158 46.416812 0.55541034 0.50223213 0.19058562 25 0 513.28292 2.4530606 -0.97427069
27 267.59051 46.40826 0.6838269 0.70875832 -0.13951353 25 0 284.3983 1.1938475 -0.19237216
28 128.74271 48.465509 0.57298582 0.084556565 -0.0088174747 25 0 4629.4775 20.824988 -3.2964619
29 172.12364 48.8766 0.55164313 0.14544232 -0.75959886 25 0 291.04711 1.3476732 -0.32396146
30 417.72415 49.738359 0.65158522 0.60929778 -0.04000536 25 0 1071.0652 4.55771 -1.6468667
31 62.480476 50.892157 0.70508653 0.36004787 -0.33054044 25 0 238.54597 1.0259883 -0.02785602
32 69.705702 55.959886 0.52894573 0.55592054 0.21483891 25 0 218.21353 1.1051094 -0.10851316
33 264.4786 55.207126 0.54558188 0.78697363 -0.18985157 25 0 335.69903 1.616539 -0.52146545
34 418.14741 55.002848 0.46317602 0.079351216 -0.20240607 25 0 248.94007 1.4474449 -0.40150511
35 488.23399 55.630807 0.59747348 0.32981622 -0.097821984 25 0 869.42593 3.8923503 -1.4755298
36 311.83214 56.628784 0.58227444 0.44676337 -0.072134787 25 0 1510.5918 6.9584882 -2.1062872
37 159.64504 61.562033 0.57306482 0.30476058 -0.10248716 25 0 292.98275 1.3288035 -0.30865191
38 460.69989 63.295794 0.59126589 0.10338507 -0.11286762 25 0 1475.0691 6.6380577 -2.0551026
39 47.846659 64.277825 0.55881647 -0.34598922 -0.18129803 25 0 315.39537 1.5003974 -0.44051575
40 14.996606 67.394715 0.63117712 -0.069128776 0.06511585 25 0 433.6902 1.9596231 -0.73043138
41 366.92832 67.578971 0.49471689 0.42671707 0.13455432 25 0 255.13972 1.5465336 -0.47339841
42 48.803482 69.626984 0.50831738 -0.0093838661 0.19062532 25 0 515.47238 2.6334099 -1.0512962
43 72.131294 69.207635 0.72741908 0.32509099 -0.022544812 25 0 537.30869 2.2139453 -0.8629172
44 186.89794 69.624891 0.52262938 0.35400083 -0.0077722068 25 0 344.34511 1.7360119 -0.59888173
45 450.41534 70.124669 0.68804092 0.30213617 -0.16809985 25 0 1797.9233 7.3936022 -2.1721402
46 15.304629 71.261569 0.73364071 0.33158013 0.036876531 25 0 533.1551 2.076719 -0.79344433
47 129.77172 71.207896 0.67698478 0.20342864 -0.13113694 25 0 472.12335 1.9176807 -0.70694076
48 489.10872 70.857101 0.66202699 0.19397118 -0.18096536 25 0 485.0098 2.0660336 -0.78784345
49 435.69244 71.779715 0.64960776 0.50578284 -0.057169949 25 0 612.70623 2.6387882 -1.0535113
50 54.237417 73.42201 0.43388104 -0.32948764 -0.35336661 25 0 192.53908 1.1277202 -0.13050343
51 73.201675 74.378762 0.65721719 0.39216774 -0.043163212 25 0 1717.51 7.3278291 -2.1624383
52 186.14058 73.221141 0.67480128 0.073169067 -0.15824165 25 0 215.76093 1.0134361 -0.014490889
53 331.34054 75.715402 0.70514614 -0.23746473 0.18758104 25 0 292.95076 1.3649357 -0.33778052
54 142.89719 76.979701 0.77010486 0.63461057 0.055523223 25 0 280.34823 1.0709021 -0.074374406
55 486.27704 78.644229 0.61186554 0.22503402 -0.0041018316 25 0 1029.7127 4.5690088 -1.649555
56 52.806111 82.327078 0.53117933 0.18704016 -0.42337694 25 0 152.91138 1.0380666 -0.040563026
57 368.23938 82.787768 0.61001847 0.24780398 -0.15185056 25 0 3423.8772 15.122158 -2.9490345
58 137.21867 86.188379 0.74333174 0.35055839 -0.10398628 25 0 558.47191 2.1904505 -0.85133362
59 452.81138 87.905583 0.50990438 0.41994446 0.21641138 25 0 264.47993 1.4496932 -0.40319026
60 109.55703 89.733341 0.62259848 0.44901796 -0.159528 25 0 592.71157 2.6191141 -1.045386
61 161.99732 89.923059 0.67222354 0.12628712 -0.37007046 25 0 452.51466 1.9046095 -0.69951486
62 508.58863 89.637311 0.66032462 0.65741351 -0.056691318 25 0 22041.168 91.008607 -4.8977062
63 250.73714 93.241314 0.57682783 0.60466851 -0.047672128 25 0 231.25619 1.1767439 -0.17670486
64 172.41471 96.592259 0.64891047 0.61975181 -0.10902655 25 0 440.98781 1.8697123 -0.67943699
65 301.18635 97.089138 0.61654907 0.054754208 -0.19560927 25 0 1397.334 6.4178448 -2.018473
66 305.27364 98.921924 0.66551569 -0.16727066 -0.23892259 25 0 1506.8561 6.1700374 -1.9757195
67 203.47672 99.989663 0.67268645 0.21262922 -0.20643632 25 0 1761.0248 7.1511272 -2.1359363
68 200.34174 101.76742 0.51065955 0.57286177 -0.60334244 25 0 192.41962 1.0707345 -0.074204442
69 469.17113 103.5717 0.58131168 0.17893254 0.20728809 25 0 384.41034 1.7626183 -0.6153957
70 71.143488 104.21001 0.68973232 0.26083901 -0.12872565 25 0 4382.5649 17.84031 -3.128506
71 133.22596 103.84888 0.74216454 0.083593226 -0.11837836 25 0 434.95703 1.5867845 -0.50129486
72 79.112564 105.64923 0.56339035 0.41391442 0.23947136 25 0 259.64006 1.3763458 -0.34681889
73 314.22555 105.97384 0.62395538 0.45841683 -0.18761865 25 0 344.27621 1.604491 -0.51334324
74 506.89264 109.54518 0.66646184 0.58730804 0.17589289 25 0 2238.3055 9.1600616 -2.404746
75 3.7087115 111.76012 0.64372475 0.61485287 0.046245785 25 0 222.57075 1.0972719 -0.1007856
76 349.74794 115.29643 0.56435575 0.069690459 -0.12903948 25 0 559.37153 2.7450035 -1.0963573
77 236.53118 117.2491 0.66208591 0.47067349 -0.21218104 25 0 16810.125 68.986199 -4.5969055
78 253.8317 117.44457 0.6045661 0.52222406 0.10535445 25 0 968.42476 3.9764699 -1.4987442
79 320.53264 118.39127 0.53952554 0.21396586 -0.023973125 25 0 950.22649 4.3195677 -1.5886007
80 263.99997 118.74504 0.61354129 0.40544929 -0.094149618 25 0 1866.6082 8.173316 -2.2809957
81 465.88871 119.87549 0.70523771 0.29436299 -0.080096168 25 0 501.89447 2.0081748 -0.7570038
82 509.74212 120.13693 0.64813799 -0.10996329 -0.25223474 25 0 314.95213 1.379658 -0.34942862
83 115.49188 120.78632 0.61642429 0.058453472 -0.13874666 25 0 487.12378 2.1775216 -0.8449062
84 216.17407 120.39234 0.51924346 -0.11659142 0.048565122 25 0 444.05976 2.1028505 -0.80702101
85 331.15827 120.58811 0.47061871 -0.18807859 -0.45338651 25 0 163.12222 1.0041726 -0.0045208962
86 68.173605 122.33069 0.65855131 0.8670811 0.10085372 25 0 538.29922 2.3196262 -0.913545
87 169.70611 121.69867 0.66321181 0.26964273 -0.70823443 25 0 416.42529 1.6894988 -0.56939471
88 167.80448 123.94 0.65197415 0.24849873 -0.1399411 25 0 2209.8883 9.3366396 -2.4254765
89 495.87941 123.93818 0.82411975 0.1341557 -0.18963018 25 0 498.4987 1.7948386 -0.63506349
90 0.54220231 125.67677 0.63284414 0.47059922 -0.10149639 25 0 446.40717 2.0464198 -0.77748685
91 191.73634 129.44026 0.54720153 0.14917754 -0.047649618 25 0 1611.3402 7.45331 -2.180873
92 23.079473 131.05458 0.67943364 0.16630246 -0.074079889 25 0 1464.2175 6.3008321 -1.9984948
93 269.3983 132.64636 0.41488653 0.17249063 -0.07589461 25 0 354.4296 1.8782366 -0.68437575
94 411.7954 140.67895 0.63041256 0.50620299 -0.049567498 25 0 12491.249 53.566212 -4.3222273
95 400.22942 143.84223 0.53320015 -0.17132649 -0.0057775088 25 0 230.12756 1.3012463 -0.28589878
96 314.54301 146.41932 0.55915664 -0.12284333 -0.12279957 25 0 2536.8007 11.261333 -2.6289745
97 30.338163 147.20858 0.68180913 0.72375425 -0.065384616 25 0 792.27914 3.2638433 -1.2843233
98 110.21936 149.02872 0.77330935 0.4618208 -0.099698249 25 0 311.85946 1.2676208 -0.25747343
99 13.391586 151.223 0.62576513 0.54566882 0.096361326 25 0 594.37899 2.6283714 -1.0492168
100 499.97868 152.61501 0.63936216 0.40830351 0.051812437 25 0 8044.8183 34.38553 -3.8409393
101 113.28974 160.53299 0.57884631 0.057040977 0.15881288 25 0 446.7945 2.0650508 -0.78732685
102 401.65856 162.27262 0.59953579 0.11939622 -0.12866451 25 0 49560.733 216.61783 -5.8392355
103 222.09877 166.2228 0.64011918 0.61062999 -0.095478052 25 0 519.72025 2.1672599 -0.83977747
104 440.95235 165.60338 0.63744863 0.11859339 0.0089907571 25 0 519.59507 2.3063967 -0.90733502
105 169.26959 169.77686 0.58985504 0.16388319 -0.22802695 25 0 1149.9551 5.0905406 -1.7669098
106 472.11566 171.80347 0.55865939 0.55263457 -0.057618935 25 0 195.44625 1.1207862 -0.12380693
107 49.116659 173.31522 0.56309936 0.27022919 0.30686179 25 0 306.84714 1.3991812 -0.36468493
108 158.08787 173.8673 0.6988555 0.23416631 -0.15381956 25 0 302.32238 1.3165511 -0.29859431
109 362.15749 174.49276 0.67527626 0.47922202 -0.19675092 25 0 442.7487 1.7611285 -0.61447759
110 493.98294 174.00465 0.67550111 0.29910375 -0.072975278 25 0 7692.1985 32.449589 -3.778023
111 179.78858 175.57837 0.52981088 0.26226464 0.0090384137 25 0 835.8918 3.8163893 -1.4541317
112 241.76278 174.76587 0.61117119 0.43263777 -0.11453843 25 0 1837.8235 7.9883887 -2.256148
113 429.14871 176.73216 0.60139438 0.87293154 0.46187679 25 0 332.64522 1.5646083 -0.4860141
114 17.239748 177.34026 0.54496866 0.26825738 -0.38355709 25 0 239.59763 1.365576 -0.3382897
115 168.37703 178.09431 0.69740054 0.30628025 -0.23809675 25 0 1736.3539 6.8789725 -2.0938089
116 436.8632 183.30996 0.60831585 0.24269389 -0.059544076 25 0 2797.4937 12.479481 -2.7404914
117 32.511521 184.01306 0.7349744 0.022315871 -0.30676837 25 0 784.25218 3.0265288 -1.202362
118 130.63226 184.16515 0.66393077 0.36945007 -0.025234643 25 0 1952.4114 8.0046559 -2.2583567
119 426.85295 185.57828 0.48821446 0.13131436 0.17543726 25 0 485.68997 2.374939 -0.93913115
120 498.65155 185.09159 0.63494499 0.19704898 -0.10911228 25 0 842.36987 3.775251 -1.4423646
121 6.106674 186.47426 0.61716193 0.73639333 0.043471816 25 0 272.72019 1.3015514 -0.28615331
122 242.34392 187.02982 0.6323569 0.076192299 -0.3606178 25 0 1021.5332 4.4180758 -1.6130829
123 437.342 188.27403 0.67047775 0.13016969 -0.032686197 25 0 932.05571 3.9045633 -1.4789312
124 205.18548 189.58206 0.50407042 0.25949156 -0.17433655 25 0 603.0398 2.9455994 -1.1729342
125 87.29592 190.63845 0.61126505 0.078872049 -0.048337948 25 0 37947.341 165.6517 -5.5479898
126 137.11096 191.81534 0.61142155 -0.28702237 -0.37587405 25 0 461.74096 2.1200046 -0.81584198
127 268.425 196.04944 0.66797889 0.35880005 -0.12180022 25 0 327.95158 1.44415 -0.39903078
128 436.41703 196.42319 0.71219547 0.466177 -0.052309463 25 0 361.2209 1.5036252 -0.44284902
129 407.58282 199.14264 0.58443579 -0.53451045 -0.12734613 25 0 214.30309 1.1441006 -0.14616057
130 470.70761 200.15187 0.60597237 0.17665604 -0.077544593 25 0 654.99409 3.0152788 -1.1983187
131 364.67019 201.94767 0.79569479 0.41529203 -0.095271304 25 0 302.83743 1.1747387 -0.1748532
132 397.58549 201.79196 0.7351437 0.2085757 -0.18573733 25 0 334.60612 1.2956569 -0.28122504
133 183.92331 202.48698 0.50520363 0.55075321 0.20416996 25 0 524.93748 2.58262 -1.0301513
134 214.34316 203.9847 0.60387134 0.75761793 0.38626872 25 0 299.35526 1.2509906 -0.24313514
135 482.37212 203.21773 0.60058625 0.25025119 0.11006567 25 0 209.23865 1.1843885 -0.18373545
136 421.80161 204.69464 0.56324938 -0.099161298 0.17936487 25 0 293.32983 1.4506901 -0.40393664
137 82.459823 204.71136 0.58796422 0.026405765 0.070715751 25 0 522.35179 2.3214304 -0.91438917
138 485.20767 206.10728 0.6345356 0.39828136 -0.1595284 25 0 730.76612 3.3790048 -1.321972
139 162.9929 206.58309 0.72176996 -0.030702111 0.056443377 25 0 265.05001 1.0277733 -0.029743372
140 431.52975 208.76167 0.58667293 -0.23564486 -0.31057411 25 0 271.00378 1.356911 -0.33137845
141 28.49723 213.8656 0.56156265 0.53258386 -0.65487163 25 0 352.6232 1.5243315 -0.45769856
142 441.45171 216.08233 0.74339671 0.16943817 -0.29043736 25 0 1187.524 4.6308383 -1.6641491
143 3.5571625 217.24762 0.63921872 0.050065384 -0.10472496 25 0 1899.9452 8.3371764 -2.3025475
144 342.05281 218.33631 0.57808047 0.38884481 -0.086054706 25 0 1397.2621 6.1196534 -1.9668171
145 272.12494 220.45759 0.65074157 0.82550121 -0.038479335 25 0 632.1513 2.6036599 -1.0389606
146 166.56895 221.78315 0.59856291 0.00024100653 -0.16255233 25 0 891.85308 3.8766741 -1.4711482
147 509.84917 221.99392 0.62483669 0.49123247 0.029096378 25 0 273.00192 1.325794 -0.30619014
148 456.50194 225.24299 0.62177722 0.41817656 -0.2242775 25 0 228.64782 1.1316205 -0.13425199
149 495.25513 224.82234 0.64481359 0.20926528 -0.096695669 25 0 5068.9033 21.753044 -3.3438001
150 255.5968 227.18317 0.6005234 0.024358989 -0.18802618 25 0 2767.9707 12.178526 -2.7139868
151 1.0771649 229.38413 0.87499973 -0.22088509 0.083673684 25 0 402.44118 1.4862623 -0.43023867
152 367.80026 229.29564 0.57599762 0.22834463 -0.098631074 25 0 4087.5779 18.441182 -3.1644719
153 437.99918 229.94796 0.65384508 0.25839217 -0.12305858 25 0 15630.968 66.685393 -4.5600768
154 342.83959 231.5965 0.61652889 0.56693445 -0.0045287181 25 0 994.17994 4.2820024 -1.5791173
155 507.12174 231.91236 0.60328764 0.33323994 -0.0891277 25 0 327.97681 1.5657878 -0.48683228
156 395.18008 232.86887 0.7387384 -0.26306768 -0.044825819 25 0 269.19034 1.0942712 -0.097812447
157 167.90492 234.88804 0.74750201 -0.041294355 -0.14071399 25 0 301.71029 1.1476162 -0.14949172
158 196.21609 237.94026 0.6421341 0.46650225 -0.15671364 25 0 727.46193 3.0472853 -1.2097828
159 256.36163 238.84408 0.60483481 0.033638114 -0.24966313 25 0 786.82443 3.4232717 -1.3361034
160 447.19198 241.47675 0.61302826 0.68936389 0.069344936 25 0 1834.4519 7.9869676 -2.2559548
161 46.583697 242.21813 0.61960284 0.31227248 -0.19208572 25 0 405.47058 1.8616747 -0.67475951
162 501.53823 252.54554 0.46469139 0.43310346 0.081519688 25 0 223.92392 1.4485632 -0.40234362
163 444.09575 254.85727 0.65243798 0.26801022 -0.10483902 25 0 8060.2768 34.171721 -3.8341671
164 219.85478 255.38271 0.55682105 0.60392966 0.082744596 25 0 4096.6427 18.263104 -3.1539365
165 282.0405 257.90565 0.58125952 0.016124059 -0.32913854 25 0 333.53845 1.3852669 -0.35383362
166 347.39872 264.25242 0.56860765 0.0078433138 -0.12223317 25 0 371.85926 1.7922462 -0.63349418
167 120.62521 265.8721 0.70759587 0.14775991 -0.4352091 25 0 386.57157 1.5163254 -0.45198102
168 2.1607935 276.3248 0.72949789 0.46825977 0.024582732 25 0 361.79138 1.4373553 -0.39391037
169 42.484568 276.36762 0.35083205 -0.14097498 -0.18572544 25 0 171.25404 1.218562 -0.21461904
170 49.08842 276.18958 0.70738233 0.44462757 -0.041062036 25 0 1654.6595 6.6807414 -2.0620617
171 105.57702 277.94906 0.62537831 0.13772817 -0.48152834 25 0 301.68771 1.1894385 -0.18835499
172 78.628536 279.08892 0.55354612 -0.053570938 -0.26559979 25 0 228.48409 1.2131652 -0.20979988
173 189.92989 279.61572 0.77936948 -0.42385494 -0.44019978 25 0 271.83211 1.0798902 -0.083449042
174 63.331783 285.3722 0.68118126 0.77073623 0.043237807 25 0 802.73781 3.1509267 -1.2460958
175 231.52491 284.34715 0.62576065 0.86009412 0.06190461 25 0 253.27643 1.110599 -0.11389319
176 363.64876 287.71959 0.61340685 0.48233407 -0.13513381 25 0 5379.7734 23.338327 -3.4201743
177 176.42842 289.08608 0.62940259 0.20084307 -0.13416846 25 0 920.33193 3.8707778 -1.4694956
178 54.909955 290.38962 0.62931715 0.35106239 0.071401909 25 0 1263.0105 5.3869026 -1.8283478
179 83.208656 290.16158 0.7006525 0.38014112 -0.14222571 25 0 1384.4892 5.6679973 -1.8835741
180 337.90127 292.47401 0.5875024 0.47407047 -0.10143547 25 0 367.57831 1.5149111 -0.4509679
181 469.38915 292.50399 0.47975624 -0.12068122 0.10848573 25 0 591.74965 2.9947236 -1.1908919
182 7.7077481 295.15733 0.81687702 0.1068583 -0.38616349 25 0 447.92138 1.6471484 -0.54183182
183 22.680944 295.32728 0.69220145 -0.35896953 -0.083916819 25 0 314.89837 1.3762378 -0.34673371
184 48.334799 297.65069 0.61046262 0.48184892 0.092168645 25 0 250.29619 1.0819758 -0.085543825
185 85.746162 299.94027 0.61019822 -0.57478117 -0.39461551 25 0 335.23187 1.5393738 -0.4683602
186 152.28943 299.88885 0.73360197 0.49111139 0.034487048 25 0 604.43157 2.2731349 -0.89156303
187 66.676688 305.8816 0.68546512 0.2963782 -0.11841723 25 0 1394.6127 5.725403 -1.8945152
188 414.4408 305.88167 0.58315919 -0.27749457 -0.45483355 25 0 380.03502 1.7267826 -0.59309414
189 442.01237 311.4328 0.57720491 0.35878803 0.020070324 25 0 997.81541 4.5925316 -1.6551304
190 210.15899 311.48362 0.47513614 0.21773973 0.18448197 25 0 645.0523 3.3414673 -1.309843
191 129.48911 316.19755 0.66589202 0.37516452 -0.24728107 25 0 3373.1236 13.650738 -2.8378903
192 5.4599993 317.86425 0.68261372 0.12822551 -0.19117066 25 0 2410.3654 9.9611505 -2.4957738
193 51.294954 320.09836 0.6252228 0.4319026 -0.22719162 25 0 423.67072 1.8483363 -0.66695248
194 446.50111 325.52976 0.37532022 0.97663357 0.23109145 25 0 202.24304 1.1497249 -0.15148485
195 178.9957 325.55869 0.61278829 0.73995673 0.46257763 25 0 324.49245 1.2741835 -0.26307992
196 321.65579 327.86433 0.66352526 0.24338482 -0.17182175 25 0 685.1047 2.947511 -1.1736386
197 254.61159 330.83226 0.79992586 -0.39042048 -0.45350128 25 0 348.82723 1.240739 -0.23420107
198 11.941379 335.16042 0.70144724 0.27671702 -0.094005483 25 0 5488.785 22.420554 -3.3766158
199 279.11884 335.24987 0.6085456 0.37926354 -0.10639968 25 0 543.60268 2.5180518 -1.0026616
200 22.157647 336.11428 0.73665969 0.30897284 -0.095362415 25 0 14777.732 58.662732 -4.4209057
201 371.98491 335.62851 0.56215647 0.27440087 0.014475459 25 0 470.93803 2.2640402 -0.88721033
202 68.507993 337.23893 0.81433486 0.36358035 -0.20950668 25 0 1055.2347 3.5882424 -1.3872044
203 255.30378 336.77465 0.6729946 -0.061208857 -0.18761105 25 0 874.41215 3.5154549 -1.3649538
204 78.989632 338.90491 0.66118053 -0.3268972 -0.49959895 25 0 285.00747 1.1619089 -0.16293018
205 480.31488 343.10753 0.64984984 0.74556146 0.30105066 25 0 1017.4367 4.1456205 -1.5439739
206 251.54807 346.57279 0.48119877 0.044394593 0.051389812 25 0 306.21098 1.4631508 -0.4132227
207 352.21262 349.11902 0.66614897 0.3063061 -0.064414095 25 0 823.08905 3.4589843 -1.3473715
208 467.34009 351.70431 0.37518387 0.087864217 -0.25345327 25 0 170.787 1.1208897 -0.12390717
209 231.41505 352.85365 0.66016488 0.31693048 -0.26184321 25 0 5142.0448 21.083989 -3.3098819
210 373.57622 354.198 0.68663351 0.17020804 -0.35289765 25 0 1088.4014 4.3754017 -1.6025448
211 13.529054 355.08451 0.71523446 -0.2828337 -0.28875286 25 0 834.96287 3.1800845 -1.2560966
212 485.10637 354.99404 0.83029531 0.46628276 -0.14681513 25 0 467.00993 1.7093938 -0.58210534
213 3.7882162 355.51761 0.71387256 0.62020795 0.14904858 25 0 460.37637 1.6853236 -0.56670828
214 290.41064 356.77132 0.61330511 0.039186547 -0.21378527 25 0 24249.876 103.71513 -5.0396053
215 13.630727 358.98427 0.74171872 -0.1273521 -0.17169603 25 0 1564.9617 5.9822595 -1.9421631
216 434.99733 358.99984 0.61012475 0.85095683 0.22924053 25 0 220.98767 1.011822 -0.012760265
217 14.828382 362.29703 0.6512796 -0.071391006 0.2381837 25 0 513.20475 1.960163 -0.73073045
218 406.24958 363.86232 0.66329644 0.17948998 -0.18777694 25 0 2071.8945 8.7806815 -2.3588206
219 471.25597 364.34864 0.38428869 -0.19856669 -0.08804941 25 0 227.3776 1.5424997 -0.47056271
220 217.7108 365.90759 0.63197483 0.29826446 -0.19430793 25 0 1680.0312 7.2344135 -2.1485083
221 269.73715 367.0498 0.58657548 0.1025536 -0.18768327 25 0 2584.2799 11.694504 -2.6699545
222 419.37377 368.23412 0.66511237 0.17707358 -0.2557676 25 0 1132.3388 4.6161835 -1.6607077
223 87.403448 368.52027 0.5584211 -0.033759151 -0.052216724 25 0 4271.0085 19.200904 -3.2083042
224 130.51293 369.40127 0.565107 -0.43478294 -0.26120587 25 0 397.68901 1.6181066 -0.52251784
225 102.52819 369.70698 0.40358976 0.83127342 0.2240243 25 0 201.72015 1.0647777 -0.068147416
226 491.07789 370.23244 0.69060686 0.2654539 -0.060959943 25 0 10360.715 42.742756 -4.0771563
227 14.517297 371.47287 0.41913164 -0.1358696 -0.024475339 25 0 346.14244 1.803812 -0.64047819
228 467.37909 378.14057 0.61902647 -0.14907054 -0.40831866 25 0 228.74023 1.0405945 -0.043203844
229 437.64877 379.51095 0.53540399 0.6402159 0.10595808 25 0 280.13091 1.5044681 -0.44345745
230 357.51349 381.44322 0.54814283 -0.21483544 -0.10368433 25 0 2810.6924 12.529084 -2.7447983
231 66.483027 382.78389 0.69607057 0.39082174 -0.21466156 25 0 3856.6552 15.45901 -2.9729542
232 112.31279 384.23684 0.54165492 0.55380998 -0.19962628 25 0 536.7469 2.504103 -0.99663047
233 219.02586 385.81006 0.61635462 0.2955199 -0.17076902 25 0 651.21356 2.9440428 -1.1723603
234 475.67705 386.9325 0.66164744 -0.25774396 0.059527182 25 0 543.43042 2.1442439 -0.82818547
235 92.170933 387.29833 0.6350198 -0.016095429 0.0042035992 25 0 379.0884 1.4916799 -0.4341891
236 260.77387 386.60493 0.69543219 0.3722969 -0.33126677 25 0 366.82741 1.4179383 -0.37914336
237 507.98448 388.54469 0.63393911 0.38809669 0.078699812 25 0 355.67503 1.5548181 -0.47919896
238 136.32107 388.57639 0.61231454 0.081707826 -0.1427122 25 0 1339.5118 5.5812507 -1.8668288
239 476.38267 390.17857 0.68884198 0.24675588 -0.16548454 25 0 2258.8841 9.0172593 -2.3876864
240 447.03808 390.66006 0.64333155 0.20534569 -0.017430391 25 0 2531.764 10.596035 -2.5628584
241 51.852712 393.79348 0.67145513 0.36155592 -0.088652686 25 0 631.68008 2.655438 -1.0603404
242 238.37398 398.50322 0.54680405 -0.031277428 -0.079493965 25 0 6402.4344 28.633438 -3.6421837
243 368.6029 400.6809 0.52546931 0.11125016 -0.049037866 25 0 584.49397 2.6401691 -1.0540793
244 164.99984 401.02413 0.72487592 -0.56668565 -0.10464527 25 0 295.32074 1.0602133 -0.063483113
245 404.20026 405.70073 0.41419733 0.43621847 0.068656723 25 0 425.34862 2.3671029 -0.93554285
246 267.4157 406.08949 0.65003676 0.54745903 -0.35766075 25 0 697.46932 2.8242273 -1.1272491
247 13.629903 407.67948 0.72461521 0.50070754 -0.042327803 25 0 287.19094 1.0358317 -0.03822295
248 282.44673 409.38963 0.53329779 -0.16063682 -0.32223854 25 0 264.38757 1.27004 -0.25954353
249 264.72367 409.72975 0.63697453 0.43183613 -0.14700752 25 0 1959.0627 8.3261741 -2.3011137
250 486.28459 410.05092 0.88426426 0.13311347 -0.090158233 25 0 518.00451 1.6295302 -0.53015605
251 33.115147 413.92105 0.77302224 0.1751838 0.13767955 25 0 323.05931 1.021829 -0.023445562
252 297.19232 413.91466 0.69673431 0.63448231 0.13725464 25 0 253.67738 1.0952776 -0.098810476
253 96.7327 415.15863 0.70143649 0.25631027 -0.17477263 25 0 1019.8701 3.9609501 -1.4944984
254 120.80554 416.52197 0.6507681 0.54581412 0.028787897 25 0 2194.3243 9.0664395 -2.3935919
255 296.70409 426.43153 0.57786508 -0.35882352 -0.16620976 25 0 339.62092 1.5281943 -0.46044641
256 177.6395 428.05076 0.63170761 -0.50065356 -0.23159212 25 0 338.99793 1.289191 -0.27579316
257 206.39194 433.66686 0.5522948 0.39129988 0.009133422 25 0 335.1148 1.5998378 -0.51018986
258 144.99551 435.57966 0.53363065 0.38787864 -0.010932038 25 0 877.00063 3.9579066 -1.4936639
259 171.54278 434.57828 0.67441262 0.72389806 -0.079375358 25 0 2229.1927 9.0086029 -2.3866436
260 393.47518 435.2757 0.64299186 0.71608833 -0.089255265 25 0 325.69162 1.3560859 -0.33071801
261 186.40613 436.09972 0.6641733 -0.06584025 -0.25552581 25 0 300.77329 1.2675643 -0.25742499
262 244.77911 437.886 0.63904547 0.28412156 -0.22354459 25 0 1160.3088 4.9253934 -1.7311023
263 503.92682 437.70735 0.2858819 0.34505756 -0.032745319 25 0 61610.421 336.32808 -6.3169078
264 357.49631 439.63451 0.59303101 -0.16821951 -0.1291418 25 0 2903.5579 12.698773 -2.7594044
265 257.87713 442.39808 0.58247407 -0.29583712 0.11816918 25 0 1036.6516 4.1756683 -1.551815
266 27.079448 442.99801 0.72540833 0.42721886 0.063685515 25 0 487.6685 1.9873428 -0.74568199
267 103.95544 444.34141 0.65471748 0.29544352 -0.074570268 25 0 14792.509 62.584469 -4.4911664
268 488.96011 445.0501 0.78180148 0.20352466 -0.42864226 25 0 387.88076 1.4113671 -0.3741
269 475.20383 451.00051 0.69202392 -0.12257274 -0.61429673 25 0 358.80611 1.5314656 -0.46276809
270 224.70287 451.89573 0.42574416 0.49487297 -0.18158504 25 0 261.61216 1.4637445 -0.4136632
271 489.9458 454.20726 0.6956247 0.078171021 -0.087747767 25 0 2517.3491 10.22317 -2.523964
272 392.52882 456.70722 0.63681508 0.27960866 -0.47529762 25 0 351.25398 1.4729629 -0.42047955
273 323.90639 457.82924 0.68210672 0.2251176 -0.221288 25 0 758.64171 3.0360648 -1.2057776
274 448.01488 458.99971 0.7617899 -0.041175475 -0.12567198 25 0 535.92531 1.9541436 -0.72739121
275 343.29333 460.13264 0.68524606 0.0055304159 -0.38174111 25 0 257.22703 1.0818911 -0.085458822
276 374.9399 462.82144 0.70126396 0.15763629 -0.062760143 25 0 1576.3819 6.3414857 -2.0054775
277 69.076123 463.95942 0.7394208 0.23392421 -0.13586512 25 0 7168.6012 28.513662 -3.6376325
278 161.97724 465.03812 0.64242596 0.25768086 -0.22807251 25 0 1314.3723 5.7486563 -1.8989159
279 338.76424 465.48507 0.29270476 -0.56037174 -0.1247247 25 0 181.25896 1.2448447 -0.23778792
280 440.53011 466.48065 0.49395938 0.68918385 -0.12676508 25 0 61246.281 287.51067 -6.1466349
281 304.13216 467.23797 0.64467357 0.01468195 -0.21253933 25 0 390.04006 1.5825096 -0.49836591
282 58.1073 469.13511 0.74671812 0.24003986 -0.28204158 25 0 428.84143 1.6646736 -0.55332276
283 417.75503 468.75826 0.61090827 0.6371371 -0.18873449 25 0 330.57598 1.4719475 -0.41973082
284 2.9544071 471.78615 0.77595153 0.40319651 -0.1738695 25 0 272.75559 1.0764412 -0.079975802
285 223.7195 473.08897 0.64803351 0.10795872 -0.22423911 25 0 5279.321 22.699614 -3.3900462
286 441.66881 474.12961 0.67188284 -0.1152537 -0.17174206 25 0 584.33477 2.2804411 -0.89504716
287 355.47269 474.71938 0.44649573 -0.68082861 -0.26571126 25 0 495.57603 2.2921829 -0.90062315
288 57.892636 475.90922 0.71763859 0.071732153 0.031903539 25 0 311.06049 1.2152541 -0.21166772
289 258.03275 476.21815 0.76758163 -0.024353233 -0.028416738 25 0 302.24295 1.0816865 -0.085253507
290 273.80675 476.39343 0.61336969 0.042825206 -0.10476037 25 0 3040.0996 13.11483 -2.7944067
291 127.00396 477.02118 0.60188174 0.11893381 -0.12601463 25 0 467.27681 2.0953874 -0.8031608
292 351.06861 481.58937 0.69983727 0.22243202 0.18696277 25 0 512.2246 1.9134554 -0.70454587
293 151.55959 482.51665 0.53458421 0.050055776 -0.17297789 25 0 740.97891 3.3847098 -1.3238036
294 229.45746 486.76133 0.56184881 0.32345616 -0.30209244 25 0 276.79391 1.2571958 -0.24850732
295 76.743766 487.86338 0.76346371 0.41286027 -0.16068544 25 0 1274.0591 4.7847923 -1.6996577
296 252.90781 497.36271 0.5554149 0.20784698 0.001325153 25 0 399.84677 1.7881384 -0.63100282
297 405.5367 497.24023 0.66841288 -0.21783009 -0.18407478 25 0 281.55304 1.0813682 -0.084934001
298 510.3386 499.19932 0.54643315 0.12927434 0.29989949 25 0 257.44434 1.2128895 -0.20955313
299 162.97984 501.38235 0.68061866 0.28306825 -0.11370484 25 0 411.47542 1.596864 -0.50816984
300 80.298104 502.82166 0.79319362 -0.31708241 -0.15993466 25 0 364.27154 1.3398356 -0.31762876
301 128.66764 504.45325 0.51687142 -0.53292418 -0.057814688 25 0 480.46427 2.0893541 -0.80003014
302 174.23214 504.31845 0.54065569 0.58397174 0.14305281 25 0 397.69921 1.8076213 -0.64276862
303 292.96225 506.79914 0.62470483 0.14698233 -0.097129851 25 0 392.74784 1.7252712 -0.59214344
304 129.728 508.19218 0.6807563 0.10236135 -0.10301226 25 0 833.05448 3.3804188 -1.3224263
305 176.09374 510.81382 0.8767821 -0.96422867 -0.48262411 25 0 415.51914 1.3962443 -0.36240351
