id xcentroid ycentroid sharpness roundness1 roundness2 npix sky peak flux mag
1 147.41179 14.141601 0.82902382 0.72833204 -0.73321641 25 0 1353.6575 2.7709688 -1.1065791
2 279.64286 14.574094 0.54941884 0.36381562 -0.18627703 25 0 416.69558 1.1797853 -0.17950742
3 7.124364 23.566017 0.53051158 0.11636008 -0.041787935 25 0 8707.4286 22.249556 -3.3683034
4 317.11917 23.257767 0.63645556 -0.067916553 -0.15610738 25 0 509.00661 1.3247835 -0.30536225
5 390.48516 26.425187 0.58618223 0.93646663 -0.11499408 25 0 447.02169 1.2310152 -0.22565852
6 449.8049 26.540159 0.55067407 -0.1174325 -0.035669029 25 0 16955.176 42.136695 -4.0616512
7 336.16627 44.671763 0.68626659 -0.21327307 0.11612331 25 0 383.92748 1.0389007 -0.041435147
8 96.269947 51.060848 0.70479874 -0.083586651 -0.30415049 25 0 507.46236 1.1685431 -0.16911186
9 169.31 52.387668 0.54865907 0.097979112 -0.14879994 25 0 650.13144 1.6288207 -0.52968322
10 188.45812 53.191697 0.4968083 -0.47323319 -0.29209605 25 0 1300.8438 3.4870501 -1.3561455
11 306.95925 55.474188 0.34181207 -0.27905665 -0.24150069 25 0 57756.632 160.71222 -5.5151223
12 93.886011 57.462863 0.57315569 -0.24192338 -0.11977688 25 0 3534.8363 8.6989824 -2.3486711
13 382.37195 59.072659 0.73653575 -0.066232215 -0.15354368 25 0 745.30139 1.7353381 -0.59846029
14 452.82201 65.320476 0.67525775 -0.033046784 -0.071365343 25 0 615.38407 1.5443625 -0.47187312
15 276.59972 65.975344 0.64132925 -0.15383997 -0.36263923 25 0 981.69717 2.3585837 -0.93162824
16 425.54059 72.82093 0.65734321 -0.18399535 -0.37696902 25 0 1046.7665 2.6218667 -1.0465265
17 483.92455 75.191349 0.64865328 0.096368104 -0.1126811 25 0 2732.0148 6.578474 -2.0453129
18 37.141234 78.002602 0.54957109 0.12692396 -0.38230666 25 0 344.12047 1.0454714 -0.048280427
19 415.21331 79.626635 0.58618791 -0.0078553612 -0.069042818 25 0 1077.7214 2.8140841 -1.1233427
20 400.1685 81.5101 0.49218005 -0.1343523 -0.28921221 25 0 262.28514 1.016102 -0.017343309
21 38.273909 83.224821 0.61616117 -0.2860207 -0.40946958 25 0 1080.184 2.6458759 -1.0564237
22 450.93365 88.387863 0.62421119 0.18498492 -0.068133314 25 0 668.59152 1.6793857 -0.56287615
23 332.76853 92.218692 0.52513391 -0.27538922 -0.24980807 25 0 1979.6016 5.1603388 -1.7816955
24 473.16286 99.366817 0.61510084 0.22548308 -0.055062878 25 0 15871.619 37.952071 -3.9480887
25 266.01276 106.43993 0.54008044 -0.085170378 -0.17169398 25 0 724.01708 1.8679234 -0.67839768
26 269.97407 108.07723 0.53615176 -0.31774998 -0.36790662 25 0 877.17241 2.2478758 -0.87943078
27 168.47494 109.04207 0.62799022 -0.35340843 -0.41175465 25 0 1153.3618 2.6274461 -1.0488345
28 36.082581 113.10971 0.61834497 -0.38060613 -0.34977385 25 0 2700.9366 6.4791148 -2.0287892
29 491.42768 115.85591 0.63669111 -0.15317456 -0.22099963 25 0 1572.6405 3.83668 -1.459889
30 471.41548 119.26147 0.53278978 -0.42826765 -0.33809702 25 0 1281.9237 3.4189133 -1.3347202
31 201.4401 126.3178 0.60570849 0.12300382 -0.30553488 25 0 11225.451 25.890956 -3.5328702
32 218.6634 126.36299 0.5126351 0.61086951 -0.027319663 25 0 564.0821 1.4810908 -0.42645423
33 228.79916 127.85138 0.53742011 0.12633434 -0.19952433 25 0 1232.2288 3.2037605 -1.2641501
34 285.30722 127.55883 0.52768285 -0.60360706 0.022610227 25 0 618.20212 1.6709049 -0.55737932
35 132.84936 133.03111 0.54554829 -0.3261661 -0.3883161 25 0 1349.2284 3.4326144 -1.3390625
36 500.03509 134.73333 0.70196387 -0.041879256 -0.12762153 25 0 1532.1885 3.5066715 -1.3622377
37 156.81056 138.50791 0.53393381 -0.37625722 -0.11467152 25 0 1057.7402 2.5657877 -1.0230518
38 376.42831 150.2127 0.62531618 -0.008981986 -0.26278551 25 0 8137.2885 18.735858 -3.1816839
39 279.27463 155.53648 0.55776564 -0.33823896 -0.13122454 25 0 1771.5511 4.2661527 -1.575091
40 464.69982 162.30351 0.56085207 -0.27187556 -0.12173154 25 0 5145.8541 12.907515 -2.7771066
41 366.33624 171.71508 0.60057129 -0.41119296 -0.18985655 25 0 33914.747 79.584143 -4.7520664
42 405.19283 175.2461 0.53625283 -0.27768907 -0.29330439 25 0 353.01856 1.2299175 -0.22468992
43 144.82321 184.56737 0.60167888 -0.62520683 -0.14924791 25 0 621.07572 1.4131131 -0.37544231
44 206.5924 183.85797 0.48482218 0.022659656 -0.37663189 25 0 1048.8015 2.7122773 -1.0833352
45 458.7626 183.68667 0.59344706 0.12849118 -0.087489134 25 0 4728.9592 11.723334 -2.6726279
46 133.31084 187.1453 0.58098451 -0.17815574 -0.43541611 25 0 1090.26 2.604084 -1.0391375
47 95.482677 193.09825 0.62587754 -0.034061066 -0.2503178 25 0 1297.3331 2.9282784 -1.1665309
48 401.5829 192.79864 0.61668433 -0.51398034 -0.33318614 25 0 1710.3532 4.0328389 -1.5140272
49 463.51021 194.76641 0.66689345 -0.40277145 -0.17403072 25 0 508.36985 1.3396375 -0.31746823
50 207.36005 196.06177 0.59074168 -0.25487465 -0.30057715 25 0 688.0686 1.5273634 -0.45985598
51 401.88841 197.924 0.56295324 -0.21987313 -0.19579146 25 0 577.83466 1.609502 -0.51672878
52 52.217299 199.52585 0.55801586 0.20037792 -0.084069158 25 0 24969.094 60.823432 -4.4601773
53 169.96173 198.64482 0.48927905 0.083558361 -0.25474911 25 0 453.36923 1.1961991 -0.19450867
54 435.39492 209.82479 0.58280052 -0.69980999 -0.49189643 25 0 392.15617 1.2226454 -0.21825129
55 148.77999 211.72697 0.37007363 0.11598717 -0.32050846 25 0 329.41895 1.0290623 -0.03110419
56 489.3514 213.48691 0.63428313 -0.20465347 0.015183292 25 0 1096.5773 2.6725375 -1.0673095
57 449.73178 216.01547 0.55648872 0.044674462 -0.27677408 25 0 417.93674 1.184818 -0.18412911
58 483.30867 219.61742 0.56607279 -0.33194342 -0.15169312 25 0 2083.9583 5.2994987 -1.810587
59 405.98444 225.76813 0.62934003 0.031408023 -0.057240447 25 0 782.45123 1.921639 -0.70917949
60 306.7129 227.70919 0.54052717 0.060915337 -0.22991108 25 0 973.37403 2.5796807 -1.0289149
61 236.79096 229.39343 0.5567976 -0.32134834 -0.26654869 25 0 443.39977 1.0173819 -0.018709969
62 131.31826 230.85777 0.58298267 -0.3632191 -0.26730351 25 0 669.28886 1.5273994 -0.45988157
63 459.81029 234.58937 0.55276704 0.10055519 -0.017714083 25 0 3044.4687 7.780003 -2.2274494
64 220.29474 236.26704 0.61763602 0.10627796 -0.20752864 25 0 1925.8143 4.3109804 -1.5864401
65 332.49205 238.63719 0.57562535 -0.46037364 -0.32282511 25 0 2671.5177 6.2682672 -1.9928688
66 402.53571 239.43337 0.50188712 0.36028964 -0.16319625 25 0 7549.3793 18.634859 -3.1758153
67 307.41166 240.91787 0.59000005 -0.025795108 -0.18335165 25 0 806.73314 2.1199056 -0.81579132
68 160.89828 246.98207 0.5290604 -0.080263899 -0.33733194 25 0 438.52718 1.1061769 -0.10956148
69 220.7854 248.07304 0.3880637 -0.30985353 -0.19305608 25 0 423.8826 1.2007878 -0.1986657
70 411.85531 251.04294 0.61938456 -0.10777496 -0.20052769 25 0 1486.6156 3.6340216 -1.4009688
71 408.69505 264.53954 0.52224801 -0.51632175 -0.13268675 25 0 4334.0387 10.69145 -2.5725916
72 184.5902 264.46483 0.59254823 -0.72926864 -0.22094082 25 0 2958.9214 6.6388948 -2.0552395
73 509.43093 265.93363 0.60447938 -0.12956975 -0.1401356 25 0 1156.2812 2.9013811 -1.156512
74 13.906428 285.10871 0.5703751 -0.4385599 -0.31488102 25 0 974.39802 2.541322 -1.0126493
75 28.146258 294.32324 0.57842084 -0.13593674 -0.055333552 25 0 516.876 1.2574823 -0.24875471
76 328.33764 297.13977 0.63874885 -0.16759044 -0.27693599 25 0 4126.7146 9.592973 -2.4548831
77 141.05181 298.01506 0.63158306 -0.48854509 -0.35368437 25 0 664.43568 1.4675736 -0.41649976
78 19.877228 299.23168 0.5817265 -0.43998594 -0.338588 25 0 847.61105 2.2042766 -0.85816524
79 47.91048 299.03579 0.56834629 0.022967478 -0.51646839 25 0 787.73716 1.921812 -0.70927727
80 433.97289 302.11965 0.67682241 -0.24360465 -0.33314306 25 0 567.60291 1.2698868 -0.25941249
81 31.495734 314.64233 0.59769618 -0.45288472 -0.29512186 25 0 743.88942 1.6526423 -0.54544714
82 174.76456 320.71067 0.51514275 0.11931502 -0.22898364 25 0 609.77691 1.4871208 -0.43086565
83 406.52003 320.94118 0.53171453 -0.27748802 -0.29055462 25 0 726.00518 1.8131281 -0.64607124
84 94.097507 325.20684 0.60569011 -0.18841047 -0.31964996 25 0 2509.3142 5.9806356 -1.9418684
85 33.137287 346.0167 0.6172619 -0.52266925 -0.31279735 25 0 749.66445 1.7437422 -0.6037057
86 219.85298 345.90641 0.48855981 -0.34737999 -0.46566059 25 0 590.57612 1.5157898 -0.45159742
87 444.95314 352.94054 0.54094511 0.67825244 0.42111365 25 0 653.0551 1.4568826 -0.40856141
88 316.71315 358.58748 0.52510415 -0.14929015 -0.213514 25 0 496.81155 1.1784602 -0.17828731
89 195.93603 361.98671 0.55613345 -0.20883213 -0.32551492 25 0 3699.1751 9.1331465 -2.4015511
90 337.87088 363.70917 0.64380752 -0.060516032 -0.26626583 25 0 736.53665 1.5721856 -0.4912595
91 254.85746 366.16214 0.58114321 -0.33154931 -0.28711945 25 0 17700.834 43.019938 -4.0841745
92 370.63532 373.33621 0.50496195 -0.73112233 -0.24297867 25 0 1227.8755 3.0665407 -1.2166218
93 182.40462 374.98065 0.63932307 -0.47241008 -0.37086947 25 0 1157.1715 2.4309718 -0.9644498
94 234.31461 376.26906 0.60386581 0.022177989 -0.2442924 25 0 1911.9826 4.2579751 -1.5730078
95 51.90325 377.41278 0.52895928 -0.27533697 -0.17989478 25 0 3115.2304 7.8144409 -2.2322448
96 383.90199 377.70006 0.62546018 0.00024474485 -0.092886389 25 0 971.5327 2.3052706 -0.90680477
97 455.64003 379.94666 0.61489823 -0.21006665 -0.22911853 25 0 6991.6779 16.920275 -3.0710186
98 31.176587 391.51117 0.56042858 0.1255214 -0.12298924 25 0 2275.1923 5.5239769 -1.8556296
99 322.18635 390.81444 0.64359378 -0.41154384 -0.24823165 25 0 2730.9181 6.3246859 -2.0025974
100 77.224864 393.02965 0.58977907 -0.12390514 -0.52740579 25 0 488.31207 1.1162647 -0.11941793
101 440.17655 396.36739 0.61243736 -0.72139122 -0.015040042 25 0 489.72013 1.0671518 -0.070565545
102 100.82269 397.55363 0.52034535 -0.052978346 -0.34192379 25 0 903.20557 2.0797529 -0.79502935
103 411.57453 400.20653 0.54242554 -0.45544842 -0.27347483 25 0 1758.308 4.41976 -1.6134967
104 440.91585 399.90072 0.64660348 -0.31392249 -0.21152845 25 0 1695.0225 3.8530791 -1.4645198
105 202.80902 407.76889 0.55738664 -0.23278042 -0.32687773 25 0 5085.9097 12.270004 -2.7221117
106 333.24452 410.08958 0.54991793 0.024316122 -0.28467983 25 0 637.08095 1.5281257 -0.46039772
107 231.82411 415.35123 0.57126337 -0.035822628 -0.2279118 25 0 583.26444 1.3314827 -0.31083878
108 229.20029 419.00925 0.60998899 -0.28293885 -0.33037393 25 0 1568.119 3.5947199 -1.3891626
109 61.323875 423.95773 0.64281561 -0.22838226 -0.30207393 25 0 782.54102 1.7361062 -0.59894069
110 85.390028 425.4926 0.54007294 0.1771955 -0.21596891 25 0 1353.8707 3.0508419 -1.2110493
111 109.71868 444.64309 0.53724649 -0.40529334 -0.070231186 25 0 764.19255 1.6588175 -0.54949649
112 136.26391 443.55835 0.55208346 -0.35400805 -0.22141494 25 0 1493.324 3.4636723 -1.348842
113 209.35938 447.13603 0.67555622 -0.2863807 -0.33688627 25 0 833.86233 1.6681296 -0.55557449
114 468.15605 447.31912 0.28896965 -0.20985726 -0.20744378 25 0 60815.582 163.7802 -5.5356535
115 321.88388 449.20789 0.60140663 -0.36924865 -0.26908267 25 0 2370.8214 5.5318701 -1.8571799
116 222.37643 451.63438 0.64638881 -0.60511113 -0.16566909 25 0 870.55975 1.6814667 -0.56422066
117 68.563138 453.18797 0.58408424 -0.45292392 -0.38291151 25 0 9442.1065 22.648346 -3.3875912
118 454.40332 463.87182 0.66819457 -0.43753529 -0.31906869 25 0 1873.4576 4.0744396 -1.5251697
119 288.31311 467.44489 0.6579426 0.082548575 -0.16414808 25 0 571.66564 1.0812602 -0.084825522
120 339.38504 472.3051 0.68160056 -0.049813675 -0.30216427 25 0 1148.7834 2.372697 -0.93810569
121 33.649648 472.67443 0.56514415 0.13253334 -0.25974841 25 0 3836.6173 9.4223724 -2.4354007
122 126.63124 474.02993 0.64614965 -0.41095926 -0.3479406 25 0 923.45087 1.8565112 -0.67174393
123 404.87309 476.10588 0.49368267 -0.32301658 -0.24999341 25 0 60069.559 161.90179 -5.5231291
124 188.36267 482.22384 0.62395957 -0.1022827 -0.29533768 25 0 3737.2749 8.5904328 -2.3350376
125 319.7872 484.32566 0.59793762 -0.13863975 -0.26485792 25 0 553.33585 1.156433 -0.1578012
126 238.30877 485.71799 0.61709412 -0.45161202 -0.29256109 25 0 2301.8588 5.0536216 -1.7590068
127 116.41438 491.4078 0.65651465 -0.47517542 -0.087463944 25 0 708.85144 1.360243 -0.33404128
128 41.243215 496.56908 0.54900481 -0.1128718 -0.1722382 25 0 738.65793 1.7897275 -0.63196729
