id xcentroid ycentroid sharpness roundness1 roundness2 npix sky peak flux mag
1 300.09884 5.1810636 0.74020667 0.1831319 -0.17468131 25 0 965 2.5680456 -1.0240068
2 431.59765 8.4559185 0.62920956 0.17260189 -0.080090814 25 0 425 1.5541331 -0.4787205
3 112.11254 12.407571 0.55474998 -0.12591859 -0.12455839 25 0 443 1.5736851 -0.4922946
4 27.206714 14.460603 0.67190473 0.37707861 0.012283519 25 0 14881 41.87662 -4.054929
5 337.68519 13.896675 0.63320877 0.19249508 -0.16789683 25 0 826 2.5994413 -1.0372
6 411.13307 16.944021 0.71638707 0.10987465 -0.1948959 25 0 821 2.4524959 -0.97402072
7 470.23827 16.917269 0.72103174 0.1204937 -0.14418808 25 0 32167 87.646426 -4.8568355
8 215.7148 32.010025 0.59756761 -0.14577242 -0.19288243 25 0 382 1.2281668 -0.22314336
9 356.87826 35.213255 0.63693536 -0.15633155 -0.12295979 25 0 620 1.9465977 -0.72319051
10 456.40457 35.527457 0.57420791 0.23076963 -0.31385735 25 0 255 1.1487309 -0.15054572
11 129.48698 38.089704 0.64254324 -0.27661302 -0.17669761 25 0 442 1.2669752 -0.25692025
12 116.22357 42.211169 0.60060814 -0.22689122 -0.47356373 25 0 571 1.7852258 -0.62923287
13 189.37311 43.185976 0.68232062 0.087918662 -0.28883822 25 0 1391 3.8455006 -1.4623822
14 208.77436 44.041251 0.66824816 -0.00021072757 -0.21322622 25 0 2772 7.9623359 -2.2526012
15 349.4717 45.11276 0.66436306 0.21981703 -0.1155979 25 0 583 1.728491 -0.59416782
16 69.255565 46.30756 0.77304105 0.21748934 0.048175105 25 0 620 1.6756297 -0.56044515
17 327.27004 46.121815 0.30257801 0.40378661 -0.053685213 25 0 58788 228.15592 -5.8955794
18 114.12166 48.268672 0.69010562 0.1925381 -0.1245141 25 0 6006 16.677988 -3.0553591
19 403.04312 49.710468 0.61097728 0.24393514 -0.012295253 25 0 1058 3.3779713 -1.3216399
20 249.78711 55.215043 0.62776832 -0.18299739 -0.36079446 25 0 417 1.1516668 -0.15331709
21 473.37274 55.666369 0.55964316 0.06163888 -0.080308611 25 0 761 2.8358669 -1.1317146
22 297.04136 56.553237 0.58349782 0.17029831 -0.057598614 25 0 1534 4.6171852 -1.6609432
23 144.9753 61.560745 0.66448871 0.87126959 0.19828725 25 0 377 1.0362282 -0.038638527
24 445.96899 63.365885 0.6835104 0.15052236 -0.041282627 25 0 1739 5.0612417 -1.7606427
25 33.133287 64.196319 0.74400456 -0.042287877 -0.13021754 25 0 356 1.1714775 -0.17183485
26 504.46213 65.593417 0.62508686 0.61594071 -0.10859108 25 0 2945 8.7003026 -2.3488359
27 0.42048122 67.229715 0.58458465 -0.26672985 -0.10459216 25 0 420 1.4618551 -0.41226082
28 352.19128 67.569065 0.48523038 0.38688983 0.089684607 25 0 284 1.1407406 -0.14296726
29 34.092431 69.303175 0.70375471 0.24646955 -0.085146219 25 0 801 2.3719511 -0.93776432
30 57.353915 68.916326 0.6792007 -0.17685055 -0.09840085 25 0 512 1.5440737 -0.47167004
31 435.52969 70.229992 0.61336603 -0.21029214 -0.21487506 25 0 1538 4.7211065 -1.6851095
32 0.61792857 71.080093 0.71816768 -0.5264131 -0.020323048 25 0 496 1.4774905 -0.42381171
33 115.19083 71.1425 0.65030893 -0.16752728 -0.28222111 25 0 547 1.6447401 -0.54024318
34 474.25554 70.961114 0.69055735 0.021281752 -0.030439218 25 0 453 1.5172145 -0.45261747
35 420.80158 71.922944 0.67975065 0.21329476 -0.12774969 25 0 601 1.8326253 -0.65768417
36 58.544771 74.175056 0.6643601 0.12841137 -0.25685819 25 0 1690 4.7783604 -1.6981972
37 471.49426 78.759476 0.63866591 -0.2262673 -0.19097627 25 0 958 3.0352987 -1.2055036
38 353.43589 82.824343 0.65020701 -0.080600968 -0.22337939 25 0 3603 10.162992 -2.5175539
39 122.52489 85.99556 0.66802373 0.08696331 -0.24101295 25 0 573 1.5674836 -0.48800753
40 437.95371 88.004052 0.37916356 0.5411761 0.03650962 25 0 188 1.1565602 -0.15792061
41 94.804061 89.679253 0.53492426 0.26458909 -0.12055408 25 0 617 1.9741569 -0.73845418
42 493.84225 89.703976 0.6513322 0.31348969 -0.059213254 25 0 23312 67.141587 -4.567479
43 157.62547 96.540622 0.56092483 -0.17797323 -0.20722446 25 0 507 1.4473584 -0.40144022
44 286.32393 97.078319 0.67048625 -0.11350827 -0.24701392 25 0 1494 4.1359184 -1.5414299
45 290.3563 98.878673 0.64981759 -0.32943627 -0.2281623 25 0 1711 4.7528831 -1.6923928
46 188.59828 99.917547 0.66990132 0.26840171 -0.2272961 25 0 1866 4.9407193 -1.7344755
47 56.413975 104.00067 0.69631866 -0.097346614 -0.26964226 25 0 4929 13.42652 -2.8199087
48 118.33736 103.77599 0.62085698 0.77054527 -0.33937905 25 0 425 1.0963331 -0.099856311
49 454.4367 103.71459 0.49459764 0.09626898 -0.038640891 25 0 298 1.2664984 -0.25651162
50 511.02748 106.01719 0.9787156 0.031375517 0.1133587 25 0 1332 3.219387 -1.269433
51 492.11854 109.61629 0.62732245 0.16751503 0.099326527 25 0 2115 6.4669563 -2.0267498
52 334.97429 115.27491 0.73479461 0.20675929 -0.063263863 25 0 752 1.8868361 -0.68933543
53 221.56202 117.19641 0.63658506 -0.12097198 -0.22760285 25 0 17936 51.082737 -4.2706854
54 239.07982 117.29677 0.64246857 0.72932449 -0.055172221 25 0 1186 3.1159677 -1.2339824
55 305.7486 118.41195 0.63718271 -0.14690667 -0.15953942 25 0 1255 3.4554266 -1.3462542
56 249.14375 118.61306 0.57163065 0.095992964 -0.019582206 25 0 1891 5.5910448 -1.8687324
57 201.19679 120.35726 0.64001012 0.8321579 0.080699021 25 0 549 1.2979294 -0.28312765
58 451.25592 119.89633 0.61050628 0.16751873 -0.055697806 25 0 391 1.3905004 -0.35792777
59 100.70765 120.64362 0.59701614 0.35238512 0.052586039 25 0 555 1.6369206 -0.53506902
60 155.87213 121.69109 0.56315539 0.36320771 0.17949325 25 0 480 1.4017203 -0.36665343
61 53.472861 122.18981 0.60119495 -0.41001374 -0.24065246 25 0 579 1.7019872 -0.57739073
62 153.09977 123.82851 0.63670239 0.062099977 -0.17381358 25 0 2395 6.8025477 -2.081679
63 481.26446 124.2238 0.74106922 0.73608056 -0.023609321 25 0 437 1.3495984 -0.3255114
64 176.95968 129.28277 0.64002471 0.074451234 -0.11759733 25 0 1962 5.448775 -1.8407472
65 8.3985055 130.73275 0.67002206 -0.20459828 -0.093804873 25 0 1304 3.6649857 -1.4101807
66 254.52566 132.6802 0.54627557 0.69287196 -0.13552208 25 0 437 1.1566937 -0.15804593
67 396.9343 140.72711 0.6050546 0.20985233 -0.10113908 25 0 12717 38.130403 -3.9531785
68 299.756 146.40656 0.59160731 -0.15475422 -0.11194353 25 0 2990 8.7330612 -2.3529163
69 15.64255 147.07138 0.70847341 -0.019282494 -0.24559776 25 0 909 2.5604767 -1.0208021
70 485.16627 152.72831 0.65185574 0.10395288 -0.055324971 25 0 8389 24.300417 -3.4640343
71 98.35028 160.54213 0.5018595 0.52061284 0.046156547 25 0 421 1.2328424 -0.22726895
72 386.81767 162.30976 0.63016191 0.014504163 -0.12847815 25 0 53017 151.86796 -5.4536654
73 207.29302 166.17822 0.56336785 0.38671272 -0.17609462 25 0 626 1.8130321 -0.64601374
74 426.13014 165.73432 0.59540857 0.010549661 -0.11723885 25 0 505 1.6165177 -0.52145119
75 154.3011 169.69348 0.61313427 0.29668533 -0.42677741 25 0 847 2.2651914 -0.88776226
76 34.357103 173.25669 0.60181038 -0.28621069 -0.34706176 25 0 416 1.2773717 -0.26579326
77 347.23732 174.64237 0.45723577 0.50644121 0.027229265 25 0 436 1.4430472 -0.39820135
78 479.19128 174.0918 0.71766136 0.15268716 -0.12830244 25 0 7925 21.759061 -3.3441004
79 165.07186 175.3693 0.59223926 0.29102573 -0.080072542 25 0 1018 2.8189185 -1.1252063
80 226.89497 174.66055 0.57294202 0.15905044 -0.095397457 25 0 1840 5.351033 -1.8210941
81 414.32805 176.84606 0.69751965 0.23001369 -0.21915958 25 0 408 1.2208132 -0.21662301
82 153.51931 178.00719 0.6622393 -0.14261254 -0.36191646 25 0 1720 4.5603999 -1.6475073
83 421.99577 183.39121 0.64229655 0.16899372 -0.023884978 25 0 2919 8.3385808 -2.3027304
84 17.759605 183.90474 0.72574643 0.19141199 -0.19011821 25 0 921 2.4562967 -0.97570208
85 115.8728 183.97549 0.69409754 0.37725473 -0.054951482 25 0 2087 5.4869091 -1.8483194
86 483.85507 185.28663 0.62755707 0.12902845 -0.22710796 25 0 711 2.3279823 -0.91744921
87 411.99453 185.53838 0.59561874 -0.065800389 0.044239477 25 0 639 2.0595341 -0.78442245
88 227.59916 186.88142 0.6610478 0.14458514 -0.23573412 25 0 1266 3.2666687 -1.2852627
89 422.39996 188.41948 0.58851474 0.18501707 -0.078488113 25 0 863 2.6375731 -1.0530113
90 72.515793 190.49908 0.62483808 0.64627159 -0.096841014 25 0 36846 104.1821 -5.0444827
91 190.18508 189.49272 0.48064652 0.1786282 0.12308931 25 0 698 2.1642363 -0.83826169
92 122.09101 191.79956 0.66588537 -0.02768072 -0.16664943 25 0 582 1.5126205 -0.44932499
93 253.48926 195.76115 0.60191259 0.45981986 -0.29615009 25 0 424 1.0837485 -0.087321225
94 421.41882 196.28612 0.65812095 0.33630479 -0.27837461 25 0 310 1.0416399 -0.044294058
95 455.79784 200.28961 0.60472839 0.065171607 -0.15365865 25 0 593 2.0057433 -0.75568836
96 168.88939 202.4666 0.56016905 0.18820135 0.051834088 25 0 653 1.8092897 -0.6437703
97 509.72786 204.01285 0.69547664 0.013958125 -0.14783917 25 0 1717 4.8719801 -1.7192638
98 67.551181 204.54371 0.61606586 0.52320708 -0.12899374 25 0 581 1.5218927 -0.45596006
99 470.48953 206.37493 0.72277587 0.56922201 -0.1334211 25 0 616 1.7154099 -0.58591979
100 503.58728 210.04604 0.65676375 0.3948397 -0.11435049 25 0 3267 9.4431467 -2.4377918
101 13.26622 213.47103 0.71787448 0.61796181 -0.13468595 25 0 549 1.4769658 -0.42342611
102 15.408976 214.97713 0.71130793 0.35326309 -0.21175584 25 0 558 1.4891775 -0.43236617
103 426.40503 216.32997 0.62526635 -0.20640074 -0.15678143 25 0 1039 3.0877175 -1.2240939
104 327.19308 218.37044 0.61453262 0.30040106 -0.09227334 25 0 1551 4.4746098 -1.6268879
105 257.37411 220.37724 0.55337191 0.52260847 -0.08300807 25 0 758 2.2456712 -0.8783654
106 151.51203 221.74322 0.58861238 0.22747471 -0.23890025 25 0 1076 3.0123951 -1.1972798
107 480.3318 224.97165 0.67108662 0.03273336 -0.19705565 25 0 5106 14.490369 -2.9026986
108 240.7569 227.10884 0.64258426 0.046227435 -0.2096821 25 0 3284 9.3137681 -2.4228136
109 352.98819 229.2769 0.6229496 0.15375903 -0.10672634 25 0 4796 13.948354 -2.8613074
110 423.11204 230.04344 0.65346754 0.10999082 -0.13730059 25 0 15926 45.904788 -4.154645
111 328.01669 231.50251 0.51660926 0.21063758 -0.085816823 25 0 1001 3.155571 -1.2476949
112 181.37546 237.81283 0.64869873 0.11387863 -0.31986829 25 0 800 1.9634191 -0.73253255
113 241.40746 238.75829 0.60355874 -0.083136451 -0.33878405 25 0 882 2.4322866 -0.96503686
114 31.614609 242.04201 0.69302068 -0.11171881 -0.16723693 25 0 535 1.5205858 -0.4550273
115 432.35906 241.50866 0.53544279 -0.14402573 -0.058185155 25 0 1606 5.0856397 -1.765864
116 204.938 255.3839 0.62483084 0.10623695 -0.08230396 25 0 5301 15.125651 -2.9492852
117 429.20033 254.94178 0.65304866 0.066731079 -0.14368685 25 0 8414 24.256028 -3.4620492
118 267.10883 257.78793 0.64822076 -0.24840656 -0.28190127 25 0 573 1.5285421 -0.46069354
119 332.50704 264.20434 0.72166521 0.19817315 -0.22499336 25 0 446 1.1437769 -0.14585332
120 34.260071 276.06157 0.75872179 0.061422179 -0.17779911 25 0 1969 5.0417085 -1.7564443
121 48.606337 285.28307 0.62267935 0.34189586 -0.24669044 25 0 794 2.2073832 -0.85969432
122 348.75184 287.7182 0.58415431 0.25314639 -0.11374432 25 0 5441 16.519591 -3.0449982
123 161.48206 288.98686 0.69000504 -0.19575637 -0.2534384 25 0 999 2.4761395 -0.98443776
124 39.995611 290.2168 0.71826899 0.33702202 -0.097299965 25 0 1494 3.8940377 -1.4760004
125 68.338361 290.07023 0.72286793 0.19111144 -0.22140701 25 0 1502 3.9359219 -1.4876162
126 323.24142 292.63841 0.66701033 0.42614929 0.26699539 25 0 418 1.1570622 -0.15839178
127 454.29405 292.65358 0.59485201 0.29889336 -0.44099285 25 0 605 1.9396622 -0.71931527
128 137.33763 299.75755 0.52580318 0.72575713 0.17908001 25 0 456 1.2521712 -0.24415929
129 51.705506 305.72401 0.65091331 0.26419489 -0.10165679 25 0 1459 4.0002577 -1.5052199
130 399.74385 305.94878 0.63115144 -0.23085847 -0.091749012 25 0 468 1.4941778 -0.43600573
131 195.19172 311.49893 0.55497269 0.13088674 9.8763362e-05 25 0 842 2.3964261 -0.94891008
132 427.11011 311.33058 0.48522396 0.1703099 0.20750898 25 0 826 3.0075228 -1.1955223
133 114.50153 316.09862 0.66851524 0.20016566 -0.27050491 25 0 3753 10.179033 -2.5192663
134 36.450252 320.07377 0.65706971 0.27493697 -0.26300665 25 0 480 1.2371162 -0.23102622
135 306.706 327.88434 0.67436923 0.33992738 -0.10893627 25 0 632 1.6722216 -0.55823458
136 264.19296 335.0995 0.56125945 -0.021430695 -0.24768284 25 0 544 1.5785198 -0.49562508
137 7.3494724 335.914 0.7255059 -0.0072683907 -0.1936162 25 0 15118 40.765999 -4.0257452
138 356.97724 335.4822 0.5545626 0.26795745 0.079792375 25 0 482 1.6099945 -0.51706099
139 53.631198 337.06762 0.73520751 -0.11005879 -0.32785543 25 0 1090 2.7011654 -1.078878
140 240.57357 336.69553 0.59629453 -0.52272536 -0.20853303 25 0 828 2.2931719 -0.90109153
141 465.39533 343.27811 0.72760702 0.69088882 0.12141834 25 0 950 2.4605893 -0.97759781
142 337.30523 349.12478 0.63399904 0.2504301 -0.1098046 25 0 834 2.4419618 -0.96934719
143 216.57487 352.75078 0.62091719 -0.2780315 -0.27408299 25 0 5213 14.687874 -2.9173973
144 358.46666 354.25296 0.6264585 -0.38477913 -0.36768842 25 0 996 2.8184502 -1.1250259
145 470.08938 355.18721 0.63251656 -0.40163327 -0.2292697 25 0 306 1.1727892 -0.17304986
146 275.44511 356.74519 0.61436361 -0.2102031 -0.2605787 25 0 24531 69.898514 -4.6111699
147 0.27840794 362.30297 0.88762132 0.42752979 0.58984878 25 0 702 1.594586 -0.5066199
148 391.31392 363.99182 0.63319517 0.036594926 -0.19917457 25 0 2007 5.9778841 -1.9413687
149 202.69525 365.7489 0.62251814 0.22958594 -0.2093109 25 0 1630 4.5964096 -1.6560468
150 254.83191 366.96234 0.64302179 0.0088200018 -0.22346705 25 0 3061 8.757064 -2.3558963
151 72.416005 368.40341 0.66969904 0.57495684 -0.07958112 25 0 5105 13.916068 -2.8587914
152 404.52886 368.3167 0.64386816 0.16611452 -0.1881514 25 0 1050 3.1142256 -1.2333752
153 115.49501 369.15977 0.70427045 -0.45732092 -0.20924031 25 0 589 1.506933 -0.44523483
154 476.15046 370.46126 0.64776213 0.29176688 0.045466173 25 0 8935 25.558542 -3.5188402
155 0.29508779 371.57954 0.7535872 0.24715921 0.63365883 25 0 404 1.022251 -0.023893822
156 342.62849 381.52325 0.57910674 -0.1985182 -0.022910119 25 0 3015 8.8827664 -2.3713706
157 51.543822 382.459 0.61980068 0.69017305 -0.066387216 25 0 3283 9.222345 -2.4121034
158 97.271855 384.10716 0.59389443 0.15275739 -0.41919702 25 0 649 1.8688143 -0.6789154
159 204.03863 385.70875 0.55537632 0.26034688 -0.18356243 25 0 585 1.6470063 -0.54173812
160 77.016606 387.42277 0.73338916 0.52772414 0.15804622 25 0 466 1.029424 -0.031485692
161 461.0479 386.88592 0.58287428 -0.7825037 -0.10692946 25 0 472 1.5943151 -0.50643543
162 121.28536 388.52093 0.60906032 0.47635603 -0.086315434 25 0 1409 3.9274422 -1.4852745
163 461.5116 390.39211 0.60600538 0.51416761 -0.039369916 25 0 1727 5.1135395 -1.771804
164 432.12585 390.78817 0.64019961 0.0065241162 -0.097977823 25 0 2590 7.7650316 -2.2253581
165 36.996364 393.37112 0.649866 0.17503308 0.003543869 25 0 546 1.4511491 -0.40428013
166 223.3112 398.57805 0.58599134 0.54781695 -0.0058421053 25 0 6989 20.414078 -3.2748244
167 353.76814 400.55964 0.61800987 0.32066442 -0.16899846 25 0 682 1.9911394 -0.74775417
168 252.59047 406.01476 0.70276522 0.58586733 -0.25982244 25 0 737 1.9255844 -0.71140641
169 389.40611 405.58434 0.66415369 -0.29565077 -0.24967627 25 0 551 1.6613621 -0.55116073
170 267.9495 409.31381 0.72617105 0.173178 0.0053355071 25 0 372 1.0067576 -0.0073123428
171 249.77372 409.69478 0.62342293 0.35584324 -0.13593848 25 0 1980 5.7241021 -1.8942684
172 471.33728 410.10016 0.68795478 0.20497212 -0.17714925 25 0 456 1.52884 -0.4609051
173 81.755247 414.92448 0.69839424 0.14148333 -0.21219154 25 0 1144 3.1337289 -1.2401536
174 105.74131 416.41496 0.59658592 -0.015622884 -0.11293803 25 0 2181 6.3657549 -2.0096248
175 156.55737 434.49527 0.61330915 0.71656784 -0.11422538 25 0 1956 5.5289902 -1.8566146
176 130.03916 435.36393 0.67356184 0.26417981 -0.06385301 25 0 1157 3.1981626 -1.2622513
177 229.82655 437.85495 0.61788577 0.020530431 -0.17191972 25 0 1121 3.3110406 -1.2999113
178 488.89021 437.80217 0.26470784 0.160677 -0.035970305 25 0 58471 221.87957 -5.8652933
179 342.52703 439.77835 0.66075969 -0.37515735 -0.27341774 25 0 3216 8.8783298 -2.3708282
180 242.95388 442.35086 0.5944873 -0.48180366 0.03311756 25 0 1061 2.9036156 -1.1573478
181 11.923609 442.77698 0.71980621 0.5889492 -0.21592834 25 0 407 1.1861084 -0.18531099
182 89.036253 444.11065 0.73062359 0.12583673 -0.17304316 25 0 17752 47.888825 -4.2005854
183 474.05503 444.85324 0.62098881 0.014502745 0.02221846 25 0 254 1.0843634 -0.087937136
184 474.93268 454.39385 0.68823093 -0.051866078 0.012449661 25 0 2321 6.6950738 -2.0643884
185 377.16259 456.68845 0.66277423 -0.3090737 -0.046692465 25 0 354 1.2157768 -0.2121346
186 308.93686 457.95932 0.73265543 -0.015029957 -0.21328935 25 0 852 2.3798009 -0.94135158
187 433.22375 459.13117 0.63839974 0.16639153 -0.41023427 25 0 406 1.4030036 -0.367647
188 360.02422 462.88332 0.63345534 0.17730734 -0.069272639 25 0 1459 4.530472 -1.6403586
189 54.109547 463.75427 0.71911142 0.10679831 -0.1284827 25 0 6939 18.942578 -3.1935977
190 146.97235 464.91666 0.70286741 0.07771934 -0.23421657 25 0 1439 3.9718766 -1.4974894
191 425.53886 466.59515 0.52596071 0.62479995 -0.10983156 25 0 58678 175.5213 -5.6108246
192 289.1125 467.14425 0.62525324 -0.1071951 -0.14543345 25 0 319 1.064987 -0.068360766
193 43.123071 468.61005 0.79131494 -0.33455355 -0.036376974 25 0 382 1.0060059 -0.0065013215
194 402.8586 468.95577 0.6431589 0.11850846 -0.24289684 25 0 277 1.0438368 -0.046581557
195 208.7577 473.02218 0.70695888 -0.033027597 -0.23200805 25 0 5929 16.387219 -3.0362632
196 340.39877 474.716 0.70945647 -0.029079751 -0.35577719 25 0 642 1.7641667 -0.61634907
197 242.89653 476.16327 0.67487193 -0.25948403 -0.058751923 25 0 343 1.0280852 -0.03007281
198 258.85176 476.44929 0.59346368 -0.0095127954 -0.10619476 25 0 2936 8.775338 -2.3581596
199 112.04113 476.82425 0.66891584 0.30435696 -0.061267578 25 0 543 1.5423904 -0.4704858
200 136.75232 482.2764 0.68085155 -0.21119513 -0.15057976 25 0 929 2.4990215 -0.99442499
201 336.23255 481.45886 0.59220088 0.19965846 0.01937357 25 0 411 1.4040806 -0.36848009
202 61.850346 487.53337 0.66221628 0.46125535 -0.053981433 25 0 1106 3.0976455 -1.2275793
203 237.92478 497.42235 0.57919586 0.29468502 -0.051894556 25 0 402 1.3052246 -0.28921312
204 113.61308 504.13113 0.66965086 -0.81294383 -0.32535351 25 0 686 1.8947314 -0.69386912
205 159.16541 504.59453 0.60472867 -0.12877995 -0.038313204 25 0 536 1.6240788 -0.52651774
206 114.72588 508.05263 0.73731295 -0.090411708 -0.23352317 25 0 932 2.3845385 -0.94351083
