id xcentroid ycentroid sharpness roundness1 roundness2 npix sky peak flux mag
1 357.39623 1.7113509 0.71160967 -0.18229384 0.035019162 25 0 438.76542 1.7007445 -0.5765977
2 479.88521 2.4328936 0.6617414 -0.022833233 0.088279936 25 0 585.19963 2.4204257 -0.95972938
3 0.19430459 3.996312 0.89816069 0.22408677 0.40987293 25 0 3308.6734 11.313197 -2.6339634
4 6.2108118 7.4172212 0.62901001 0.39685585 0.16404998 25 0 941.0302 4.122055 -1.5377844
5 14.735438 7.4164533 0.66438765 -0.49753914 0.053956533 25 0 540.58152 2.1833535 -0.84781017
6 160.17078 6.7977515 0.77480419 -0.36917763 0.064795353 25 0 746.58783 2.8032235 -1.1191443
7 385.93408 7.8234721 0.78574866 0.15297032 0.11281877 25 0 1055.766 3.9947338 -1.5037196
8 75.360335 9.0318592 0.73320193 -0.076023596 -0.027425255 25 0 17253.308 68.032715 -4.5817945
9 22.903457 10.704205 0.77775377 0.11588824 0.15640399 25 0 7232.0139 27.665134 -3.6048319
10 459.38232 10.913774 0.7720664 -0.070286779 -0.031498139 25 0 973.81936 3.6050638 -1.3922824
11 4.9303604 12.273617 0.79724519 0.023793944 0.14616684 25 0 4901.4058 18.333503 -3.1581136
12 476.69936 12.237271 0.76985587 0.25593133 -0.037278782 25 0 376.57181 1.4427119 -0.39794904
13 384.96134 16.065307 0.6947787 0.11457023 0.31209245 25 0 424.96245 1.8120054 -0.64539875
14 386.3062 21.531682 0.65733525 0.16934347 0.27331468 25 0 290.55505 1.2479307 -0.24047614
15 28.572634 22.781853 0.63689972 -0.71627222 -0.13156289 25 0 271.65638 1.151075 -0.15275909
16 263.95333 26.332406 0.66954488 0.24064069 0.26145315 25 0 497.22973 2.2257225 -0.86867752
17 476.34599 29.011941 0.59794693 -0.05554562 0.43592291 25 0 230.03644 1.0816942 -0.085261212
18 405.2395 29.322061 0.75816134 0.063456578 0.017010118 25 0 750.88653 2.879844 -1.1484224
19 504.94813 29.297304 0.78860146 -0.3677549 0.087189214 25 0 568.47336 2.0943296 -0.80261259
20 177.74619 32.470949 0.43758999 0.49961113 0.32494156 25 0 359.49635 1.9076841 -0.70126615
21 164.54771 36.494249 0.59231364 0.67702628 0.067736521 25 0 539.82753 2.3321925 -0.91941099
22 237.51851 37.481297 0.55057629 0.54718831 0.10639546 25 0 1058.4665 4.9335873 -1.732907
23 257.06018 38.405873 0.73237561 0.19771328 0.25545744 25 0 2885.6032 11.390086 -2.6413175
24 469.99664 37.957793 0.76926414 0.50750311 0.25683586 25 0 439.34252 1.7096809 -0.58228763
25 397.68003 39.200071 0.83055097 -0.48849313 0.10891277 25 0 682.05408 2.4576345 -0.97629325
26 375.53545 40.270591 0.4091138 -0.30224125 0.142749 25 0 58990.792 291.77343 -6.1626144
27 441.09471 39.889691 0.69379174 -0.37084182 -0.071604754 25 0 454.05043 1.9961887 -0.75050396
28 117.29494 40.788913 0.81122774 0.15291159 0.078664987 25 0 671.62937 2.3616389 -0.93303373
29 301.12359 40.846766 0.73437164 -0.51863279 -0.032468444 25 0 376.81958 1.5097894 -0.44729091
30 4.1925222 41.707995 0.83742124 -0.36904347 0.023681863 25 0 817.11065 2.9023184 -1.1568626
31 162.30428 42.693264 0.74483365 -0.22962889 0.065125219 25 0 6138.2982 23.652557 -3.4346952
32 205.33848 43.193332 0.7523873 0.66858578 0.11950888 25 0 419.38816 1.5915748 -0.50456765
33 451.24729 43.615271 0.70376012 -0.012659983 0.18594364 25 0 1204.381 4.9232621 -1.7306324
34 95.905647 45.246617 0.85701522 -0.13069136 0.14917636 25 0 338.71313 1.2384992 -0.23223931
35 284.65741 48.0043 0.71196777 -0.067386681 -0.071847539 25 0 363.27798 1.4523131 -0.40515064
36 297.89537 49.486091 0.6115873 0.5785641 0.57591774 25 0 429.95014 1.8949024 -0.69396713
37 451.81319 49.048668 0.78110386 -0.40463084 0.072972577 25 0 422.18636 1.547345 -0.47396791
38 103.58083 50.114192 0.63312348 -0.60188059 0.32527441 25 0 249.95426 1.0396582 -0.042226426
39 345.29325 50.658393 0.70980127 -0.24808135 0.114859 25 0 1863.098 7.4451928 -2.1796899
40 193.07737 55.749878 0.82962174 0.041007886 0.021402254 25 0 548.75346 2.0703108 -0.79008888
41 494.32746 57.061535 0.73173309 0.14080123 0.032682324 25 0 1878.8813 7.3482629 -2.1654617
42 81.599805 58.917187 0.6683671 -0.39234172 -0.11299317 25 0 382.15122 1.7318401 -0.59626948
43 48.815642 61.728485 0.77964789 0.022447278 -0.068225221 25 0 527.79922 1.9650345 -0.73342543
44 400.4953 61.463072 0.51880155 -0.27381552 0.078816456 25 0 278.59536 1.4045334 -0.36883019
45 2.4417398 62.776845 0.67751291 -0.40829338 -0.11721188 25 0 2009.7376 8.2073689 -2.2855099
46 82.49636 63.830782 0.75656124 -0.28737444 -0.0024393134 25 0 702.3428 2.5537746 -1.0179564
47 105.53521 63.485941 0.64631844 -0.12107557 0.20542333 25 0 453.7675 1.8740625 -0.68196017
48 220.74965 64.040572 0.52875562 0.23417452 -0.022762641 25 0 272.6971 1.3850362 -0.35365284
49 483.92061 64.025 0.79401387 -0.04828183 0.092877162 25 0 2398.191 9.1858234 -2.4077952
50 163.33491 65.292455 0.5769776 -0.53586903 -0.070847307 25 0 339.78595 1.504143 -0.4432228
51 48.812887 65.711459 0.77263571 -0.10611753 0.094831655 25 0 624.54478 2.3723707 -0.93795638
52 469.21108 65.765051 0.81995406 0.076803008 0.2698019 25 0 832.40927 3.0887185 -1.2244458
53 87.780513 68.031633 0.74260086 0.37227068 -0.10157655 25 0 278.32556 1.0501816 -0.053160973
54 106.66292 68.626107 0.70571549 0.21039001 0.17066644 25 0 1813.5636 7.1563163 -2.1367238
55 364.82474 69.616512 0.86167266 0.18748121 0.27567703 25 0 360.29056 1.2591615 -0.25020356
56 176.21117 71.002176 0.70209349 -0.11804296 -0.028963518 25 0 296.95419 1.2118005 -0.20857781
57 12.908031 74.489257 0.64046553 0.19065194 0.48111709 25 0 429.4978 1.9333344 -0.71576746
58 6.1177173 77.052272 0.75781929 0.043123956 0.1150052 25 0 928.53541 3.6682047 -1.4111339
59 401.75692 76.775089 0.72184149 0.2051202 0.085128683 25 0 4155.2269 16.432913 -3.0392864
60 22.073891 79.783324 0.74215864 -0.043504392 0.094860531 25 0 980.14012 3.8373024 -1.4600651
61 170.72366 80.385077 0.60641241 -0.12320273 -0.0024505584 25 0 549.74387 2.5080214 -0.99832809
62 486.23176 81.926215 0.83579548 -0.067434038 0.16556592 25 0 387.78948 1.3287691 -0.30862376
63 143.00841 83.982807 0.84561407 -0.044478063 -0.0053341596 25 0 871.0078 3.0890635 -1.2245671
64 195.67871 84.220852 0.69821416 0.43119939 0.054828717 25 0 386.57273 1.5152235 -0.45119174
65 206.09692 90.750107 0.7123702 0.07774802 0.14768573 25 0 585.4914 2.3461606 -0.92589434
66 334.69519 91.172231 0.73012286 -0.42584251 0.080046094 25 0 1476.8299 5.6335439 -1.8769542
67 338.6398 92.97725 0.71018067 -0.39464392 -0.086639934 25 0 1719.4971 6.891077 -2.0957178
68 236.9526 94.126278 0.73545339 0.040376676 0.065764775 25 0 2184.0968 8.6893238 -2.347465
69 3.1634999 94.802421 0.80011066 -0.080983048 0.12858845 25 0 2631.039 9.7840081 -2.476292
70 234.26325 94.722955 0.78596492 -0.42637547 -0.14606379 25 0 265.98348 1.0005778 -0.00062713699
71 418.05283 95.979897 0.87366703 -0.49652896 0.0077415189 25 0 315.48718 1.1164988 -0.11964562
72 502.77462 97.592798 0.48823837 -0.64451723 0.21038902 25 0 351.30747 1.7772108 -0.62434738
73 104.70909 98.591977 0.68056805 -0.304152 0.21903321 25 0 3329.0385 13.226648 -2.8036245
74 166.69186 98.229585 0.74294711 -0.048648861 -0.29742181 25 0 469.07658 1.7901462 -0.63222128
75 112.95995 99.714695 0.65598244 0.3591746 0.43541124 25 0 296.67053 1.2872301 -0.27414051
76 347.73779 99.912266 0.67649449 0.079296424 -0.36289211 25 0 416.84688 1.6509448 -0.5443314
77 18.747959 101.21491 0.60740766 0.44814236 0.28490254 25 0 220.03529 1.0178191 -0.019176514
78 36.898159 105.87809 0.81238923 -0.14399126 0.016409977 25 0 320.64406 1.1573297 -0.15864271
79 383.5191 109.21629 0.6093443 0.27211478 -0.117953 25 0 673.6803 3.0110743 -1.1968037
80 270.02419 111.46889 0.73638225 0.17726178 0.27103967 25 0 20521.371 80.293343 -4.7616989
81 287.36343 111.29038 0.49982885 0.62002109 0.051491232 25 0 781.81544 3.5941815 -1.389
82 354.12812 112.34851 0.7050737 0.25094063 0.17955834 25 0 1457.098 5.8752899 -1.9225733
83 297.46137 112.79143 0.6157928 0.12932549 -0.089788123 25 0 1782.2382 7.7036213 -2.2167373
84 499.4762 113.5865 0.56091084 0.15278677 -0.11200876 25 0 478.46526 2.15122 -0.83171208
85 149.07527 115.17323 0.77008462 -0.16745915 0.0047031669 25 0 679.40551 2.6908249 -1.0747136
86 249.71361 114.57553 0.6503376 0.35031742 -0.051300849 25 0 498.2473 2.0509689 -0.77989771
87 203.27569 116.31187 0.6977519 -0.78751024 -0.33954241 25 0 510.11993 2.0117842 -0.75895348
88 101.83644 116.63023 0.73415924 0.18389134 0.12521579 25 0 727.81469 2.9611643 -1.1786563
89 201.50919 118.13439 0.66307035 0.14603936 -0.073909477 25 0 2129.4314 8.7208389 -2.3513957
90 33.966484 120.02641 0.81267696 -0.21556563 -0.096015272 25 0 642.88458 2.4276138 -0.962949
91 225.36201 123.4685 0.67537205 -0.20074158 0.18039034 25 0 1769.5436 6.9331646 -2.1023288
92 56.644038 125.30699 0.7613987 -0.31224529 0.058082306 25 0 1443.8327 5.4844722 -1.8478371
93 28.969752 125.83491 0.92798081 -0.037079963 0.046263153 25 0 673.97322 2.3694215 -0.93660583
94 302.82439 126.61785 0.82079257 -0.0573215 0.22994472 25 0 572.25782 1.9591224 -0.73015393
95 359.0321 131.23655 0.61406501 -0.033021754 0.056380429 25 0 230.75129 1.1639581 -0.16484338
96 320.01402 132.7502 0.58568869 0.061803143 -0.019334031 25 0 247.00254 1.157905 -0.1591823
97 445.45109 134.54995 0.659782 -0.39002849 0.069926975 25 0 12031.264 48.075414 -4.2048076
98 433.65143 137.70564 0.70182092 0.34817371 0.17037643 25 0 345.47777 1.3703053 -0.34204332
99 348.22836 140.41618 0.65951232 0.2793419 0.16832375 25 0 3328.4026 13.952992 -2.8616684
100 63.954401 141.70137 0.72521243 0.25651527 0.18957405 25 0 988.45921 4.1523308 -1.5457299
101 144.05799 143.19554 0.59367116 0.11516251 0.20253012 25 0 316.94205 1.5322289 -0.46330914
102 47.006486 145.71289 0.83964587 -0.071298231 0.16502143 25 0 852.58815 2.9473415 -1.1735762
103 147.07482 154.87052 0.69420045 0.46286793 0.26904624 25 0 509.08012 2.0827357 -0.79658541
104 435.38038 156.09214 0.67731598 0.10507131 -0.010877591 25 0 56982.849 234.07946 -5.9234083
105 474.55257 159.65214 0.55007456 -0.084804311 0.22203026 25 0 495.36827 2.3388287 -0.92249605
106 255.7555 160.38344 0.63315598 0.18203626 0.019822411 25 0 547.29168 2.2013495 -0.85672251
107 202.86532 163.88553 0.76135012 0.21268007 0.13882837 25 0 829.41993 3.0792662 -1.2211181
108 82.723844 167.72094 0.6505449 0.24833204 0.28127257 25 0 430.61321 1.8349206 -0.65904317
109 395.7731 168.42022 0.73880424 -0.11262298 0.0017486295 25 0 586.65055 2.1576471 -0.83495103
110 275.37998 168.82193 0.7142976 -0.19286211 -0.022550571 25 0 2066.1862 8.1743375 -2.2811314
111 213.49326 169.55823 0.56827931 0.33434933 0.11365298 25 0 829.13684 3.796735 -1.4485257
112 462.93523 170.59364 0.7152912 0.1627198 0.19145616 25 0 481.0935 1.9870725 -0.7455343
113 50.717273 171.71985 0.70840719 0.0257607 -0.0066961817 25 0 343.07047 1.4670002 -0.41607541
114 201.99265 172.21753 0.7361172 -0.025104588 0.11215161 25 0 2078.2293 8.2128083 -2.2862292
115 4.9777726 176.97886 0.82790783 -0.14247782 0.069616481 25 0 898.99587 3.2740552 -1.287715
116 470.47898 177.12104 0.68031881 -0.14125589 -0.076299101 25 0 3032.0777 12.220183 -2.7176943
117 66.102338 178.35441 0.66785026 0.1071685 0.2331765 25 0 884.14197 3.6842956 -1.4158862
118 164.27401 178.30695 0.71542484 0.33006656 0.16790174 25 0 2099.346 8.2928969 -2.2967657
119 413.60744 177.82335 0.59527823 0.46139042 -0.024835203 25 0 177.7252 1.0062184 -0.0067306089
120 460.45468 179.2348 0.58694098 0.62771184 0.13596936 25 0 501.71336 2.2206904 -0.86622005
121 39.849034 180.84286 0.82398383 0.21130044 -0.16313281 25 0 308.6209 1.1942241 -0.19271454
122 276.1389 181.07076 0.80176868 0.15516305 0.062162335 25 0 1563.5245 5.7721829 -1.9033502
123 471.01165 182.17503 0.78850339 -0.11335655 0.12282835 25 0 1262.0189 4.7323401 -1.6876899
124 280.27759 183.30464 0.71390974 -0.63521571 0.099884845 25 0 298.34598 1.1644725 -0.16532309
125 238.64493 183.78614 0.70569811 0.28450986 -0.039916077 25 0 841.50184 3.3470182 -1.3116452
126 120.9406 184.91437 0.79927983 0.033248366 0.11009977 25 0 54923.965 207.17342 -5.7908351
127 170.69674 185.97332 0.72800267 -0.16832673 0.086954888 25 0 533.82178 2.0384443 -0.7732471
128 301.97042 189.8987 0.68888466 0.045128978 0.2411655 25 0 368.19383 1.4318872 -0.389772
129 470.08675 189.93237 0.78790209 -0.16594931 0.028058258 25 0 580.18393 2.1696326 -0.8409655
130 441.14281 192.76684 0.78018575 -0.17276114 0.019718626 25 0 252.35478 1.0027892 -0.0030241661
131 504.48177 193.93221 0.67959772 -0.1625319 0.11983794 25 0 676.62995 2.7477182 -1.0974305
132 398.49992 195.86514 0.70662665 -0.41863987 0.023150299 25 0 355.60466 1.4784337 -0.42450462
133 431.47153 195.80168 0.80354411 -0.48108068 -0.13579648 25 0 370.51352 1.3530371 -0.32827425
134 217.59853 196.80477 0.60626568 -0.41879548 -0.25346924 25 0 596.15352 2.6590832 -1.0618298
135 248.01089 198.08309 0.92304858 0.42232155 0.1387865 25 0 484.09751 1.4692735 -0.41775665
136 455.06388 198.36842 0.61916458 0.85594068 0.34707985 25 0 330.97528 1.5070108 -0.44529094
137 116.07812 198.97169 0.72198463 0.29161262 0.13575353 25 0 767.65492 3.06934 -1.2176125
138 465.04678 202.44441 0.71268169 -0.026971619 0.25331807 25 0 339.92626 1.3812832 -0.35070684
139 14.130672 206.98252 0.79486822 0.10959385 0.10910554 25 0 2663.0839 10.04352 -2.5047149
140 61.637709 208.14906 0.71064612 0.65172951 -0.10679684 25 0 436.39462 1.587241 -0.50160719
141 63.991381 209.55788 0.85654066 0.24818897 0.11580832 25 0 568.89536 1.9951952 -0.74996346
142 384.41607 209.77914 0.92337267 -0.68198185 -0.15325022 25 0 312.8503 1.0507073 -0.053704345
143 475.01786 209.95327 0.79499575 0.06177043 0.12545276 25 0 1542.8462 5.8381477 -1.9156877
144 37.221491 211.46099 0.74015964 -0.17050697 0.23301035 25 0 2021.9402 7.7910431 -2.228989
145 351.253 212.6781 0.5519867 0.34146719 0.40598956 25 0 210.72023 1.1092879 -0.11261066
146 375.79386 212.32998 0.74769861 0.041095606 0.2157267 25 0 1781.8286 6.7104203 -2.0668743
147 305.84928 214.46888 0.729394 -0.13177707 0.23402752 25 0 890.89425 3.4287512 -1.3378399
148 200.15462 216.05252 0.75608157 0.27038117 0.075710717 25 0 1259.3205 4.8023892 -1.7036434
149 270.03861 219.22718 0.70776566 0.31759464 -0.085043014 25 0 326.48476 1.2432422 -0.23638934
150 289.29454 221.19114 0.70070166 0.13865579 0.031327083 25 0 3307.6792 13.280311 -2.8080206
151 401.54377 223.15911 0.70139724 -0.1379244 -0.030464216 25 0 4947.2447 19.581445 -3.2296119
152 34.895791 223.63211 0.73914561 0.22808357 -0.026380144 25 0 398.61294 1.6133612 -0.51932903
153 471.67831 223.74736 0.69542219 0.2116493 0.048180849 25 0 16195.497 65.60298 -4.5423089
154 376.52253 225.50323 0.49030458 0.40250976 -0.012148526 25 0 893.13859 4.3365798 -1.5928684
155 229.82581 231.99989 0.73610439 -0.016644536 0.21110948 25 0 894.29443 3.6828624 -1.4154637
156 289.87922 232.89412 0.81949887 0.020154603 0.16129599 25 0 1112.1424 4.0624822 -1.5219787
157 480.87979 235.25494 0.75783263 0.010914003 0.12612154 25 0 2609.4957 10.209695 -2.5225319
158 66.759254 239.37136 0.65863235 0.27278162 0.35282221 25 0 319.84512 1.3582769 -0.33247077
159 100.96791 246.93811 0.67105998 -0.29747654 0.01181005 25 0 273.30272 1.2300486 -0.22480568
160 477.76847 248.58364 0.69216317 0.34944537 0.17472281 25 0 8373.9503 33.795116 -3.8221349
161 253.4402 249.53804 0.55112165 0.52417424 0.018919836 25 0 4066.6857 18.246378 -3.1529417
162 25.865616 250.69656 0.76631165 0.034354823 0.092353731 25 0 1270.6525 4.9210712 -1.7301491
163 315.83247 251.95997 0.68892865 -0.27449888 0.087775034 25 0 547.13403 2.2122374 -0.86207935
164 381.37835 258.14519 0.68204246 -0.3586306 -0.14016919 25 0 459.85687 1.9611191 -0.73125993
165 154.44316 260.04509 0.53438201 0.4077178 -0.042118092 25 0 321.61906 1.6008383 -0.51086866
166 35.942206 270.97133 0.87606492 0.145398 0.12770913 25 0 497.07163 1.7848137 -0.62898221
167 82.813395 270.57594 0.71301547 0.21423892 0.2072689 25 0 1722.057 6.9668734 -2.1075948
168 139.2963 272.05732 0.8061019 0.059663115 0.00028677346 25 0 406.4056 1.4397946 -0.39575136
169 264.99487 278.50817 0.70448896 0.2742286 0.29188253 25 0 445.52433 1.9083563 -0.70164865
170 20.984041 280.07297 0.99495288 0.11151135 0.23444804 25 0 316.90144 1.0492561 -0.052203709
171 97.111024 279.76486 0.8083033 0.032535675 0.14457187 25 0 1002.0672 3.7444457 -1.4334688
172 397.41788 281.53203 0.66979097 -0.42889544 0.12388694 25 0 5524.5671 22.139603 -3.3629246
173 9.0406591 283.18573 0.70389346 0.15772948 0.19574377 25 0 467.60902 1.8502685 -0.66808688
174 210.0778 283.2582 0.71792997 0.2874685 0.29203673 25 0 1052.1814 4.2705066 -1.5761985
175 116.88396 284.51803 0.73594318 0.15292533 0.30479537 25 0 1377.3166 5.2506101 -1.8005244
176 88.685416 284.66982 0.65859184 0.40666262 0.072584794 25 0 1336.4893 5.7163915 -1.8928049
177 371.73692 286.48215 0.82700396 0.18955334 0.29481301 25 0 506.03827 1.7567119 -0.61175133
178 503.07733 286.35802 0.8025692 0.23570759 0.18401069 25 0 969.43128 3.6651597 -1.4102322
179 41.22969 289.61537 0.66890686 -0.2023801 0.13054129 25 0 576.82632 2.5755834 -1.027189
180 81.909468 291.90186 0.79877251 -0.95714207 -0.15028418 25 0 300.54078 1.1882611 -0.18727967
181 119.16338 293.94059 0.46927886 -0.53216348 0.046610648 25 0 231.19056 1.114431 -0.11763292
182 185.93122 293.87831 0.7179642 -0.12666857 0.096462669 25 0 600.06363 2.4689014 -0.98125935
183 100.47268 300.19456 0.61857909 0.14297796 0.03111111 25 0 1290.2965 5.7354136 -1.8964119
184 448.10462 299.50726 0.63614835 -0.24640252 0.27469217 25 0 440.51724 1.8853815 -0.68849812
185 151.32763 302.37752 0.80010035 -0.01272187 0.074151803 25 0 346.74848 1.3736258 -0.34467107
186 4.8129859 304.53287 0.74989704 -0.072790299 0.13096963 25 0 728.56212 2.8646211 -1.142668
187 475.8414 305.11899 0.78793209 -0.055146277 0.054350066 25 0 1345.2434 4.9862619 -1.7444377
188 243.95327 305.42627 0.72673588 0.36666468 0.37153139 25 0 888.44444 3.5110287 -1.3635859
189 163.10622 310.45626 0.67769657 0.24202115 0.23319862 25 0 3611.4502 14.657965 -2.9151842
190 23.701374 312.3385 0.56056612 0.42414477 -0.2318071 25 0 689.90407 2.895665 -1.1543708
191 39.157825 312.31641 0.72002924 0.16778847 0.14174228 25 0 2564.4712 10.2426 -2.5260255
192 250.07982 313.23199 0.81794854 0.19788442 0.036976561 25 0 303.04631 1.2201196 -0.21600598
193 85.130799 314.74982 0.52942076 0.22766784 0.5709206 25 0 295.47463 1.4108784 -0.37372392
194 479.99508 318.9344 0.62096344 0.23758075 0.25717453 25 0 318.62661 1.4078944 -0.37142518
195 23.170771 319.82196 0.54227175 -0.0035731859 0.16991259 25 0 195.03271 1.0859313 -0.089505926
196 212.59491 319.50055 0.54278394 0.2397259 0.12742912 25 0 241.68682 1.2662211 -0.25627385
197 355.45821 321.69802 0.59607843 -0.065527198 -0.030843325 25 0 593.53588 2.6094067 -1.0413544
198 8.1008032 322.41611 0.70317686 0.15248421 0.43961418 25 0 885.41576 3.7363558 -1.4311206
199 288.13908 324.91129 0.68335883 0.20739368 0.37269874 25 0 427.70129 1.8747996 -0.68238714
200 45.74851 329.5843 0.67910479 -0.18026643 0.26469382 25 0 4689.8967 18.809548 -3.1859459
201 312.81524 329.24404 0.80544549 -0.15596016 0.11787711 25 0 697.21173 2.6488813 -1.0576563
202 405.74153 329.41757 0.56982505 -0.15017846 0.14369862 25 0 507.75766 2.2550053 -0.88286891
203 55.944651 330.55383 0.72331962 0.062860948 0.32161767 25 0 13467.898 52.841264 -4.307433
204 289.05839 330.72302 0.77014091 0.036187231 0.1255591 25 0 1070.6165 4.0426462 -1.5166643
205 102.16175 331.42787 0.75249783 -0.11540593 0.20493239 25 0 1048.0657 3.8858301 -1.4737095
206 285.22542 340.53549 0.83433933 0.61720339 0.24558123 25 0 389.70779 1.403205 -0.36780284
207 385.976 342.90241 0.72808294 -0.26567443 -0.00071834328 25 0 1009.6859 4.1233459 -1.5381244
208 501.24137 345.5998 0.33991629 0.22929552 0.41626723 25 0 151.74235 1.0794151 -0.082971204
209 43.418102 346.74813 0.90543952 -0.36233248 0.28366499 25 0 329.83309 1.1554007 -0.15683158
210 265.1607 346.80279 0.75036579 0.012439207 0.11482072 25 0 6348.1788 24.63867 -3.4790431
211 280.77712 346.66896 0.54988186 0.45383739 -0.040061586 25 0 232.66959 1.1564764 -0.15784192
212 72.74416 348.8249 0.95609535 -0.25464267 0.4557314 25 0 401.15652 1.3013483 -0.28598385
213 407.25587 348.02431 0.71138756 0.080437587 0.13499428 25 0 1276.7847 5.1269118 -1.7746396
214 47.227435 349.56877 0.60576179 -0.25602813 0.216788 25 0 737.33314 3.2428117 -1.2773043
215 37.357179 349.94369 0.69586131 -0.14225799 -0.083053999 25 0 443.7652 1.7754302 -0.62325899
216 19.897906 351.46908 0.81009407 0.056089501 0.2851708 25 0 975.92334 3.5138519 -1.3644586
217 324.11003 350.62438 0.73166106 0.077171564 0.18543939 25 0 29419.893 114.45046 -5.1465439
218 47.452312 353.31947 0.60595804 0.16415259 0.10610108 25 0 1242.5246 5.2855224 -1.8077198
219 468.9435 352.97184 0.76295834 0.20558112 0.36855237 25 0 361.67648 1.4121396 -0.37469409
220 48.468733 356.77293 0.56212402 -0.64165951 -0.16261747 25 0 488.55504 2.2012322 -0.85666464
221 387.92698 357.66066 0.65783891 0.84709077 0.45079885 25 0 242.70657 1.0491614 -0.052105775
222 54.102074 358.27994 0.67145762 -0.69076728 -0.07577164 25 0 283.59928 1.2323276 -0.2268154
223 439.97872 357.66479 0.76758715 0.069291545 0.16527177 25 0 2543.6037 9.7851574 -2.4764195
224 505.51726 358.37968 0.6611625 0.46019367 0.12186938 25 0 368.80766 1.6852444 -0.56665723
225 251.50132 359.8473 0.71845593 -0.29545354 -0.09790053 25 0 1681.2993 6.4903603 -2.030672
226 303.46842 360.96624 0.6687691 -0.10355412 -0.06600084 25 0 2864.4364 11.770877 -2.6770221
227 453.12727 362.05032 0.79606881 0.020614151 0.11493244 25 0 1544.0183 5.8377389 -1.9156117
228 121.0675 362.78743 0.77438603 0.096003313 0.15800098 25 0 6251.3934 23.870425 -3.4446504
229 164.33938 363.73119 0.52588063 0.40936204 0.37281014 25 0 388.33436 1.9836142 -0.74364301
230 13.925859 363.9841 0.96560447 -0.21446803 -0.039576297 25 0 333.06284 1.1087767 -0.11211018
231 48.20458 365.95097 0.67792509 0.10913015 0.053311149 25 0 525.78713 2.2263362 -0.86897685
232 28.498763 369.61305 0.66824587 0.36266262 0.050727035 25 0 648.45608 2.5421056 -1.012984
233 501.61755 371.67511 0.72062956 0.56239694 0.29701737 25 0 297.92692 1.1434265 -0.14552063
234 471.6353 373.30675 0.53730507 -0.1117598 -0.10337991 25 0 221.6217 1.101057 -0.10452451
235 391.53287 375.29973 0.59858391 0.33575234 -0.034466807 25 0 3106.3252 13.359496 -2.8144752
236 51.198705 376.28702 0.5346194 0.15596081 0.34830906 25 0 232.41881 1.1439657 -0.14603246
237 100.29213 376.93744 0.72551325 -0.071656799 0.015459092 25 0 4123.5822 16.367501 -3.0349559
238 145.92319 378.66473 0.67654027 0.54905466 0.40874227 25 0 569.9854 2.3013907 -0.90497591
239 252.70026 379.78568 0.79191929 0.053228229 0.051586212 25 0 807.40358 3.1273414 -1.2379382
240 509.58669 380.3258 0.66397258 -0.81993483 0.063989067 25 0 643.31064 2.5873991 -1.0321586
241 125.80729 381.53888 0.86137555 0.66058971 0.3531886 25 0 455.32971 1.6017619 -0.51149491
242 206.04657 382.26932 0.61414421 0.11477274 0.018673498 25 0 204.11003 1.0062021 -0.0067130369
243 30.598115 382.9083 0.59407108 -0.28984281 -0.14466553 25 0 883.54251 3.8313572 -1.4583816
244 170.00676 382.71338 0.76040666 0.21642068 0.17539373 25 0 1738.0629 6.6838541 -2.0625674
245 283.68014 383.96752 0.22202659 -0.096914298 -0.76738721 25 0 106.43199 1.0060297 -0.0065270196
246 480.90789 384.4422 0.73444702 0.070441656 0.30467007 25 0 2968.4718 11.609473 -2.6620313
247 510.22688 383.94067 0.74816481 -0.23107875 0.10404446 25 0 2656.3523 10.474576 -2.5503412
248 85.650351 387.78256 0.68910454 0.052194357 0.13018219 25 0 606.28274 2.3825698 -0.94261409
249 122.7135 393.26748 0.79237803 -0.92220765 -0.30422851 25 0 281.19206 1.0791913 -0.082746108
250 272.04987 392.43562 0.72433179 0.11857003 0.2742875 25 0 8566.8753 33.184905 -3.8023515
251 402.63799 394.37182 0.65547162 -0.22478797 0.036426756 25 0 859.54575 3.6845166 -1.4159513
252 301.20522 400.00077 0.70868905 0.42786896 0.069709507 25 0 847.9048 3.3963247 -1.327523
253 437.98736 399.28247 0.65736867 -0.029747159 0.56173152 25 0 595.45461 2.5644961 -1.0225051
254 316.69787 403.48302 0.77100843 0.26703014 0.63794111 25 0 307.42456 1.1298681 -0.13256935
255 28.875185 404.02318 0.7535059 -0.092177284 0.12873891 25 0 1130.1577 4.4029894 -1.6093691
256 298.50462 403.67821 0.60750664 0.38808137 -0.033490912 25 0 1839.1263 7.8625525 -2.2389089
257 66.932131 408.21611 0.80266256 -0.26520278 0.05451656 25 0 342.01275 1.274035 -0.26295344
258 130.43363 409.26584 0.68060248 -0.20768535 -0.034919013 25 0 838.49166 3.3534895 -1.3137424
259 154.55831 410.63329 0.62479719 0.26477716 0.05784389 25 0 2044.9333 8.7384958 -2.3535917
260 7.2225337 414.35134 0.64283426 0.28292282 0.16083911 25 0 1239.0183 5.1951026 -1.7889853
261 330.46583 420.61585 0.52528102 -0.91764805 0.11480039 25 0 353.64228 1.6206401 -0.52421644
262 211.19892 421.96758 0.65562561 0.061219354 0.62938658 25 0 315.60449 1.3099955 -0.2931745
263 240.11408 427.55359 0.63318673 0.28517442 0.052674838 25 0 392.92571 1.7446083 -0.60424484
264 205.41104 428.58772 0.70033311 -0.27095965 0.07988981 25 0 2225.0526 8.6868022 -2.3471498
265 427.73193 429.23443 0.8229042 -0.184508 -0.059293992 25 0 406.75168 1.4887021 -0.43201948
266 178.9155 429.52275 0.67283241 0.63488172 0.23387869 25 0 1120.6345 4.6357325 -1.6652959
267 220.3472 430.14312 0.55344243 0.43505069 0.08457096 25 0 264.50565 1.1559261 -0.15732515
268 208.22326 430.85394 0.51825332 -0.45364922 0.4056738 25 0 280.72367 1.4166674 -0.37816976
269 278.70581 431.93585 0.78169111 -0.22905068 -0.035237781 25 0 1330.5359 4.9955116 -1.7464499
270 391.22968 433.65457 0.75193939 -0.17611289 0.18770501 25 0 3728.796 14.255934 -2.8849892
271 60.837101 437.19322 0.91897728 -0.20107339 -0.014824033 25 0 380.0613 1.1643425 -0.16520185
272 291.73095 436.30482 0.59456867 0.42366967 0.30507914 25 0 950.03678 4.0631225 -1.5221498
273 137.84102 438.52914 0.70726128 -0.028454485 0.25723248 25 0 14680.119 57.789621 -4.4046246
274 509.35973 444.83231 0.75680891 -0.82710225 -0.36834769 25 0 337.14913 1.3059909 -0.28985036
275 258.71399 445.88405 0.62724812 0.53583636 0.022008662 25 0 323.85612 1.4684822 -0.4171717
276 426.2635 450.61279 0.70292076 0.085295244 0.1483239 25 0 413.8771 1.8171825 -0.64849637
277 357.68433 451.88129 0.79979376 0.15024114 -0.0037548675 25 0 925.43452 3.4053822 -1.3304147
278 481.9119 452.84691 0.9608584 0.46410814 0.21640062 25 0 571.41007 1.6566933 -0.54810528
279 377.27374 454.11771 0.80514191 0.68776803 0.41347662 25 0 312.65444 1.241598 -0.23495248
280 408.89318 456.74498 0.76210418 0.11733126 0.14493247 25 0 1733.5276 6.8018429 -2.0815665
281 102.91827 458.09451 0.79058495 -0.015439048 0.093331891 25 0 7392.5834 27.876623 -3.6131004
282 195.85802 459.19013 0.76184824 0.0079645893 0.079437151 25 0 1501.8716 5.8086838 -1.9101943
283 372.70284 459.88795 0.64312988 -0.12103153 0.12316167 25 0 253.00193 1.1505179 -0.15223341
284 474.36719 460.22778 0.46267831 0.20615736 0.091569858 25 0 61387.289 306.85695 -6.2173399
285 337.98546 460.99123 0.66544038 0.24830711 0.42264543 25 0 364.94558 1.6053872 -0.5139495
286 451.53912 462.42539 0.53162549 -0.22201239 0.0090535683 25 0 233.25746 1.1517062 -0.15335427
287 11.700999 462.54479 0.63869185 0.11576893 0.12082033 25 0 1086.7874 4.708305 -1.6821615
288 92.023574 463.24333 0.79973079 -0.26647126 0.44598897 25 0 378.42983 1.4543234 -0.40665251
289 117.96394 466.46483 0.65332523 -0.38134436 0.063494108 25 0 203.83597 1.0574958 -0.060696659
290 257.6704 467.19036 0.74747144 -0.2452745 -0.0056352503 25 0 5894.5007 22.906458 -3.3998949
291 475.72438 467.94273 0.68093847 0.10229481 0.252898 25 0 597.47779 2.4726382 -0.98290145
292 389.25853 468.77709 0.68023783 -0.55459769 -0.095136181 25 0 642.61252 2.5402319 -1.0121834
293 91.869164 469.89543 0.61191552 0.31666757 0.016243207 25 0 233.08772 1.103313 -0.10674682
294 292.04267 470.39498 0.92446145 -0.058321579 0.18504383 25 0 422.09846 1.3815585 -0.35092317
295 307.82866 470.48372 0.74108038 -0.19935423 0.20493859 25 0 3543.0743 13.510889 -2.8267098
296 161.0137 471.17372 0.76993319 0.1260074 0.23983105 25 0 535.04286 1.9686545 -0.73542377
297 440.93872 472.84608 0.62570528 0.46478914 0.10744211 25 0 263.95181 1.2828913 -0.27047461
298 385.23194 475.38709 0.72314448 0.16698804 0.19512509 25 0 466.52919 1.7454988 -0.60479889
299 185.74726 476.50171 0.70885731 0.49562442 0.066099116 25 0 849.28409 3.2819776 -1.290339
300 263.49139 480.94725 0.27854238 -0.17883124 0.08896638 25 0 137.46807 1.1462755 -0.14822248
301 110.65752 482.00479 0.71896468 -0.15363424 -0.059953495 25 0 1239.6854 4.8120312 -1.7058211
302 286.9106 491.48394 0.67666139 0.26327689 0.28927131 25 0 421.60273 1.8059958 -0.64179185
303 439.54566 491.16801 0.70505116 0.051611438 0.26069821 25 0 315.16513 1.334767 -0.31351364
304 197.15979 495.45225 0.45254366 -0.34637343 0.16494763 25 0 266.07021 1.5590615 -0.48215809
305 113.90628 496.94366 0.93429141 -0.13585942 0.18002597 25 0 466.02019 1.4758768 -0.42262526
306 162.70357 498.81605 0.56562682 -0.85102101 0.23416179 25 0 456.21412 1.9229424 -0.70991566
307 208.01347 498.72328 0.73710383 0.061733876 0.21085927 25 0 621.18406 2.5972859 -1.0362994
308 6.0522834 500.30466 0.8022101 -0.20317618 0.62259945 25 0 277.34063 1.1271744 -0.1299778
309 326.74015 500.91054 0.78995452 -0.32724891 0.14493654 25 0 416.91946 1.5577672 -0.48125636
310 163.5573 502.3612 0.63597869 -0.15480182 -0.030150659 25 0 724.16261 3.041804 -1.2078281
311 210.14366 506.01433 0.79336997 -0.13890422 0.018317564 25 0 1041.7778 3.8310893 -1.4583057
312 84.639052 509.1265 0.58167151 -0.10374558 -0.096239421 25 0 501.52893 2.2555877 -0.8831493
313 282.70541 509.13272 0.68486286 -0.13499567 -0.035106132 25 0 1274.7609 5.1682758 -1.7833642
314 293.56004 508.97926 0.62460724 -0.36151405 -0.11470184 25 0 504.78509 2.2433079 -0.8772222
315 37.502942 509.85046 0.72092078 -0.12169159 -0.15134275 25 0 671.27547 2.650423 -1.058288
316 207.45363 509.99176 0.62998625 0.090963053 -0.17201906 25 0 898.24063 3.8163072 -1.4541083
