id xcentroid ycentroid sharpness roundness1 roundness2 npix sky peak flux mag
1 301.13338 3.5998949 0.57421105 0.22999147 -0.106271 25 0 677 2.2044103 -0.85823106
2 310.07006 6.0101335 0.54593435 0.74281338 -0.020241306 25 0 354 1.244465 -0.23745673
3 432.38935 6.9393344 0.64246133 0.27099995 -0.20414681 25 0 422 1.5271339 -0.45969277
4 112.80085 11.049304 0.71151357 0.1410749 -0.14461551 25 0 592 1.7193767 -0.5884276
5 338.50413 12.270328 0.54030493 0.59348055 -0.12836317 25 0 628 2.1172644 -0.81443772
6 28.047988 12.996728 0.72616889 0.10164916 -0.10730957 25 0 17020 46.724125 -4.1738529
7 411.87181 15.365198 0.56734785 0.26800123 0.042965138 25 0 614 2.2518345 -0.88134118
8 471.08308 15.190224 0.69535342 0.26846545 -0.0840997 25 0 30331 84.17332 -4.8129361
9 429.06131 16.994857 0.69417019 -0.05845524 -0.22293146 25 0 274 1.1188263 -0.12190663
10 357.74346 33.760252 0.58623347 0.57326764 0.076790865 25 0 585 1.9898328 -0.74704148
11 457.39036 33.837461 0.60109829 0.43675506 -0.153691 25 0 279 1.1478233 -0.14968763
12 130.3309 36.419512 0.6598061 -0.19088905 0.14544505 25 0 413 1.2091018 -0.20615718
13 117.26681 40.611058 0.67723507 0.26737423 -0.10107001 25 0 590 1.6292111 -0.52994341
14 190.18969 41.625102 0.59178458 0.17914109 -0.032516698 25 0 1145 3.3072385 -1.2986638
15 422.81305 42.443089 0.53656863 -0.38271638 -0.16820987 25 0 230 1.0554081 -0.058551029
16 209.64733 42.412602 0.60715231 0.76081799 0.040905068 25 0 2115 5.9534446 -1.9369208
17 328.08077 44.601942 0.35819425 0.2952391 -0.090489763 25 0 58868 200.54784 -5.755545
18 350.22878 43.506684 0.50216005 0.32719277 0.073262382 25 0 382 1.3100867 -0.29325006
19 69.972558 44.928613 0.65404369 0.13260522 -0.11698737 25 0 595 1.9176441 -0.70692004
20 114.9632 46.784302 0.65560591 0.19298912 -0.076232462 25 0 5647 16.195011 -3.0234532
21 403.72736 48.141803 0.67483404 0.035852869 -0.19917256 25 0 1048 3.0645113 -1.2159031
22 250.54397 53.797438 0.48548515 -0.33710482 -0.27792492 25 0 324 1.0652466 -0.068625417
23 474.18644 54.026389 0.63864039 0.31061211 -0.0297796 25 0 878 3.0086359 -1.1959241
24 297.8977 55.083345 0.61835504 0.29661259 -0.17939859 25 0 1674 4.9875636 -1.7447211
25 145.84114 59.848498 0.73189833 0.2674198 0.17335562 25 0 429 1.1404963 -0.14273473
26 446.83 61.678671 0.60831256 0.40168211 -0.011910726 25 0 1420 4.5501946 -1.6450749
27 505.35067 63.935025 0.67947091 0.16132064 -0.1077964 25 0 3482 10.018922 -2.5020525
28 1.1419411 65.729577 0.57691995 -0.36853686 0.076145421 25 0 403 1.4056904 -0.36972418
29 35.082554 67.877794 0.70818665 -0.26148449 -0.17896945 25 0 727 2.2011061 -0.85660244
30 58.201762 67.603931 0.65352366 -0.51667642 0.16118116 25 0 404 1.2679509 -0.25775613
31 436.48117 68.496579 0.50401416 -0.31888289 -0.089439005 25 0 1186 4.0165169 -1.509624
32 475.34009 69.451581 0.66834315 0.08039038 -0.16411865 25 0 348 1.2796348 -0.26771508
33 1.1170958 69.696548 0.65546631 -0.10165214 -0.36958345 25 0 362 1.1467882 -0.14870803
34 115.79484 69.483644 0.50873117 0.22919628 -0.066667506 25 0 392 1.3402614 -0.31797378
35 421.65591 70.179006 0.59339243 -0.091257995 -0.16921315 25 0 532 1.7779695 -0.62481079
36 59.353785 72.739176 0.61526674 -0.085626719 -0.17217932 25 0 1595 4.7099747 -1.6825464
37 472.31635 77.135267 0.7039113 0.58781695 -0.026468494 25 0 965 2.8332126 -1.1306979
38 354.19441 81.176552 0.64906166 0.25424361 -0.14594674 25 0 3656 10.536496 -2.5567405
39 123.2832 84.54974 0.57969115 -0.11430743 0.10726175 25 0 479 1.4084278 -0.37183644
40 95.640215 88.082048 0.61224691 0.0028916858 -0.19066842 25 0 626 1.94608 -0.7229017
41 494.62533 88.059351 0.6641713 0.10818598 -0.14499453 25 0 23148 65.56063 -4.5416078
42 158.49161 94.962784 0.65191898 -0.23510617 -0.42474789 25 0 591 1.5404857 -0.46914414
43 287.23012 95.584815 0.6076199 0.3461653 0.006236509 25 0 1208 3.35271 -1.31349
44 291.19121 97.226805 0.59867387 -0.070963205 -0.20945801 25 0 1465 4.2147631 -1.5619329
45 189.53784 98.363142 0.60524185 0.36007946 -0.22041752 25 0 1575 4.2864436 -1.5802428
46 119.2389 102.0623 0.64986355 0.074052637 -0.14705145 25 0 468 1.2585326 -0.24966115
47 455.23258 102.01722 0.580724 0.13761501 0.015109043 25 0 376 1.3884405 -0.35631822
48 57.271638 102.51091 0.5594337 -0.22542107 -0.011629779 25 0 3726 11.238792 -2.6267991
49 300.08472 104.19539 0.60879981 0.38915155 -0.10227865 25 0 440 1.1953378 -0.19372666
50 492.95173 108.00489 0.69267699 0.19375903 -0.039170574 25 0 2384 6.8868937 -2.0950584
51 335.85759 113.62267 0.57556265 0.37051817 0.066278911 25 0 558 1.6171458 -0.52187294
52 222.51543 115.71156 0.62813578 0.46155676 -0.17277675 25 0 15957 44.684343 -4.1253884
53 239.95399 115.71625 0.61454251 0.31297818 -0.10341058 25 0 1118 3.0400468 -1.2072007
54 250.04383 117.16842 0.6387882 0.19050033 -0.07504661 25 0 2143 6.0991596 -1.963175
55 306.58892 116.78736 0.61603503 0.35208335 -0.24914403 25 0 1195 3.4189767 -1.3347404
56 452.0129 118.41785 0.68695919 0.51364826 0.024619672 25 0 414 1.2644656 -0.25476755
57 101.46967 119.25147 0.61741983 -0.092347787 -0.20998127 25 0 595 1.7469266 -0.60568667
58 202.15801 118.87644 0.59589511 0.089161974 -0.017506103 25 0 628 1.7449465 -0.60445531
59 495.88014 118.74495 0.61131914 0.029366703 -0.11956064 25 0 262 1.082132 -0.085700643
60 156.57381 120.28106 0.72517233 0.028066664 -0.15781274 25 0 512 1.2081942 -0.20534186
61 54.339447 120.61529 0.67472584 0.12457014 0.043272978 25 0 584 1.643997 -0.53975258
62 153.8954 122.33805 0.66204585 0.059477117 -0.077219815 25 0 2173 5.8609739 -1.9199245
63 481.90541 122.47589 0.61391354 0.15739218 0.090646377 25 0 359 1.3057713 -0.28966776
64 177.87406 127.78492 0.59041154 0.32124583 -0.17532786 25 0 1826 5.35568 -1.8220365
65 9.1819717 129.40477 0.66655648 0.31819138 0.02394248 25 0 1314 3.7398353 -1.4321312
66 255.31127 130.95096 0.63141145 0.20755242 -0.14946909 25 0 551 1.3689525 -0.34097093
67 397.75728 139.14455 0.63394198 0.094644686 -0.13859264 25 0 12760 36.651146 -3.9102189
68 300.60628 144.79789 0.62869778 0.25642248 -0.18776622 25 0 3092 8.7164981 -2.3508551
69 16.582911 145.69094 0.53403711 -0.32629612 -0.15951806 25 0 616 1.9752009 -0.73902821
70 0.1645969 149.81742 0.91181213 0.25910332 0.47309418 25 0 648 1.5322985 -0.46335841
71 485.98777 151.14195 0.670171 0.17864355 -0.066798327 25 0 8604 24.607293 -3.4776596
72 99.277996 159.02215 0.58875292 0.35366619 -0.044077261 25 0 610 1.8112935 -0.64497205
73 387.73168 160.71818 0.60794318 0.36208782 -0.10109914 25 0 50601 148.24338 -5.4274383
74 427.0261 164.17044 0.67023151 0.16809623 -0.041155314 25 0 571 1.6710775 -0.55749147
75 208.31897 164.77206 0.58388654 0.057866903 -0.13597896 25 0 546 1.3899618 -0.35750714
76 155.26837 168.18584 0.61850925 0.12084807 -0.17455222 25 0 1052 2.885953 -1.1507231
77 35.399901 171.85329 0.53529763 0.11305791 -0.24863258 25 0 364 1.079535 -0.083091866
78 227.81916 173.18951 0.64179842 0.030106486 -0.1291891 25 0 1949 5.2897458 -1.808587
79 348.08782 173.00833 0.6550249 0.017660138 -0.16763088 25 0 566 1.459405 -0.41043955
80 480.11048 172.4281 0.54217819 0.23321639 0.11668987 25 0 5455 17.115155 -3.0834521
81 165.9148 173.88884 0.71241348 0.1144981 -0.17112555 25 0 1132 2.7600683 -1.1022996
82 154.36733 176.5485 0.5702263 0.75303803 -0.1266979 25 0 1376 3.7545278 -1.4363883
83 18.586641 182.43306 0.55390767 0.026548513 -0.041001097 25 0 691 2.1217212 -0.8167208
84 422.945 181.73678 0.62260788 0.17585523 -0.076186792 25 0 2836 8.3347472 -2.3022311
85 116.75023 182.48119 0.55030543 0.79667263 0.13986522 25 0 1586 4.4405777 -1.6185987
86 412.87348 184.0551 0.66710945 0.23330611 -0.079620345 25 0 652 1.9525256 -0.72649186
87 484.67838 183.56184 0.56122059 0.62602792 0.023161079 25 0 606 2.0267803 -0.76701671
88 228.60411 185.42567 0.56441529 0.61142981 -0.25630946 25 0 1006 2.7330056 -1.0916013
89 423.37156 186.75619 0.64366399 -0.19762957 -0.22054947 25 0 902 2.6340525 -1.0515611
90 191.01726 188.07549 0.60800897 0.17701872 -0.066716244 25 0 892 2.5647699 -1.022621
91 73.406625 189.04625 0.64944256 0.16210629 -0.19658025 25 0 40974 116.50598 -5.1658706
92 122.94741 190.40409 0.60880232 -0.1346724 -0.099592911 25 0 438 1.0992794 -0.10277018
93 422.44556 194.73446 0.43611269 -0.40357179 -0.12982966 25 0 276 1.1355604 -0.13802561
94 456.80637 198.53127 0.6239459 0.51540736 -0.015662886 25 0 489 1.5050883 -0.44390494
95 169.83593 200.96443 0.63608604 0.40984014 -0.048499076 25 0 709 1.8900634 -0.69119093
96 200.40566 202.2535 0.59421027 -0.49028657 -0.12719298 25 0 450 1.1365257 -0.13894817
97 510.65773 202.33668 0.54964468 0.33111637 -0.10627757 25 0 1223 3.9316895 -1.486448
98 68.518764 203.14714 0.560473 0.03384751 -0.08107808 25 0 572 1.7320532 -0.59640305
99 471.2493 204.7284 0.67634804 0.11504328 -0.083117774 25 0 599 1.7823541 -0.62748497
100 504.51669 208.34815 0.47266695 0.47078716 -0.35889163 25 0 2421 8.2272761 -2.2881402
101 14.272513 212.23073 0.70407607 0.46194488 -0.22810336 25 0 500 1.3436009 -0.32067575
102 16.406159 213.71534 0.66657682 0.37990914 -0.4162098 25 0 463 1.2632258 -0.2537025
103 427.59412 214.56884 0.56195545 -0.057155166 -0.15881329 25 0 921 2.829157 -1.1291426
104 328.07473 216.85467 0.56904444 0.019214353 -0.19619738 25 0 1576 4.9205682 -1.7300381
105 258.39624 218.80547 0.53834022 -0.0095879744 -0.14029689 25 0 704 2.0042962 -0.75490474
106 152.39536 220.25369 0.57975634 0.59760134 -0.095776099 25 0 966 2.6393231 -1.0537314
107 481.21989 223.37086 0.63123198 0.44637644 -0.00021791853 25 0 4569 13.223138 -2.8033363
108 241.70571 225.54685 0.5604044 0.42598221 -0.07177 25 0 2575 7.4287039 -2.1772826
109 353.84909 227.76239 0.58239434 0.23795686 -0.13623438 25 0 4245 12.773904 -2.7658091
110 423.99868 228.57973 0.60011542 0.27088707 0.10402553 25 0 12734 36.685955 -3.9112496
111 328.77499 230.11266 0.6179089 0.028732428 -0.175128 25 0 1101 3.1237087 -1.2366763
112 182.18728 236.35335 0.63600973 0.51952289 -0.02948799 25 0 724 1.7833408 -0.62808587
113 242.24395 237.3517 0.59443786 0.30483412 -0.2091187 25 0 846 2.3712389 -0.93743829
114 433.21315 239.98713 0.62581704 0.15960731 -0.10488006 25 0 1886 5.565641 -1.863788
115 19.03685 243.05575 0.66022055 -0.47105295 -0.21123229 25 0 363 1.0173576 -0.018684095
116 430.06916 253.44728 0.62531215 0.2928381 0.0067968531 25 0 7188 20.374796 -3.2727332
117 205.9337 253.91284 0.62969955 0.19241823 -0.14294527 25 0 5433 15.679505 -2.9883308
118 267.97079 256.37027 0.64001585 0.027745774 -0.14497965 25 0 533 1.3946464 -0.36116031
119 106.74521 264.30521 0.58295492 -0.049975128 -0.11951127 25 0 410 1.0362133 -0.038622933
120 35.217772 274.66436 0.63437214 0.17690015 -0.00064338521 25 0 1572 4.4480958 -1.6204353
121 49.471316 283.87311 0.65192841 0.18419212 -0.13870899 25 0 827 2.2639766 -0.88717984
122 349.60068 286.22616 0.61564326 -0.14142187 -0.18410198 25 0 5179 14.642717 -2.9140542
123 162.38052 287.48783 0.57990403 0.64718822 -0.052072931 25 0 863 2.4250659 -0.96180884
124 40.97266 288.93461 0.7083276 0.3279383 0.008678087 25 0 1515 4.0089024 -1.5075637
125 69.29824 288.56597 0.59132265 -0.026449287 0.016957649 25 0 1122 3.1474041 -1.2448813
126 455.24703 291.17275 0.6696204 0.0060515808 -0.15090418 25 0 732 2.163831 -0.83805835
127 8.9020078 293.69775 0.65555882 0.29245497 0.39946264 25 0 362 1.1246354 -0.12752939
128 138.26661 298.20374 0.64500753 0.20861981 -0.29838518 25 0 537 1.2667484 -0.2567259
129 52.608638 304.3871 0.61281987 -0.058721924 -0.08940098 25 0 1226 3.4322757 -1.3389554
130 400.33051 304.47931 0.57298327 0.13264306 0.064148352 25 0 334 1.0960621 -0.099587879
131 196.26869 309.94257 0.61068508 0.076460128 -0.050285481 25 0 896 2.5053195 -0.9971578
132 428.02284 309.95873 0.63411216 0.23623535 -0.050620176 25 0 1061 3.2369746 -1.2753482
133 115.48274 314.65176 0.56844303 -0.29111695 -0.20277538 25 0 3010 8.6517169 -2.3427558
134 307.59402 326.32868 0.48090082 0.15230181 -0.092787698 25 0 466 1.5525131 -0.47758821
135 265.06554 333.58088 0.54502317 0.24446888 -0.15758722 25 0 479 1.4059961 -0.36996025
136 357.76803 334.0018 0.57934058 -0.12647583 -0.29805035 25 0 481 1.5242375 -0.45763157
137 8.2582348 334.5297 0.59621189 0.0069584703 0.036142765 25 0 11413 33.780032 -3.8216501
138 241.37392 335.22088 0.59087159 0.21521033 -0.12811477 25 0 849 2.3838326 -0.94318939
139 54.452104 335.75624 0.66563124 0.18186024 -0.12167454 25 0 1023 2.7328954 -1.0915575
140 466.27056 341.75131 0.53776437 0.25214725 0.38056466 25 0 735 2.26546 -0.88789101
141 237.69841 345.05967 0.59095573 0.21344687 -0.27086205 25 0 380 1.1053334 -0.10873321
142 338.34186 347.56979 0.56537733 -0.30856519 -0.1987703 25 0 609 1.8086082 -0.64336127
143 217.53469 351.29699 0.60964262 0.41824663 -0.25352129 25 0 4743 13.373006 -2.8155726
144 359.4274 352.79382 0.65441805 0.4903012 -0.23786447 25 0 960 2.6652323 -1.0643377
145 0.24379356 353.7034 0.96689383 -0.38609227 0.56119875 25 0 782 1.6531165 -0.54575867
146 276.34097 355.24633 0.596526 0.29608179 -0.18830186 25 0 23680 69.17875 -4.5999318
147 0.24687686 357.56809 0.82346061 0.073157429 0.53279808 25 0 1270 3.1115679 -1.2324482
148 0.9261963 360.85958 0.72361456 -0.091709273 0.15225837 25 0 719 1.7950073 -0.63516557
149 392.11311 362.40626 0.59929955 0.28679928 -0.031163649 25 0 1746 5.192905 -1.7885259
150 457.47406 363.14042 0.59517247 -0.051302732 -0.15755118 25 0 228 1.0105072 -0.011348486
151 203.74318 364.33218 0.58853054 -0.013879148 -0.099496895 25 0 1488 4.2501438 -1.5710091
152 255.78745 365.4464 0.59229037 0.56460009 0.073230951 25 0 2408 6.8659412 -2.0917502
153 73.315038 366.95803 0.67793238 0.11154587 -0.14888872 25 0 5512 15.292962 -2.961229
154 405.40839 366.72366 0.61738177 -0.20144319 -0.26189902 25 0 963 2.8603083 -1.1410321
155 116.48778 367.80812 0.70189258 0.31593577 -0.17246424 25 0 538 1.3411271 -0.31867487
156 477.08417 368.84885 0.65943217 0.045677239 -0.08380129 25 0 9558 27.580321 -3.6014983
157 0.61866865 369.97621 0.66539921 0.266389 0.14917317 25 0 521 1.4049155 -0.36912551
158 343.52497 379.93643 0.61374487 0.033428972 -0.22435734 25 0 3250 9.4790375 -2.4419106
159 52.499034 381.12066 0.67982859 0.23031638 -0.23129113 25 0 3780 10.319493 -2.5341459
160 98.15579 382.68472 0.6246418 0.14367395 -0.09288459 25 0 620 1.6994239 -0.57575427
161 204.93284 384.22132 0.64337737 -0.15579554 -0.11604064 25 0 627 1.6205851 -0.5241796
162 77.945491 385.91269 0.78649888 0.36293121 0.038737304 25 0 514 1.1545184 -0.15600214
163 122.26143 387.02098 0.70482343 0.11993032 -0.2053414 25 0 1643 4.2662134 -1.5751064
164 433.06034 389.13182 0.64936854 0.073200576 -0.11859881 25 0 2516 7.2301966 -2.1478753
165 462.4404 388.80844 0.59144658 -0.36303939 -0.20615946 25 0 1812 5.5512613 -1.8609792
166 37.717206 391.98959 0.7768257 0.27142259 -0.061740344 25 0 771 1.9174891 -0.70683228
167 224.32508 397.0342 0.64100261 0.11669433 -0.20655135 25 0 8157 23.256263 -3.4163498
168 354.65613 399.04809 0.64666714 -0.02333799 -0.2345964 25 0 701 2.029006 -0.76820833
169 253.51763 404.44 0.54996231 0.86679478 -0.20866378 25 0 606 1.8149979 -0.64719031
170 390.21879 404.07472 0.59381282 0.15324726 -0.12645574 25 0 493 1.6204451 -0.52408577
171 250.66534 408.18534 0.62306064 0.19111548 -0.22073597 25 0 1890 5.3696378 -1.8248625
172 268.8273 407.96044 0.68583773 -0.35866838 -0.36172112 25 0 354 1.0027461 -0.0029774918
173 472.14155 408.50481 0.48352942 0.57567108 0.13685476 25 0 295 1.2198893 -0.21580102
174 82.767946 413.54159 0.6370964 0.75858317 0.067293335 25 0 938 2.6322037 -1.0507987
175 106.78287 415.02325 0.73141938 0.054152633 -0.14001273 25 0 2578 6.7264222 -2.0694603
176 282.47351 425.23689 0.52646228 0.0027629093 -0.23716352 25 0 353 1.1570474 -0.15837792
177 192.46277 432.01782 0.68685049 -0.17146087 -0.29796565 25 0 429 1.1449393 -0.14695614
178 157.46121 433.05143 0.67215537 0.082611907 -0.2780042 25 0 2289 6.2679377 -1.9928117
179 131.07728 433.91885 0.67884474 0.17458183 -0.15636157 25 0 1230 3.3329504 -1.3070721
180 230.75317 436.42512 0.66032661 -0.045002252 -0.1512127 25 0 1002 2.6435364 -1.0554632
181 489.83528 436.14712 0.24604836 0.13931469 -0.055116421 25 0 58594 214.91878 -5.8306859
182 343.36884 438.21763 0.63604062 0.21246822 -0.19460353 25 0 3078 8.8498698 -2.3673422
183 13.048377 441.2942 0.63540329 0.03203537 0.16170532 25 0 339 1.0522997 -0.055348618
184 243.86156 440.88765 0.6607216 -0.099060834 -0.18404327 25 0 1173 3.2442864 -1.277798
185 89.986592 442.78582 0.69007926 0.21484526 -0.089577982 25 0 16068 44.728238 -4.1264545
186 474.9491 443.29214 0.66976868 -0.086060295 -0.081749572 25 0 291 1.1107794 -0.1140695
187 475.92 452.7056 0.64491136 0.18066172 -0.026114934 25 0 2076 6.2345657 -1.9870155
188 309.77504 456.48608 0.62880193 -0.097333668 -0.060426556 25 0 578 1.6956075 -0.57331331
189 434.10334 457.63118 0.6817672 0.34888373 0.218313 25 0 352 1.1406695 -0.14289961
190 360.9105 461.33767 0.6323922 -0.06864471 -0.039319311 25 0 1268 3.8500474 -1.4636652
191 55.022776 462.36294 0.69911908 0.2733987 0.0013704183 25 0 6259 17.051033 -3.0793768
192 148.03631 463.47583 0.56187854 0.18364498 0.067942824 25 0 1025 3.1677886 -1.2518905
193 426.44584 464.83983 0.47762785 -0.051061816 -0.17014026 25 0 58582 185.84119 -5.672855
194 290.0173 465.58339 0.55887567 0.13176162 -0.0011997936 25 0 285 1.0009297 -0.0010089293
195 209.74397 471.60393 0.6394536 0.42851159 -0.043546282 25 0 4777 13.656119 -2.8383182
196 341.50307 473.32769 0.57279463 0.25636344 0.051350656 25 0 479 1.5625712 -0.48459955
197 427.72009 472.50572 0.48760243 -0.63167563 -0.21495087 25 0 305 1.1193363 -0.12240144
198 113.05885 475.57923 0.68779245 0.28651129 0.11700436 25 0 477 1.2998357 -0.28472114
199 259.81731 474.89167 0.67074512 0.20117846 -0.15214534 25 0 3361 9.4814611 -2.4421882
200 337.05127 480.14241 0.66322992 0.16961129 -0.13932563 25 0 457 1.4480855 -0.4019855
201 137.63248 480.90705 0.71248722 0.065488227 -0.24648408 25 0 1005 2.7803015 -1.1102297
202 62.771202 486.18548 0.71618105 0.077988927 -0.087918716 25 0 1206 3.2592757 -1.2828027
203 238.84738 496.01438 0.59612892 -0.13005646 -0.19406991 25 0 399 1.3144127 -0.29682941
204 66.004105 501.12239 0.7858851 0.24810896 -0.2961929 25 0 383 1.0117677 -0.012701996
205 114.868 503.08162 0.75531829 0.11552352 0.0077809914 25 0 688 1.7798802 -0.6259769
206 160.1461 503.06663 0.65826714 0.2958333 -0.29297261 25 0 617 1.7893606 -0.63174465
207 115.80854 506.61133 0.64871599 0.046598098 -0.062123212 25 0 740 1.9812819 -0.74236571
208 162.02935 510.35972 0.58740072 0.11353097 -0.25212419 25 0 904 2.6457643 -1.0563779
