id xcentroid ycentroid sharpness roundness1 roundness2 npix sky peak flux mag
1 350.6689 4.7933627 0.68215545 0.4797156 -0.25742441 25 0 304 1.0077704 -0.0084039433
2 323.21864 7.3669952 0.82840435 0.56288903 0.0073784378 25 0 886 2.2155274 -0.86369282
3 332.28759 9.6779458 0.74362215 0.32556225 -0.09093639 25 0 427 1.291477 -0.27771671
4 454.60096 10.478595 0.73950414 0.8107483 -0.077530243 25 0 489 1.5855222 -0.50043079
5 135.05007 14.869975 0.80839032 0.51084405 0.0088186412 25 0 683 1.8082213 -0.64312898
6 360.69471 16.002691 0.70174176 0.28664191 -0.18783883 25 0 958 2.8832425 -1.1497029
7 50.176143 16.921906 0.80319149 0.16406089 -0.051318827 25 0 20519 53.896049 -4.3288923
8 434.09439 19.068699 0.75939447 0.32173358 -0.021780682 25 0 873 2.5878433 -1.0323449
9 493.30219 18.891115 0.74548749 0.22026097 -0.074477486 25 0 33687 91.72114 -4.9061736
10 359.92279 24.378323 0.5825321 0.15167856 0.14582162 25 0 276 1.0420522 -0.04472367
11 3.2869751 30.589227 0.469577 0.034128233 -0.32755636 25 0 220 1.1729532 -0.17320172
12 238.85442 34.30524 0.58205871 0.26476022 -0.17949401 25 0 367 1.0496487 -0.052609938
13 379.84835 37.504944 0.55521228 0.30733595 0.02045522 25 0 537 1.944976 -0.7222856
14 479.41758 37.56529 0.51508412 -0.17049325 0.040484091 25 0 253 1.2025882 -0.20029232
15 152.59006 40.335187 0.87963211 0.74385596 0.026552768 25 0 525 1.194972 -0.19339437
16 139.25115 44.424089 0.68939795 0.72812763 0.066970188 25 0 661 1.8639078 -0.67606107
17 212.362 45.559181 0.64015196 0.74074431 -0.20947495 25 0 1140 3.1871268 -1.2584984
18 231.82043 46.368693 0.66626074 0.15678704 -0.024634255 25 0 2790 8.0090358 -2.2589506
19 444.82374 46.102291 0.6835555 0.1745611 -0.11787882 25 0 292 1.0879776 -0.091549837
20 372.5552 47.263177 0.81057556 0.51349929 -0.25413138 25 0 598 1.5735283 -0.49218636
21 350.39814 48.365782 0.40483504 0.67115214 -0.054694139 25 0 58762 205.25474 -5.780733
22 92.300911 48.765917 0.77444431 0.058533939 -0.012190659 25 0 700 1.8725303 -0.68107212
23 275.78399 48.722517 0.73984196 0.017079117 0.17111841 25 0 468 1.3050622 -0.28907801
24 137.15785 50.611025 0.68333371 0.17244379 0.06372182 25 0 6038 17.118289 -3.0836509
25 180.16253 51.281714 0.78887435 0.078363523 -0.36731322 25 0 477 1.2291879 -0.22404572
26 426.04104 51.745568 0.69340169 0.24131548 0.014467864 25 0 1229 3.6251879 -1.3983263
27 272.629 57.457302 0.60876589 0.40511143 -0.041508223 25 0 389 1.0664307 -0.069831553
28 496.51881 57.650313 0.71909112 0.69943685 -0.14155138 25 0 817 2.5166701 -1.0020657
29 320.14835 58.830837 0.70013522 0.094081605 -0.05833977 25 0 2068 5.827261 -1.9136612
30 168.14246 63.620232 0.69401536 0.25231985 0.066694253 25 0 427 1.1588675 -0.16008449
31 469.04114 65.336183 0.7419329 0.38722781 0.062319613 25 0 1838 5.1517537 -1.7798877
32 23.304117 69.577493 0.52484908 -0.10155529 0.15762091 25 0 375 1.4236623 -0.38351747
33 375.35334 69.509332 0.68549028 0.24762604 0.028542556 25 0 367 1.0963681 -0.099890993
34 80.363258 71.498583 0.77446866 0.5010394 -0.12922437 25 0 542 1.4346537 -0.39186773
35 57.173318 71.811576 0.76465851 -0.34055816 -0.031062037 25 0 836 2.2817956 -0.89569185
36 195.29055 71.866563 0.74239991 0.21438028 -0.036657326 25 0 445 1.0552126 -0.058349938
37 458.59325 72.259585 0.62810178 -0.014322643 -0.030588009 25 0 1702 5.3678124 -1.8244933
38 497.26931 72.866906 0.65093641 0.11267187 0.059516322 25 0 473 1.6519678 -0.54500393
39 23.565465 73.651798 0.77619931 0.21106334 -0.10771423 25 0 510 1.3867054 -0.35496048
40 138.38899 73.34257 0.51814314 0.37920906 0.075064621 25 0 403 1.2768901 -0.26538377
41 444.02124 73.947561 0.85836235 0.30489409 -0.043310537 25 0 895 2.385576 -0.94398313
42 81.393635 76.689052 0.66544161 0.58984015 -0.17049143 25 0 1673 4.8087268 -1.7050753
43 494.41169 80.847181 0.69079361 0.61751165 -0.15547553 25 0 939 2.8056269 -1.1200748
44 376.5519 84.924693 0.65276194 0.080665767 -0.22098349 25 0 3724 10.71172 -2.574648
45 145.4514 88.555043 0.48514461 -0.21680345 0.056820826 25 0 442 1.4421566 -0.39753106
46 117.79239 92.034924 0.77514903 0.16763042 -0.1123096 25 0 911 2.40455 -0.95258451
47 180.80867 98.810008 0.68064883 0.5162247 -0.14110759 25 0 608 1.5564648 -0.48034825
48 309.59841 99.270521 0.71999179 0.40634299 -0.22080303 25 0 1476 3.8643281 -1.467685
49 313.56372 101.03633 0.73090372 -0.085360267 -0.31757881 25 0 1764 4.5042035 -1.634045
50 211.70755 102.25733 0.63155723 0.23102399 -0.083368627 25 0 1913 5.4396011 -1.8389176
51 79.373791 106.54086 0.68370597 0.69973865 0.024882473 25 0 3960 10.794221 -2.5829782
52 141.51963 105.9265 0.71803125 0.37443827 -0.19310478 25 0 516 1.309863 -0.29306467
53 477.61894 105.75113 0.79521607 0.72493415 -0.080826311 25 0 397 1.1221465 -0.12512392
54 322.36202 108.03413 0.74053651 -0.24117081 -0.20022787 25 0 454 1.0693148 -0.072763955
55 358.05895 117.31613 0.70346842 0.38505949 0.10775757 25 0 799 2.2477942 -0.87939138
56 244.75696 119.54299 0.57787547 0.12793018 0.090313402 25 0 16320 49.864854 -4.2444864
57 262.26058 119.44807 0.64709039 0.0044389792 0.15531387 25 0 1156 3.0599746 -1.2142945
58 272.28788 120.88022 0.7167579 0.21709632 -0.11264209 25 0 2384 6.300762 -1.9984827
59 328.90596 120.49221 0.66767718 0.35386372 0.072633529 25 0 1345 3.6248936 -1.3982382
60 474.13315 122.02459 0.85455726 0.34138153 -0.13205541 25 0 593 1.5622225 -0.48435724
61 123.7334 123.10265 0.68043101 -0.0060187645 -0.14236345 25 0 656 1.8030872 -0.64004181
62 76.473313 124.60104 0.69130185 0.85983413 0.1229043 25 0 597 1.6335681 -0.53284314
63 178.76832 123.88693 0.80389923 -0.24737577 -0.19327144 25 0 583 1.2170163 -0.21324101
64 176.19584 126.15279 0.76943967 0.32268623 -0.040554512 25 0 2873 7.479992 -2.1847528
65 504.21855 126.03154 0.71609441 0.60326944 -0.20295823 25 0 443 1.4823094 -0.42734716
66 8.953431 128.09022 0.74857649 -0.44731129 0.11234446 25 0 623 1.7082711 -0.58139201
67 200.21637 131.55489 0.61269509 0.22998034 0.036605734 25 0 1906 5.5007655 -1.8510578
68 31.453507 133.22223 0.74963261 0.3703536 -0.17439349 25 0 1484 3.9509309 -1.4917486
69 3.8542257 134.03075 0.74951481 0.44094738 -0.11172928 25 0 559 1.5279334 -0.46026107
70 277.5596 134.86883 0.71928523 0.4719568 -0.13524006 25 0 641 1.568003 -0.48836723
71 420.08312 142.79382 0.71263786 0.31649331 -0.01086624 25 0 15399 42.856319 -4.0800372
72 322.96599 148.418 0.62508318 0.54810493 0.17093857 25 0 3185 9.215357 -2.4112804
73 38.749393 149.56593 0.70999824 0.46667289 -0.058429037 25 0 869 2.4047553 -0.95267722
74 21.719181 153.65871 0.69104296 0.6246404 0.034610079 25 0 761 2.1739203 -0.84310907
75 508.31232 154.74453 0.6960877 0.10474048 -0.025487772 25 0 9184 26.159067 -3.5440556
76 121.48334 162.86766 0.64874542 0.22686622 -0.05801491 25 0 582 1.5574758 -0.48105329
77 409.9917 164.36729 0.68567573 0.39370804 0.056014046 25 0 59975 168.94639 -5.5693723
78 230.34185 168.53811 0.47882849 -0.23870745 -0.11180082 25 0 451 1.2742144 -0.26310628
79 449.2176 167.87266 0.63883281 0.1583605 -0.033101525 25 0 667 2.1700256 -0.84116212
80 177.38608 172.03396 0.67756355 0.19418583 -0.24696656 25 0 1477 3.9650266 -1.4956153
81 57.500482 175.8406 0.63925017 -0.35367176 -0.2248571 25 0 451 1.2571786 -0.24849243
82 502.32869 176.07627 0.75908866 0.29276558 -0.10573125 25 0 8325 22.335507 -3.3724895
83 250.13061 176.86033 0.74037245 0.25435717 -0.07812322 25 0 2397 6.1891581 -1.9790789
84 370.46723 176.47286 0.55677975 -0.0517702 0.023379139 25 0 533 1.6732508 -0.5589026
85 188.31319 177.63581 0.61712677 0.057327686 -0.083633422 25 0 1050 2.8745256 -1.1464155
86 437.41921 178.76136 0.72154304 0.10560192 -0.15224831 25 0 426 1.216665 -0.21292758
87 26.102392 179.56669 0.63741186 0.68531745 0.12949949 25 0 337 1.0013128 -0.0014244269
88 176.65029 180.39471 0.59751642 -0.07732851 -0.083263745 25 0 1633 4.6034738 -1.6577142
89 445.19928 185.39811 0.72706216 0.51203479 0.029397474 25 0 3295 8.8993174 -2.3733917
90 40.828302 186.30382 0.74900036 0.058057071 0.017514227 25 0 971 2.4915327 -0.99116646
91 138.92638 186.47664 0.75312325 0.44697772 0.21467742 25 0 2305 5.8081967 -1.9101033
92 506.97476 187.15767 0.70913212 0.37208565 -0.040731731 25 0 1012 3.0094697 -1.1962249
93 435.12222 187.66374 0.62567825 0.20411547 -0.1517609 25 0 660 2.1294025 -0.82064438
94 250.79585 189.05816 0.70990397 0.1657196 -0.090915304 25 0 1519 4.0963157 -1.5309835
95 445.61273 190.54295 0.57016256 -0.60904552 0.034876177 25 0 824 2.7153162 -1.084551
96 213.47507 191.73727 0.64312231 -0.030413942 -0.032147639 25 0 895 2.3204734 -0.91394146
97 95.54169 192.93625 0.69795241 0.24464191 -0.1732406 25 0 46478 129.93193 -5.2842897
98 145.35138 194.11237 0.70755649 0.083130307 -0.1341571 25 0 622 1.525326 -0.45840666
99 444.57582 198.21567 0.80964816 0.33986029 -0.21151545 25 0 526 1.4096004 -0.37274006
100 479.00252 202.18203 0.70592686 0.075919857 -0.092239409 25 0 729 2.2177071 -0.86476045
101 372.97976 203.98648 0.72977684 -0.030656847 0.060139268 25 0 441 1.1876391 -0.18671119
102 405.99821 204.09248 0.69877532 0.38624723 -0.11605401 25 0 523 1.5871007 -0.50151123
103 192.28753 204.78751 0.70160708 0.33130305 -0.079470592 25 0 791 2.0345113 -0.77115026
104 222.6996 205.89667 0.84100227 0.63040955 0.057743657 25 0 530 1.0765422 -0.080077639
105 90.660777 206.98602 0.72023882 0.15218104 -0.14508423 25 0 768 1.9416921 -0.72045089
106 429.95569 206.68227 0.73615391 -0.2381594 -0.016950303 25 0 384 1.1178093 -0.12091932
107 493.48296 208.23309 0.66381171 0.46146589 -0.22502985 25 0 687 2.1394488 -0.82575472
108 439.66685 210.87413 0.61691577 0.14809493 -0.017737547 25 0 319 1.1796959 -0.17942518
109 36.342101 215.90502 0.75243066 0.4266486 -0.207609 25 0 557 1.4148477 -0.37677422
110 38.728251 217.57557 0.7088114 0.7550394 0.075406973 25 0 566 1.4989985 -0.43950301
111 359.17049 217.86303 0.72659454 0.5977567 0.36192323 25 0 380 1.0536949 -0.056787163
112 449.69055 218.26469 0.6363061 0.006888973 -0.13192122 25 0 1132 3.422792 -1.3359513
113 11.95204 219.54602 0.652534 0.31094527 0.19230083 25 0 2068 6.0546368 -1.9552202
114 350.34034 220.48421 0.66842544 0.64011991 0.023961694 25 0 1638 4.4946493 -1.6317395
115 280.68263 222.50836 0.74409037 0.75952407 0.0010338954 25 0 879 2.015048 -0.76071349
116 174.73908 224.05516 0.67626834 0.37588338 -0.08986145 25 0 1323 3.5788438 -1.3843569
117 503.4767 226.92586 0.66400396 0.23695309 -0.20434387 25 0 5024 14.585701 -2.9098183
118 263.97001 229.30467 0.69576899 0.37667406 -0.016633522 25 0 3539 9.6921228 -2.4660473
119 376.1662 231.39716 0.71598288 0.49897107 0.04514815 25 0 5256 14.22794 -2.8828551
120 446.34614 232.00122 0.715969 0.25367411 -0.12231231 25 0 16758 46.129728 -4.1599522
121 351.18371 233.6892 0.72677453 0.24281717 0.11263171 25 0 1333 3.5244376 -1.3677246
122 204.60659 240.10558 0.72679732 0.64038887 -0.2419995 25 0 869 2.1497571 -0.83097347
123 264.4558 241.09029 0.61288816 0.51577428 -0.21889208 25 0 872 2.4534976 -0.9744641
124 54.822609 244.55815 0.68140321 -0.16137324 -0.17587342 25 0 486 1.3183748 -0.30009722
125 455.50124 243.53686 0.67235494 0.70626905 -0.063850046 25 0 1965 5.7100932 -1.891608
126 41.674442 247.00204 0.54249073 0.10862802 -0.078769359 25 0 354 1.0488404 -0.05177347
127 452.45576 256.9492 0.6766085 0.17829675 -0.16850798 25 0 8186 23.176535 -3.4126213
128 228.23157 257.59886 0.64461384 0.17408952 0.019796377 25 0 5458 15.742901 -2.9927119
129 0.53618827 258.67287 0.70362923 0.49942909 0.067251239 25 0 1126 3.0077358 -1.1955992
130 290.25777 259.89632 0.68213014 0.4894333 0.078837877 25 0 566 1.4912524 -0.43387786
131 355.77599 266.364 0.61795218 -0.050183114 -0.093545838 25 0 422 1.1981267 -0.19625684
132 128.95146 268.03225 0.68911901 0.44354222 0.090920596 25 0 552 1.4326247 -0.39033106
133 57.470126 278.58918 0.6901169 0.8033811 0.11516052 25 0 1542 4.1343734 -1.5410243
134 113.92924 280.05021 0.74364719 0.23684622 -0.16454356 25 0 514 1.2708596 -0.2602439
135 239.61213 286.69377 0.76290051 0.35012469 -0.42115339 25 0 459 1.0306512 -0.03277925
136 71.670214 287.65978 0.7112656 0.55383209 -0.009453933 25 0 968 2.5690673 -1.0244387
137 372.06866 289.86392 0.71687767 0.22172689 -0.038752071 25 0 7113 19.890965 -3.2466397
138 184.67173 291.36194 0.55443254 0.10574561 -0.077242553 25 0 907 2.5932193 -1.0345981
139 91.517722 292.432 0.70647361 0.74936298 -0.11219041 25 0 1265 3.2601871 -1.2831063
140 63.305175 292.57873 0.60055787 0.087341722 0.0576878 25 0 1346 3.9649507 -1.4955945
141 346.42105 294.66881 0.64785429 -0.019816429 -0.0212347 25 0 434 1.2200573 -0.2159506
142 477.76394 294.5811 0.73493698 0.50443631 0.023885439 25 0 760 2.2910836 -0.90010236
143 15.838337 297.59994 0.64819833 0.35028909 0.14929387 25 0 525 1.485109 -0.42939585
144 160.60277 302.06133 0.64567315 0.38877694 -0.12529528 25 0 563 1.5200567 -0.45464947
145 75.025122 308.15341 0.77499719 0.24902093 -0.047255418 25 0 1846 4.7676241 -1.695755
146 422.86638 308.04534 0.68647413 -0.21326664 -0.1168021 25 0 514 1.6209619 -0.52443199
147 450.3671 313.55248 0.67729044 0.82961223 0.17762919 25 0 989 2.9125422 -1.1606806
148 218.55948 313.6932 0.53531719 -0.35313786 -0.22589545 25 0 776 2.3625476 -0.93345144
149 137.73243 318.40217 0.64342757 0.68781792 0.057121585 25 0 3488 9.8218257 -2.4804806
150 13.814796 320.19912 0.72228873 0.2260937 -1.3027309e-06 25 0 2823 7.7687703 -2.2258807
151 59.581582 322.48181 0.49612197 -0.18198879 0.081554328 25 0 368 1.1022764 -0.10572624
152 187.24895 327.99476 0.77370012 0.34400804 -0.069495567 25 0 546 1.3436182 -0.32068972
153 330.10833 330.11874 0.77809249 0.29156238 0.059600133 25 0 762 2.0420479 -0.77516483
154 262.79163 332.99648 0.89124258 0.014464136 -0.019900773 25 0 505 1.1228008 -0.12575679
155 20.325056 337.43306 0.74223972 0.65594783 0.028390771 25 0 5540 14.501511 -2.9035331
156 287.45711 337.3092 0.63392817 0.5174253 -0.24279335 25 0 530 1.5009279 -0.44089961
157 30.618417 338.37728 0.69967237 0.64866872 -0.13032962 25 0 12611 33.888319 -3.8251251
158 380.36882 337.78106 0.64055788 -0.30575258 -0.031900633 25 0 502 1.4915261 -0.43407718
159 263.75013 338.95467 0.67093256 0.41295764 -0.047780308 25 0 1156 3.3179445 -1.3021728
160 76.89725 339.46333 0.71612779 0.58038497 0.067421911 25 0 1090 2.7661364 -1.104684
161 488.62673 345.2221 0.75219535 0.23762515 0.20061775 25 0 980 2.5603863 -1.0207637
162 259.6812 348.71358 0.71012606 0.2317341 -0.047008137 25 0 479 1.2717462 -0.26100116
163 360.65799 351.17341 0.636119 0.0097970289 -0.06617052 25 0 756 2.1857838 -0.84901801
164 239.78021 355.04116 0.69996626 0.21587961 -0.11440831 25 0 6332 17.717283 -3.1209928
165 381.77702 356.36915 0.67268571 0.066195805 0.01353104 25 0 1140 3.3772229 -1.3213993
166 21.908922 357.38161 0.69709333 -0.17667439 0.054262185 25 0 966 2.6423559 -1.0549783
167 493.48607 357.01943 0.7210067 -0.113062 0.088177371 25 0 273 1.0033626 -0.0036448059
168 12.195429 357.76896 0.95433252 0.08658346 -0.079856336 25 0 662 1.4077751 -0.37133316
169 298.73432 358.97313 0.71155233 0.25331459 -0.12681922 25 0 31375 86.921403 -4.8478168
170 22.033632 361.24259 0.81546528 -0.041253586 0.09276236 25 0 1774 4.4009607 -1.6088687
171 23.137421 364.62175 0.72106299 -0.62160438 -0.045763984 25 0 744 1.9971064 -0.75100299
172 414.53121 366.04389 0.66518046 0.1217124 -0.17682184 25 0 2077 6.188806 -1.9790172
173 226.09017 368.01091 0.74253949 0.15465381 -0.089314042 25 0 2033 5.4009268 -1.8311707
174 278.12975 369.20904 0.76112573 0.37231044 -0.0031395479 25 0 3591 9.5061109 -2.4450072
175 427.71521 370.43731 0.60301525 0.063191463 0.014846447 25 0 1028 3.352891 -1.3135486
176 95.645403 370.86188 0.74277473 0.37005549 -0.1251914 25 0 6164 16.502446 -3.0438708
177 139.10949 371.30703 0.59398779 -0.10150357 0.01033052 25 0 477 1.3042458 -0.28839865
178 499.50894 372.37817 0.68410948 0.58943506 -0.096823501 25 0 9118 25.455648 -3.5144604
179 22.72721 373.87633 0.85202991 0.59746314 -0.00879283 25 0 616 1.4171352 -0.37852822
180 3.06647 377.45734 0.68028653 0.32298515 0.19028826 25 0 813 2.2730288 -0.89151235
181 366.03864 383.49036 0.66179878 0.29964419 0.14046962 25 0 3593 10.334267 -2.5356992
182 74.887332 384.98025 0.79568559 0.24778476 -0.06727037 25 0 5073 13.247339 -2.8053216
183 120.57377 386.46295 0.68758899 0.75963828 -0.018478112 25 0 571 1.4788117 -0.42478223
184 227.43335 387.8115 0.72757068 0.27794162 -0.34463835 25 0 708 1.8951291 -0.69409702
185 100.27313 389.89619 0.56320258 0.36869207 0.4361354 25 0 375 1.1016779 -0.1051366
186 269.08424 388.87035 0.73057588 0.16565379 0.2033077 25 0 386 1.0357836 -0.038172585
187 483.96828 388.89106 0.85825626 -0.28196066 0.29102337 25 0 796 2.018017 -0.76231204
188 5.1126558 390.92732 0.83111392 0.11494559 -0.029077354 25 0 1404 3.558114 -1.3780497
189 144.62756 390.82413 0.70211965 0.51115651 -0.14545821 25 0 1655 4.5157089 -1.6368148
190 484.76706 392.39928 0.66541078 0.081581736 0.12722719 25 0 2156 6.4075829 -2.0167356
191 455.45665 392.75437 0.66147299 -0.065748703 -0.115787 25 0 2606 7.7788198 -2.2272843
192 60.18637 395.95386 0.74384515 0.58122791 0.26285359 25 0 721 1.9373296 -0.71800881
193 246.65154 400.72779 0.70127088 0.42566415 -0.10651161 25 0 8880 24.617772 -3.4781219
194 173.17428 403.17556 0.75493113 0.069659069 -0.1761118 25 0 395 1.0790515 -0.082605426
195 377.18534 402.65977 0.72380267 0.12025985 0.00660352 25 0 819 2.3500364 -0.92768649
196 275.83457 408.12917 0.75277605 0.24773935 -0.15991675 25 0 813 2.1705984 -0.84144868
197 412.51341 407.74856 0.73253172 0.12641761 -0.34832854 25 0 577 1.8608438 -0.6742748
198 3.395631 412.09787 0.74450309 0.062510299 -0.25443933 25 0 1138 3.0903232 -1.2250097
199 273.15383 411.81953 0.74396939 0.25467679 -0.02128843 25 0 2466 6.7917493 -2.0799541
200 494.71843 412.10171 0.67094315 0.54393421 0.016419829 25 0 447 1.5537116 -0.47842599
201 105.07722 417.44436 0.75323955 0.71587117 0.22716308 25 0 1124 2.9306868 -1.1674235
202 129.10167 418.77209 0.74972984 0.22814876 -0.030384281 25 0 2818 7.5712909 -2.1979248
203 304.89684 428.73858 0.75558678 0.063056989 -0.091579235 25 0 504 1.4086642 -0.37201867
204 185.82407 430.37618 0.66515954 0.05903456 0.19008419 25 0 428 1.2523471 -0.24431181
205 214.64829 435.90266 0.68201606 0.64421603 -0.13760332 25 0 467 1.4751317 -0.42207696
206 179.97585 436.7871 0.77144982 0.41870947 -0.037629891 25 0 2899 7.5845887 -2.1998301
207 153.46334 437.6351 0.55519713 0.018703305 -0.097347724 25 0 941 3.0018915 -1.1934875
208 182.64583 439.35186 0.72739572 0.064017103 -0.18669227 25 0 412 1.1753252 -0.17539514
209 253.20009 440.06051 0.77578943 0.17437095 -0.091840331 25 0 1448 3.8041279 -1.4506378
210 510.93824 439.47719 0.89630489 0.37454868 0.56678688 25 0 52239 127.3707 -5.2626738
211 365.86723 441.89224 0.73223511 0.28810675 -0.074498572 25 0 3989 11.134573 -2.6166839
212 266.30233 444.55737 0.6671951 -0.0022777466 0.084777908 25 0 1234 3.6222447 -1.3974445
213 112.36897 446.49063 0.57977756 -0.018252158 0.030536919 25 0 12979 40.053928 -4.0066128
214 497.46447 446.92781 0.76934752 0.50372559 -0.042733278 25 0 300 1.0781809 -0.081729112
215 484.15052 453.21789 0.70108267 -0.050204652 -0.22302982 25 0 279 1.221207 -0.2169732
216 233.07872 454.0859 0.75431172 0.11123795 -0.15216 25 0 386 1.0692478 -0.072695939
217 498.36182 456.30493 0.721308 0.34269083 -0.08216616 25 0 2379 6.8534951 -2.0897803
218 332.34852 460.03352 0.79824079 0.072173263 -0.31106985 25 0 812 2.2443363 -0.87771983
219 456.37295 461.10499 0.70208211 0.2030901 -0.066994851 25 0 375 1.2724761 -0.2616241
220 383.40964 464.93707 0.70757759 -0.018880712 -0.18822187 25 0 1440 4.1983199 -1.5576888
221 77.418988 466.14322 0.77478432 0.32846157 -0.16555081 25 0 7333 19.297491 -3.2137521
222 170.42911 467.20523 0.74858765 0.4035298 -0.091675964 25 0 1449 3.9100459 -1.4804546
223 448.85165 468.39516 0.50211363 0.53752278 0.011950268 25 0 58720 185.9621 -5.6735611
224 66.281437 471.26419 0.78950902 0.66797433 0.15923988 25 0 412 1.1145455 -0.11774452
225 426.29074 470.80677 0.76909473 0.050697138 -0.14918558 25 0 290 1.010522 -0.011364421
226 232.15534 475.26647 0.78364482 0.36129459 -0.0047687022 25 0 6600 17.427158 -3.1030664
227 450.13032 476.33588 0.70996419 0.30594694 0.43140146 25 0 507 1.6506184 -0.54411669
228 363.84196 476.82867 0.70113539 -0.17025958 -0.062171169 25 0 753 2.2514403 -0.88115109
229 135.30847 479.18147 0.69351192 0.47985115 -0.0051158443 25 0 516 1.4611138 -0.41171012
230 282.31442 478.48111 0.61615775 -0.037513156 0.070764594 25 0 3019 9.1015445 -2.3977877
231 359.57984 483.49136 0.66890788 0.47229968 -0.20110823 25 0 392 1.3099295 -0.2931198
232 160.12799 484.65375 0.68994722 0.28777208 0.06116946 25 0 963 2.824052 -1.1271817
233 237.93819 489.12251 0.71139261 0.22917647 -0.014881764 25 0 362 1.2209464 -0.21674154
234 85.063103 490.09327 0.83819717 0.25062735 -0.034749889 25 0 1583 4.0366687 -1.5150578
235 261.24392 499.51599 0.70800475 0.80411965 -0.045835775 25 0 367 1.0804852 -0.084047088
236 88.49439 504.91312 0.7440016 0.27726577 0.001933755 25 0 398 1.1643765 -0.16523358
237 137.28164 506.6584 0.77045895 0.046700806 0.1553441 25 0 715 1.8309612 -0.65669787
238 182.43722 506.86403 0.68475978 0.49778649 -0.13636154 25 0 561 1.5896935 -0.50328353
239 301.13528 509.12822 0.86081815 -0.05034238 0.048824464 25 0 421 1.0467166 -0.049572728
240 138.02552 510.39762 0.70265298 0.22821676 0.021147845 25 0 855 2.1971441 -0.85464634
