id xcentroid ycentroid sharpness roundness1 roundness2 npix sky peak flux mag
1 40.89929 0.066391567 0.86239896 -0.31455941 -0.55274049 25 0 4062.3872 10.171229 -2.5184335
2 302.12652 15.77158 0.59444634 -0.15387344 -0.30182635 25 0 609.31103 2.0073099 -0.75653608
3 311.05588 18.103398 0.47162975 -0.28123986 -0.04292793 25 0 248.19309 1.0572251 -0.060418645
4 433.45094 19.132609 0.72255466 0.24259199 -0.47393432 25 0 466.38781 1.3446309 -0.32150771
5 114.07193 22.79767 0.64962818 -0.17940771 -0.24365624 25 0 566.72993 1.8287953 -0.65541274
6 339.7087 24.419046 0.69199537 -0.070984636 -0.075457341 25 0 726.21286 2.1101537 -0.81078521
7 29.500763 24.567095 0.64130602 -0.61597758 -0.18945973 25 0 12062.742 33.526471 -3.8134696
8 413.04854 27.624576 0.63903672 0.33653624 -0.13465602 25 0 635.48674 2.0450338 -0.77675123
9 472.1407 27.569716 0.61175173 -0.054602262 -0.043218307 25 0 24399.953 71.932323 -4.6423102
10 358.8637 45.870425 0.6153964 -0.12751919 -0.3839147 25 0 467.71981 1.6394674 -0.53675699
11 458.41581 46.302163 0.62170537 0.110503 -0.25981163 25 0 315.83773 1.0849327 -0.088506971
12 131.40028 48.199211 0.64390662 0.12956287 -0.172063 25 0 362.68301 1.1359055 -0.13835552
13 118.35328 52.330106 0.63689139 0.33685313 -0.21425592 25 0 508.10867 1.4466673 -0.4009217
14 191.36004 53.462071 0.58907874 -0.41125784 -0.053729473 25 0 907.801 2.6773983 -1.0692824
15 210.7322 54.385706 0.60835131 -0.24599979 -0.14983346 25 0 1947.1002 5.7599973 -1.9010557
16 351.35498 55.850002 0.61185457 -0.1212495 -0.2860257 25 0 375.24364 1.3255926 -0.30602516
17 71.1552 56.537011 0.61700916 -0.035114029 0.016996689 25 0 398.72799 1.1950887 -0.19350037
18 329.34651 56.536325 0.40432204 -0.35960928 -0.28648885 25 0 57769.373 180.07 -5.6386034
19 116.20188 58.514179 0.55902605 -0.2211323 -0.088160535 25 0 4084.357 12.384947 -2.7322354
20 404.8733 60.378146 0.6210357 -0.15859243 -0.1572935 25 0 891.65816 2.6797686 -1.0702432
21 475.26653 66.469703 0.67388261 0.67419616 -0.013883281 25 0 772.00321 2.2347563 -0.87307545
22 299.04945 67.136729 0.60872629 -0.14616945 -0.31637812 25 0 1492.0379 4.684688 -1.6767017
23 146.88584 71.653111 0.57829488 -0.33659313 -0.55353432 25 0 301.94332 1.0032497 -0.0035225496
24 447.76101 74.012928 0.673189 0.020083027 -0.2424329 25 0 1565.1571 4.5307622 -1.6404282
25 506.59816 76.348441 0.64507686 0.33731388 -0.26689801 25 0 2981.5027 8.5392562 -2.3285501
26 2.5641278 77.230653 0.63169627 -0.015164921 -0.31781964 25 0 338.51567 1.1833049 -0.18274167
27 59.604479 79.244023 0.54533361 -0.2474833 -0.20544959 25 0 369.76369 1.3905787 -0.35798896
28 36.447625 79.527684 0.51767159 -0.63193401 -0.24933666 25 0 469.35149 1.5834328 -0.4989991
29 2.8459901 81.252656 0.71936965 -0.58003957 -0.24368123 25 0 465.66626 1.3606831 -0.33439249
30 437.44459 80.844779 0.65214941 -0.36846703 -0.32770184 25 0 1443.7393 4.2965404 -1.5827973
31 422.70988 82.468519 0.4650739 -0.18654335 -0.082321086 25 0 316.02931 1.240215 -0.23374244
32 476.29929 81.580686 0.58805382 -0.0070434699 0.045477093 25 0 370.46898 1.3323352 -0.31153377
33 60.553371 84.442068 0.59960459 -0.74398353 -0.16408137 25 0 1320.2658 3.8293428 -1.4578106
34 473.28067 89.615202 0.57312215 0.26619339 0.020884221 25 0 778.07794 2.4714704 -0.98238854
35 355.24682 93.418067 0.60890458 0.23737854 -0.14529066 25 0 2774.0675 8.2979293 -2.2974243
36 124.45312 96.522715 0.58077825 0.33849515 -0.12262965 25 0 387.8004 1.162732 -0.16369906
37 96.669914 99.857156 0.57299972 -0.029195023 -0.32720301 25 0 506.73175 1.6552499 -0.54715895
38 495.71354 100.44836 0.61802866 -0.21584985 -0.043803393 25 0 19714.614 57.099308 -4.3915771
39 159.52226 106.90816 0.62047937 -0.063493931 -0.12584874 25 0 440.84456 1.2687959 -0.25847946
40 288.35386 107.51057 0.58902433 -0.63201531 -0.18006496 25 0 942.50737 2.7688415 -1.1057452
41 292.40469 109.35856 0.58007385 -0.034738402 -0.31192581 25 0 1187.7147 3.6351782 -1.4013143
42 190.44495 110.30248 0.63087267 -0.48827429 -0.39700787 25 0 1335.7529 3.6213769 -1.3971843
43 58.478567 114.28399 0.64245948 -0.019687951 -0.32769078 25 0 3560.7834 9.9553052 -2.4951364
44 120.36621 114.00014 0.62648583 -0.1522016 -0.082738512 25 0 403.87465 1.1674202 -0.16806801
45 456.41856 114.34655 0.60696484 0.06363185 -0.18968983 25 0 304.35312 1.0694231 -0.072873931
46 493.97911 120.40896 0.64875408 0.089233852 -0.0212523 25 0 2017.6914 5.7993264 -1.9084439
47 336.98088 125.7074 0.5629747 -0.14784758 -0.13831183 25 0 488.37729 1.7294681 -0.59478142
48 223.6572 127.55388 0.54324868 0.28107286 -0.14662717 25 0 13204.435 40.297791 -4.0132031
49 241.18797 127.67412 0.63354291 -0.33036744 -0.22953283 25 0 893.58188 2.4832638 -0.98755713
50 251.21969 129.06137 0.64642781 -0.017316779 -0.23107308 25 0 1793.6509 5.2163814 -1.7934233
51 307.57627 128.82104 0.54599347 -0.030562359 -0.38809821 25 0 936.82244 3.1123012 -1.232704
52 102.69315 130.979 0.66081573 -0.24782612 -0.37194503 25 0 468.131 1.3024601 -0.28691111
53 203.20914 130.74737 0.6694729 -0.08385051 0.035225146 25 0 513.53312 1.3936454 -0.36038068
54 452.64183 130.72736 0.59402034 -0.15882858 -0.26127886 25 0 350.13602 1.2337981 -0.22811023
55 55.497826 132.28909 0.63427121 -0.57739769 -0.55103183 25 0 469.11653 1.2618674 -0.25253426
56 156.96167 132.34949 0.71368698 -0.68258684 -0.83464156 25 0 416.14213 1.1915146 -0.19024841
57 155.07235 134.15099 0.67671158 -0.21114289 -0.35442088 25 0 2083.5031 5.7800026 -1.9048201
58 482.90553 134.83039 0.68156156 -0.07958507 -0.23947774 25 0 432.48211 1.3570245 -0.33146919
59 178.9726 139.64327 0.57242914 0.056400088 -0.23083419 25 0 1485.9036 4.4226432 -1.6142048
60 10.460743 140.91665 0.62763823 -0.0067723827 -0.35783017 25 0 1083.8679 3.2292965 -1.2727698
61 256.54317 142.94242 0.55123587 0.16670224 -0.47843491 25 0 405.05874 1.3799485 -0.34965717
62 398.76055 151.33165 0.58010404 -0.27286161 -0.21274289 25 0 10152.923 30.281239 -3.7029341
63 387.26197 154.27984 0.5502616 0.5825532 0.10941482 25 0 231.4884 1.1723742 -0.17266562
64 17.718205 157.21537 0.64976037 -0.63682909 -0.22790521 25 0 674.41662 2.0361173 -0.77200699
65 301.6145 156.81806 0.57151625 0.17377107 -0.28760677 25 0 2419.5081 7.2255848 -2.1471825
66 0.88251865 161.19342 0.70439253 -0.45583869 -0.18536205 25 0 614.71335 1.7313657 -0.59597202
67 486.944 163.50385 0.60762861 0.0067200725 0.016167308 25 0 6915.5014 20.341619 -3.2709638
68 388.70157 172.87938 0.60679827 -0.063821358 -0.27171947 25 0 46281.033 135.6122 -5.3307469
69 427.83225 176.54424 0.75877829 -0.11514434 -0.16556354 25 0 443.83934 1.22617 -0.2213767
70 209.3006 176.57525 0.37356487 0.032056129 -0.022493119 25 0 357.83478 1.3687444 -0.34080592
71 156.34076 180.05524 0.62622791 -0.070361441 -0.47315129 25 0 606.37032 1.7291025 -0.59455186
72 228.80567 185.11234 0.62232702 -0.25576802 -0.2900809 25 0 1721.9277 5.0507802 -1.7583962
73 349.01987 184.99655 0.63019973 -0.32839306 -0.14031609 25 0 475.2422 1.464542 -0.41425457
74 480.94333 184.78679 0.63197477 -0.0086384352 -0.090536168 25 0 6360.874 18.78141 -3.1843205
75 167.03262 185.72568 0.55333655 -0.14451702 -0.29036909 25 0 802.08489 2.5728499 -1.0260361
76 416.23117 187.11702 0.56828271 0.27698863 0.11593758 25 0 262.88732 1.0877878 -0.091360484
77 155.54003 188.36351 0.65830513 0.18281613 -0.30339149 25 0 1340.9387 3.4997116 -1.3600806
78 19.723059 194.07419 0.62751409 -0.10300859 -0.33933667 25 0 764.86155 2.3241709 -0.91567014
79 117.82362 194.30527 0.64210799 -0.17105486 -0.15167914 25 0 1662.446 4.5778067 -1.6516436
80 423.84627 193.96993 0.63734562 -0.27846316 -0.26885331 25 0 2596.1876 7.5664402 -2.197229
81 413.79088 196.36928 0.61500061 -0.33191822 -0.112413 25 0 421.40875 1.3524054 -0.32776723
82 485.56268 195.91071 0.67787846 0.1989178 -0.21097917 25 0 717.68806 2.093715 -0.80229393
83 229.50007 197.30089 0.60398986 -0.47799292 -0.27154338 25 0 933.8876 2.615229 -1.0437743
84 424.32453 199.09943 0.76129044 -0.34531379 -0.30998659 25 0 907.196 2.4301759 -0.9640943
85 192.09221 199.91962 0.66457834 -0.01929469 -0.20754413 25 0 732.28789 2.1004862 -0.80579959
86 74.563287 200.69914 0.64299998 -0.53759375 -0.28822896 25 0 33440.693 92.276243 -4.9127248
87 124.19653 202.12073 0.73840087 -0.36912647 -0.37765039 25 0 483.07843 1.2936358 -0.2795301
88 423.46222 206.92522 0.6764015 -0.37544165 -0.44215927 25 0 371.4863 1.2005337 -0.19843591
89 457.52548 210.82838 0.6102039 -0.14084856 -0.28611894 25 0 485.95672 1.5497399 -0.47564702
90 170.88538 212.98347 0.61441907 -0.054079464 -0.27715662 25 0 616.92737 1.7802765 -0.62621863
91 201.05302 214.01656 0.60467167 -0.1242933 -0.056539354 25 0 380.89378 1.1762766 -0.17627364
92 69.713629 214.78257 0.61320536 0.0075605581 -0.26297857 25 0 516.00796 1.5021103 -0.44175459
93 510.91364 214.56533 0.86858086 0.36850679 0.38097915 25 0 1227.8755 3.0846218 -1.2230048
94 472.0317 216.96781 0.70937308 -0.097237114 -0.09774421 25 0 697.03538 2.0769528 -0.79356658
95 505.47321 220.73519 0.63384479 -0.37920098 -0.22613517 25 0 2818.2619 8.0280324 -2.2615228
96 17.443346 225.33219 0.52935531 0.0094831455 -0.38745545 25 0 340.78511 1.1909539 -0.18973739
97 428.3146 226.92919 0.69256168 -0.3237644 -0.33530784 25 0 964.93119 2.7503649 -1.0984758
98 329.05264 228.89781 0.66943025 -0.1525996 -0.24672419 25 0 1591.5297 4.6683619 -1.6729113
99 259.1782 230.828 0.72124735 -0.27521028 -0.22729285 25 0 742.18846 2.0324824 -0.77006696
100 153.38496 232.12321 0.59937067 -0.045780738 -0.36595721 25 0 871.94546 2.5621447 -1.0215091
101 482.03244 235.66179 0.59710534 -0.11099611 -0.10041745 25 0 4177.1691 12.54071 -2.7458053
102 242.62949 237.45999 0.52135971 0.32656551 -0.16328239 25 0 2084.8929 6.2940586 -1.997327
103 354.80617 239.8862 0.61680889 -0.11204508 -0.26351593 25 0 4267.1756 12.709563 -2.7603265
104 424.92723 240.68953 0.57545152 -0.14062099 -0.18876025 25 0 11678.794 34.865447 -3.8559881
105 329.7431 242.10693 0.59604873 -0.27694861 -0.29511325 25 0 955.39901 2.8888505 -1.1518127
106 183.11328 248.25177 0.64379421 0.12507129 -0.27742522 25 0 696.96296 2.0466098 -0.77758764
107 243.18949 249.29645 0.55916748 -0.067038705 -0.3057833 25 0 664.89315 2.0150001 -0.76068768
108 33.861426 252.1022 0.63280929 0.20804663 0.27019725 25 0 372.88776 1.140324 -0.14257068
109 434.10143 252.24491 0.60159295 -0.018621658 -0.15055508 25 0 1777.2364 5.5247775 -1.855787
110 206.82165 265.80234 0.58155816 -0.052727103 -0.2535261 25 0 4393.5229 13.221857 -2.8032312
111 430.94836 265.63807 0.5651576 -0.099637874 -0.19096426 25 0 6026.669 18.058717 -3.1417172
112 268.95183 268.37682 0.59321587 0.08830501 -0.22743592 25 0 350.44652 1.1426989 -0.14482948
113 334.61548 274.98199 0.62542337 0.16346096 -0.3704988 25 0 359.86559 1.0258162 -0.027673851
114 36.233021 286.26074 0.68085803 0.16104379 -0.24848194 25 0 1431.5243 4.0043879 -1.5063403
115 50.498555 295.57028 0.56069358 0.29766895 -0.034390579 25 0 531.14014 1.5224292 -0.45634277
116 218.0777 294.74995 0.67071525 -0.29097441 -0.33337596 25 0 416.89806 1.245339 -0.23821899
117 350.53564 298.34916 0.60049747 -0.5258623 -0.25203895 25 0 4619.7657 13.253366 -2.8058155
118 163.3435 299.48209 0.62083916 0.46093246 -0.21966752 25 0 777.86359 2.1438807 -0.82800153
119 42.049223 300.63977 0.61441813 0.058554469 0.062427644 25 0 1100.7474 3.2273954 -1.2721304
120 70.345842 300.32164 0.54780683 0.13798143 -0.26392708 25 0 1035.518 3.2914268 -1.2934605
121 324.81617 303.11333 0.49242642 0.031687513 -0.28528157 25 0 342.19199 1.1873813 -0.1864755
122 456.03569 303.27217 0.68815608 -0.2605626 -0.1171498 25 0 737.86172 2.0901636 -0.80045069
123 139.12704 310.06557 0.60137979 -0.28868073 -0.53715008 25 0 419.60936 1.2340406 -0.22832361
124 53.697869 316.00515 0.65143025 -0.048327161 -0.28743745 25 0 1320.6173 3.8031112 -1.4503475
125 197.1046 321.91929 0.69410021 -0.29198027 -0.19107802 25 0 883.66907 2.3475163 -0.92652156
126 428.76953 322.15418 0.64506719 -0.3372355 -0.39748569 25 0 993.33253 2.7630317 -1.1034647
127 116.42057 326.45841 0.60542107 0.30443578 -0.20408996 25 0 2744.5386 7.6847565 -2.2140753
128 38.405479 330.14951 0.58954855 -0.21668213 -0.60519118 25 0 341.5299 1.093642 -0.097187969
129 308.45006 338.49975 0.50674758 -0.99021649 -0.26074081 25 0 382.69401 1.1183406 -0.12143527
130 9.3381202 346.13898 0.70441098 -0.046613149 -0.26405202 25 0 12712.866 34.665918 -3.8497568
131 265.90907 345.71468 0.5179093 -0.40088608 -0.39117663 25 0 472.39353 1.4644813 -0.41420958
132 358.6578 346.10933 0.79062275 0.084714788 -0.18505732 25 0 582.87467 1.4509064 -0.40409849
133 55.656981 347.4752 0.64208791 -0.00040352276 -0.13085265 25 0 817.74023 2.1919072 -0.85205539
134 242.12121 347.19777 0.68471298 -0.1736559 -0.17777003 25 0 961.73552 2.5925834 -1.0343318
135 466.98812 353.93984 0.58153098 0.30029936 0.0057951561 25 0 844.77966 2.26551 -0.88791497
136 238.43784 356.85874 0.67207112 -0.33328773 -0.35834522 25 0 414.53476 1.1046783 -0.10808951
137 339.01918 359.71577 0.47714104 -0.2571761 -0.3398788 25 0 653.10573 2.1792866 -0.84578589
138 218.27143 363.20598 0.63999609 -0.051348662 -0.25086795 25 0 4938.2525 13.868466 -2.8550711
139 0.67074789 365.16722 0.61469327 -0.35057255 -0.077107571 25 0 716.45143 2.1420432 -0.82707054
140 360.23389 364.88147 0.67794469 -0.37286983 -0.32971952 25 0 1088.7355 2.9109921 -1.1601026
141 277.17444 367.35019 0.61314076 -0.0089682434 -0.19987437 25 0 22501.771 64.8382 -4.5295774
142 0.81263518 369.03189 0.69623704 -0.54172708 -0.15079942 25 0 1368.2801 3.7782395 -1.4432237
143 1.6996427 372.34536 0.59709415 0.35487895 0.39653648 25 0 477.42289 1.3484648 -0.32459907
144 392.94397 374.59627 0.56570466 -0.21672977 -0.076406005 25 0 1660.3904 4.9956196 -1.7464734
145 458.0885 375.49477 0.46974993 -0.29694337 -0.12374998 25 0 312.41046 1.0665445 -0.069947431
146 204.65269 376.21551 0.62921676 -0.070411837 -0.45120419 25 0 1428.032 3.9212096 -1.4835501
147 256.54471 377.59704 0.54138161 -0.54746517 -0.16575298 25 0 2030.4279 5.9108145 -1.9291183
148 74.24343 378.71403 0.64127087 -0.28071382 -0.18202598 25 0 4596.9335 12.988004 -2.783856
149 406.07449 378.92498 0.66563041 0.028585206 -0.19711052 25 0 1132.9628 3.0582257 -1.2136738
150 117.33878 379.60145 0.50787604 0.058813948 -0.069221387 25 0 459.6158 1.4092066 -0.37243665
151 477.65149 381.10146 0.66271178 -0.34323347 -0.25742351 25 0 9111.374 25.581173 -3.5198012
152 1.5947069 381.57505 0.58086562 0.42015258 -0.31008218 25 0 406.11633 1.1925198 -0.19116402
153 344.48984 392.00312 0.71862722 -0.24018502 -0.30853698 25 0 3522.2995 9.1439252 -2.4028317
154 53.544437 392.78923 0.69970354 -0.42906921 -0.3353411 25 0 3301.9809 8.6551687 -2.3431888
155 99.143356 394.57836 0.51677234 0.026053247 -0.16720852 25 0 451.29064 1.2887625 -0.27543223
156 205.74472 396.06707 0.62871757 -0.23041209 -0.54030889 25 0 592.98365 1.5648763 -0.48620006
157 462.18805 397.72799 0.58572997 -0.74085563 0.11057171 25 0 555.02919 1.4958071 -0.437189
158 78.830046 397.56924 0.64781883 -0.30223612 -0.65325588 25 0 417.06293 1.0554036 -0.058546466
159 123.13188 398.82999 0.69940789 -0.21026526 -0.22164322 25 0 1576.1889 4.1449662 -1.5438025
160 433.65825 401.47229 0.60611294 -0.53475778 -0.14088527 25 0 2081.9135 5.8330618 -1.9147414
161 462.96137 401.10321 0.64710281 -0.20830543 -0.17588526 25 0 2212.8572 6.3477116 -2.006543
162 38.714071 403.81463 0.65354144 -0.078748866 -0.46049822 25 0 545.74929 1.4732175 -0.42066715
163 225.10978 409.00461 0.66532297 -0.20731771 -0.27083455 25 0 7945.6383 22.347484 -3.3730716
164 355.60211 411.22982 0.64620452 -0.52294093 -0.47120272 25 0 748.76719 1.9565503 -0.72872752
165 390.83989 416.30949 0.64363902 -0.19594694 0.03722219 25 0 590.83643 1.6026989 -0.51212984
166 254.17174 416.35804 0.56696316 0.025118338 0.22001287 25 0 606.20404 1.7030075 -0.5780414
167 251.48498 420.19928 0.61090694 -0.429192 -0.36857868 25 0 1738.4009 4.8466633 -1.7136071
168 269.78139 419.90107 0.55443596 0.24537636 -0.66528333 25 0 333.13499 1.0291771 -0.031225258
169 472.85755 420.91793 0.61371286 0.46639442 0.038324903 25 0 522.25813 1.473061 -0.4205518
170 83.590919 425.30753 0.66946874 -0.72214196 -0.27595178 25 0 912.45204 2.3272691 -0.91711653
171 107.6099 426.74028 0.62629152 0.094031525 -0.30675997 25 0 2044.1154 5.641 -1.8783903
172 193.35667 443.89156 0.73689948 0.17355589 -0.50853351 25 0 497.9436 1.0889346 -0.092504511
173 158.37828 444.87441 0.68692036 -0.12919711 -0.37204414 25 0 2168.5713 5.5888566 -1.8683074
174 131.82208 445.7441 0.62963879 0.1199535 -0.26144189 25 0 1053.8847 2.7988261 -1.1174398
175 231.49882 448.41641 0.59241813 -0.43017125 -0.31713227 25 0 960.88304 2.6114189 -1.0421914
176 490.20372 448.47604 0.35492608 -0.39670774 -0.29947198 25 0 61153.177 190.20432 -5.6980509
177 344.16537 450.36273 0.62580633 -0.040367619 -0.15954371 25 0 3074.5654 8.6971403 -2.3484412
178 244.81149 452.90974 0.68704298 -0.48197981 -0.41987277 25 0 1159.9877 2.9492345 -1.1742733
179 90.805686 454.42712 0.54084933 0.21674534 -0.078817991 25 0 10655.41 32.332971 -3.774114
180 476.53233 465.12802 0.6513928 -0.11291703 -0.37019943 25 0 2195.268 6.079636 -1.959694
181 310.6303 468.49594 0.53987272 0.17451901 -0.22540906 25 0 595.59111 1.7138881 -0.58495619
182 361.63611 473.578 0.57667244 -0.54082297 -0.086597112 25 0 1122.7175 3.1143101 -1.2334046
183 55.937599 474.06546 0.71481908 -0.10093489 -0.25745569 25 0 6436.2365 17.44686 -3.1042932
184 148.78766 475.38891 0.56440918 -0.3175174 -0.27601206 25 0 1030.6506 2.888025 -1.1515024
185 427.05141 477.26326 0.41952215 -0.25574157 -0.30719423 25 0 60980.214 216.04497 -5.8363604
186 210.55514 483.49418 0.59487873 0.48543602 -0.18856701 25 0 4069.501 11.482099 -2.6500532
187 342.09181 485.4488 0.60229905 -0.035477456 -0.2176206 25 0 601.32031 1.5047737 -0.44367799
188 428.30666 484.8468 0.83939456 -0.36334496 -0.32770756 25 0 624.32489 1.1553711 -0.15680371
189 113.6503 487.29667 0.6921771 -0.020638318 -0.21576839 25 0 467.85328 1.034339 -0.036657273
190 260.50568 486.89985 0.62690103 -0.12375236 -0.38171239 25 0 3008.995 8.4402402 -2.315887
191 337.95851 492.16725 0.64478411 -0.12883382 -0.37679785 25 0 573.78575 1.4207077 -0.38126185
192 138.5315 492.68367 0.62372794 0.36828476 -0.24717231 25 0 806.12584 2.0703137 -0.79009038
193 63.66881 497.93285 0.73765262 -0.097434563 -0.31665859 25 0 1152.4715 2.8921722 -1.1530604
194 239.74928 507.69885 0.5749781 0.33754749 -0.1220109 25 0 494.26251 1.305441 -0.2893931
