id xcentroid ycentroid sharpness roundness1 roundness2 npix sky peak flux mag
1 339.30867 2.538693 0.72251107 0.40115235 -0.18137311 25 0 282.30185 1.1293188 -0.13204143
2 311.89074 5.1853467 0.6143272 0.29220507 -0.20809345 25 0 668.61971 2.8742955 -1.1463286
3 320.93283 7.487354 0.51745418 0.25675881 -0.058740767 25 0 255.72588 1.2995814 -0.28450869
4 443.21361 8.2708986 0.79522675 0.29295256 -0.29927332 25 0 604.78318 2.2436983 -0.87741116
5 485.90623 10.527881 0.6769946 0.39669681 -0.13201963 25 0 245.83039 1.0784299 -0.081979805
6 123.69847 12.494776 0.5254788 -0.13470423 0.16135508 25 0 426.39438 1.9887656 -0.74645897
7 349.36626 13.699991 0.57402735 0.3743146 0.095290795 25 0 663.6682 3.0109157 -1.1967465
8 38.791646 14.528784 0.67889453 0.49913248 0.095013184 25 0 14348.895 59.228176 -4.4313209
9 422.80588 16.788502 0.65112811 0.3309716 -0.12182091 25 0 698.30764 3.0590877 -1.2139798
10 481.91502 16.633389 0.61635654 0.49601417 -0.0086043571 25 0 24383.425 105.23633 -5.0554143
11 439.62425 18.218875 0.83904143 -0.10464698 -0.20124142 25 0 358.93688 1.297543 -0.28280437
12 348.44167 22.313363 0.30745179 0.41903986 -0.098770117 25 0 179.81275 1.1900788 -0.18893926
13 349.7135 27.058851 0.68700775 -0.29217501 -0.13193985 25 0 307.89532 1.3344203 -0.31323162
14 227.30829 31.940664 0.72602505 0.49388281 -0.09838633 25 0 380.72935 1.5077791 -0.44584427
15 368.59374 35.152159 0.58130247 0.030664054 -0.049719411 25 0 542.28373 2.3928954 -0.9473093
16 468.12368 35.281723 0.6847912 0.088364876 0.028387802 25 0 385.51773 1.7090753 -0.58190302
17 141.07825 37.922641 0.70103632 0.18444758 -0.23019916 25 0 501.80601 2.0109343 -0.75849472
18 112.95399 42.00402 0.39221044 -0.28759117 -0.8743781 25 0 161.4333 1.1165963 -0.11974049
19 127.97902 41.91803 0.74153214 0.39080609 -0.13563364 25 0 626.6367 2.3536707 -0.92936427
20 200.96903 43.13851 0.64639683 0.3562083 -0.08786909 25 0 1229.8999 5.2678228 -1.8040779
21 220.46125 43.952275 0.61649951 0.15132437 -0.22244605 25 0 2159.4634 9.3734704 -2.429751
22 433.55 43.845574 0.6309723 -0.1039956 -0.20162287 25 0 264.59888 1.3628084 -0.33608701
23 361.03758 45.026931 0.62711125 0.27630467 -0.17751538 25 0 532.36788 2.4533835 -0.97441358
24 80.810364 46.421959 0.58502681 0.066768785 0.11966104 25 0 468.9495 2.0700823 -0.78996904
25 339.03769 46.054938 0.26332293 0.56837861 -0.008594337 25 0 58290.33 354.5813 -6.3742896
26 404.828 45.904838 0.53244905 0.3268179 -0.31977673 25 0 225.00541 1.2324749 -0.22694521
27 125.721 48.30244 0.63028897 0.020066284 -0.07573753 25 0 4902.9777 21.010006 -3.3060654
28 168.99317 48.642174 0.53387278 0.16240831 -0.34396809 25 0 280.18207 1.3279436 -0.30794905
29 414.70472 49.505602 0.54680224 0.89359763 0.070924864 25 0 854.4173 4.0227757 -1.5113146
30 248.00792 53.921435 0.65933515 0.073904625 0.23572105 25 0 282.51762 1.2910643 -0.27736968
31 261.4954 55.160988 0.53606645 0.18968662 -0.081110844 25 0 332.70027 1.7092298 -0.58200114
32 484.97613 55.450004 0.60208217 0.33451655 -0.046012565 25 0 782.79044 3.5081379 -1.3626916
33 308.789 56.481806 0.58383984 0.60361922 -0.0096420395 25 0 1334.1703 5.9249236 -1.9317069
34 156.61477 61.402331 0.51397125 0.14113401 -0.29209777 25 0 226.5399 1.0927332 -0.096285323
35 457.64612 63.1435 0.61454707 0.28232168 -0.11384763 25 0 1376.2119 6.0415717 -1.9528748
36 44.876015 64.072478 0.82293993 -0.13749582 0.36915848 25 0 312.79275 1.1549222 -0.15638184
37 11.911746 67.202836 0.69575881 0.18830414 -0.10476049 25 0 484.84144 2.1280212 -0.81993988
38 363.61789 67.308597 0.42345889 0.30634931 -0.21139005 25 0 204.6465 1.1127551 -0.11599897
39 45.805647 69.406152 0.7136825 -0.20132249 -0.051244799 25 0 642.65992 2.5549311 -1.018448
40 68.952901 68.991166 0.63810623 0.045244467 -0.29445676 25 0 441.84902 1.8898218 -0.69105215
41 183.91282 69.484877 0.64737079 0.051961223 -0.090662373 25 0 306.56771 1.2847551 -0.27205086
42 447.26021 69.925778 0.68366688 0.26868853 -0.12004395 25 0 1642.0662 6.7868239 -2.0791665
43 12.312104 71.125923 0.6596755 -0.22699571 -0.1726945 25 0 514.60282 2.3501371 -0.92773298
44 126.83171 71.192909 0.6401353 0.11632748 -0.15976899 25 0 411.1915 1.6474206 -0.54201123
45 486.05433 70.498122 0.60889154 0.69143101 0.11677273 25 0 361.28762 1.6197612 -0.52362746
46 432.53977 71.660709 0.69277004 0.88430682 0.067443802 25 0 577.12286 2.3543583 -0.92968138
47 51.222252 73.475551 0.53120481 0.3130189 0.17679598 25 0 226.31188 1.1731852 -0.17341645
48 70.108275 74.283656 0.70258054 0.30926179 0.026848936 25 0 1772.6004 7.2194976 -2.1462674
49 328.50772 75.668278 0.30596454 0.39483946 0.17760542 25 0 143.92705 1.040649 -0.04326063
50 139.72394 76.79467 0.72652882 0.24775226 -0.040855645 25 0 262.08478 1.0179341 -0.01929916
51 483.10225 78.551941 0.59615497 0.68464788 0.049187691 25 0 832.05028 3.6214153 -1.3971958
52 365.16397 82.610397 0.53854618 0.21507178 -0.023587198 25 0 2829.967 13.222234 -2.8032621
53 134.02051 86.051006 0.64837479 0.43276117 -0.11159776 25 0 503.23812 2.1946732 -0.85342463
54 449.69864 87.439056 0.70691329 0.71182894 0.32439804 25 0 298.69359 1.2094419 -0.2064625
55 159.15389 89.829914 0.5576936 0.65637133 0.047772203 25 0 291.063 1.3822713 -0.3514832
56 505.44749 89.340156 0.68109803 0.59760554 -0.078026857 25 0 20964.624 84.7033 -4.8197508
57 106.58048 89.528971 0.41725293 -0.42957721 -0.20907907 25 0 395.60706 2.1656906 -0.83899102
58 169.35747 96.361374 0.60432602 0.70061211 -0.053547235 25 0 507.91739 2.2114721 -0.86170366
59 298.0819 97.008555 0.61641577 -0.076596102 -0.15331685 25 0 1202.3544 5.4277126 -1.8365421
60 302.10517 98.758451 0.60128233 0.028947716 -0.053467602 25 0 1303.4731 5.5731859 -1.8652588
61 200.40009 99.867948 0.57084575 0.071460548 -0.20845833 25 0 1520.8247 6.9549246 -2.1057311
62 381.45832 102.14167 0.59825219 -0.04580448 -0.39445898 25 0 192.53699 1.0274709 -0.029423838
63 465.97097 103.23026 0.65222617 0.14420556 0.031499831 25 0 433.59987 1.9308917 -0.71439477
64 68.06586 104.09325 0.66087633 0.14775042 -0.11153668 25 0 4131.9698 17.461751 -3.1052195
65 130.16037 103.63435 0.56286539 0.1891281 0.0020477147 25 0 396.8612 2.0454466 -0.77697034
66 311.05697 105.70836 0.46288085 0.0038916479 -0.12203168 25 0 296.13285 1.6517967 -0.54489146
67 503.70945 109.31265 0.61072267 0.13555633 -0.060068998 25 0 1926.9203 8.2996077 -2.2976439
68 346.80921 115.15947 0.5970815 0.05785971 -0.21789315 25 0 519.2644 2.4419424 -0.96933856
69 233.47237 117.14451 0.62549483 0.32405453 -0.20962312 25 0 15526.706 66.15397 -4.5513898
70 250.82412 117.24312 0.52069559 0.75548022 0.1750775 25 0 867.96482 3.8998985 -1.4776333
71 317.48868 118.27363 0.58615382 -0.095783906 -0.19876505 25 0 1050.7027 4.760952 -1.6942345
72 260.89139 118.50877 0.51831801 0.54340943 0.025066702 25 0 1435.5739 6.6317476 -2.05407
73 213.01428 120.37203 0.68303716 0.30886922 0.00047798558 25 0 577.10609 2.3312242 -0.91896011
74 462.6722 119.77249 0.68868728 0.80567326 -0.033395255 25 0 396.79129 1.680709 -0.56373133
75 506.58671 120.19933 0.71582023 -8.8320733e-05 -0.52881914 25 0 273.85192 1.0908135 -0.094376264
76 112.41916 120.58708 0.61455004 -0.24397825 -0.36893601 25 0 439.42545 1.9426877 -0.72100748
77 65.154927 122.15312 0.71909789 0.15072007 -0.11553043 25 0 565.35092 2.3218738 -0.91459652
78 167.12763 121.58451 0.58017243 0.18524809 -0.30499399 25 0 344.04768 1.5231968 -0.45689005
79 164.81511 123.81713 0.62311925 0.2995471 -0.10432337 25 0 2021.993 8.8708493 -2.369913
80 492.75214 123.99013 0.53611928 0.2408537 -0.019262927 25 0 384.91914 1.9959627 -0.75038104
81 188.71352 129.23562 0.60352635 0.10795894 -0.075789267 25 0 1571.9101 6.7429775 -2.0721293
82 20.071216 130.89115 0.72459326 0.20257476 -0.12618254 25 0 1471.6814 6.1373878 -1.9699589
83 266.21055 132.58071 0.56387005 0.52865982 -0.0032220548 25 0 381.20071 1.6184662 -0.52275906
84 408.71626 140.43151 0.54892029 0.72687144 0.031981852 25 0 9494.599 42.382106 -4.0679563
85 397.21241 143.54635 0.62250574 0.4596515 0.027017693 25 0 259.80728 1.2767483 -0.26526323
86 311.48984 146.22721 0.60911207 0.044704373 -0.20632397 25 0 2633.8752 11.15108 -2.6182924
87 27.413924 147.14218 0.75689487 0.46623016 -0.18306655 25 0 769.64666 2.8578632 -1.1401036
88 106.97523 149.07761 0.73677488 0.91675674 -0.25279716 25 0 273.80288 1.1412738 -0.14347466
89 10.375106 151.26994 0.69895551 0.4626297 -0.083265879 25 0 690.52198 2.9188765 -1.1630393
90 464.99189 151.09336 0.770676 -0.30678571 -0.0079085666 25 0 242.7435 1.0548994 -0.058027627
91 496.81478 152.46878 0.62311514 0.12709057 0.063092794 25 0 7132.5146 30.325141 -3.7045071
92 110.01631 160.42213 0.59844698 0.053830887 0.028953123 25 0 487.52551 2.2201493 -0.86595546
93 398.60248 162.04162 0.60547896 0.16345571 -0.20371353 25 0 46257.628 200.3086 -5.754249
94 437.73334 165.45255 0.55811676 -0.049857491 -0.0744341 25 0 418.09141 2.0149733 -0.76067325
95 219.16331 166.13664 0.69762859 0.21924688 -0.26984972 25 0 561.10087 2.2621129 -0.88628569
96 166.19401 169.69638 0.52768814 -0.12445057 -0.14046907 25 0 996.95796 4.7250288 -1.6860112
97 468.96273 171.84129 0.69281807 0.01005624 -0.061764235 25 0 269.91178 1.1807905 -0.18043216
98 45.984472 173.52528 0.74745412 0.27582804 0.016229964 25 0 385.91177 1.5268531 -0.4594931
99 358.93522 174.32161 0.61200622 0.11043516 0.13944934 25 0 504.90422 2.3374858 -0.92187246
100 490.89695 173.78094 0.61869148 0.29965981 -0.039094439 25 0 6376.7568 27.963543 -3.6164805
101 176.74676 175.45138 0.55267562 0.17830068 -0.029958769 25 0 772.9973 3.3642906 -1.3172337
102 238.71794 174.58673 0.56536411 0.67076589 -0.045631415 25 0 1450.8718 6.3878051 -2.0133791
103 14.216502 177.40964 0.63167853 0.78231521 0.25393244 25 0 267.07704 1.2634751 -0.25391673
104 426.31416 176.29895 0.22112653 0.060650572 0.16511605 25 0 130.67941 1.1566051 -0.15796272
105 165.34962 177.97998 0.64674554 0.14411976 -0.18229344 25 0 1528.3572 6.2939664 -1.9973111
106 433.78825 183.03506 0.58699501 0.080726413 -0.17201623 25 0 2586.5554 11.665006 -2.6672124
107 29.480527 183.86381 0.65116974 0.098602252 -0.20901914 25 0 761.0721 3.3655391 -1.3176366
108 127.53992 184.06604 0.66967697 0.30053033 -0.11932165 25 0 1722.758 6.9751771 -2.1088881
109 423.71134 185.29438 0.63905872 -0.44627474 -0.18708924 25 0 605.00958 2.5933875 -1.0346685
110 495.53278 184.79457 0.58000134 0.34063517 -0.17636697 25 0 667.84082 3.0584117 -1.2137399
111 2.9008324 186.36685 0.56414037 -0.040395326 -0.013925245 25 0 231.70194 1.1858685 -0.18509136
112 239.384 186.84115 0.62504536 0.45189001 -0.23418396 25 0 984.30841 4.1034889 -1.5328831
113 434.23881 187.98022 0.60121797 0.010593043 -0.044872513 25 0 902.72785 4.2070641 -1.5599478
114 201.85832 189.51962 0.56613641 0.27268276 0.093397203 25 0 610.38786 2.7607447 -1.1025656
115 84.312666 190.50749 0.56194787 0.016464489 0.025863858 25 0 32193.296 144.37367 -5.39872
116 133.96696 191.86858 0.55000013 0.33018879 0.11523247 25 0 419.47352 1.9789888 -0.74110836
117 265.23656 195.83076 0.51677557 0.38079206 0.39725163 25 0 242.46052 1.08815 -0.09172196
118 386.85578 195.08914 0.66855096 -0.18678987 0.10127668 25 0 216.66495 1.0919203 -0.095477372
119 433.37303 195.92155 0.55830039 -0.066659021 -0.21465837 25 0 274.57481 1.2687053 -0.25840189
120 467.54098 200.00133 0.50535543 0.46706419 -0.18000082 25 0 484.16964 2.4680905 -0.98090271
121 180.86683 202.55829 0.54628402 0.0040425984 -0.0035104543 25 0 476.60117 2.1511365 -0.83166992
122 361.74341 201.85115 0.58927051 -0.019303289 -0.053464427 25 0 292.12326 1.3409386 -0.31852225
123 394.72762 201.69915 0.57046073 0.55850873 -0.28656605 25 0 254.44707 1.3094046 -0.29268464
124 211.24685 203.54425 0.55154569 0.67061825 0.046534514 25 0 300.11923 1.3524869 -0.32783269
125 79.360102 204.70931 0.64840703 0.16222905 -0.32726034 25 0 479.41895 2.0083332 -0.75708944
126 418.91761 204.3427 0.42705777 0.40705903 -0.19314266 25 0 174.50069 1.0523064 -0.055355526
127 482.16416 205.94995 0.65667726 0.14812019 -0.13696415 25 0 681.91333 2.9080033 -1.1589872
128 428.45929 208.31911 0.6034616 -0.18979196 -0.36793908 25 0 230.3179 1.1631823 -0.16411948
129 25.416676 213.89637 0.66774529 0.9382761 -0.16266333 25 0 376.70871 1.5324426 -0.46346051
130 27.135538 215.09544 0.66694479 0.97029772 -0.65859539 25 0 455.11093 1.8018832 -0.63931661
131 438.31185 215.85292 0.63399934 0.20745536 -0.11454491 25 0 1148.4749 5.0918571 -1.7671905
132 0.54613812 217.11395 0.58050017 -0.062277705 -0.14325829 25 0 1615.1063 7.5597454 -2.1962679
133 338.97839 218.19817 0.60042155 0.23860244 -0.12048642 25 0 1451.6898 6.5356102 -2.0382153
134 269.1737 220.26008 0.57312345 0.29907103 -0.16394013 25 0 639.19364 2.8642108 -1.1425124
135 163.46936 221.75469 0.53521288 -0.14280368 -0.19591001 25 0 806.71013 3.6086512 -1.3933623
136 506.53164 221.80064 0.57022628 -0.34361849 -0.050034671 25 0 224.31393 1.0413157 -0.043956077
137 233.0351 225.15237 0.59299065 0.43615512 -0.35323829 25 0 241.55183 1.1500978 -0.15183695
138 492.13569 224.58722 0.56879512 0.25033464 0.030587952 25 0 4122.4059 18.766236 -3.1834429
139 252.56497 227.029 0.6019087 0.062802298 -0.21365313 25 0 2506.5442 10.800994 -2.5836593
140 364.82157 229.12775 0.60120178 0.19640091 -0.10964897 25 0 4192.8987 18.649191 -3.17665
141 434.93128 229.73643 0.60215811 0.28335957 -0.05552889 25 0 13067.629 57.452816 -4.3982783
142 339.69916 231.5595 0.53201376 0.22906326 0.071895655 25 0 845.67804 3.9614213 -1.4946276
143 503.95941 231.89769 0.67298707 0.59533637 -0.2110988 25 0 342.70448 1.5081348 -0.44610042
144 193.13982 237.77731 0.64143859 0.19286769 -0.14882156 25 0 709.21123 2.9249947 -1.1653127
145 253.30532 238.65378 0.48682365 -0.046153693 -0.10843127 25 0 615.40607 3.0822814 -1.2221807
146 444.13138 241.27645 0.65466879 0.35386308 -0.044114195 25 0 1933.9474 8.1204716 -2.2739531
147 43.569333 242.2576 0.64754019 0.20409451 -0.058053205 25 0 392.07102 1.7156385 -0.58606443
148 29.798569 244.87653 0.65454414 0.32366946 -0.17204576 25 0 238.56746 1.050282 -0.053264805
149 498.36217 252.35994 0.499605 0.25544326 -0.31327501 25 0 192.68576 1.1259609 -0.12880831
150 216.80795 255.33658 0.60479991 0.15294983 -0.047923949 25 0 4423.9025 19.094761 -3.2022856
151 441.04192 254.60997 0.56618349 0.23367663 -0.010826853 25 0 6441.1074 28.925809 -3.6532138
152 279.00891 257.71333 0.39710235 0.36785913 0.038172716 25 0 293.17696 1.7766316 -0.62399343
153 344.51648 263.99294 0.69892228 0.042607763 -0.089277108 25 0 458.03932 1.9554616 -0.72812326
154 117.43008 265.75474 0.68800075 0.606946 -0.27060833 25 0 348.44218 1.3234292 -0.30425175
155 46.04717 276.13308 0.71082666 0.2961365 -0.088312619 25 0 1596.7542 6.4006071 -2.0155529
156 102.62154 277.71694 0.61286384 0.69389415 -0.090561789 25 0 329.48079 1.4563312 -0.40815035
157 228.41459 284.24655 0.48809399 0.017138095 -0.42089453 25 0 253.43568 1.2902273 -0.27666559
158 60.391353 285.26747 0.72775283 0.2032547 -0.097965019 25 0 705.84674 2.6232928 -1.0471169
159 360.61199 287.51132 0.55561177 0.70115514 -0.01908299 25 0 4419.78 19.892005 -3.2466964
160 173.46434 288.93167 0.66100623 0.36619214 -0.17435668 25 0 891.74205 3.6455114 -1.4043962
161 51.826307 290.27889 0.62835128 0.088177126 -0.040547224 25 0 1262.5522 5.3667333 -1.824275
162 80.187403 290.00689 0.72121372 0.38669295 -0.090121536 25 0 1262.8705 4.919982 -1.7299088
163 334.94716 292.36587 0.48202308 0.50246554 -0.14906354 25 0 310.98749 1.5325963 -0.46356941
164 466.2579 292.25831 0.63359793 0.17532293 -0.089664082 25 0 716.72273 3.1549295 -1.2474741
165 4.7359991 294.99096 0.71906358 0.1434467 -0.31847712 25 0 478.42281 1.9624401 -0.73199102
166 82.694639 299.60142 0.67832484 -0.018663154 0.70526863 25 0 287.44987 1.0628117 -0.066140797
167 149.25774 299.65398 0.58971855 -0.14947739 0.013049162 25 0 460.79705 2.0687483 -0.78926913
168 63.598392 305.79758 0.6920425 0.56599618 -0.15924598 25 0 1246.8302 4.9415349 -1.7346547
169 411.6674 305.77123 0.78426987 0.56126497 0.16624734 25 0 393.63431 1.4564017 -0.40820291
170 207.10422 311.35466 0.61445193 0.16929029 -0.079528922 25 0 778.61106 3.3470868 -1.3116674
171 438.99489 311.13179 0.60446179 0.1198691 -0.1505164 25 0 1057.6208 4.8136708 -1.706191
172 126.40823 316.09225 0.65378191 0.31321664 -0.16942539 25 0 3254.5182 13.518339 -2.8273084
173 2.4375702 317.77388 0.63960631 0.07350219 -0.1491099 25 0 2028.8148 8.4150566 -2.3126426
174 48.463165 320.10233 0.69067633 -0.61442052 -0.5178954 25 0 401.82989 1.6369542 -0.53509135
175 175.82308 325.62341 0.6354226 0.12255212 0.16858039 25 0 347.13865 1.4870912 -0.43084398
176 443.41281 324.98784 0.61847275 0.18788948 -0.041537492 25 0 260.5351 1.2989591 -0.28398869
177 318.72719 327.7134 0.60736975 0.25884781 -0.18970974 25 0 512.80767 2.0808091 -0.79558061
178 251.64674 330.75619 0.48813026 0.91546042 0.088102688 25 0 207.39509 1.0365244 -0.038948843
179 8.9555728 335.0536 0.7577636 0.28778543 -0.066825061 25 0 5654.1499 21.957136 -3.3539392
180 276.12418 335.01049 0.59127232 0.33780424 -0.13755879 25 0 501.37482 2.1825863 -0.84742856
181 368.74321 335.54322 0.65624421 -0.065569831 -0.12834459 25 0 419.26633 1.740434 -0.60164388
182 19.182323 336.01016 0.7388679 0.20645224 -0.069285741 25 0 14332.643 56.900382 -4.387788
183 65.520933 337.08793 0.67314012 -0.15079727 -0.17444867 25 0 985.34297 3.9676168 -1.4963243
184 252.40629 336.51723 0.49045776 -0.11254611 -0.026089139 25 0 661.55553 3.1466162 -1.2446094
185 477.36602 342.99157 0.58948321 0.61112986 0.27284297 25 0 838.82708 3.4155666 -1.3336569
186 248.33595 346.4822 0.61312343 0.68939985 0.11334162 25 0 375.32838 1.5963783 -0.50783952
187 349.24454 348.82825 0.61434753 0.21898978 -0.16759042 25 0 710.13135 3.1107518 -1.2321634
188 244.08728 352.49491 0.63779833 -0.27565568 0.0696132 25 0 239.09032 1.0606763 -0.063957198
189 228.36661 352.68474 0.62213194 0.4581227 -0.24983725 25 0 4399.7571 18.261291 -3.1538287
190 370.42772 354.04436 0.63949311 0.23967064 -0.14409326 25 0 1074.1265 4.584535 -1.6532382
191 10.606471 354.96417 0.74454194 -0.50502243 -0.19669619 25 0 857.48439 3.1647417 -1.2508457
192 481.80305 354.86916 0.54582315 -0.53854123 -0.03009482 25 0 361.94052 1.9715735 -0.73703242
193 0.94866712 355.43927 0.57279849 0.23099014 0.066423721 25 0 413.43543 1.8192509 -0.64973152
194 287.44753 356.5771 0.55742363 -0.12224179 -0.11764979 25 0 19885.573 86.765169 -4.8458635
195 10.675307 358.96508 0.7492552 -0.029330794 -0.1224333 25 0 1359.5359 5.0493265 -1.7580836
196 11.566214 362.26329 0.66849397 0.47344829 0.40584169 25 0 540.28316 2.0237434 -0.76538861
197 403.18275 363.68885 0.61019686 -0.078394006 -0.035455999 25 0 1751.6767 7.488048 -2.1859216
198 468.38871 364.32263 0.60415479 0.59138613 0.055608132 25 0 278.5867 1.1912033 -0.18996474
199 214.77243 365.73436 0.59616924 0.47572748 -0.096962229 25 0 1435.3627 6.2110145 -1.9829064
200 266.80378 366.92279 0.608821 0.22435641 -0.12192751 25 0 2639.2117 11.591612 -2.6603596
201 84.253812 368.44778 0.66658881 0.54491789 -0.013884953 25 0 4702.6547 19.06695 -3.2007031
202 416.30267 368.05925 0.66444186 -0.060226348 -0.22836359 25 0 1220.3141 5.0699346 -1.7625059
203 127.60258 369.17899 0.71035325 0.098467748 -0.32829116 25 0 478.31546 1.8249953 -0.65315435
204 488.05767 370.095 0.68120687 0.12590402 -0.088285185 25 0 9753.6823 40.506736 -4.0188181
205 11.39919 371.44573 0.62547945 0.44990949 -0.12321255 25 0 446.50726 1.9897512 -0.74699694
206 434.70881 379.52902 0.74667526 0.5246998 0.11527548 25 0 348.94341 1.3382545 -0.31634676
207 354.55506 381.24641 0.61859475 -0.091762766 -0.14120834 25 0 3092.6157 13.132023 -2.7958291
208 63.430497 382.62919 0.65130768 0.66671061 -0.13913172 25 0 3189.4016 12.920629 -2.7782092
209 109.28168 384.19192 0.72248212 0.4857689 0.017931829 25 0 734.34734 2.8564456 -1.1395649
210 216.1297 385.67151 0.49012207 0.12420319 -0.12575276 25 0 541.26624 2.6792742 -1.0700429
211 472.67441 386.59113 0.50651198 -0.24218625 -0.0041771234 25 0 494.74507 2.3222825 -0.91478764
212 257.88147 386.57333 0.61135406 -0.29503703 -0.41369198 25 0 284.94718 1.2123654 -0.20908379
213 89.076167 387.25728 0.54075036 0.5583486 0.28002236 25 0 312.83285 1.318122 -0.29988904
214 133.27267 388.55447 0.6330144 0.60322206 0.070866304 25 0 1293.584 5.266218 -1.8037471
215 504.97462 388.31628 0.6470294 0.1969878 0.021937834 25 0 351.80438 1.5753037 -0.49341073
216 473.38616 390.06482 0.68437364 0.11477285 -0.10313653 25 0 2177.8013 8.801547 -2.3613975
217 444.03129 390.45116 0.57533369 0.23229008 0.094053137 25 0 2122.045 9.4781731 -2.4418116
218 48.892826 393.57642 0.66500937 0.5642361 0.060301895 25 0 562.09414 2.2594343 -0.88499929
219 235.32877 398.49875 0.6029506 0.63813474 -0.031070124 25 0 6591.8647 28.285465 -3.6289083
220 86.273105 399.0209 0.62242669 0.26660211 -0.41009019 25 0 243.51651 1.0210893 -0.022659309
221 365.78414 400.50054 0.58644841 -0.029265608 -0.058929746 25 0 648.64783 2.7533313 -1.0996462
222 161.90419 400.84246 0.75399991 0.91121889 -0.10310163 25 0 307.04063 1.1012899 -0.10475414
223 401.24604 405.34299 0.63899825 0.33882392 0.055820885 25 0 538.80652 2.2885179 -0.89888578
224 264.4498 405.96145 0.61187512 0.099899382 -0.26689492 25 0 652.38634 2.7405244 -1.0945842
225 10.762786 407.78616 0.78351784 0.0010991667 -0.0036843801 25 0 326.92151 1.2104227 -0.20734267
226 279.94816 409.39592 0.64523117 0.21772125 -0.079099462 25 0 287.70519 1.1494209 -0.15119773
227 261.75545 409.58215 0.57527841 0.51365657 -0.050018942 25 0 1672.6824 7.3529773 -2.1661581
228 483.315 409.86282 0.55020019 0.42901664 0.12584243 25 0 438.92575 2.1333832 -0.8226722
229 30.238236 413.92002 0.55664424 0.63539219 0.32336589 25 0 292.88954 1.2217369 -0.21744424
230 93.673196 415.05855 0.70541558 0.28892501 -0.10980406 25 0 1046.4508 4.2478272 -1.5704171
231 117.84575 416.41431 0.61567509 0.55232952 0.068531399 25 0 1953.7161 8.2554384 -2.2918504
232 293.54172 426.32546 0.66305857 0.92024891 0.24120525 25 0 339.1348 1.3260042 -0.30636228
233 174.69658 428.09244 0.472821 0.20170535 -0.33412239 25 0 272.70305 1.2655891 -0.25573179
234 203.42633 433.48235 0.58695709 0.68081315 -0.2539078 25 0 345.78374 1.4274269 -0.38638471
235 142.02909 435.45353 0.61812581 0.41176126 -0.02193027 25 0 971.31968 4.1683421 -1.5499084
236 168.64681 434.43493 0.63427831 0.86615515 0.061914399 25 0 1925.5313 7.8728164 -2.2403253
237 390.81337 435.22584 0.59780374 -0.093430031 -0.32100095 25 0 285.26278 1.1354082 -0.13788008
238 183.63127 436.02618 0.65685929 0.40306676 -0.0069818212 25 0 301.80242 1.2764847 -0.26503904
239 241.8663 437.77215 0.68544159 0.57755124 -0.0028148103 25 0 1104.8925 4.3120376 -1.5867064
240 500.92654 437.4569 0.33471536 0.29118179 -0.023791399 25 0 61352.407 296.50012 -6.1800622
241 354.41755 439.46748 0.54655817 -0.29796605 -0.026419931 25 0 2544.4313 11.340488 -2.6365793
242 254.83065 442.18633 0.65124727 -0.28812248 -0.0087369956 25 0 1089.5583 4.2509949 -1.5712265
243 24.159538 443.10672 0.85415503 0.33988349 -0.12396976 25 0 360.88396 1.260459 -0.25132179
244 100.96135 444.22373 0.70177121 0.23528115 -0.094356179 25 0 15341.769 62.162783 -4.4838261
245 486.11537 444.77238 0.60609601 -0.1980172 -0.21996478 25 0 343.96005 1.5906932 -0.50396607
246 472.67522 450.91301 0.6801319 0.22743515 -0.16504457 25 0 403.04555 1.6969928 -0.57419999
247 221.69371 451.81475 0.54437782 -0.17438795 -0.17637573 25 0 279.03132 1.3295349 -0.30924938
248 486.89709 454.06356 0.69983333 0.17073446 -0.070123364 25 0 2419.7394 9.9571433 -2.4953369
249 389.37155 456.72848 0.6629305 0.028042184 0.0022001862 25 0 302.67924 1.2419644 -0.23527289
250 320.90044 457.72027 0.65715128 -0.057198747 -0.18002285 25 0 685.94244 2.7699593 -1.1061835
251 445.04695 459.0014 0.68407983 0.19926711 -0.22947956 25 0 450.35403 1.7777909 -0.6247017
252 371.97176 462.67049 0.59914997 0.24843605 -0.056391516 25 0 1292.8542 5.7264559 -1.8947148
253 66.071503 463.84107 0.73401314 0.21283402 -0.083306049 25 0 6706.3374 26.75864 -3.5686601
254 159.09256 464.93435 0.68273209 0.20603387 -0.12027615 25 0 1347.854 5.5369298 -1.8581725
255 335.76614 465.02686 0.58807363 -0.53509978 -0.39112223 25 0 310.10665 1.2961287 -0.28162032
256 144.28953 466.01127 0.60794402 -0.50828912 -0.62059317 25 0 254.61516 1.2276574 -0.22269301
257 437.4821 466.41871 0.50971027 -0.29314128 -0.11848947 25 0 60546.785 269.97966 -6.0783276
258 301.08975 467.03633 0.65149947 -0.026290195 0.15567053 25 0 411.85501 1.7033063 -0.57823186
259 55.030452 468.8078 0.80578434 0.55155407 0.14308245 25 0 364.5444 1.2771957 -0.26564361
260 414.97848 468.55869 0.67521937 0.84000034 0.18847335 25 0 306.28049 1.1488443 -0.15065292
261 220.81311 473.00041 0.67067244 0.19799622 -0.16104276 25 0 5187.4949 21.638271 -3.3380564
262 352.40136 474.60193 0.67663813 0.34619523 0.09066366 25 0 578.00451 2.2034842 -0.85777483
263 438.80917 473.94818 0.77577288 -0.11196141 -0.13712608 25 0 600.6433 2.0680974 -0.78892745
264 255.08156 476.05401 0.74186205 0.25346242 0.058647984 25 0 296.27135 1.0467931 -0.049652084
265 270.8794 476.24906 0.66538766 0.11107109 -0.11697298 25 0 3226.8527 13.457112 -2.8223796
266 123.93527 476.93606 0.69618919 0.12511205 -0.18519211 25 0 553.82606 2.1234065 -0.81758286
267 348.28961 481.43408 0.49684584 0.5280161 -0.13246051 25 0 420.5263 2.0282744 -0.7678168
268 148.84873 482.2884 0.70497488 0.3279512 -0.12165231 25 0 812.24407 3.0240621 -1.2014767
269 73.786939 487.75701 0.7530938 0.41245739 -0.11056041 25 0 1282.9492 4.905054 -1.7266095
270 249.98748 497.20634 0.79363064 0.23078874 -0.20404224 25 0 431.66416 1.4381679 -0.39452395
271 402.94901 497.06413 0.62319509 0.33323683 -0.13615151 25 0 292.02553 1.2055921 -0.20300095
272 507.17524 499.29417 0.83220685 -0.57692055 -0.45877419 25 0 336.54949 1.2623731 -0.25296929
273 160.079 501.33751 0.72510361 0.71163806 0.081467121 25 0 375.41981 1.3485401 -0.32465964
274 77.27717 502.63741 0.4158308 0.7490911 0.17626248 25 0 227.56795 1.1467436 -0.1486658
275 125.8201 504.34507 0.65158824 -0.66641545 -0.2999931 25 0 649.84367 2.8253731 -1.1276895
276 171.16797 504.54416 0.688373 0.74768356 -0.07319725 25 0 485.3896 1.8022874 -0.63956014
277 341.26905 507.03331 0.6922551 -0.15238289 0.22583283 25 0 258.01588 1.0514211 -0.05444177
278 35.63912 507.9358 0.8574525 -0.25999303 -0.50850369 25 0 281.80592 1.0144231 -0.015547854
279 126.77173 508.10848 0.70088078 -0.093684019 -0.22814691 25 0 880.11506 3.4910518 -1.3573907
280 67.898661 510.42915 0.83061673 0.14662699 -0.15308922 25 0 343.93352 1.1449815 -0.14699618
