id xcentroid ycentroid sharpness roundness1 roundness2 npix sky peak flux mag
1 253.05224 0.52723321 0.65435173 -0.50291893 -0.20894368 25 0 246.03437 1.1039754 -0.1073985
2 357.61891 3.4460046 0.66114903 0.59811232 0.17021984 25 0 304.21146 1.3017495 -0.28631851
3 330.10852 6.181334 0.65904073 0.57448854 0.0095644476 25 0 840.52639 3.541876 -1.3730834
4 339.25123 8.5623796 0.54684795 0.63639734 -0.005248083 25 0 325.98211 1.538924 -0.46804295
5 461.67146 9.3850024 0.61183049 0.13467852 -0.015274999 25 0 532.3882 2.4651021 -0.97958729
6 141.99875 13.463085 0.60756839 0.17141537 0.18058818 25 0 530.3463 2.3878506 -0.94501787
7 367.70415 14.817076 0.62667369 0.6236245 -0.063631372 25 0 820.40053 3.6812183 -1.4149789
8 57.17138 15.589706 0.67819756 0.084472315 0.12140567 25 0 15259.792 65.245912 -4.5363833
9 4.699301 17.329298 0.67102271 -0.05742697 0.044025233 25 0 6033.721 26.190922 -3.545377
10 441.2049 17.836196 0.72228145 0.081245133 0.017769541 25 0 815.19343 3.2818497 -1.2902967
11 500.41453 17.584794 0.58004095 0.05277409 0.05878392 25 0 24268.979 110.00231 -5.1035045
12 458.49571 19.361781 0.76477553 0.61482121 0.091027416 25 0 345.01467 1.3539531 -0.32900908
13 366.79814 23.08127 0.73518405 0.34481723 0.1209757 25 0 365.6534 1.3651175 -0.33792511
14 368.1688 28.29793 0.39712197 0.39708717 0.10111838 25 0 185.74842 1.126845 -0.12966049
15 10.456419 29.142182 0.65840077 0.22354322 -0.12598275 25 0 285.28766 1.2831829 -0.27072144
16 245.80698 32.882152 0.69162309 0.53922359 -0.046136034 25 0 317.92287 1.3843977 -0.35315215
17 308.225 33.962339 0.47659294 0.18306887 -0.23728482 25 0 215.09339 1.2187851 -0.21481781
18 386.95227 36.206869 0.6696499 0.56628207 -0.060399136 25 0 624.05073 2.6505283 -1.0583311
19 486.74463 36.384372 0.64738035 0.75660482 -0.028105073 25 0 394.05031 1.6811338 -0.56400573
20 159.4396 38.953177 0.66833555 0.11284306 -0.28146749 25 0 441.75739 1.8436071 -0.66417095
21 131.00549 43.118764 0.73426334 0.025406523 -0.14763852 25 0 255.54501 1.0147775 -0.015927063
22 146.45313 43.170121 0.61760024 0.22060903 -0.16159993 25 0 597.67039 2.6875285 -1.0733827
23 219.53611 44.180579 0.61229715 0.53130294 -0.12470336 25 0 1223.9734 5.5464708 -1.8600418
24 238.86967 45.069626 0.67696331 0.43578031 -0.010181443 25 0 2652.663 11.420736 -2.6442353
25 451.81248 44.872563 0.69155845 0.48909245 0.23612037 25 0 285.89784 1.2932693 -0.2792224
26 379.39788 46.254493 0.72807828 -0.0061596432 -0.086410133 25 0 520.39943 2.0302367 -0.7688667
27 283.02858 47.321932 0.4614528 0.31654746 -0.41705816 25 0 240.16209 1.4060536 -0.37000473
28 357.3477 47.093649 0.32246395 0.55138581 0.096553521 25 0 58873.535 325.62736 -6.2818022
29 423.14304 46.889915 0.58399034 0.10906766 -0.038810748 25 0 278.40878 1.270507 -0.25994264
30 99.154945 47.360293 0.68234016 0.29985716 0.19443141 25 0 584.97912 2.4596044 -0.97716315
31 144.15105 49.405074 0.66623919 0.47487442 0.10546848 25 0 5479.7131 23.505783 -3.4279368
32 187.33326 49.988225 0.69081331 0.68335105 -0.095005538 25 0 363.93545 1.4150765 -0.37694982
33 433.09337 50.444391 0.59515944 0.27851878 0.16293163 25 0 1003.3644 4.4776127 -1.6276163
34 77.611036 51.96224 0.61741478 0.16561327 0.061837005 25 0 260.92981 1.2342982 -0.22855025
35 266.58731 55.008339 0.6030241 0.41073183 -0.07650412 25 0 280.79952 1.3382245 -0.31632246
36 279.74989 56.102897 0.75609042 -0.22200831 -0.069547001 25 0 518.66721 2.0738174 -0.79192631
37 433.53845 55.999739 0.82816307 -0.10880127 0.09006315 25 0 356.35892 1.3398611 -0.31764943
38 85.173652 57.034053 0.69970388 0.1564321 0.53063513 25 0 314.6954 1.3312697 -0.31066515
39 327.07179 57.598169 0.59715484 0.55235988 0.21973202 25 0 1490.6411 6.7615473 -2.0751152
40 503.52237 56.477188 0.69985253 0.81634223 0.029648059 25 0 849.41851 3.4706226 -1.3510185
41 175.03394 62.706291 0.62457806 0.37762153 0.16671024 25 0 285.42284 1.2945445 -0.28029243
42 476.13762 64.077255 0.66287462 0.46500621 0.054641778 25 0 1664.818 7.1597169 -2.1372396
43 63.194293 65.532868 0.64860992 0.37473031 0.38500774 25 0 343.55422 1.5300936 -0.46179499
44 30.458221 68.300834 0.53731507 -0.10938822 -0.035885587 25 0 368.40313 1.9040878 -0.69921742
45 382.06487 68.203869 0.62730422 0.45495785 0.21804846 25 0 344.52837 1.6018875 -0.51158001
46 64.084544 70.453918 0.57488154 0.10398693 0.12952273 25 0 617.77243 2.7929663 -1.1151642
47 87.276134 70.246215 0.85293031 -0.083261185 -0.0092619902 25 0 490.21347 1.7278845 -0.59378679
48 202.27279 70.810963 0.45927943 0.50363369 -0.19143622 25 0 257.66949 1.4941823 -0.43600896
49 465.78936 71.042264 0.63158394 0.31023831 0.038390791 25 0 1707.7953 7.7684077 -2.22583
50 30.463818 72.462965 0.63713494 -0.32531028 -0.0066911741 25 0 373.08246 1.687642 -0.5682008
51 145.19125 72.148677 0.63789765 0.3322391 -0.048144575 25 0 484.59159 2.1965061 -0.85433101
52 504.46959 71.779877 0.71069638 0.57907782 -0.22864324 25 0 408.96216 1.5670114 -0.4876804
53 451.0407 72.571608 0.61956222 0.73305067 0.24310371 25 0 656.76501 3.05532 -1.2126418
54 69.674587 74.707532 0.62241804 0.010805264 -0.43496795 25 0 252.91412 1.2315951 -0.22616984
55 88.55421 75.375286 0.67324683 0.45949434 -0.092305039 25 0 1517.6053 6.2498033 -1.9896659
56 157.98538 77.45336 0.57858132 0.4650174 0.55427767 25 0 200.33249 1.0729865 -0.076485666
57 346.63361 76.71194 0.53233792 0.21314526 0.012560028 25 0 242.17757 1.3559968 -0.33064667
58 501.64619 79.555188 0.58667631 0.85354337 0.10262222 25 0 955.45357 4.3961398 -1.6076787
59 383.44466 83.759897 0.63098906 0.52896903 -0.14740314 25 0 3132.0871 13.45564 -2.8222609
60 3.8149855 86.494721 0.71137695 0.29122441 0.23876304 25 0 805.09568 3.4042075 -1.33004
61 152.54614 87.045199 0.67879829 0.28319973 0.039096679 25 0 465.00473 2.0454533 -0.7769739
62 468.12849 88.678123 0.66012075 0.1591426 0.41501898 25 0 301.10451 1.3822235 -0.35144565
63 124.93428 90.702655 0.61873584 0.38960595 0.17956822 25 0 666.18291 3.1224002 -1.2362214
64 177.64461 90.797462 0.64938767 -0.20700086 -0.29565941 25 0 350.92207 1.4821561 -0.42723483
65 187.93022 97.499315 0.55518236 0.53016443 0.22004291 25 0 462.55651 2.2499402 -0.88042742
66 316.50983 98.070448 0.60947331 0.0058442718 -0.22649339 25 0 1237.8738 5.5172076 -1.8542983
67 320.46076 99.816831 0.60995742 0.045865355 -0.19244973 25 0 1357.8923 6.0604903 -1.9562694
68 218.83764 100.961 0.66374839 0.38533724 -0.015585276 25 0 1780.2782 7.5255247 -2.191342
69 86.457108 105.27259 0.62849232 0.44812082 -0.078510709 25 0 3490.7006 15.000248 -2.9402461
70 148.66363 104.8293 0.65337552 0.39510453 -0.22293126 25 0 408.4578 1.6985249 -0.57517979
71 484.57332 104.42862 0.67399791 0.88922264 0.31927218 25 0 388.05392 1.6794418 -0.56291242
72 94.576805 106.64275 0.56351216 0.3511967 0.17554224 25 0 224.7966 1.1975032 -0.19569173
73 242.32978 106.48631 0.62296927 -0.15096883 -0.076720959 25 0 225.80164 1.1440455 -0.14610823
74 329.39526 106.6759 0.51318333 -0.15701149 0.07797905 25 0 278.95726 1.4905425 -0.43336091
75 0.52775983 107.73794 0.59728366 0.60872341 -0.01236366 25 0 225.20919 1.1992605 -0.19728381
76 365.19224 116.0844 0.65957872 0.39388379 -0.0099044457 25 0 666.28188 2.9761571 -1.1841396
77 251.82553 118.27462 0.63524014 0.18117364 0.0078952562 25 0 17429.483 76.848206 -4.7140843
78 335.92802 119.28068 0.60577604 0.43541411 0.05225181 25 0 1173.2115 5.1845964 -1.7867874
79 279.34917 119.6754 0.58101465 -0.020177948 0.034691083 25 0 1692.5364 7.7484015 -2.2230303
80 231.5061 121.44841 0.73499916 0.79726105 -0.0030188756 25 0 511.67028 1.8815516 -0.68629031
81 481.30743 120.77319 0.61172647 0.28367463 0.10521768 25 0 451.47267 2.1732267 -0.8427626
82 130.86855 121.8326 0.65362292 0.26240331 0.076136009 25 0 566.06615 2.445335 -0.9708459
83 346.59314 121.56411 0.42454782 -0.41869293 -0.19664705 25 0 141.64429 1.0969767 -0.10049353
84 83.475716 123.40145 0.74591875 -0.28504325 0.073432732 25 0 530.53051 2.0643101 -0.78693735
85 185.1631 122.97038 0.67447726 -0.42144451 0.078461652 25 0 432.30914 1.7029094 -0.57797883
86 183.26435 124.93476 0.65462363 0.23308585 -0.074302633 25 0 2263.3303 9.8652239 -2.4852674
87 510.89898 124.78659 0.89142242 -0.13500823 0.18919519 25 0 479.4121 1.8525274 -0.6694116
88 15.907574 126.66487 0.69956034 0.65853629 0.089140498 25 0 463.61778 1.9822727 -0.74290852
89 207.18916 130.38766 0.64076643 0.60353863 0.04234519 25 0 1721.1021 7.3130165 -2.1602414
90 38.541311 131.97443 0.65487143 -0.083558616 -0.091532799 25 0 1295.0269 5.6152591 -1.8734245
91 10.687074 132.62659 0.79396887 0.085058091 -0.082080083 25 0 491.86917 1.9746005 -0.73869813
92 284.90231 133.37761 0.59969383 0.65471807 -0.27641532 25 0 400.28941 1.8593299 -0.67339112
93 504.80612 136.21569 0.57580588 0.52329534 0.20062528 25 0 221.65402 1.0806109 -0.084173315
94 9.1473771 141.13272 0.47548987 0.33332457 0.2906638 25 0 152.86149 1.001198 -0.0012999759
95 427.21959 141.46762 0.5590859 0.24579283 0.16086672 25 0 10677.955 49.161846 -4.2290704
96 415.75048 144.55554 0.79787883 0.58025156 -0.012910891 25 0 276.3306 1.1444737 -0.14651457
97 329.97025 147.2388 0.64362694 0.39037975 -0.02617929 25 0 3036.1345 13.227308 -2.8036787
98 45.664584 148.17444 0.64029034 0.32362276 -0.077463153 25 0 742.12658 3.3801042 -1.3223252
99 28.798497 152.29478 0.58508233 0.16255025 0.21599471 25 0 581.08037 2.7989435 -1.1174853
100 128.47769 161.71031 0.67875325 0.27360083 -0.24007305 25 0 533.23133 2.3035201 -0.90598002
101 417.10274 163.0687 0.67293969 0.37560806 0.0087987238 25 0 57928.429 248.27283 -5.987323
102 456.34153 166.5603 0.62702509 0.75965249 0.16834102 25 0 481.43355 2.0382938 -0.77316696
103 237.428 167.10061 0.59547645 0.38897087 -0.016715927 25 0 496.86044 2.2373099 -0.87431535
104 150.02152 169.75378 0.61294721 0.71018803 0.30252584 25 0 192.64137 1.0007869 -0.00085407887
105 184.67833 170.73117 0.7539738 0.74063709 -0.018568079 25 0 417.73082 1.5526232 -0.47766516
106 64.567219 174.41906 0.66814549 0.81970781 0.018132136 25 0 394.56834 1.749061 -0.6070124
107 173.5765 174.98486 0.36532807 0.25839538 0.47181388 25 0 153.85464 1.0190117 -0.020447944
108 377.50085 175.28464 0.58203927 0.61445009 0.10617725 25 0 514.54864 2.3685679 -0.9362146
109 509.48699 174.74409 0.58859128 0.041593055 -0.035246315 25 0 6002.6218 27.112416 -3.5829205
110 195.29733 176.32094 0.66005896 0.55230243 0.054630381 25 0 992.63542 4.155281 -1.546501
111 257.27909 175.5351 0.54963558 0.2464152 0.11297287 25 0 1547.0486 7.2476007 -2.1504856
112 444.53357 177.37571 0.56470359 0.84317854 -0.32941762 25 0 316.455 1.6307861 -0.53099254
113 32.706711 178.48344 0.76284298 0.36956662 0.14499675 25 0 320.66728 1.3618953 -0.3353593
114 183.80472 179.01512 0.65911112 0.13677554 -0.10586393 25 0 1788.7214 7.760257 -2.2246903
115 53.163647 180.34294 0.64853849 0.64612522 0.16950227 25 0 239.11336 1.193196 -0.19177947
116 174.85691 183.07604 0.65116455 0.12233156 -0.10208387 25 0 251.05999 1.2038876 -0.20146484
117 452.35108 184.0273 0.68241537 0.19985955 -0.066226106 25 0 3142.9181 13.220631 -2.8031305
118 47.862773 185.02269 0.68190659 0.28737887 -0.0053995435 25 0 849.59806 3.7687262 -1.4404865
119 146.08865 185.02696 0.6824998 0.42209947 0.07331681 25 0 2127.8573 9.0481292 -2.391397
120 442.29179 186.28766 0.63830813 0.094134794 0.047024681 25 0 602.49444 2.6710661 -1.0667116
121 21.583287 187.51351 0.47967299 0.3893622 0.24585967 25 0 205.37727 1.1061315 -0.10951686
122 257.92965 187.81609 0.62388634 0.45624974 0.0017820913 25 0 1102.4296 4.7969527 -1.7024136
123 452.76785 189.0914 0.72955797 -0.094951851 0.057086116 25 0 1061.0242 4.336824 -1.5929295
124 220.42442 190.45715 0.54241851 0.77334291 0.011318305 25 0 642.27337 3.0620889 -1.2150445
125 357.21809 191.21602 0.74091387 0.45923104 0.52897967 25 0 254.34149 1.0795102 -0.0830669
126 102.69728 191.59601 0.67305598 0.58424959 0.069103133 25 0 39913.931 168.52869 -5.5666846
127 152.38428 192.90157 0.53991544 0.081782959 -0.043491335 25 0 414.15375 2.0498557 -0.77930822
128 283.77118 196.62391 0.57358057 0.6551859 -0.039016061 25 0 274.22872 1.280428 -0.26838787
129 451.86304 196.97455 0.67725709 0.39567193 0.12385124 25 0 476.59655 2.1325755 -0.82226105
130 486.26864 200.90092 0.63761552 0.43477191 0.042951484 25 0 686.81691 3.1387275 -1.241884
131 150.69856 202.58463 0.71784953 0.55961337 0.39177034 25 0 242.80696 1.0122603 -0.013230532
132 199.34895 203.67625 0.61944667 0.89308048 0.26539035 25 0 552.25418 2.3754397 -0.93936001
133 380.0333 202.60703 0.56020165 0.0062962691 0.055879916 25 0 265.87603 1.3905203 -0.35794333
134 413.25876 202.69268 0.63139517 -0.065077304 -0.015330099 25 0 370.40451 1.8167861 -0.64825951
135 229.83313 204.5106 0.70778879 0.79795479 0.4961182 25 0 347.60785 1.3784863 -0.34850616
136 437.05957 205.37773 0.71521247 0.40067024 -0.048688286 25 0 362.90285 1.5915684 -0.50456327
137 97.868033 205.69209 0.70026353 0.899355 0.28592837 25 0 632.86301 2.5811026 -1.0295132
138 178.71559 207.76933 0.54431514 -0.605748 0.24736194 25 0 191.2872 1.0113774 -0.012283064
139 500.77876 207.0097 0.64778725 0.17437408 -0.04546786 25 0 710.84888 3.2558533 -1.2816621
140 446.61838 209.51221 0.6807872 0.17035795 0.070733448 25 0 241.24762 1.1464413 -0.1483796
141 43.96746 215.03614 0.57521255 0.89785814 -0.93785925 25 0 386.66518 1.6295924 -0.53019745
142 45.673049 216.10345 0.69168105 0.86249855 -0.037957028 25 0 522.40352 2.1897181 -0.8509705
143 365.77087 216.50971 0.62602628 0.67624942 0.12631633 25 0 236.13928 1.0775746 -0.081118377
144 456.82296 216.98546 0.68950333 0.20150763 -0.091232605 25 0 1269.8047 5.4526631 -1.8415217
145 19.022781 218.22243 0.72314379 0.1945838 0.06424717 25 0 2205.6112 9.1756571 -2.4065929
146 357.44908 219.24749 0.54627393 -0.21781102 -0.14455996 25 0 1313.8311 6.2885156 -1.9963704
147 287.59623 221.3088 0.6187506 0.05252963 0.054066837 25 0 673.98061 3.0200686 -1.200042
148 181.91332 222.67125 0.68346555 0.425597 0.073763622 25 0 1063.8057 4.3954123 -1.607499
149 471.88289 226.41616 0.51730037 -0.36672269 0.068637362 25 0 257.85276 1.5172371 -0.45263361
150 510.51649 225.59493 0.72137349 0.48387871 0.15921523 25 0 4617.7617 18.727964 -3.1812264
151 271.11981 228.02174 0.64068982 0.30735718 -0.00421136 25 0 2988.6438 13.181719 -2.7999301
152 16.441223 230.30998 0.52587235 0.10827581 -0.24000319 25 0 264.66499 1.5017093 -0.44146464
153 383.31234 230.09922 0.69184206 0.35812242 -0.042920432 25 0 4899.8699 20.412862 -3.2747598
154 453.39958 230.77022 0.62947511 0.46732345 -0.16081632 25 0 13182.822 56.663505 -4.3832586
155 358.20624 232.35902 0.68384214 0.53756939 -0.022355798 25 0 1120.9705 4.5955364 -1.6558405
156 211.72938 238.7693 0.67228319 0.42400514 -0.099106937 25 0 742.29795 3.170114 -1.2526872
157 271.76047 239.78534 0.68250723 0.53829967 -0.0043263198 25 0 820.58619 3.5102549 -1.3633466
158 462.65392 242.26079 0.62615745 0.061004605 -0.021471618 25 0 1907.8727 8.2987897 -2.2975369
159 62.02371 243.18349 0.66427996 -0.047384695 0.012589714 25 0 422.08168 1.8699734 -0.67958857
160 48.170492 245.81901 0.48804902 -0.82074722 -0.3566412 25 0 199.36473 1.180938 -0.18056777
161 82.776369 253.61607 0.57983302 0.20420361 -0.29207651 25 0 223.51647 1.1372874 -0.1396756
162 235.38 256.40327 0.62576285 0.7103852 0.012145926 25 0 4660.6221 20.241909 -3.2656287
163 459.55206 255.71235 0.63225807 0.56163565 -0.050486426 25 0 7348.4018 31.939803 -3.7608306
164 7.5743228 257.3459 0.57441312 -0.17685554 -0.00055977587 25 0 892.94759 4.258059 -1.5730292
165 297.38908 258.81874 0.66406024 0.36746178 -0.078786724 25 0 452.16361 2.1107054 -0.81106905
166 362.79275 265.00462 0.75148563 0.20904147 -0.15966467 25 0 469.46393 1.8159458 -0.6477572
167 136.20858 266.89178 0.61059982 -0.14530583 0.016600718 25 0 353.60106 1.4507351 -0.40397028
168 17.800494 277.19901 0.810159 0.69554124 0.13552616 25 0 280.00831 1.0349111 -0.037257635
169 57.875974 277.46873 0.53199144 -0.057447663 0.50619459 25 0 230.99257 1.0961984 -0.099722914
170 64.456781 277.35103 0.59172009 -0.12242257 -0.044228052 25 0 1356.4424 6.2905466 -1.996721
171 121.10819 278.87595 0.68931779 -0.15772306 0.018770006 25 0 385.34175 1.7323341 -0.59657911
172 246.70313 285.35848 0.61699215 0.32721358 0.19656172 25 0 299.83468 1.5506968 -0.4763172
173 78.853472 286.43037 0.71106274 0.34738966 0.12829947 25 0 765.1709 3.0725667 -1.2187533
174 379.19326 288.53944 0.60410956 0.14694908 0.10806125 25 0 5293.8003 23.703561 -3.437034
175 191.87622 290.07571 0.66535301 0.2356519 0.047367471 25 0 990.56254 4.245321 -1.5697763
176 70.360675 291.35718 0.70669301 0.56867395 0.074226151 25 0 1319.3794 5.3812904 -1.8272161
177 98.670842 291.20415 0.59279628 0.41161832 -0.28928479 25 0 1033.3879 4.7136769 -1.6833995
178 353.5264 293.33221 0.47018415 0.14267467 0.066651153 25 0 336.82083 1.7185548 -0.58790844
179 484.87494 293.30985 0.62920719 0.031332061 0.01456318 25 0 785.85674 3.6075282 -1.3930243
180 22.827895 296.46486 0.75530348 0.046938394 0.028370541 25 0 503.53454 1.9478772 -0.72390395
181 38.313867 296.27449 0.66043741 0.2757008 -0.24440304 25 0 288.88974 1.3024643 -0.2869146
182 63.714514 298.60635 0.7054466 0.43845972 -0.19196198 25 0 269.2197 1.049512 -0.052468546
183 101.15391 300.94929 0.58691816 -0.0068492291 0.18786171 25 0 319.49074 1.4384034 -0.39470172
184 167.80127 300.75731 0.62602192 0.2457645 0.095110631 25 0 471.43817 2.0034401 -0.75444089
185 82.184135 306.95314 0.73288712 0.3101095 -0.051004205 25 0 1554.1019 6.3128087 -2.0005566
186 429.98961 306.71531 0.6997358 0.24091569 0.032057209 25 0 421.42979 1.6197086 -0.52359222
187 457.66941 312.18971 0.61850171 0.49462953 -0.25115764 25 0 962.96733 4.3800539 -1.6036986
188 225.69776 312.29111 0.68578796 0.84944229 0.094077289 25 0 767.78733 3.1153735 -1.2337753
189 144.87398 317.27481 0.65147481 0.26257048 0.023330768 25 0 3564.7936 15.439111 -2.9715557
190 5.2126719 319.06765 0.7733037 0.14183717 0.022886311 25 0 1060.1227 4.0331704 -1.5141164
191 20.888572 318.99709 0.71424479 0.27371285 0.032215508 25 0 2682.6685 11.312794 -2.6339247
192 66.89228 321.25277 0.75419247 0.34982467 0.23036854 25 0 432.97901 1.6153205 -0.52064674
193 462.11562 326.14748 0.70996133 0.56091914 0.044100408 25 0 349.86637 1.5520591 -0.47727067
194 194.57627 326.68055 0.67068739 0.4190275 -0.12774467 25 0 335.87949 1.3784066 -0.34844338
195 337.2724 328.85613 0.67451009 0.43009483 0.080039601 25 0 642.59941 2.7342759 -1.0921058
196 500.07294 330.50212 0.59466764 0.28228894 0.62427017 25 0 241.81208 1.0965641 -0.10008503
197 270.21993 331.71654 0.5312458 0.20316723 0.15946003 25 0 269.36977 1.4789773 -0.42490377
198 27.464596 336.19721 0.68417741 0.49119424 -0.091516475 25 0 4947.2946 20.387953 -3.2734341
199 294.576 336.31768 0.59931566 -0.026140334 -0.18757862 25 0 485.33393 2.18134 -0.84680843
200 387.25673 336.48581 0.70497695 0.75077198 0.08548559 25 0 484.97328 1.8257135 -0.65358155
201 37.601172 337.21739 0.62911269 0.077491517 -0.052606552 25 0 12269.01 54.438048 -4.3397564
202 83.981937 338.33357 0.65098304 0.13477088 0.14945628 25 0 1014.9684 4.200019 -1.5581281
203 270.87319 337.81494 0.69854419 0.42519245 -0.010988833 25 0 966.32803 3.9652021 -1.4956633
204 495.91235 343.88321 0.66746195 0.48560722 0.50732943 25 0 986.37947 3.8316718 -1.4584708
205 266.87406 347.72129 0.435154 -0.12814178 0.082822062 25 0 304.52376 1.7100665 -0.58253252
206 367.73677 350.14754 0.6505515 0.3043527 -0.057227784 25 0 797.78018 3.4547322 -1.346036
207 24.926844 353.35032 0.56835265 -0.36364227 0.25097996 25 0 209.7002 1.0430867 -0.045801043
208 246.99334 353.85897 0.68063617 0.29278281 -0.01295387 25 0 5829.1877 24.958888 -3.4930631
209 388.93674 355.07762 0.71343436 0.093846264 0.0060864104 25 0 1268.6427 5.2107077 -1.7922418
210 28.936428 356.22554 0.72459796 -0.21211953 0.10486062 25 0 1023.7718 4.1089104 -1.5343167
211 500.38223 355.85111 0.66081161 -0.46330535 -0.29576872 25 0 326.54552 1.4548875 -0.40707351
212 19.321501 356.58114 0.65498195 0.10706342 0.0019040762 25 0 433.29523 1.7415753 -0.60235566
213 53.97256 356.15738 0.78534962 -0.056207971 0.83061683 25 0 354.14895 1.1401609 -0.14241539
214 1.6361655 358.18179 0.63792349 -0.082839575 -0.058701977 25 0 867.79879 3.8627831 -1.4672508
215 305.88461 357.7567 0.65572184 0.42679019 0.0080288233 25 0 26441.073 114.26367 -5.1447705
216 29.103164 360.09616 0.78762066 0.11442459 0.079105506 25 0 1543.8072 5.8368883 -1.9154534
217 164.12319 359.8208 0.55468439 0.25090971 -0.23834352 25 0 265.87584 1.1655991 -0.16637302
218 450.59558 360.12724 0.79305588 0.20739455 -0.18750858 25 0 267.99596 1.0095745 -0.010345925
219 30.223869 363.34519 0.59560192 -0.3477322 0.3836621 25 0 550.9543 2.367157 -0.93556766
220 366.22495 364.26585 0.51409999 0.41285615 0.26549896 25 0 188.14107 1.0090161 -0.0097451892
221 421.68186 364.7503 0.6452086 0.44882968 -0.040906312 25 0 1947.8723 8.5205607 -2.3261704
222 487.03199 365.20878 0.65029553 -0.019720225 -0.30423746 25 0 282.76049 1.1776816 -0.17756972
223 233.27087 366.83822 0.6571181 0.14997812 -0.063901102 25 0 1690.5371 7.4182046 -2.175747
224 285.27083 367.9893 0.65476163 0.18314661 -0.050895176 25 0 2912.4898 12.724134 -2.7615706
225 434.84585 369.08925 0.65244316 0.084526493 0.01618382 25 0 1193.854 5.2726599 -1.8050744
226 102.87945 369.58403 0.66296189 0.53541273 0.14021894 25 0 5055.4718 21.75788 -3.3440415
227 146.22823 370.31501 0.75899219 0.44980484 0.05554891 25 0 548.34618 2.0151113 -0.7607476
228 506.59994 371.02993 0.66908689 0.11510899 -0.083491827 25 0 9524.1697 40.901122 -4.0293381
229 29.910318 372.48664 0.61316166 0.86063957 0.28425706 25 0 422.53636 1.7332235 -0.59713639
230 10.14196 376.36758 0.73100859 0.61945354 0.013670823 25 0 771.95001 3.0870694 -1.223866
231 483.128 378.79636 0.52001688 0.14207588 -0.50461016 25 0 233.12144 1.139077 -0.14138271
232 453.39269 380.6062 0.64788866 0.69241627 -0.053143059 25 0 314.39385 1.3213863 -0.3025745
233 373.14364 382.23848 0.68898194 0.32371041 0.029630009 25 0 3778.7814 15.891041 -3.0028808
234 33.090396 383.22777 0.57401981 -0.14243321 0.34643503 25 0 277.54305 1.2651025 -0.25531431
235 82.074946 383.7533 0.69902298 0.27101393 0.061134253 25 0 4064.3499 17.130328 -3.0844142
236 127.70888 385.35767 0.63888323 0.0021251398 0.05583434 25 0 628.49938 2.7619954 -1.1030574
237 234.47325 386.7731 0.67933701 0.23140512 -0.22358281 25 0 615.7508 2.5695207 -1.0246303
238 276.29969 387.65906 0.73485737 0.40920855 0.34641902 25 0 306.93623 1.3347839 -0.31352738
239 491.31952 387.46689 0.70442857 -0.41776763 0.29350807 25 0 712.55133 2.9182914 -1.1628216
240 107.55272 388.4968 0.5942818 0.42964947 0.17999536 25 0 277.99054 1.23063 -0.22531875
241 12.203953 389.60841 0.68411774 0.25352303 0.10760963 25 0 1068.2093 4.5062459 -1.6345372
242 151.84627 389.59515 0.65491799 0.54919103 0.12322884 25 0 1511.4822 6.4800105 -2.0289393
243 491.96356 391.03429 0.72147725 0.099871713 0.1106949 25 0 2567.9655 10.599883 -2.5632527
244 462.58219 391.43558 0.62895476 0.7168943 0.08583734 25 0 2224.3403 9.5517977 -2.4502128
245 67.493582 394.77321 0.54646875 -0.18078658 -0.11706875 25 0 498.91367 2.2579823 -0.88430133
246 395.7618 397.69421 0.42548862 -0.28075469 0.070051085 25 0 165.20753 1.0197467 -0.021230782
247 253.88381 399.45016 0.6253473 0.52293522 0.15553822 25 0 7103.0488 30.853229 -3.7232516
248 384.32688 401.3038 0.69480449 0.33995003 -0.15496984 25 0 804.70282 3.3013975 -1.2967445
249 180.28049 402.09503 0.56628315 0.049451369 -0.3428683 25 0 234.81005 1.0400336 -0.042618403
250 419.75826 406.34908 0.61551437 0.11553295 0.15194406 25 0 573.12457 2.5111492 -0.99968128
251 282.97413 406.92528 0.76327035 0.6153475 0.057857094 25 0 728.81893 2.7209547 -1.0868033
252 28.968435 408.99202 0.52572416 0.27376482 -0.62263465 25 0 202.6591 1.0743629 -0.077877463
253 298.38452 410.15612 0.7422107 0.39031328 0.077504187 25 0 401.12261 1.6095244 -0.51674388
254 10.529567 410.8957 0.68921745 0.021102817 -0.28106024 25 0 974.51975 4.0345369 -1.5144842
255 280.32699 410.53365 0.562009 -0.014474037 -0.00086967104 25 0 1655.8337 7.585355 -2.1999398
256 501.8971 410.58 0.65594318 0.84422557 0.40583107 25 0 475.30342 1.9113694 -0.70336154
257 48.809993 415.17642 0.61522069 0.54738768 0.39601964 25 0 275.5707 1.1636781 -0.16458216
258 112.25079 416.06303 0.69170468 0.47196453 0.058422911 25 0 989.0841 4.1382156 -1.5420328
259 136.40869 417.45139 0.58877659 -0.23420037 0.072261218 25 0 1864.0149 8.2321347 -2.2887812
260 18.120238 422.32767 0.53382648 0.34466408 0.40307265 25 0 205.17034 1.0528766 -0.055943721
261 312.06278 427.58341 0.554292 0.46707431 0.23676504 25 0 353.86699 1.6919079 -0.57094179
262 193.04628 428.97101 0.63036453 0.87441645 0.24229851 25 0 315.80767 1.3963691 -0.36250055
263 222.02758 434.53151 0.5413215 0.12534182 0.2356539 25 0 370.45235 1.8529614 -0.66966592
264 187.19318 435.46034 0.6009606 0.15126555 0.17078396 25 0 2035.3946 9.122958 -2.4003392
265 409.24558 436.04767 0.71448227 0.41101688 0.048927113 25 0 443.78275 1.7948887 -0.63509381
266 160.6045 436.38871 0.59481257 0.78586288 0.19592016 25 0 876.53205 3.6519267 -1.4063051
267 201.76669 436.96902 0.81879685 0.22518646 0.12457133 25 0 350.2381 1.3148447 -0.29718619
268 189.18462 437.95004 0.6694815 0.57184482 -0.23169465 25 0 376.57419 1.532936 -0.46381003
269 260.52095 438.80135 0.5792689 0.024689316 -0.10613006 25 0 1030.4483 4.8521947 -1.7148456
270 372.94497 440.55668 0.64705129 0.33678899 0.16309648 25 0 3334.061 14.497095 -2.9032025
271 273.55575 443.28597 0.65506998 0.022231605 -0.16460274 25 0 1111.3662 4.5413159 -1.6429543
272 42.480998 444.07221 0.50736443 0.8288257 0.040657215 25 0 250.08083 1.269739 -0.25928617
273 119.57436 445.3371 0.64805291 0.62247057 -0.12674101 25 0 12951.289 54.604437 -4.3430698
274 504.67295 445.66772 0.4486984 0.21995432 0.22401143 25 0 297.28989 1.5972721 -0.50844727
275 92.461242 450.99234 0.53435108 0.15558454 -0.64279718 25 0 211.24111 1.1512296 -0.15290489
276 491.42336 451.80912 0.69260784 -0.0040193151 -0.059147179 25 0 415.44265 1.7737437 -0.62222716
277 239.9221 452.98213 0.37348148 0.18569478 -0.29744381 25 0 204.79446 1.2751218 -0.26387917
278 302.0246 452.99145 0.34495707 0.34816805 0.13163621 25 0 187.52193 1.2413061 -0.23469723
279 505.44992 455.03517 0.65047626 -0.027416881 -0.23552029 25 0 2141.3428 9.1290642 -2.4010657
280 407.78638 457.47525 0.41955934 -0.055267066 0.076622404 25 0 242.61318 1.2646054 -0.25488757
281 283.25725 458.82271 0.48093568 0.42544441 0.48409897 25 0 200.81061 1.063394 -0.066735482
282 339.55443 458.66103 0.52884444 0.053870362 -0.17595543 25 0 622.26666 3.1891952 -1.2592028
283 463.59844 460.0081 0.71882187 0.47256631 0.021780663 25 0 473.40693 1.8585675 -0.67294585
284 508.33506 461.04001 0.66146352 -0.35144835 -0.22393211 25 0 266.91092 1.1438513 -0.14592389
285 390.40548 463.76575 0.59589557 0.22189029 -0.22674186 25 0 1186.5917 5.2849483 -1.8076019
286 84.575188 464.99894 0.67388419 0.14011202 -0.15006407 25 0 6101.8805 26.08314 -3.5408997
287 177.5246 466.07553 0.62963812 0.23356528 -0.12056064 25 0 1161.1263 5.2855746 -1.8077305
288 354.17547 466.4688 0.60845579 0.18825222 -0.23358039 25 0 280.32646 1.2074334 -0.20465794
289 456.1165 467.25579 0.41175047 0.36858196 0.0042022745 25 0 61107.245 333.51033 -6.3077732
290 319.5555 468.01162 0.87319422 -0.056159357 -0.14045644 25 0 414.47274 1.3685569 -0.34065712
291 73.775216 470.11811 0.58220711 0.43883496 0.20053974 25 0 316.29567 1.5097322 -0.4472498
292 433.45397 469.4725 0.32666417 -0.32632645 -0.075455014 25 0 230.90447 1.4409755 -0.39664146
293 239.36409 474.03158 0.68121739 0.1859036 -0.12431544 25 0 5384.24 22.844586 -3.3969582
294 457.3033 475.00386 0.56338856 0.18576648 -0.041348464 25 0 483.93163 2.0915366 -0.80116365
295 371.03502 475.40924 0.62774547 -0.0045318277 0.10197071 25 0 584.31792 2.5063804 -0.99761745
296 273.62583 477.18396 0.6704202 -0.033188776 0.20899275 25 0 296.73949 1.3068078 -0.29052931
297 289.47671 477.27467 0.67156997 0.5313341 -0.077178658 25 0 3045.6722 12.602128 -2.7511097
298 142.65907 478.07251 0.70342198 0.33388416 -0.10937411 25 0 432.82363 1.6180053 -0.52244987
299 261.85836 477.8477 0.4745399 0.44076022 -0.16622354 25 0 193.61752 1.1293057 -0.13202878
300 167.39225 483.49241 0.56439886 0.69659523 -0.0052894558 25 0 758.71479 3.521995 -1.3669718
301 366.71156 482.44576 0.47859891 0.60608499 -0.13709925 25 0 398.70549 1.8932706 -0.69303175
302 244.87953 487.75275 0.62067178 0.45317528 -0.23661995 25 0 276.46564 1.1924693 -0.191118
303 92.38763 488.84058 0.64619622 0.11919111 -0.10004307 25 0 1160.2957 5.0488133 -1.7579733
304 268.49836 498.30916 0.6271221 -0.2606354 -0.17391502 25 0 404.1068 1.7873398 -0.63051781
305 420.42555 498.15705 0.36123515 -0.22211173 -0.74241114 25 0 159.22188 1.0572959 -0.060491416
306 178.27031 502.74878 0.284576 -0.17234384 -0.23123353 25 0 197.79347 1.134099 -0.13662743
307 95.654767 503.66314 0.6780804 0.29571252 -0.42050304 25 0 367.6483 1.5523809 -0.47749571
308 144.36151 505.52449 0.7840085 0.1145813 0.13908973 25 0 623.94246 2.2047035 -0.85837547
309 189.68337 505.63195 0.72506363 -0.026473831 -0.15403708 25 0 517.85267 2.10558 -0.80842934
310 308.1167 507.88955 0.59747371 0.17195909 -0.64369551 25 0 268.92299 1.2002491 -0.19817845
311 145.3841 509.12619 0.52505215 0.45029257 -0.03358923 25 0 673.24934 3.2794016 -1.2894865
