id xcentroid ycentroid sharpness roundness1 roundness2 npix sky peak flux mag
1 354.4923 2.4197111 0.69732682 0.77710732 -0.078601459 25 0 299.24732 1.1642149 -0.16508286
2 326.95357 5.1096452 0.59315222 0.0033250103 -0.048161846 25 0 699.85506 3.2078356 -1.2655303
3 336.13164 7.6037025 0.46107137 0.55449283 0.36508392 25 0 274.01788 1.4689221 -0.41749692
4 458.51272 8.1551153 0.47792146 -0.011465389 -0.030885366 25 0 453.92257 2.3418654 -0.92390482
5 138.80549 12.576242 0.60861386 0.29573839 0.096547166 25 0 444.27282 1.9564616 -0.72867829
6 364.47631 13.575875 0.52293952 0.24441197 0.090527333 25 0 624.39768 2.9097307 -1.159632
7 54.0197 14.60731 0.62782664 0.23526139 0.14172337 25 0 13666.777 59.49917 -4.4362773
8 1.5113969 16.211624 0.5993914 0.24909112 -0.091611499 25 0 4880.3644 21.698788 -3.3410887
9 437.881 16.630111 0.62692203 0.23353708 0.036850316 25 0 718.59481 3.1514009 -1.2462591
10 497.06033 16.429106 0.56292204 0.44547246 0.219753 25 0 21829 96.938445 -4.9662401
11 455.22472 18.09118 0.67089291 0.31806072 -0.29083293 25 0 308.49351 1.357754 -0.33205273
12 363.53418 22.466368 0.30466316 0.46902712 -0.10211073 25 0 154.22089 1.0247091 -0.02650151
13 242.38458 31.965652 0.56199311 -0.53441173 -0.073768122 25 0 325.4686 1.568478 -0.48869611
14 383.63886 35.155802 0.4727203 0.18553428 -0.13517106 25 0 471.04282 2.4090858 -0.95463067
15 454.7866 34.643589 0.6758025 0.18863567 -0.093249376 25 0 263.05791 1.1412806 -0.14348107
16 483.45567 34.991828 0.58344567 0.56041529 0.07479793 25 0 378.32756 1.8907372 -0.69157794
17 156.25397 38.036342 0.54086663 0.33983775 -0.16419339 25 0 385.84547 1.9703774 -0.73637355
18 143.15334 42.008971 0.58612732 0.36779969 0.032445522 25 0 524.16504 2.3186524 -0.91308914
19 216.11016 43.165844 0.62173233 0.36151906 -0.061465451 25 0 1104.066 4.8003524 -1.7031828
20 235.53257 44.039785 0.61884326 0.086411464 -0.11548238 25 0 2057.4369 8.6169458 -2.3383834
21 448.38959 43.715727 0.53999599 0.48569309 0.14139502 25 0 210.19197 1.1094296 -0.11274933
22 376.16687 45.040423 0.57623998 0.34404331 -0.057891658 25 0 461.77377 2.0820429 -0.79622417
23 95.820598 46.494163 0.7541453 -0.067554357 -0.011179873 25 0 543.29338 2.0646532 -0.78711777
24 279.4183 46.434468 0.53045979 0.78592414 -0.023184652 25 0 251.73576 1.325646 -0.30606893
25 354.09427 46.030122 0.25574081 0.45473553 0.03354209 25 0 58855.928 340.86456 -6.3314546
26 140.84699 48.34248 0.59205439 0.22302349 0.058926446 25 0 4488.6748 19.616138 -3.2315337
27 183.94911 48.943819 0.4417883 0.92155047 -0.46442416 25 0 270.24754 1.2862384 -0.27330369
28 429.71931 49.484541 0.48841896 0.063722423 0.06780507 25 0 771.8494 3.6247582 -1.3981976
29 263.0818 53.791284 0.47981969 -0.062460451 -0.28159961 25 0 258.85114 1.2892869 -0.27587389
30 276.42019 55.220464 0.71409504 0.68281102 0.028153412 25 0 294.02327 1.1506142 -0.15232432
31 500.23787 55.37927 0.61509944 0.65376059 0.061533438 25 0 763.56375 3.3388475 -1.3089914
32 82.272086 55.732899 0.46563614 0.31445785 -0.0716705 25 0 251.69674 1.4509412 -0.4041245
33 323.87715 56.344974 0.5665905 0.62984547 0.25783631 25 0 1250.1383 5.4877669 -1.8484891
34 171.72017 61.359829 0.61109255 0.34385571 0.054987684 25 0 280.58336 1.2049355 -0.20240954
35 472.90943 63.01255 0.60669363 0.39627686 -0.060972718 25 0 1497.0551 6.4872385 -2.0301497
36 27.078086 67.223672 0.68192054 0.26817648 0.26851583 25 0 507.33744 2.144601 -0.82836628
37 378.62007 67.129807 0.58176973 0.18600236 0.19023335 25 0 256.70031 1.1612533 -0.16231738
38 84.124675 69.106537 0.42858185 -0.021123641 0.031213851 25 0 350.89312 1.9080253 -0.70146033
39 198.97962 69.237221 0.55541633 -0.021995104 -0.12024087 25 0 267.07616 1.103441 -0.10687283
40 60.987446 69.335505 0.47888865 0.29372553 0.24443622 25 0 512.01482 2.5963299 -1.0358997
41 462.5216 69.872942 0.54051955 0.10447026 -0.083457288 25 0 1279.2053 5.8129031 -1.9109827
42 501.06727 70.681034 0.53102273 0.65909453 0.34296191 25 0 382.59351 1.8385915 -0.6612131
43 27.431407 71.200664 0.49990671 -0.45123685 -0.16811619 25 0 344.6644 1.762028 -0.61503203
44 141.84597 71.128325 0.58388264 -0.20556491 -0.37927275 25 0 357.90666 1.5832218 -0.49885441
45 447.69819 71.536434 0.58319935 0.48865985 -0.13053523 25 0 466.53048 1.9867396 -0.74535237
46 85.293023 74.254709 0.63647806 0.45380794 0.047922024 25 0 1497.7725 6.3153073 -2.0009862
47 155.03767 76.871479 0.59128781 0.38991574 0.0082223276 25 0 251.07548 1.2774152 -0.26583024
48 498.26515 78.351484 0.58675621 0.83722691 0.094982622 25 0 921.16345 3.9419142 -1.4892679
49 380.17482 82.521164 0.52396552 0.26472782 0.13900215 25 0 2659.1428 12.322368 -2.7267355
50 0.74384 85.335851 0.55645483 0.84885151 0.35901919 25 0 581.92214 2.7232501 -1.0877188
51 149.33006 86.012408 0.66820733 0.21901995 -0.23788755 25 0 470.49314 2.0716251 -0.7907779
52 464.52979 87.521915 0.50946393 0.93211589 0.16298208 25 0 213.53428 1.0581193 -0.061336637
53 121.71335 89.658405 0.66189852 0.74898834 -0.11431675 25 0 606.06471 2.4770066 -0.98481792
54 174.13543 89.529395 0.70433873 0.5249198 0.082211936 25 0 354.41956 1.3644315 -0.33737934
55 262.86255 92.738583 0.29877885 0.72518147 0.18060317 25 0 147.0656 1.1149756 -0.11816342
56 184.64344 96.356422 0.59876934 0.34743388 -0.25598959 25 0 429.45734 1.9089669 -0.70199599
57 313.25793 96.926999 0.56725697 0.13326793 0.0050119923 25 0 1086.4605 4.8439502 -1.7129992
58 317.22415 98.729781 0.54906171 -0.048334953 -0.083300991 25 0 1232.8198 5.6554409 -1.8811662
59 215.54423 99.846374 0.55390018 0.14985595 -0.1278359 25 0 1360.5058 6.0152248 -1.9481297
60 396.27074 101.87238 0.43930217 0.25734878 0.01159309 25 0 130.59301 1.0321689 -0.034376973
61 481.27025 103.27154 0.68344458 0.70332222 0.0034886721 25 0 396.52497 1.6816101 -0.56431328
62 83.203817 104.12139 0.63472819 0.2201 -0.0079681168 25 0 3485.1521 14.652816 -2.9148028
63 145.11159 103.66291 0.66171285 0.13860703 0.28941826 25 0 413.88101 1.6997521 -0.57596395
64 91.361444 105.39707 0.46469307 0.32481884 0.21570457 25 0 236.67122 1.3266588 -0.30689807
65 326.31507 105.39179 0.45062802 0.50388018 -0.00977774 25 0 230.18367 1.3221484 -0.30320054
66 282.93999 107.30357 0.70993993 -0.38363124 -0.5378982 25 0 215.89507 1.0035955 -0.0038967587
67 361.78729 115.01804 0.59962821 0.068333033 -0.095297576 25 0 564.6409 2.7012419 -1.0789087
68 248.48402 117.13784 0.58119888 0.028146154 -0.10751186 25 0 13720.537 59.033341 -4.4277434
69 265.95263 117.18979 0.6250674 0.74012638 0.15925972 25 0 936.37741 3.7825011 -1.4444476
70 332.59914 118.15646 0.55013514 0.0154418 -0.19219219 25 0 886.32922 3.8781395 -1.4715586
71 276.05112 118.46459 0.47934106 0.31198095 0.20140246 25 0 1324.1187 6.2395497 -1.9878831
72 228.0323 120.27682 0.55938666 0.73444772 -0.050503855 25 0 426.29298 1.7281275 -0.59393944
73 477.99728 119.82239 0.63856401 -0.10589155 -0.098712124 25 0 408.5873 1.7484227 -0.60661608
74 127.50001 120.80405 0.52600232 -0.12505301 -0.097250404 25 0 363.07656 1.6052043 -0.51382579
75 80.320483 122.16934 0.54082717 0.36465583 0.093415632 25 0 437.83749 1.9813971 -0.74242883
76 181.19363 121.5972 0.54958024 0.088606162 -0.47768167 25 0 333.77636 1.3824536 -0.35162638
77 179.89423 123.77204 0.55399358 0.19049909 -0.034202198 25 0 1745.9783 8.1403263 -2.2766045
78 508.01252 123.92935 0.66622947 0.69556434 0.10203192 25 0 410.31081 1.7400388 -0.60139733
79 12.79 125.62408 0.70973436 0.67638372 -0.12930274 25 0 435.20118 1.7362783 -0.59904833
80 203.77693 129.31674 0.54978687 0.070418693 0.049084544 25 0 1451.9756 6.6006009 -2.0489587
81 35.220589 130.90166 0.62818162 0.25532628 0.044222763 25 0 1182.9858 5.0962426 -1.7681252
82 7.4630147 131.35183 0.58733539 0.34276014 0.3471932 25 0 264.66131 1.1200917 -0.12313396
83 423.78864 140.51301 0.57832857 0.16981982 0.13579198 25 0 9679.7548 40.899907 -4.0293058
84 326.63117 146.1785 0.57834164 0.13570356 -0.019067214 25 0 2366.086 10.161294 -2.5173725
85 42.551813 147.21717 0.62726174 0.43145044 -0.11334977 25 0 634.25138 2.6329566 -1.0511092
86 25.632113 151.27642 0.62717991 -0.06673155 -0.16396402 25 0 548.63664 2.2586373 -0.88461624
87 510.93939 152.15715 0.93615482 0.38362952 0.53340761 25 0 3069.0445 10.800445 -2.5836041
88 125.28117 160.50338 0.48789091 0.76828616 0.16832138 25 0 369.91407 1.8768996 -0.68360261
89 413.73453 162.02113 0.5736887 0.26191079 -0.033761953 25 0 44493.252 197.26835 -5.7376435
90 453.01355 165.38022 0.61153404 -0.15739026 -0.1334425 25 0 503.13744 2.2227956 -0.8672488
91 234.13449 165.96255 0.59438126 0.55606628 0.29463337 25 0 462.71078 2.0976039 -0.8043087
92 181.2059 169.47784 0.57029079 0.50997385 0.11865042 25 0 410.13207 1.6526816 -0.54547299
93 61.029019 173.43525 0.50944644 0.65317215 0.16942599 25 0 264.94306 1.2774397 -0.26585106
94 374.04021 174.27379 0.53758215 0.42331886 0.16543747 25 0 429.88472 2.0978409 -0.80443139
95 506.14979 173.67582 0.58635644 0.23876964 0.1009091 25 0 5681.9016 25.04277 -3.4967059
96 191.98211 175.21619 0.62972346 0.32395724 -0.058343507 25 0 878.33781 3.6472424 -1.4049116
97 253.86202 174.50816 0.54477551 0.53663278 0.17369409 25 0 1446.5214 6.4698926 -2.0272427
98 29.650635 177.23037 0.3610029 0.15894558 0.28536871 25 0 152.96008 1.1359788 -0.13842558
99 441.41077 176.35382 0.38718422 -0.29709033 0.13102403 25 0 230.57304 1.4067417 -0.37053587
100 180.57348 177.92304 0.55117117 -0.063397956 -0.1871861 25 0 1228.6075 5.369314 -1.824797
101 449.01267 183.05806 0.59540937 0.15877186 0.0019650824 25 0 2562.3932 11.368566 -2.6392642
102 44.585447 183.9863 0.67936361 0.25779051 -0.18774307 25 0 716.05607 2.7856379 -1.1123117
103 142.75497 183.96478 0.59231293 0.3769136 0.05950638 25 0 1553.5388 6.6995216 -2.0651095
104 438.82935 185.26204 0.57873254 0.08692659 0.049741401 25 0 539.91118 2.4953332 -0.99282138
105 510.64434 184.80428 0.69749058 0.35178982 0.23709984 25 0 686.01464 2.8401772 -1.1333636
106 254.61035 186.74598 0.56560992 0.66654885 -0.067974925 25 0 858.17891 3.8408449 -1.4610669
107 449.54292 188.03253 0.59020858 -0.11667069 -0.23406652 25 0 815.2868 3.6481055 -1.4051685
108 217.086 189.49902 0.60896966 0.37311557 0.30592423 25 0 640.8567 2.7264806 -1.089006
109 99.368433 190.52337 0.60098972 0.74238927 0.096527259 25 0 31600.945 133.84282 -5.3164877
110 149.15397 191.86607 0.59075515 0.27812609 -0.13485381 25 0 379.06003 1.6298348 -0.53035899
111 280.63716 195.55018 0.52134743 0.50209208 0.42101475 25 0 243.29021 1.0926987 -0.096251044
112 448.6721 195.88682 0.46437543 0.21021223 -0.15289526 25 0 240.02224 1.3079714 -0.2914956
113 482.84026 199.8153 0.55321037 0.17231042 0.0040745921 25 0 487.46833 2.2138097 -0.86285073
114 195.94606 202.31661 0.66226041 0.13875017 0.14131107 25 0 515.93052 2.0282807 -0.76782012
115 376.85352 201.85003 0.4287899 0.40016874 -0.011323787 25 0 236.16832 1.3747193 -0.3455351
116 409.88281 201.46732 0.72729151 0.74991486 0.16044277 25 0 308.80746 1.2558972 -0.2473852
117 226.42322 203.72141 0.45182035 0.72754498 0.44422564 25 0 229.23478 1.0704426 -0.073908418
118 434.01397 204.3868 0.56074811 0.07521109 -0.45387458 25 0 258.31054 1.4443212 -0.39915947
119 94.337482 204.66675 0.52910893 0.21808623 -0.018608625 25 0 436.72648 2.0488401 -0.77877014
120 497.37423 205.85287 0.6308206 0.36798024 0.051981138 25 0 583.57809 2.4368982 -0.96709345
121 40.259058 213.91008 0.51433342 0.72719516 0.31918554 25 0 298.85533 1.3510221 -0.32665616
122 42.104567 215.27296 0.54009075 -0.084814063 -0.16540044 25 0 337.56316 1.6122146 -0.51855714
123 453.42582 215.80603 0.5074975 0.013309067 0.020568681 25 0 838.60761 4.0718583 -1.5244816
124 15.744542 217.16193 0.67004452 0.15289993 -0.0092535682 25 0 1829.6989 7.6728488 -2.2123916
125 354.08841 218.04079 0.62350452 0.34362514 0.0019581658 25 0 1406.9891 6.0426139 -1.9530621
126 284.44664 220.33202 0.60169605 0.34616895 -0.020588364 25 0 584.15858 2.4051434 -0.95285242
127 178.51965 221.73745 0.61949957 0.45265097 0.0022415302 25 0 858.18556 3.5078961 -1.3626168
128 507.40159 224.57073 0.53210032 -0.069615519 0.06058249 25 0 3576.2132 16.106223 -3.0174842
129 267.75484 227.0089 0.55748308 0.24136611 0.0054169964 25 0 2376.6516 10.804927 -2.5840546
130 13.454002 229.21357 0.69799092 -0.38489868 -0.061203868 25 0 258.05166 1.0042878 -0.004645497
131 379.91461 229.00934 0.57289197 0.26603994 0.023578654 25 0 3873.5177 17.205956 -3.089197
132 450.13628 229.69796 0.55119316 0.21132589 0.069676976 25 0 11620.118 52.741849 -4.3053884
133 354.9457 231.30224 0.57723554 0.51909858 0.06700758 25 0 902.23071 4.0212056 -1.5108907
134 180.14961 234.74436 0.52989821 0.0019215354 0.16028177 25 0 216.4107 1.0598249 -0.06308531
135 208.46173 237.66617 0.51277399 0.27823987 -0.038069654 25 0 563.71987 2.7003022 -1.0785309
136 268.51245 238.54637 0.34754915 -0.12543207 -0.055562271 25 0 438.01086 2.4705832 -0.98199869
137 459.3852 241.25439 0.55284335 0.56494383 -0.011960277 25 0 1522.5002 6.808757 -2.0826696
138 58.802504 242.14027 0.6429072 0.15698746 0.032222607 25 0 378.92104 1.5666862 -0.48745502
139 231.97409 255.32992 0.58358034 0.29733811 0.060176556 25 0 4251.3755 18.675756 -3.1781955
140 456.32914 254.6771 0.52780396 0.066357413 0.0017704091 25 0 5716.7971 25.998678 -3.5373782
141 4.2139002 256.24663 0.6980552 0.51166849 0.093283551 25 0 1027.0127 4.230581 -1.566
142 294.12341 257.62367 0.68969685 0.27795001 0.24392065 25 0 416.47468 1.7525099 -0.60915118
143 359.65568 263.93666 0.65813838 0.32338714 -0.23011451 25 0 346.89963 1.3655037 -0.33823217
144 132.7385 265.68224 0.54163503 0.64924579 0.066396674 25 0 269.5504 1.2055717 -0.2029826
145 114.92273 268.53804 0.92111869 0.30182184 0.35000714 25 0 1147.7746 4.2349127 -1.5671112
146 14.7145 276.23011 0.55788043 0.24161075 -0.22201956 25 0 222.89521 1.0625101 -0.065832707
147 61.214989 276.16185 0.62392244 0.27712677 -0.06471893 25 0 1361.7889 5.8972809 -1.9266295
148 117.84651 277.75048 0.48750179 0.51345614 -0.00050174513 25 0 255.28907 1.1895135 -0.18842345
149 243.46116 284.15559 0.85910367 -0.17088359 -0.020729876 25 0 305.42318 1.1267348 -0.12955428
150 75.409052 285.30819 0.64637015 0.51097923 0.073397396 25 0 665.34847 2.4672626 -0.98053845
151 375.85387 287.50308 0.55400565 0.52504345 0.15563878 25 0 4353.0296 19.380302 -3.2184014
152 188.41692 288.94976 0.57295962 0.25187255 0.0064551509 25 0 645.22331 2.8465331 -1.1357906
153 67.028 290.36321 0.63780332 0.51191102 0.090371766 25 0 1161.7739 4.7401102 -1.6894711
154 95.325771 290.0487 0.61264964 0.15165692 -0.072212813 25 0 1020.1625 4.3380312 -1.5932317
155 350.13761 292.55288 0.44274591 0.44464244 0.048884204 25 0 260.54256 1.2686772 -0.25837781
156 481.43765 292.32804 0.54515274 -0.4875292 -0.072773327 25 0 559.67446 2.5346661 -1.0098019
157 19.523141 295.26881 0.51445639 -0.14500437 -0.015542578 25 0 340.69185 1.6136919 -0.51955153
158 98.091965 299.80306 0.29240959 -0.75815949 -0.58399698 25 0 174.53505 1.0744936 -0.078009574
159 164.33679 299.55982 0.46624138 -0.063871701 0.12087065 25 0 365.07455 1.8853819 -0.68849835
160 78.732499 305.73293 0.66188337 0.20355205 0.011929046 25 0 1230.8422 5.0215549 -1.7520955
161 426.87086 305.83899 0.62301862 -0.010853823 -0.23122253 25 0 345.17037 1.3914329 -0.3586557
162 129.9283 307.992 0.57139149 0.72316427 0.026128034 25 0 266.15874 1.238874 -0.23256784
163 222.41738 311.379 0.55648297 0.50440545 -0.10464649 25 0 580.36732 2.3700364 -0.93688753
164 454.22667 311.20745 0.6009195 0.35078347 0.083329644 25 0 879.10002 3.8588984 -1.4661584
165 141.49285 316.14227 0.58943636 0.046569514 -0.13445432 25 0 2824.1048 12.041894 -2.701737
166 1.8955933 318.00797 0.63319554 0.17840369 -0.11902099 25 0 960.23872 4.1852126 -1.5542938
167 17.523845 317.90063 0.63772952 0.36179641 -0.14032107 25 0 1991.4851 8.3209532 -2.3004327
168 63.08626 320.08362 0.54109415 0.069563846 -0.29813091 25 0 342.94819 1.7571382 -0.6120148
169 458.65231 325.31131 0.64935887 0.51455944 0.20426467 25 0 239.14668 1.0367067 -0.039139792
170 191.011 325.69325 0.61951059 -0.018871346 0.014559699 25 0 323.08424 1.3768043 -0.3471805
171 333.99266 327.68179 0.60074308 0.58919183 0.080055618 25 0 492.32658 2.1831058 -0.84768696
172 266.7904 330.42227 0.39377428 0.69857412 0.30926518 25 0 201.72543 1.2637974 -0.25419363
173 24.123087 335.07391 0.65363055 0.34466768 0.010676131 25 0 4724.939 19.849869 -3.2443941
174 291.24449 335.06158 0.67023483 0.45853001 -0.10539246 25 0 477.05725 1.9137633 -0.70472055
175 384.10255 335.63136 0.51418244 0.20613608 -0.15865073 25 0 384.53107 1.8415362 -0.66295064
176 34.349993 336.02088 0.62000226 0.20125058 -0.075837441 25 0 11222.612 48.645554 -4.2176079
177 80.630394 337.22961 0.5979848 -0.22521912 0.025300673 25 0 847.41019 3.5052682 -1.3618031
178 267.42783 336.63667 0.58098054 0.67253556 -0.10410668 25 0 673.38108 2.8598023 -1.14084
179 492.46647 342.85521 0.5404471 0.16225526 0.32714088 25 0 756.99385 3.2161672 -1.2683465
180 263.46446 346.2977 0.55966854 -0.3838744 0.019123437 25 0 286.74694 1.2791692 -0.26732002
181 364.35892 348.94237 0.47200133 0.52018325 -0.15775204 25 0 512.28347 2.4650232 -0.97955255
182 243.55369 352.66173 0.59183453 0.56427213 -0.031361527 25 0 4212.5168 17.858786 -3.1296298
183 50.979431 354.53471 0.5264605 -0.70288178 0.56956086 25 0 289.1881 1.1257438 -0.12859894
184 385.63336 354.07309 0.53634442 0.071278522 -0.10898131 25 0 897.07473 4.27076 -1.5762629
185 25.599597 355.04635 0.60344748 0.14375035 0.1214601 25 0 697.66286 2.9792601 -1.185271
186 15.977308 355.44867 0.54469467 0.49059659 0.38496553 25 0 386.272 1.7300426 -0.59514197
187 50.765858 355.33939 0.45909139 -0.75752479 -0.049495044 25 0 257.84728 1.3170175 -0.29897888
188 302.52975 356.55927 0.57578591 0.63293505 -0.021355829 25 0 19685.432 84.166078 -4.8128427
189 25.850938 358.90244 0.6400329 0.27080393 0.16193761 25 0 1244.0469 5.1541416 -1.7803909
190 26.623717 362.11725 0.62950096 0.24464371 0.6332609 25 0 534.1824 2.1040251 -0.80762731
191 418.43381 363.66207 0.51877939 -0.15116659 -0.068668837 25 0 1452.7114 6.680886 -2.0620852
192 483.64268 364.20437 0.57588984 -0.35082762 -0.21338722 25 0 259.62252 1.2024357 -0.20015461
193 229.83091 365.6079 0.53549 0.35645232 0.0094919765 25 0 1267.1635 5.8321804 -1.9145774
194 281.93694 366.86224 0.57429623 0.11528754 0.0070078649 25 0 2511.3628 11.329998 -2.6355745
195 99.500107 368.48605 0.6081985 0.79734505 0.016636494 25 0 3923.2366 16.343127 -3.0333379
196 431.50314 368.05967 0.54763668 0.26807699 -0.060032595 25 0 915.35722 4.2011042 -1.5584086
197 142.64557 369.11979 0.5066275 0.24595029 0.099200653 25 0 382.5998 1.7040628 -0.57871398
198 503.27867 369.98074 0.60227526 0.11964605 -0.021211202 25 0 8207.9291 36.259749 -3.898562
199 26.635907 371.36612 0.51494803 0.58150855 -0.22748388 25 0 347.11039 1.7018788 -0.5773216
200 6.9801496 375.21773 0.73031745 0.26007634 0.01428745 25 0 759.33202 2.9695845 -1.1817392
201 449.91339 379.84962 0.55997096 -0.20592918 0.34198791 25 0 250.28411 1.1983839 -0.19648988
202 369.8397 381.19895 0.60203298 0.15711044 -0.0063068395 25 0 2983.9925 12.879617 -2.7747574
203 78.671587 382.59309 0.63271933 0.57481269 0.068210061 25 0 3183.7576 13.429628 -2.82016
204 124.59676 384.09595 0.55980022 0.48178784 -0.062272031 25 0 439.56164 1.9281002 -0.71282402
205 231.20978 385.67075 0.48501876 0.045595725 -0.016972802 25 0 504.77291 2.5298269 -1.007727
206 272.85382 386.81447 0.42573138 0.60428861 0.3439592 25 0 224.81291 1.1719011 -0.17222739
207 487.79009 386.59489 0.64363307 -0.75187021 0.20849173 25 0 577.44016 2.3185365 -0.91303485
208 104.5156 387.41921 0.60375701 0.81858872 -0.37381751 25 0 314.33407 1.2742805 -0.26316263
209 148.43668 388.52971 0.60875051 0.68771738 0.0024762538 25 0 1108.1836 4.3845245 -1.6048062
210 8.9094903 388.63654 0.67601049 0.57534721 0.13603319 25 0 932.41199 3.8643162 -1.4676816
211 459.21473 390.50385 0.59818384 0.49898548 0.12444585 25 0 2040.4772 8.7513417 -2.3551866
212 488.52631 390.02325 0.61203662 -0.065055426 -0.058070966 25 0 1834.1405 7.6764149 -2.2128961
213 63.98767 393.6759 0.68140198 0.52595532 0.11963161 25 0 627.51018 2.5608382 -1.0209553
214 250.49031 398.36172 0.5877269 0.59781901 -0.10060668 25 0 6042.0185 25.4507 -3.5142493
215 380.93872 400.35698 0.48449441 0.40784948 -0.15549516 25 0 541.53076 2.4351865 -0.96633055
216 416.61976 405.3341 0.54998105 0.035865249 -0.1983533 25 0 449.61421 1.8955483 -0.69433712
217 279.52025 405.97397 0.61765305 0.4558681 0.092901016 25 0 574.22249 2.2642174 -0.88729531
218 7.2109661 409.72234 0.624513 0.31216352 0.12595584 25 0 851.86895 3.6293102 -1.3995602
219 276.959 409.53551 0.54957283 0.30382989 0.086827748 25 0 1558.1461 6.8334223 -2.0865957
220 498.45421 409.74134 0.61661106 0.15401069 0.067035771 25 0 409.47723 1.8852945 -0.68844801
221 347.00036 413.3636 0.58164665 -0.35522993 -0.50284098 25 0 210.92962 1.0694727 -0.072924306
222 45.351457 413.91557 0.55955095 0.38220877 0.044185215 25 0 266.82929 1.1059699 -0.10935826
223 108.90003 415.03364 0.65325287 0.22703308 0.030034181 25 0 866.97114 3.4289886 -1.3379151
224 132.87521 416.45156 0.59869764 0.11576449 0.10259636 25 0 1893.3144 8.2196917 -2.2871388
225 308.6187 426.47623 0.5523861 0.22704939 0.18112084 25 0 362.01383 1.7448612 -0.60440223
226 189.61107 428.07737 0.47844444 -0.029933593 -0.36482758 25 0 243.11708 1.1322929 -0.13489695
227 183.77198 434.47761 0.56850949 -0.071973412 0.062428235 25 0 1807.1523 7.9624066 -2.2526109
228 218.56486 433.32285 0.29241868 0.0196812 0.24661006 25 0 193.67961 1.0083726 -0.0090525993
229 157.23151 435.44118 0.6302787 0.32945806 0.031256259 25 0 934.4972 3.8519372 -1.464198
230 406.00782 435.21955 0.61135462 -0.014069036 -0.097389098 25 0 294.53326 1.227517 -0.2225688
231 185.61742 436.95701 0.51140633 -0.70475815 -0.349534 25 0 268.54916 1.2359847 -0.23003276
232 257.01163 437.75075 0.54126724 0.20501509 0.095138282 25 0 950.68987 4.6041899 -1.6578831
233 369.66259 439.4916 0.57313018 0.6159716 0.04691553 25 0 2491.7773 10.800534 -2.583613
234 270.08716 442.25575 0.62814444 -0.071342714 0.18829726 25 0 1050.1679 4.2644615 -1.5746605
235 39.262987 442.98275 0.65005228 0.73059423 -0.095502698 25 0 321.0253 1.3524627 -0.32781323
236 116.1189 444.18767 0.63958048 0.3058348 0.0029862973 25 0 13459.88 57.681705 -4.4025952
237 501.40002 444.52683 0.46709433 -0.2597532 0.051196137 25 0 238.36871 1.0356565 -0.038039304
238 88.990413 449.95943 0.59641543 0.2236556 -0.13391966 25 0 242.23849 1.1625467 -0.16352606
239 487.912 450.92881 0.61169126 0.20041427 -0.11385196 25 0 306.41342 1.3348671 -0.31359505
240 236.93816 451.74277 0.51447906 0.11962419 0.34701022 25 0 266.56102 1.15644 -0.15780776
241 502.12988 453.97727 0.66021582 -0.0091959349 -0.056452186 25 0 2131.156 8.7679357 -2.3572434
242 404.37087 456.50548 0.53973783 0.81245759 -0.14936372 25 0 283.26817 1.2971577 -0.28248195
243 336.22787 457.72667 0.55477623 0.34589084 -0.1547857 25 0 599.65933 2.8041087 -1.1194871
244 460.178 458.80197 0.80444666 -0.069964524 -0.11348186 25 0 457.50754 1.555966 -0.48000027
245 387.23079 462.63742 0.55743428 0.01458412 0.0089643612 25 0 1100.2454 4.9528675 -1.7371418
246 81.244514 463.79917 0.61591509 0.14747253 -0.04102539 25 0 5289.0484 23.149463 -3.4113523
247 174.33651 464.93867 0.59836264 0.30762731 -0.055444573 25 0 1056.0443 4.6043169 -1.657913
248 351.018 465.39338 0.31543008 -0.32278708 0.27259555 25 0 199.60238 1.2766315 -0.26516387
249 452.63265 466.31479 0.44363017 -0.038344002 -0.0038444835 25 0 60883.967 295.10687 -6.1749483
250 316.3563 467.07354 0.58667705 -0.2278733 -0.34888548 25 0 312.01221 1.3944635 -0.36101789
251 430.02975 468.9496 0.22568047 0.54004423 0.48608634 25 0 155.49433 1.1079653 -0.11131539
252 70.334297 469.09617 0.54366302 0.45653729 -0.13054435 25 0 255.32392 1.0804567 -0.084018462
253 15.309051 471.63417 0.51308486 0.47770655 0.30191398 25 0 231.75464 1.3534417 -0.32859886
254 235.99129 472.98235 0.6461427 0.26154036 -0.0034962236 25 0 5021.5809 21.573702 -3.3348117
255 454.05844 474.05109 0.52577953 -0.01447693 -0.13827165 25 0 444.38182 2.0621834 -0.7858182
256 367.5969 474.62701 0.55093029 0.21220298 0.046284033 25 0 462.31212 1.9738267 -0.73827253
257 270.1955 476.1523 0.75577925 -0.4146147 0.41126651 25 0 289.57434 1.0826104 -0.086180445
258 286.09662 476.29207 0.62047435 0.3676471 0.0074865442 25 0 2776.0195 11.671549 -2.6678212
259 139.20936 476.89237 0.65610356 0.41615289 -0.038923158 25 0 483.39419 1.8594474 -0.67345972
260 363.40767 481.45467 0.60315329 0.19565139 -0.17059806 25 0 457.12948 2.0377396 -0.77287171
261 163.98308 482.26909 0.61816463 0.37976933 -0.10208153 25 0 761.35078 3.1448107 -1.2439863
262 241.76621 486.84669 0.78096956 -0.12037039 0.1855619 25 0 359.39676 1.378398 -0.34843658
263 88.962625 487.75298 0.69543413 0.1311481 0.0086063656 25 0 1124.9372 4.5732459 -1.6505614
264 265.38079 497.31063 0.62571927 0.23072937 -0.3237033 25 0 358.62907 1.475754 -0.4225349
265 417.86613 496.96661 0.75682299 -0.49197223 -0.3358007 25 0 251.31193 1.0019122 -0.0020741934
266 429.31034 500.05286 0.63047699 0.41735224 0.15077245 25 0 214.70129 1.109021 -0.11234942
267 175.29031 501.19868 0.57564729 -0.19215639 0.032165378 25 0 315.07423 1.388567 -0.35641713
268 92.333279 502.48304 0.48815415 0.089577721 0.22957265 25 0 273.22796 1.2098113 -0.20679411
269 141.01513 504.2995 0.67189724 -0.47062249 -0.1092433 25 0 688.01539 2.684149 -1.0720166
270 186.4557 504.38237 0.39663298 0.29712246 -0.084004074 25 0 285.68514 1.4859406 -0.43000364
271 305.31919 507.00887 0.6818251 0.41249306 -0.0096615125 25 0 281.32029 1.0056202 -0.0060849943
272 356.46071 506.93329 0.59113008 0.20060787 0.066429423 25 0 227.00127 1.0093913 -0.010148847
273 142.0131 507.98103 0.67736565 0.15986093 -0.089114695 25 0 781.62705 3.0892157 -1.2246206
274 188.17344 510.78546 0.78061316 0.026878009 -0.58452878 25 0 453.07248 1.7737572 -0.62223543
