id xcentroid ycentroid sharpness roundness1 roundness2 npix sky peak flux mag
1 4.5481704 -0.1604947 0.76002859 -0.49304763 -0.35588787 25 0 1035 2.3048334 -0.90659886
2 265.82454 15.643026 0.59504537 -0.12359198 -0.062609238 25 0 477 1.2707655 -0.26016353
3 303.51058 24.202331 0.67648908 -0.57097838 -0.37096728 25 0 586 1.2763271 -0.26490496
4 376.82092 27.660399 0.58556789 0.50941116 -0.13780177 25 0 387 1.1051971 -0.10859935
5 435.85354 27.572743 0.615334 -0.072457574 -0.097022674 25 0 18171 37.407024 -3.9323829
6 82.149908 52.187233 0.72164283 -0.26411864 -0.22588942 25 0 453 1.0109288 -0.011801398
7 155.212 53.349011 0.59663885 -0.12634548 -0.10114646 25 0 860 1.8590866 -0.67324906
8 174.61078 54.173044 0.6752756 -0.40565637 -0.2517704 25 0 1911 3.8007079 -1.4496612
9 293.31295 56.551276 0.43544085 0.19284333 -0.13086806 25 0 57820 129.78455 -5.2830575
10 79.788905 58.3274 0.68416831 -0.4667988 -0.14163681 25 0 4066 8.0207431 -2.2605365
11 368.49459 60.211237 0.5535412 -0.66195619 -0.40532915 25 0 600 1.514314 -0.45053985
12 439.09138 66.230465 0.66864649 -0.20397272 -0.062058386 25 0 483 1.2090352 -0.20609734
13 511.28272 66.262347 0.89945475 -0.3427403 -0.049902495 25 0 606 1.2476788 -0.24025697
14 262.7041 66.951065 0.68800062 -0.37470951 -0.34030249 25 0 1256 2.4583981 -0.97663053
15 411.618 73.97384 0.65341498 -0.27427239 -0.25821676 25 0 1095 2.5045645 -0.99683054
16 469.99663 76.340909 0.67748742 -0.14945558 -0.064004733 25 0 2648 5.6477306 -1.8796849
17 401.30567 80.737448 0.64462499 -0.37225589 -0.27624167 25 0 1189 2.6440283 -1.0556653
18 24.458112 84.141127 0.67279175 -0.19289578 -0.32789546 25 0 1237 2.6802789 -1.07045
19 437.14978 89.508709 0.53115146 -0.12483286 0.017516026 25 0 491 1.3416023 -0.31905945
20 319.1602 93.255465 0.65911963 -0.13561363 -0.19574953 25 0 2746 5.5905598 -1.8686382
21 60.383765 99.693179 0.71887942 -0.51781633 -0.26727116 25 0 517 1.0808583 -0.084421946
22 459.34996 100.45807 0.60245809 0.13808463 -0.10264818 25 0 14507 29.954933 -3.6911709
23 252.24384 107.33708 0.66546809 -0.39526291 -0.18521852 25 0 990 1.8886648 -0.69038723
24 256.13663 109.09641 0.6788928 -0.49915065 -0.26839689 25 0 1348 2.6517144 -1.0588169
25 154.4438 110.04178 0.65704608 -0.29736143 -0.4268374 25 0 1354 2.5746579 -1.0267988
26 22.202353 114.05334 0.70230747 -0.34970833 -0.17607862 25 0 3049 6.0582017 -1.9558593
27 477.45351 116.90357 0.68940504 -0.40331897 -0.2275609 25 0 1402 2.9281109 -1.1664688
28 457.59578 120.37002 0.66141279 -0.6269782 -0.13562781 25 0 1429 3.0544415 -1.2123295
29 187.53949 127.31079 0.648533 -0.60327325 -0.24114912 25 0 13290 26.085216 -3.5409861
30 204.85057 127.58036 0.53420138 0.31314667 0.19885926 25 0 766 1.5542342 -0.47879116
31 214.91101 128.85048 0.68352197 -0.39030444 -0.2069229 25 0 1675 3.183293 -1.2571915
32 271.61255 128.50114 0.54753159 0.13277569 -0.061519937 25 0 783 1.6049569 -0.51365843
33 118.75153 134.01359 0.69462084 -0.3525946 -0.29206698 25 0 1907 3.6246325 -1.3981599
34 485.95712 135.88354 0.71293954 -0.13721132 -0.23211763 25 0 1406 2.9502249 -1.1746378
35 142.74683 139.39048 0.49135909 -0.00018464329 0.0057463574 25 0 1083 2.2217739 -0.86674964
36 362.5655 151.18818 0.67076935 -0.5501988 -0.28234333 25 0 9544 18.666386 -3.1776506
37 265.54678 156.6752 0.57340944 0.010358436 -0.21219298 25 0 2068 4.2318 -1.5663128
38 450.76512 163.40726 0.65286205 -0.45060615 -0.082855019 25 0 5777 11.609773 -2.6620593
39 352.45425 172.77264 0.65923491 -0.64187816 -0.29873748 25 0 38450 74.644866 -4.6824999
40 120.04452 179.92005 0.69139457 -0.23544268 -0.21867855 25 0 1076 1.9097496 -0.70244106
41 192.63568 184.88447 0.6521984 -0.14115315 -0.30176612 25 0 1575 2.9726439 -1.1828572
42 444.7831 184.717 0.64093885 -0.030344508 -0.10251481 25 0 5157 10.73721 -2.5772286
43 130.59666 185.42689 0.46360997 0.24826234 -0.20628052 25 0 656 1.3650222 -0.33784927
44 119.30287 188.16749 0.64236378 -0.38631204 -0.25810952 25 0 1400 2.7495543 -1.0981557
45 81.586461 194.07905 0.7266339 -0.17680926 -0.34242489 25 0 1591 2.808369 -1.1211354
46 387.72755 193.85565 0.61951385 -0.24396001 -0.23687072 25 0 2065 4.237199 -1.5676972
47 377.6771 196.06296 0.54308279 -0.17657227 -0.31555268 25 0 446 1.1410154 -0.14322878
48 449.1893 195.9373 0.63853324 -0.72134848 -0.47164651 25 0 567 1.3902784 -0.35775444
49 193.37299 197.08581 0.72716738 -0.14740029 -0.33804994 25 0 1072 1.8022641 -0.63954606
50 388.16544 198.92443 0.68413313 -0.44861539 -0.27268123 25 0 716 1.4757606 -0.42253978
51 38.281453 200.50539 0.60311436 0.080421706 -0.048108647 25 0 27879 57.386826 -4.3970305
52 155.83238 199.68843 0.70186386 -0.12232593 -0.17394726 25 0 722 1.1800687 -0.17976824
53 134.61294 212.71745 0.56290675 -0.12021894 -0.30988719 25 0 570 1.095175 -0.098708764
54 475.3139 214.70628 0.68501235 -0.56108995 -0.21245412 25 0 1093 2.2100601 -0.86101021
55 435.95039 217.04736 0.6655124 -0.22063985 -0.23024841 25 0 456 1.0463851 -0.049228828
56 469.28027 220.79039 0.67289904 -0.43246266 -0.20172425 25 0 2358 4.8490299 -1.7141371
57 392.16055 226.79784 0.68592762 0.012152273 -0.03431518 25 0 913 1.8430929 -0.66386806
58 292.89056 228.77207 0.62832375 -0.17001124 -0.22277178 25 0 1270 2.4870913 -0.98922932
59 117.09467 231.85456 0.7510389 0.17010645 0.068981769 25 0 1029 1.7282122 -0.59399265
60 445.89715 235.66764 0.66050768 -0.25615225 -0.14138157 25 0 3554 7.1836208 -2.1408585
61 206.43658 237.3689 0.60941839 0.03138019 -0.20864837 25 0 2271 4.4508523 -1.6211079
62 318.60107 239.72454 0.58810269 -0.10240049 -0.25553625 25 0 3141 6.5265481 -2.0367089
63 388.78034 240.5186 0.58921395 0.022336548 -0.065807606 25 0 9835 20.352176 -3.2715271
64 293.56852 241.89565 0.68100023 -0.21796081 -0.24831507 25 0 958 1.72911 -0.59455655
65 146.98606 248.0332 0.6621345 -0.076535374 -0.077100346 25 0 692 1.2189584 -0.21497218
66 206.8831 249.08814 0.74669746 -0.32020673 -0.26966884 25 0 926 1.5750379 -0.49322754
67 398.09063 252.0876 0.67017092 -0.19084015 -0.20984044 25 0 1647 3.3380724 -1.3087394
68 170.43616 265.56544 0.54575187 0.20351288 -0.23485027 25 0 3237 6.6038773 -2.0494975
69 394.77856 265.52614 0.58120383 0.050853992 -0.054078302 25 0 4942 10.281716 -2.5301641
70 495.3462 267.16495 0.6438625 -0.28108773 -0.31154174 25 0 1110 2.4837213 -0.98775714
71 0.36894835 285.99528 0.8577385 -0.098797986 0.13482913 25 0 1431 2.46754 -0.98066049
72 14.204343 295.25105 0.61096964 0.17704064 -0.045425063 25 0 618 1.3125095 -0.29525615
73 314.55288 298.11593 0.63512967 -0.19057357 -0.34801481 25 0 4236 8.4068836 -2.3115876
74 127.02759 299.18426 0.65979987 -0.19938242 -0.29004206 25 0 913 1.7127117 -0.58421069
75 5.810321 300.1853 0.73419795 -0.34991748 -0.22458259 25 0 1216 2.2938528 -0.90141387
76 34.053072 300.10041 0.71188057 -0.47772332 -0.14436819 25 0 1040 1.8818353 -0.68645402
77 420.10475 303.31422 0.60229335 -0.45571017 -0.15955789 25 0 507 1.1814521 -0.18104032
78 17.536614 315.59712 0.56472832 -0.050748833 -0.22721253 25 0 822 1.7121792 -0.58387304
79 160.69478 321.58715 0.53907703 0.075675447 -0.085845044 25 0 672 1.2665647 -0.25656843
80 392.65959 322.12738 0.68671029 -0.49082974 -0.40474912 25 0 893 1.7775461 -0.62455217
81 80.07782 326.20788 0.69655501 -0.19560575 -0.18116598 25 0 2987 5.6651918 -1.8830365
82 509.17673 336.50782 0.6702561 -0.49015065 -0.06383966 25 0 1129 2.33495 -0.92069396
83 19.462809 347.11281 0.76700322 -0.51356042 -0.25780109 25 0 776 1.2968755 -0.28224572
84 205.89193 347.00856 0.67084365 -0.31230534 -0.21008011 25 0 872 1.5464234 -0.47332104
85 430.9948 354.0118 0.65343258 0.055911436 0.3207404 25 0 702 1.464464 -0.41419675
86 302.68249 359.65802 0.68174131 -0.37300162 -0.23252762 25 0 595 1.0747683 -0.078287135
87 181.99879 362.99936 0.73761188 -0.25321687 -0.16184277 25 0 5230 9.7281358 -2.4700741
88 324.09928 364.76155 0.74788128 -0.41914735 -0.27329905 25 0 913 1.5520292 -0.47724969
89 240.89663 367.20249 0.67525509 -0.41227706 -0.22585583 25 0 19971 38.840595 -3.9732147
90 356.6951 374.53389 0.64748379 -0.64829223 -0.10302227 25 0 1391 2.696738 -1.0770969
91 168.1461 376.01994 0.67601589 -0.2302159 -0.21551005 25 0 1373 2.515043 -1.0013635
92 220.42267 377.32638 0.63960282 0.014510061 -0.15674929 25 0 2162 4.103436 -1.5328692
93 38.079189 378.38433 0.66754225 -0.019352461 -0.030913012 25 0 3999 7.8525383 -2.2375252
94 369.95321 378.83117 0.75383943 -0.2842001 -0.2234551 25 0 1045 1.9374238 -0.71806159
95 441.65297 381.0376 0.68103034 -0.40154446 -0.2480188 25 0 7183 14.186152 -2.8796615
96 308.25473 391.91247 0.71368464 -0.31656647 -0.18417574 25 0 2979 5.5614657 -1.8629732
97 17.268369 392.47565 0.62487303 -0.46308602 -0.040780741 25 0 2484 5.0190246 -1.7515483
98 86.704109 398.62073 0.61160524 0.021697448 -0.1693351 25 0 1078 2.0836327 -0.79705291
99 397.66026 401.35289 0.66962038 -0.64808992 -0.1507268 25 0 1921 3.8284832 -1.4575669
100 426.96631 401.03738 0.76321768 -0.45710637 -0.22662645 25 0 1876 3.5376315 -1.3717815
101 188.81714 408.79997 0.6651451 -0.33394655 -0.24717907 25 0 6163 12.021902 -2.699933
102 319.33407 411.13648 0.61588587 -0.065092496 -0.37110302 25 0 635 1.3095533 -0.29280798
103 217.99958 416.35952 0.60019377 0.057314207 -0.17357717 25 0 554 1.0322018 -0.034411519
104 354.80474 416.12477 0.54751926 -0.60361175 -0.1342077 25 0 411 1.032631 -0.034862913
105 215.23645 420.06664 0.68098783 -0.11720546 -0.21013824 25 0 1737 3.3460535 -1.3113322
106 502.4382 422.54254 0.61058237 -0.82975091 -0.16595118 25 0 1524 3.2122354 -1.2670184
107 47.433428 425.06858 0.64000861 -0.27449056 -0.29768065 25 0 761 1.5080721 -0.44605525
108 71.372134 426.41131 0.58051446 -0.49702475 -0.067000246 25 0 1484 3.0751621 -1.21967
109 122.0168 444.6977 0.69748263 -0.2476314 -0.10999194 25 0 1887 3.5151273 -1.3648526
110 95.532623 445.46291 0.55599291 -0.36425988 -0.059845197 25 0 653 1.330344 -0.30990992
111 195.40895 448.14389 0.73102044 0.05180778 -0.29438193 25 0 879 1.4688236 -0.41742408
112 454.24929 448.33238 0.40831647 -0.58188876 -0.223833 25 0 57452 123.04672 -5.2251751
113 307.88951 450.27817 0.69203986 -0.3702315 -0.12947889 25 0 2773 5.4517878 -1.8413474
114 208.25068 452.75878 0.60884823 -0.60806834 -0.13595851 25 0 1003 2.0265005 -0.7668668
115 54.541082 454.19617 0.68446933 -0.49936808 -0.30755053 25 0 10920 21.17094 -3.3143503
116 440.37337 465.03368 0.68280525 -0.36270192 -0.26167893 25 0 1799 3.6812072 -1.4149757
117 274.36293 468.31244 0.55621125 -0.22665053 -0.18935607 25 0 487 1.0232602 -0.024965163
118 325.42524 473.41623 0.57391796 0.093778079 -0.22810461 25 0 883 1.9268853 -0.71213967
119 19.866782 473.63498 0.68874364 0.0059830685 -0.070533786 25 0 4637 9.1313399 -2.4013363
120 112.46082 475.14124 0.65701176 -0.24616183 -0.32261684 25 0 1007 1.9350049 -0.71670515
121 390.92208 477.19187 0.53184025 -0.45332088 -0.25939701 25 0 57626 128.99444 -5.2764274
122 174.31357 483.20597 0.68415752 -0.1221673 -0.2216896 25 0 4412 8.5948619 -2.3355973
123 305.76791 485.16857 0.73447534 -0.57969252 -0.12387877 25 0 577 1.1134829 -0.11670889
124 224.35058 486.72053 0.70563706 -0.56365375 -0.15860261 25 0 2672 4.949807 -1.7364707
125 102.07951 492.40997 0.61501276 0.32347067 -0.025235088 25 0 707 1.3700165 -0.34181449
126 27.422623 497.51918 0.58443463 0.082146054 -0.1863856 25 0 676 1.4382296 -0.39457053
