id xcentroid ycentroid sharpness roundness1 roundness2 npix sky peak flux mag
1 308.26319 1.3637326 0.59482875 0.91222794 -0.067612245 25 0 613.44095 2.5912075 -1.0337555
2 317.43427 3.8045386 0.57830948 0.26708901 -0.02866492 25 0 236.3312 1.0135108 -0.014571001
3 439.82395 4.5669451 0.61824533 0.6298335 -0.048896185 25 0 500.44659 2.1391149 -0.8255853
4 120.20941 8.7301021 0.64987504 -0.12629959 -0.081720466 25 0 532.69042 2.1983259 -0.85523021
5 345.76101 10.072308 0.63008417 0.083731983 -0.1550041 25 0 742.36029 3.0888789 -1.2245022
6 35.389552 10.763488 0.65933944 -0.15718069 -0.16058168 25 0 13791.979 54.17767 -4.3345508
7 419.17592 13.104279 0.66706094 0.15875909 -0.21250822 25 0 824.5981 3.34695 -1.3116231
8 478.52942 13.022827 0.70431958 0.10819442 -0.29643425 25 0 26763.613 99.250178 -4.9918282
9 344.82065 18.37359 0.24851676 0.0078046224 0.023153887 25 0 140.46744 1.1130852 -0.11632098
10 364.9354 31.473513 0.55197534 0.29514918 -0.10058601 25 0 457.12428 2.0972895 -0.80414595
11 464.91257 31.697218 0.60530919 0.56146827 -0.17896019 25 0 356.41907 1.5806807 -0.49711037
12 137.77388 34.229687 0.69095024 -0.24945997 -0.7815573 25 0 425.30067 1.6988277 -0.57537335
13 124.54754 38.402924 0.65257313 0.30328082 -0.17890947 25 0 533.64702 2.0073239 -0.75654362
14 197.54827 39.372475 0.57887638 0.80058009 -0.11929298 25 0 917.06171 3.8238338 -1.4562475
15 216.96867 40.258607 0.63199493 0.14038435 -0.13312755 25 0 2175.1071 8.7312224 -2.3526876
16 357.56772 41.355848 0.62035705 0.4690854 -0.14610037 25 0 453.5323 2.0807135 -0.79553071
17 335.50741 42.382827 0.42695591 0.55785487 -0.21180693 25 0 58712.848 263.90597 -6.053623
18 401.21097 41.948355 0.62724496 0.28614175 -0.079301439 25 0 328.86868 1.597804 -0.50880878
19 77.401211 42.790212 0.60653326 -0.19063866 -0.38935115 25 0 457.68449 1.8643851 -0.67633907
20 122.33419 44.637594 0.53875557 0.60733294 0.0031582572 25 0 3680.5322 15.480383 -2.9744543
21 165.45064 45.080735 0.64197254 0.082609979 -0.4269234 25 0 320.69271 1.2878207 -0.27463849
22 411.10311 45.845735 0.62510406 0.020541045 -0.12490918 25 0 1006.0809 4.0596995 -1.5212347
23 55.748267 46.975442 0.86555658 -0.038053014 -0.27696739 25 0 298.49808 1.1308634 -0.13352533
24 257.91292 51.295311 0.49259082 -0.35000073 0.025448945 25 0 309.39228 1.4662484 -0.41551886
25 412.01022 51.236248 0.65534087 0.075383669 -0.49827723 25 0 228.46104 1.0047841 -0.0051818815
26 481.58539 51.830694 0.55707301 0.25851926 -0.074681672 25 0 816.97864 3.8033786 -1.4504239
27 305.27007 52.780043 0.62702115 0.049569699 -0.13156893 25 0 1403.046 5.6648451 -1.8829701
28 153.11679 57.998466 0.6375792 0.30841975 -0.1666046 25 0 354.14424 1.4409704 -0.39663768
29 454.21484 59.53807 0.62638993 0.49805887 0.020282113 25 0 1343.1073 5.1729339 -1.7843423
30 41.283439 60.55234 0.62119425 -0.28566663 0.17043446 25 0 283.28806 1.2310761 -0.22571221
31 8.3407236 63.557099 0.52846718 -0.23431731 -0.23972276 25 0 280.60453 1.445337 -0.39992282
32 360.3405 63.69964 0.54652352 -0.54457936 -0.30537013 25 0 215.13415 1.1059834 -0.10937153
33 65.575468 65.327317 0.66689082 -0.36153976 0.0079936717 25 0 398.68775 1.5932373 -0.50570118
34 42.389732 65.646622 0.60805022 -0.13096605 -0.20510648 25 0 588.59175 2.5071399 -0.99794643
35 180.6717 65.926748 0.68065305 0.066650648 -0.38391651 25 0 293.7311 1.1410864 -0.14329628
36 443.80897 66.376252 0.64797261 0.04748602 0.028166598 25 0 1477.0721 5.823473 -1.9129552
37 8.6205852 67.614998 0.56217103 -0.5626624 0.046935022 25 0 382.55793 1.8545762 -0.67061172
38 123.23861 67.364604 0.53620213 0.8080623 0.0018158611 25 0 362.5666 1.6379771 -0.53576956
39 482.3374 67.256962 0.46873012 -0.11064177 -0.55634972 25 0 305.82048 1.6012563 -0.51115213
40 429.20596 68.030375 0.62242089 0.12636117 -0.26432549 25 0 624.81673 2.6734225 -1.067669
41 66.733859 70.428243 0.57877928 0.6150978 0.11723203 25 0 1266.7807 5.3110625 -1.8129535
42 479.62288 74.953651 0.59443218 0.32684857 -0.18507761 25 0 897.67883 3.8335789 -1.459011
43 361.56839 78.964226 0.62862705 0.17449832 -0.23913892 25 0 2948.9378 11.59381 -2.6605655
44 130.51497 82.290399 0.57856679 -0.18036661 0.013914419 25 0 406.33496 1.741685 -0.60242403
45 445.8663 84.407313 0.62740492 0.020556387 -0.11314287 25 0 259.03524 1.159553 -0.16072655
46 102.98785 85.965242 0.55687707 -0.19534846 -0.12364154 25 0 555.71891 2.478257 -0.98536583
47 155.85915 86.133788 0.54582003 0.1224298 -0.44537696 25 0 288.16732 1.2236666 -0.21915773
48 502.05962 85.87299 0.65641049 0.21368562 -0.1047723 25 0 22129.849 87.851918 -4.8593781
49 165.67985 92.713029 0.69504469 0.85823216 -0.11140842 25 0 452.73706 1.613372 -0.5193363
50 294.57813 93.283334 0.63227815 -0.3165938 -0.2247429 25 0 1128.3163 4.3776299 -1.6030976
51 298.49522 95.005887 0.58755672 -0.23092342 -0.39471708 25 0 1284.3575 5.2470727 -1.7997927
52 196.77384 96.202261 0.59134128 0.18281632 -0.14680976 25 0 1470.9594 6.0958989 -1.9625944
53 64.488131 100.48774 0.59486441 -0.42636904 -0.14010767 25 0 3150.6818 12.357905 -2.7298622
54 126.51775 100.02517 0.58352433 0.032298338 -0.58994497 25 0 308.83882 1.3658391 -0.33849889
55 462.45174 99.854246 0.62261557 -0.22748892 -0.53278285 25 0 350.51368 1.631854 -0.53170328
56 307.45936 101.99687 0.59082256 0.10548358 -0.15167832 25 0 288.80633 1.3077924 -0.291347
57 500.40914 105.81313 0.693249 -0.05981114 -0.16672885 25 0 2075.5723 7.7367307 -2.2213937
58 343.24078 111.5207 0.41017708 0.54067786 0.02054568 25 0 379.55638 2.2756879 -0.89278175
59 229.85045 113.47964 0.56416084 0.082357238 -0.060637676 25 0 13283.055 54.350739 -4.3380136
60 247.38965 113.50395 0.55946088 -0.13230204 -0.09028202 25 0 791.59946 3.2263979 -1.2717948
61 313.99059 114.58603 0.61149748 0.19553905 0.07601196 25 0 961.12491 3.84665 -1.4627067
62 257.43894 114.85077 0.58613403 -0.085138874 -0.28842228 25 0 1673.3711 6.9128947 -2.0991499
63 459.31526 116.02873 0.60163926 0.25485572 -0.15296524 25 0 372.78558 1.679835 -0.56316657
64 503.44558 116.34548 0.64357939 0.95895371 0.089987135 25 0 231.0071 1.0725163 -0.076009786
65 108.99377 116.98613 0.70952632 0.36390631 -0.090395784 25 0 573.30889 2.2989812 -0.90383856
66 209.56951 116.52604 0.5644075 0.24022251 -0.28555432 25 0 430.21756 1.7791539 -0.62553378
67 324.37815 116.65104 0.57042532 -0.12516461 -0.27821625 25 0 203.30106 1.0268175 -0.028733105
68 162.84794 118.50068 0.53606771 -0.44109868 -0.3042121 25 0 366.45603 1.7039139 -0.57861913
69 61.777345 118.45666 0.41862436 0.7612708 -0.047934289 25 0 339.09291 1.7005235 -0.57645659
70 161.26829 120.06019 0.58737185 0.1249647 -0.25382291 25 0 1780.8631 7.4505913 -2.1804769
71 489.37979 120.1994 0.63116489 0.40093712 -0.20128818 25 0 442.73771 2.0504096 -0.77960155
72 185.24372 125.62619 0.58635322 0.48483745 0.014658839 25 0 1384.5645 5.4944805 -1.8498166
73 16.447242 127.15194 0.65518324 -0.16960996 -0.31755269 25 0 1127.9133 4.5007988 -1.633224
74 262.72376 128.6899 0.53428683 0.20800831 -0.25748647 25 0 408.29196 1.8560467 -0.67147222
75 405.27862 136.85314 0.61667994 0.063986422 -0.1761557 25 0 11210.136 45.452057 -4.1438839
76 393.6353 139.94645 0.66548406 0.27752542 -0.00016124422 25 0 260.53414 1.1737341 -0.17392426
77 23.852665 143.48234 0.58909758 -0.15781807 0.12387598 25 0 668.2269 2.8001765 -1.1179635
78 308.01847 142.46998 0.55141327 0.12846129 -0.041806617 25 0 2354.2596 9.8308606 -2.4814789
79 6.8361145 147.47816 0.66082532 0.46261344 0.096208007 25 0 567.80703 2.2681867 -0.88919702
80 493.49528 148.86643 0.6628075 -0.082158842 -0.23095435 25 0 7188.3114 27.554891 -3.6004967
81 106.69094 156.79639 0.63070337 0.20159591 -0.26734602 25 0 441.06085 1.7667728 -0.61795176
82 395.14193 158.52956 0.57310232 0.43392047 -0.0054352598 25 0 41690.572 171.68529 -5.5868327
83 215.41589 162.47045 0.5765664 0.91040582 -0.093874528 25 0 418.53134 1.7616316 -0.61478773
84 434.43337 162.01234 0.60995608 0.12882787 -0.13570665 25 0 436.75933 1.8821825 -0.68665433
85 162.63241 165.94975 0.63076138 0.069756059 -0.26842128 25 0 1585.4638 6.2972491 -1.9978772
86 487.51637 170.22177 0.68069562 0.33025492 -0.21872836 25 0 6266.4246 23.818399 -3.4422814
87 235.15328 170.88019 0.5912267 0.10940926 -0.22496564 25 0 1622.0863 6.6898438 -2.0635399
88 355.38668 170.83224 0.64658785 0.75707822 -0.26945194 25 0 409.10676 1.6559427 -0.54761325
89 173.41217 171.6318 0.53883555 0.064845084 -0.13838235 25 0 771.78432 3.2375434 -1.275539
90 422.66198 172.84393 0.55634488 0.040325098 -0.14218884 25 0 254.44594 1.2937483 -0.27962451
91 10.948413 173.48073 0.56219502 0.46260922 -0.19264403 25 0 243.77177 1.1026227 -0.10606729
92 161.80499 174.31846 0.61646882 -0.096816321 -0.13906925 25 0 1419.2865 5.5170298 -1.8542633
93 430.41033 179.59778 0.5848415 0.76158753 0.0012589087 25 0 2116.8907 8.6235919 -2.3392205
94 25.977337 180.22767 0.65533327 0.3294853 -0.13638515 25 0 782.37751 3.2261279 -1.271704
95 124.03419 180.37127 0.61148526 0.26569874 -0.095725664 25 0 1543.7236 6.0654259 -1.9571533
96 492.1731 181.32651 0.6940813 0.76149535 -0.019025977 25 0 757.25134 2.8170486 -1.1244858
97 420.28818 181.82072 0.6063858 0.068421724 -0.13553831 25 0 559.65906 2.4835037 -0.98766204
98 235.77725 183.16534 0.59694137 0.155784 -0.21036886 25 0 1013.5869 4.2389381 -1.5681427
99 430.76227 184.51993 0.59671781 0.17940076 0.036061179 25 0 774.3188 3.3215686 -1.3033581
100 198.36689 185.90979 0.58905217 -0.061225021 -0.23275853 25 0 631.10164 2.5533135 -1.0177604
101 80.689852 186.85769 0.63871569 0.20035048 -0.19186704 25 0 36881.025 147.1823 -5.419639
102 130.32783 188.0141 0.44366961 -0.018582138 -0.50829358 25 0 257.31469 1.207842 -0.2050253
103 430.03815 192.35849 0.47346754 0.10452544 -0.27517951 25 0 223.85978 1.1773007 -0.17721854
104 464.10943 196.47291 0.59652403 0.18421015 0.0083566903 25 0 528.14772 2.3595593 -0.93207723
105 358.53758 198.37977 0.54473737 -0.12335343 -0.35688593 25 0 240.16907 1.1675951 -0.16823063
106 391.1994 198.10175 0.61422024 -0.04509216 -0.24456817 25 0 282.69013 1.1714209 -0.17178239
107 177.27418 198.74884 0.63955621 -0.0029767159 -0.38770017 25 0 563.64881 2.132252 -0.82209633
108 207.71512 200.04997 0.67505181 0.099597232 -0.079674264 25 0 334.49806 1.2041795 -0.20172804
109 75.751652 200.74397 0.62430039 0.26478127 -0.029614689 25 0 514.2925 2.0896143 -0.80016532
110 414.89227 200.77831 0.69346171 0.39284085 -0.19698297 25 0 281.4837 1.097856 -0.10136349
111 478.70072 202.56078 0.54607476 0.40629138 0.01315426 25 0 499.20107 2.1912657 -0.85173758
112 425.01364 205.28344 0.56315326 0.20162391 0.020010841 25 0 253.21289 1.4185758 -0.37963141
113 21.932272 209.94183 0.66685547 -0.19006105 -0.57873879 25 0 360.85556 1.396131 -0.3623154
114 23.418886 211.52338 0.46929451 0.16276673 -0.32268244 25 0 309.73451 1.4966459 -0.43779766
115 434.78373 212.4172 0.58195821 -0.00089031943 -0.016777005 25 0 862.92712 3.6414508 -1.4031861
116 335.46529 214.60555 0.57606547 0.60130953 -0.12261258 25 0 1170.4678 4.806928 -1.704669
117 265.57259 216.58533 0.5465267 0.44220926 -0.048664697 25 0 576.14464 2.5220689 -1.0043924
118 159.76672 217.98937 0.61690823 0.15957637 -0.18949867 25 0 944.42131 3.7491648 -1.4348363
119 503.2397 218.03028 0.54625727 0.16201287 0.18870944 25 0 214.08385 1.2744545 -0.26331087
120 488.64566 221.14367 0.62094465 -0.034837151 -0.18310949 25 0 4294.5071 17.389229 -3.1007008
121 249.00877 223.39414 0.56557234 0.14257367 -0.1006444 25 0 2336.7511 9.6517966 -2.4615204
122 361.36922 225.48381 0.54745819 -0.19938122 -0.044616795 25 0 3271.3443 13.433096 -2.8204403
123 431.52877 226.24164 0.63368109 0.33598014 -0.23723837 25 0 12235.646 47.708524 -4.19649
124 336.30904 227.77661 0.54570786 0.048888458 -0.29827064 25 0 866.39912 3.8043031 -1.4506878
125 500.63308 227.99374 0.69186073 0.018143319 -0.35565212 25 0 275.49374 1.1215263 -0.1245237
126 189.51092 234.15474 0.60377751 0.23433996 -0.13518266 25 0 596.63156 2.4177821 -0.9585429
127 249.59572 235.15227 0.61959452 0.20419688 -0.02988555 25 0 658.28555 2.5470118 -1.0150774
128 39.926739 238.30397 0.77005678 0.14834678 -0.07937772 25 0 434.19682 1.6717054 -0.55789939
129 440.57415 237.79658 0.59565137 0.20255598 -0.15751173 25 0 1629.7831 6.8244764 -2.0851733
130 26.736142 241.00536 0.75151841 0.13359509 -0.066881266 25 0 292.2669 1.1451178 -0.14712542
131 60.893937 248.7497 0.62659486 0.021475837 0.25411006 25 0 279.71324 1.1679766 -0.16858536
132 494.85327 248.97302 0.47072141 -0.21141915 -0.54498111 25 0 225.34255 1.3165035 -0.29855508
133 437.61591 251.16706 0.63206334 0.21133588 -0.30144154 25 0 6382.2735 24.733533 -3.4832154
134 213.29888 251.54909 0.55823936 -0.042615636 -0.10376111 25 0 3866.0332 16.003594 -3.0105438
135 275.16268 254.17602 0.6471803 0.16704146 -0.14732355 25 0 397.19846 1.5276203 -0.46003853
136 340.98803 260.56976 0.65795292 -0.011550742 0.13365546 25 0 308.97166 1.2208361 -0.21664338
137 114.10573 261.90157 0.72644256 0.41582354 -0.21390875 25 0 340.14659 1.1572714 -0.15858802
138 42.608084 272.36685 0.63427567 0.4044914 -0.20374469 25 0 1210.3521 4.740989 -1.6896724
139 98.939866 273.98745 0.73837057 0.35612663 0.027464505 25 0 294.77137 1.0333572 -0.035626146
140 494.01275 280.83836 0.65867251 0.16200668 -0.42256235 25 0 222.24933 1.1029411 -0.10638081
141 56.804606 281.5903 0.63832941 0.12045106 0.019813264 25 0 706.79835 2.886098 -1.1507777
142 357.15346 283.95441 0.59139753 0.10603656 -0.20235831 25 0 4993.8925 20.90389 -3.3005678
143 169.66427 285.19652 0.62442923 0.14878771 -0.24472721 25 0 760.3414 2.8776921 -1.1476108
144 48.260257 286.61855 0.59299482 0.52885221 0.032093056 25 0 1013.0276 4.0971624 -1.5312079
145 76.542687 286.40523 0.55825955 -0.33283149 -0.19557204 25 0 945.85157 4.0431108 -1.5167891
146 331.58037 288.76069 0.75819956 -0.56659801 -0.2899148 25 0 373.15901 1.2717638 -0.26101615
147 462.85683 288.88959 0.64382557 0.29125897 -0.081663305 25 0 722.86251 2.9684129 -1.1813108
148 1.0181829 291.51139 0.61965587 0.17315142 0.062905764 25 0 417.82808 1.7778044 -0.62470995
149 41.722611 293.75422 0.54560547 0.44656638 0.13465443 25 0 221.12682 1.0595047 -0.062757172
150 78.978735 296.11926 0.5877956 0.041570905 0.16499638 25 0 290.42692 1.1029363 -0.10637611
151 145.77856 296.00688 0.75732473 0.094225097 -0.21853487 25 0 516.77434 1.7150955 -0.58572077
152 60.049831 302.07473 0.62985897 0.19444638 -0.23561337 25 0 1197.3614 4.8473269 -1.7137558
153 407.90897 302.14526 0.76874534 -0.12355705 -0.10847366 25 0 466.20498 1.6739329 -0.55934509
154 203.56002 307.63565 0.66717577 0.52237952 0.038071896 25 0 701.85084 2.5185886 -1.0028931
155 435.52291 307.64029 0.57966009 0.50828817 -0.077754008 25 0 840.93625 3.4403803 -1.3415161
156 122.66962 312.46605 0.55709394 -0.10760797 -0.12451351 25 0 2627.525 10.675344 -2.5709547
157 0.10358666 314.26141 0.95566145 0.12569706 0.30206438 25 0 812.40668 2.6184231 -1.0450996
158 44.544189 316.40542 0.56568823 -0.075681549 -0.14654438 25 0 298.5745 1.2683766 -0.25812059
159 172.41135 321.7444 0.72263945 -0.13413229 -0.38313538 25 0 369.91003 1.2294799 -0.22430355
160 315.02001 324.22374 0.58772293 0.13902263 -0.1436966 25 0 495.65882 2.0385914 -0.77332546
161 247.84874 326.97983 0.6192388 -0.010986662 -0.40993128 25 0 286.63133 1.1825551 -0.18205348
162 5.4100704 331.33706 0.63951326 0.47124929 -0.16769916 25 0 4341.8783 17.149782 -3.0856465
163 15.52947 332.29965 0.64453128 -0.20675396 -0.17728482 25 0 10935.697 42.583195 -4.0730956
164 272.38147 331.30868 0.51183437 0.20649105 -0.12569066 25 0 339.06598 1.4886638 -0.43199158
165 365.57344 331.83002 0.72685881 -0.31647109 -0.47491412 25 0 534.69471 1.9250218 -0.71108911
166 248.83572 332.9189 0.59898367 0.065059277 -0.2246878 25 0 775.41921 3.1395603 -1.2421721
167 61.863866 333.35359 0.66320757 0.40503057 0.038802355 25 0 809.13173 2.9796892 -1.1854274
168 473.73019 339.4508 0.63520909 -0.27035043 0.22359208 25 0 804.44404 3.0121307 -1.1971845
169 244.82919 342.84841 0.41331116 0.2307164 0.23729794 25 0 235.04028 1.0875484 -0.091121464
170 345.65229 345.48152 0.59828244 -0.31041882 -0.010305496 25 0 648.89653 2.5492412 -1.0160273
171 460.10398 347.8323 0.44701979 -0.29322598 -0.62908817 25 0 194.47189 1.0827588 -0.086329282
172 224.81185 349.03963 0.60347573 0.13258157 -0.22058118 25 0 4839.738 20.062875 -3.2559829
173 6.7891155 351.33051 0.5642223 -0.20117078 0.018112538 25 0 750.87692 3.3294511 -1.3059316
174 366.89676 350.40775 0.53573993 0.37722972 0.093796944 25 0 781.44396 3.2856523 -1.291554
175 283.76971 352.98412 0.58874683 0.080231352 -0.23930673 25 0 22354.848 92.754033 -4.918332
176 7.0554791 355.17416 0.71321386 -0.19260296 -0.064898881 25 0 1426.9576 5.4129184 -1.8335787
177 142.21477 354.77736 0.66197994 0.13267765 -0.051552036 25 0 307.29225 1.0719992 -0.07548618
178 428.22483 354.94864 0.42396556 0.088213955 -0.30831914 25 0 198.02777 1.1061198 -0.10950539
179 8.299041 358.64218 0.57066139 -0.58664857 -0.087921546 25 0 524.94235 2.1443253 -0.82822669
180 399.59488 360.0671 0.60980356 -0.18509998 -0.23926194 25 0 1738.5458 7.0637589 -2.1225897
181 465.23542 360.52291 0.39232332 0.17415532 -0.32664123 25 0 209.17408 1.0807574 -0.084320594
182 211.06129 362.08419 0.60365497 0.095418027 -0.27743028 25 0 1520.1362 6.3142005 -2.0007959
183 263.17364 363.22105 0.63142812 0.23183436 -0.13091546 25 0 2601.33 10.449111 -2.5476983
184 80.655974 364.75062 0.65434325 0.34513327 -0.16866644 25 0 4541.7463 17.579513 -3.1125171
185 123.74192 365.62842 0.52452277 0.34864309 0.20834584 25 0 403.82694 1.6332273 -0.53261658
186 412.8385 364.2761 0.49882699 0.6720719 0.12639913 25 0 786.20004 3.5022505 -1.360868
187 484.51701 366.49721 0.57949632 0.62080578 -0.11272107 25 0 6992.5574 28.432847 -3.6345509
188 7.7710315 367.69307 0.82386594 0.60544982 0.036607473 25 0 569.22616 1.8928185 -0.69277244
189 461.06524 374.35075 0.61349602 0.3509197 -0.1134292 25 0 294.52112 1.3476787 -0.32396595
190 431.66159 375.88925 0.68711852 0.027219651 -0.47963539 25 0 272.6395 1.0954753 -0.099006521
191 10.933455 378.42975 0.54485731 0.70081595 0.28146062 25 0 250.4724 1.0230791 -0.024773063
192 351.06843 377.63403 0.58387452 0.09619311 -0.07436823 25 0 2843.3923 11.5843 -2.6596745
193 59.843783 378.89757 0.68663982 0.22758734 -0.1710412 25 0 3787.5894 14.602621 -2.911077
194 105.68508 380.55691 0.59964581 0.66945735 -0.15881485 25 0 511.49195 1.9058259 -0.70020804
195 212.55129 381.98976 0.54357264 -0.13214947 -0.454808 25 0 538.86757 2.1705738 -0.84143638
196 254.22782 382.80661 0.53454975 0.40416931 -0.34218067 25 0 263.14869 1.0980605 -0.10156571
197 469.13612 383.03665 0.72940299 -0.39422601 0.22213435 25 0 652.6298 2.1545191 -0.83337585
198 85.655165 383.7468 0.59913637 -0.045524547 -0.11424293 25 0 294.79244 1.0853927 -0.088967206
199 129.53187 384.82859 0.61918293 0.26328948 -0.291115 25 0 1302.6305 5.1410351 -1.7776264
200 501.42907 384.6986 0.38377611 0.7683322 -0.019232369 25 0 212.17157 1.2027133 -0.20040529
201 469.74696 386.51733 0.60921547 -0.14341593 0.088360098 25 0 1748.0934 6.716061 -2.0677866
202 440.49288 386.87259 0.6832193 -0.07568678 -0.27504845 25 0 2459.4092 9.2332738 -2.4133893
203 45.14061 389.90889 0.65842183 0.35865438 -0.15142661 25 0 554.95323 2.1009397 -0.80603395
204 1.8642794 394.19221 0.68480078 0.36984533 -0.06406252 25 0 252.98336 1.047041 -0.049909232
205 231.60278 394.84199 0.62854648 0.20896683 -0.24151188 25 0 6919.9002 27.395364 -3.5941927
206 362.25526 396.83329 0.63620733 0.02911641 -0.16205972 25 0 792.21595 3.0597395 -1.2142111
207 260.74199 402.32878 0.61551842 0.34340757 -0.21265685 25 0 611.79553 2.343521 -0.92467211
208 397.57318 401.85994 0.59210802 0.023847152 -0.257382 25 0 548.32989 2.2780817 -0.89392322
209 258.1726 406.00185 0.65697417 0.11358732 -0.22797082 25 0 1911.38 7.4397267 -2.1788925
210 276.51516 405.67408 0.77481901 0.43237851 -0.23969487 25 0 335.36285 1.0671288 -0.070542054
211 479.6001 406.20926 0.61530829 -0.074482552 -0.27303265 25 0 408.72121 1.5952533 -0.50707414
212 26.570671 410.15191 0.76889515 -0.32493628 -0.18931808 25 0 326.52742 1.0193266 -0.020783431
213 90.06456 411.28932 0.57035881 0.48821963 -0.14005516 25 0 813.86093 3.179137 -1.2557731
214 114.14613 412.75252 0.61611957 0.020647856 -0.16932428 25 0 2027.4094 8.1816579 -2.2821033
215 289.9173 422.9487 0.66298877 0.15041529 -0.089247562 25 0 472.47162 1.8310729 -0.6567641
216 170.82399 424.43178 0.43805818 0.42124521 0.080699231 25 0 304.31897 1.3871546 -0.3553122
217 199.51473 429.70575 0.67488409 0.49055594 -0.16898953 25 0 328.70583 1.0723871 -0.075878949
218 164.88672 430.78433 0.63971701 0.28403561 -0.15617534 25 0 2129.2391 8.3558024 -2.3049704
219 387.12396 431.56539 0.47930588 0.076683718 0.06007017 25 0 263.48005 1.3837011 -0.35260573
220 138.46518 431.7362 0.59722657 -0.074551007 -0.21135279 25 0 920.46176 3.5294731 -1.3692747
221 238.23731 434.08796 0.65287017 0.14370917 -0.247005 25 0 1099.5269 4.2680967 -1.5755856
222 497.17269 433.92311 0.24281714 0.16468803 -0.061599517 25 0 61139.865 320.93616 -6.2660466
223 350.81869 436.00769 0.63954562 0.026736288 -0.20712534 25 0 3198.7182 12.773687 -2.7657907
224 20.46238 439.23144 0.76045245 0.26948524 -0.18567891 25 0 406.25871 1.3818824 -0.35117775
225 251.25424 438.49881 0.57853352 -0.029027631 0.0063886767 25 0 970.03719 3.8855776 -1.473639
226 97.362574 440.53985 0.5733353 -0.08885736 -0.12715905 25 0 11085.888 45.284702 -4.1398788
227 482.64693 441.22951 0.60351833 -0.18365228 -0.36215503 25 0 323.21445 1.325593 -0.30602554
228 469.14412 447.35724 0.57613747 0.50799461 -0.17295965 25 0 280.23884 1.0866202 -0.090194465
229 218.10658 448.37774 0.65237259 -0.10129514 -0.12157397 25 0 337.29301 1.2579963 -0.24919845
230 483.32919 450.46669 0.61844495 -0.25659306 -0.045270342 25 0 1871.9802 7.2043332 -2.1439845
231 385.51284 453.12173 0.66999313 -0.43504878 -0.2785494 25 0 362.4447 1.3137729 -0.29630076
232 317.35718 454.16593 0.58827756 0.15940413 -0.15356966 25 0 633.06971 2.5462379 -1.0147475
233 441.386 455.32217 0.71963416 -0.26154291 -0.13015787 25 0 434.49389 1.562955 -0.48486621
234 505.0954 458.09871 0.5997469 0.019565275 -0.049442925 25 0 261.19802 1.0357439 -0.038130947
235 368.48791 459.07395 0.6817776 -0.089229776 -0.35870941 25 0 1349.1842 5.0357689 -1.7551645
236 62.427562 460.11595 0.70104394 0.18493296 -0.29449964 25 0 5824.3121 21.789997 -3.3456429
237 155.34459 461.27602 0.65834641 0.35123369 -0.189096 25 0 1108.0954 4.1203153 -1.5373261
238 297.40114 463.31968 0.57702493 0.085002565 -0.18359171 25 0 314.75642 1.231645 -0.22621388
239 433.84489 462.58821 0.42662801 0.19818845 -0.15295435 25 0 60472.009 293.47177 -6.1689158
240 51.596224 465.14276 0.73691989 0.065511827 -0.30155897 25 0 306.58088 1.0013313 -0.0014445127
241 411.54354 464.98246 0.69676991 0.44393165 -0.35955147 25 0 341.78805 1.2751285 -0.26388492
242 217.08575 469.35421 0.62668448 0.25087792 -0.13476429 25 0 4589.1034 18.286744 -3.155341
243 435.14402 470.47722 0.67445094 0.38907397 0.18841593 25 0 493.69695 1.4994743 -0.43984757
244 348.9175 471.04058 0.61272364 -0.22396632 -0.20648013 25 0 642.70997 2.3879372 -0.94505723
245 120.3016 473.33534 0.63457934 0.22883646 -0.12874874 25 0 413.9439 1.5619729 -0.48418371
246 267.32199 472.64525 0.61205393 -0.12259216 -0.15321128 25 0 2778.3265 11.109885 -2.6142739
247 344.53505 477.85381 0.64770782 -0.01187963 -0.48188641 25 0 487.36522 1.803088 -0.64004232
248 145.05374 478.69028 0.6672498 0.37061148 -0.11939963 25 0 883.01782 3.3252279 -1.3045535
249 222.92592 483.01535 0.69594785 -0.063149439 -0.27289452 25 0 310.44299 1.1151422 -0.11832565
250 70.141446 484.0182 0.72742969 0.2757789 -0.21844117 25 0 1318.6178 4.8845138 -1.7220533
251 246.59002 493.77231 0.60705454 0.29446146 -0.28579361 25 0 433.61672 1.8217794 -0.65123948
252 156.40038 497.66523 0.55634973 -0.25992853 -0.40939503 25 0 302.63228 1.1537012 -0.15523338
253 73.451329 498.75927 0.71425163 -0.089561749 -0.35152193 25 0 352.3816 1.2274979 -0.22255185
254 122.30282 500.65906 0.6630936 -0.43074087 -0.12936538 25 0 536.7753 1.8945782 -0.69378132
255 167.4983 500.85305 0.68568138 -0.06625977 -0.35486062 25 0 521.36051 1.8414939 -0.66292574
256 286.35067 503.15242 0.66290305 0.30024845 -0.38645897 25 0 324.96787 1.2037562 -0.20134632
257 123.00851 504.44866 0.60985649 0.31357057 -0.029844317 25 0 626.2397 2.2520596 -0.88144972
258 169.49719 508.08128 0.7425043 0.12749695 -0.38579056 25 0 942.39087 3.2727843 -1.2872935
259 43.708766 510.72455 0.90236291 -0.39565703 -0.5184191 25 0 548.82014 1.6781803 -0.56209652
260 167.0124 510.81509 0.83330221 -0.23987496 -0.81524417 25 0 374.7017 1.2978842 -0.28308987
261 241.93779 510.85236 0.86678547 -0.42376221 -0.62679887 25 0 1003.8375 3.2692901 -1.2861337
262 252.85188 510.81687 0.8113303 0.13347039 -0.47924081 25 0 502.16151 1.759898 -0.61371872
