id xcentroid ycentroid sharpness roundness1 roundness2 npix sky peak flux mag
1 299.06511 6.7349616 0.5403454 0.0048760715 -0.19098852 25 0 668 2.2507167 -0.88080211
2 307.94381 9.1361408 0.68043216 0.17476251 -0.068103208 25 0 391 1.1590061 -0.16021428
3 430.50014 10.01595 0.65958892 0.11673192 -0.26644776 25 0 436 1.5041235 -0.44320875
4 110.90755 13.914062 0.57330212 -0.19995986 -0.56541108 25 0 490 1.6628047 -0.55210308
5 336.51125 15.381664 0.70221826 0.4094458 -0.18706679 25 0 736 2.0180254 -0.76231656
6 26.087825 15.873777 0.68906967 -0.06332388 -0.19746245 25 0 16247 44.476466 -4.1203257
7 468.9964 18.564604 0.5847371 0.26846473 0.028144496 25 0 23003 65.859516 -4.5465463
8 409.93725 18.389903 0.50963474 0.30042161 0.027224792 25 0 503 1.9290009 -0.71333108
9 355.74426 36.914489 0.60200782 0.055478556 -0.097599752 25 0 537 1.668505 -0.55581876
10 455.11594 37.108726 0.68788454 0.33656329 -0.1535374 25 0 370 1.2704133 -0.25986257
11 128.42966 39.259121 0.58588628 -0.34491532 -0.20293062 25 0 394 1.1827599 -0.1822415
12 115.51143 43.592997 0.49499513 -0.20643504 -0.12499171 25 0 483 1.6217111 -0.52493372
13 188.23176 44.580029 0.54764022 -0.20000992 -0.19999295 25 0 1020 2.9584759 -1.1776701
14 207.68208 45.442249 0.56778311 0.58030615 -0.05497432 25 0 1997 5.6631926 -1.8826533
15 348.11049 46.79625 0.57791758 -0.20799627 -0.34184939 25 0 473 1.4568599 -0.40854444
16 68.0062 47.857633 0.65101594 0.13272398 -0.17195108 25 0 533 1.618179 -0.52256638
17 326.07146 47.523201 0.32423802 0.049298318 -0.20155699 25 0 58752 198.16567 -5.7425711
18 113.05878 49.69638 0.58512546 -0.03645943 -0.20432083 25 0 4918 14.365014 -2.8932651
19 401.59506 51.269728 0.62105732 0.0045054128 -0.24566425 25 0 900 2.6346276 -1.0517981
20 472.09509 57.285316 0.68181682 0.1213253 -0.15144426 25 0 848 2.5643008 -1.0224224
21 295.83932 58.142891 0.5538825 -0.090161083 -0.22388969 25 0 1525 4.7071118 -1.6818863
22 444.80248 64.899948 0.65838162 0.27206488 -0.063574857 25 0 1403 3.8572717 -1.4657006
23 503.28076 67.12066 0.69199491 0.19814798 -0.15494645 25 0 3507 9.7156922 -2.4686844
24 33.089699 70.688006 0.60248328 -0.17451913 -0.1491155 25 0 562 1.8145802 -0.6469404
25 56.167189 70.500991 0.55486226 -0.87496361 0.02934361 25 0 410 1.3591191 -0.33314379
26 114.03818 72.611055 0.42179414 0.080249091 0.028808986 25 0 309 1.092164 -0.095719597
27 434.39724 71.72928 0.64817145 -0.04453063 -0.12696767 25 0 1471 4.0798347 -1.5266064
28 473.0809 72.451595 0.76432434 0.49937599 -0.048882023 25 0 362 1.1210465 -0.12405908
29 419.51552 73.396344 0.61719396 -0.11021924 -0.23547447 25 0 469 1.4661036 -0.41541162
30 57.44689 75.559477 0.59369557 -0.39898005 -0.18481537 25 0 1356 3.82948 -1.4578495
31 470.27912 80.302469 0.60847718 0.37852853 -0.022255696 25 0 853 2.6362632 -1.0524719
32 352.09391 84.362731 0.59615782 0.19814929 -0.11602691 25 0 3234 9.2398642 -2.414164
33 121.32541 87.441351 0.49656203 0.62479266 -0.029090935 25 0 428 1.3501223 -0.32593278
34 93.761428 91.019271 0.64558274 -0.33929605 -0.33645476 25 0 707 1.9749183 -0.73887284
35 492.52227 91.278327 0.59457067 -0.17834467 -0.20690968 25 0 19781 56.264376 -4.3755838
36 156.56004 97.805036 0.67496662 0.43594714 -0.31161059 25 0 493 1.1373154 -0.13970226
37 285.17143 98.641973 0.59139816 0.22687556 0.054195357 25 0 1137 3.0998812 -1.2283626
38 289.14957 100.34559 0.57462894 -0.092033104 -0.22059809 25 0 1393 3.861367 -1.4668527
39 187.55297 101.28436 0.65142009 0.23567169 -0.33071256 25 0 1694 4.3203911 -1.5888077
40 55.257094 105.4713 0.60225235 0.2707422 -0.13661072 25 0 3900 10.946339 -2.5981722
41 117.31209 105.15188 0.54740761 0.17537939 -0.28148389 25 0 384 1.1212249 -0.12423188
42 453.23879 105.07868 0.61788435 0.023992089 -0.1418867 25 0 392 1.3026636 -0.28708066
43 298.12842 107.23915 0.46827141 0.17560243 -0.27704904 25 0 351 1.1980984 -0.19623126
44 510.43223 107.72595 0.68566413 0.10544822 -0.10772107 25 0 1888 5.1555745 -1.7806927
45 490.82843 111.22351 0.66072276 0.10284279 -0.16343719 25 0 2180 6.2082145 -1.9824168
46 333.79808 116.82331 0.52707863 0.033157608 -0.18621864 25 0 532 1.5732056 -0.49196369
47 220.57674 118.54308 0.54125768 0.47723178 -0.15673331 25 0 14091 40.816208 -4.0270816
48 238.05066 118.67751 0.54595596 0.14273527 -0.097078533 25 0 1011 2.7798161 -1.1100402
49 248.06645 120.0499 0.54272797 -0.036161739 -0.31746891 25 0 1830 5.5161266 -1.8540856
50 304.50744 119.86775 0.60615199 0.13189738 -0.34208619 25 0 1166 3.1369725 -1.2412768
51 99.570258 122.11541 0.66326203 0.0093950175 -0.24238822 25 0 563 1.4428898 -0.39808289
52 200.20486 121.73897 0.55091481 -0.26671191 -0.3596778 25 0 566 1.4926845 -0.43492007
53 449.81965 121.55551 0.48793662 0.2078069 0.082834768 25 0 326 1.2747563 -0.26356793
54 52.373298 123.68303 0.56513225 0.74745136 -0.084004849 25 0 445 1.277533 -0.26593035
55 151.87638 125.24461 0.58804421 -0.13904594 -0.18705754 25 0 2114 5.9037655 -1.9278227
56 479.88734 125.67327 0.5160048 0.074897509 -0.29784549 25 0 274 1.1142402 -0.11744708
57 175.9429 130.65048 0.54547885 0.10440507 -0.23272997 25 0 1614 4.6383969 -1.6659198
58 7.0951507 132.12355 0.70240118 0.0073648561 -0.22277009 25 0 1379 3.7051221 -1.4220063
59 253.22083 133.93531 0.57265707 -0.10112807 -0.48587603 25 0 508 1.3158587 -0.29802317
60 395.65401 142.26708 0.58757175 -0.10900584 -0.20978857 25 0 11443 32.6643 -3.7851834
61 14.371823 148.59935 0.67417579 0.33747011 -0.00018503957 25 0 714 1.9213983 -0.70904349
62 298.51662 147.81253 0.58600218 0.14456329 -0.30067287 25 0 2823 7.8749207 -2.2406155
63 483.87405 154.32514 0.62371234 0.064667132 -0.085941679 25 0 7672 21.717405 -3.3420198
64 97.24999 161.95899 0.6579126 -0.25787766 -0.025766343 25 0 501 1.2052325 -0.20267708
65 385.56622 163.84129 0.60045575 0.18217199 -0.27342142 25 0 48013 134.67032 -5.3231797
66 424.78978 167.18004 0.59303829 0.28247344 -0.14257576 25 0 467 1.5681314 -0.48845614
67 206.19886 167.69521 0.38762911 0.43401448 -0.12765684 25 0 448 1.4089164 -0.37221309
68 153.19718 171.09427 0.6236511 0.33673838 -0.14342007 25 0 516 1.158916 -0.16012989
69 33.183704 174.72103 0.59021932 -0.22894891 -0.2638343 25 0 354 1.0415573 -0.044207869
70 225.78165 176.1105 0.56674147 0.0029155574 -0.25546058 25 0 1802 5.0478898 -1.7577747
71 345.91801 175.96753 0.47787332 -0.28445844 -0.36803773 25 0 536 1.8964073 -0.69482906
72 477.94509 175.64782 0.57569937 0.16771544 -0.082595974 25 0 5978 17.726402 -3.1215515
73 163.94846 176.82022 0.56766622 0.11773567 -0.17923441 25 0 1014 2.8703377 -1.1448325
74 413.15531 178.20741 0.6274665 0.10575498 -0.229811 25 0 415 1.2290352 -0.22391081
75 152.3958 179.40725 0.61872712 0.43624108 -0.20697735 25 0 1537 3.9435382 -1.4897151
76 16.378314 185.2937 0.57808845 -0.026170148 -0.38000992 25 0 629 1.8192649 -0.64973987
77 114.55407 185.46424 0.57476543 -0.099494419 -0.079522359 25 0 1625 4.3266781 -1.5903865
78 420.77881 184.89826 0.60830802 0.020748825 -0.2681168 25 0 2739 7.9138893 -2.2459749
79 410.70481 187.18707 0.56790815 0.40879422 -0.14457585 25 0 557 1.6958568 -0.57347293
80 482.42003 186.70038 0.53811655 0.097654502 -0.29783185 25 0 563 2.0217951 -0.76434287
81 226.51196 188.25018 0.66066254 0.25040356 -0.27415255 25 0 1140 2.7983277 -1.1172464
82 421.11614 189.90828 0.64024201 -0.12035949 -0.12642141 25 0 948 2.747044 -1.097164
83 189.05994 191.03123 0.55978733 -0.22524197 -0.20514126 25 0 811 2.3059677 -0.90713307
84 71.346724 191.89556 0.62431486 -0.061305701 -0.24353418 25 0 40668 114.86755 -5.1504934
85 325.91957 191.76834 0.9997801 -0.039808428 0.027349727 25 0 755 1.5209321 -0.45527454
86 120.96691 193.16318 0.6206222 0.23984093 -0.20900592 25 0 527 1.2700689 -0.25956821
87 454.47363 201.82848 0.70752576 0.038806515 -0.44741324 25 0 572 1.5886782 -0.50258986
88 168.02391 203.90767 0.59934005 -0.10894461 -0.28226545 25 0 667 1.7269555 -0.59320285
89 66.382813 205.9787 0.63092925 0.15732714 -0.23157361 25 0 681 1.8418237 -0.66312012
90 508.54785 205.49349 0.55002627 0.63354627 -0.068159664 25 0 1177 3.6292161 -1.3995321
91 469.10977 207.82846 0.70156821 0.23678068 -0.18531305 25 0 657 1.8782315 -0.6843728
92 502.38607 211.60223 0.59171371 0.48904608 -0.21475534 25 0 2522 7.1677996 -2.1384646
93 12.225976 215.16042 0.67562291 0.74630187 -0.51898922 25 0 487 1.3198728 -0.30133021
94 425.25348 217.72042 0.56421535 -0.10303732 -0.24585103 25 0 937 2.9883026 -1.1885614
95 326.00959 219.84312 0.54105207 0.16069865 -0.25894101 25 0 1429 4.2756315 -1.5775007
96 256.24518 221.85487 0.57770363 -0.2217472 -0.31336607 25 0 826 2.294174 -0.90156589
97 150.36171 223.16875 0.56383637 0.31274799 -0.17041874 25 0 1012 2.8536767 -1.1385119
98 479.11235 226.49826 0.52708881 0.042741601 -0.037041075 25 0 3806 11.795095 -2.6792536
99 239.58666 228.54923 0.52155202 0.45995837 -0.20546827 25 0 2434 7.0740085 -2.1241639
100 351.74253 230.75358 0.57036972 0.0953016 -0.2432693 25 0 4192 12.099527 -2.706921
101 421.84482 231.54942 0.53139357 0.31856691 -0.097332388 25 0 11616 34.821591 -3.8546215
102 326.73039 233.04316 0.55002759 -0.25785425 -0.32879923 25 0 1025 3.0112121 -1.1968534
103 180.16951 239.23014 0.55229993 0.032753638 -0.26883182 25 0 753 2.0429903 -0.77566578
104 240.15321 240.25821 0.60461812 0.21043804 -0.28116808 25 0 825 2.0046502 -0.7550965
105 431.06584 243.09052 0.63340817 0.036321764 -0.17419265 25 0 2041 5.8028069 -1.9090953
106 203.82016 256.84008 0.57430722 0.077577101 -0.25889572 25 0 4904 14.142384 -2.8763066
107 427.94341 256.48273 0.52163872 0.27969948 -0.034904149 25 0 6117 18.513152 -3.1687009
108 265.5674 259.26301 0.597243 -0.030556025 -0.25786154 25 0 490 1.2672703 -0.25717313
109 331.46863 265.79278 0.6509519 0.29637373 -0.10890161 25 0 428 1.1157318 -0.11889958
110 33.011385 277.50602 0.62552834 0.24999391 0.02361992 25 0 1457 3.8984674 -1.4772348
111 47.260136 286.71563 0.57575672 0.076543785 -0.17550388 25 0 720 1.9849522 -0.74437513
112 347.60031 289.23354 0.63390192 0.18945562 -0.33373217 25 0 5141 13.758176 -2.8464021
113 160.29523 290.57107 0.57079032 0.56135498 -0.049955072 25 0 843 2.1962636 -0.85421117
114 67.063958 291.54218 0.61223516 0.12694069 -0.026051693 25 0 1134 2.9095296 -1.1595569
115 38.830535 291.61332 0.63910476 0.3866152 -0.13524719 25 0 1241 3.2696832 -1.2862642
116 321.67574 293.98915 0.4709583 0.1124783 -0.49244404 25 0 391 1.3286205 -0.30850236
117 453.18209 294.16728 0.63314252 -0.0090825804 -0.11092717 25 0 712 2.2310705 -0.87128322
118 69.702377 300.96737 0.50465647 -0.79510556 -0.37332165 25 0 358 1.0048959 -0.0053027368
119 136.31894 301.14279 0.63628706 0.041282713 -0.3576098 25 0 542 1.3330742 -0.3121358
120 50.53393 307.13106 0.62066864 -0.098758149 -0.2136531 25 0 1334 3.6099978 -1.3937673
121 398.33637 307.64188 0.43590921 0.54870639 -0.01257298 25 0 279 1.1368458 -0.13925386
122 194.10823 312.93667 0.53447961 0.23980519 -0.13279391 25 0 863 2.5226183 -1.0046289
123 425.76953 313.08829 0.57904813 -0.13542098 -0.36275875 25 0 971 3.0143314 -1.1979775
124 113.35404 317.52113 0.53430857 -0.25301618 -0.1519209 25 0 2828 8.0974893 -2.270876
125 35.239721 321.37734 0.71823136 -0.11589952 -0.29016394 25 0 486 1.2082747 -0.20541418
126 305.4707 329.37594 0.58292673 0.46356019 -0.3903484 25 0 483 1.2355084 -0.22961424
127 6.1218278 337.27146 0.66266595 0.20382308 -0.12907752 25 0 13470 36.910503 -3.9178749
128 263.02747 336.71355 0.60389145 -0.13131389 -0.25777005 25 0 514 1.345183 -0.32195344
129 355.71208 337.25487 0.61694255 -0.20820506 -0.13370982 25 0 471 1.33452 -0.3133127
130 239.3456 338.19341 0.6579195 -0.17940766 -0.43740635 25 0 901 2.2403086 -0.8757696
131 52.441122 338.48318 0.5937554 -0.38635393 -0.16334499 25 0 890 2.3602513 -0.9323956
132 464.20165 344.81845 0.52008756 0.42513858 0.28949236 25 0 721 2.2890081 -0.89911832
133 235.52429 347.85223 0.59706236 -0.23694863 -0.50930534 25 0 395 1.0296198 -0.031692185
134 336.02234 350.79858 0.59214296 -0.057883379 -0.081066696 25 0 729 2.0938929 -0.80238618
135 215.29579 354.2372 0.62098782 0.20214599 -0.23800155 25 0 5260 14.499492 -2.903382
136 357.23105 355.85296 0.62251407 -0.11184729 -0.27602004 25 0 1075 3.0608187 -1.214594
137 274.16831 358.31775 0.57312559 0.13151294 -0.22995068 25 0 23272 66.979371 -4.5648527
138 389.99115 365.42998 0.51648547 0.05144067 -0.024480387 25 0 1514 4.7131804 -1.6832851
139 201.59007 367.22154 0.64163705 0.10126845 -0.36847169 25 0 1524 3.9674044 -1.4962662
140 253.57398 368.57969 0.54025446 -0.32565685 -0.098244079 25 0 2206 6.2779588 -1.9945462
141 71.19651 369.79391 0.63328805 -0.057067191 -0.24639051 25 0 5119 14.250992 -2.8846128
142 403.25869 369.86068 0.60667772 -0.20642099 -0.32528003 25 0 1019 2.960093 -1.1782634
143 114.48385 370.71381 0.6376941 -0.18399995 -0.21244571 25 0 538 1.2953963 -0.28100661
144 474.84052 371.99632 0.64819716 -0.056272403 -0.20510077 25 0 9499 26.757392 -3.5686094
145 341.49158 382.95666 0.66074186 -0.089823228 -0.317173 25 0 3453 9.2635453 -2.4169431
146 50.417105 383.93514 0.68574424 -0.091156728 -0.29951888 25 0 4019 10.695002 -2.5729522
147 96.040478 386.10779 0.31961463 0.18853757 0.37129351 25 0 536 2.0896136 -0.80016498
148 202.9064 387.22029 0.63443506 -0.021074264 -0.10148536 25 0 639 1.5980555 -0.50897963
149 459.41098 388.44287 0.65335401 -0.72412927 -0.25892468 25 0 539 1.6249897 -0.52712653
150 76.005124 388.64611 0.64363427 -0.012025585 -0.073395829 25 0 463 1.1841524 -0.18351902
151 120.12146 389.9312 0.64583254 0.0028033444 -0.25256999 25 0 1591 4.2885652 -1.58078
152 491.65043 390.15142 0.58421966 -0.33902776 0.037204752 25 0 241 1.0066201 -0.0071639959
153 430.75026 392.42917 0.57978857 -0.31188131 -0.11923792 25 0 2138 6.3225529 -2.0022312
154 460.17986 391.9811 0.67011701 -0.20240986 -0.22380096 25 0 2198 6.1407821 -1.9705592
155 35.590706 394.95998 0.66050666 0.061074353 -0.31746379 25 0 628 1.688712 -0.56888895
156 222.17208 399.97757 0.60480666 -0.061022881 -0.3060946 25 0 7907 22.740485 -3.3919993
157 352.63453 402.21165 0.57275819 -0.027918603 -0.30732582 25 0 664 2.0275158 -0.76741064
158 251.20776 407.66181 0.60280072 0.89688494 -0.11451878 25 0 548 1.4237132 -0.38355626
159 388.05635 407.27366 0.68002683 0.12353047 -0.11652554 25 0 567 1.5854668 -0.50039289
160 248.47461 411.20516 0.60698458 -0.25489568 -0.32250041 25 0 1790 4.9286258 -1.7318146
161 469.99868 411.88802 0.72190302 0.31752303 -0.11235838 25 0 387 1.1651992 -0.16600043
162 80.556167 416.35068 0.71143833 0.36309271 -0.1861711 25 0 932 2.2252539 -0.86844891
163 104.60923 417.85683 0.67278596 0.1024946 -0.27033713 25 0 2416 6.3256246 -2.0027585
164 280.37066 428.11288 0.74281992 -0.2191502 -0.43675999 25 0 452 1.1564034 -0.15777337
165 155.44858 435.92414 0.6551345 -0.17083297 -0.35979134 25 0 2229 5.8536331 -1.9185637
166 128.91535 436.79384 0.54369773 0.084972404 -0.16812365 25 0 1000 2.9417105 -1.1714998
167 228.54251 439.41989 0.59565021 -0.53442621 -0.24790338 25 0 959 2.5360524 -1.0103955
168 487.61669 439.43346 0.4259637 0.24589685 -0.36975099 25 0 58327 153.85913 -5.4678082
169 341.217 441.31534 0.58164043 0.1056402 -0.22126324 25 0 3048 9.0532449 -2.3920107
170 241.61422 443.85643 0.70942132 -0.17587767 -0.23098349 25 0 1218 3.031258 -1.2040573
171 87.75515 445.56665 0.60815623 0.39332624 -0.11456029 25 0 13317 37.536695 -3.9361401
172 473.64513 455.95237 0.67265219 -0.060246296 -0.28546379 25 0 2181 6.0237984 -1.9496761
173 307.68607 459.68387 0.53178497 -0.21874196 -0.13451328 25 0 498 1.5802942 -0.49684485
174 431.8122 460.79115 0.58643948 0.041092461 -0.061156724 25 0 347 1.2244308 -0.21983558
175 358.73177 464.51577 0.59590093 -0.18491998 -0.047294722 25 0 1192 3.5557561 -1.3773299
176 52.852254 465.12916 0.69280005 0.030983239 -0.20640394 25 0 6708 18.170039 -3.1483896
177 145.8312 466.44205 0.55533783 -0.063563675 -0.13926086 25 0 1058 3.1515009 -1.2462936
178 424.1992 468.17 0.42382702 0.015876962 -0.23320912 25 0 58551 198.36897 -5.7436843
179 207.57526 474.37492 0.57928123 0.61304763 -0.065256128 25 0 3976 11.032196 -2.6066549
180 339.13726 476.48372 0.58193952 -0.1229453 -0.17322745 25 0 545 1.6805683 -0.56364042
181 425.27376 475.73364 0.67683173 0.012067843 -0.31069178 25 0 422 1.2320754 -0.22659322
182 110.74478 478.25992 0.63369014 -0.081919076 -0.34137833 25 0 525 1.4143268 -0.37637446
183 257.56768 477.89122 0.65963477 -0.048423746 -0.31950687 25 0 3239 8.8184665 -2.3634827
184 334.86815 483.07192 0.60487733 -0.18404716 -0.24443638 25 0 458 1.4794285 -0.42523497
185 135.60448 483.78807 0.63150047 0.26916547 -0.29229497 25 0 866 2.4088433 -0.95452138
186 60.528165 488.98592 0.64705266 -0.16870703 -0.29000036 25 0 1140 3.1843802 -1.2575623
187 236.93696 498.69407 0.73694853 0.11067098 -0.24246047 25 0 415 1.0648022 -0.068172361
188 112.67121 505.63004 0.67151666 -0.1867055 -0.12602451 25 0 586 1.4190227 -0.37997335
189 158.0213 505.90278 0.6950657 -0.27586155 -0.21191074 25 0 604 1.6140553 -0.51979601
190 113.56356 509.4212 0.63342 0.36134595 -0.24056947 25 0 727 1.8420086 -0.66322916
