id xcentroid ycentroid sharpness roundness1 roundness2 npix sky peak flux mag
1 343.64713 0.26980555 0.77253989 -0.030096596 0.60220458 25 0 382 1.1194148 -0.12247765
2 352.87778 1.8505223 0.60366923 -0.022034365 -0.23146547 25 0 384 1.1793751 -0.1791299
3 475.18286 2.2235398 0.62811766 0.0062025441 -0.16959518 25 0 494 1.5360604 -0.46602074
4 1.6795431 7.3811146 0.63814144 0.00083029175 0.13138272 25 0 828 2.4137305 -0.95672195
5 155.7645 7.011476 0.71128101 0.26822552 0.066152361 25 0 619 1.6063727 -0.51461576
6 9.9305488 7.5429204 0.54296447 0.47603983 0.13596325 25 0 320 1.2417153 -0.23505505
7 381.38502 7.9052769 0.62730313 -0.29640438 -0.14280382 25 0 755 2.1299793 -0.82093848
8 70.782717 9.0443427 0.74434596 -0.037083985 0.03984133 25 0 17831 44.07005 -4.1103588
9 18.227218 10.682183 0.74257394 -0.12563441 0.11131129 25 0 6221 15.330444 -2.9638868
10 454.78646 10.964484 0.67685505 -0.068101353 0.12851487 25 0 753 2.2814429 -0.895524
11 0.39064386 12.285586 0.68435767 0.087573621 0.1489508 25 0 3529 9.2308556 -2.4131049
12 400.56043 29.291958 0.70322255 -0.44377906 -0.083855118 25 0 625 1.6808349 -0.56381265
13 500.24578 29.472708 0.64299238 0.25637645 0.10669364 25 0 248 1.0444978 -0.04726887
14 173.18814 32.321953 0.58240409 -0.06049218 0.041300251 25 0 519 1.5506341 -0.4762733
15 159.9944 36.547408 0.60363018 0.02941229 0.23160065 25 0 587 1.6066907 -0.51483067
16 233.02904 37.422364 0.69993857 0.025654163 0.26815905 25 0 1318 3.2071621 -1.2653023
17 252.57508 38.345072 0.55703368 0.44738499 -0.083454492 25 0 2044 5.6849196 -1.8868108
18 465.46663 38.065574 0.5987218 -0.13204594 -0.23007874 25 0 233 1.0037185 -0.0040297782
19 393.08436 39.191655 0.67208847 0.033195266 0.031390092 25 0 519 1.4040263 -0.36843809
20 370.9925 40.179036 0.28901866 -0.0035525434 0.031504233 25 0 58714 216.13353 -5.8368054
21 436.56024 39.842285 0.66352304 0.0084149278 -0.17596714 25 0 273 1.0015305 -0.0016604298
22 112.84075 40.82837 0.73063985 0.23700306 0.038067092 25 0 618 1.5490505 -0.47516394
23 -0.17683463 41.726833 0.97364557 0.46916204 0.58582999 25 0 477 1.0732504 -0.076752645
24 157.80965 42.662065 0.68289526 0.2113993 0.10483819 25 0 5868 15.062384 -2.9447343
25 446.65779 43.700865 0.62064846 -0.3229178 0.28552576 25 0 842 2.4586934 -0.97676096
26 293.34937 49.20816 0.54622674 0.47504084 -0.064721532 25 0 419 1.223066 -0.21862474
27 340.68798 50.688957 0.63654053 0.28190004 0.063882187 25 0 1695 4.5550915 -1.6462428
28 489.75776 57.142617 0.67088792 0.049016475 0.073977612 25 0 1648 4.5469311 -1.6442959
29 43.950262 61.698778 0.76425306 -0.33773826 0.27592421 25 0 505 1.2278965 -0.22290438
30 100.92692 63.677532 0.65556505 0.36635477 0.36842134 25 0 463 1.2227224 -0.21831966
31 77.853975 63.90287 0.65730497 0.043466989 0.023208892 25 0 710 1.8935834 -0.69321107
32 479.38203 64.079994 0.63057117 0.034176322 -0.02526604 25 0 1576 4.5230206 -1.6385714
33 44.150704 65.636742 0.80725597 -0.51976593 0.053919583 25 0 511 1.2156925 -0.21205938
34 158.69893 65.52394 0.6247632 0.20537447 0.22334022 25 0 469 1.1246751 -0.12756771
35 464.67673 65.739949 0.62156353 0.081010669 -0.011176793 25 0 606 1.7978547 -0.63688645
36 102.19413 68.699212 0.70228761 -0.059446059 0.12134151 25 0 1907 4.7828702 -1.6992215
37 8.1915918 74.416486 0.58332787 0.069266578 0.016515055 25 0 313 1.0193689 -0.02082841
38 1.3428235 77.04085 0.63521685 -0.31579347 -0.20174837 25 0 701 1.9813817 -0.74242035
39 397.10686 76.76106 0.67948 0.072700382 0.09081538 25 0 3901 10.071264 -2.5077099
40 17.476988 79.896354 0.75253784 -0.12993108 -0.034148278 25 0 776 1.9207986 -0.70870457
41 166.19676 80.563268 0.67644259 0.16843878 0.13641337 25 0 567 1.3565064 -0.33105461
42 138.40315 83.979761 0.55686743 -0.1932235 -0.10261919 25 0 559 1.5018732 -0.44158317
43 201.36727 90.660031 0.55862224 -0.14212477 -0.17850421 25 0 481 1.1965926 -0.19486576
44 330.0556 91.124812 0.6721018 -0.14788849 0.098118458 25 0 1593 4.0739469 -1.5250384
45 334.05869 93.027044 0.71307665 -0.25028069 0.079580744 25 0 1890 4.5736087 -1.6506475
46 232.51881 94.152101 0.63427064 0.15611343 -0.077482955 25 0 1681 4.155412 -1.5465352
47 162.13319 98.134455 0.71895586 -0.043002044 0.031794356 25 0 589 1.4146556 -0.37662683
48 498.20868 97.547574 0.66910446 -0.10168341 0.37150308 25 0 322 1.0181861 -0.019567931
49 100.09206 98.562091 0.68988367 -0.071781555 0.14035241 25 0 3644 9.0035596 -2.3860356
50 378.70355 109.1088 0.67518705 -0.10398339 0.057772987 25 0 687 1.6922457 -0.57115854
51 265.53452 111.48893 0.5407804 0.55598526 0.026960073 25 0 14219 39.855483 -4.0012202
52 282.95579 111.38154 0.68371606 0.19733155 0.35619255 25 0 1238 2.9438641 -1.1722944
53 349.45803 112.40841 0.58785494 -0.49105812 -0.030729338 25 0 1146 3.0415147 -1.2077248
54 292.9437 112.83429 0.70582051 0.1119227 0.093807874 25 0 2344 5.7497043 -1.8991138
55 494.73374 113.86874 0.70577909 -0.069549001 0.10679213 25 0 394 1.2039627 -0.20153262
56 144.51558 115.13639 0.59947066 0.087680567 -0.14586665 25 0 480 1.1653031 -0.16609723
57 245.05134 114.65958 0.585479 0.46470156 0.2368826 25 0 577 1.3732196 -0.34434999
58 199.42784 116.01022 0.64148955 0.16561602 -0.082372429 25 0 526 1.2281022 -0.22308628
59 97.275088 116.66303 0.62724655 -0.26559098 -0.0068983024 25 0 552 1.3618157 -0.33529586
60 196.91524 118.16551 0.6843655 -0.065689848 0.055378121 25 0 2599 6.6692339 -2.0601899
61 29.512278 120.15391 0.62942716 -0.11014497 -0.11335518 25 0 416 1.1680376 -0.16864204
62 220.86079 123.56478 0.64205747 0.26922236 0.18265023 25 0 2000 5.1325001 -1.7758224
63 52.065278 125.52733 0.66872895 0.24887296 0.31950669 25 0 1312 3.3426602 -1.3102306
64 24.332572 126.11058 0.68007871 -0.22245775 0.030221083 25 0 433 1.1461138 -0.14806932
65 298.29266 126.65375 0.62699724 -0.1601704 0.21595114 25 0 621 1.5029226 -0.44234153
66 440.77847 134.59576 0.65756886 0.39843988 0.16085644 25 0 12850 33.286151 -3.805659
67 343.49985 140.5069 0.62228628 -0.41593964 0.042052882 25 0 2815 6.9804823 -2.1097136
68 59.418054 141.78078 0.59750921 -0.27056739 -0.061199896 25 0 781 2.1291394 -0.82051025
69 42.367325 145.74742 0.71263883 -0.1871996 0.084649116 25 0 654 1.5947018 -0.50669874
70 142.29875 154.85691 0.81143703 0.24413973 0.08213612 25 0 581 1.1349563 -0.13744784
71 430.70946 156.17982 0.67525018 -0.01511409 0.048342759 25 0 56367 143.86791 -5.3949099
72 251.12788 160.46046 0.6366542 0.21591614 0.12111238 25 0 632 1.5175086 -0.45282792
73 469.96339 159.56431 0.57241526 0.052807835 0.27680353 25 0 531 1.6429837 -0.53908314
74 198.35736 163.94163 0.6915685 -0.056845207 0.0076857601 25 0 756 1.6744764 -0.55969759
75 78.088932 167.82633 0.72241038 -0.11377146 -0.0001476176 25 0 563 1.3450891 -0.32187766
76 390.88784 168.67909 0.61733833 0.27510993 0.39830607 25 0 506 1.3556619 -0.33037851
77 270.82677 168.89415 0.67850277 0.24231216 0.12896835 25 0 2204 5.442709 -1.8395378
78 208.99645 169.71195 0.73860241 -0.0080820497 0.14165532 25 0 1281 2.8950279 -1.1541319
79 458.11255 170.74712 0.61783588 0.062086122 0.24516083 25 0 395 1.2450249 -0.23794508
80 197.51431 172.3344 0.60314546 0.44833796 -0.045789301 25 0 1520 3.7335638 -1.4303089
81 0.51758313 176.90187 0.66752894 -0.32179031 0.11612308 25 0 778 1.9899262 -0.74709245
82 465.91641 177.14467 0.68636238 0.072410907 0.10141549 25 0 3228 8.3475733 -2.3039006
83 61.51122 178.49999 0.48865358 0.44109833 -0.031812082 25 0 629 1.6936441 -0.57205535
84 159.73026 178.46945 0.69576098 4.207263e-05 0.19719791 25 0 1986 4.557554 -1.6468296
85 455.74579 179.58981 0.65472823 -0.014017724 0.27499544 25 0 616 1.6979821 -0.5748328
86 34.945357 180.83739 0.54364204 0.69137868 0.43464969 25 0 331 1.0394014 -0.041958254
87 271.48454 181.14951 0.67643749 -0.025394682 -0.067780272 25 0 1191 2.7133081 -1.0837478
88 466.27654 182.11889 0.64014583 -0.13667966 -0.002867278 25 0 907 2.488373 -0.98978869
89 234.06201 183.82275 0.70713245 0.17554355 0.099405821 25 0 964 2.1748179 -0.84355722
90 116.26501 184.99187 0.69085437 0.0091071643 0.026873226 25 0 46014 117.69785 -5.1769213
91 165.9985 186.15985 0.7329493 0.09276351 0.10313991 25 0 683 1.5540633 -0.47867173
92 465.51734 190.10826 0.57952598 0.036744095 -0.099869915 25 0 362 1.1322554 -0.13486096
93 499.74871 194.04237 0.70062208 -0.17361823 0.087049858 25 0 631 1.7266164 -0.59298968
94 212.90198 196.69231 0.65518642 0.38052721 0.22706643 25 0 767 1.8537319 -0.6701173
95 111.26275 199.163 0.68732015 0.3662292 0.1442349 25 0 693 1.575264 -0.49338337
96 9.4856291 207.06761 0.65885369 -0.16677456 -0.070090578 25 0 2007 5.1173641 -1.7726158
97 57.113541 208.04635 0.71416626 0.45013928 -0.0085873135 25 0 530 1.2145571 -0.21104488
98 59.43395 209.49891 0.54510478 0.26170666 0.011981179 25 0 475 1.2620814 -0.25271842
99 470.4862 210.05268 0.62826362 -0.12253148 -0.14351779 25 0 1070 2.9521378 -1.1753416
100 32.635217 211.56302 0.6198003 0.38766393 0.033340797 25 0 1804 4.7867184 -1.7000947
101 371.05397 212.37749 0.67078315 0.29972188 0.17746003 25 0 1679 4.192556 -1.5561972
102 301.28534 214.52311 0.53741547 0.36357734 0.16058768 25 0 684 1.8132999 -0.64617408
103 195.53672 216.02022 0.64124559 0.075214295 -0.050762169 25 0 1056 2.4765663 -0.98462491
104 284.70242 221.26707 0.68720254 -0.066563526 0.08570519 25 0 3248 8.0015893 -2.2579406
105 396.88202 223.24912 0.67551041 0.049541851 0.12228647 25 0 4976 12.797107 -2.7677795
106 30.064823 223.75357 0.8200819 -0.18817871 0.15476017 25 0 494 1.0329805 -0.035230302
107 467.03745 223.82263 0.71621123 0.098359486 0.11504265 25 0 17106 42.960309 -4.0826685
108 371.86135 225.53968 0.66344606 0.42475402 0.2250267 25 0 1196 2.9620604 -1.1789848
109 225.35303 232.15905 0.65489935 0.13290306 -0.05254505 25 0 755 1.7074756 -0.58088624
110 285.22355 232.94054 0.68105548 0.083684324 -0.071663545 25 0 949 2.1595319 -0.83589906
111 476.27412 235.34462 0.61389402 0.24453438 0.036737281 25 0 1874 5.2038008 -1.7908017
112 473.14834 248.75332 0.68702959 0.061979615 0.12283547 25 0 8265 21.192648 -3.3154631
113 248.97283 249.56644 0.68725354 0.19103135 0.19077536 25 0 5586 13.927679 -2.8596969
114 21.268185 250.66637 0.65064982 -0.044216594 -0.011244128 25 0 1079 2.7139682 -1.0840119
115 311.0438 251.98755 0.66571662 -0.10422866 0.077223875 25 0 579 1.3967963 -0.36283272
116 376.58181 258.29722 0.55585083 -0.52658749 0.053543452 25 0 396 1.1222766 -0.12524976
117 149.74667 259.99978 0.76830825 0.38938035 -0.092772269 25 0 496 1.0103844 -0.011216536
118 78.114481 270.47712 0.70102093 0.031217298 0.24083593 25 0 1698 4.0432779 -1.516834
119 92.392526 279.75303 0.69522976 -0.06225611 0.14549104 25 0 851 1.93257 -0.71533809
120 392.70709 281.60102 0.64101175 0.35939396 0.12876116 25 0 5682 14.947198 -2.9363995
121 205.54157 283.30494 0.61667426 0.028057285 0.040282358 25 0 941 2.3699127 -0.93683089
122 112.23419 284.55912 0.59886516 0.49488467 0.16845735 25 0 1217 3.1287282 -1.2384196
123 83.9299 284.6631 0.68839596 0.15463732 0.14432863 25 0 1408 3.4119247 -1.3324986
124 498.40236 286.49075 0.56845854 -0.59779939 0.11267059 25 0 525 1.6868015 -0.56765992
125 366.89522 286.42782 0.69140097 0.26258427 0.41208124 25 0 480 1.1647262 -0.16555958
126 36.578587 289.45455 0.59779689 0.42002162 0.0158515 25 0 465 1.212111 -0.20885597
127 181.42568 293.98363 0.65198522 -0.13866712 -0.2401884 25 0 615 1.4892402 -0.43241187
128 95.698697 300.1702 0.67001011 -0.076738712 0.030157283 25 0 1558 3.9936983 -1.5034381
129 0.3749472 304.56091 0.83365013 -0.43613073 0.41246594 25 0 745 1.5652913 -0.48648793
130 471.17191 305.2929 0.70349582 0.15498758 0.083409877 25 0 1055 2.8240907 -1.1271966
131 239.33465 305.53861 0.66466145 -0.22550584 0.26148616 25 0 820 1.8992011 -0.69642738
132 158.47932 310.36464 0.53315037 0.78319315 0.14099003 25 0 2733 7.533727 -2.1925247
133 18.933544 312.40677 0.65527554 -0.31951019 0.0416092 25 0 973 2.3494814 -0.92743004
134 34.491917 312.28484 0.63561966 -0.30520993 -0.072127148 25 0 2083 5.3102714 -1.8127918
135 208.07832 319.95992 0.8020251 -0.01316836 0.088027721 25 0 504 1.0279532 -0.029933408
136 350.77069 321.80492 0.67170955 0.1137095 0.073550947 25 0 620 1.6403849 -0.53736439
137 3.4783606 322.44487 0.61724657 -0.71931703 0.11593181 25 0 764 1.8992933 -0.69648009
138 41.052377 329.54796 0.62005246 0.31747638 0.27418563 25 0 4640 12.374854 -2.7313502
139 308.10752 329.25929 0.53010476 0.20240581 0.10511237 25 0 516 1.5861143 -0.50083621
140 51.263746 330.47101 0.60109615 0.36566577 0.14114422 25 0 11617 31.565554 -3.7480335
141 401.1043 329.52481 0.73504069 0.065304131 0.20307194 25 0 585 1.4917134 -0.43421345
142 284.16517 330.62593 0.53135967 0.24386289 -0.22108595 25 0 737 2.1100578 -0.81073589
143 97.474344 331.4964 0.57456594 0.58838463 0.025814928 25 0 854 2.1669116 -0.839603
144 509.46373 336.91852 0.65759532 0.29400289 0.31323282 25 0 886 2.3378002 -0.92201847
145 381.36724 343.02083 0.61351638 0.47058153 0.056598971 25 0 684 1.9844865 -0.74412036
146 260.45619 346.90739 0.6128563 0.097085424 -0.120548 25 0 4948 13.13696 -2.7962372
147 402.5087 348.13369 0.64129233 -0.11574748 -0.047731891 25 0 999 2.7048593 -1.0803617
148 42.549297 349.52611 0.69805419 -0.64858285 0.099579787 25 0 800 1.8610894 -0.67441809
149 32.907062 349.88007 0.73130481 0.52499737 0.12220532 25 0 512 1.1578711 -0.15915057
150 319.4586 350.69918 0.63185008 -0.18722385 -0.024697683 25 0 23842 61.299291 -4.4686386
151 15.283584 351.37485 0.6444582 -0.26123084 0.20657287 25 0 793 2.0395242 -0.77382215
152 42.817873 353.29606 0.6678443 -0.23394745 0.13606068 25 0 1405 3.580677 -1.3849129
153 43.938176 356.73959 0.66843764 -0.51109114 0.10211699 25 0 605 1.5797072 -0.49644152
154 435.34861 357.75718 0.69987362 -0.25281525 0.03759414 25 0 2018 5.2499471 -1.8003873
155 246.74997 359.87304 0.68130929 0.20610711 0.036737487 25 0 1671 4.2314878 -1.5662327
156 298.85394 361.03426 0.72355129 0.068602808 0.089675325 25 0 3267 8.0549822 -2.2651615
157 448.46364 362.13458 0.64905253 -0.19494627 -0.099720577 25 0 1011 2.7931252 -1.115226
158 116.53072 362.7647 0.62820364 -0.26993306 -0.097074049 25 0 4690 12.316696 -2.7262355
159 159.73351 363.52359 0.61239662 0.32539313 0.11796563 25 0 453 1.0374754 -0.039944569
160 43.707589 365.91839 0.56977837 -0.49268662 -0.33723285 25 0 394 1.0276195 -0.029580836
161 23.92783 369.63097 0.68781004 0.086765338 0.24589469 25 0 787 2.0185675 -0.76260818
162 386.75538 375.32067 0.68805257 -0.082364262 0.091035787 25 0 3647 9.2545193 -2.4158847
163 95.577963 376.96952 0.69444095 0.028500908 -0.057860664 25 0 3926 9.8510768 -2.4837093
164 141.33694 378.57934 0.48158274 0.62643821 -0.026797832 25 0 447 1.330485 -0.31002498
165 248.11599 379.84359 0.65216324 -0.11622392 -0.06939935 25 0 656 1.7531287 -0.60953453
166 121.10636 381.74486 0.59419587 -0.11777015 -0.01006026 25 0 468 1.3202176 -0.30161383
167 25.840882 383.077 0.73069667 0.04142096 -0.037014929 25 0 1180 2.9416184 -1.1714659
168 165.50499 382.7744 0.6507936 -0.20887784 -0.08575286 25 0 1349 3.3333549 -1.3072039
169 505.53891 384.02131 0.6461603 -0.097735954 -0.10014358 25 0 1954 5.3764452 -1.8262381
170 476.19295 384.43251 0.70743877 -0.19204894 0.23637364 25 0 2397 6.0887456 -1.9613196
171 80.965607 387.98039 0.64341562 -0.12164995 0.18869968 25 0 652 1.7365058 -0.59919059
172 267.46386 392.51301 0.6154766 -0.40249231 0.069531299 25 0 6773 17.512268 -3.108356
173 397.92454 394.50586 0.62889777 0.10230584 0.09410701 25 0 725 2.1160045 -0.81379149
174 296.63873 400.02342 0.62265462 0.44607022 -0.16243012 25 0 612 1.663013 -0.5522391
175 433.53541 399.34829 0.53219261 -0.59155613 0.24958659 25 0 345 1.3262427 -0.3065575
176 24.171275 404.13804 0.71011551 -0.075244051 -0.051019261 25 0 1031 2.6013842 -1.0380113
177 293.85531 403.65366 0.72191565 0.22688742 0.13819691 25 0 2145 5.3320164 -1.8172287
178 125.94219 409.4167 0.6375501 0.29683425 0.31890473 25 0 848 2.30427 -0.90633344
179 149.98881 410.76412 0.68324473 0.020145621 0.053489784 25 0 2425 6.260809 -1.9915761
180 2.5150838 414.38479 0.71390316 -0.29814471 0.11514307 25 0 1210 2.9556 -1.1766141
181 235.49856 427.70089 0.41630125 0.18822922 -0.19168139 25 0 280 1.0621107 -0.06542443
182 200.69591 428.59213 0.63751859 0.50636661 0.085022738 25 0 2040 5.2839544 -1.8073977
183 423.10159 429.30623 0.65821291 0.3566514 0.16288862 25 0 326 1.1327749 -0.13535903
184 174.26586 429.58309 0.71123594 0.089632683 0.18546594 25 0 1069 2.5870905 -1.0320291
185 273.97756 431.83828 0.7602111 0.01825555 0.089680608 25 0 1283 3.1390155 -1.2419837
186 386.49765 433.57261 0.56697378 0.46006792 0.045012246 25 0 2651 7.6972262 -2.2158356
187 287.03117 436.32589 0.6442168 -0.21928888 0.32494916 25 0 1182 3.2149912 -1.2679495
188 55.975417 437.41834 0.64480543 0.67298676 0.10323289 25 0 357 1.0378122 -0.040296981
189 133.17723 438.44258 0.68037254 -0.041294159 0.21080532 25 0 13697 34.120146 -3.8325272
190 353.10121 451.84865 0.71327777 -0.18509561 -0.0072854444 25 0 702 1.9793397 -0.74130086
191 477.16458 452.71273 0.72395683 -0.32125836 0.30998641 25 0 401 1.2929037 -0.27891544
192 404.17714 456.72574 0.75517127 -0.091608704 0.057104146 25 0 1446 3.6927807 -1.4183838
193 98.24436 458.22908 0.64553802 0.13259579 0.0085139176 25 0 5846 15.618069 -2.9840684
194 191.14305 459.07377 0.70678775 0.16278673 0.11640052 25 0 1273 3.2476387 -1.2789193
195 469.59925 460.29838 0.4475266 -0.20614721 0.055274968 25 0 58309 181.81431 -5.6490702
196 333.20565 460.91682 0.52284334 0.55756773 0.13695232 25 0 243 1.0298942 -0.03198152
197 7.0030257 462.60037 0.73717721 0.10267578 0.15578068 25 0 1211 3.0262346 -1.2022565
198 252.96205 467.09657 0.73213403 0.040517045 0.062223782 25 0 5991 15.041118 -2.9432003
199 470.93921 467.90819 0.72557972 -0.023543696 0.083576489 25 0 517 1.6162306 -0.52125832
200 384.576 468.6395 0.68345851 -0.02979551 0.080967964 25 0 557 1.6399353 -0.5370668
201 303.02888 470.32277 0.68958734 0.18478193 0.16163503 25 0 3382 8.7957651 -2.3606841
202 156.1573 471.1588 0.78678487 0.12064417 -0.046389682 25 0 517 1.2697741 -0.25931618
203 380.35868 475.51065 0.50260349 0.48809791 -0.076650501 25 0 263 1.1116923 -0.11496152
204 180.91678 476.52797 0.6472973 0.14338306 0.15462002 25 0 771 2.0501117 -0.77944383
205 105.94927 481.93967 0.7350162 0.11388967 0.091826589 25 0 1234 3.127466 -1.2379815
206 282.24342 491.25541 0.50512148 0.32201063 0.40482982 25 0 293 1.075598 -0.079125012
207 109.31486 496.8138 0.79370873 0.25393415 0.34985881 25 0 413 1.0206857 -0.022230095
208 158.02855 498.48779 0.64706487 -0.33629898 0.21652905 25 0 598 1.5586101 -0.48184373
209 203.36619 498.65351 0.68366898 -0.61757122 0.12701071 25 0 417 1.069111 -0.072557005
210 158.96439 502.19062 0.70168525 0.3348739 0.12325227 25 0 759 1.9285697 -0.71308834
211 205.40659 505.9213 0.71310313 -0.13869537 -0.12987376 25 0 952 2.4457729 -0.97104032
212 79.649972 509.11334 0.6572712 -0.59143574 -0.070247193 25 0 575 1.4452964 -0.39989234
213 277.94279 509.22391 0.68683914 -0.040369819 0.02222468 25 0 1303 3.4169512 -1.3340969
214 288.82487 509.16702 0.69452087 -0.26801577 -0.025227331 25 0 571 1.5458136 -0.47289279
215 32.92756 509.90237 0.72926704 0.20687817 0.081984366 25 0 853 2.1327748 -0.82236249
216 202.80463 509.94596 0.68271235 0.15623608 -0.11578148 25 0 1113 2.892088 -1.1530287
