id xcentroid ycentroid sharpness roundness1 roundness2 npix sky peak flux mag
1 34.390772 0.045243505 0.92454872 -0.36362133 -0.62814974 25 0 1890.9983 4.2364673 -1.5675096
2 335.85176 5.2747737 0.60433579 0.17599979 -0.07752942 25 0 297.40909 1.1037493 -0.10717615
3 323.30018 12.756054 0.74988907 -0.39981927 -0.28188851 25 0 323.2489 1.0753652 -0.078889917
4 295.93424 15.39771 0.52872893 -0.1718475 0.14189056 25 0 493.34484 1.6861832 -0.56726191
5 427.25805 18.805951 0.59941536 -0.40277346 -0.43469883 25 0 445.2861 1.46236 -0.41263577
6 107.7434 22.449485 0.45867816 -0.82582362 -0.0019145154 25 0 315.55127 1.2007944 -0.19867161
7 22.955546 24.248727 0.62221753 -0.33267751 -0.22520082 25 0 12964.564 36.920388 -3.9181656
8 333.22686 24.023694 0.651088 -0.3156274 -0.31997787 25 0 792.18656 2.4116045 -0.95576522
9 406.61291 27.352704 0.72894347 -0.46500081 -0.21377547 25 0 676.12451 1.8852922 -0.68844666
10 465.73638 27.230467 0.65408243 -0.22639737 -0.19865526 25 0 25591.553 70.449172 -4.6196897
11 352.48534 45.527001 0.56408209 0.4536294 -0.27602375 25 0 371.86158 1.2226866 -0.2182879
12 112.30137 52.09134 0.6437313 -0.209995 -0.21351835 25 0 613.12376 1.8575081 -0.67232681
13 185.14854 53.202971 0.56988726 0.002192688 -0.212455 25 0 1039.1736 3.2072914 -1.2653461
14 204.53199 54.092213 0.71937722 -0.24238024 -0.42872521 25 0 2142.925 5.535195 -1.8578323
15 64.895271 56.307585 0.55985009 -0.42438734 -0.19805989 25 0 481.55957 1.625407 -0.52740528
16 322.99973 56.293495 0.3124135 -0.15926712 -0.17079074 25 0 57585.483 207.00961 -5.7899763
17 344.87717 55.34579 0.57188165 0.29685343 0.16973649 25 0 362.67362 1.4169506 -0.37838677
18 109.95256 58.254099 0.5779322 -0.35210867 -0.29289353 25 0 4328.349 12.854302 -2.7726213
19 398.57575 60.001317 0.73083284 -0.39329568 -0.45169124 25 0 977.7924 2.6591006 -1.0618369
20 468.94586 66.06294 0.65170627 -0.16336958 -0.16395152 25 0 847.43725 2.5269159 -1.006477
21 292.56998 66.756821 0.55951759 0.021341966 -0.36350936 25 0 1157.5126 3.5678985 -1.3810312
22 441.60291 73.564276 0.56621907 0.32771705 -0.11269221 25 0 1211.5239 3.6427528 -1.4035743
23 500.00236 76.009327 0.72410506 -0.087655188 -0.11084346 25 0 3710.991 9.9223004 -2.4915309
24 29.937383 79.07443 0.578715 -0.80272162 -0.37568777 25 0 520.20221 1.7183562 -0.58778297
25 53.020603 78.851678 0.59748878 -0.74317186 -0.29258002 25 0 372.21455 1.1463173 -0.14826211
26 431.29783 80.465972 0.62322445 0.14891513 -0.085466129 25 0 1366.1297 3.968091 -1.496454
27 469.78617 81.206329 0.68737753 -0.23268314 -0.36281823 25 0 413.35345 1.273632 -0.26260988
28 416.48711 82.081043 0.56470667 -0.2816295 -0.33115808 25 0 407.11712 1.4841134 -0.42866774
29 54.180723 84.14682 0.64733666 -0.40876421 -0.3456702 25 0 1527.0971 4.4249043 -1.6147597
30 466.98274 89.086929 0.67225618 -0.19102922 -0.35908265 25 0 870.07441 2.3499452 -0.92764433
31 348.87151 92.939338 0.60029673 -0.27436601 -0.28063543 25 0 3060.2576 9.2381855 -2.4139667
32 118.23786 96.09167 0.65136175 -0.32144523 -0.49260018 25 0 416.87495 1.1687728 -0.16932523
33 90.652625 99.586067 0.5274665 -0.5360038 -0.1414583 25 0 429.64129 1.3748934 -0.34567257
34 143.07194 99.686477 0.61745281 -0.11647952 -0.1569367 25 0 342.02254 1.0362561 -0.038667737
35 489.32309 100.04112 0.70496465 -0.089127856 -0.19920963 25 0 23044.516 61.268652 -4.4680958
36 153.50473 106.31928 0.54954926 -0.06281585 -0.50479959 25 0 399.77278 1.154174 -0.15567824
37 282.00594 107.16498 0.5630671 -0.61710412 -0.35442923 25 0 1065.7505 3.3973579 -1.3278533
38 285.87641 108.929 0.52112353 -0.74169841 -0.36077776 25 0 1147.3221 3.709726 -1.4233546
39 184.46423 109.95908 0.64855001 -0.46639834 -0.4051844 25 0 1403.2388 3.705636 -1.4221569
40 52.06706 113.97208 0.61431713 -0.50423242 -0.33131217 25 0 3560.52 10.155727 -2.5167775
41 449.85442 114.12558 0.63137358 -0.18843694 -0.15167204 25 0 402.06746 1.4251708 -0.38466728
42 507.38091 116.53532 0.58019787 -0.4594807 -0.06973315 25 0 1702.3364 4.9192523 -1.7297477
43 487.53126 119.99761 0.66801477 -0.073904534 -0.22479274 25 0 2050.6416 5.6570323 -1.8814716
44 330.39054 125.45099 0.60044808 -0.3203177 -0.20516639 25 0 384.02758 1.2700139 -0.25952118
45 217.44044 127.18341 0.63201888 -0.17203204 -0.33130708 25 0 14564.183 39.605084 -3.9943773
46 234.86035 127.36985 0.57343927 0.11132316 -0.079522136 25 0 818.34583 2.3818324 -0.94227799
47 301.33653 128.47111 0.53955604 0.070261731 -0.12986758 25 0 875.15812 2.8156415 -1.1239434
48 244.84773 128.61354 0.51991934 -0.074514929 -0.11223038 25 0 1405.1524 4.281156 -1.5789026
49 197.06744 130.34714 0.64249367 -0.82026279 -0.24130336 25 0 427.72994 1.0814236 -0.084989561
50 446.51889 130.32723 0.35317438 -0.31832509 -0.034141775 25 0 196.26555 1.1263843 -0.12921651
51 49.207574 132.15363 0.6408217 -0.32248467 -0.50523604 25 0 480.91837 1.3348654 -0.31359373
52 148.83668 133.82246 0.56652129 -0.30577535 -0.31878899 25 0 1748.2185 5.1981473 -1.7896215
53 172.76207 139.26447 0.64879764 -0.4246365 -0.26354944 25 0 1659.3547 4.4439608 -1.6194255
54 3.975343 140.52074 0.58381733 -0.13519161 -0.058697031 25 0 992.49925 2.9324489 -1.1680761
55 250.22496 142.37322 0.51438659 -0.25574126 -0.075004236 25 0 345.91204 1.1888722 -0.18783792
56 392.50149 150.99462 0.68375075 -0.29886662 -0.33991066 25 0 11033.529 28.720842 -3.6454929
57 295.28839 156.54298 0.55269947 0.20136241 0.0036131047 25 0 2185.3319 6.3825941 -2.0124931
58 11.34544 156.94903 0.68748276 -0.30222279 -0.40597824 25 0 710.33973 1.9536948 -0.72714179
59 480.65634 163.05521 0.64775825 -0.21638724 -0.21551199 25 0 7554.192 21.102905 -3.3108556
60 94.142042 170.30883 0.44801068 0.2436937 -0.1147658 25 0 277.45601 1.0187202 -0.020137347
61 382.41895 172.5044 0.59117551 -0.6376682 -0.14527175 25 0 38844.181 106.99634 -5.0734223
62 202.96053 176.18823 0.62777819 -0.43712932 -0.37737967 25 0 462.6273 1.1701548 -0.1706083
63 421.58771 175.92755 0.60109869 -0.25477102 -0.11606182 25 0 502.24455 1.6786213 -0.56238182
64 474.63591 184.45951 0.6058421 -0.50285009 -0.097929929 25 0 5408.9865 15.227258 -2.9565543
65 160.86058 185.3293 0.49445156 -0.40200852 -0.30427437 25 0 752.57022 2.3430997 -0.92447693
66 222.47339 184.68384 0.46389396 -0.16766984 -0.37700053 25 0 1186.1195 3.6036368 -1.3918525
67 410.02975 186.88102 0.61961718 0.01264151 -0.30622379 25 0 292.33778 1.0986536 -0.10215193
68 149.33567 187.94774 0.62286697 -0.50567387 -0.46908299 25 0 1426.3561 3.9282637 -1.4855016
69 13.471276 193.72637 0.58659838 -0.53334557 -0.43205916 25 0 544.24857 1.4988554 -0.43939938
70 111.53986 193.90439 0.70896099 -0.34730317 -0.35371226 25 0 1633.7188 4.1047233 -1.5332097
71 417.56868 193.65207 0.62294321 -0.71262487 -0.25090198 25 0 2226.3324 6.1407669 -1.9705565
72 407.58937 195.88563 0.65608873 -0.49319061 -0.34920423 25 0 518.12041 1.5540912 -0.47869125
73 479.25421 195.56185 0.58577307 -0.074374372 -0.050941645 25 0 587.02358 1.855316 -0.67104472
74 223.25507 196.92738 0.63343648 -0.41609328 -0.42785625 25 0 1046.22 2.8834505 -1.1497813
75 185.84657 199.46093 0.50925354 -0.26415403 -0.33532999 25 0 497.08407 1.3521126 -0.32753212
76 417.98891 198.67557 0.59548521 -0.32373094 -0.18215023 25 0 735.10033 2.2377507 -0.87452926
77 68.157663 200.33361 0.60486681 -0.10278822 -0.16776696 25 0 34501.733 98.83335 -4.9872588
78 451.39741 210.52435 0.51034954 -0.695193 -0.081781958 25 0 369.09613 1.2088973 -0.20597351
79 164.74831 212.37922 0.57337955 -0.58928195 -0.33613105 25 0 431.39452 1.0929678 -0.096518455
80 63.272471 214.33507 0.48396999 0.35403195 -0.030261726 25 0 451.04584 1.5786593 -0.49572103
81 505.16301 214.25782 0.66298511 -0.064842452 -0.1247633 25 0 1534.9628 4.2962986 -1.5827361
82 465.94614 216.66376 0.5795859 -0.11367333 -0.19207263 25 0 497.15087 1.5872005 -0.50157949
83 499.1998 220.44917 0.61926153 -0.041491032 -0.07009802 25 0 2654.4485 7.3627395 -2.1675986
84 9.2793453 223.42644 0.72396113 0.51229642 -0.25692204 25 0 372.63617 1.0075958 -0.008215821
85 11.154625 224.62507 0.59280261 0.49138123 -0.37432148 25 0 387.66499 1.2079155 -0.20509139
86 421.97399 226.51691 0.57893415 -0.1276252 -0.092909476 25 0 858.70711 2.6148283 -1.0436079
87 322.63731 228.4913 0.50721715 0.16707472 -0.15032961 25 0 1015.3888 3.0342846 -1.2051408
88 252.98014 230.47584 0.61112827 -0.5967604 -0.17553806 25 0 494.67261 1.3543668 -0.32934074
89 147.2411 231.72089 0.57695091 -0.13539748 -0.16025337 25 0 836.44485 2.2845131 -0.89698412
90 475.81146 235.30442 0.64788384 -0.30608974 -0.10540241 25 0 4341.2472 12.011634 -2.6990052
91 236.35333 237.16919 0.62935495 -0.13620197 -0.29825157 25 0 2494.0191 6.8630721 -2.0912964
92 348.49447 239.55239 0.56454412 0.33562691 -0.1184298 25 0 3257.6437 9.2459604 -2.4148801
93 418.59491 240.28226 0.60022688 -0.55812675 -0.26363259 25 0 11460.303 32.075842 -3.7654452
94 323.43535 241.75832 0.67721352 -0.53144868 -0.07652246 25 0 895.08432 2.2605415 -0.88553122
95 487.82313 242.20085 0.71068322 -0.31134451 0.029067948 25 0 340.4995 1.0205375 -0.022072395
96 176.95253 247.87558 0.51142888 -0.20441827 -0.12051146 25 0 542.41458 1.7063481 -0.58016908
97 236.97228 248.89694 0.68329279 -0.4232124 -0.43811772 25 0 617.54343 1.5301637 -0.46184475
98 427.77473 251.83593 0.60172897 -0.075083791 -0.19310696 25 0 1678.1017 4.8585909 -1.7162758
99 200.54761 265.40737 0.55634254 -0.69055627 -0.28075307 25 0 3594.2137 10.11627 -2.512551
100 424.6347 265.21459 0.62005154 -0.49160122 -0.23245212 25 0 6527.0984 18.089613 -3.1435732
101 262.28669 267.78474 0.61508873 -0.029340739 -0.1252974 25 0 363.9883 1.1097048 -0.11301868
102 328.04675 274.521 0.46551607 -0.53917651 0.057934664 25 0 320.04706 1.1395704 -0.14185288
103 29.828364 285.91828 0.56278859 -0.47113933 -0.35355347 25 0 1215.4535 3.7725681 -1.4415927
104 44.087991 295.17054 0.62490019 -0.25328475 -0.25062678 25 0 693.63312 1.9500784 -0.7251302
105 344.2629 297.90554 0.64729115 -0.27692342 -0.20410095 25 0 5300.9373 14.567547 -2.908466
106 157.11398 299.00862 0.62413322 -0.27322413 -0.19760571 25 0 910.27044 2.4920838 -0.9914066
107 35.572925 300.12029 0.58804008 -0.24238199 -0.36069521 25 0 894.30739 2.4906221 -0.99076961
108 63.835647 299.91856 0.60868493 -0.24375272 -0.3407858 25 0 1011.6079 2.7828453 -1.1112227
109 449.82923 302.89977 0.71328715 -0.22593031 -0.33996351 25 0 810.32879 2.1547389 -0.83348665
110 132.77701 309.78159 0.46886347 -0.091078682 -0.25473619 25 0 367.83293 1.1130903 -0.11632597
111 47.422689 315.51027 0.60947564 -0.51633382 -0.18993803 25 0 971.12418 2.6934081 -1.0757554
112 395.09742 316.31155 0.55049351 0.11928763 -0.061928953 25 0 341.74695 1.0481873 -0.05109724
113 190.92963 321.46198 0.56773439 -0.48390298 -0.12383873 25 0 681.1063 1.8711516 -0.68027245
114 422.68801 321.80246 0.57890042 -0.70373084 -0.38240546 25 0 817.7131 2.4357146 -0.96656601
115 110.07441 326.04573 0.61139186 -0.29483308 -0.29112623 25 0 3053.5503 8.562677 -2.3315239
116 302.08695 338.02249 0.66984634 -0.74064662 -0.46059255 25 0 577.27368 1.4534933 -0.40603255
117 2.9221607 345.70669 0.60104026 -0.16966869 -0.21052052 25 0 10428.933 29.889815 -3.6888081
118 352.46201 345.75681 0.72001659 -0.67125583 -0.20316633 25 0 435.0573 1.055103 -0.058237191
119 49.192368 347.01404 0.60283295 -0.41270126 -0.21469632 25 0 954.42224 2.742375 -1.0953171
120 235.86692 346.79833 0.49960273 -0.16485992 -0.3020266 25 0 721.67873 2.2520647 -0.88145216
121 460.89337 353.68556 0.66669208 -0.23488577 0.37882014 25 0 866.00227 2.1547763 -0.83350548
122 332.59339 359.34734 0.5137964 -0.46791853 -0.25626521 25 0 548.41147 1.6229287 -0.52574858
123 212.01193 362.82513 0.60599605 -0.31401119 -0.23080881 25 0 4717.5261 13.230757 -2.8039617
124 354.02045 364.50801 0.59826783 -0.20398535 -0.1068821 25 0 921.4518 2.5872937 -1.0321143
125 270.80724 366.92305 0.58837446 -0.32780843 -0.32125226 25 0 21386.616 60.73081 -4.4585227
126 386.60523 374.17465 0.59516346 -0.55356686 -0.25877762 25 0 1686.2908 4.786845 -1.7001234
127 198.28068 375.86364 0.60475618 -0.597623 -0.29497842 25 0 1398.115 3.7661692 -1.4397496
128 250.34914 377.06234 0.62568592 -0.28689155 -0.32950281 25 0 2600.6434 7.1470707 -2.1353202
129 67.929207 378.27003 0.60821469 -0.29613641 -0.24316307 25 0 4290.2141 12.122504 -2.7089809
130 399.84442 378.54443 0.59257078 -0.54692849 -0.097102901 25 0 897.81768 2.4529222 -0.97420944
131 111.0321 379.11058 0.70838868 -0.19764901 -0.21855604 25 0 579.51995 1.3971908 -0.36313931
132 471.61086 380.76634 0.67377018 -0.69865471 -0.31203974 25 0 8062.9684 20.92047 -3.3014286
133 47.102765 392.4206 0.57115536 -0.24438701 -0.18555943 25 0 2843.7514 8.1201227 -2.2739065
134 338.15145 391.60849 0.60899701 -0.42685408 -0.14186641 25 0 2957.4238 8.1315333 -2.2754311
135 92.79227 394.06076 0.62136888 -0.18020845 -0.28492704 25 0 578.31914 1.4771352 -0.42355062
136 199.62295 395.68987 0.55022554 -0.27768161 -0.34900626 25 0 490.74607 1.1796645 -0.17939625
137 116.77703 398.48863 0.52577389 -0.48381631 -0.18151537 25 0 1097.4532 3.1601337 -1.2492636
138 427.47023 401.06783 0.71290585 -0.31884134 -0.35582278 25 0 2503.8406 6.3274818 -2.0030773
139 456.8102 400.72128 0.64467287 -0.24506363 -0.12568029 25 0 2039.6144 5.4956892 -1.8500554
140 32.359659 403.31422 0.54717463 0.18020085 -0.31317286 25 0 519.50784 1.538641 -0.46784329
141 218.77519 408.46598 0.49137523 -0.073701211 -0.17746439 25 0 5166.1791 15.281896 -2.9604431
142 349.29561 410.80783 0.62525826 -0.31130965 -0.16638207 25 0 780.33856 2.1452391 -0.82868927
143 247.80776 416.08718 0.48490048 0.030815042 -0.17391841 25 0 509.96333 1.4288118 -0.38743755
144 384.69484 415.7806 0.51402918 -0.038773071 -0.30874721 25 0 508.58126 1.4743139 -0.42147487
145 245.1784 419.79865 0.64743295 -0.37422227 -0.27590287 25 0 1831.2807 4.8684152 -1.718469
146 77.263643 424.83437 0.70045439 -0.455041 -0.34321234 25 0 875.07869 2.1457555 -0.8289506
147 101.33296 426.35608 0.6178072 0.045354492 -0.23079023 25 0 1961.3064 5.1891098 -1.7877322
148 152.12133 444.57628 0.52391129 -0.067989935 -0.095022155 25 0 1708.7064 4.894022 -1.7241648
149 125.54437 445.32817 0.6610242 0.1039026 -0.41639149 25 0 946.07735 2.1954152 -0.85379169
150 374.05638 445.88112 0.65038278 -0.05352143 -0.18941644 25 0 489.49546 1.3258868 -0.30626615
151 225.27152 447.93169 0.66425946 -0.47609949 -0.34718223 25 0 1142.1003 2.8921411 -1.1530487
152 484.21861 448.1026 0.22841443 -0.35857973 -0.1006225 25 0 60778.926 215.61825 -5.8342138
153 337.83294 450.03896 0.64106244 -0.29867031 -0.25400614 25 0 3076.2845 8.4341632 -2.315105
154 238.30394 452.30366 0.56928139 -0.55548509 -0.13983716 25 0 928.17475 2.4006293 -0.95081278
155 84.534845 454.07857 0.70531588 -0.22242293 -0.43154694 25 0 12952.631 32.740612 -3.787717
156 510.14104 463.4283 0.3924087 0.31226606 0.16457705 25 0 268.44352 1.0062387 -0.0067524883
157 470.24658 464.69171 0.71039509 -0.51107919 -0.11405369 25 0 2330.7875 5.9036858 -1.9278081
158 304.23516 468.03566 0.71458885 -0.239968 -0.17368404 25 0 801.41407 1.8962533 -0.69474085
159 428.32485 469.34911 0.56200815 0.35949509 -0.27359044 25 0 427.75735 1.0027857 -0.003020345
160 355.29813 473.16051 0.69847261 -0.15775904 -0.22436181 25 0 1408.5123 3.536587 -1.3714609
161 49.47793 473.56521 0.5534718 0.13759985 -0.27421234 25 0 4166.326 11.795772 -2.6793159
162 142.44263 474.97392 0.66832804 -0.042989196 -0.44298458 25 0 1130.8583 2.7633812 -1.103602
163 420.81691 476.74563 0.44657935 -0.30023196 -0.21554097 25 0 60471.83 198.2047 -5.7427849
164 204.23078 483.04973 0.67805098 -0.24331318 -0.27536836 25 0 5081.6545 13.501601 -2.8259632
165 335.77912 485.05797 0.56381785 -0.37886177 -0.19377211 25 0 637.71849 1.7613488 -0.6146134
166 422.02801 484.55585 0.5862482 -0.16619508 -0.10276472 25 0 560.41746 1.348359 -0.32451388
167 254.25433 486.54001 0.54687019 0.00064980679 -0.1003363 25 0 2431.3127 6.8556336 -2.090119
168 107.45074 486.70629 0.42456265 0.084831323 -0.31750059 25 0 388.70225 1.1873176 -0.18641724
169 132.17627 492.26119 0.70805634 0.011554727 -0.29790252 25 0 887.23848 2.0781109 -0.79417179
170 57.254006 497.60505 0.47467233 0.45135411 0.10439338 25 0 785.91211 2.2391226 -0.87519468
