id xcentroid ycentroid sharpness roundness1 roundness2 npix sky peak flux mag
1 294.92623 7.6135239 0.55279171 -0.20510917 -0.19410647 25 0 631 1.9745223 -0.73865511
2 426.47453 10.977295 0.61560845 -0.26945243 -0.32780301 25 0 416 1.4861613 -0.43016488
3 106.84094 14.808548 0.64226375 0.0086137724 -0.17814848 25 0 457 1.4057273 -0.36975273
4 332.60098 16.212906 0.69667861 0.16183127 -0.33356707 25 0 804 2.2591652 -0.88486997
5 22.059776 16.687786 0.61818609 -0.077400259 -0.15810861 25 0 13431 38.231106 -3.9560422
6 405.64138 19.501707 0.51725565 -0.21048518 -0.034752125 25 0 466 1.721794 -0.589953
7 464.9897 19.388782 0.66278022 0.14872926 -0.060358197 25 0 26865 72.182623 -4.6460816
8 422.94414 20.953237 0.77561589 0.024755185 -0.18037657 25 0 314 1.049815 -0.05278198
9 351.52843 37.626963 0.63258898 0.1784994 -0.34270288 25 0 456 1.3117461 -0.29462446
10 451.38053 37.963602 0.58109329 0.048157822 -0.34223178 25 0 285 1.1651954 -0.16599687
11 124.303 40.270189 0.60405981 -0.11415457 -0.28874231 25 0 411 1.2370042 -0.23092793
12 111.22303 44.443553 0.65808575 -0.012808541 -0.16971071 25 0 606 1.5800668 -0.49668862
13 184.11965 45.516165 0.61458098 0.24580146 -0.11121663 25 0 1089 2.921021 -1.1638367
14 203.54741 46.359627 0.58425078 -0.42011888 -0.34280492 25 0 1977 5.3123099 -1.8132085
15 322.06532 48.567663 0.35842227 0.11624656 -0.22022656 25 0 58751 190.08775 -5.6973853
16 344.12269 47.544056 0.47171692 -0.34444538 -0.10634315 25 0 359 1.2800926 -0.26810346
17 64.048125 48.640782 0.56590635 -0.27782216 -0.14105362 25 0 438 1.4415946 -0.39710785
18 108.95874 50.584792 0.52727088 0.086729417 -0.17591546 25 0 4237 12.720494 -2.76126
19 151.98038 51.155279 0.58323125 0.51827063 -0.46541141 25 0 379 1.1559273 -0.1573263
20 397.73125 52.127762 0.58653859 0.042433991 -0.29605581 25 0 892 2.6761032 -1.0687571
21 468.16412 58.137525 0.66285069 -0.0049509004 -0.34390666 25 0 768 2.3492522 -0.92732411
22 291.77662 59.001049 0.59417976 -0.090387548 -0.34084316 25 0 1621 4.6447807 -1.667413
23 440.74699 65.824363 0.62478126 0.11387821 -0.15116617 25 0 1457 4.2599324 -1.5735068
24 499.23003 68.060928 0.73166224 0.074421931 -0.16599534 25 0 3725 9.7291478 -2.470187
25 51.909489 71.336882 0.66737783 -0.078561131 -0.011470382 25 0 352 1.0017393 -0.0018868195
26 29.034432 71.520702 0.51859586 -0.17074867 -0.13582766 25 0 459 1.5378924 -0.46731486
27 110.0087 73.400926 0.54635123 -0.052068924 -0.20254969 25 0 374 1.098469 -0.10196953
28 430.34192 72.641687 0.61376279 -0.26208317 -0.14621209 25 0 1458 4.2876595 -1.5805507
29 468.97874 73.369493 0.73470763 0.018766798 0.029412144 25 0 322 1.0448028 -0.047585781
30 415.69942 74.272674 0.670364 0.36066466 -0.46720489 25 0 531 1.5980778 -0.50899478
31 53.381558 76.473865 0.58867436 0.24788455 -0.21001622 25 0 1354 3.9419989 -1.4892913
32 466.11613 81.186673 0.67617252 0.27198451 -0.12854525 25 0 978 2.8514849 -1.1376777
33 348.13707 85.192613 0.6281038 0.022383838 -0.22054828 25 0 3440 9.5499986 -2.4500083
34 117.25262 88.479377 0.60358128 0.38072435 -0.19654722 25 0 459 1.2074055 -0.20463283
35 89.124928 91.917563 0.46837967 -0.37709663 -0.70153457 25 0 606 2.0549431 -0.78199948
36 488.59988 92.132331 0.69105512 0.11692904 -0.32061482 25 0 21539 55.48634 -4.3604652
37 152.50215 98.809787 0.69459084 0.49061965 -0.52106363 25 0 554 1.2729742 -0.26204904
38 281.20737 99.489623 0.58919683 -0.10929092 -0.12815609 25 0 1170 3.1708514 -1.2529397
39 285.12073 101.13938 0.59108411 -0.22309168 -0.35118709 25 0 1560 4.4672881 -1.6251099
40 183.42769 102.23142 0.63464156 0.21138672 -0.30521763 25 0 1622 4.1276214 -1.5392496
41 51.22026 106.31471 0.60595366 0.05677632 -0.23071068 25 0 4002 11.215913 -2.6245866
42 449.12405 106.10693 0.6530161 0.25261704 -0.34514024 25 0 398 1.3349777 -0.31368503
43 506.61058 108.63712 0.58186131 0.46704778 -0.16940695 25 0 1761 5.3464798 -1.8201698
44 486.82587 112.11674 0.66956724 0.027000981 -0.17186501 25 0 2258 6.3163497 -2.0011654
45 329.79518 117.66134 0.50181524 0.39422847 -0.01266952 25 0 513 1.5885449 -0.50249875
46 216.45471 119.53347 0.58613611 0.51076705 -0.16041404 25 0 13961 37.882636 -3.9461005
47 233.9313 119.53829 0.5148911 -0.050394991 -0.12943996 25 0 914 2.5179527 -1.0026189
48 243.91457 120.97656 0.59479287 -0.13195917 -0.28561224 25 0 1896 5.1776507 -1.7853319
49 300.55337 120.6855 0.52370093 0.29594213 -0.29409896 25 0 1001 2.9215212 -1.1640226
50 445.75006 122.52893 0.61923295 0.23671708 0.071906348 25 0 358 1.2546979 -0.24634794
51 95.424403 122.97836 0.57919845 0.10284661 -0.32719329 25 0 502 1.3853659 -0.35391122
52 196.05989 122.61317 0.55109205 -0.021946452 -0.22961894 25 0 525 1.3872746 -0.35540606
53 48.494937 124.55851 0.57384598 0.33130785 0.063281204 25 0 453 1.3576595 -0.33197715
54 147.81465 126.17393 0.5985058 -0.23345773 -0.30192872 25 0 2006 5.516894 -1.8542366
55 475.96182 126.80447 0.78308948 0.17882153 0.0070557189 25 0 519 1.5032506 -0.44257848
56 171.74408 131.56576 0.48708767 0.25323915 -0.23349259 25 0 1402 4.1219541 -1.5377579
57 3.1955877 132.99756 0.65888141 -0.057851696 -0.31224435 25 0 1308 3.6873832 -1.4167957
58 249.21219 134.9003 0.77585381 0.12480477 -0.32376553 25 0 576 1.1013292 -0.1047929
59 391.62333 143.12709 0.60509989 -0.17069943 -0.32877641 25 0 11626 32.224022 -3.7704493
60 10.424371 149.44066 0.5936844 0.39437081 -0.13810948 25 0 635 1.7848484 -0.62900332
61 294.47585 148.7503 0.54310399 0.14663788 -0.37677284 25 0 2601 7.3728743 -2.1690921
62 479.85527 155.21999 0.64475751 -0.0088110999 -0.1367775 25 0 7973 22.135556 -3.3627261
63 93.454263 162.81079 0.59514057 -0.05665269 -0.52471541 25 0 449 1.1497717 -0.15152907
64 381.6064 164.65855 0.52749677 0.30220139 -0.25766653 25 0 41444 121.33843 -5.2099959
65 420.74882 168.16825 0.61875675 -0.059257169 -0.36169146 25 0 464 1.4192546 -0.38015079
66 202.2203 168.5456 0.36796919 -0.12936381 -0.35501208 25 0 430 1.2450138 -0.23793544
67 149.13171 171.93082 0.5985687 -0.34085815 -0.41968318 25 0 565 1.3697467 -0.34160069
68 221.60725 177.06785 0.61711655 -0.33041145 -0.42568748 25 0 1742 4.4529404 -1.6216172
69 341.91186 176.79527 0.60527217 0.26796581 -0.036093114 25 0 551 1.5972449 -0.50842875
70 473.91592 176.51285 0.54259814 0.2657675 -0.0062477529 25 0 5370 16.092935 -3.0165881
71 159.87846 177.63091 0.50084064 -0.035654468 -0.3076988 25 0 825 2.2320922 -0.87178032
72 409.11716 179.01031 0.68401881 -0.42137158 -0.28327074 25 0 370 1.0784857 -0.082035958
73 148.30327 180.28242 0.63268833 0.25772873 -0.34929878 25 0 1589 4.0347286 -1.5145358
74 12.59374 186.11034 0.67626617 -0.2958452 -0.40704834 25 0 813 2.0653452 -0.78748162
75 110.56379 186.29834 0.61607215 -0.18621196 -0.27672776 25 0 1619 4.1173748 -1.536551
76 416.79251 185.77483 0.56888852 -0.02523652 -0.24663098 25 0 2471 7.1575518 -2.1369113
77 406.71284 188.03713 0.55309629 -0.026120082 -0.37891079 25 0 570 1.8701616 -0.67969783
78 478.47403 187.60953 0.62682165 0.56367847 -0.26291833 25 0 579 1.7562018 -0.61143604
79 222.32725 189.20437 0.60052119 -0.05839153 -0.29029011 25 0 1047 2.6865865 -1.0730021
80 417.26796 190.70155 0.59074935 -0.28428787 -0.17005315 25 0 774 2.282433 -0.89599512
81 184.96293 191.93762 0.54530852 -0.0089553021 -0.2018872 25 0 770 2.126675 -0.81925282
82 67.342123 192.74792 0.60134046 -0.25001949 -0.24571579 25 0 36210 100.43592 -5.0047226
83 116.79371 194.08205 0.50125695 0.074326957 -0.46664941 25 0 420 1.1399254 -0.14219111
84 416.40014 198.88549 0.66529506 -0.24378623 -0.14532023 25 0 370 1.1053337 -0.10873354
85 450.56603 202.7074 0.60741779 -0.5406154 -0.43003692 25 0 462 1.400329 -0.3655752
86 163.66251 204.77689 0.52225782 0.048544067 -0.34340538 25 0 640 1.6781459 -0.56207427
87 504.34149 206.64913 0.65467272 0.053752423 0.05525085 25 0 1370 3.8084283 -1.4518645
88 62.412297 206.89217 0.59879598 0.041723879 -0.39404769 25 0 610 1.5431381 -0.471012
89 465.05374 208.71485 0.62014563 -0.031498523 -0.22223184 25 0 530 1.6463451 -0.54130216
90 498.41571 212.53159 0.59954363 0.62483494 -0.046987947 25 0 2549 7.1457749 -2.1351233
91 10.438503 217.32479 0.4391311 0.45048579 -0.16439609 25 0 325 1.0352935 -0.037658737
92 421.29577 218.62386 0.58792291 -0.22704131 -0.19215136 25 0 959 2.8964989 -1.1546834
93 321.8915 220.74898 0.4931542 0.075907419 -0.27759184 25 0 1270 3.8084724 -1.451877
94 252.10952 222.8218 0.52955887 -0.10399208 -0.16232304 25 0 724 1.9518175 -0.72609804
95 146.31863 224.04059 0.64976298 -0.058203266 -0.3350222 25 0 1081 2.6489366 -1.0576789
96 475.06764 227.43335 0.62724749 0.22713045 -0.040519832 25 0 4362 12.074131 -2.7046397
97 235.60706 229.51649 0.59601712 0.45289605 -0.30198189 25 0 2353 6.053665 -1.955046
98 347.63284 231.75353 0.53699939 0.1553162 -0.2895673 25 0 3718 10.710353 -2.5745094
99 417.86611 232.59114 0.55849555 -0.0082615591 -0.0047920281 25 0 11580 32.664684 -3.7851961
100 322.60771 234.02241 0.56920064 -0.27300426 -0.3190212 25 0 1003 2.8139374 -1.1232861
101 176.01728 240.13251 0.60549512 -0.17234655 -0.3961189 25 0 740 1.9319675 -0.71499953
102 236.16219 241.19291 0.59462587 -0.022510876 -0.2733051 25 0 845 2.1953444 -0.85375667
103 26.737644 244.45004 0.58652123 -0.21921957 -0.21924715 25 0 403 1.1202932 -0.12332924
104 427.105 243.99173 0.63024589 0.13348983 -0.158374 25 0 1958 5.6071301 -1.8718516
105 12.846814 246.83674 0.67842707 -0.30036276 -0.3993243 25 0 356 1.0066164 -0.0071599799
106 423.88898 257.50297 0.58179128 -0.047696339 -0.074276838 25 0 6407 17.930495 -3.1339807
107 199.73745 257.76521 0.52390559 0.10278429 -0.31854434 25 0 4247 12.502193 -2.7424655
108 261.77338 260.2329 0.67836231 -0.076110287 -0.074227417 25 0 533 1.2495836 -0.24191333
109 29.091878 278.33264 0.59855857 0.0083528738 -0.2040612 25 0 1325 3.6133362 -1.3947709
110 43.300611 287.51643 0.47931481 0.50654011 -0.051498783 25 0 605 1.7304025 -0.59536785
111 343.58673 290.18044 0.66698076 0.059547236 -0.34013852 25 0 5228 13.311461 -2.8105643
112 156.28782 291.38066 0.53465884 -0.017116583 -0.31763838 25 0 828 2.380888 -0.94184742
113 34.805689 292.47563 0.56109174 -0.064043345 -0.13578847 25 0 1107 3.071366 -1.2183289
114 63.076199 292.37755 0.64357172 0.13912071 -0.17086756 25 0 1282 3.362421 -1.3166302
115 449.02769 295.15262 0.60326922 0.045476621 -0.065630564 25 0 710 2.2624396 -0.88644247
116 132.04009 301.96384 0.66108909 -0.22999412 -0.12829143 25 0 599 1.4033152 -0.36788805
117 46.521274 308.00247 0.60812204 -0.21234786 -0.36296518 25 0 1185 3.1446953 -1.2439464
118 403.18008 312.08443 0.91624093 -0.52356277 -0.57637923 25 0 417 1.0774108 -0.080953348
119 190.16622 313.81977 0.58251424 0.049606845 -0.26255764 25 0 784 1.949151 -0.72461373
120 421.75638 313.90278 0.64074038 0.20920468 -0.2295061 25 0 978 2.7893329 -1.1137509
121 109.27085 318.37518 0.57497712 0.1499571 -0.22047689 25 0 3006 8.3019239 -2.2979469
122 158.89285 327.91105 0.54107497 0.19884636 -0.36305134 25 0 417 1.0553195 -0.058459927
123 301.46634 330.43163 0.65257465 0.20051816 -0.1371133 25 0 572 1.4448472 -0.3995548
124 2.1351109 338.13158 0.67109986 0.044320146 -0.22555743 25 0 13343 35.904006 -3.8878573
125 258.91009 337.62111 0.53306666 0.037724672 -0.17276027 25 0 461 1.2457542 -0.23858092
126 351.58235 338.09096 0.59608756 -0.23097799 -0.16996138 25 0 478 1.3956562 -0.36194609
127 48.456993 339.28147 0.61824954 -0.016678195 -0.19965293 25 0 924 2.4165978 -0.95801092
128 235.23416 339.07811 0.61843089 -0.17461203 -0.31894468 25 0 949 2.4212298 -0.96009003
129 460.03446 345.74012 0.47949361 0.24924176 0.40108848 25 0 700 2.2066662 -0.85934161
130 332.02492 351.4988 0.51429457 0.20212383 -0.07325656 25 0 665 2.1408345 -0.82645775
131 211.2671 355.12741 0.63713793 0.0064702094 -0.31139678 25 0 5289 14.174025 -2.8787329
132 353.15768 356.73521 0.62833779 -0.28875192 -0.18476483 25 0 954 2.5410592 -1.012537
133 270.1215 359.18697 0.60616895 -0.062133544 -0.31496138 25 0 24263 67.257796 -4.5693566
134 385.91383 366.44244 0.58404861 -0.086783153 -0.15952765 25 0 1629 4.6421875 -1.6668067
135 197.58717 368.07336 0.73988491 0.0017552248 -0.48938573 25 0 1525 3.4927054 -1.3579049
136 249.51312 369.37361 0.55584433 -0.4830169 -0.27067328 25 0 2307 6.4733581 -2.0278241
137 67.164271 370.61656 0.60194995 -0.14394369 -0.17411072 25 0 4462 12.252664 -2.7205763
138 110.44782 371.34861 0.57726744 0.12450171 -0.29798927 25 0 495 1.2816272 -0.26940428
139 399.15874 370.74047 0.53457769 0.055262873 -0.25877289 25 0 919 2.8504486 -1.137283
140 470.77596 372.90074 0.62848394 -0.080020667 -0.23042525 25 0 8863 24.943454 -3.4923915
141 337.41697 383.93134 0.65004323 -0.22762344 -0.33128849 25 0 3423 9.1870314 -2.407938
142 46.342752 384.77193 0.64760529 -0.11190189 -0.24132393 25 0 3527 9.4154209 -2.4345993
143 92.108029 386.58989 0.55349415 -0.16358085 -0.21224887 25 0 538 1.4588288 -0.41001083
144 198.753 388.05108 0.55337794 -0.11197115 -0.49551934 25 0 573 1.5061814 -0.4446932
145 71.918022 389.58543 0.62313691 0.29590379 -0.12307208 25 0 421 1.0020842 -0.0022605636
146 116.09822 390.77303 0.59652958 -0.054668112 -0.23276384 25 0 1452 3.98161 -1.5001468
147 426.70362 393.22222 0.63533374 -0.41325446 -0.29375712 25 0 2351 6.5634222 -2.0428258
148 456.07176 392.89059 0.60632171 -0.25718864 -0.21494109 25 0 1990 5.938605 -1.9342111
149 31.717076 395.61811 0.57125511 0.15737716 -0.20427054 25 0 493 1.4607467 -0.41143726
150 218.08382 400.90245 0.60251742 -0.12278853 -0.31876397 25 0 7519 21.088063 -3.3100917
151 348.38932 403.04976 0.67268814 -0.085429499 -0.28923016 25 0 688 1.8337215 -0.65833347
152 247.19113 408.40754 0.55425569 0.403588 0.013996786 25 0 590 1.592131 -0.504947
153 384.0211 408.20413 0.57808324 0.10947016 -0.24104891 25 0 493 1.6004453 -0.51060211
154 244.55149 412.09677 0.58976933 -0.14582211 -0.40293193 25 0 1785 4.83797 -1.7116579
155 76.467719 417.22089 0.67742593 -0.3366779 -0.26173486 25 0 897 2.2367577 -0.87404734
156 100.60372 418.72425 0.60612124 0.24132405 -0.3052569 25 0 1982 5.4257818 -1.8361558
157 151.43826 436.84694 0.6989173 -0.21283217 -0.33606121 25 0 2257 5.5479566 -1.8603326
158 124.93172 437.71133 0.57100667 0.3025613 -0.16793002 25 0 983 2.8186473 -1.1251019
159 373.42759 437.93597 0.71000674 0.26519768 -0.062452014 25 0 339 1.058439 -0.061664562
160 224.58338 440.28377 0.61498615 -0.44251158 -0.34000422 25 0 1012 2.7611368 -1.1027198
161 483.39327 440.25532 0.32320517 -0.046902443 -0.32197202 25 0 58305 174.0324 -5.6015753
162 337.17089 442.21283 0.64004247 -0.011291136 -0.24442072 25 0 3236 8.9745136 -2.3825273
163 237.62261 444.72775 0.63017868 0.020523939 -0.26191003 25 0 1041 2.7121438 -1.0832818
164 83.810967 446.46318 0.53114839 0.29562148 -0.1519808 25 0 10964 32.040211 -3.7642384
165 469.31128 456.86125 0.63669267 0.10658902 -0.45234558 25 0 2001 5.7117794 -1.8919286
166 303.58307 460.3719 0.53465369 -0.57764221 -0.31523467 25 0 512 1.5669243 -0.48762003
167 354.62381 465.36743 0.6293657 -0.52552129 -0.22432621 25 0 1214 3.4519003 -1.3451456
168 48.871118 466.05325 0.66573988 -0.044176753 -0.27861413 25 0 6160 16.80152 -3.0633714
169 141.83439 467.34372 0.62071516 -0.016819025 -0.066603685 25 0 1135 3.0092176 -1.196134
170 420.12033 469.06502 0.41471157 -0.17308384 -0.29503855 25 0 58520 198.07873 -5.7420946
171 203.59419 475.4512 0.63386399 0.40407035 -0.26488846 25 0 4202 11.040212 -2.6074435
172 335.20069 477.14513 0.70650025 -0.53727791 -0.41738475 25 0 624 1.6920626 -0.57104107
173 421.47768 476.75768 0.66849072 -0.48208397 -0.41654312 25 0 423 1.1613735 -0.16242981
174 106.90339 479.24668 0.65438202 -0.30376666 -0.40531376 25 0 446 1.1412843 -0.14348463
175 253.60473 478.78681 0.57105575 -0.0097724367 -0.35028788 25 0 2791 8.1847381 -2.282512
176 330.92341 484.0456 0.67350103 -0.12044129 -0.23856069 25 0 478 1.3901463 -0.35765123
177 131.38772 484.64603 0.5926124 0.18991069 -0.40209095 25 0 727 2.036585 -0.77225637
178 56.61189 489.90682 0.66183199 -0.14430207 -0.36299331 25 0 1109 3.0850021 -1.2231387
179 232.76316 499.71975 0.69919733 -0.045888523 -0.4632193 25 0 446 1.1637207 -0.16462185
180 59.7922 504.99049 0.74235237 0.063068059 -0.43749903 25 0 411 1.0774884 -0.081031501
181 108.53099 506.70875 0.67181051 -0.367609 -0.37596036 25 0 593 1.4028987 -0.36756578
182 154.081 506.89112 0.66170847 0.12568096 -0.28883938 25 0 603 1.5209148 -0.45526225
183 109.52184 510.3258 0.69915062 0.48975993 -0.51375246 25 0 737 1.7129067 -0.58433429
