id xcentroid ycentroid sharpness roundness1 roundness2 npix sky peak flux mag
1 299.32842 6.4296225 0.62384917 0.28686101 -0.1942025 25 0 705 2.0506301 -0.77971832
2 430.7562 9.6960451 0.56275753 0.41348581 -0.2278088 25 0 414 1.5868942 -0.50136993
3 111.08069 13.653604 0.58242248 0.17996092 -0.18780766 25 0 424 1.4315216 -0.38949479
4 336.84545 14.9688 0.58157056 -0.094582104 -0.26141566 25 0 703 2.2975829 -0.903178
5 26.378819 15.483517 0.57824739 -0.38540468 -0.080659841 25 0 12018 35.005154 -3.86033
6 410.33008 18.157057 0.68512407 0.089407094 -0.21760407 25 0 742 2.4108679 -0.95543352
7 469.59163 18.061204 0.7101308 0.020192211 -0.33245799 25 0 27831 71.948943 -4.642561
8 215.0706 33.070042 0.69121066 0.30457249 -0.33887697 25 0 415 1.189975 -0.1888446
9 356.09807 36.425299 0.64617343 -0.03157708 -0.11847227 25 0 472 1.4094722 -0.37264126
10 455.73306 36.639765 0.54357147 0.13724911 -0.36120883 25 0 245 1.1399606 -0.14222459
11 128.75393 39.058728 0.61349145 -0.49206186 -0.39782212 25 0 419 1.2444087 -0.23740756
12 115.54851 43.224925 0.66955281 -0.055597718 -0.3642619 25 0 551 1.458216 -0.40955464
13 188.60143 44.417296 0.65507903 0.31022132 -0.32708583 25 0 1096 2.8999887 -1.1559908
14 207.9706 45.176849 0.58340995 -0.010778212 -0.25061837 25 0 2315 6.8706796 -2.0924992
15 348.55883 46.489591 0.50655568 -0.48601319 -0.18054127 25 0 385 1.263311 -0.25377573
16 326.57675 47.397155 0.41370368 -0.26596313 -0.25871777 25 0 58705 170.80762 -5.5812681
17 68.354199 47.444903 0.52346422 -0.40021172 -0.16656704 25 0 357 1.1984232 -0.19652552
18 113.199 49.419612 0.59947823 0.19068532 -0.15432946 25 0 4769 13.490992 -2.8251097
19 156.30308 50.056586 0.61268343 0.14380084 -0.26332169 25 0 413 1.2216175 -0.21733808
20 402.09353 50.843965 0.54828557 0.19794017 -0.21013973 25 0 919 3.0545915 -1.2123828
21 248.96767 56.322887 0.59889203 -0.33910139 -0.2489055 25 0 426 1.2053501 -0.20278305
22 472.60345 56.913005 0.61833149 0.23062506 -0.20910722 25 0 784 2.5964341 -1.0359433
23 296.236 57.772511 0.58933124 0.0048521272 -0.24672722 25 0 1518 4.3404739 -1.5938429
24 445.25782 64.611351 0.58618578 0.60111928 0.067814717 25 0 1301 4.0193543 -1.5103907
25 503.7534 66.767822 0.64314739 0.2896862 -0.099934882 25 0 3302 9.6536384 -2.4617276
26 33.302708 70.507301 0.57166 0.4942885 0.0038008503 25 0 521 1.7223964 -0.59033277
27 56.556194 70.024109 0.73305549 -0.33100124 -0.28725619 25 0 440 1.2058791 -0.20325943
28 434.79833 71.38332 0.5827157 -0.10052329 -0.18178342 25 0 1382 4.17579 -1.5518466
29 0.12238307 72.210263 0.8263237 0.30730901 0.16956853 25 0 382 1.0113712 -0.012276494
30 114.11935 72.267166 0.67164285 0.20085284 -0.21792182 25 0 431 1.0827073 -0.086277665
31 473.57663 72.238396 0.50695263 -0.19040256 -0.22982579 25 0 275 1.2040429 -0.20160492
32 420.06149 73.102384 0.60786743 -0.042075499 -0.14960018 25 0 582 1.8829109 -0.68707444
33 57.528038 75.292199 0.6344173 -0.38897851 -0.21016348 25 0 1578 4.3930809 -1.606923
34 315.80712 76.823641 0.42059196 0.39550537 -0.049341051 25 0 254 1.121117 -0.12412737
35 470.60474 79.949499 0.64604758 0.2434556 -0.2618226 25 0 1000 3.0691869 -1.2175583
36 352.4771 83.971899 0.57587968 -0.039347239 -0.33088731 25 0 3031 8.8327583 -2.3652409
37 121.5915 87.127145 0.66085101 0.11971846 -0.25866199 25 0 581 1.5990202 -0.50963485
38 93.835632 90.681656 0.49235907 0.02631761 -0.13134817 25 0 485 1.4757557 -0.42253621
39 493.10224 90.849909 0.65581663 0.052678813 -0.11486441 25 0 23936 67.3221 -4.5703941
40 156.79309 97.517097 0.50528008 0.25949752 -0.18188971 25 0 420 1.1787925 -0.17859345
41 285.62406 98.235692 0.66074959 -0.026337821 -0.35417324 25 0 1185 2.9690001 -1.1815255
42 289.60496 99.979567 0.69515127 -0.25846671 -0.52014122 25 0 1513 3.7213924 -1.4267637
43 187.77066 101.07902 0.56760437 -0.041605061 -0.32710895 25 0 1696 4.8893715 -1.7231326
44 55.563604 105.11605 0.68825764 -0.069682783 -0.36103805 25 0 4362 11.234502 -2.6263846
45 117.65975 104.80811 0.55646194 -0.4872643 -0.14072195 25 0 374 1.0303731 -0.032486284
46 453.44979 104.84793 0.53069324 -0.16055117 -0.46732075 25 0 315 1.2459355 -0.23873889
47 298.48715 107.0038 0.5650208 0.046947484 -0.3043279 25 0 362 1.1510665 -0.15275101
48 510.77988 107.26431 0.82707882 -0.11291839 0.099946414 25 0 2159 5.4630388 -1.8435857
49 491.3716 110.78468 0.66247573 -0.072000501 -0.10202576 25 0 2161 6.1208377 -1.9670272
50 334.10631 116.48182 0.60444327 0.26806371 -0.047572677 25 0 627 1.7277144 -0.59367987
51 220.84538 118.27374 0.57882142 -0.087213245 -0.21041641 25 0 16591 48.536933 -4.2151808
52 238.35845 118.46073 0.48700735 0.76177179 -0.10791663 25 0 835 2.3230935 -0.91516672
53 304.96777 119.48888 0.5407089 0.055825991 -0.13533441 25 0 973 2.8431329 -1.1344929
54 248.4579 119.7448 0.61120352 -0.2811539 -0.28348968 25 0 1712 4.4925804 -1.6312396
55 200.3745 121.45782 0.65027393 0.75123812 -0.27716183 25 0 471 1.091329 -0.094889237
56 450.32644 121.21323 0.6120751 0.54708693 -0.069689584 25 0 372 1.3315993 -0.31093386
57 99.700175 121.78493 0.40481309 0.11393205 -0.1129329 25 0 427 1.4557769 -0.40773704
58 52.651084 123.31661 0.65732511 -0.016365391 -0.075433574 25 0 552 1.564748 -0.48611104
59 152.16551 124.95001 0.58153141 -0.048260207 -0.29510643 25 0 2105 6.0535767 -1.9550301
60 480.3739 125.41394 0.74764811 0.24183435 -0.070518168 25 0 375 1.1220137 -0.12499543
61 176.17927 130.40709 0.56401451 0.18002653 -0.11803408 25 0 1643 4.5520658 -1.6455213
62 7.5569169 131.84515 0.63343239 -0.53135565 -0.36112062 25 0 1144 3.2155113 -1.2681251
63 253.63699 133.59126 0.49855523 0.66093136 -0.073686898 25 0 452 1.2168168 -0.21306302
64 396.15674 141.91628 0.59284456 -0.051910407 -0.21739664 25 0 12266 35.853268 -3.8863219
65 298.97049 147.50165 0.54821022 0.027313588 -0.099076005 25 0 2633 7.5967494 -2.2015695
66 14.715454 148.18582 0.59850778 -0.30746653 -0.27480315 25 0 792 2.472801 -0.9829729
67 484.35798 153.89092 0.66176167 -0.087900361 -0.18076806 25 0 8077 22.179275 -3.3648684
68 97.587299 161.66757 0.45036119 0.69196093 -0.015555966 25 0 369 1.0706271 -0.074095566
69 386.0822 163.50578 0.5744838 0.18016628 -0.036995415 25 0 45724 130.87583 -5.2921486
70 206.74146 167.44613 0.49178978 0.18557789 -0.57435379 25 0 454 1.1878987 -0.18694855
71 425.3266 166.89967 0.59993883 -0.19215717 -0.2310458 25 0 525 1.724271 -0.59151379
72 153.6353 170.80596 0.64231413 -0.029317236 -0.48120375 25 0 536 1.2354852 -0.2295939
73 33.664527 174.29697 0.56317261 0.34826195 -0.18719727 25 0 332 1.0240409 -0.025793305
74 478.41708 175.22681 0.66578929 0.20134764 -0.18580845 25 0 6665 18.139182 -3.1465443
75 164.21519 176.54486 0.56926315 0.29200008 -0.066390688 25 0 895 2.3254585 -0.9162715
76 226.16284 175.83656 0.57027333 -0.09599525 -0.22819933 25 0 1810 5.1303634 -1.7753703
77 346.4416 175.61806 0.56534733 0.11686206 -0.17196646 25 0 485 1.4521121 -0.40500035
78 413.43579 177.83114 0.6630471 -0.091239777 -0.15320601 25 0 335 1.0067345 -0.0072874097
79 152.72924 179.09511 0.58868814 -0.20216575 -0.27979957 25 0 1580 4.2779646 -1.578093
80 16.871524 184.91242 0.6178938 0.078208913 -0.27998661 25 0 864 2.4949926 -0.99267316
81 114.9172 185.08905 0.56395465 0.15399144 -0.15946579 25 0 1806 5.2549023 -1.8014116
82 421.25858 184.41949 0.53437313 -0.27298442 -0.0079774746 25 0 2220 6.6062326 -2.0498847
83 483.06064 186.35431 0.57363528 0.28381318 -0.13262687 25 0 653 2.206786 -0.85940055
84 411.16557 186.75495 0.60529254 0.048455681 -0.064766511 25 0 577 1.7614101 -0.6146512
85 226.82904 188.04295 0.54253005 -0.13514655 -0.23960382 25 0 1137 3.3117233 -1.3001351
86 421.70316 189.56619 0.56866347 0.19386615 -0.089456228 25 0 783 2.3331063 -0.9198363
87 189.41621 190.6322 0.57526577 -0.041939473 -0.18854803 25 0 725 1.8889576 -0.69055555
88 71.545914 191.48597 0.5451165 0.54601582 -0.10841243 25 0 32624 95.60958 -4.9512535
89 121.29614 192.90486 0.53627762 -0.088226838 -0.052075786 25 0 463 1.3244142 -0.30505956
90 420.7188 197.42399 0.51818904 -0.67416998 -0.30199927 25 0 280 1.0156311 -0.01684001
91 454.98588 201.42811 0.47806774 -0.10179711 -0.18092791 25 0 455 1.6784923 -0.5622984
92 382.00682 203.11129 0.64363568 -0.2288407 -0.15093443 25 0 376 1.0857536 -0.08932818
93 168.2443 203.67882 0.55632251 -0.16588144 -0.20939065 25 0 538 1.3315714 -0.31091118
94 508.96371 205.11136 0.63541773 0.12544596 -0.091627811 25 0 1666 4.9025847 -1.7260628
95 66.601289 205.65195 0.5853457 0.1372017 -0.19859481 25 0 531 1.273624 -0.26260306
96 469.6197 207.49593 0.62478072 0.62414731 -0.20227057 25 0 493 1.5403294 -0.46903403
97 502.85307 211.152 0.62071899 -0.087755278 -0.1386987 25 0 3200 9.3830508 -2.4308602
98 12.734746 214.45704 0.5385905 0.1661174 -0.24323604 25 0 372 1.1270981 -0.12990429
99 14.567145 216.13501 0.57233994 0.30435498 -0.35548702 25 0 431 1.2698724 -0.25940022
100 425.72418 217.43672 0.6069443 -0.075538373 -0.10614687 25 0 952 2.7882596 -1.113333
101 326.4386 219.67229 0.55657256 0.43928352 0.019731478 25 0 1256 3.5381734 -1.3719478
102 256.46606 221.5937 0.56355905 0.21035131 -0.23968763 25 0 635 1.6216843 -0.52491581
103 150.64932 222.91828 0.52832198 0.089024069 -0.26929294 25 0 979 2.8885421 -1.1516968
104 479.53206 226.09501 0.68719263 0.040606894 -0.3048442 25 0 4757 12.602762 -2.7511644
105 239.94803 228.24746 0.58581741 -0.11827133 -0.22775335 25 0 2817 7.8716181 -2.24016
106 352.22545 230.52294 0.56825873 0.27483119 -0.077413895 25 0 3948 11.389966 -2.6413061
107 422.3052 231.16859 0.64001844 0.047568068 -0.20845538 25 0 14553 40.401777 -4.0160012
108 327.14646 232.74123 0.4767601 0.054095345 -0.09529439 25 0 940 2.9109216 -1.1600763
109 180.56568 238.99599 0.69383147 -0.10044316 -0.35480476 25 0 800 1.8449318 -0.66495079
110 240.48522 239.94953 0.51891034 -0.28591617 -0.41186241 25 0 709 1.9585973 -0.72986286
111 30.958257 243.05207 0.73747337 0.1278224 -0.14381152 25 0 450 1.0413451 -0.04398666
112 431.57747 242.71957 0.62962609 -0.38813767 -0.23502746 25 0 1761 4.8957519 -1.7245485
113 428.38567 256.13763 0.6348799 0.057544288 -0.24113796 25 0 7389 20.459942 -3.277261
114 204.19825 256.46375 0.52569813 -0.13098905 -0.020210146 25 0 4216 12.250279 -2.7203649
115 266.39903 259.0095 0.4730876 0.035409448 -0.50522202 25 0 447 1.2702477 -0.25972104
116 331.82357 265.40466 0.5529089 -0.11097574 -0.29231841 25 0 391 1.1798438 -0.17956131
117 104.90424 266.72676 0.61508697 -0.063127708 -0.42327305 25 0 429 1.0157444 -0.016961052
118 33.343771 277.12334 0.64636312 0.088656456 -0.19510992 25 0 1590 4.4292096 -1.6158156
119 89.820721 279.00495 0.56387594 -0.22355572 0.073863816 25 0 390 1.0692211 -0.07266884
120 47.71787 286.4024 0.6631293 0.67308648 -0.26747652 25 0 740 1.901836 -0.69793264
121 347.98637 288.9005 0.57344444 -0.051328174 -0.20430053 25 0 5503 16.540431 -3.0463671
122 160.59611 290.12377 0.5919938 0.044340006 -0.30070697 25 0 927 2.4630791 -0.9786959
123 39.156545 291.30227 0.69318587 0.23391889 -0.15015609 25 0 1441 3.6839234 -1.4157765
124 67.492583 291.12887 0.66283785 -0.049197385 -0.32470786 25 0 1252 3.209255 -1.2660106
125 453.48822 293.8254 0.58288219 0.10600762 -0.26449178 25 0 644 2.0788508 -0.79455828
126 7.1912105 296.16703 0.66779624 -0.052945735 -0.31675538 25 0 346 1.0169768 -0.018277657
127 136.4422 300.86211 0.61665516 0.24954644 -0.47099413 25 0 559 1.3782443 -0.34831551
128 50.858831 306.88344 0.63308772 0.14785368 -0.16856216 25 0 1425 3.9546095 -1.492759
129 398.69399 307.13188 0.55972944 -0.12839169 -0.25743203 25 0 328 1.0708079 -0.074278941
130 194.46249 312.5221 0.57302949 -0.46854063 -0.12347003 25 0 756 1.9128282 -0.70418991
131 426.22671 312.70494 0.53602464 -0.17782459 -0.062863576 25 0 921 3.0065089 -1.1951562
132 113.52312 317.30587 0.57896538 -0.44229944 -0.28549881 25 0 3096 8.7455388 -2.3544664
133 35.534145 321.18092 0.74222491 0.004154991 -0.50324403 25 0 451 1.0195525 -0.021024022
134 305.88621 329.10382 0.60578418 -0.44703368 -0.26849441 25 0 564 1.5193773 -0.45416406
135 238.89043 331.83174 0.35057767 -0.44704449 -0.35807775 25 0 299 1.0966886 -0.10020835
136 263.5246 336.46406 0.52018106 0.10096336 -0.42483449 25 0 461 1.3472221 -0.32359796
137 6.475663 337.01439 0.71197584 -0.086804052 -0.29984635 25 0 13897 36.31461 -3.9002035
138 356.19799 336.7901 0.59438259 0.01568339 -0.32048664 25 0 460 1.3231863 -0.3040525
139 52.697989 338.24305 0.62453018 -0.60553585 -0.079882672 25 0 952 2.3915276 -0.9466885
140 239.61861 337.88953 0.554441 -0.080164776 -0.38806899 25 0 832 2.3783897 -0.94070754
141 464.53878 344.35793 0.75626375 0.76365409 0.096494664 25 0 854 2.0861571 -0.79836751
142 336.54082 350.45403 0.64901087 0.19839972 -0.28467299 25 0 674 1.802695 -0.63980562
143 215.66053 353.9508 0.583159 -0.079564994 -0.33228723 25 0 5093 14.709197 -2.9189724
144 357.65917 355.45309 0.56234728 -0.49964822 -0.16968517 25 0 914 2.6528242 -1.0592712
145 469.30349 356.21196 0.47048235 0.5091011 0.25273518 25 0 212 1.0122802 -0.01325183
146 274.5274 357.9908 0.57132816 -0.16486908 -0.40682101 25 0 22481 64.236607 -4.5194565
147 390.43858 365.09587 0.66742039 -0.031681524 -0.26977713 25 0 1903 5.1960541 -1.7891842
148 201.90547 366.97459 0.60819077 -0.12694648 -0.28754553 25 0 1668 4.6845339 -1.676666
149 254.05867 368.16468 0.58361108 0.07668299 -0.22736701 25 0 2723 7.9587502 -2.2521122
150 403.54627 369.50347 0.65445285 -0.59132896 -0.16985483 25 0 873 2.3468895 -0.9262316
151 71.51317 369.46591 0.56212044 0.60298162 -0.075253407 25 0 4148 11.890318 -2.6879836
152 114.60584 370.43086 0.55644008 -0.63279914 -0.3327069 25 0 446 1.1981965 -0.1963201
153 475.29968 371.5428 0.62648123 -0.29195956 -0.02468936 25 0 8444 23.542747 -3.4296429
154 341.8876 382.56728 0.51094017 0.13634793 -0.12576513 25 0 2808 8.707155 -2.3496907
155 50.714914 383.65227 0.61815187 0.25939326 -0.17214299 25 0 3501 9.8069279 -2.4788325
156 96.308627 385.76513 0.28992885 0.03511661 0.51780599 25 0 482 1.8383328 -0.66106035
157 203.28872 386.96061 0.67047639 -0.32853865 -0.38128774 25 0 659 1.6383434 -0.53601231
158 459.95577 387.93862 0.59624227 -0.84482875 0.05491416 25 0 625 2.0071636 -0.75645695
159 120.50493 389.62681 0.65714161 -0.46145285 -0.20752822 25 0 1421 3.6150318 -1.3952803
160 431.28224 391.94228 0.63658891 -0.1271693 -0.22666557 25 0 2543 7.430694 -2.1775734
161 460.44655 391.51569 0.50281354 0.30572942 -0.12549275 25 0 1484 4.7990176 -1.7028809
162 36.05463 394.62154 0.67319673 -0.26542401 -0.11633944 25 0 617 1.5843248 -0.49961058
163 222.56884 399.70119 0.64451495 -0.48689473 -0.32424551 25 0 6997 18.254465 -3.1534228
164 353.04939 401.81563 0.56834616 -0.023280655 -0.24448677 25 0 698 1.9788412 -0.74102738
165 251.54559 407.15065 0.69530724 0.066680126 -0.36512453 25 0 717 1.7475346 -0.60606448
166 388.45635 406.91974 0.71645982 -0.38234109 -0.37753439 25 0 599 1.6250132 -0.52714223
167 249.00522 410.87698 0.57590769 0.011024721 -0.25670329 25 0 1885 5.5538504 -1.8614854
168 470.29934 411.28461 0.52393212 0.6280703 0.14037919 25 0 359 1.3296821 -0.30936953
169 80.956623 416.06656 0.66161465 0.22554503 -0.25772271 25 0 981 2.5361286 -1.0104282
170 105.02123 417.52918 0.60541533 0.062005063 -0.075115354 25 0 2104 5.7926373 -1.9071908
171 280.89761 427.88565 0.61322622 -0.23947228 -0.4410978 25 0 423 1.2398078 -0.23338591
172 155.71585 435.71783 0.59429508 0.30187717 -0.22851684 25 0 2125 6.1197679 -1.9668374
173 129.30815 436.45929 0.52263545 -0.15723941 -0.10115908 25 0 904 2.6591784 -1.0618687
174 228.94115 439.0473 0.63863127 0.05078952 -0.27691005 25 0 1167 3.2719906 -1.2870301
175 487.95801 438.97151 0.23876332 -0.1454768 -0.061376072 25 0 58389 214.51383 -5.8286383
176 341.57988 440.9167 0.59675636 -0.11288308 -0.33299646 25 0 2976 8.6458783 -2.3420228
177 242.02753 443.48215 0.57380068 -0.10965155 -0.098396611 25 0 1086 3.2211779 -1.2700368
178 88.198672 445.3615 0.64378086 0.19845865 -0.14869992 25 0 14516 40.227461 -4.0113066
179 473.18142 446.15917 0.66911395 -0.80782373 -0.073665874 25 0 319 1.1203571 -0.12339119
180 474.07783 455.45499 0.58705066 -0.091334863 0.037686546 25 0 1856 5.6343066 -1.8771012
181 376.34922 457.89977 0.65934667 -0.50830334 -0.21597525 25 0 332 1.1226147 -0.12557682
182 308.0235 459.16563 0.60060413 -0.42963751 -0.26969986 25 0 611 1.8899403 -0.69112019
183 432.17 460.22537 0.62192937 0.25697849 -0.31633873 25 0 339 1.1467671 -0.14868808
184 359.16634 464.06252 0.65377683 -0.04363328 -0.32179612 25 0 1412 4.0737951 -1.524998
185 53.310478 464.88027 0.72241554 -0.10400888 -0.24603696 25 0 6858 18.070769 -3.1424416
186 146.1729 466.13005 0.68283851 -0.24765639 -0.2453479 25 0 1340 3.6702312 -1.4117336
187 424.53362 467.56816 0.47347017 0.30071085 -0.17426868 25 0 58525 178.56833 -5.6295111
188 207.89073 474.17587 0.62400788 -0.11236301 -0.27222059 25 0 5088 14.475439 -2.9015794
189 339.55733 475.97864 0.56238252 -0.55280655 -0.44499426 25 0 548 1.747308 -0.60592366
190 111.25102 478.11194 0.75108504 -0.18605696 -0.24347938 25 0 549 1.3565667 -0.33110284
191 258.07393 477.44796 0.56324702 -0.024364485 -0.025966217 25 0 2723 8.0279379 -2.26151
192 335.25967 482.72636 0.63795819 -0.36693772 -0.17337735 25 0 455 1.3893385 -0.35702018
193 135.99735 483.39236 0.52569976 0.035283634 0.04488274 25 0 763 2.3075982 -0.9079005
194 61.064344 488.75951 0.69204044 0.083510629 -0.16726453 25 0 1256 3.4193529 -1.3348598
195 237.24335 498.51346 0.58707069 -0.54838483 -0.10931213 25 0 364 1.1276281 -0.13041472
196 113.04372 505.35733 0.70871093 -0.10636376 -0.060474881 25 0 639 1.555792 -0.47987883
197 158.32347 505.54304 0.63955757 -0.03644258 0.13123881 25 0 549 1.4471501 -0.40128393
198 113.94068 509.19954 0.58250635 0.12334749 -0.097341944 25 0 832 2.4315119 -0.96469099
