id xcentroid ycentroid sharpness roundness1 roundness2 npix sky peak flux mag
1 41.265462 0.08168204 0.86043062 -0.31278203 -0.54544539 25 0 4345.8083 10.866175 -2.5901918
2 330.22926 13.433279 0.69079871 -0.42541265 -0.15216757 25 0 291.31951 1.0002744 -0.00029786622
3 302.43952 15.881882 0.72299542 -0.412788 -0.34208138 25 0 661.86916 1.8358066 -0.65956734
4 433.91118 19.304559 0.62520039 0.13233188 -0.19363246 25 0 486.4274 1.6328464 -0.53236336
5 114.3928 22.835889 0.71208778 -0.17308566 -0.42828469 25 0 416.05239 1.1183375 -0.12143225
6 29.636949 24.701232 0.61432567 0.10012214 -0.20455737 25 0 12609.904 37.262543 -3.9281812
7 339.9696 24.441905 0.5803443 0.1804512 0.16421006 25 0 599.19644 1.9735168 -0.73810208
8 413.26172 27.668648 0.57681086 -0.26884163 -0.086182354 25 0 607.92421 2.0358007 -0.77183813
9 472.52279 27.659872 0.60346024 -0.45408023 -0.21355311 25 0 22146.887 64.203905 -4.5189036
10 359.08168 45.948179 0.56702157 -0.39313895 -0.37751746 25 0 446.88804 1.5648793 -0.48620208
11 458.80282 46.284749 0.65623837 -0.56672788 -0.10434727 25 0 344.85637 1.0752449 -0.078768473
12 118.57155 52.446108 0.61290796 0.062601074 -0.17793558 25 0 434.31925 1.2557618 -0.24726815
13 191.66514 53.617685 0.53717601 0.20916072 -0.12650625 25 0 877.1192 2.8364875 -1.1319522
14 211.04895 54.481815 0.51817616 -0.12057255 -0.10613071 25 0 1694.5558 5.3753056 -1.8260079
15 351.75836 55.918319 0.66999439 -0.24243233 -0.21452508 25 0 452.34874 1.3996987 -0.36508641
16 71.425897 56.524616 0.53455205 0.37199064 -0.14427343 25 0 370.66819 1.282059 -0.26977007
17 329.6317 56.665324 0.38197097 0.16681798 -0.24197919 25 0 57950.715 189.88823 -5.6962451
18 116.44863 58.567171 0.55746706 0.19571984 -0.25169946 25 0 3754.0251 11.049717 -2.6083778
19 405.04681 60.431548 0.6211225 0.072498776 -0.051640972 25 0 906.03977 2.7902052 -1.1140904
20 252.00371 65.723816 0.35436363 0.33226153 -0.011455562 25 0 205.01305 1.0342787 -0.036594001
21 475.54501 66.592232 0.5903666 0.62172696 -0.11890908 25 0 671.6858 2.1539646 -0.8330964
22 299.31033 67.238567 0.58419954 -0.053793166 -0.22042218 25 0 1313.111 4.0934004 -1.5302106
23 448.20517 74.075126 0.61705009 0.0071790361 -0.2161007 25 0 1412.3551 4.3515308 -1.5966051
24 35.360624 74.689963 0.47032131 -0.010987863 -0.1109194 25 0 223.90677 1.0765045 -0.080039617
25 506.68596 76.411699 0.60722968 -0.22592163 -0.056327004 25 0 2958.101 8.8320873 -2.3651584
26 2.7030089 77.40985 0.57361507 -0.17935349 -0.11636454 25 0 355.93289 1.3014799 -0.2860937
27 59.772296 79.251977 0.70436687 -0.60135045 -0.36763901 25 0 420.00402 1.2218985 -0.21758783
28 36.562726 79.541584 0.49348331 -0.09157963 -0.13968788 25 0 448.61399 1.588235 -0.50228691
29 2.9330953 81.374628 0.64363839 -0.26587739 -0.11491898 25 0 456.68764 1.492358 -0.43468257
30 437.79669 80.931962 0.6120005 -0.076459561 -0.26059446 25 0 1450.8003 4.4664655 -1.62491
31 117.31812 81.402977 0.6204879 -0.55240447 -0.025534947 25 0 360.59901 1.0713662 -0.074844813
32 423.03077 82.496172 0.60479526 -0.12979181 -0.020037807 25 0 528.28273 1.7022335 -0.57754782
33 476.75477 81.664124 0.46807036 -0.62247867 -0.49948963 25 0 266.55598 1.179027 -0.17880937
34 60.809583 84.582052 0.61277077 -0.39914717 -0.037291444 25 0 1294.4549 3.747228 -1.4342753
35 473.58897 89.376431 0.51372385 0.65668634 0.012907086 25 0 680.4476 2.2526492 -0.88173389
36 355.54197 93.505156 0.56075464 0.47476657 -0.12922413 25 0 2383.9841 7.2351832 -2.1486238
37 124.91638 96.389549 0.46057338 0.39034613 0.074875198 25 0 320.08404 1.099416 -0.10290509
38 97.113583 99.966239 0.58859357 -0.18920903 -0.12951621 25 0 512.89225 1.5572646 -0.48090605
39 495.97812 100.49767 0.63581375 0.042555127 0.036816939 25 0 19980.242 57.310436 -4.3955843
40 160.05746 106.74136 0.67634975 -0.50124454 -0.32863534 25 0 502.21749 1.3643759 -0.33733512
41 288.63094 107.72573 0.61289146 -0.80000604 -0.40900985 25 0 944.72966 2.714926 -1.084395
42 292.56696 109.43461 0.59179244 -0.8668346 -0.2441928 25 0 1092.3345 3.1286954 -1.2384082
43 190.87227 110.37075 0.57561588 -0.067213482 -0.10928336 25 0 1417.3763 4.2719471 -1.5765647
44 58.646398 114.35266 0.60988854 -0.54442132 -0.21588766 25 0 3404.1194 9.8451368 -2.4830544
45 120.60617 114.00588 0.57056135 0.010432738 -0.33825506 25 0 395.99653 1.1773709 -0.1772832
46 456.57694 114.40332 0.58724472 0.17814554 -0.3333195 25 0 289.37626 1.0299166 -0.032005187
47 494.26565 120.52194 0.62722586 0.4157262 0.045750048 25 0 1901.6488 5.6432922 -1.8788313
48 337.24822 125.7266 0.57002662 -0.26792634 -0.17224466 25 0 413.14798 1.5303465 -0.46197443
49 224.04069 127.56802 0.52010843 -0.091519595 -0.10874311 25 0 12932.586 40.596796 -4.0212294
50 241.30145 127.74269 0.67664215 -0.2241597 -0.17648557 25 0 898.7476 2.4375068 -0.96736461
51 251.41265 129.15161 0.62996956 0.044493177 -0.3014978 25 0 1603.3412 4.6332271 -1.664709
52 307.95451 128.9612 0.54978343 -0.22821179 -0.40142726 25 0 977.13679 3.2835612 -1.2908628
53 103.18051 131.08298 0.614797 -0.28737662 -0.28647094 25 0 471.33353 1.4443522 -0.39918276
54 203.71246 130.75316 0.45191266 -0.3767604 -0.4272564 25 0 379.45719 1.3425688 -0.31984141
55 453.24824 130.84482 0.67842187 -0.2774471 -0.12280002 25 0 415.31097 1.3357846 -0.31434108
56 497.12556 131.14409 0.6581154 -0.18312212 -0.29944115 25 0 342.77827 1.1153392 -0.11851744
57 55.841475 132.45781 0.59486366 -0.48397396 -0.20319749 25 0 482.30013 1.4680248 -0.4168335
58 155.4472 134.20003 0.60477678 -0.013194164 -0.33000584 25 0 1731.1258 5.0925121 -1.7673302
59 483.15463 134.86952 0.73980429 -0.29987094 -0.26329292 25 0 408.9908 1.1986547 -0.19673523
60 179.35647 139.68996 0.56234232 -0.28300965 -0.3022185 25 0 1426.28 4.1503219 -1.5452045
61 10.684749 140.98758 0.66579138 -0.17787301 -0.29177655 25 0 1145.8648 3.2534334 -1.2808548
62 256.54053 143.24454 0.53703281 -0.2369739 -0.37103395 25 0 346.55794 1.1294547 -0.13217207
63 399.0513 151.48645 0.59638525 0.015611989 -0.02053263 25 0 10246.066 30.199559 -3.7000015
64 17.927848 157.40927 0.62563701 0.32481971 0.01122392 25 0 700.49015 2.1915688 -0.85188777
65 301.91812 156.90465 0.55370751 -0.063674176 -0.22513283 25 0 2437.4534 7.5724021 -2.1980842
66 0.85751877 161.34187 0.66230894 -0.094085637 -0.06545925 25 0 576.42239 1.7038495 -0.5785781
67 487.2998 163.54075 0.6132241 0.34892132 0.044636782 25 0 6668.6971 19.395467 -3.2192506
68 100.67227 170.92138 0.66065361 -0.5269531 -0.36548251 25 0 438.52025 1.2679862 -0.25778633
69 388.91878 172.9828 0.60101156 -0.13743147 -0.1922049 25 0 46784.582 140.17952 -5.3667114
70 428.05259 176.54053 0.59382777 0.036672186 -0.096500959 25 0 384.83517 1.3523888 -0.3277539
71 209.60733 176.53922 0.43999771 -0.29462658 -0.11177642 25 0 361.03257 1.2122689 -0.20899741
72 156.69462 180.11272 0.50407118 -0.32459792 -0.32428068 25 0 511.67913 1.610428 -0.51735327
73 229.18655 185.10477 0.62210425 -0.037145954 -0.2917596 25 0 1690.0574 4.9814262 -1.7433842
74 349.39895 185.12493 0.6908014 0.067335718 -0.10949196 25 0 451.0031 1.2836425 -0.2711102
75 481.2657 184.83396 0.64114372 -0.21940539 -0.14185944 25 0 6263.3849 18.244182 -3.152811
76 167.3033 185.75927 0.55605945 -0.30396919 -0.24460006 25 0 752.70917 2.2896378 -0.89941695
77 155.80298 188.44114 0.59139558 -0.3375931 -0.093777936 25 0 1331.4002 3.8706018 -1.4694462
78 19.969717 194.14298 0.60770326 -0.2123078 -0.33176839 25 0 696.43905 2.1810049 -0.84664163
79 118.13311 194.39806 0.56843824 0.017553736 -0.12428122 25 0 1456.1051 4.2146906 -1.5619143
80 424.0938 194.02463 0.60455517 -0.15202374 -0.19057973 25 0 2549.4714 7.9228359 -2.2472017
81 413.97236 196.18539 0.60071154 -0.053158076 -0.12698344 25 0 537.32323 1.8097474 -0.64404491
82 485.96521 195.86306 0.7366921 -0.218862 -0.2557766 25 0 785.41305 2.1853896 -0.84882219
83 229.88987 197.34681 0.61624719 -0.32166812 -0.18524302 25 0 972.2076 2.7526111 -1.0993622
84 424.62106 199.11284 0.68503016 -0.1286592 -0.35243876 25 0 787.17598 2.3128828 -0.91038405
85 192.46029 199.98018 0.62125744 -0.63002252 -0.42632639 25 0 630.93879 1.8612222 -0.67449558
86 74.766805 200.77682 0.57056932 -0.068107247 -0.21228331 25 0 32935.703 100.95883 -5.0103607
87 124.50718 202.14199 0.75981399 -0.1086284 -0.46929191 25 0 404.44417 1.0077941 -0.0084294808
88 423.47339 207.14695 0.58805362 0.050844951 -0.22832129 25 0 309.50683 1.1518153 -0.15345715
89 457.92874 210.99731 0.6678926 -0.082722185 -0.049204145 25 0 598.99256 1.8708311 -0.68008643
90 171.36085 212.8781 0.54911883 -0.27730406 -0.32384151 25 0 529.82105 1.623713 -0.52627317
91 69.823741 214.97472 0.61734475 -0.21074979 -0.16727106 25 0 563.47879 1.6641736 -0.55299656
92 510.96976 214.73071 0.94615115 0.26381138 0.36135448 25 0 945.552 2.2987012 -0.90370631
93 472.35542 217.03152 0.62044277 -0.061962325 -0.14053299 25 0 582.8201 1.8361902 -0.65979415
94 505.73084 220.82126 0.60261063 0.061257947 -0.10361752 25 0 2823.0433 8.5418359 -2.3288781
95 17.771471 225.17897 0.68872181 0.096978276 -0.31461674 25 0 439.15671 1.2093934 -0.20641898
96 428.46339 227.01707 0.61371847 -0.21566745 -0.20454454 25 0 924.61651 2.7599757 -1.1022631
97 329.3736 228.94406 0.62778967 -0.34408965 -0.27068399 25 0 1275.0708 3.7205171 -1.4265083
98 259.35653 230.63559 0.47860407 -0.0029510125 -0.3741725 25 0 429.69455 1.4635059 -0.41348622
99 153.80693 232.13614 0.53019381 -0.3484019 -0.20525874 25 0 851.80301 2.7312897 -1.0909194
100 482.38784 235.71923 0.62684077 -0.43438224 -0.18970368 25 0 4146.7015 11.973397 -2.6955435
101 242.95033 237.50581 0.47787524 -0.1075749 -0.10664474 25 0 1962.84 6.2405715 -1.9880609
102 355.01141 239.94168 0.57419551 -0.11270074 -0.1761942 25 0 3926.0826 12.202287 -2.7161031
103 425.11128 240.75985 0.60115004 -0.20710692 -0.15778418 25 0 12555.364 37.377569 -3.9315276
104 330.17381 242.13986 0.57358894 -0.41286163 -0.24774726 25 0 910.29064 2.7377973 -1.0935032
105 183.73578 248.22341 0.53663563 0.1722586 -0.37641072 25 0 518.56039 1.5945639 -0.5066048
106 243.45025 249.31495 0.57683104 -0.31186842 -0.14776633 25 0 544.31572 1.5325262 -0.4635198
107 34.039264 252.13091 0.60087836 -0.28266937 -0.17245436 25 0 357.50333 1.3061909 -0.29001665
108 434.25074 252.24632 0.61443042 0.024692409 -0.1191115 25 0 1720.0956 5.0900957 -1.7668149
109 207.2044 265.80437 0.55987348 -0.24060639 -0.23230146 25 0 4007.2997 12.233049 -2.7188368
110 431.11441 265.67391 0.57981794 -0.18152282 -0.1102098 25 0 6332.9571 19.010588 -3.1974889
111 269.42419 268.26882 0.57656578 0.47593921 -0.13099264 25 0 319.47211 1.0628629 -0.066193091
112 334.73239 274.77461 0.61193718 0.0033242159 -0.063465841 25 0 377.89831 1.1920876 -0.19077043
113 108.1495 276.00884 0.51081191 0.56061975 -0.042546127 25 0 300.86123 1.0284216 -0.030427987
114 36.542222 286.33778 0.63966691 0.10623169 -0.36910797 25 0 1220.3474 3.39648 -1.3275727
115 50.672917 295.50702 0.60834388 0.21025143 0.0095873336 25 0 575.54403 1.6083331 -0.51594001
116 350.8625 298.3385 0.57761119 -0.23481714 -0.16187847 25 0 4708.5882 14.235232 -2.8834113
117 163.60799 299.3444 0.54901817 -0.17642625 -0.23315406 25 0 723.56954 2.1920108 -0.85210673
118 42.189569 300.58043 0.58043541 0.18579141 -0.029039768 25 0 1080.2183 3.3293391 -1.3058951
119 70.443569 300.32666 0.62786087 -0.64362152 -0.43634545 25 0 975.73236 2.7387226 -1.0938701
120 325.3501 302.9934 0.74282106 -0.32964476 -0.50697155 25 0 453.78302 1.1132902 -0.11652097
121 456.44905 303.41088 0.63360545 0.21422336 -0.050390809 25 0 609.15313 1.7356945 -0.59868325
122 139.42706 310.18069 0.69611655 -0.11602483 -0.30770835 25 0 460.22616 1.1865648 -0.18572864
123 53.991097 316.05796 0.65601872 -0.1185662 -0.18564422 25 0 1236.7388 3.5318362 -1.3700014
124 197.49168 321.80682 0.53890236 -0.33084577 -0.26620684 25 0 704.23632 2.1753625 -0.84382909
125 429.00376 322.17872 0.62592265 -0.19930471 -0.099227499 25 0 1008.7468 3.0435883 -1.2084648
126 116.61775 326.50547 0.53946386 -0.53447418 -0.17320225 25 0 2474.0283 7.4117094 -2.174796
127 308.9956 338.44787 0.42280689 -0.12410755 0.07683874 25 0 389.18701 1.2958207 -0.28136231
128 0.12556018 345.14362 0.96809694 0.023589811 0.27324056 25 0 3535.0297 8.1907027 -2.2833029
129 9.4605469 346.11997 0.63151401 -0.33005111 -0.32498898 25 0 10663.491 30.510988 -3.7111407
130 266.33329 345.70921 0.60277096 -0.45631519 -0.35681751 25 0 504.39697 1.4341123 -0.39145788
131 359.01388 346.20213 0.66521665 0.1384368 0.11630266 25 0 471.69122 1.2946182 -0.28035424
132 55.73993 347.491 0.59402659 -0.73907742 -0.071466571 25 0 837.89953 2.3656518 -0.93487707
133 242.4682 347.19252 0.53828097 -0.46669176 -0.33987247 25 0 705.39328 2.0360679 -0.77198066
134 467.29612 354.01687 0.56512869 0.2443764 0.13029799 25 0 835.69387 2.4066748 -0.95354354
135 238.83163 356.89242 0.53021657 -0.25278738 -0.4068042 25 0 353.8819 1.020081 -0.021586594
136 339.27303 359.67794 0.63820909 -0.13237951 -0.14261735 25 0 665.42418 1.8877515 -0.68986206
137 218.55999 363.1823 0.61475249 -0.48974555 -0.34116927 25 0 4551.7543 12.83679 -2.7711411
138 0.81919932 365.06019 0.64074462 -0.71070312 -0.16428403 25 0 788.89793 2.3975579 -0.94942277
139 360.54099 364.78077 0.7426176 -0.41332257 -0.28597374 25 0 1037.3696 2.591046 -1.0336878
140 277.52569 367.40152 0.56675132 0.087234928 -0.2924716 25 0 18489.049 52.747474 -4.3055042
141 1.04385 368.98011 0.64169431 -0.39802088 -0.1540545 25 0 1312.4731 3.8857817 -1.473696
142 1.975741 372.62521 0.73668326 0.38713812 0.89505705 25 0 514.28345 1.2753252 -0.26405236
143 393.16893 374.48174 0.54466087 -0.27219618 -0.052101014 25 0 1508.9077 4.5388085 -1.6423546
144 458.46488 375.40305 0.50016668 0.014663724 0.075981951 25 0 325.99505 1.1036894 -0.10711715
145 204.81179 376.20685 0.5723772 -0.18527395 -0.3023899 25 0 1384.18 4.0709007 -1.5242263
146 256.95662 377.55962 0.5644475 -0.18169746 -0.041004137 25 0 2233.6338 6.4713288 -2.0274837
147 74.481162 378.66929 0.54520712 0.17909609 -0.26205855 25 0 3743.6743 11.22517 -2.6254823
148 406.315 378.87538 0.6657658 -0.11569339 -0.26333934 25 0 1020.1127 2.6741486 -1.0679638
149 117.61494 379.52262 0.56199613 0.36838689 -0.071869266 25 0 453.58617 1.1806647 -0.18031643
150 1.8363819 381.68392 0.55862432 -0.55128717 0.27475761 25 0 415.61014 1.3343524 -0.31317633
151 478.04146 381.06755 0.67483195 -0.16177897 -0.11962096 25 0 9591.1932 27.16732 -3.585117
152 344.64708 392.00666 0.60291781 -0.24609904 -0.27111154 25 0 3003.0216 8.8182689 -2.3634583
153 53.663302 392.78493 0.59390394 -0.051454726 -0.26992966 25 0 3035.0505 9.0405284 -2.3904845
154 99.450262 394.3328 0.4954625 -0.70553111 -0.34985703 25 0 466.72644 1.3402601 -0.31797274
155 206.19153 396.11444 0.60468334 0.25967507 -0.17622082 25 0 560.05298 1.434841 -0.39200945
156 247.96467 397.15568 0.57634258 0.31816223 -0.066682184 25 0 368.51919 1.0733692 -0.076872847
157 462.52408 397.39621 0.62745916 -0.50081496 -0.19401122 25 0 591.79988 1.5599875 -0.48280279
158 123.45544 398.87654 0.69961422 -0.37376206 -0.29460899 25 0 1399.7807 3.4959951 -1.358927
159 433.99935 401.42669 0.61234478 -0.10353771 -0.025066222 25 0 2282.9314 6.5232311 -2.0361569
160 463.24434 401.08844 0.61597298 -0.28518261 -0.20666185 25 0 1955.6706 5.6955648 -1.888842
161 38.996502 403.69716 0.73958558 0.15561313 -0.27491473 25 0 572.04549 1.4646702 -0.41434965
162 225.438 409.00216 0.63823824 -0.36599019 -0.36331352 25 0 6935.1507 19.349298 -3.2166631
163 355.78932 411.15035 0.59435328 -0.60433608 -0.2221669 25 0 766.22221 2.1805895 -0.84643477
164 254.49011 416.52021 0.47112909 0.69783925 -0.23838015 25 0 520.48252 1.5275853 -0.46001369
165 391.08652 416.29776 0.61549661 -0.17099521 -0.13774358 25 0 649.64269 1.8762665 -0.68323634
166 251.85481 420.20963 0.60868644 -0.16321624 -0.17915148 25 0 1735.5949 4.9300386 -1.7321258
167 473.21782 420.88753 0.65651823 -0.50338377 -0.2743151 25 0 567.42375 1.5024608 -0.44200791
168 83.874535 425.23533 0.75170486 0.093421324 -0.28675952 25 0 917.70665 2.1007288 -0.80592495
169 107.91645 426.70034 0.63929899 -0.093421164 -0.19832773 25 0 2078.5182 5.7657914 -1.9021473
170 283.61319 437.09387 0.62619854 -0.56223553 -0.27193825 25 0 393.70241 1.0058148 -0.0062950354
171 158.63355 444.88806 0.64153582 -0.17618641 -0.26966799 25 0 2056.3308 5.5648011 -1.8636241
172 132.13507 445.71758 0.61310041 -0.047853063 -0.037023455 25 0 1053.0858 2.9011883 -1.1564398
173 231.94274 448.32637 0.64721591 -0.32750587 -0.20737819 25 0 1078.1707 2.7823039 -1.1110114
174 490.82139 448.51594 0.34564727 -0.40663964 -0.18596488 25 0 61197.949 194.61686 -5.7229511
175 344.49744 450.3613 0.57934117 0.042899417 -0.27325829 25 0 2535.1258 7.1912442 -2.1420101
176 244.89244 452.80398 0.63502258 -0.2802724 -0.089514969 25 0 1159.4586 3.105679 -1.2303914
177 91.105164 454.46714 0.60250146 0.053614523 -0.079367385 25 0 12075.397 35.373735 -3.8717023
178 476.79433 465.08296 0.71645852 -0.34145934 -0.23802635 25 0 2464.7376 6.519702 -2.0355694
179 310.78276 468.29813 0.45096031 -0.26903492 -0.12243706 25 0 540.75266 1.7174102 -0.58718511
180 434.54301 469.73542 0.6911937 -0.4814059 -0.23273336 25 0 470.65347 1.0369743 -0.039419933
181 361.83534 473.49961 0.59504624 -0.53199915 -0.21642893 25 0 1129.0653 3.0419267 -1.2078718
182 56.17072 473.98285 0.68808715 -0.099816801 -0.21610444 25 0 6108.9422 17.072411 -3.0807371
183 149.0959 475.41622 0.63427051 0.13041963 -0.14441066 25 0 1141.8104 2.9955374 -1.1911869
184 427.29319 477.2384 0.46980401 -0.21470932 -0.23510102 25 0 60771.582 198.83973 -5.7462579
185 291.06045 477.77464 0.50468034 -0.6988346 -0.28460992 25 0 395.98819 1.1256205 -0.12848
186 210.82353 483.44751 0.62132522 -0.26960651 -0.10798083 25 0 4532.1566 12.912188 -2.7774996
187 342.3429 485.43785 0.60582562 -0.11164663 -0.19903681 25 0 563.70574 1.3813197 -0.35073551
188 428.69729 484.98797 0.56745242 -0.42884085 -0.26479656 25 0 523.52411 1.267986 -0.25778614
189 114.31318 487.21509 0.7242388 0.30210013 -0.28114968 25 0 521.54589 1.1655357 -0.1663139
190 260.8451 486.81634 0.59899976 -0.12540631 -0.20831881 25 0 2966.6713 8.6531767 -2.3429389
191 42.113011 488.02918 0.95775026 -0.16318648 -0.13973266 25 0 552.63786 1.1909238 -0.18970991
192 338.31404 492.12717 0.69493254 -0.13879329 -0.31660073 25 0 533.83356 1.3004969 -0.28527332
193 138.84705 492.64073 0.67739783 -0.15282727 -0.23649368 25 0 907.83196 2.309479 -0.90878504
194 63.74209 497.86332 0.66535114 0.086585336 -0.16672563 25 0 1150.6376 3.2147657 -1.2678733
195 239.92607 507.9448 0.71855595 0.34384294 -0.10811826 25 0 518.63095 1.1967397 -0.1949992
196 497.07933 510.13778 0.58830679 -0.40583603 -0.44344552 25 0 440.9973 1.2114984 -0.20830714
