id xcentroid ycentroid sharpness roundness1 roundness2 npix sky peak flux mag
1 4.5288702 0.060483811 0.82870456 -0.55146612 -0.71193978 25 0 2889.2644 5.6664803 -1.8832835
2 265.67438 16.113245 0.65783847 -0.43134864 -0.25954536 25 0 444.74805 1.1340515 -0.13658196
3 303.32665 24.593837 0.55788378 -0.38606342 -0.19607217 25 0 467.70514 1.2853179 -0.27252642
4 376.39733 27.997817 0.59351738 -0.30050375 -0.18926822 25 0 444.71509 1.2261586 -0.22136658
5 435.68457 27.95426 0.65396685 -0.26142393 -0.3105246 25 0 20402.975 45.029035 -4.1337316
6 155.28931 53.489721 0.61502886 -0.67095792 -0.17126135 25 0 795.07923 1.8845116 -0.68799702
7 174.61175 54.605925 0.54334919 -0.82611331 -0.16713194 25 0 1372.1419 3.3403759 -1.3094883
8 292.94779 56.799545 0.32436337 -0.23935944 -0.21280349 25 0 57065.088 168.27894 -5.5650744
9 79.840974 58.540041 0.58693381 -0.22968692 -0.093272748 25 0 3445.5716 7.9780949 -2.254748
10 368.25408 60.660801 0.50502485 -0.51386832 -0.1886819 25 0 534.84481 1.5908693 -0.50408627
11 262.68422 67.277164 0.54608473 -0.64558108 -0.26511142 25 0 999.23377 2.7521062 -1.099163
12 438.74431 66.627316 0.52914036 -0.21176105 -0.24045367 25 0 471.82493 1.4331389 -0.39072069
13 510.92713 66.498447 0.84293188 0.41829661 0.44035517 25 0 795.13057 1.6000781 -0.51035294
14 411.32402 74.403664 0.61976823 0.11526438 -0.1295914 25 0 952.67512 2.3341973 -0.92034389
15 469.9491 76.606268 0.65910153 -0.01633915 0.013039451 25 0 2748.561 6.1917201 -1.9795283
16 400.96528 81.213784 0.77090372 -0.32857237 -0.1770292 25 0 1367.3966 2.8891422 -1.1519223
17 386.32125 82.806138 0.66595154 -0.45937599 -0.15173482 25 0 428.59848 1.1986903 -0.19676748
18 24.425494 84.41774 0.62382534 -0.12772391 -0.23402183 25 0 1145.2596 2.6000104 -1.0374377
19 436.76818 89.689941 0.60809874 0.015518532 -0.13207394 25 0 645.77299 1.6922304 -0.57114874
20 318.74898 93.624478 0.54710618 -0.07801265 -0.20361632 25 0 2032.8295 5.0507593 -1.7583917
21 459.21226 100.67751 0.66994053 -0.4009532 -0.12255661 25 0 17126.594 37.213737 -3.9267582
22 252.02556 107.80531 0.70249014 -0.59267133 -0.34521172 25 0 924.21992 1.9819658 -0.74274041
23 256.06354 109.59002 0.54414344 -0.38754353 -0.14078576 25 0 884.27335 2.2505954 -0.88074356
24 154.40011 110.35178 0.60723083 -0.22101738 -0.23205978 25 0 1061.3504 2.3290546 -0.91794918
25 22.157817 114.29025 0.67534877 -0.20877122 -0.20756803 25 0 2813.2937 6.0586296 -1.955936
26 477.32497 117.21508 0.68036796 -0.095295518 -0.22251074 25 0 1584.6211 3.5099396 -1.3632491
27 446.97732 118.33328 0.53749437 0.38721006 0.95134573 25 0 645.04695 1.9631997 -0.7324112
28 457.46203 120.6634 0.6651923 -0.74713722 -0.12518299 25 0 1454.7671 3.1841953 -1.2574992
29 187.54215 127.58153 0.63040098 -0.85630814 -0.28440045 25 0 11545.656 24.760848 -3.4844138
30 204.80648 127.80333 0.70339487 -0.33076797 -0.14837318 25 0 798.36168 1.666202 -0.55431915
31 214.85123 129.18012 0.68435555 -0.3457421 -0.23777372 25 0 1598.7172 3.4904524 -1.3572043
32 271.27403 129.086 0.6647971 -0.2147929 -0.25665764 25 0 875.7895 1.9943459 -0.74950123
33 118.78638 134.24981 0.66390868 -0.59675301 -0.25601558 25 0 1637.6 3.5559957 -1.3774031
34 485.81915 136.0226 0.66710998 -0.47216956 -0.30985679 25 0 1435.4751 3.2942316 -1.2943853
35 142.7326 139.65633 0.55887506 -0.25115661 -0.24445018 25 0 1132.4896 2.6694453 -1.0660526
36 220.09642 143.02384 0.66738022 -0.30888822 -0.33912792 25 0 463.30043 1.1047446 -0.10815468
37 362.32742 151.67168 0.60664276 -0.63812936 -0.27643685 25 0 7740.6975 17.275432 -3.0935723
38 454.18647 152.63604 0.84679761 0.46606757 0.25002591 25 0 1441.4763 3.0235395 -1.2012891
39 265.43699 157.07291 0.64182339 -0.38298746 -0.40558773 25 0 2162.1075 4.8439863 -1.7130073
40 450.34728 163.78877 0.69368538 -0.46341362 -0.16790385 25 0 6507.5267 13.945432 -2.8610799
41 352.30603 173.16611 0.64834607 -0.31901851 -0.32871134 25 0 36441.345 78.278512 -4.7341064
42 120.05808 180.07058 0.64375405 -0.50970623 -0.3256718 25 0 1033.5275 2.2473786 -0.87919062
43 192.64168 185.21856 0.63021745 -0.58079667 -0.3281521 25 0 1328.818 2.92735 -1.1661866
44 312.64225 185.35808 0.66049597 -0.31701152 0.037390242 25 0 384.59578 1.0173938 -0.018722675
45 444.33297 185.14142 0.66626121 -0.18750421 -0.20636457 25 0 5321.4418 11.6641 -2.6671281
46 130.60881 185.75801 0.63443633 -0.30400784 -0.30763007 25 0 775.08668 1.7164575 -0.58658262
47 119.16122 188.44837 0.57020428 -0.12697269 -0.10267124 25 0 998.39221 2.3294367 -0.9181273
48 81.553255 194.27315 0.67336599 -0.57705475 -0.31005157 25 0 1369.9666 2.8654034 -1.1429644
49 387.3215 194.32922 0.66950131 -0.18045301 -0.17516503 25 0 1962.67 4.2983625 -1.5832576
50 377.34302 196.63678 0.42488505 -0.077478951 0.066277728 25 0 269.67677 1.0689867 -0.07243078
51 448.96356 196.2978 0.64905004 -0.32306212 -0.25438649 25 0 528.37697 1.2678006 -0.25762742
52 193.39287 197.49508 0.56928637 -0.062460933 -0.19406723 25 0 728.41048 1.6557669 -0.54749797
53 387.87811 199.32728 0.67512482 -0.77619889 -0.1120254 25 0 648.52116 1.5891236 -0.5028942
54 155.90333 200.04388 0.71286061 -0.031187042 -0.28754722 25 0 649.34961 1.3995481 -0.36496955
55 38.117425 200.74229 0.67278466 -0.39530185 -0.16767744 25 0 31771.116 68.880662 -4.5952433
56 421.14517 211.39331 0.51979162 -0.20929765 -0.16639481 25 0 333.23255 1.0764216 -0.079956018
57 33.251242 214.89686 0.56852836 -0.32318941 -0.30858387 25 0 402.842 1.0705792 -0.074046962
58 474.80254 215.08195 0.70991736 -0.22561275 -0.17638159 25 0 1310.4938 2.8506347 -1.1373539
59 468.79464 221.09814 0.66542725 -0.21425542 -0.13222866 25 0 2549.5305 5.7179609 -1.893103
60 391.85427 227.12999 0.61837577 -0.094655157 -0.1827787 25 0 720.78519 1.6447007 -0.54021716
61 292.59383 229.06174 0.63786439 -0.41390034 -0.29362974 25 0 1024.6649 2.2461481 -0.87859595
62 223.24834 230.91501 0.56748432 -0.88181472 -0.28679083 25 0 543.66883 1.3107692 -0.29381555
63 117.11601 232.14602 0.67280195 -0.17484354 -0.15696733 25 0 800.86765 1.6930384 -0.57166705
64 445.57131 236.06155 0.64749438 -0.40237947 -0.38842956 25 0 3216.1236 6.9303127 -2.1018821
65 206.37992 237.62212 0.61525375 -0.88038648 -0.28879053 25 0 1986.6558 4.4004248 -1.6087365
66 318.40197 240.00088 0.61258506 -0.45965618 -0.41742844 25 0 2965.8965 6.5786294 -2.0453385
67 388.46748 240.96612 0.65275135 -0.53683221 -0.36676074 25 0 9897.8667 21.143389 -3.3129365
68 293.35353 242.20747 0.69441681 -0.5216334 -0.3468625 25 0 763.35911 1.6116725 -0.51819199
69 146.76716 248.31224 0.64158476 -0.55374415 -0.32238892 25 0 498.64655 1.047596 -0.050484544
70 207.00041 249.37834 0.58158951 -0.5017719 0.010197706 25 0 558.20691 1.3140506 -0.29653023
71 397.66625 252.44212 0.61088397 -0.71044784 -0.1721335 25 0 1365.2259 3.0991753 -1.2281154
72 170.60333 265.83871 0.61849555 -0.21322015 -0.25251842 25 0 3776.2056 8.4052977 -2.3113827
73 394.5296 265.91398 0.66037509 -0.60391164 -0.39750815 25 0 5357.6267 11.322041 -2.6348118
74 495.00096 267.41401 0.6023484 -0.38137925 -0.098753579 25 0 1099.1344 2.5711948 -1.0253375
75 0.2502359 286.24447 0.8415073 -0.012842533 0.19711998 25 0 1210.6735 2.409855 -0.95497728
76 14.055265 295.49774 0.70474095 0.080089342 0.25915404 25 0 545.4584 1.1649056 -0.16572688
77 314.27657 298.47069 0.5942484 -0.097645973 -0.15900567 25 0 3754.4691 8.3654582 -2.3062243
78 127.03191 299.42857 0.58808474 0.026560271 0.054991505 25 0 661.87349 1.4724821 -0.42012507
79 5.7162782 300.3957 0.68691966 -0.49426244 -0.1608495 25 0 958.39802 2.057397 -0.78329528
80 33.888085 300.38232 0.61705237 -0.22517812 -0.05123994 25 0 874.61942 2.1363613 -0.82418674
81 419.60261 303.59462 0.47067321 0.056279554 -0.047560885 25 0 450.6158 1.1807198 -0.18036709
82 17.298091 316.00369 0.74634407 -0.56101982 -0.23945745 25 0 1195.6721 2.4656505 -0.9798288
83 160.81407 321.87722 0.6519887 -0.46857849 -0.26385839 25 0 645.87649 1.3058886 -0.28976535
84 392.46138 322.36461 0.63022951 -0.10021825 -0.19592079 25 0 861.40948 1.9860572 -0.74497935
85 80.063589 326.5104 0.61952754 -0.27696019 -0.10224918 25 0 2348.5302 5.2149994 -1.7931356
86 508.64488 336.92612 0.64531701 -0.41907624 -0.2387858 25 0 1275.7977 2.7883837 -1.1133814
87 19.233016 347.36961 0.67595432 -0.49769467 -0.10443968 25 0 728.96465 1.5165086 -0.45211221
88 205.92549 347.22279 0.67794604 -0.81091817 -0.43577032 25 0 721.35648 1.4251642 -0.38466226
89 430.68975 354.18374 0.61279553 0.36920054 -0.12371026 25 0 658.46399 1.3416638 -0.31910929
90 302.66225 359.86655 0.50421643 -0.43209187 -0.12754973 25 0 510.28583 1.19301 -0.19161022
91 181.92706 363.28211 0.64563173 -0.4259073 -0.17036718 25 0 4086.4635 8.8937633 -2.3727139
92 323.79305 365.03294 0.70149755 -0.71122069 -0.26206226 25 0 808.32513 1.5341727 -0.4646856
93 240.96642 367.50037 0.59006365 -0.42639718 -0.14742279 25 0 15663.291 34.773159 -3.8531104
94 356.424 374.66916 0.54098591 -0.10580734 -0.30199538 25 0 1277.9142 3.0152042 -1.1982918
95 168.25382 376.29565 0.69700248 -0.31528442 -0.2689268 25 0 1262.8257 2.425447 -0.96197945
96 220.39086 377.48869 0.60078478 -0.71268232 -0.028509158 25 0 1958.9403 4.2120998 -1.5612466
97 37.883556 378.62487 0.61540502 -0.15237287 -0.10854432 25 0 3621.6758 8.121832 -2.274135
98 369.64523 379.05316 0.61203923 -0.3279265 -0.22960921 25 0 921.57734 2.0250836 -0.76610741
99 441.28443 381.3453 0.61419699 -0.16339129 -0.16868979 25 0 6621.0941 14.723143 -2.9200013
100 307.99639 392.13136 0.66968743 -0.28540317 -0.19836785 25 0 2902.7248 6.2218721 -1.9848027
101 17.202039 392.71964 0.65082883 -0.3994996 -0.15766185 25 0 2851.6795 6.3449385 -2.0060685
102 425.8484 397.64288 0.58043466 0.026594899 0.56183201 25 0 526.31788 1.0434643 -0.046194013
103 86.663812 398.83077 0.66447397 -0.32816346 -0.32750297 25 0 1114.261 2.1717981 -0.84204864
104 426.58806 401.28834 0.74859347 -0.59513082 -0.23015621 25 0 1682.4269 3.1457861 -1.244323
105 397.33129 401.64811 0.63573381 -0.5957352 -0.18424989 25 0 1937.1246 4.1751977 -1.5516926
106 188.76569 409.00604 0.65389241 -0.48292958 -0.29093627 25 0 6018.0201 12.994772 -2.7844217
107 319.30237 411.34455 0.68958053 -0.27994134 -0.4137161 25 0 741.93772 1.4632846 -0.41332199
108 215.29208 420.23063 0.63185894 -0.25122753 -0.16662036 25 0 1567.4856 3.3082513 -1.2989962
109 502.12025 422.87995 0.68489216 -0.50158066 -0.15324025 25 0 2184.5758 4.5250292 -1.6390535
110 47.28002 425.17471 0.77497149 -0.025885307 -0.45141201 25 0 800.93137 1.4057891 -0.36980042
111 71.261453 426.72789 0.71188194 -0.48810121 -0.17188361 25 0 1826.2928 3.680452 -1.4147529
112 122.0219 444.84097 0.69300132 -0.3255265 -0.23191394 25 0 1885.838 3.8129528 -1.4531536
113 95.414897 445.66388 0.70413673 0.034575737 -0.26968654 25 0 809.38333 1.368242 -0.34040727
114 195.28177 448.41847 0.66900963 -0.57842359 -0.34040698 25 0 864.8306 1.4928696 -0.43505465
115 453.98041 448.66514 0.29891213 -0.45274089 -0.19094524 25 0 60197.268 163.45083 -5.5334679
116 307.8126 450.49474 0.60587172 -0.43870108 -0.089061235 25 0 2191.3187 4.6518109 -1.6690551
117 208.35402 452.89568 0.73381652 -0.67331276 -0.18282058 25 0 1094.6873 1.9258509 -0.71155666
118 54.502721 454.37171 0.63372152 -0.79680306 -0.28726046 25 0 9690.9596 20.910418 -3.3009068
119 440.0674 465.34861 0.6394024 -0.26218061 -0.09200074 25 0 1799.1121 3.826083 -1.456886
120 19.540531 473.89361 0.67821805 -0.23380678 -0.29374897 25 0 4758.2612 10.215591 -2.5231588
121 325.33038 473.60685 0.62901268 -0.71277319 -0.15864382 25 0 1044.2132 2.0633985 -0.78645779
122 112.4118 475.30643 0.61732132 -0.60369668 -0.14138496 25 0 967.49566 1.9733122 -0.7379895
123 390.67735 477.41268 0.5618425 -0.67372794 -0.17934217 25 0 59990.999 139.35557 -5.3603108
124 174.28561 483.48246 0.59552927 0.038509888 -0.081285396 25 0 3545.6149 7.7564105 -2.224152
125 305.97761 485.59382 0.61548204 0.12389948 -0.21496193 25 0 552.62223 1.0241522 -0.025911297
126 224.27767 486.93988 0.71384209 -0.33953951 -0.28963047 25 0 2805.9018 5.6043973 -1.8713223
127 102.17847 492.69329 0.67946602 -0.20248549 -0.15178475 25 0 799.80988 1.4215956 -0.38194019
128 27.272163 497.83902 0.74925503 -0.31723018 -0.336815 25 0 1039.6037 2.0275151 -0.76741026
