id xcentroid ycentroid sharpness roundness1 roundness2 npix sky peak flux mag
1 343.35169 2.8303185 0.63598488 0.70631382 0.1410723 25 0 289.08857 1.3361751 -0.31465845
2 315.8826 5.1616498 0.76301348 0.34833856 -0.0096557005 25 0 955.20044 3.7495187 -1.4349388
3 324.92095 7.5357005 0.62902867 0.37323349 0.1562342 25 0 366.78275 1.6396917 -0.53690552
4 447.43224 8.2409552 0.75821386 0.48537986 -0.046152686 25 0 642.21951 2.5532192 -1.0177202
5 127.97362 12.60872 0.71254815 0.39963555 0.15573853 25 0 643.38998 2.7555198 -1.1005089
6 353.39686 13.807467 0.64768647 0.52597155 -0.16246584 25 0 775.7424 3.3402456 -1.309446
7 43.039683 14.628806 0.72908486 0.25171826 0.12489492 25 0 17269.044 70.312839 -4.6175866
8 426.92803 16.77018 0.71593625 0.32180827 -0.066275411 25 0 903.34565 3.6854607 -1.4162295
9 486.07726 16.675138 0.70758335 0.31993563 0.10246522 25 0 32116.296 132.2602 -5.3035729
10 444.45304 18.33334 0.75240447 0.58643981 0.0023905928 25 0 289.62592 1.2374278 -0.23129966
11 352.38372 22.165957 0.627057 0.31398373 -0.093427283 25 0 319.78902 1.366103 -0.33870865
12 353.98483 27.340797 0.77866651 -0.14429513 -0.15850723 25 0 329.5634 1.2788857 -0.26707937
13 231.48326 31.923858 0.52330894 0.074278572 -0.29407773 25 0 279.36645 1.3200627 -0.30148636
14 372.5696 35.263534 0.64989359 0.12687427 0.055999555 25 0 612.54281 2.6368423 -1.0527104
15 472.35181 35.172296 0.8402835 0.41643154 -0.16784172 25 0 518.63337 1.8628967 -0.67547194
16 145.47038 37.934881 0.65636115 0.44489627 0.11114618 25 0 552.4264 2.5524659 -1.0173999
17 132.20434 42.096334 0.79926839 0.23043048 0.034267596 25 0 731.7798 2.7657903 -1.1045481
18 205.09853 43.179914 0.75862992 0.25829724 -0.035138875 25 0 1580.2171 6.3572249 -2.0081689
19 224.50801 44.043507 0.64239751 0.097852774 -0.12880209 25 0 2488.3298 10.784355 -2.5819855
20 437.4905 43.768322 0.69311595 -0.18406291 0.13432225 25 0 317.78391 1.3385526 -0.31658862
21 365.20165 45.154122 0.80161955 -0.12133037 -0.18294143 25 0 645.60854 2.3613216 -0.93288785
22 84.995159 46.602404 0.65818019 0.39689501 0.14579892 25 0 544.06161 2.3405803 -0.92330887
23 343.15862 46.095744 0.28229648 0.58074529 0.047402911 25 0 58860.447 357.87126 -6.3843171
24 408.83975 45.798142 0.84380423 0.15030497 -0.099682635 25 0 344.61507 1.2977505 -0.28297799
25 129.91659 48.405627 0.69036264 0.21765773 0.12119846 25 0 5706.6769 23.569725 -3.4308863
26 173.00065 48.907312 0.84469562 0.5276403 -0.038108787 25 0 436.95605 1.5243599 -0.4577188
27 418.67838 49.66563 0.56217685 0.10283111 0.13411652 25 0 881.74883 4.0737105 -1.5249754
28 63.50264 50.959927 0.51749549 0.18455322 -0.095726183 25 0 260.20986 1.4189969 -0.37995365
29 252.13495 53.718982 0.56281488 0.27509506 -0.02835511 25 0 296.39898 1.5773205 -0.49479989
30 265.51189 55.061448 0.70136877 0.17061608 -0.040835991 25 0 396.73062 1.6840645 -0.56589681
31 419.34059 54.87067 0.91294043 0.30459771 -0.14436452 25 0 363.13291 1.218356 -0.21443553
32 489.16772 55.505352 0.65710997 0.55155211 0.21853806 25 0 983.7271 4.3582551 -1.5982816
33 71.209348 55.6118 0.62634998 0.12240302 0.16264196 25 0 264.35217 1.1999888 -0.19794294
34 312.86934 56.470663 0.59952116 0.49472008 0.079327699 25 0 1600.0064 7.3272751 -2.1623562
35 160.88585 61.320118 0.53091678 0.10227633 0.11007116 25 0 363.32988 1.9219688 -0.70936584
36 461.85218 63.077559 0.73263842 0.41517458 0.05235902 25 0 1977.8821 8.0346336 -2.2624152
37 49.126403 64.491571 0.71280813 0.12671471 0.31219163 25 0 346.15838 1.4281357 -0.38692366
38 16.092753 67.396822 0.78550091 -0.21898302 0.13271887 25 0 528.2828 2.1081325 -0.80974474
39 367.91266 67.429491 0.55578901 -0.063362849 0.024988718 25 0 300.39366 1.5246955 -0.45795782
40 73.207846 69.293774 0.83000182 -0.038659786 0.064966087 25 0 644.50905 2.3163746 -0.91202197
41 187.93454 69.561107 0.63381793 0.081866758 0.50125506 25 0 314.53406 1.339695 -0.31751482
42 50.048439 69.44405 0.65360271 0.35241822 0.19919536 25 0 707.44129 3.1995016 -1.2627058
43 451.55815 70.021875 0.64879611 0.21282152 -0.16952031 25 0 1680.1212 7.2924461 -2.1571831
44 16.533879 71.393334 0.68194684 0.11794821 -3.7908479e-05 25 0 446.50271 1.9206447 -0.7086176
45 131.02077 71.293721 0.81404217 0.59049062 0.18291091 25 0 509.28198 1.837516 -0.66057783
46 490.29852 70.747346 0.65007584 0.71251455 -0.028296446 25 0 433.16539 1.8948748 -0.69395129
47 436.73609 71.656393 0.73479475 0.49225693 -0.038721572 25 0 683.90787 2.6226947 -1.0468694
48 55.237913 73.827918 0.5803767 0.15114235 -0.35881746 25 0 259.04407 1.418983 -0.379943
49 74.35294 74.389583 0.7434715 0.52451223 -0.00033764524 25 0 1821.49 7.1401887 -2.1342742
50 332.42413 75.427519 0.60109072 0.12136799 0.35302279 25 0 249.50591 1.2602701 -0.25115904
51 143.90574 76.879185 0.69672214 0.040142497 0.19944328 25 0 258.16284 1.0417402 -0.04439851
52 487.38211 78.463818 0.49851954 0.042176605 0.08104898 25 0 863.88766 4.3679366 -1.6006908
53 53.605759 82.106668 0.52475312 0.63844643 0.17927811 25 0 173.64889 1.046379 -0.049222582
54 369.26715 82.614625 0.63167435 0.15121229 0.056923413 25 0 3514.0475 15.366544 -2.9664405
55 138.30361 86.226301 0.86841572 0.64132547 0.12362097 25 0 630.81259 2.3125307 -0.91021879
56 453.69093 87.936549 0.69355553 0.32161312 -0.065044022 25 0 400.12669 1.8242113 -0.65268785
57 110.59742 89.750845 0.75494699 0.53336933 0.00943253 25 0 699.21636 2.7433747 -1.0957128
58 163.21623 89.768152 0.69083993 0.78489062 -0.089483564 25 0 418.41735 1.7951063 -0.63522546
59 509.67785 89.426043 0.64259033 0.63238992 0.17733979 25 0 21213.41 89.573423 -4.8804479
60 251.98467 92.891732 0.80705452 0.41436028 0.16107482 25 0 281.11704 1.0624936 -0.065815783
61 173.4499 96.644198 0.47134525 -0.25623027 0.24643743 25 0 377.76593 1.9400371 -0.71952509
62 302.27834 96.978422 0.71215313 -0.12622151 -0.11690719 25 0 1522.0893 6.1761136 -1.9767882
63 306.28528 98.785072 0.64930784 -0.19820215 -0.065533524 25 0 1669.0126 7.2800869 -2.1553414
64 204.53732 99.889781 0.61116154 -0.015412487 -0.20045116 25 0 1678.0497 7.3591791 -2.1670734
65 470.26174 103.57516 0.72673432 0.93560831 0.3802434 25 0 455.28981 1.8593882 -0.67342517
66 72.210044 104.18739 0.74600758 0.25290923 -0.034507828 25 0 4948.6487 19.751272 -3.2389877
67 134.24897 103.84418 0.57266129 -0.13064808 -0.052179724 25 0 368.88846 1.5930943 -0.50560372
68 80.555813 105.49844 0.62488371 0.00025272443 -0.36017362 25 0 247.9582 1.1991747 -0.19720617
69 315.31126 105.60155 0.78707106 -0.16696458 0.118556 25 0 387.3732 1.5450965 -0.472389
70 358.82702 108.19979 0.65822128 0.25818962 0.17805272 25 0 231.06457 1.0840714 -0.087644668
71 507.9819 109.54358 0.70871711 0.39264381 0.22496346 25 0 2351.7405 9.464366 -2.4402288
72 4.699363 111.549 0.70400061 0.18799434 0.053969695 25 0 255.74923 1.1177493 -0.12086101
73 350.88419 115.11308 0.77306134 0.36006819 -0.026230728 25 0 743.94463 2.9148596 -1.1615441
74 237.59536 117.1508 0.68186476 0.30157539 -0.19744887 25 0 17853.882 73.323745 -4.6631116
75 254.93413 117.28113 0.7279503 0.58044882 0.27176816 25 0 1183.7694 4.6100169 -1.6592563
76 321.63107 118.29509 0.64234919 0.054684921 -0.049122349 25 0 1305.5727 5.7209478 -1.89367
77 265.04954 118.61942 0.6710703 0.29943967 0.097358646 25 0 2145.1652 8.9713164 -2.3821404
78 217.03948 120.26678 0.64776355 0.82098067 0.066733227 25 0 580.78939 2.5432757 -1.0134836
79 332.09458 120.57278 0.58255651 0.41349763 0.18748151 25 0 240.07288 1.3412342 -0.31876154
80 466.99212 119.94822 0.59421408 0.58236847 0.040072491 25 0 473.22723 2.3245956 -0.91586854
81 510.80753 120.01297 0.89373998 0.31266919 0.15136018 25 0 419.22663 1.5291113 -0.46109774
82 116.53031 120.79673 0.62678521 0.20961855 -0.21972138 25 0 543.31789 2.4258114 -0.96214258
83 69.374158 122.2516 0.70960457 0.56552796 0.065883585 25 0 652.78448 2.6635839 -1.063666
84 171.2823 121.69205 0.71621213 0.10042571 -0.22296606 25 0 452.56749 1.7172717 -0.58709754
85 168.92599 123.87252 0.72305421 0.26110754 0.0067646945 25 0 2503.6767 10.157777 -2.5169966
86 497.06913 123.89491 0.72903807 0.35665142 0.0054943581 25 0 556.21534 2.2870585 -0.8981932
87 1.709461 125.6995 0.6781036 0.061944061 -0.0062534493 25 0 504.24365 2.2888302 -0.89903394
88 192.8406 129.29804 0.67946393 0.20544657 0.035282291 25 0 1995.4999 8.2474252 -2.290796
89 24.179076 130.97447 0.78836483 0.14087948 -0.063547311 25 0 1676.8227 6.569096 -2.043764
90 270.34365 132.55046 0.56432141 0.77321284 0.2456685 25 0 421.7589 1.9242031 -0.71062727
91 326.22588 137.20808 0.53580058 0.42818356 -0.16829842 25 0 191.66705 1.151428 -0.15309195
92 287.4945 138.82511 0.55512388 -0.082304726 -0.32929514 25 0 273.77787 1.4745132 -0.42162169
93 412.92016 140.48271 0.62991203 0.50134993 0.17041041 25 0 12457.833 53.815521 -4.3272689
94 401.23767 143.6355 0.37002678 0.22798161 -0.31669935 25 0 192.06362 1.3814371 -0.3508278
95 315.62873 146.28858 0.61192964 0.051908358 -0.051147269 25 0 3088.354 13.671796 -2.8395639
96 31.441184 147.15761 0.73281828 0.19463416 -0.14329358 25 0 883.67712 3.6126448 -1.3945632
97 111.26187 149.27966 0.54179466 -0.076618524 -0.39959128 25 0 227.65614 1.1502597 -0.15198979
98 14.410755 151.1489 0.60889551 0.65306466 -0.076143462 25 0 589.93294 2.5937851 -1.034835
99 468.99516 150.99477 0.70161189 -0.54400237 0.043352178 25 0 216.63174 1.0695928 -0.073046165
100 501.06775 152.57351 0.68561273 0.45114371 0.23509727 25 0 8476.6646 34.94928 -3.8585956
101 114.32196 160.62408 0.65531364 0.29563391 0.12536905 25 0 456.8822 1.9985981 -0.7518137
102 402.81115 162.14165 0.68108647 0.19730094 -0.020540546 25 0 59811.086 251.57676 -6.0016763
103 223.22497 166.20271 0.8027113 0.23479269 -0.0378923 25 0 680.18592 2.4957431 -0.99299971
104 442.1321 165.51184 0.6443464 0.5160625 0.20700118 25 0 632.56304 2.8970226 -1.1548797
105 170.25424 169.58818 0.58905777 0.22975267 0.063111797 25 0 998.53296 4.48053 -1.6283235
106 472.96901 171.89827 0.69235654 0.64604773 0.24666805 25 0 261.38411 1.3025115 -0.28695395
107 50.095615 173.3274 0.65769548 0.24104544 -0.013587059 25 0 412.02886 1.9136525 -0.70465771
108 363.05035 174.44297 0.63298866 0.41121389 0.21059698 25 0 573.73236 2.6407538 -1.0543198
109 495.15624 173.87385 0.71186755 0.22995798 0.033385879 25 0 8149.7989 33.605748 -3.8160339
110 180.92351 175.38718 0.69268736 0.17338858 0.11459331 25 0 1120.4023 4.5928703 -1.6552104
111 242.9163 174.68725 0.67707666 0.45250325 0.067717234 25 0 2058.5026 8.5582883 -2.3309673
112 430.35844 176.64604 0.69647857 0.74688806 0.30616717 25 0 348.44128 1.5368925 -0.46660876
113 169.51808 178.00189 0.68879837 0.12111085 -0.23249652 25 0 1744.9431 7.087867 -2.1262889
114 38.835459 179.40665 0.62763539 -0.023369796 -0.19961542 25 0 223.49313 1.1045313 -0.10794503
115 160.47597 182.30776 0.43165811 0.40769759 -0.060090696 25 0 200.57629 1.1416123 -0.14379661
116 438.01196 183.1971 0.71670118 0.24780308 0.013241651 25 0 3471.9118 14.220589 -2.882294
117 33.533784 184.07412 0.68842398 0.19186796 -0.17494851 25 0 850.52375 3.4846488 -1.3553975
118 131.75029 184.09876 0.74122328 0.33517061 0.063630794 25 0 2127.2605 8.1949783 -2.2838695
119 427.93367 185.53278 0.64377833 0.26487391 0.14117467 25 0 660.39305 3.0079358 -1.1956714
120 499.81738 184.93368 0.79639894 0.34596154 0.002268517 25 0 964.8624 3.6823475 -1.4153119
121 7.1605638 186.61374 0.71816739 0.10311146 0.071831605 25 0 310.03466 1.4736297 -0.42097094
122 243.56638 186.84706 0.66560611 0.27979603 -0.038126635 25 0 1130.8517 4.7136563 -1.6833948
123 438.49114 188.18834 0.61959508 0.22057859 -0.13317722 25 0 932.95944 4.2452805 -1.569766
124 247.6246 189.04296 0.49118324 -0.63629257 -0.11018733 25 0 222.02559 1.2192717 -0.21525126
125 206.11065 189.445 0.58899491 0.24606376 0.2502758 25 0 697.58867 3.2212293 -1.2700541
126 88.459869 190.55488 0.5730889 -0.15154575 0.025948427 25 0 35756.376 163.39045 -5.5330666
127 138.0685 191.84978 0.71105673 0.41032721 0.01159966 25 0 507.62125 1.9620613 -0.73178145
128 269.36695 195.59916 0.56646403 0.34701633 0.13479567 25 0 346.47543 1.6963998 -0.57382055
129 437.3873 195.97729 0.84219595 0.1374414 -0.086271689 25 0 470.35421 1.8265582 -0.65408379
130 408.83114 199.10024 0.69039485 0.60306613 0.17103953 25 0 220.20209 1.0096336 -0.010409463
131 471.87827 200.09515 0.74802094 0.1092223 -0.086481221 25 0 771.02188 3.133809 -1.2401813
132 136.12745 201.07565 0.69366384 0.66292982 0.026628551 25 0 231.37129 1.0765217 -0.080057021
133 184.90945 202.51678 0.72866604 0.27687032 0.10092913 25 0 587.95303 2.2167184 -0.86427634
134 365.91152 201.86163 0.66952736 0.18366572 0.10194785 25 0 330.41334 1.5445788 -0.47202517
135 398.82457 201.81333 0.55829534 0.79944875 0.25184275 25 0 315.73438 1.5814748 -0.49765566
136 215.5098 203.5586 0.61595359 -0.70965521 -0.029886803 25 0 314.89029 1.2114492 -0.20826306
137 83.602114 204.772 0.56476914 -0.1353313 -0.14408493 25 0 564.60112 2.6360206 -1.052372
138 422.80803 204.3382 0.49175122 0.96581412 0.33035235 25 0 234.41239 1.1422176 -0.14437211
139 486.30054 206.10522 0.74297908 0.3396399 0.026098855 25 0 807.15812 3.3176416 -1.3020737
140 432.26903 208.57416 0.57062515 0.34418978 -0.51099065 25 0 229.51544 1.2300793 -0.2248328
141 140.72843 210.3596 0.62528877 0.00027074213 -0.21090071 25 0 229.6827 1.0061592 -0.0066667246
142 29.734829 213.64443 0.67181796 0.52329653 -0.4835073 25 0 431.5288 1.8351973 -0.6592069
143 352.16776 215.70437 0.57023614 -0.062648851 -0.40435245 25 0 210.40392 1.1300556 -0.13274956
144 442.43183 216.11649 0.63735087 -0.1429211 -0.25244856 25 0 1089.9613 4.6882958 -1.6775375
145 4.6997759 217.21135 0.72629089 0.049134942 -0.050362027 25 0 2106.9811 8.4351203 -2.3152282
146 343.19501 218.19779 0.6842693 0.33492581 0.0093000463 25 0 1733.2309 7.2185171 -2.14612
147 273.34124 220.29035 0.70060941 0.7600979 -0.027598113 25 0 758.72687 3.0958341 -1.2269442
148 167.44164 221.83502 0.61224341 0.38855789 -0.14444547 25 0 1008.2181 4.5264547 -1.6393955
149 510.83217 221.99488 0.75995841 -0.048564543 0.039733524 25 0 297.44219 1.2991513 -0.28414933
150 236.8486 225.17381 0.49120406 0.12091117 -0.37245665 25 0 212.97537 1.3479119 -0.32415374
151 496.35561 224.74945 0.63705182 0.061603486 -0.032232101 25 0 4993.4424 21.757598 -3.3440274
152 256.80582 227.07591 0.71364132 0.21127709 -0.040219414 25 0 3554.9264 14.594749 -2.9104916
153 2.3381677 229.33327 0.82361304 0.33649933 0.33166886 25 0 368.63639 1.4668447 -0.41596037
154 368.98097 229.18033 0.71434718 0.28016452 0.029412575 25 0 5438.5944 22.245366 -3.3680989
155 439.1477 229.87516 0.68179105 0.22007715 0.0034115067 25 0 16553.368 69.946788 -4.6119194
156 343.95949 231.44722 0.6061078 0.41668343 0.23888388 25 0 1011.2339 4.4221099 -1.6140738
157 508.49208 231.90046 0.70897698 0.019603458 -0.20802571 25 0 342.43701 1.4527199 -0.40545474
158 396.1483 232.68093 0.63082689 -0.013365996 0.1158431 25 0 242.39149 1.0696089 -0.073062516
159 197.20797 237.72925 0.6772217 0.38678709 0.1061624 25 0 790.06342 3.2973204 -1.2954029
160 257.47866 238.80877 0.653211 0.041778746 -0.062564043 25 0 831.67834 3.5589562 -1.3783066
161 448.32264 241.40152 0.69003145 0.55573459 0.040125243 25 0 2066.0663 8.3398682 -2.302898
162 47.471446 242.232 0.69687362 -0.25967934 -0.28451158 25 0 386.59341 1.7163098 -0.58648919
163 34.236908 244.77055 0.66238206 -0.15440218 -0.21215402 25 0 275.75965 1.3310109 -0.31045405
164 25.99998 248.19184 0.60164467 -0.20414962 -0.30591197 25 0 168.21783 1.0690717 -0.072517093
165 68.826678 252.5126 0.50725509 0.11558214 0.070794472 25 0 231.05325 1.1964568 -0.19474251
166 502.46785 252.52052 0.50229183 0.44555926 -0.040814526 25 0 226.92623 1.2069456 -0.20421922
167 220.95802 255.4636 0.66640325 0.29843764 0.11815808 25 0 5453.1509 22.965701 -3.4026993
168 445.24445 254.82609 0.66550888 0.17275466 -0.0035126816 25 0 8324.4684 35.347799 -3.8709059
169 283.08809 257.83846 0.69745194 0.47452237 -0.039782237 25 0 489.07238 2.0631633 -0.78633401
170 348.62614 264.32845 0.67040659 0.053794889 0.017283415 25 0 440.80345 1.9472033 -0.72352826
171 121.75385 265.72647 0.65653636 0.48919312 -0.42857124 25 0 299.22913 1.1616173 -0.16265764
172 3.2155596 276.40431 0.67645848 0.4163049 0.11427419 25 0 338.36037 1.5888395 -0.50270006
173 43.297912 276.23661 0.60929854 -0.075184288 -0.1695849 25 0 291.16218 1.388984 -0.35674309
174 50.161926 276.21612 0.78100993 0.37882813 0.056032345 25 0 1916.1959 7.436327 -2.1783962
175 106.66828 277.86267 0.69682239 0.050919041 -0.072206468 25 0 388.75953 1.6121749 -0.51853039
176 79.817823 278.86386 0.28046018 -0.12714218 -0.7703547 25 0 133.28361 1.0609703 -0.064258065
177 191.3768 279.85453 0.75808912 -0.18936682 -0.017687888 25 0 256.09273 1.00407 -0.0044099319
178 232.43531 284.43592 0.58706623 0.82376854 0.058336742 25 0 300.26353 1.4304121 -0.3886529
179 64.529446 285.39355 0.51130353 -0.31538964 0.030628038 25 0 596.90132 2.8520858 -1.1379065
180 364.89589 287.62263 0.6681814 0.39817949 0.10744583 25 0 6034.9596 25.510065 -3.5167789
181 177.51154 289.02355 0.68018 0.28794757 -0.23117664 25 0 972.35842 3.9765138 -1.4987562
182 55.960276 290.36456 0.7415257 0.39758312 0.1107651 25 0 1539.7532 6.1325236 -1.9690981
183 84.306485 290.15581 0.75363807 0.26908521 -0.038994641 25 0 1432.4507 5.5633502 -1.863341
184 339.1968 292.35635 0.55204127 0.12697498 0.15248246 25 0 408.16286 2.1566803 -0.83446441
185 470.41121 292.45462 0.5734897 0.76050855 -0.052498347 25 0 615.16737 2.9449427 -1.1726921
186 8.6664209 295.19976 0.59698285 0.33065498 0.11380261 25 0 437.68359 2.1283916 -0.82012884
187 86.631139 300.06172 0.60563113 -0.45490141 -0.14417889 25 0 284.93115 1.1737095 -0.17390152
188 153.34694 299.74292 0.66008341 0.095795707 0.06239549 25 0 519.86453 2.1349973 -0.82349334
189 67.759597 305.91218 0.73411515 0.41330807 -0.02575179 25 0 1614.7111 6.4993609 -2.0321766
190 415.67342 305.87366 0.63511908 0.17858693 -0.063121504 25 0 412.71977 1.8466499 -0.66596139
191 118.57764 308.19471 0.51017105 -0.20006103 -0.13762174 25 0 205.96858 1.0897157 -0.093283053
192 211.2233 311.48696 0.7009111 0.55808083 0.056967978 25 0 863.93232 3.4298005 -1.3381722
193 443.22648 311.33353 0.7076784 0.36857613 0.072670091 25 0 1209.0222 4.9584728 -1.7383698
194 130.5792 316.16428 0.70562058 0.32374773 -0.20738693 25 0 3623.3475 14.356555 -2.8926256
195 6.4308937 317.9248 0.67655452 0.23263041 -0.18620202 25 0 2265.1623 9.4863013 -2.4427423
196 217.41452 319.27043 0.60128849 0.70498807 0.0019502056 25 0 245.80291 1.1350561 -0.13754334
197 52.486024 320.15735 0.730636 0.058402628 0.1122393 25 0 432.64935 1.708791 -0.58172236
198 447.61432 325.22556 0.66981324 -0.14579625 0.01460466 25 0 307.56306 1.2973398 -0.28263439
199 179.96578 325.67996 0.67052168 0.35751353 -0.14716776 25 0 356.52968 1.5021593 -0.44178994
200 322.85748 327.94701 0.76459521 0.17920684 -0.03658722 25 0 718.98266 2.8497362 -1.1370116
201 255.72878 330.73946 0.75841975 0.55026406 0.18220114 25 0 341.4558 1.2102545 -0.20719181
202 13.05272 335.1753 0.77785376 0.30532677 0.015265406 25 0 6411.551 25.066885 -3.4977509
203 280.25054 335.1585 0.69086221 0.54746639 0.0026738887 25 0 631.37456 2.5547292 -1.0183622
204 373.07948 335.49494 0.63526341 0.031344683 0.08786836 25 0 572.48307 2.529369 -1.0075305
205 23.256565 336.11931 0.77607399 0.2904346 -0.044318556 25 0 15773.136 61.438481 -4.4711012
206 111.89026 335.83178 0.52677326 -0.32765264 -0.34603327 25 0 189.32119 1.0978221 -0.10132996
207 69.551955 337.20477 0.5610648 -0.25735624 -0.10715682 25 0 888.0423 3.8956502 -1.4764499
208 256.54752 336.64958 0.52446264 -0.10520319 -0.057868236 25 0 754.4019 3.632258 -1.4004417
209 37.612071 341.16761 0.52583052 0.59809076 0.27688943 25 0 198.02848 1.1539653 -0.15548186
210 481.58577 343.05753 0.62846375 0.69794726 0.1836101 25 0 942.25544 3.9139143 -1.4815283
211 252.64625 346.60197 0.51775851 0.30564906 0.079967039 25 0 317.77212 1.4716286 -0.41949552
212 353.56787 349.06188 0.64600479 -0.0086826439 -0.2430345 25 0 782.31091 3.2463016 -1.2784721
213 10.977572 352.28709 0.5210282 -0.22007139 0.106363 25 0 207.79134 1.0265773 -0.028479149
214 468.34737 351.64503 0.38615997 0.15307859 -0.11033386 25 0 178.96913 1.0045804 -0.0049617221
215 232.50888 352.85174 0.65950037 0.30313702 -0.14343107 25 0 5419.4295 22.70225 -3.3901723
216 248.07746 352.51902 0.76606486 0.056937743 -0.37768692 25 0 284.97853 1.1719403 -0.17226376
217 39.977834 354.50586 0.60403203 0.097464116 0.99824874 25 0 318.42217 1.1694727 -0.16997523
218 374.60246 354.16827 0.64695026 -0.12513596 -0.13720807 25 0 1080.5535 4.5952602 -1.6557753
219 14.529907 355.15503 0.63285437 -0.30081584 -0.16529614 25 0 893.70599 3.9015737 -1.4780995
220 486.19594 354.95647 0.70332967 -0.70185374 0.065085296 25 0 411.53502 1.854422 -0.67052145
221 5.1422972 355.48439 0.71822574 0.33409811 0.1851704 25 0 523.85295 2.1808021 -0.84654066
222 291.47727 356.75685 0.63556105 0.43417583 -0.1458113 25 0 25024.679 106.63546 -5.0697542
223 14.754517 359.00504 0.73182785 -0.008724258 -0.0061151893 25 0 1650.9683 6.5552188 -2.041468
224 149.76555 358.80537 0.65554483 -0.089774377 -0.1025879 25 0 290.08055 1.1382159 -0.14056159
225 436.17761 359.10658 0.711147 -0.076375793 -0.076703319 25 0 310.2405 1.2327236 -0.22716424
226 15.655602 362.31848 0.6383769 0.49045161 0.71928335 25 0 621.8518 2.5561633 -1.0189715
227 21.253714 364.15697 0.60292084 -0.79684372 -0.36078394 25 0 306.84377 1.1866553 -0.1858115
228 407.51915 363.79823 0.63035797 -0.090428049 -0.10623153 25 0 1943.8031 8.5101829 -2.3248472
229 472.68287 364.49919 0.63351213 0.13857571 0.26611146 25 0 280.70133 1.1853719 -0.18463661
230 218.83231 365.84647 0.67694161 0.29074113 -0.035280894 25 0 1722.8223 7.2682998 -2.1535821
231 270.9191 367.02798 0.74080586 0.17141376 -0.0383323 25 0 3489.8989 14.103818 -2.8733417
232 88.45022 368.61148 0.6648672 0.87837306 0.10652088 25 0 4731.8776 19.245592 -3.2108282
233 420.71251 368.08456 0.65781196 0.044518781 -0.32170924 25 0 1100.7823 4.6997782 -1.6801934
234 131.83746 369.22561 0.55225172 0.41163988 -0.29706121 25 0 447.23207 2.1466436 -0.82939985
235 492.31199 370.13232 0.74047882 0.25361266 -0.039076455 25 0 11112.56 44.597162 -4.123268
236 15.466942 371.44197 0.5868709 0.78037503 0.1250711 25 0 449.21577 1.975373 -0.73912276
237 468.97759 377.90114 0.72957209 0.040580889 -0.15117442 25 0 380.34014 1.6083028 -0.51591957
238 438.94226 379.58316 0.69966697 0.386236 0.16155962 25 0 344.54814 1.4153219 -0.37713804
239 358.83286 381.34116 0.67766104 0.088740179 0.028867248 25 0 3795.3226 15.983459 -3.009177
240 67.630965 382.69238 0.70784561 0.50175932 -0.036946384 25 0 3924.6435 15.751653 -2.9933153
241 113.26665 384.28991 0.719215 0.73133512 -0.033467598 25 0 639.75064 2.4797738 -0.98603017
242 220.13572 385.7766 0.66176073 0.24196277 0.053396284 25 0 737.72886 3.1797737 -1.2559905
243 476.76699 386.6717 0.70327411 -0.8566822 0.13126235 25 0 716.79357 2.8494559 -1.1369048
244 92.985199 387.49472 0.66355955 0.8847815 0.054002137 25 0 434.11577 1.772561 -0.62150298
245 261.96455 386.57013 0.63946666 0.27387948 0.035391211 25 0 349.48405 1.5353855 -0.46554356
246 509.41789 388.46721 0.52541712 -0.15159054 -0.05749888 25 0 274.86673 1.3707887 -0.34242626
247 137.53234 388.51891 0.51610528 -0.090305178 -0.047926864 25 0 1144.9747 5.3340908 -1.817651
248 477.57323 390.16911 0.64643786 -0.18961553 -0.10033237 25 0 2221.3793 9.5726208 -2.4525771
249 448.24029 390.49186 0.63085748 -0.013006958 0.14424276 25 0 2527.3818 10.926678 -2.5962204
250 52.96908 393.59958 0.71271525 0.052790978 -0.051292973 25 0 683.18975 2.7701201 -1.1062465
251 90.372577 398.91377 0.77387155 0.34282825 -0.054588417 25 0 304.81677 1.0547319 -0.057855153
252 239.36484 398.55213 0.60905329 0.68378036 -0.12905787 25 0 6733.6025 28.672054 -3.643647
253 369.99406 400.4333 0.68182911 0.12161969 0.031086672 25 0 847.43141 3.4936417 -1.3581959
254 166.1778 400.93422 0.66067788 0.94436967 0.11623229 25 0 334.96765 1.5111011 -0.44823383
255 405.56732 405.63012 0.62092011 0.55979009 -0.040773599 25 0 504.54335 2.1226932 -0.81721806
256 268.56834 406.04766 0.74660382 0.24511008 -0.21216778 25 0 829.98395 3.1140018 -1.2332971
257 284.06963 409.27211 0.57014641 -0.033607226 -0.20220429 25 0 352.15336 1.6815854 -0.56429735
258 265.96134 409.68426 0.69413278 0.37246568 0.060130046 25 0 2312.4606 9.6715008 -2.4637347
259 487.47553 410.07055 0.61853044 0.51157264 -0.092182137 25 0 487.46263 2.0040822 -0.75478885
260 34.127266 413.86693 0.81732987 0.74365816 0.18591193 25 0 298.63838 1.0118114 -0.012748876
261 97.876466 415.14572 0.76779252 0.32707434 0.072701085 25 0 1257.9444 4.9138301 -1.7285503
262 121.99324 416.46765 0.66409517 0.38395986 0.14972584 25 0 2359.7504 9.9171833 -2.4909709
263 33.857338 420.21167 0.57525079 0.32879209 0.033960423 25 0 261.30641 1.233323 -0.22769206
264 297.87294 426.5346 0.69409677 0.65508761 0.1123003 25 0 470.06796 1.8741854 -0.68203138
265 178.69164 428.11039 0.58309753 0.14285599 -0.40244453 25 0 320.41968 1.5109067 -0.44809413
266 207.47751 433.6122 0.64169311 -0.25116337 -0.024570973 25 0 373.16933 1.4175952 -0.37888058
267 146.31234 435.48717 0.71494084 0.46621216 0.048689823 25 0 1158.7703 4.4753792 -1.6270746
268 172.83121 434.48221 0.64651708 0.59118022 0.12200454 25 0 2206.698 9.1885646 -2.4081192
269 395.14246 435.2542 0.76634673 0.45334249 0.0082113857 25 0 377.77065 1.4330656 -0.3906652
270 187.66207 435.77226 0.52775031 0.2464796 -0.094339059 25 0 277.17191 1.4697035 -0.41807431
271 174.50505 437.03005 0.57655224 0.10960138 -0.29823688 25 0 322.55296 1.3030981 -0.28744278
272 246.01265 437.79622 0.77111489 0.28676343 0.013904291 25 0 1438.6359 5.5341903 -1.8576352
273 505.04218 437.50122 0.30149588 0.20103488 0.063860315 25 0 61310.901 313.51558 -6.2406478
274 358.60302 439.65034 0.6495811 0.48979866 -0.043689242 25 0 3380.5538 14.553846 -2.9074444
275 259.08559 442.3716 0.65994634 -0.11323827 0.11403103 25 0 1228.6305 5.0315854 -1.7542621
276 28.219776 442.82197 0.63769408 0.19669882 0.071186769 25 0 433.72474 1.9656028 -0.73373941
277 105.14453 444.30089 0.75920049 0.37699064 0.031860152 25 0 17656.514 69.313091 -4.6020382
278 490.24805 444.69061 0.63105502 -0.53282428 0.11255316 25 0 328.94849 1.39654 -0.36263348
279 77.973433 450.56177 0.81892366 0.61526856 0.39134632 25 0 305.8459 1.0877255 -0.09129831
280 476.84394 450.98479 0.80813357 -0.21360571 -0.28784849 25 0 413.13138 1.626509 -0.5281412
281 226.12854 451.86889 0.87344781 0.41177315 0.19126949 25 0 472.27943 1.6411761 -0.53788796
282 287.43263 451.99605 0.65587267 0.3906301 -0.13205655 25 0 234.45152 1.0698971 -0.073354995
283 491.17811 454.1035 0.77632917 0.13016705 -0.049332063 25 0 2924.6147 11.37909 -2.6402688
284 393.56633 456.66431 0.44634905 0.47765216 0.13895128 25 0 309.31447 1.500155 -0.44034036
285 325.10842 457.83037 0.74341237 0.22886598 0.04304237 25 0 844.53392 3.2245445 -1.2711709
286 449.3626 458.92633 0.82172869 0.38103794 0.010779575 25 0 501.23099 1.6897638 -0.56956503
287 344.59142 460.12897 0.84157682 -0.15902009 -0.1442471 25 0 358.9952 1.2930693 -0.2790545
288 493.92135 460.24464 0.88775836 0.41904745 0.1740112 25 0 312.87267 1.0689004 -0.072343128
289 376.2048 462.78894 0.73727444 0.16203722 -0.0082465703 25 0 1671.7777 6.6847223 -2.0627084
290 70.255374 463.90232 0.76192728 0.14506799 -0.050915645 25 0 7299.6889 28.847264 -3.6502616
291 163.25191 465.04304 0.76184267 0.11012173 -0.10387328 25 0 1632.6916 6.4458724 -2.0232043
292 340.01831 465.52866 0.95815811 0.49290889 0.036063478 25 0 353.3144 1.0523499 -0.055400385
293 149.13887 465.96761 0.79174873 0.24884892 -0.18902191 25 0 326.7656 1.2531435 -0.24500202
294 441.635 466.42018 0.49033362 -0.12377905 -0.027434334 25 0 60702.774 289.43228 -6.1538674
295 305.25061 467.1658 0.6605745 -0.054897811 -0.23158499 25 0 444.36889 2.0406804 -0.77443748
296 59.105819 469.25534 0.42470056 -0.35257712 -0.36387933 25 0 223.88158 1.1886602 -0.18764433
297 418.9153 468.6085 0.70972292 -0.18494106 -0.085934651 25 0 366.41624 1.5189742 -0.45387598
298 224.94416 473.06756 0.78557595 0.19384792 -0.046266905 25 0 6743.9078 26.160622 -3.5441202
299 442.89326 474.09444 0.78517552 -0.0076484944 0.09967384 25 0 604.18452 2.0208264 -0.76382249
300 356.71036 474.76703 0.71037685 0.16039483 -0.094736277 25 0 657.54201 2.4937737 -0.99214259
301 259.56153 476.1952 0.70513064 0.40396003 -0.2513691 25 0 292.67089 1.1379381 -0.14029664
302 275.08376 476.31734 0.72879881 0.2386148 0.031829557 25 0 3840.851 15.449261 -2.9722693
303 128.31369 476.88107 0.78682406 0.2490452 -0.059779298 25 0 649.24914 2.494859 -0.99261502
304 352.45535 481.5914 0.67590632 0.8431362 -0.045137587 25 0 482.55058 1.8748186 -0.68239813
305 152.99195 482.39612 0.7807714 0.19503084 -0.044704924 25 0 1037.2014 3.7344039 -1.4305532
306 274.17471 482.95649 0.89599294 -0.49296219 -0.066914576 25 0 296.59882 1.0025845 -0.0028024988
307 78.043944 487.83696 0.80585114 0.36509051 0.031858694 25 0 1494.6555 5.6194513 -1.8742348
308 254.07111 497.3155 0.71426863 0.32365212 0.045642661 25 0 499.85696 1.8896641 -0.69096155
309 406.96948 497.15774 0.66742222 -0.15645251 0.076897433 25 0 259.98934 1.0807747 -0.084337969
310 164.13762 501.38751 0.69050574 0.46795919 -0.031541836 25 0 397.82487 1.6189394 -0.52307645
311 81.258564 502.89262 0.57553086 0.60570118 -0.23916969 25 0 301.1806 1.311332 -0.29428162
312 129.95014 504.34426 0.72923945 -0.072660902 0.16122509 25 0 723.70989 2.6951696 -1.0764653
313 175.41325 504.29287 0.53900041 -0.64222052 0.2584527 25 0 412.37653 1.8270977 -0.65440443
314 294.06864 506.89265 0.70449243 0.18811183 0.051099665 25 0 389.21599 1.4916673 -0.43417995
315 130.95615 508.13795 0.78023921 0.01185347 -0.025803705 25 0 974.10942 3.6294958 -1.3996157
316 71.945317 510.62358 0.34237313 0.47113863 0.0047183496 25 0 212.82573 1.244102 -0.23713998
