id xcentroid ycentroid sharpness roundness1 roundness2 npix sky peak flux mag
1 325.58732 4.9209832 0.62573792 -0.17206623 -0.48345993 25 0 302 1.06065 -0.063930281
2 298.05619 7.554651 0.56506858 0.30684616 0.07750138 25 0 668 2.17018 -0.84123939
3 306.96167 9.9304469 0.56208334 -0.344863 -0.49218185 25 0 302 1.0502696 -0.053251952
4 429.56195 10.784346 0.65052108 -0.149709 -0.45297689 25 0 467 1.687707 -0.56824266
5 109.81516 14.71557 0.65972926 0.023204192 -0.062350576 25 0 473 1.425095 -0.38460952
6 335.45624 16.08853 0.60395674 -0.094704709 -0.39135688 25 0 715 2.2570622 -0.88385883
7 25.093109 16.570097 0.6590339 -0.03059633 -0.028742132 25 0 14823 41.157415 -4.0361202
8 408.97449 19.303525 0.66869933 0.21143312 -0.085059239 25 0 723 2.2832079 -0.89636362
9 468.14872 19.208478 0.71162545 0.18274056 -0.13796919 25 0 31478 83.680152 -4.8065561
10 213.49276 34.286657 0.57028207 -0.4946596 -0.16273198 25 0 355 1.0844805 -0.088054353
11 354.65864 37.479645 0.53972151 0.22158685 -0.11191249 25 0 445 1.4523068 -0.40514594
12 454.25442 37.84178 0.6930565 -0.14983235 -0.25440928 25 0 357 1.2487443 -0.24118384
13 127.31423 40.058078 0.63213882 0.072497599 -0.17936 25 0 445 1.3074881 -0.29109435
14 114.2774 44.238696 0.55824069 0.21380586 -0.22330302 25 0 521 1.6264068 -0.52807298
15 187.2826 45.50142 0.63684408 0.31080023 -0.15278733 25 0 1111 2.8769598 -1.1473345
16 206.64515 46.252368 0.62955929 -0.29252734 -0.26757413 25 0 2433 6.7607005 -2.0749792
17 325.16701 48.415795 0.35608269 0.21767544 -0.23026923 25 0 58776 201.21866 -5.7591706
18 347.42861 47.424132 0.46818038 0.035228068 -0.012631434 25 0 367 1.3428275 -0.32005058
19 67.052827 48.36057 0.67086407 0.091334362 0.23968887 25 0 504 1.4902592 -0.43315454
20 111.97053 50.506785 0.5870211 0.0025383138 -0.045525178 25 0 4791 13.874114 -2.8555131
21 155.00536 50.871396 0.61627249 0.67737175 0.039216132 25 0 386 1.1362921 -0.138725
22 400.82372 51.931684 0.66486679 0.1592209 -0.25023046 25 0 1209 3.5625664 -1.3794074
23 234.07395 56.105208 0.74845863 -0.16718176 -0.47904164 25 0 431 1.0824809 -0.086050566
24 471.35829 58.022236 0.75238377 0.0036134982 -0.27985922 25 0 907 2.6296172 -1.0497313
25 294.87979 58.865892 0.64975128 -0.040494482 -0.26784467 25 0 1772 4.9292945 -1.7319619
26 443.93315 65.691019 0.58097937 0.39143064 -0.046512868 25 0 1480 4.6432375 -1.6670522
27 502.36811 67.894056 0.72876686 -0.025441035 -0.20682606 25 0 3791 10.217934 -2.5234077
28 350.10305 69.804211 0.53762071 0.32908863 -0.031755534 25 0 278 1.0018596 -0.0020171367
29 32.043735 71.526236 0.49859431 -0.048537952 -0.10848335 25 0 497 1.9093193 -0.70219643
30 55.27257 71.168532 0.64763629 0.092182165 -0.33017482 25 0 466 1.3742767 -0.34518545
31 433.5524 72.596833 0.62985032 0.66587408 -0.096807876 25 0 1320 3.7787354 -1.4433662
32 113.0657 73.225882 0.6267391 -0.54580562 -0.3534563 25 0 433 1.23184 -0.22638579
33 472.11639 73.22386 0.67153809 0.23660588 0.019277626 25 0 393 1.3725087 -0.34378777
34 418.65291 74.179102 0.535767 -0.090785481 -0.35317421 25 0 507 1.8575957 -0.67237797
35 56.388836 76.308531 0.63678562 0.17686092 -0.20898754 25 0 1683 4.8397395 -1.712055
36 469.31949 81.08146 0.63228313 0.17807427 -0.11558918 25 0 1014 3.1552318 -1.2475782
37 351.20268 85.078717 0.66911752 0.035778847 -0.2245085 25 0 3953 10.892829 -2.5928517
38 120.41219 88.30853 0.70481515 -0.073377118 -0.31851249 25 0 551 1.4223792 -0.38253852
39 92.605924 91.802849 0.6519186 0.173956 -0.218551 25 0 642 1.7456249 -0.6048773
40 145.43994 91.908077 0.55420243 -0.16104537 -0.43905285 25 0 387 1.0939461 -0.097489772
41 491.63819 91.9884 0.66037596 0.042542182 -0.22516899 25 0 23471 65.050942 -4.533134
42 155.61089 98.647217 0.56588153 -0.059540752 -0.24144526 25 0 517 1.3837784 -0.35266636
43 284.22516 99.336323 0.6187713 -0.053776996 -0.11962164 25 0 1362 3.8146127 -1.4536261
44 288.2221 101.07328 0.61998611 -0.22511718 -0.21221543 25 0 1581 4.4354763 -1.6173507
45 186.51987 102.09211 0.65172443 0.01082523 -0.35658502 25 0 1800 4.716432 -1.6840339
46 54.237398 106.23089 0.67526992 0.032128052 -0.20218548 25 0 4805 13.005069 -2.7852817
47 116.18037 105.8346 0.78920857 -0.45054453 -0.15527994 25 0 551 1.2249289 -0.22027723
48 452.24874 105.96506 0.73628867 -0.052765637 -0.31771431 25 0 478 1.4662737 -0.4155376
49 297.12825 108.18463 0.7483155 -0.054487527 -0.090393112 25 0 442 1.0196187 -0.021094485
50 509.64857 108.48983 0.57776153 -0.29680078 -0.069396968 25 0 1816 5.4165349 -1.8343039
51 489.93715 111.94042 0.67709518 0.066720515 -0.15589728 25 0 2424 6.9128087 -2.0991364
52 332.80471 117.58668 0.55527311 -0.16789093 -0.13719323 25 0 493 1.4325266 -0.39025673
53 219.5822 119.32773 0.66062233 0.34266362 -0.27166255 25 0 16734 44.000641 -4.1086475
54 236.97959 119.37114 0.42223278 0.32083155 0.074462684 25 0 856 2.7813693 -1.1106467
55 247.0048 120.84969 0.57697958 -0.056705305 -0.19995483 25 0 1981 5.8400219 -1.9160362
56 303.56542 120.52679 0.57377221 0.42102926 -0.20439989 25 0 1072 2.9930554 -1.1902869
57 448.88141 122.1496 0.72075983 -0.35571759 -0.15219517 25 0 421 1.2479477 -0.24049099
58 98.762989 122.82914 0.63998334 0.076781238 -0.33924998 25 0 518 1.4159066 -0.37758654
59 199.27966 122.44297 0.59391895 0.1524841 -0.046978099 25 0 533 1.2926276 -0.27868359
60 51.30945 124.37973 0.57514175 0.31287628 -0.081892834 25 0 517 1.5389515 -0.46806233
61 153.08009 123.94219 0.65085039 -0.075251913 -0.21905397 25 0 490 1.1511571 -0.15283654
62 150.84749 126.04838 0.62842598 -0.18424164 -0.29870871 25 0 2323 6.5228679 -2.0360965
63 478.86679 126.37081 0.48260601 0.32071473 -0.049890183 25 0 320 1.4624181 -0.41267886
64 174.81455 131.38489 0.51844756 0.51716812 -0.086996927 25 0 1565 4.6001836 -1.6569379
65 6.2609383 132.90683 0.6959421 -0.025940278 -0.21961699 25 0 1425 3.9324511 -1.4866583
66 252.19143 134.8467 0.68224719 -0.37010229 -0.1256269 25 0 634 1.5651245 -0.4863722
67 394.76079 142.99132 0.62275832 0.0081562224 -0.24593949 25 0 12987 37.049013 -3.9219416
68 13.454258 149.34072 0.65073906 0.094207506 -0.10358459 25 0 817 2.3042192 -0.90630946
69 297.62836 148.46686 0.52046981 0.44108635 -0.12314146 25 0 2467 7.1455016 -2.1350818
70 483.01619 154.99238 0.67339524 0.079492743 -0.13751869 25 0 8826 24.57891 -3.4764065
71 96.233517 162.67883 0.60756854 -0.22267937 -0.21582567 25 0 520 1.3943482 -0.36092807
72 384.70995 164.42158 0.51762969 0.48311851 -0.061974626 25 0 40551 121.2218 -5.2089519
73 204.97939 168.42431 0.57677491 0.36936829 -0.19158543 25 0 525 1.3204804 -0.30182987
74 423.85748 168.00944 0.64197565 -0.29398766 -0.29002315 25 0 557 1.7545884 -0.61043815
75 152.15163 171.89656 0.60605213 0.02455556 -0.27401205 25 0 568 1.4971262 -0.43814604
76 32.263392 175.28614 0.40573191 0.64860209 -0.055380445 25 0 328 1.3837504 -0.35264439
77 477.02722 176.34447 0.64606272 0.12100091 -0.058564221 25 0 6729 18.883431 -3.1902023
78 224.69351 176.88713 0.58936549 0.01527195 -0.30819216 25 0 1887 5.2705172 -1.8046331
79 344.99248 176.81827 0.6420249 -0.27697979 -0.026357559 25 0 561 1.4506099 -0.40387658
80 162.8815 177.50702 0.49880687 0.31382428 -0.077311052 25 0 882 2.5936912 -1.0347957
81 412.18942 178.86241 0.62311587 0.15681274 -0.19524594 25 0 380 1.1844059 -0.1837514
82 151.39709 180.15174 0.66903331 -0.0091999804 -0.29621099 25 0 1776 4.5168135 -1.6370804
83 15.587223 186.01802 0.70549894 -0.16322254 -0.41359934 25 0 860 2.2605562 -0.88553825
84 113.55757 186.14988 0.62371785 -0.060678731 -0.24983795 25 0 1772 4.7257995 -1.6861882
85 419.88191 185.49665 0.52724581 0.17676088 -0.026817016 25 0 2323 7.218897 -2.1461771
86 481.58475 187.50892 0.61487029 -0.31968743 -0.05109629 25 0 628 1.9038958 -0.69910795
87 409.83973 187.75723 0.57849221 0.18912437 -0.14084981 25 0 587 1.9022649 -0.69817749
88 225.5561 189.0447 0.64957955 -0.048840295 -0.4087848 25 0 1205 3.0518423 -1.2114052
89 420.33186 190.60128 0.63202763 -0.19016108 -0.063004364 25 0 847 2.3963942 -0.94889564
90 187.84425 191.62888 0.59653201 -0.027581495 -0.30708626 25 0 770 2.0435191 -0.77594673
91 70.350856 192.59276 0.61608258 -0.25727732 -0.12378814 25 0 37666 105.14916 -5.0545145
92 119.93212 193.98054 0.63784291 -0.010364132 -0.10023337 25 0 520 1.2772973 -0.26573003
93 419.45434 198.56875 0.74470478 -0.27562463 -0.29829039 25 0 368 1.0113592 -0.012263605
94 453.81693 202.43647 0.59380795 0.22490196 0.029266906 25 0 521 1.6965597 -0.5739229
95 347.61384 204.30616 0.6918058 -0.55548474 -0.52224372 25 0 377 1.0520241 -0.055064233
96 166.88774 204.66258 0.61763059 0.021629066 -0.12180814 25 0 652 1.6530908 -0.54574175
97 197.20257 205.9502 0.60005788 0.046877811 -0.13733929 25 0 428 1.0840846 -0.08765792
98 507.54362 206.23683 0.63375377 -0.35279985 -0.19816735 25 0 1514 4.3515317 -1.5966054
99 65.509261 206.70645 0.54038 -0.28756665 -0.2530837 25 0 558 1.6354023 -0.53406152
100 404.63002 206.91266 0.65704532 0.10521326 -0.06918397 25 0 343 1.0463257 -0.049167276
101 468.20683 208.62061 0.6019334 -0.21724874 -0.01627399 25 0 602 1.9918589 -0.74814641
102 501.59362 212.29511 0.64084761 0.30223093 -0.25824234 25 0 2992 8.3385322 -2.302724
103 11.29467 215.69437 0.67682467 0.57368969 -0.38941342 25 0 427 1.1255745 -0.12843562
104 13.416893 217.35558 0.62462402 -0.41280032 -0.23363587 25 0 447 1.2196402 -0.21557935
105 424.25004 218.62787 0.54965235 0.58856684 0.056338677 25 0 928 2.8449791 -1.1351977
106 325.14028 220.56845 0.5998216 -0.045973949 -0.12936113 25 0 1451 3.9905307 -1.5025766
107 255.27464 222.53898 0.5306564 -0.021738985 -0.043160036 25 0 715 1.8836383 -0.68749379
108 149.38265 223.92503 0.68011351 -0.021532319 -0.21751379 25 0 1186 2.9602237 -1.1783113
109 478.12847 227.25094 0.65932649 0.088306288 -0.14992829 25 0 5117 14.276059 -2.8865209
110 238.55602 229.30895 0.57245925 -0.31714653 -0.24724233 25 0 2673 7.4185589 -2.1757989
111 350.85306 231.41177 0.52495341 0.2801277 0.010882138 25 0 3682 10.970218 -2.6005382
112 420.93549 232.25089 0.63783588 -0.047689021 -0.16308598 25 0 15094 42.228662 -4.0640183
113 325.81262 233.79158 0.62846722 0.16780035 -0.28103616 25 0 1185 3.2820279 -1.2903557
114 490.06713 234.24977 0.71913658 0.041917344 -0.22741933 25 0 375 1.2231461 -0.21869582
115 179.11769 239.97501 0.63897549 -0.17176318 -0.2544411 25 0 876 2.2078419 -0.85991995
116 239.12781 241.04606 0.67111634 -0.059635214 -0.32090192 25 0 900 2.2899288 -0.89955494
117 29.682043 244.06632 0.63718311 -0.07607573 -0.062689081 25 0 454 1.3057787 -0.28967395
118 430.23927 243.79026 0.66283666 -0.093402423 -0.17013152 25 0 2097 5.841279 -1.9162699
119 15.912012 246.80916 0.74008952 0.19127181 -0.059454911 25 0 408 1.0370629 -0.03951277
120 427.03645 257.21593 0.65409339 -2.8795462e-05 -0.15341638 25 0 8240 22.866303 -3.3979899
121 202.78638 257.51145 0.53456743 0.3101632 -0.084301192 25 0 4399 12.981215 -2.7832884
122 264.81414 260.05557 0.56990145 -0.19577304 -0.37790243 25 0 486 1.2963798 -0.2818306
123 330.63743 266.61018 0.43623001 0.26306573 -0.21376454 25 0 318 1.0589082 -0.062145729
124 32.103903 278.14639 0.72417864 0.0017457332 -0.24619521 25 0 1860 4.7401254 -1.6894746
125 46.313328 287.55689 0.67378885 0.55487869 0.082363071 25 0 796 1.9565953 -0.72875249
126 346.5414 289.99289 0.65652693 -0.13133358 -0.30894918 25 0 5927 16.060722 -3.0144127
127 159.28143 291.11849 0.63461636 -0.10682554 -0.29065987 25 0 991 2.6115845 -1.0422602
128 37.810864 292.39189 0.67925363 0.069151558 -0.11607029 25 0 1409 3.6220202 -1.3973772
129 66.07574 292.1842 0.67704474 0.01179793 -0.21735391 25 0 1374 3.6379035 -1.4021279
130 321.02724 294.89186 0.47053226 0.10775175 -0.17684406 25 0 364 1.0753286 -0.078852984
131 452.28151 294.98555 0.67074771 -0.31957699 -0.25142334 25 0 800 2.4061131 -0.9532901
132 135.15027 302.01505 0.66545581 -0.43361336 -0.31678498 25 0 616 1.5280801 -0.46036531
133 49.51391 307.92387 0.64944971 -0.021331567 -0.35560075 25 0 1411 3.8194261 -1.4549953
134 397.4752 308.09704 0.70424196 -0.36776063 -0.37153549 25 0 428 1.2051756 -0.20262587
135 193.00011 313.64928 0.52673251 -0.13071251 -0.17497568 25 0 786 2.1601262 -0.83619779
136 424.92302 313.79049 0.63091686 -0.31578717 -0.15567744 25 0 1002 2.923624 -1.1648038
137 112.26759 318.28631 0.65333809 0.17876924 -0.19945736 25 0 3750 10.131642 -2.5141996
138 495.1511 327.99296 0.92921014 -0.18037592 0.098332348 25 0 359 1.0862959 -0.089870328
139 304.51119 330.08009 0.72563584 0.066661349 -0.33401192 25 0 657 1.6406445 -0.53753625
140 237.40464 333.09672 0.57100698 0.1816643 -0.36369904 25 0 405 1.1836653 -0.18307232
141 261.88903 337.54085 0.51597809 -0.10843618 -0.070691026 25 0 444 1.2775078 -0.26590891
142 5.128459 338.03343 0.74223452 0.02757442 -0.16459435 25 0 15938 41.574589 -4.0470699
143 354.74007 337.84737 0.64506601 -0.22423297 -0.32577694 25 0 548 1.5029121 -0.44233393
144 51.426448 339.23454 0.66840176 -0.27236034 -0.19853573 25 0 1111 2.8682255 -1.1440332
145 238.23061 338.93068 0.63431656 -0.090699061 -0.22798199 25 0 975 2.5861574 -1.0316374
146 463.1575 345.5303 0.72802394 0.4975167 0.21980361 25 0 940 2.4172394 -0.95829914
147 335.04629 351.3528 0.58640757 -0.066683898 -0.063520158 25 0 687 1.9912759 -0.74782859
148 214.29532 355.00311 0.66374678 -0.089015593 -0.2986727 25 0 6009 16.382276 -3.0359356
149 356.32485 356.524 0.52768114 0.47396161 -0.060493494 25 0 890 2.7260484 -1.0888339
150 273.16028 359.03833 0.65040639 -0.078944479 -0.29392386 25 0 27839 76.829759 -4.7138237
151 389.05093 366.17448 0.64704947 -0.090930469 -0.20792854 25 0 2046 5.7652834 -1.9020516
152 200.56128 368.02377 0.72975148 -0.034488646 -0.38711135 25 0 1762 4.2644158 -1.5746489
153 252.52436 369.22025 0.62032265 -0.323015 -0.3028874 25 0 2715 7.4747824 -2.1839964
154 70.185546 370.58042 0.58469355 0.41455462 0.018248385 25 0 4589 13.14301 -2.7967371
155 113.37496 371.30765 0.72025478 0.62118015 -0.12698588 25 0 513 1.1106714 -0.11396401
156 402.21165 370.47507 0.61444641 -0.3761201 -0.14421148 25 0 951 2.7382782 -1.0936939
157 473.8829 372.62281 0.63144233 0.13861995 -0.051780421 25 0 9045 25.702432 -3.5249356
158 340.46055 383.67727 0.57647143 0.31701708 -0.2027001 25 0 3014 8.7136863 -2.3505048
159 49.416787 384.66247 0.6288508 -0.27519328 -0.17806683 25 0 3604 10.045216 -2.5048982
160 95.604416 386.6265 0.9992356 0.65869163 -0.15724697 25 0 1188 2.3527322 -0.92893123
161 201.8892 387.95957 0.70479003 -0.18679555 -0.26539802 25 0 691 1.6855432 -0.56684973
162 74.876148 389.35598 0.52166963 0.15202113 -0.19716153 25 0 362 1.0110067 -0.01188508
163 458.42303 389.04805 0.70339687 -0.99012723 -0.17777965 25 0 748 2.1909891 -0.85160056
164 119.12176 390.65708 0.60054533 0.0045518192 -0.13419501 25 0 1479 4.159925 -1.5477138
165 490.8995 390.95414 0.67054278 -0.16368933 -0.35317336 25 0 310 1.1302539 -0.13294007
166 429.79602 393.01878 0.64065732 -0.055975754 -0.26996693 25 0 2598 7.5696483 -2.1976893
167 459.14522 392.60718 0.62663334 -0.21522107 -0.074838006 25 0 2043 5.984188 -1.9425131
168 34.736316 395.63385 0.557828 0.53667562 0.082239108 25 0 514 1.5243201 -0.45769046
169 221.14268 400.78626 0.63533791 -0.12025294 -0.22620952 25 0 8094 22.503203 -3.3806109
170 351.65944 402.86108 0.64859829 -0.089828185 -0.38985437 25 0 799 2.2866597 -0.89800384
171 250.10472 408.25617 0.63118093 0.19880017 -0.35846287 25 0 665 1.7148075 -0.58553841
172 387.01975 407.9455 0.65125413 -0.025530204 -0.16052952 25 0 572 1.7507274 -0.60804632
173 247.52591 411.97955 0.73258792 -0.15374637 -0.36514361 25 0 2143 5.2625702 -1.8029948
174 468.86966 412.37115 0.61783132 0.11990816 -0.031988849 25 0 430 1.5440173 -0.4716304
175 79.515945 417.06586 0.70542227 -0.17616254 -0.27036338 25 0 1084 2.7759636 -1.1085344
176 103.64147 418.51729 0.60464073 0.41957814 -0.10309212 25 0 2061 5.7250607 -1.8944502
177 279.32501 428.90252 0.52645279 0.035771871 -0.144793 25 0 361 1.1108933 -0.11418085
178 160.41593 430.2952 0.65941259 -0.099931364 -0.34314864 25 0 430 1.1567869 -0.15813338
179 189.2216 435.64586 0.54111742 0.080483876 -0.18494406 25 0 373 1.0931434 -0.096692821
180 127.86579 437.64617 0.54547694 -0.032598633 0.0031080949 25 0 866 2.4885839 -0.98988072
181 154.40556 436.63075 0.65630073 -0.2353585 -0.1579695 25 0 2217 5.9081401 -1.928627
182 169.05165 438.30234 0.73999939 0.50309387 -0.1170825 25 0 404 1.0161957 -0.01744333
183 376.59194 437.82277 0.64546974 0.031566574 -0.59735969 25 0 295 1.0020256 -0.0021969912
184 227.61153 440.10549 0.67097424 -0.19870416 -0.38311059 25 0 1177 3.1939769 -1.2608294
185 486.5851 439.97474 0.30390221 -0.096464935 -0.22478247 25 0 58343 183.78841 -5.6607953
186 340.1909 442.06047 0.65412467 -0.11739718 -0.26861945 25 0 3521 9.921946 -2.4914921
187 240.6557 444.55747 0.6144535 0.24514829 -0.17440599 25 0 1075 2.8656218 -1.1430472
188 86.767226 446.36603 0.61543877 -0.13563598 -0.15541074 25 0 13984 39.629829 -3.9950555
189 472.55425 456.54851 0.61164016 0.29654113 -0.11185528 25 0 1861 5.5058629 -1.8520635
190 374.97487 458.94681 0.65882924 0.12996108 -0.10396233 25 0 404 1.2977991 -0.2830187
191 306.5464 460.20994 0.72005541 -0.31643737 -0.26601723 25 0 684 1.7418446 -0.60252352
192 357.68084 465.14187 0.69238327 -0.21746206 -0.25971898 25 0 1405 3.907221 -1.4796699
193 51.895133 465.91567 0.73958609 -0.0036513561 -0.22435005 25 0 7259 18.994919 -3.1965936
194 144.89524 467.11901 0.65761821 -0.1192453 -0.23028531 25 0 1395 3.974428 -1.4981866
195 423.15221 468.71356 0.40508847 -0.23643189 -0.24886486 25 0 58381 203.78877 -5.7729506
196 400.37161 471.12904 0.68765943 -0.21950925 -0.17924622 25 0 313 1.0672325 -0.070647608
197 206.50243 475.20508 0.648658 -0.3305353 -0.3275077 25 0 4904 13.357629 -2.8143234
198 424.34545 476.66949 0.47034706 0.55511177 0.40601666 25 0 304 1.0435589 -0.04629239
199 338.29313 477.10168 0.71212334 -0.72848782 -0.35602165 25 0 640 1.7764343 -0.62387286
200 109.83848 479.06233 0.75682551 0.18222962 -0.3363565 25 0 499 1.2204377 -0.21628902
201 256.57431 478.5387 0.58225814 0.42575567 -0.15598571 25 0 2748 7.9465516 -2.2504468
202 333.96432 483.82958 0.7184117 -0.25108597 -0.21658275 25 0 538 1.5802252 -0.49679743
203 134.47272 484.44039 0.6105929 0.45182661 -0.22399435 25 0 775 2.1030628 -0.8071306
204 59.547544 489.80152 0.73499783 0.26400535 -0.30517126 25 0 1208 3.1188289 -1.2349789
205 62.900914 504.74579 0.64706604 0.27938124 -0.33200344 25 0 413 1.153331 -0.15488495
206 111.45873 506.60505 0.48725793 -0.77414217 -0.15909897 25 0 432 1.2260824 -0.22129916
207 156.93098 506.53746 0.71874933 0.16778485 -0.10374634 25 0 597 1.488101 -0.43158103
208 112.44149 510.19145 0.57855513 -0.73100122 -0.44717374 25 0 750 2.0193222 -0.76301403
