id xcentroid ycentroid sharpness roundness1 roundness2 npix sky peak flux mag
1 344.43048 0.84498094 0.62567493 -0.30417632 -0.03363883 25 0 627 1.8221358 -0.65145188
2 353.4456 3.0248048 0.66815476 0.29211923 0.20603548 25 0 391 1.039113 -0.041656948
3 475.88766 3.7145696 0.67995221 0.30680527 0.041337603 25 0 508 1.6196026 -0.52352119
4 2.2528732 8.6161871 0.57377877 0.42339011 0.33716977 25 0 637 2.0880779 -0.79936676
5 156.31256 8.12574 0.71806345 0.047891744 -0.03372189 25 0 563 1.4286881 -0.38734354
6 10.593293 8.6383105 0.77965594 0.054913255 0.11624594 25 0 432 1.2459834 -0.23878067
7 381.90807 9.1613476 0.70694947 -0.0084061216 0.11703277 25 0 886 2.3991256 -0.95013247
8 71.397193 10.267012 0.61903464 0.11573855 0.015852073 25 0 13469 36.819327 -3.9151896
9 18.924132 11.893486 0.76348458 -0.0127148 0.10479555 25 0 6747 16.733848 -3.0589896
10 455.35835 12.409868 0.53982577 0.25066749 0.20227399 25 0 559 1.9635794 -0.73262117
11 0.96934634 13.5042 0.69968348 -0.14711153 0.29886271 25 0 3692 9.5308225 -2.447826
12 401.11389 30.599131 0.67051056 0.31733954 0.14540098 25 0 548 1.5595156 -0.48247428
13 500.74988 30.712488 0.62503298 0.53192551 0.16188769 25 0 340 1.4074186 -0.37105824
14 173.86013 33.542857 0.70991608 0.50213018 0.23389413 25 0 494 1.2094123 -0.20643592
15 160.61651 37.710945 0.59268477 0.24697022 0.042252686 25 0 530 1.39745 -0.36334066
16 233.64583 38.698192 0.62762973 0.43401371 -0.017711623 25 0 1193 3.1721269 -1.2533764
17 253.05113 39.469309 0.69520911 0.086999045 0.30199738 25 0 2496 6.1503233 -1.9722449
18 393.85534 40.616214 0.59673009 0.22369413 0.28666081 25 0 433 1.3380901 -0.31621342
19 371.51919 41.599714 0.48734419 -0.4970396 0.14353727 25 0 58664 156.99803 -5.4897355
20 113.46713 41.978735 0.6161248 0.15920835 0.00057065752 25 0 541 1.5387721 -0.46793573
21 0.20302083 42.832128 0.84140122 0.18017332 0.33041335 25 0 614 1.4134036 -0.37566552
22 158.38739 43.919649 0.66259292 -0.16413892 -0.01023226 25 0 5439 14.171227 -2.8785186
23 447.26266 44.952173 0.7241253 -0.052438164 -0.056774585 25 0 1149 3.0400462 -1.2072005
24 293.92067 50.536145 0.66550002 -0.074117048 0.19657147 25 0 491 1.2315259 -0.22610884
25 341.29262 51.969028 0.71859342 0.10640458 0.068725677 25 0 1925 4.7577325 -1.6935001
26 490.3621 58.430856 0.66229641 -0.41823766 0.081347674 25 0 1353 3.7224055 -1.4270592
27 44.686937 62.947185 0.58544397 -0.48032974 0.048269906 25 0 380 1.1592063 -0.1604018
28 78.482851 65.059884 0.61775627 -0.34247189 -0.1532006 25 0 695 1.9665737 -0.73427555
29 101.68532 64.661471 0.59742812 -0.24629491 -0.050011923 25 0 408 1.0340895 -0.036395274
30 479.93896 65.468754 0.63657031 0.03919356 0.262969 25 0 1565 4.5109648 -1.6356736
31 44.834615 66.795528 0.83432382 -0.31248116 0.30359581 25 0 586 1.4059725 -0.36994207
32 159.21301 66.576189 0.53150118 -0.11196045 -0.21359214 25 0 383 1.018436 -0.019834368
33 465.19575 67.012681 0.68680833 -0.068211112 -0.0773109 25 0 590 1.7864102 -0.62995297
34 102.74135 69.84033 0.67612205 0.12262531 0.012614007 25 0 1755 4.5981964 -1.6564688
35 2.0464988 78.171838 0.70658031 0.23122416 0.20229073 25 0 838 2.2126578 -0.86228562
36 397.64148 78.040218 0.66002554 -0.09175319 -0.013934912 25 0 3610 9.523151 -2.4469517
37 18.131863 81.01083 0.74927891 0.14404791 0.09541337 25 0 874 2.214054 -0.8629705
38 166.75816 81.617235 0.62525922 0.20786549 -0.016503675 25 0 507 1.2255088 -0.22079106
39 139.17913 85.232322 0.79124632 0.35892847 0.31714456 25 0 741 1.6306262 -0.53088601
40 202.07603 91.969001 0.64343285 0.38115367 0.13149141 25 0 645 1.671996 -0.55808807
41 330.68211 92.529528 0.60497298 -0.4203663 0.13135047 25 0 1249 3.2734854 -1.287526
42 334.65039 94.252797 0.66219574 -0.54112253 -0.022487749 25 0 1581 3.886287 -1.4738372
43 232.98228 95.422517 0.64900205 -0.0047191149 0.17063019 25 0 1797 4.5566458 -1.6466132
44 0.12520555 95.736881 0.94331826 -0.010534266 0.45299096 25 0 1049 2.2313877 -0.87143759
45 162.66813 99.298149 0.64907646 -0.47870518 0.11666629 25 0 468 1.0954899 -0.099020978
46 498.84111 98.924821 0.80286336 0.79059754 0.34171718 25 0 401 1.1496566 -0.15142038
47 100.62248 99.646504 0.62594991 -0.0056870472 0.0021364177 25 0 3159 8.2370954 -2.2894352
48 379.37338 110.49683 0.63394978 0.43973127 0.10454855 25 0 615 1.5644561 -0.48590843
49 266.02486 112.59452 0.68068528 0.0084111714 0.18480645 25 0 18518 47.218768 -4.1852866
50 283.49871 112.5973 0.62738031 -0.35421623 0.059175869 25 0 1006 2.4045915 -0.95260325
51 293.44962 114.05311 0.61257903 -0.26444621 -0.14296271 25 0 1871 4.8890906 -1.7230702
52 350.10923 113.61194 0.6674083 -0.061442969 0.13484749 25 0 1318 3.2554827 -1.2815385
53 495.42962 115.11289 0.56464867 0.15183509 -0.19174569 25 0 300 1.1445062 -0.14654541
54 144.9824 116.38254 0.72651394 0.066894466 0.088931792 25 0 594 1.3153388 -0.29759412
55 245.56521 115.67086 0.63461293 0.20987838 -0.14236815 25 0 526 1.142724 -0.14485337
56 199.53449 117.52978 0.67657716 -0.88977238 -0.40564557 25 0 549 1.2823738 -0.27003663
57 97.889204 117.75998 0.72469989 -0.064026321 0.022585765 25 0 655 1.4943795 -0.43615228
58 197.40825 119.26359 0.60968669 0.29503064 -0.022540546 25 0 2002 5.1851546 -1.7869043
59 30.179137 121.31997 0.64917985 0.14248809 0.047960318 25 0 476 1.3286577 -0.30853277
60 221.3892 124.69682 0.66356747 -0.37459888 0.046180257 25 0 1847 4.51966 -1.6377644
61 52.6256 126.52418 0.65533195 -0.29090786 0.26738143 25 0 1141 2.8566208 -1.1396315
62 25.056321 127.19818 0.79456754 0.024101655 0.021166777 25 0 482 1.1052248 -0.10862658
63 298.85736 127.93783 0.60537776 -0.078905825 -0.28943873 25 0 593 1.5035329 -0.44278231
64 441.35152 135.90896 0.66231392 -0.075855584 -0.01314207 25 0 12900 33.51072 -3.8129594
65 344.1369 141.60796 0.67232284 -0.11571923 0.16089951 25 0 3225 8.1254533 -2.274619
66 59.969731 142.71584 0.73280427 0.11076638 0.21449487 25 0 930 2.2635724 -0.88698598
67 43.041406 146.87746 0.68059363 0.0084067149 0.028625899 25 0 722 1.8904778 -0.69142896
68 142.78324 156.08149 0.70967903 -0.28472534 0.024078201 25 0 602 1.3367182 -0.31509964
69 431.30947 157.46157 0.64243631 -0.27260745 0.19005445 25 0 47386 121.15641 -5.208366
70 470.51122 160.87128 0.6811323 0.060613989 -0.20610295 25 0 480 1.3493129 -0.32528168
71 251.66568 161.6016 0.64513717 0.40316411 0.099758173 25 0 575 1.2920086 -0.27816352
72 198.79114 165.05725 0.63593779 -0.21185566 -0.095143911 25 0 626 1.460315 -0.41111635
73 271.36383 169.99243 0.60692375 -0.06884106 -0.05404152 25 0 1864 4.840896 -1.7123144
74 391.62578 169.67213 0.53131937 -0.051516967 0.033735235 25 0 502 1.5116875 -0.44865508
75 209.66619 170.79952 0.5602911 -0.34235648 -0.17975575 25 0 925 2.3710425 -0.93734836
76 458.78609 171.91847 0.680287 -0.087115089 0.070337564 25 0 439 1.2806428 -0.26857001
77 197.93304 173.40956 0.66208945 0.1307131 0.32242369 25 0 1682 4.0915152 -1.5297104
78 0.95389216 178.10132 0.77446598 0.086816885 0.308196 25 0 886 2.0398727 -0.77400768
79 466.54367 178.46484 0.60041494 -0.63561991 0.051765262 25 0 2331 6.1984618 -1.9807098
80 62.026798 179.59692 0.63645193 0.068015616 0.20648576 25 0 852 2.1864827 -0.84936512
81 160.24264 179.54729 0.65675418 0.04888058 0.27485946 25 0 1857 4.4489272 -1.6206382
82 456.47464 180.76486 0.44850446 0.19017647 -0.34895801 25 0 462 1.5618703 -0.48411243
83 272.0736 182.22413 0.67384188 0.058659639 0.15656115 25 0 1366 3.3790219 -1.3219775
84 466.91741 183.49833 0.73497673 -0.066791452 0.16023539 25 0 936 2.2486786 -0.87981847
85 234.74283 184.99778 0.578502 -0.39674065 -0.31555248 25 0 726 1.8296972 -0.65594805
86 116.84481 186.1527 0.70278346 -0.084676435 0.075273901 25 0 45521 115.70019 -5.1583352
87 166.53157 187.24285 0.72566882 -0.49783044 -0.032671776 25 0 524 1.0676207 -0.071042484
88 500.30881 195.30974 0.65691705 0.15099768 0.11916932 25 0 600 1.7653055 -0.61704968
89 213.49175 197.94946 0.63579105 -0.13770615 -0.040252432 25 0 723 1.7267639 -0.5930824
90 243.79275 199.20244 0.80546401 0.41125779 0.3403286 25 0 531 1.0439582 -0.046707752
91 111.89788 200.16176 0.5740298 -0.01132797 0.105319 25 0 649 1.7228382 -0.59061122
92 10.157883 208.19163 0.69426157 0.056337098 0.12607045 25 0 2169 5.5147306 -1.8538108
93 57.850982 209.1984 0.59162828 0.52086952 -0.29279558 25 0 475 1.206004 -0.20337183
94 59.878342 210.75389 0.5948964 0.26745209 0.023158872 25 0 542 1.4169581 -0.37839249
95 470.93391 211.39755 0.67246649 -0.19889642 0.22019513 25 0 1123 3.0104965 -1.1965953
96 33.220092 212.69259 0.71607035 -0.13431517 0.13747257 25 0 2097 5.0954975 -1.7679665
97 371.70177 213.5499 0.62850808 0.32614717 0.18361416 25 0 1451 3.7450553 -1.4336456
98 301.9501 215.75743 0.6083306 -0.0086435816 -0.0084580096 25 0 823 2.1546895 -0.83346173
99 195.99217 217.1756 0.60773369 0.24140929 0.17426209 25 0 1200 3.1408077 -1.2426034
100 285.28101 222.38629 0.65911944 -0.21264202 0.25283462 25 0 2823 6.9647358 -2.1072616
101 397.41155 224.47478 0.52170154 0.49075365 0.010929701 25 0 3492 10.004407 -2.5004784
102 467.61437 225.15405 0.67507412 -0.22492514 -0.0025204663 25 0 14612 37.452216 -3.9336938
103 372.48759 226.85383 0.64739913 -0.28294947 -0.063972255 25 0 1126 2.8660138 -1.1431957
104 225.78559 233.25284 0.69706527 -0.25765988 0.10389398 25 0 878 1.9774368 -0.7402565
105 285.84768 234.22823 0.67061094 -0.073819798 0.054938793 25 0 932 2.2630662 -0.88674315
106 476.79456 236.54382 0.61027027 0.2004544 0.2179938 25 0 1810 5.119685 -1.7731081
107 76.182962 237.61077 0.64557833 0.046732489 -0.01248287 25 0 492 1.2038638 -0.20144341
108 473.67205 249.97687 0.67856333 -0.0221103 0.013477422 25 0 8085 20.893295 -3.3000173
109 249.42893 250.81607 0.59927683 0.028674827 -0.12366986 25 0 4683 12.520759 -2.7440766
110 21.801291 251.86366 0.69064868 0.10782764 0.051105811 25 0 1131 2.8000244 -1.1179045
111 311.54228 253.19585 0.62637575 -0.49739766 -0.13167263 25 0 507 1.2943114 -0.28009691
112 78.730604 271.69749 0.64020105 0.15748242 0.10754466 25 0 1523 3.9415209 -1.4891596
113 260.89101 279.77766 0.66113246 0.45041989 0.26196008 25 0 473 1.1940648 -0.19256974
114 93.024161 280.89692 0.80934508 -0.25638653 0.079445443 25 0 1074 2.3388643 -0.92251255
115 393.33872 282.95457 0.67876189 -0.13678792 0.010373267 25 0 5917 15.205163 -2.9549777
116 4.8740923 284.31873 0.82934315 0.26924894 0.16446844 25 0 549 1.1361219 -0.13856237
117 206.00534 284.55007 0.62601747 0.19232118 0.2830425 25 0 924 2.3336821 -0.92010425
118 84.497461 285.82712 0.58532446 0.16728963 -0.044251827 25 0 1172 2.9629851 -1.1793237
119 112.72513 285.65343 0.68592902 0.40456301 0.096608154 25 0 1343 3.3027229 -1.2971804
120 367.63287 287.85476 0.70672899 -0.38734308 -0.076566101 25 0 487 1.2561883 -0.24763683
121 498.96749 287.65056 0.71635718 0.11485228 0.188489 25 0 760 2.1132877 -0.81239654
122 37.143127 290.88426 0.74174598 -0.35950591 0.1422235 25 0 512 1.066579 -0.06998257
123 181.85387 295.10907 0.55909394 0.42464182 0.11609057 25 0 527 1.3991843 -0.36468728
124 96.208784 301.35003 0.61335143 0.22408961 0.15879725 25 0 1277 3.3049499 -1.2979122
125 444.16584 301.15023 0.76476454 -0.21122318 0.17403564 25 0 429 1.153962 -0.15547873
126 0.7210136 305.82656 0.61671134 0.21137614 0.11622472 25 0 681 1.7588008 -0.61304161
127 239.84391 306.78165 0.71240888 0.028034299 0.10894641 25 0 1048 2.5098007 -0.9990981
128 471.60572 306.53576 0.65030608 0.46475521 0.17228023 25 0 905 2.5153842 -1.0015108
129 159.00592 311.69568 0.6930594 -0.009623245 0.14588694 25 0 3750 9.3584914 -2.4280146
130 19.524007 313.52597 0.58773048 0.44134603 0.19316669 25 0 757 1.8827131 -0.68696034
131 35.072124 313.39706 0.64392835 0.19841707 0.14937436 25 0 2273 5.9346758 -1.9334925
132 351.47301 323.1698 0.54501344 0.23137641 -0.11273535 25 0 501 1.4674822 -0.41643209
133 4.0481993 323.45676 0.65712563 0.061507797 0.2136285 25 0 807 2.0290986 -0.76825786
134 308.7402 330.71694 0.61810791 -0.42186437 0.18756137 25 0 497 1.3610043 -0.33464878
135 41.604439 330.65432 0.61915012 0.2791855 0.072185296 25 0 4449 11.839217 -2.6833074
136 401.59462 330.747 0.63681381 0.065570555 -0.022944727 25 0 408 1.1334491 -0.13600507
137 51.84419 331.6284 0.6884801 0.1479109 0.16726813 25 0 13315 34.121816 -3.8325803
138 285.07409 331.99743 0.6628224 0.13077005 0.0747552 25 0 982 2.5318422 -1.0085916
139 98.084103 332.75635 0.72841661 -0.056008107 0.1569672 25 0 1181 2.7815863 -1.1107314
140 509.98784 338.27962 0.81004498 0.20679221 0.49072496 25 0 1087 2.4898884 -0.99044972
141 281.0514 341.67707 0.69218767 0.20874046 0.16853548 25 0 448 1.1383152 -0.14065631
142 381.87752 344.3072 0.65628672 -0.47260002 -0.0023623807 25 0 708 1.9022175 -0.69815041
143 261.11267 348.07795 0.71160844 0.0084794402 0.079028243 25 0 6117 15.438472 -2.9715108
144 403.15938 349.49382 0.6208897 0.17879852 0.19362016 25 0 928 2.6333437 -1.0512689
145 33.40894 351.16127 0.60976944 -0.30796976 -0.3798018 25 0 414 1.0848446 -0.088418809
146 43.14777 350.56751 0.78350092 -0.30594275 0.39778614 25 0 900 1.9446896 -0.72212571
147 320.06876 352.00931 0.67385284 0.034335345 0.06562844 25 0 27901 72.59816 -4.652314
148 15.787555 352.48265 0.75442598 0.37026685 0.16924972 25 0 843 1.8950167 -0.6940326
149 43.354994 354.37643 0.65646695 -0.20806444 0.34653737 25 0 1178 2.8677541 -1.1438548
150 44.345628 357.72322 0.76922597 -0.36027269 0.017957716 25 0 583 1.2354452 -0.22955873
151 435.91662 359.07049 0.73837782 -0.082471308 0.05962523 25 0 2180 5.5672234 -1.8640966
152 247.38716 361.12428 0.60368449 0.0065968535 0.0024799447 25 0 1523 4.0916175 -1.5297376
153 299.4166 362.32066 0.64407627 -0.56422592 -0.070420379 25 0 2475 6.2586021 -1.9911934
154 449.06725 363.55287 0.66902528 0.08744716 0.22487421 25 0 1002 2.7553468 -1.1004407
155 116.92379 363.9019 0.72631247 -0.0066401663 0.088061541 25 0 5912 14.795441 -2.9253198
156 160.07553 364.57243 0.62566141 0.1921685 0.16697591 25 0 487 1.2677835 -0.2576127
157 44.047879 367.02239 0.76812735 -0.080854759 -0.013558564 25 0 537 1.2254386 -0.22072889
158 24.387324 370.68086 0.69883739 -0.36143737 0.02415926 25 0 683 1.631643 -0.53156285
159 387.34705 376.61752 0.67327205 -0.34534312 0.099931657 25 0 3204 8.196271 -2.2840408
160 96.094842 378.01637 0.72181396 0.00017449134 0.070575102 25 0 4197 10.564603 -2.559633
161 141.91058 379.53701 0.69879517 0.22256485 0.26165891 25 0 647 1.5883327 -0.5023537
162 248.68096 381.17952 0.6452497 -0.17128139 0.082803565 25 0 624 1.6626162 -0.55198001
163 505.39136 381.95943 0.73984709 -0.43391188 0.37715658 25 0 565 1.518027 -0.45319876
164 26.35553 384.04684 0.51327083 -0.22818516 -0.064628252 25 0 763 2.2964263 -0.90263128
165 165.91428 383.91864 0.70556966 0.0093914847 0.08784749 25 0 1732 4.4231094 -1.6143192
166 506.06926 385.50606 0.66023892 0.20833319 0.29469369 25 0 1924 5.1599761 -1.7816192
167 476.71444 385.80836 0.69862366 0.056592917 0.076102816 25 0 2578 6.8287296 -2.0858498
168 81.358057 388.87112 0.61953181 -0.10522837 -0.19809257 25 0 515 1.3186454 -0.30032004
169 267.98823 393.92462 0.71719257 -0.02181659 0.057503362 25 0 9047 22.832649 -3.3963908
170 398.48752 395.72988 0.75681274 -0.29602734 0.0030195911 25 0 732 1.8556809 -0.67125826
171 297.16653 401.32386 0.66060172 0.46141581 0.13230965 25 0 686 1.7905397 -0.63245991
172 433.96521 400.69118 0.64658325 -0.1654549 0.12240548 25 0 561 1.8334396 -0.65816654
173 24.703437 405.13587 0.66094105 0.10346592 0.15653142 25 0 947 2.5450353 -1.0142345
174 294.56703 405.06135 0.57199777 -0.069960039 -0.15574099 25 0 1607 4.5244761 -1.6389208
175 126.51054 410.31771 0.6342226 -0.42688075 0.21461392 25 0 791 2.0699925 -0.78992195
176 150.49183 411.9598 0.62397316 -0.22355978 -0.12356779 25 0 2025 5.3919386 -1.8293623
177 3.0565129 415.45289 0.66640218 0.15187924 0.30633324 25 0 1242 3.1752971 -1.2544609
178 326.39186 421.84918 0.71267528 -0.36339316 0.1690895 25 0 386 1.0511315 -0.054142579
179 236.06444 428.8623 0.75525956 -0.30496174 -0.27461472 25 0 449 1.1245791 -0.12747507
180 201.23096 429.9325 0.68007863 -0.036991925 0.041705523 25 0 2346 6.1915776 -1.9795033
181 174.77872 430.83792 0.74390372 0.23296564 0.12891078 25 0 1153 2.7890212 -1.1136296
182 274.55879 433.20242 0.65904164 -0.52011848 -0.091586105 25 0 1040 2.7750737 -1.1081863
183 387.10734 434.96475 0.69967642 -0.019015669 0.054214258 25 0 3529 9.261638 -2.4167195
184 287.59667 437.63927 0.6080418 0.082462331 0.13327223 25 0 928 2.5399423 -1.0120596
185 133.63197 439.7011 0.63581642 0.20718181 0.0023251606 25 0 13267 35.306423 -3.8696343
186 353.68457 453.17229 0.65495806 -0.0018820786 0.052564351 25 0 647 1.885652 -0.68865389
187 404.70107 458.07127 0.68495095 -0.18740193 -0.055267058 25 0 1324 3.6702561 -1.4117409
188 98.745729 459.38293 0.69983123 -0.26448316 0.12456469 25 0 5760 14.424057 -2.8977186
189 191.68741 460.41303 0.66552783 -0.34619036 0.077772279 25 0 1062 2.7313253 -1.0909336
190 470.23516 461.41273 0.52252036 -0.28953022 0.17723111 25 0 58508 163.25562 -5.5321704
191 7.6040589 463.77964 0.6494361 0.049459738 -0.1051385 25 0 1025 2.832365 -1.130373
192 253.47909 468.47187 0.62728746 -0.64206899 0.0033535075 25 0 4155 10.927538 -2.5963058
193 471.39435 469.33731 0.65906515 -0.43951709 -0.018002595 25 0 302 1.0034162 -0.0037028086
194 385.09866 470.07845 0.69768823 -0.62536257 0.1283846 25 0 624 1.7355985 -0.59862315
195 156.7862 472.16751 0.6752531 0.18185189 0.063222557 25 0 374 1.100177 -0.10365636
196 303.61762 471.65849 0.63623975 0.19987229 0.010740019 25 0 2855 7.7218707 -2.2193063
197 380.85251 476.79294 0.76652849 -0.19725561 0.16644639 25 0 511 1.477723 -0.42398255
198 181.35511 477.82195 0.58585708 -0.12532515 -0.27063438 25 0 704 2.0540338 -0.78151896
199 106.53985 483.14485 0.61010494 0.16125066 -0.061989479 25 0 932 2.6261593 -1.0483027
200 282.67439 492.83249 0.56179646 0.45105898 0.032787371 25 0 290 1.0064434 -0.006973376
201 192.87304 496.82883 0.70890466 0.1689652 0.061559578 25 0 358 1.0096801 -0.010459539
202 158.45675 499.78023 0.63294743 -0.28167906 0.039829826 25 0 502 1.3671972 -0.3395779
203 203.98389 499.96029 0.7420268 -0.23480787 0.0052369481 25 0 553 1.4437421 -0.39872405
204 159.39906 503.58739 0.60989717 0.53786549 0.097187934 25 0 539 1.3712949 -0.34282719
205 205.88473 507.21499 0.72840314 0.14212032 -0.010435756 25 0 939 2.3333787 -0.91996306
206 80.16162 510.36503 0.5864751 0.038252936 0.2233243 25 0 569 1.6715008 -0.5577665
207 278.56796 510.53727 0.46467309 0.41498663 -0.21940366 25 0 742 2.3334589 -0.9200004
208 289.45625 510.42758 0.49464982 0.27840963 -0.2587648 25 0 360 1.1781061 -0.17796103
209 33.571019 510.76356 0.79040825 -0.065370522 -0.31853096 25 0 647 1.5834893 -0.49903785
210 203.33022 510.73948 0.80870399 0.11372363 -0.30914491 25 0 980 2.2712913 -0.89068209
