id xcentroid ycentroid sharpness roundness1 roundness2 npix sky peak flux mag
1 327.73803 2.3036133 0.44352493 -0.18132401 -0.45307709 25 0 253 1.1712915 -0.17166249
2 300.25993 4.8251844 0.65262795 0.09973148 -0.19506702 25 0 762 2.2770649 -0.89343854
3 309.0783 7.1447328 0.56406573 0.59801041 -0.0022244824 25 0 287 1.0653675 -0.068748642
4 431.77077 8.1191778 0.65323669 0.12254901 -0.28837079 25 0 473 1.7126336 -0.58416117
5 112.14528 11.957306 0.62041625 0.22242452 -0.13224852 25 0 499 1.6773789 -0.56157797
6 27.350359 14.01816 0.70537751 0.019890436 -0.21530747 25 0 16562 47.690627 -4.1960826
7 337.80737 13.410394 0.556045 0.33671284 -0.080468095 25 0 665 2.2615032 -0.88599301
8 470.37474 16.528752 0.64079264 0.69231803 -0.016496021 25 0 24812 72.671714 -4.6534135
9 411.20954 16.58167 0.6095956 0.41677414 0.04960094 25 0 569 1.9357838 -0.71714211
10 428.47043 18.112206 0.57013603 0.41005441 0.022285822 25 0 201 1.0753774 -0.078902242
11 338.18012 27.371637 0.59866061 0.27638061 0.26044697 25 0 267 1.0430716 -0.045785286
12 356.92757 35.067616 0.6635001 0.13170699 -0.13665801 25 0 636 2.0420345 -0.77515771
13 456.61409 35.230675 0.52514091 0.21582942 -0.19478792 25 0 269 1.2346671 -0.22887471
14 129.54585 37.568846 0.58179162 0.59310261 -0.10243447 25 0 378 1.26092 -0.25171886
15 116.61872 41.642574 0.59169222 0.3517707 -0.087311742 25 0 503 1.5459634 -0.47299799
16 189.41617 42.822616 0.63572556 0.20880708 -0.28152979 25 0 1154 3.2871766 -1.2920576
17 208.94498 43.595342 0.56917234 0.24126836 -0.072938433 25 0 2249 7.1081802 -2.1293961
18 349.69536 44.656403 0.46350993 -0.15773624 -0.28112563 25 0 370 1.4586111 -0.40984878
19 69.222137 45.860005 0.6636486 -0.073555343 -0.10340729 25 0 492 1.5848715 -0.49998512
20 327.47557 45.71118 0.37475776 -0.032255705 -0.20130956 25 0 58797 196.22165 -5.7318673
21 114.32012 47.873125 0.6563352 -0.047140114 -0.23465914 25 0 5670 16.786444 -3.0623968
22 157.16371 48.363135 0.48793092 0.3669339 -0.32620937 25 0 318 1.0466262 -0.049478988
23 402.93022 49.353311 0.62626168 0.28948558 -0.085011286 25 0 1034 3.279204 -1.2894211
24 236.48265 53.363956 0.459264 0.25347967 -0.11513389 25 0 288 1.0461434 -0.048978049
25 249.70494 54.745869 0.66706737 0.376329 -0.2457044 25 0 396 1.1060212 -0.10940865
26 473.4352 55.307113 0.6890148 0.51310477 -0.21281602 25 0 775 2.4325075 -0.96513549
27 297.03948 56.23635 0.63641284 0.21304236 -0.17270931 25 0 1738 5.1975365 -1.7894939
28 145.54668 60.878358 0.70722562 0.14152018 -0.48268224 25 0 397 1.0432182 -0.045937923
29 446.12539 62.985605 0.66963454 0.081779008 -0.16837868 25 0 1718 5.3158194 -1.8139255
30 33.307421 63.935726 0.5933422 -0.43208751 -0.049688878 25 0 293 1.130601 -0.1332734
31 504.55297 65.245092 0.64274456 -0.070970583 -0.16718821 25 0 3172 9.6793817 -2.464619
32 0.49017844 66.812225 0.67570369 -0.7546428 -0.13211729 25 0 420 1.3037385 -0.28797626
33 352.21641 67.307306 0.61821748 0.6231284 -0.28091684 25 0 300 1.038255 -0.040760074
34 57.336765 68.546896 0.54089554 0.64143148 -0.01945352 25 0 374 1.3450022 -0.32180747
35 34.395269 68.929952 0.68846528 -0.18425909 -0.21945672 25 0 706 2.1871933 -0.8497179
36 172.4291 69.200622 0.61633339 0.40755991 0.1470073 25 0 383 1.1946803 -0.19312929
37 435.67039 69.930109 0.63925957 0.24297339 -0.16472857 25 0 1633 5.1271093 -1.7746814
38 474.42352 70.509393 0.59256073 0.78036647 0.120741 25 0 313 1.2387127 -0.23242649
39 0.56468162 70.75391 0.65496452 0.22472495 0.11663298 25 0 457 1.4594294 -0.41045769
40 115.33832 70.654776 0.61871144 -0.38148671 -0.34783298 25 0 415 1.2687945 -0.2584782
41 420.94358 71.493029 0.55760832 0.18766773 0.083925972 25 0 522 1.904711 -0.69957274
42 58.531199 73.871946 0.63581088 0.15804791 -0.24908616 25 0 1643 4.9565134 -1.7379407
43 471.58336 78.401957 0.61723215 0.75752436 -0.12018384 25 0 817 2.599101 -1.0370579
44 353.42361 82.487664 0.57400247 0.66655916 -0.10220528 25 0 2957 9.227783 -2.4127434
45 122.57317 85.617077 0.59851836 -0.1766353 -0.19164183 25 0 448 1.2912613 -0.27753534
46 94.883475 89.275807 0.63563709 0.1111294 -0.087467082 25 0 677 2.057248 -0.78321661
47 147.58977 89.234964 0.67252024 0.11033425 -0.69414892 25 0 401 1.0789513 -0.082504623
48 493.90469 89.359079 0.66016085 0.19495725 -0.0087178558 25 0 23271 68.337191 -4.5866428
49 157.86085 95.945531 0.59898195 0.28972369 -0.1778699 25 0 547 1.618259 -0.52262005
50 286.48152 96.749325 0.59478264 0.36740449 -0.31934314 25 0 1260 3.7110783 -1.4237503
51 290.56473 98.43892 0.54419387 0.17631016 -0.37445422 25 0 1246 3.6641883 -1.4099445
52 188.81184 99.334648 0.51466974 0.47028146 0.013949595 25 0 1462 4.5799312 -1.6521474
53 118.63754 103.27715 0.6688645 0.050176972 -0.36221771 25 0 422 1.0694716 -0.07292317
54 454.45839 103.13943 0.67814852 0.67979413 -0.089452708 25 0 336 1.1483041 -0.1501423
55 56.404162 103.64198 0.60016557 0.36921 -0.24632386 25 0 3764 11.234127 -2.6263483
56 511.02552 105.59438 0.8623587 0.3933827 0.27031064 25 0 899 2.470506 -0.9819648
57 492.20356 109.27314 0.63188969 0.36280195 -0.076863551 25 0 2174 6.8511033 -2.0894013
58 335.13224 114.82492 0.60033358 0.22463281 -0.082389132 25 0 664 2.0520092 -0.78044826
59 221.84159 116.73255 0.57994968 0.25435744 -0.12743623 25 0 17141 54.072186 -4.3324348
60 239.38287 116.81362 0.61682162 0.30653787 -0.25499771 25 0 1108 3.026873 -1.2024855
61 249.35252 118.23227 0.6151446 0.20268181 -0.20551695 25 0 1902 5.5127012 -1.8534111
62 305.91051 117.91691 0.55490838 0.14650783 -0.26311164 25 0 1140 3.668711 -1.4112838
63 100.81817 120.30179 0.55719629 0.053350031 0.095471264 25 0 553 1.7637256 -0.61607754
64 201.41186 119.96163 0.69979496 -0.16943009 -0.32255558 25 0 564 1.4346217 -0.3918435
65 451.2379 119.61434 0.49428203 -0.061261597 -0.1941349 25 0 308 1.2858458 -0.27297218
66 155.6023 121.57856 0.61713624 -0.37634442 -0.27142431 25 0 460 1.2230563 -0.21861615
67 53.636989 121.85446 0.68923357 0.53985232 -0.14052428 25 0 611 1.7489614 -0.60695055
68 153.22634 123.42534 0.57550388 0.43884206 -0.10290245 25 0 1927 5.7490812 -1.8989961
69 177.15753 128.87547 0.60459653 0.097687056 -0.23980335 25 0 1905 5.7664935 -1.9022795
70 8.4788011 130.37778 0.62976972 0.60028851 -0.15458917 25 0 1193 3.6155613 -1.3954393
71 254.47155 132.08396 0.62639672 -0.17382153 -0.14979658 25 0 500 1.315889 -0.29804813
72 397.04804 140.36609 0.59369573 0.25879799 -0.10459444 25 0 11875 36.387138 -3.9023697
73 299.91211 145.91616 0.57430222 0.161126 -0.18225841 25 0 3131 9.8665825 -2.4854169
74 15.708626 146.75429 0.64669433 0.29135792 -0.14713827 25 0 852 2.599159 -1.0370821
75 485.25271 152.3847 0.63725797 0.45710243 -0.049695907 25 0 7668 22.929213 -3.4009729
76 98.622736 160.11654 0.61454167 0.097247808 -0.4933074 25 0 524 1.4959966 -0.43732651
77 387.02805 161.84812 0.57710036 0.14883344 -0.16838021 25 0 50822 160.98032 -5.516932
78 426.17692 165.26462 0.55941606 0.19488608 -0.24896331 25 0 477 1.7248344 -0.5918685
79 207.47906 165.8645 0.59088246 0.45216868 -0.14227334 25 0 531 1.4610512 -0.4116636
80 154.43735 169.20331 0.62607044 0.38001242 -0.24526005 25 0 774 2.0752732 -0.79268819
81 34.647993 172.86321 0.61626818 0.38666232 -0.050197743 25 0 383 1.1849295 -0.18423128
82 227.07402 174.27324 0.58718084 0.13603061 -0.19995701 25 0 1922 5.7680875 -1.9025796
83 347.34639 174.12205 0.63812995 0.27904146 -0.40394673 25 0 568 1.6331195 -0.53254488
84 479.34254 173.65917 0.59269349 -0.0088941677 -0.088087768 25 0 6051 18.841073 -3.1877641
85 165.20731 174.94137 0.65596638 -0.062802699 -0.24322871 25 0 1193 3.3518168 -1.3132007
86 414.50896 176.16434 0.63781438 -0.29584984 -0.32168948 25 0 353 1.1370029 -0.13940393
87 2.4584469 176.77413 0.63002217 0.22775261 -0.19736852 25 0 335 1.0737726 -0.077280747
88 153.67278 177.60929 0.59647599 0.40315727 -0.16197849 25 0 1591 4.6323646 -1.6645068
89 17.690506 183.49175 0.5304541 -0.3501537 -0.080890285 25 0 660 2.1454556 -0.82879882
90 422.16041 182.92869 0.60488391 0.077823832 -0.19296501 25 0 2898 9.0304594 -2.3892746
91 115.99509 183.57382 0.51382011 0.53986476 0.067516743 25 0 1659 5.2791022 -1.8064002
92 412.03945 185.14892 0.67747105 0.16055648 -0.08585854 25 0 683 2.0652964 -0.78745599
93 483.91382 184.75406 0.57761703 0.044433071 -0.1275659 25 0 718 2.5200799 -1.0035358
94 227.78156 186.47068 0.64537665 0.046758866 -0.11582846 25 0 1122 2.9062819 -1.1583443
95 422.63254 187.96478 0.5791512 -0.17126506 -0.23856865 25 0 820 2.6750449 -1.0683277
96 190.41264 189.02534 0.58155654 0.27775089 -0.37502958 25 0 797 2.1947794 -0.85347721
97 72.532624 190.09219 0.66248375 -0.06554292 -0.24735966 25 0 42345 122.62861 -5.2214795
98 122.17784 191.475 0.53711934 0.63698416 -0.071253106 25 0 454 1.2891972 -0.27579839
99 421.52511 195.85922 0.55628464 0.22764021 -0.30640413 25 0 300 1.1236614 -0.12658864
100 456.0458 199.86602 0.64663933 0.12294409 -0.12861923 25 0 668 2.1670156 -0.8396551
101 169.16726 202.12203 0.60032002 0.21972772 -0.23052406 25 0 677 1.8590525 -0.67322915
102 199.62982 203.15244 0.58346797 -0.13131033 -0.37554779 25 0 456 1.1781541 -0.17800527
103 509.86452 203.57795 0.62338131 0.11211023 0.054542237 25 0 1445 4.4280532 -1.6155321
104 67.601558 204.1468 0.69013578 -0.089848737 -0.24991154 25 0 732 2.0091476 -0.75752963
105 407.02722 204.08296 0.67322636 -0.20123066 -0.40632322 25 0 349 1.154829 -0.15629423
106 470.35395 206.02 0.61869818 0.21087058 -0.30105323 25 0 521 1.7987413 -0.63742177
107 503.811 209.44616 0.58735497 0.71942546 0.090593426 25 0 2843 9.0058551 -2.3863124
108 13.659256 213.17062 0.59787641 0.69667793 -0.27780713 25 0 362 1.0746319 -0.078149339
109 15.534983 214.67837 0.71905612 0.61127721 -0.12219265 25 0 522 1.3988201 -0.36440462
110 426.66447 215.8655 0.6315742 0.34351987 -0.28122384 25 0 1051 3.2320127 -1.2736826
111 327.44581 217.90467 0.64788144 0.090978953 -0.28495132 25 0 1550 4.4093077 -1.610926
112 257.48565 219.97139 0.61070835 0.058990215 -0.31802348 25 0 743 1.9872479 -0.74563014
113 151.62723 221.37015 0.65886177 -0.0066226225 -0.10338581 25 0 1092 2.7716142 -1.1068319
114 480.48856 224.62934 0.55517403 0.75742141 -0.0071856635 25 0 3771 11.940763 -2.6925802
115 240.94314 226.66695 0.54611369 0.25430066 -0.13536321 25 0 2760 8.7854294 -2.3594075
116 353.14043 228.86844 0.58318014 0.087183217 -0.16845811 25 0 4662 14.75561 -2.922393
117 423.3184 229.58608 0.56409489 -0.09095238 -0.096495981 25 0 12352 38.237015 -3.95621
118 328.10358 231.15963 0.59961582 0.079035625 -0.20898339 25 0 1137 3.4567808 -1.3466796
119 181.42463 237.54064 0.57821509 0.42839147 -0.025714922 25 0 735 2.0767793 -0.79347589
120 241.53491 238.35724 0.54247657 0.38960475 -0.33754251 25 0 815 2.5455798 -1.0144668
121 432.54816 241.0889 0.65466192 0.11783321 -0.28206523 25 0 1989 5.8320796 -1.9145586
122 31.80237 241.56298 0.65416049 -0.015900399 -0.16356534 25 0 445 1.2398257 -0.23340159
123 205.10799 254.9967 0.61192852 0.10974157 -0.20273042 25 0 5517 16.906291 -3.0701208
124 429.39003 254.48383 0.56225002 -0.19175599 -0.060078558 25 0 6337 19.286702 -3.2131449
125 267.19193 257.47317 0.51385664 0.22000663 -0.064435749 25 0 438 1.2278769 -0.22288707
126 332.75286 263.84855 0.5573597 -0.22124107 -0.17240382 25 0 374 1.1101962 -0.11349936
127 105.90797 265.3296 0.74428543 0.020017629 -0.035815012 25 0 466 1.1207176 -0.12374043
128 27.715899 276.00179 0.64715092 -0.057966563 -0.27008254 25 0 332 1.0022146 -0.0024018358
129 34.406634 275.6964 0.65034812 -0.086329651 -0.11154795 25 0 1517 4.2831727 -1.579414
130 216.47965 284.09235 0.63866082 0.051036562 -0.26489248 25 0 421 1.0158663 -0.017091401
131 48.609376 284.99666 0.68894509 0.16243881 -0.16590251 25 0 857 2.339526 -0.92281971
132 348.93323 287.36865 0.58258025 0.10470329 -0.10166971 25 0 5187 16.032179 -3.0124814
133 161.57995 288.54469 0.538649 0.45072948 -0.071087509 25 0 840 2.5130107 -1.0004859
134 40.196068 289.87426 0.65824215 0.14206134 -0.21528467 25 0 1441 4.2008753 -1.5583495
135 68.529653 289.69133 0.62527691 -0.1614856 -0.10414842 25 0 1122 3.0876555 -1.2240721
136 323.25076 292.07715 0.56764164 0.62781402 -0.14269056 25 0 432 1.3019659 -0.28649902
137 454.45025 292.27581 0.6019428 -0.21827982 -0.1867106 25 0 649 2.1668251 -0.83955962
138 137.60179 299.30031 0.58040897 0.49574857 -0.21355084 25 0 511 1.4183431 -0.37945326
139 51.848131 305.40563 0.60714878 -0.016743501 -0.092370128 25 0 1288 3.786914 -1.4457136
140 399.71772 305.53715 0.57117665 0.17068878 -0.099953549 25 0 340 1.1928502 -0.19146475
141 195.49908 311.02679 0.58702709 0.035416208 -0.37268876 25 0 825 2.300545 -0.90457684
142 427.33599 311.03107 0.60034096 0.18542869 -0.18952766 25 0 1029 3.5043509 -1.361519
143 114.56375 315.74925 0.59808699 0.30831708 -0.23611091 25 0 3259 9.7784799 -2.4756784
144 36.607817 319.71786 0.54634332 0.72341071 0.045579063 25 0 364 1.1644695 -0.16532032
145 164.04084 325.26339 0.71969249 0.25794165 -0.12491063 25 0 475 1.1362655 -0.13869951
146 431.75413 325.03547 0.64491799 0.20466291 0.077134362 25 0 284 1.0001517 -0.00016474125
147 307.07344 327.52818 0.51596172 0.014604806 -0.050468902 25 0 518 1.6504233 -0.54398839
148 264.26541 334.82873 0.56663001 0.032469844 -0.15593581 25 0 504 1.5439597 -0.47158992
149 357.24493 335.22961 0.62299548 0.35649703 -0.15896123 25 0 501 1.53432 -0.4647899
150 7.4943109 335.52554 0.56744038 -0.30839909 -0.092750101 25 0 10693 32.928005 -3.7939136
151 240.44626 336.3208 0.6465169 -0.50318359 -0.31419192 25 0 882 2.3576764 -0.93121047
152 53.604796 336.80152 0.65998152 0.095408452 -0.21959425 25 0 1067 2.9612316 -1.178681
153 465.48404 342.92707 0.52382468 0.35856656 0.20446381 25 0 711 2.3937957 -0.94771772
154 236.63433 346.0897 0.66317733 0.089444241 -0.30266278 25 0 412 1.0229385 -0.024623771
155 337.41921 348.66085 0.63709356 0.13923869 -0.2694199 25 0 664 1.9260317 -0.71165855
156 216.54195 352.4438 0.60336065 -0.25268465 -0.14694277 25 0 4791 13.867585 -2.8550021
157 358.68283 353.83332 0.5902163 0.012746027 -0.21054026 25 0 1065 3.3461091 -1.3113502
158 470.19537 354.70213 0.52037443 0.015986519 0.42539556 25 0 242 1.074952 -0.078472724
159 275.5193 356.46467 0.59257823 -0.33079937 -0.18304191 25 0 22067 63.685026 -4.5100933
160 0.16464586 358.87368 0.74363499 -0.51839651 0.94608818 25 0 426 1.112101 -0.11536059
161 0.46686281 361.79814 0.84755762 -0.30573923 0.14106886 25 0 718 1.7201779 -0.58893343
162 391.45447 363.55048 0.53858607 0.56480747 -0.067258213 25 0 1527 4.9373629 -1.7337376
163 456.49655 364.04913 0.73004507 0.3432701 -0.24203433 25 0 346 1.1905932 -0.18940846
164 202.85988 365.41839 0.5724659 -0.078700961 -0.13238475 25 0 1511 4.6583581 -1.6705822
165 255.02235 366.61029 0.57061593 0.16368728 -0.11288268 25 0 2515 7.8012402 -2.2304091
166 72.441889 368.04819 0.66767527 -0.015353754 -0.29632776 25 0 5039 14.275903 -2.886509
167 404.57309 367.86161 0.62005912 0.08869013 -0.22878609 25 0 1022 3.2358411 -1.274968
168 115.8075 368.72092 0.67340841 0.54593523 -0.12400129 25 0 595 1.6541633 -0.54644595
169 476.33651 369.94648 0.6678156 -0.063834843 -0.20772241 25 0 9897 29.298882 -3.6671276
170 0.31998669 371.12152 0.92220678 0.042974458 0.31528771 25 0 559 1.2839131 -0.27133904
171 452.87705 377.72649 0.5466073 -0.10596624 -0.12947715 25 0 231 1.0356508 -0.038033359
172 342.84275 381.00926 0.61775271 0.055533198 -0.22331531 25 0 3560 10.967641 -2.6002831
173 51.688256 382.14421 0.64613414 0.046201198 -0.20735717 25 0 3869 11.454596 -2.6474494
174 97.474127 383.82817 0.67843155 0.022865525 -0.31783557 25 0 619 1.5791103 -0.49603114
175 204.25052 385.28886 0.59770156 0.20273072 -0.21851189 25 0 642 1.8240023 -0.65256347
176 460.82227 386.55623 0.65844058 -0.9005597 0.097318978 25 0 554 1.7341639 -0.59772534
177 77.282246 386.90294 0.7436196 -0.02001173 -0.1109167 25 0 496 1.2834589 -0.27095488
178 121.55655 388.0391 0.6842607 0.029277894 -0.39110755 25 0 1568 4.315989 -1.5877008
179 432.25168 390.30838 0.61032884 0.26947342 -0.11242769 25 0 2406 7.5666926 -2.1972652
180 461.56971 389.92708 0.66689335 -0.07433646 -0.16858054 25 0 2180 6.559174 -2.0421229
181 37.061568 393.13348 0.64117607 0.19436627 -0.19203856 25 0 678 1.9762947 -0.73962924
182 223.59062 398.09728 0.6637473 0.084412729 -0.3857187 25 0 8003 22.802501 -3.3949562
183 353.92834 400.16471 0.59630337 0.31486194 -0.23718881 25 0 755 2.4703241 -0.98188482
184 389.4308 405.18049 0.65396075 -0.065870387 -0.28818993 25 0 535 1.6446188 -0.54016316
185 253.04728 405.59109 0.51481178 -0.13960144 -0.46599979 25 0 509 1.5277175 -0.46010761
186 249.966 409.31139 0.63856971 0.11239116 -0.15438777 25 0 1987 5.7483031 -1.8988491
187 268.12901 409.07403 0.53662308 0.09927863 -0.37340975 25 0 361 1.2383671 -0.23212348
188 471.37798 409.78227 0.6711001 0.40071586 -0.30557597 25 0 407 1.3258181 -0.30620986
189 81.937541 414.56378 0.59734116 0.43996557 -0.10830406 25 0 894 2.6997044 -1.0782905
190 105.98835 416.01561 0.63683951 0.10099916 -0.218448 25 0 2513 7.6126069 -2.2038335
191 281.78325 426.13732 0.70679689 -0.32013512 -0.26602684 25 0 466 1.2662819 -0.25632599
192 162.61124 427.76346 0.63346795 0.20686921 -0.13883315 25 0 367 1.1013978 -0.10486048
193 191.73344 433.13711 0.58732081 0.17597286 -0.27683782 25 0 371 1.1797173 -0.17944491
194 156.7633 434.07619 0.67635104 0.068330604 -0.25789933 25 0 2489 7.1706815 -2.1389011
195 130.28042 434.977 0.71020437 0.1466836 -0.2251013 25 0 1209 3.3192725 -1.3026073
196 379.14007 435.05442 0.69463159 -0.30494988 -0.39015208 25 0 358 1.2322548 -0.2267513
197 230.00623 437.56797 0.52950523 0.26275019 0.00035032367 25 0 882 2.8445921 -1.13505
198 488.98973 437.38483 0.28761604 0.07776043 -0.049523824 25 0 58508 216.40086 -5.8381474
199 342.50888 439.38752 0.64799483 -0.414062 -0.17117328 25 0 2865 8.0328648 -2.2621761
200 243.04465 441.95558 0.67266299 -0.16206331 -0.17431736 25 0 1269 3.6405709 -1.4029237
201 89.1787 443.82025 0.67873413 0.036554292 -0.18872496 25 0 15977 46.484746 -4.1682761
202 474.25731 444.382 0.5969604 -0.20785246 0.050865258 25 0 247 1.1202323 -0.1232702
203 460.91772 450.71899 0.68656856 -0.14797899 -0.073397659 25 0 297 1.1449216 -0.14693935
204 475.10459 453.91662 0.68278 -0.057139302 -0.14653423 25 0 2425 7.4407066 -2.1790355
205 377.61498 456.4496 0.68000533 -0.68795695 0.018417677 25 0 305 1.048246 -0.051157983
206 309.04534 457.55704 0.54779362 -0.087426013 -0.12248685 25 0 558 1.9342393 -0.71627552
207 433.21504 458.77714 0.63762188 -0.09813758 -0.21958738 25 0 375 1.318729 -0.30038891
208 360.20168 462.40917 0.62638415 0.20236247 -0.10721084 25 0 1257 3.8562654 -1.4654173
209 54.227669 463.35644 0.68682879 0.426639 -0.098520009 25 0 6156 17.604331 -3.1140488
210 147.16776 464.69382 0.57827677 0.60549376 0.068049547 25 0 998 3.0493204 -1.2105077
211 323.94431 465.08674 0.68319318 -0.32914294 -0.25895209 25 0 323 1.0353667 -0.037735506
212 425.62299 466.12951 0.47386222 -0.10073722 -0.18813533 25 0 58586 194.71331 -5.7234891
213 402.94416 468.25522 0.61934435 -0.15093909 -0.16034973 25 0 276 1.0451774 -0.047975037
214 208.95772 472.5449 0.60294554 0.25689324 -0.040351044 25 0 4724 14.49609 -2.9031272
215 340.62869 474.4418 0.6339379 -0.16606218 -0.19249042 25 0 534 1.6637849 -0.55274294
216 426.92094 473.81412 0.68283862 0.12688955 -0.23858049 25 0 544 1.6989446 -0.57544804
217 112.12185 476.62271 0.54946141 0.35868843 0.11015275 25 0 460 1.5360477 -0.46601175
218 259.0691 475.94507 0.67817257 0.01634411 -0.22167918 25 0 3605 10.608592 -2.5641443
219 336.22509 481.14727 0.61696501 0.12516913 -0.31258775 25 0 485 1.6986694 -0.57527215
220 136.90579 481.88261 0.68989177 0.19016671 -0.18317612 25 0 995 2.883961 -1.1499735
221 61.898977 487.25093 0.72843236 0.14088918 -0.082499361 25 0 1310 3.6854383 -1.4162229
222 238.17664 496.97727 0.69078779 -0.0505004 -0.22451024 25 0 503 1.4824976 -0.42748498
223 148.13131 500.89805 0.72410964 0.44669526 -0.11971782 25 0 389 1.0794764 -0.083032921
224 65.132009 502.14238 0.83824601 0.12625649 -0.22194245 25 0 454 1.1315628 -0.13419668
225 113.99475 503.93821 0.78855878 -0.41283166 -0.16907803 25 0 831 2.1384819 -0.82526396
226 159.28899 504.0077 0.67512887 -0.0077783622 -0.34837738 25 0 568 1.5566778 -0.48049685
227 114.97943 507.66764 0.64233829 0.15041478 -0.21932314 25 0 786 2.1377384 -0.8248864
228 161.30315 510.86721 0.87742146 -0.65876168 -0.57032011 25 0 913 2.2572908 -0.88396876
