id xcentroid ycentroid sharpness roundness1 roundness2 npix sky peak flux mag
1 30.715742 0.044660694 0.83306315 -0.27921998 -0.4463463 25 0 2932 6.0911149 -1.961742
2 291.96815 15.710139 0.60869971 0.30424805 -0.11775978 25 0 627 1.6935607 -0.57200189
3 423.35781 19.186989 0.63196241 0.21813358 -0.28728785 25 0 282 1.0232408 -0.024944659
4 103.95516 22.823479 0.61737439 0.23842532 -0.070403721 25 0 418 1.2483441 -0.24083575
5 329.30265 24.492556 0.55980138 -0.14203864 -0.21608673 25 0 486 1.3962995 -0.36244642
6 19.282316 24.478018 0.59945478 -0.39551523 -0.0084805497 25 0 10678 24.995411 -3.4946507
7 402.85116 27.584096 0.57966621 0.084497198 -0.017170155 25 0 484 1.5090846 -0.44678395
8 461.89377 27.610081 0.63808751 0.13663848 -0.0089987796 25 0 22574 51.400571 -4.2774199
9 348.69854 45.88375 0.69060431 0.010215075 -0.098643261 25 0 462 1.219079 -0.21507966
10 108.27355 52.214191 0.68759712 -0.27513555 -0.19407527 25 0 509 1.1646662 -0.16550364
11 181.21722 53.474958 0.61675021 -0.25672845 0.024447241 25 0 981 2.2022242 -0.85715381
12 200.73831 54.46723 0.61651536 -0.26590184 -0.053990277 25 0 1965 4.5054221 -1.6343387
13 61.118813 56.731283 0.48787605 0.48670992 0.20639758 25 0 328 1.128637 -0.13138575
14 319.18951 56.528779 0.3744505 -0.24718812 -0.11330368 25 0 58197 153.87831 -5.4679435
15 106.0513 58.449615 0.56226161 -0.098784775 0.0405663 25 0 3918 9.3396573 -2.4258274
16 394.67048 60.301963 0.66230608 -0.25620058 -0.16571533 25 0 833 2.050747 -0.77978023
17 465.07583 66.399715 0.67243658 0.23395821 -0.0039009935 25 0 607 1.6164085 -0.5213778
18 288.79595 67.109371 0.65426707 -0.23346161 -0.19485683 25 0 1461 3.4183774 -1.33455
19 437.73303 73.944815 0.68789746 -0.095115004 -0.16789063 25 0 1514 3.68123 -1.4149824
20 496.16167 76.297792 0.70471061 0.14037303 0.0071098389 25 0 3177 7.2076075 -2.1444778
21 26.182562 79.585348 0.60367636 -0.1709968 0.18157508 25 0 480 1.4106352 -0.37353683
22 427.41028 80.764849 0.6589854 -0.18880384 -0.16677791 25 0 1339 3.2298661 -1.2729613
23 412.48298 82.528637 0.62292162 0.068327262 -0.10623934 25 0 414 1.1379181 -0.14027753
24 50.490437 84.368916 0.63769771 0.15359256 -0.15596794 25 0 1271 2.9428324 -1.1719138
25 463.14756 89.397076 0.59108159 0.33750512 0.065864885 25 0 760 2.0926299 -0.80173104
26 345.08468 93.443018 0.61869825 0.092972126 -0.0096995408 25 0 2798 6.3892813 -2.01363
27 86.709918 99.73736 0.65308011 0.052865642 0.0065805082 25 0 540 1.1860138 -0.18522436
28 485.55202 100.40036 0.60835148 0.3929374 -0.11278305 25 0 16235 36.889065 -3.9172441
29 278.30022 107.57698 0.53035253 -0.48294047 -0.099810257 25 0 995 2.4522348 -0.97390512
30 282.22396 109.30871 0.64513568 -0.059898894 -0.1617692 25 0 1366 3.021524 -1.2005651
31 180.42097 110.23518 0.5517864 -0.45809505 -0.26597091 25 0 1295 2.9309689 -1.167528
32 48.319875 114.24388 0.62549987 -0.11753867 -0.21880782 25 0 3232 7.2858817 -2.1562053
33 503.4668 116.93029 0.63057216 -0.23727725 -0.19417659 25 0 1644 4.0639208 -1.5223631
34 483.77731 120.36429 0.67663314 -0.19878488 -0.031996454 25 0 1837 4.3215449 -1.5890976
35 326.66413 125.77315 0.54214269 -0.37749698 -0.28220015 25 0 455 1.1582971 -0.15954993
36 213.48109 127.44453 0.51715561 0.50180867 -0.078381891 25 0 11804 28.197788 -3.6255376
37 230.91844 127.5555 0.65844366 0.18703611 0.097651675 25 0 960 1.897138 -0.69524729
38 241.08893 129.05689 0.61530054 -0.11235878 -0.17760256 25 0 1720 3.8964198 -1.4766644
39 297.58893 128.78017 0.59265551 -0.1416017 -0.23127738 25 0 949 2.2137429 -0.86281794
40 92.459727 130.83479 0.63912351 -0.036563799 -0.35756083 25 0 502 1.0934439 -0.096991246
41 45.583636 132.40868 0.58128817 0.3501019 -0.073789952 25 0 411 1.0176605 -0.019007324
42 144.98267 134.1033 0.63570155 -0.28877023 -0.2199008 25 0 1984 4.4191133 -1.6133379
43 511.21574 135.81904 0.87691772 0.078743939 0.31554322 25 0 549 1.2361849 -0.23020855
44 168.8589 139.60667 0.55520376 -0.15365273 -0.13939405 25 0 1404 3.1546326 -1.247372
45 0.48532935 140.93854 0.73489646 -0.24926342 0.0047704207 25 0 1188 2.5645686 -1.0225358
46 388.46957 151.38844 0.59742608 -0.59836343 -0.20281456 25 0 8974 20.21842 -3.264368
47 7.5095358 157.26608 0.61247121 -0.23385567 -0.34971275 25 0 545 1.2454493 -0.23831512
48 291.47124 156.83232 0.58421139 -0.051021373 -0.31647232 25 0 2437 5.5525812 -1.8612373
49 476.79811 163.46973 0.63816331 -0.17909062 0.05913245 25 0 6626 15.116168 -2.9486043
50 378.49285 172.89144 0.62696592 -0.35189374 -0.25023562 25 0 41182 90.864801 -4.8959892
51 417.7682 176.43924 0.51894909 -0.059731335 0.15428572 25 0 346 1.0120095 -0.012961462
52 218.76987 185.08468 0.63008309 -0.22206647 -0.17534125 25 0 1759 3.8083287 -1.4518361
53 338.81543 185.06836 0.55744856 -0.063500129 -0.14926464 25 0 443 1.1025073 -0.10595371
54 470.81367 184.81395 0.66699617 0.071089333 -0.050820853 25 0 6082 13.822194 -2.8514424
55 156.806 185.70876 0.56586314 0.20006171 -0.063693288 25 0 854 1.8115164 -0.64510565
56 406.15275 187.21339 0.57587946 -0.2575956 -0.13522391 25 0 347 1.0333728 -0.035642613
57 145.5151 188.3564 0.56483174 -0.026765934 -0.16074143 25 0 1280 2.7725768 -1.107209
58 9.6124101 193.98425 0.59340673 0.10031345 -0.1331374 25 0 675 1.6959412 -0.57352694
59 107.66838 194.29445 0.61340593 -0.18902423 -0.07139268 25 0 1645 3.6224509 -1.3975063
60 413.70373 194.01923 0.63408439 -0.23196088 -0.20621376 25 0 2428 5.6425275 -1.8786842
61 403.52028 196.26653 0.56817633 -0.52126421 -0.080598046 25 0 435 1.1676023 -0.16823736
62 475.46081 195.87219 0.61747344 -0.28796275 -0.14445471 25 0 538 1.4487756 -0.40250283
63 219.5372 197.25799 0.58179926 -0.073000518 -0.22670103 25 0 922 1.9321887 -0.71512386
64 414.16893 199.01231 0.73633562 -0.40811921 -0.012858814 25 0 870 1.9193937 -0.70791016
65 181.99789 199.85763 0.6624405 -0.097674483 -0.13386035 25 0 777 1.5406056 -0.46922871
66 64.395677 200.70095 0.62069563 -0.39717864 -0.1352466 25 0 34058 77.419747 -4.7221294
67 447.52881 210.89749 0.71322652 -0.018106359 -0.24757574 25 0 475 1.1234921 -0.12642509
68 160.79618 212.72824 0.63438629 -0.055616521 0.032561085 25 0 597 1.1328442 -0.13542543
69 59.492399 214.7041 0.56934272 -0.55745748 -0.0070326993 25 0 510 1.1785092 -0.17833244
70 501.34794 214.70978 0.66052801 -0.18875048 -0.097635391 25 0 1293 3.1091563 -1.2316064
71 461.92259 217.21044 0.68367232 -0.11601512 -0.10947743 25 0 582 1.5149112 -0.45096792
72 495.22551 220.83716 0.67286412 -0.18985622 -0.076790622 25 0 2769 6.2788465 -1.9946997
73 418.13276 226.88621 0.69172804 -0.18310521 -0.071220309 25 0 1061 2.4288407 -0.96349756
74 318.85205 228.92207 0.61651358 -0.17044364 -0.1581477 25 0 1360 3.0575395 -1.2134302
75 249.06826 230.82985 0.71715914 -0.08456089 -0.036615952 25 0 845 1.6553307 -0.5472119
76 143.46653 232.08246 0.74439377 0.2275859 -0.20736287 25 0 992 1.7607591 -0.61424987
77 471.92797 235.70226 0.61506704 -0.072479207 -0.060929074 25 0 3807 8.9422236 -2.3786138
78 232.52406 237.57461 0.60676627 -0.60308818 -0.091695187 25 0 2161 4.5239148 -1.638786
79 344.53515 239.83686 0.58416145 0.0021237403 -0.22257117 25 0 3569 8.2667066 -2.2933313
80 414.76409 240.6323 0.58990698 0.10011983 -0.044140071 25 0 10927 25.309029 -3.5081887
81 319.55233 242.0517 0.56328827 0.017512349 -0.2506543 25 0 959 2.2450742 -0.87807673
82 173.07204 248.10272 0.63809229 -0.10100361 -0.19006826 25 0 707 1.3065276 -0.2902965
83 233.11842 249.25535 0.65103402 -0.13114702 -0.040069756 25 0 796 1.6440601 -0.5397942
84 424.00118 252.12578 0.65763897 -0.10794658 -0.037019833 25 0 1873 4.4022676 -1.6091911
85 196.67924 265.79471 0.60118113 -0.038983456 -0.19079847 25 0 4397 10.010025 -2.5010879
86 420.75773 265.57773 0.57386768 0.10156995 -0.025566886 25 0 5724 13.499469 -2.8257917
87 26.079892 286.26729 0.72306566 -0.042307615 -0.053576556 25 0 1435 2.9734807 -1.1831628
88 40.287399 295.53577 0.6298439 0.60159343 0.13026669 25 0 650 1.3001065 -0.28494731
89 340.40336 298.28607 0.60117433 0.095508963 -0.13424633 25 0 4514 10.32447 -2.5346694
90 153.21728 299.40635 0.55834138 0.08307973 -0.04589531 25 0 791 1.7282985 -0.59404687
91 31.848545 300.29328 0.66546797 -0.043557618 -0.058639334 25 0 1212 2.5590611 -1.0202016
92 60.042413 300.32339 0.64635817 -0.1167298 -0.02515878 25 0 1118 2.423614 -0.96115862
93 445.95276 303.43252 0.62084263 0.074844558 -0.14429458 25 0 533 1.3952443 -0.36162562
94 129.07796 309.86776 0.40034295 0.0044644232 0.19833686 25 0 410 1.0385982 -0.04111889
95 43.594964 315.86433 0.67384882 -0.10996688 -0.21257539 25 0 1250 2.6905197 -1.0745905
96 186.93377 321.83022 0.65766386 0.11376416 -0.035909372 25 0 829 1.668639 -0.55590601
97 418.70803 322.19806 0.70408035 -0.31962815 -0.13869386 25 0 975 2.1892264 -0.8507267
98 106.20299 326.47993 0.61023578 0.12062183 0.017539978 25 0 2769 6.1362768 -1.9697623
99 255.88574 345.59303 0.53693832 0.26957367 0.089704077 25 0 486 1.0897156 -0.093282962
100 45.375856 347.22451 0.6365291 -0.37112914 -0.096070379 25 0 884 1.9543542 -0.72750819
101 232.14469 347.16355 0.60614788 -0.12722471 -0.052004095 25 0 803 1.6326522 -0.53223416
102 456.80112 354.13122 0.65671871 0.23897594 0.30960477 25 0 817 1.9489749 -0.72451563
103 328.85885 359.66412 0.54930825 -0.1090454 0.032981189 25 0 556 1.2599111 -0.25084973
104 208.26128 363.1882 0.64172673 -0.13305574 -0.17455875 25 0 4687 10.28332 -2.5303334
105 350.08709 364.92267 0.61307628 -0.20162059 -0.17476927 25 0 896 2.0015257 -0.75340295
106 267.02724 367.32763 0.62198882 -0.18165939 -0.1081841 25 0 21283 48.076621 -4.2048348
107 382.79595 374.58877 0.62527658 -0.030210467 0.026617304 25 0 1564 3.5552258 -1.377168
108 194.40502 376.14407 0.65864132 -0.57602772 -0.28810216 25 0 1428 2.9451358 -1.1727633
109 246.51764 377.5487 0.5711334 0.51190144 -0.077505006 25 0 2018 4.4349588 -1.617224
110 64.101941 378.48442 0.57391399 -0.10267528 0.035762268 25 0 3939 9.3383818 -2.4256791
111 396.04265 378.94655 0.63658568 -0.14027199 -0.02072255 25 0 1095 2.6774449 -1.0693014
112 467.54917 381.18327 0.6514534 -0.454112 -0.16528995 25 0 7703 17.123421 -3.0839763
113 334.26146 392.04203 0.66791224 -0.10557983 -0.15470629 25 0 3214 7.0844454 -2.1257646
114 43.293611 392.61722 0.64685994 -0.3278178 -0.080336929 25 0 3146 6.9282412 -2.1015575
115 195.76632 396.03898 0.75836063 -0.18068698 -0.29375545 25 0 617 1.0925278 -0.096081219
116 452.19436 397.61735 0.62585744 -0.63492505 0.18958549 25 0 462 1.159093 -0.16029567
117 113.07306 398.72915 0.6487943 -0.04305748 -0.12341726 25 0 1409 3.0231082 -1.2011342
118 423.65552 401.49788 0.6541723 -0.48363465 0.021778032 25 0 1989 4.4201789 -1.6135996
119 452.89681 401.17929 0.66315368 -0.3374818 -0.037616144 25 0 1830 4.1241885 -1.5383463
120 215.02 408.94308 0.66349765 -0.21079595 -0.18733085 25 0 7414 16.432357 -3.0392497
121 345.54618 411.18958 0.60065157 0.14157006 -0.36997118 25 0 619 1.5032968 -0.44261185
122 244.04573 416.47705 0.69069514 0.33493617 0.010658583 25 0 657 1.3040518 -0.28823708
123 241.47083 420.13567 0.58877035 -0.099390255 -0.26642347 25 0 1578 3.5025932 -1.3609743
124 73.445953 425.08725 0.60894677 -0.40149345 -0.26068642 25 0 804 1.8129805 -0.64598285
125 97.557673 426.55402 0.57894858 0.23575638 -0.15465086 25 0 1688 3.7420488 -1.4327736
126 148.34018 444.79585 0.66147035 -0.33341278 -0.19384272 25 0 2024 4.3034614 -1.5845448
127 121.86786 445.68596 0.64799777 0.34533935 -0.097803046 25 0 932 1.9344328 -0.71638412
128 221.4009 448.22463 0.60582799 -0.65356193 -0.38031946 25 0 917 2.0845056 -0.79750767
129 480.14378 448.58612 0.32675973 -0.34311488 -0.064605926 25 0 57967 153.64083 -5.4662666
130 333.9176 450.40147 0.65178837 -0.28539757 -0.021715644 25 0 2836 6.2720325 -1.9935208
131 234.60638 452.7749 0.60572428 -0.77597595 -0.30377096 25 0 993 2.2069383 -0.85947547
132 80.720155 454.41213 0.64698576 -0.32960595 -0.063884396 25 0 12196 27.128404 -3.5835606
133 466.37233 465.14544 0.64709397 -0.051077417 -0.096396115 25 0 1849 4.3577438 -1.5981542
134 300.52368 468.34939 0.52472702 0.32510897 -0.080623357 25 0 425 1.0515233 -0.054547218
135 351.58201 473.55253 0.54125534 0.061913974 -0.16512159 25 0 898 2.2010389 -0.85656932
136 45.694666 473.92291 0.72563558 -0.030260887 -0.17911566 25 0 5965 12.716307 -2.7609025
137 138.6801 475.2168 0.68299174 -0.28635917 -0.2354011 25 0 1149 2.3686261 -0.93624126
138 416.90378 477.32147 0.45903739 -0.32557046 -0.10474757 25 0 58069 154.77155 -5.4742278
139 200.46294 483.36055 0.62948752 0.23359219 -0.15465395 25 0 4077 9.0823531 -2.395496
140 331.88757 485.48511 0.68437319 -0.25141174 0.14804088 25 0 591 1.3328112 -0.31192155
141 103.89207 487.11735 0.69749889 -0.038043485 -0.35674189 25 0 537 1.1412035 -0.14340769
142 250.48551 486.79189 0.63319169 0.0010288332 -0.24817966 25 0 2639 5.8837885 -1.9241426
143 128.48977 492.49951 0.53330907 -0.34677284 -0.012374097 25 0 623 1.3807784 -0.35030998
144 53.467074 497.86043 0.67789037 -0.16440628 -0.28197778 25 0 1018 2.2835497 -0.89652618
