id xcentroid ycentroid sharpness roundness1 roundness2 npix sky peak flux mag
1 339.88982 2.3405461 0.49697183 0.19588113 -0.17636991 25 0 251.36607 1.3447761 -0.321625
2 312.47078 4.9596367 0.647362 0.22713251 -0.24237179 25 0 713.97439 2.9751165 -1.1837599
3 321.47205 7.3312059 0.7300475 0.38320662 -0.098495879 25 0 343.3938 1.363673 -0.33677563
4 443.87992 8.1810405 0.59435746 0.16593818 -0.091411574 25 0 506.75631 2.2745616 -0.89224424
5 124.14994 12.268596 0.72564136 0.36974431 -0.030319023 25 0 630.18557 2.4452287 -0.97079869
6 39.385367 14.250434 0.71242323 0.44034208 -0.12630038 25 0 15475.401 60.877721 -4.461146
7 349.95771 13.519386 0.61797033 0.65394793 0.016698848 25 0 666.88161 2.6860515 -1.0727859
8 482.42663 16.449259 0.7112493 0.74349513 -0.043514668 25 0 26102.743 99.992077 -4.999914
9 423.41432 16.557497 0.54607523 -0.23630441 -0.031824221 25 0 588.2928 2.6269005 -1.0486091
10 348.892 22.054051 0.584189 0.30919206 -0.12406378 25 0 288.10751 1.306635 -0.29038568
11 350.37861 27.115481 0.57316589 0.0023705686 0.11759367 25 0 212.67967 1.117673 -0.12078687
12 227.99723 32.056494 0.59036823 0.79618764 0.25393872 25 0 372.2899 1.8140191 -0.64660462
13 369.14799 34.982788 0.72313672 0.19812781 -0.21897889 25 0 651.63289 2.5348014 -1.0098598
14 468.86102 35.00543 0.59501512 0.055500826 -0.45625362 25 0 325.79442 1.5199101 -0.45454479
15 141.66098 37.788045 0.70877134 0.35704279 -0.084726788 25 0 460.25393 1.7976685 -0.63677402
16 128.49456 41.780666 0.64523611 0.081515005 -0.10254821 25 0 561.15148 2.3972211 -0.94927022
17 201.63581 42.927211 0.6316496 0.089852038 -0.32502208 25 0 1151.463 4.8415256 -1.7124556
18 221.0014 43.855846 0.65471034 0.29795325 -0.12203728 25 0 2447.7851 10.140278 -2.5151247
19 434.12075 43.780037 0.57190339 0.28164226 -0.16574438 25 0 272.59363 1.269258 -0.25887476
20 361.73783 44.924607 0.67310857 0.24538499 -0.29830817 25 0 541.52507 2.2414744 -0.87633448
21 81.310206 46.110283 0.75993369 -0.098265945 -0.19986937 25 0 631.60816 2.423725 -0.96120835
22 265.00773 46.266737 0.63002923 0.30953588 0.035587373 25 0 391.97864 1.7328579 -0.5969074
23 339.61623 45.898917 0.32961343 0.53837918 0.0068691047 25 0 58571.705 310.5671 -6.2303886
24 405.30435 45.564025 0.47690061 0.50196907 0.073980696 25 0 246.89142 1.3290949 -0.30888999
25 126.26567 48.067114 0.69174747 0.27166022 -0.15352239 25 0 5664.9981 22.781689 -3.3939648
26 169.53305 48.65985 0.5522961 0.48095147 -0.017592669 25 0 333.5509 1.5255821 -0.45858893
27 415.14184 49.388008 0.65380347 0.43026499 0.012107851 25 0 1079.6205 4.5559339 -1.6464435
28 248.47033 53.634533 0.52907459 0.80194136 -0.07810827 25 0 244.93664 1.2335807 -0.22791892
29 67.515493 55.275785 0.72264085 0.41820736 -0.21527294 25 0 280.51521 1.1650125 -0.16582645
30 261.96271 54.848699 0.6720294 0.035387681 -0.31592987 25 0 379.97083 1.6071421 -0.5151357
31 415.93899 54.728594 0.86246848 0.27806915 0.16016488 25 0 272.79988 1.0330098 -0.0352611
32 485.51234 55.264786 0.54504723 0.043515265 -0.25369752 25 0 706.51772 3.3449828 -1.3109847
33 309.22044 56.355833 0.62668502 0.47763679 -0.12286204 25 0 1515.3406 6.4562732 -2.0249547
34 157.19373 61.10406 0.49810597 -0.64136026 -0.52944644 25 0 254.54514 1.1719324 -0.17225637
35 458.25124 62.918689 0.71466358 0.33017944 -0.078445645 25 0 1812.1406 7.1726005 -2.1391916
36 45.296647 64.211172 0.49879157 -0.27423927 -0.24344457 25 0 231.93995 1.2311512 -0.22577846
37 12.607483 66.945378 0.66614917 0.1084828 -0.078465137 25 0 461.57827 2.0076768 -0.7567345
38 364.39684 67.128732 0.69168669 0.64030362 0.079564334 25 0 303.29453 1.198474 -0.19657154
39 46.523914 69.095251 0.69383441 0.17489614 -0.36878461 25 0 702.04063 2.8647656 -1.1427227
40 69.557176 68.998539 0.73189889 -0.014437857 -0.13462961 25 0 493.57487 1.8252312 -0.65329471
41 447.83995 69.879834 0.65580067 0.41033944 -0.048288968 25 0 1676.8068 6.9715948 -2.1083303
42 486.32935 70.554835 0.66482077 0.79262437 0.14039536 25 0 403.26942 1.6904484 -0.57000478
43 12.766212 71.024551 0.75112737 0.058728826 0.10488895 25 0 534.91193 2.1344149 -0.82319713
44 127.24965 70.95563 0.73947583 -0.24664038 -0.26059569 25 0 479.05899 1.8404777 -0.66232639
45 433.09779 71.467661 0.59199049 0.67812832 0.14413037 25 0 543.50492 2.4272874 -0.962803
46 51.790932 73.283892 0.61166611 0.49941993 -0.16048567 25 0 212.97448 1.0519012 -0.054937348
47 70.553589 74.048643 0.66272538 0.063583755 -0.19517221 25 0 1590.0553 6.4974626 -2.0318595
48 328.91957 75.2124 0.58466201 0.048937221 0.51022075 25 0 252.78207 1.355939 -0.33060039
49 483.53818 78.414773 0.48879031 0.045028508 -0.034023828 25 0 773.93639 3.673463 -1.4126892
50 328.47896 78.742018 0.33396088 0.64577698 0.086751981 25 0 130.17098 1.0695843 -0.073037511
51 365.65083 82.449644 0.61809028 0.83823637 0.029558266 25 0 2857.9932 11.681699 -2.668765
52 134.67552 85.93238 0.59340109 0.50238652 -0.11698483 25 0 449.53032 2.0779872 -0.79410718
53 450.14185 87.616282 0.365426 0.58108984 0.050561071 25 0 155.47998 1.1309545 -0.13361287
54 106.90127 89.403895 0.61819843 0.12381633 0.081809735 25 0 526.3904 2.1413086 -0.82669813
55 159.37144 89.632189 0.48936568 0.98063316 -0.00013772619 25 0 253.75629 1.1787926 -0.1785935
56 505.99093 89.250708 0.67990551 0.36331308 -0.029528592 25 0 23378.337 94.762565 -4.941592
57 169.89405 96.148078 0.69505513 0.31014764 -0.23207672 25 0 510.13306 1.9548156 -0.72776452
58 298.68381 96.936316 0.58286097 0.037707281 -0.33885561 25 0 1180.6306 5.2101233 -1.79212
59 302.51275 98.701341 0.62101641 0.27860928 -0.23039719 25 0 1304.2485 5.2905242 -1.8087468
60 200.85409 99.708919 0.58588927 0.51834247 -0.069019805 25 0 1548.0005 6.6677009 -2.0599403
61 466.57199 103.1859 0.76596278 0.8188048 -0.073271257 25 0 426.88686 1.601888 -0.51158034
62 68.474448 103.91298 0.65169331 0.16230825 -0.24602913 25 0 3863.4261 15.767268 -2.9943911
63 130.41283 103.81138 0.7196391 0.59311021 -0.33087638 25 0 379.8878 1.4431262 -0.39826077
64 76.786604 105.2261 0.53174278 -0.17597488 -0.10983304 25 0 252.54631 1.2771197 -0.265579
65 311.67735 105.80868 0.35286572 0.34119596 0.43707641 25 0 202.79193 1.2241451 -0.21958221
66 504.26089 109.19514 0.72074759 0.44851504 -0.053076463 25 0 2395.4711 9.3390618 -2.4257581
67 347.41123 114.99509 0.59972452 0.19269251 -0.25271073 25 0 549.93889 2.5859386 -1.0315455
68 233.90978 116.97067 0.608618 0.31532509 -0.13542906 25 0 16634.383 72.051325 -4.6441049
69 251.39912 117.01852 0.62021228 0.59806606 -0.053662583 25 0 947.86079 3.7863252 -1.4455448
70 261.3928 118.49761 0.6232235 0.57535941 -0.15414996 25 0 1578.129 6.4749389 -2.0280892
71 318.08463 118.10239 0.55257189 0.15446428 -0.23462022 25 0 1087.2046 5.0918429 -1.7671875
72 213.31169 120.16086 0.48319909 -0.11776634 -0.2273305 25 0 447.12516 2.2215572 -0.86664373
73 328.45977 120.62087 0.58253319 0.12558917 0.073363633 25 0 197.49159 1.0444858 -0.047256344
74 463.38137 119.44076 0.46969153 0.5912733 -0.053886657 25 0 319.37074 1.8185681 -0.64932391
75 507.03772 119.8769 0.77321366 0.088444884 -0.28243211 25 0 373.99326 1.4431643 -0.39828947
76 112.97323 120.38356 0.58060235 0.77605459 0.21551895 25 0 466.07619 2.1413506 -0.82671947
77 168.03759 121.69042 0.79514014 -0.06728907 -0.33862554 25 0 428.19769 1.4170872 -0.37849147
78 65.662425 121.96313 0.64488418 0.16698545 -0.13311659 25 0 542.27668 2.2016245 -0.8568581
79 165.35076 123.57479 0.5486705 0.1909359 -0.007725946 25 0 1713.707 7.6383631 -2.2075007
80 493.27114 123.72615 0.67459701 0.54191834 0.043993131 25 0 397.78867 1.6833365 -0.56542737
81 189.29909 129.05876 0.64519915 0.27648627 -0.18815712 25 0 1755.3368 7.1977279 -2.1429886
82 20.563909 130.65968 0.63825994 0.6744206 -0.0020782627 25 0 1130.3829 4.8173561 -1.7070219
83 266.64242 132.30018 0.56003702 0.52060159 -0.071001844 25 0 452.52358 2.028716 -0.76805314
84 409.12471 140.42056 0.63183879 0.53322943 -0.018379783 25 0 11713.353 48.592336 -4.2164195
85 312.0703 146.03288 0.61178565 0.34401729 -0.1414813 25 0 2905.7437 12.50059 -2.7423263
86 27.863341 146.91358 0.72780504 0.01051774 -0.087664951 25 0 857.59659 3.4252898 -1.3367433
87 64.554123 149.19268 0.53139348 0.06667555 -0.30926471 25 0 198.80094 1.0785724 -0.0821233
88 107.74116 148.46569 0.50400225 0.63218563 0.0505983 25 0 183.05246 1.0050961 -0.0055189619
89 10.993093 150.95181 0.57489383 0.13775902 -0.20449149 25 0 618.27826 2.9188341 -1.1630235
90 497.32297 152.25793 0.70279689 0.4806755 -0.050448321 25 0 8195.297 32.225437 -3.770497
91 110.65397 160.23513 0.61217246 0.60106303 -0.03963392 25 0 457.14251 1.9246534 -0.71088132
92 399.12376 161.89088 0.59459289 0.30422708 -0.094935602 25 0 47828.684 207.60257 -5.7930818
93 438.34913 165.27795 0.72074175 0.12263394 -0.23590337 25 0 509.24055 1.9896564 -0.74694522
94 219.71567 165.97986 0.65520978 0.27373636 -0.21057123 25 0 486.69109 1.9296092 -0.71367341
95 166.50094 169.52776 0.53115196 -0.35179378 -0.11059662 25 0 956.75721 4.2011121 -1.5584107
96 46.680877 172.99006 0.64149021 0.16188592 -0.37077897 25 0 385.05119 1.6970451 -0.57423348
97 239.18824 174.39815 0.63945898 0.47765024 -0.047862275 25 0 1729.6731 7.1030422 -2.128611
98 359.42008 174.17174 0.63463607 0.20039318 -0.3553258 25 0 518.7999 2.3297525 -0.91827448
99 491.43291 173.52058 0.55091064 -0.017375659 0.0015120752 25 0 5243.6982 23.078137 -3.4080019
100 177.30317 175.12154 0.6894912 0.32668314 -0.084867234 25 0 995.08711 3.8045195 -1.4507495
101 426.78022 176.38562 0.72364758 0.64149285 -0.063910334 25 0 326.99897 1.3152982 -0.2975606
102 14.539331 177.07972 0.76951424 -0.1725231 0.060874482 25 0 296.95562 1.1674758 -0.16811968
103 165.81327 177.80583 0.56229688 0.29267111 -0.14270146 25 0 1478.5039 6.4936327 -2.0312193
104 35.065887 179.42335 0.96733274 -0.6264911 0.027162697 25 0 300.40031 1.0073608 -0.0079626467
105 156.76324 181.97923 0.42345693 0.051986368 -0.55262469 25 0 179.12046 1.0329062 -0.035152214
106 434.27707 182.93443 0.64119509 0.23967699 -0.10849676 25 0 2758.661 11.527228 -2.6543122
107 29.93395 183.76918 0.69175533 0.4428055 -0.07200353 25 0 796.73893 3.1737788 -1.2539416
108 128.20553 183.75081 0.59840484 0.42794407 -0.037063798 25 0 1739.507 7.5147029 -2.1897795
109 424.17743 185.14829 0.64225751 0.15057983 -0.013741896 25 0 583.17267 2.585583 -1.0313962
110 496.08587 184.65051 0.57362383 0.38605928 0.084055595 25 0 763.76692 3.6461829 -1.4045961
111 3.6712751 186.10543 0.66926178 0.091151285 -0.25266262 25 0 231.8487 1.0168949 -0.018190169
112 239.94061 186.59986 0.58936628 0.44649109 -0.056796213 25 0 1050.8241 4.6308307 -1.6641473
113 434.59811 187.92583 0.62514361 -0.035588249 -0.17502098 25 0 844.07456 3.5930556 -1.3886598
114 202.40102 189.18846 0.65592923 0.70885269 -0.21845607 25 0 635.88998 2.4757298 -0.98425813
115 84.575737 190.35559 0.5592933 -0.0097524013 -0.089844335 25 0 32503.455 143.48667 -5.3920289
116 134.55611 191.50284 0.51085229 -0.072101127 -0.067587148 25 0 349.11633 1.585215 -0.50022044
117 265.92234 195.59502 0.47611479 0.62630862 -0.016486377 25 0 231.73493 1.0383209 -0.040828982
118 433.79768 195.96837 0.53509985 -0.10822373 -0.187286 25 0 300.13329 1.660271 -0.55044743
119 468.15874 199.6911 0.56894125 0.47559181 -0.086340525 25 0 539.07703 2.3993895 -0.95025187
120 395.11624 201.2462 0.61019543 0.46992384 0.020401501 25 0 284.5357 1.2538681 -0.24562966
121 181.39575 202.20154 0.62380184 0.68863945 -0.09851654 25 0 512.73192 2.0832881 -0.79687331
122 362.07732 201.55987 0.43591314 -0.41363691 -0.21644203 25 0 192.4347 1.0452726 -0.048073925
123 109.15684 203.3234 0.80091565 0.44720486 0.096647613 25 0 257.44247 1.051714 -0.054744127
124 211.8848 203.35113 0.55652521 -0.7193716 -0.14353826 25 0 320.4791 1.4268332 -0.38593299
125 79.779517 204.42381 0.62553182 -0.1621791 -0.084631926 25 0 491.72831 2.0413548 -0.77479624
126 419.00184 204.35609 0.68854524 0.61485515 -0.072657641 25 0 255.74361 1.1069592 -0.11032907
127 482.47188 205.82401 0.61612744 0.30466333 -0.21488247 25 0 548.75606 2.4168298 -0.95811516
128 25.681655 213.4266 0.63308836 0.6735026 -0.050902487 25 0 374.17992 1.6501375 -0.54380033
129 27.610092 214.92746 0.6671452 0.49872312 -0.29269386 25 0 467.21281 1.9853764 -0.74460712
130 438.71163 215.76833 0.56446694 0.5746027 -0.092384936 25 0 928.97159 4.3127009 -1.5868733
131 1.142786 216.85833 0.70331127 0.19415756 -0.020933666 25 0 1965.2078 7.8624618 -2.2388964
132 339.53386 217.93199 0.63966985 0.26025297 -0.28774392 25 0 1342.7617 5.4478618 -1.8405652
133 269.68135 220.01468 0.58871884 0.17925097 -0.30249834 25 0 685.96617 2.9982239 -1.1921601
134 164.01596 221.48539 0.57421166 0.55279578 0.10302389 25 0 816.44677 3.4766427 -1.3529001
135 507.07055 221.56405 0.59493148 0.48158306 0.13470629 25 0 238.07246 1.118918 -0.12199562
136 492.55422 224.40214 0.64750538 0.68701984 -0.1658038 25 0 4168.9125 16.79944 -3.063237
137 233.59563 224.9584 0.40873597 -0.080176566 -0.48477205 25 0 191.6249 1.0483935 -0.051310851
138 453.60223 225.05417 0.688312 -0.81613953 -0.73111556 25 0 226.13432 1.0874531 -0.091026304
139 253.11863 226.7786 0.56014776 0.3537721 -0.11318418 25 0 2497.8361 11.12038 -2.615299
140 365.29869 228.83918 0.59463321 0.2458235 -0.12896196 25 0 4122.0654 17.923745 -3.1335719
141 435.34602 229.60032 0.60570402 0.76555472 0.068596894 25 0 11688.88 48.503229 -4.2144266
142 271.10195 230.72945 0.56411043 0.60383786 0.24323137 25 0 193.16387 1.0406329 -0.043243908
143 340.22379 231.18719 0.6302542 0.37730615 -0.14386486 25 0 1032.6178 4.3018565 -1.5841398
144 504.66182 231.38285 0.66313169 0.59865336 -0.22005778 25 0 265.90952 1.1973494 -0.19555222
145 193.62804 237.69433 0.5901898 0.73253901 -0.14590495 25 0 581.64559 2.4956025 -0.99293855
146 253.65742 238.44111 0.55680106 0.73590615 -0.016172709 25 0 616.98758 2.6839477 -1.0719351
147 444.46161 241.12591 0.55123912 0.011925427 -0.21898208 25 0 1584.5935 7.1570105 -2.1368291
148 43.967594 241.77858 0.80339507 0.15919254 0.069403441 25 0 432.49159 1.6685834 -0.55586982
149 30.29803 244.26977 0.62167153 -0.47533697 -0.58077566 25 0 239.15771 1.1039517 -0.10737518
150 64.919208 251.96827 0.61959436 -0.20425748 -0.078031109 25 0 228.77774 1.0690875 -0.072533085
151 499.01641 252.22447 0.70222473 0.020497548 0.018656223 25 0 323.81018 1.4620019 -0.41236987
152 441.42427 254.49778 0.62428678 0.75604502 -0.018245694 25 0 6349.2162 25.871401 -3.5320499
153 217.2554 255.05191 0.63430703 0.32630355 -0.13025666 25 0 4808.0103 19.996869 -3.252405
154 279.25529 257.42858 0.38318551 0.24166954 0.032243639 25 0 265.98477 1.6090091 -0.51639625
155 345.07224 263.75821 0.59091252 0.011164554 0.033400188 25 0 410.2464 1.9924764 -0.74848299
156 118.13853 265.26678 0.47534249 0.84517468 0.32951639 25 0 243.41657 1.2586129 -0.24973043
157 46.441018 275.98779 0.62972939 0.31230716 -0.2071399 25 0 1363.2116 5.6903768 -1.8878526
158 102.99742 277.47472 0.51305688 0.31215875 0.085672862 25 0 267.89635 1.2440586 -0.23710207
159 228.753 284.0496 0.52860238 0.15115715 -0.063048305 25 0 305.64944 1.4805841 -0.42608271
160 60.789976 285.11081 0.66718294 0.31704339 0.030486578 25 0 770.7615 3.0314803 -1.2041369
161 361.05107 287.28675 0.62605409 0.33835505 -0.025966174 25 0 5442.7289 22.975761 -3.4031748
162 173.7563 288.71764 0.60325709 0.40723515 -0.18354132 25 0 819.8139 3.602675 -1.3915627
163 52.282117 290.05502 0.69770341 0.3328221 -0.13381427 25 0 1444.4406 5.7150566 -1.8925513
164 80.560828 289.8503 0.6714353 0.32227779 -0.28921979 25 0 1264.07 5.0467718 -1.7575342
165 335.50548 292.22361 0.54303002 -0.53677038 -0.37320354 25 0 359.06181 1.7894911 -0.63182385
166 466.64126 292.08268 0.59656791 0.20189121 -0.043787404 25 0 634.63915 2.786595 -1.1126846
167 4.9292631 294.97563 0.64339342 0.1407507 -0.11380756 25 0 448.0546 1.9652032 -0.73351865
168 20.258549 294.8641 0.76799593 0.14219409 -0.12805509 25 0 292.50716 1.193426 -0.19198875
169 45.978643 297.04687 0.49323927 0.53691552 -0.067277818 25 0 182.22123 1.0449956 -0.04778614
170 411.89163 305.41003 0.48134948 -0.30974985 0.039536115 25 0 327.51939 1.7773721 -0.62444589
171 64.083245 305.55837 0.5966688 0.5575874 0.068180778 25 0 1149.1922 5.1053788 -1.7700699
172 114.77844 307.78389 0.70349635 0.21326878 -0.035711716 25 0 258.21926 1.0606961 -0.063977403
173 207.57963 311.15727 0.58274862 0.45999497 -0.3330056 25 0 735.43193 3.1428641 -1.243314
174 439.41873 310.80066 0.60529411 -0.04112448 -0.10663624 25 0 949.5564 4.0396556 -1.5158609
175 126.75868 315.90806 0.61818917 0.43438439 -0.10419137 25 0 3236.3996 13.766143 -2.8470307
176 2.9424946 317.41248 0.63460632 0.54797881 0.12460699 25 0 2020.0245 8.3977381 -2.3104058
177 48.819036 319.86828 0.81713407 0.26066175 -0.24666782 25 0 448.12831 1.5777793 -0.49511566
178 176.08378 325.20794 0.64655494 0.069829483 -0.12063335 25 0 362.15287 1.4102243 -0.37322051
179 443.74769 325.03675 0.88368129 0.4108317 -0.17403207 25 0 315.93724 1.0034151 -0.003701632
180 319.13952 327.355 0.52934332 0.61446302 0.17766769 25 0 486.09013 2.2806913 -0.89516626
181 252.16974 330.56785 0.80260315 0.91821192 0.3052836 25 0 327.12037 1.1111867 -0.1144676
182 486.98543 334.35928 0.97658502 0.14094163 0.056464686 25 0 1310.2553 4.4272249 -1.615329
183 9.5231767 334.7569 0.62209239 0.029787173 -0.16063659 25 0 4431.5427 18.606314 -3.1741509
184 276.45969 334.83524 0.67180384 -0.17872234 -0.28287466 25 0 519.31861 1.9792051 -0.74122699
185 369.39664 335.25988 0.60794249 0.81829871 0.023589786 25 0 415.53082 1.8065248 -0.64210982
186 19.640836 335.77884 0.7086747 0.47024405 -0.10572999 25 0 12997.222 51.013057 -4.2692034
187 252.80243 336.4052 0.5506945 0.26668718 0.038351329 25 0 725.12213 3.0885974 -1.2244033
188 65.891347 336.79746 0.71431283 0.10198749 0.0030914074 25 0 1124.4392 4.2896723 -1.5810603
189 477.67608 342.78733 0.53016874 0.67539463 0.40863392 25 0 776.90706 3.302947 -1.297254
190 248.65758 346.1223 0.59201117 0.21156797 -0.12755531 25 0 319.79083 1.3786858 -0.34866325
191 349.51951 348.58017 0.62384641 0.65057712 -0.17650074 25 0 585.09701 2.3144415 -0.91111551
192 6.968056 352.01316 0.71194455 -0.44479101 0.058989092 25 0 361.99843 1.4949004 -0.43653067
193 228.76313 352.51808 0.55191996 0.1473624 -0.020383636 25 0 4242.4883 18.379861 -3.1608556
194 370.81069 353.69906 0.67804691 0.64049888 -0.095764352 25 0 1042.7876 4.1100943 -1.5346295
195 482.48649 354.26962 0.81620267 0.12426648 -0.010753773 25 0 347.8918 1.1716794 -0.17202198
196 1.3272818 355.22429 0.84320951 0.32299509 0.076698638 25 0 523.40452 1.7579469 -0.61251436
197 11.018624 354.75711 0.70791267 0.0037466769 0.12231262 25 0 850.88664 3.213644 -1.2674944
198 287.57438 356.40828 0.5517331 -0.067714254 -0.14738151 25 0 19645.262 83.906456 -4.8094884
199 11.216635 358.61236 0.60318614 0.23572484 0.16797962 25 0 1249.5176 5.2423091 -1.7988066
200 12.139997 361.83065 0.73705791 0.17173145 0.27228769 25 0 601.78478 2.1299225 -0.82090952
201 403.58342 363.38838 0.62943621 0.5083064 -0.16576764 25 0 1651.7603 6.5983143 -2.0485825
202 468.67155 363.96246 0.71562557 0.18325581 -0.1750327 25 0 367.82489 1.4372628 -0.39384046
203 215.05313 365.50889 0.57738155 0.39453159 -0.061251094 25 0 1348.9703 5.7005348 -1.889789
204 267.17779 366.5704 0.56379656 0.18915144 0.0024113458 25 0 2277.6635 9.8646677 -2.4852061
205 84.629047 368.18042 0.61793666 0.12695113 -0.14875673 25 0 4737.478 20.164688 -3.2614788
206 416.70283 367.812 0.6399327 0.55266192 -0.0058016592 25 0 1070.6529 4.4005329 -1.6087632
207 127.93145 368.94804 0.62792801 0.59537208 0.033361319 25 0 533.56142 2.1745691 -0.84343304
208 488.47839 369.77073 0.64771653 -0.10087641 -0.13018791 25 0 8580.1661 34.951011 -3.8586493
209 11.815254 371.17781 0.70369506 0.4085751 0.0016385503 25 0 538.60583 2.0825864 -0.79650759
210 354.94277 380.94311 0.63852962 0.16573519 -0.14356796 25 0 3506.9592 14.749 -2.9219065
211 63.863322 382.30293 0.64462975 0.3014863 -0.059581785 25 0 3672.7126 15.352041 -2.9654153
212 109.56768 383.88086 0.61964381 0.3401899 -0.14222434 25 0 570.79519 2.4029795 -0.95187518
213 216.31545 385.28461 0.88477446 0.14871654 -0.1584333 25 0 707.84863 2.2251245 -0.86838578
214 258.18079 386.25247 0.73011223 0.25283498 -0.2732271 25 0 350.97747 1.2980758 -0.2832501
215 472.96996 386.31579 0.60989839 -0.72125889 0.010221673 25 0 603.08536 2.6389913 -1.0535949
216 89.549407 387.09351 0.64482884 -0.10450721 -0.37355327 25 0 421.03566 1.6128538 -0.51898749
217 133.63828 388.13496 0.69687422 0.48002314 -0.25517574 25 0 1421.43 5.4180971 -1.834617
218 505.3064 388.11208 0.46819796 -0.34548086 -0.34885334 25 0 266.76664 1.3965231 -0.36262031
219 444.38032 390.26392 0.68259304 0.34776478 -0.081683411 25 0 2595.9095 10.489831 -2.5519213
220 473.7067 389.84085 0.6300637 0.13903015 -0.090087784 25 0 2044.8514 8.6031558 -2.3366445
221 49.214016 393.27232 0.80953995 0.34531047 -0.23584925 25 0 662.02708 2.2866198 -0.89798491
222 235.60069 398.15219 0.61212863 0.12500016 -0.21745355 25 0 7117.9313 29.828186 -3.6865671
223 162.0264 400.39651 0.6491523 -0.061766696 -0.12380549 25 0 339.90521 1.3731165 -0.34426848
224 366.15124 400.10359 0.67249541 0.27627114 -0.17926355 25 0 839.11554 3.3652672 -1.3175489
225 401.5003 405.172 0.61015678 0.26076313 -0.10957381 25 0 491.78015 1.9567765 -0.72885304
226 264.71863 405.54015 0.66328755 0.87919098 0.0078241483 25 0 618.43173 2.3933556 -0.94751809
227 11.437028 407.74569 0.53245604 0.56269686 -0.27321452 25 0 251.53967 1.3402538 -0.31796758
228 262.06285 409.28443 0.62493331 0.34489168 -0.087762119 25 0 1878.1595 7.9598094 -2.2522567
229 280.20868 408.69871 0.72479977 0.23733944 0.045240566 25 0 329.26659 1.2496767 -0.24199414
230 483.68208 409.82232 0.7746184 0.74903947 -0.083541031 25 0 540.38394 1.8812873 -0.68613783
231 30.628564 413.47713 0.83803261 0.74432208 0.035747175 25 0 366.20285 1.1836982 -0.18310243
232 94.139208 414.69959 0.7363066 0.38630981 -0.0322804 25 0 1006.5083 3.67805 -1.4140441
233 118.12017 416.18168 0.70865098 0.28646801 -0.08878878 25 0 2467.4467 9.6595789 -2.4623955
234 29.85509 419.98761 0.67973303 0.049083685 0.011042886 25 0 281.12472 1.056849 -0.060032391
235 293.90899 426.15327 0.54916588 0.25527146 -0.18667319 25 0 416.01355 1.8293367 -0.6557341
236 174.98074 427.80333 0.66874505 -0.22986513 0.033237524 25 0 409.55617 1.5715226 -0.49080158
237 322.85282 431.56519 0.81493636 0.2252813 -0.5239364 25 0 851.26717 2.9113778 -1.1602464
238 203.74025 433.197 0.71801414 0.14063578 -0.21150001 25 0 407.63694 1.5240667 -0.45750996
239 168.88275 434.19696 0.6673369 0.39977763 -0.074503943 25 0 2248.2815 8.9126503 -2.3750172
240 142.46028 435.07968 0.72740218 0.21308768 -0.28237883 25 0 1118.0985 4.0576955 -1.5206986
241 183.71508 435.67171 0.48518833 -0.030025233 0.18605842 25 0 217.10153 1.00151 -0.0016381871
242 390.99423 434.96245 0.65748787 0.1126112 -0.066512186 25 0 414.62722 1.6675861 -0.55522065
243 171.00726 436.71764 0.73847926 0.58828047 -0.30051238 25 0 361.84597 1.242228 -0.23550332
244 242.13121 437.43678 0.66659395 0.60288198 -0.03319821 25 0 1094.58 4.3137051 -1.5871261
245 501.04632 437.15418 0.24885314 0.41079191 0.0091859779 25 0 60885.95 338.9423 -6.3253144
246 354.63356 439.34449 0.57076984 -0.069400084 -0.10434123 25 0 2798.0116 12.147211 -2.7111915
247 24.127579 442.5939 0.72838763 0.41552073 0.17373455 25 0 405.5198 1.5159961 -0.45174519
248 255.28701 441.88444 0.67079827 -0.014904944 -0.11159121 25 0 1260.7147 5.0453057 -1.7572187
249 101.36409 443.89761 0.69305459 0.16861571 -0.1816848 25 0 15104.549 60.410496 -4.452781
250 486.42165 444.47376 0.6381958 0.45322919 0.26432589 25 0 362.93671 1.4037458 -0.36822118
251 472.95078 450.59476 0.69033096 0.20044857 0.20115751 25 0 361.74178 1.3885217 -0.35638166
252 222.33121 451.48396 0.73650407 0.34799431 0.19321967 25 0 330.67976 1.1731463 -0.1733804
253 487.2487 453.75848 0.65493589 0.078800874 -0.082872626 25 0 2196.3632 9.1712688 -2.4060736
254 389.62742 456.3697 0.51533297 0.08276365 -0.13371952 25 0 318.77116 1.4005943 -0.36578088
255 321.28519 457.39508 0.55308651 0.22182967 0.075780528 25 0 579.59083 2.6002991 -1.0375583
256 445.24898 458.68372 0.4528477 0.62126737 -0.027532395 25 0 306.44771 1.4595836 -0.41057245
257 489.75441 460.09183 0.66659831 -0.25625723 -0.4030936 25 0 293.07537 1.1669844 -0.16766261
258 372.25488 462.41743 0.64167726 0.50329568 -0.066191595 25 0 1296.8758 5.2851846 -1.8076504
259 508.54607 461.61333 0.57908011 0.021006261 -0.095410812 25 0 233.47287 1.0039929 -0.0043266065
260 66.386943 463.57799 0.67080233 0.80991032 0.017025488 25 0 5229.175 20.51911 -3.2803963
261 159.37868 464.69922 0.62857331 -0.041881621 -0.23712349 25 0 1119.6487 4.4190973 -1.6133339
262 335.92846 465.00671 0.66245794 -0.68499738 -0.13577396 25 0 321.7795 1.2172254 -0.21342753
263 301.14545 466.81413 0.44244539 0.94005715 0.56591768 25 0 267.09025 1.3033335 -0.28763886
264 437.7706 466.00673 0.4319534 0.19972129 -0.15973832 25 0 60654.794 309.2594 -6.2258073
265 55.308691 468.75781 0.49429388 0.075485102 0.10724646 25 0 234.88975 1.0221361 -0.02377179
266 415.02579 468.16423 0.38940384 0.94230874 0.53970132 25 0 252.99123 1.308222 -0.29170363
267 221.17092 472.57585 0.61959721 0.23523479 -0.0084471343 25 0 4691.4709 19.790907 -3.2411643
268 510.64456 472.8755 0.69684349 -0.24012505 0.18945119 25 0 274.85912 1.1530036 -0.15457665
269 352.60203 474.31181 0.58730308 -0.20558899 -0.17260851 25 0 597.18733 2.5084554 -0.99851594
270 439.0464 473.70978 0.67434753 0.42604497 0.076454062 25 0 561.59382 2.1632895 -0.83778658
271 271.16419 475.91305 0.68490189 0.21731263 -0.12448908 25 0 3447.6901 13.992258 -2.8647195
272 124.47925 476.59769 0.62637188 0.41020228 -0.26722332 25 0 447.64809 1.7540619 -0.61011227
273 348.5047 481.04894 0.68101343 0.16923417 -0.1091378 25 0 563.80802 2.0987712 -0.80491275
274 149.02824 481.99503 0.70247115 0.43626072 -0.12292505 25 0 1026.2509 3.9967436 -1.5042657
275 226.61392 486.28134 0.58166433 0.42447838 -0.27013609 25 0 293.06633 1.2249084 -0.22025906
276 74.087861 487.5029 0.695025 0.4510902 0.037666924 25 0 1112.2876 4.3660389 -1.600219
277 249.92228 496.99808 0.49988184 -0.13659058 -0.805385 25 0 343.70765 1.6382122 -0.53592538
278 402.87259 496.8779 0.77529645 -0.2097275 -0.11998424 25 0 401.31927 1.4068658 -0.37063166
279 160.35494 501.00387 0.72075261 -0.04975365 -0.30283227 25 0 411.04055 1.4740785 -0.42130153
280 77.347552 502.18779 0.64615481 0.37826664 -0.14414358 25 0 341.46534 1.2794012 -0.26751687
281 126.16726 504.01411 0.8386335 -0.043543538 0.0098929193 25 0 736.12644 2.3934537 -0.94756256
282 171.22051 504.03365 0.70983937 0.032740265 -0.4929771 25 0 534.46226 1.9587705 -0.72995891
283 290.1047 506.38448 0.61610176 -0.026045171 0.039273979 25 0 350.07006 1.5340892 -0.46462655
284 127.14668 507.68729 0.58562623 0.099498005 -0.13511259 25 0 697.37045 3.0031812 -1.1939539
285 68.248128 510.232 0.68605747 -0.13553798 -0.59403555 25 0 309.79674 1.1247399 -0.12763028
286 173.17435 510.84452 0.92924877 -0.2028924 -0.5430415 25 0 821.46288 2.7379223 -1.0935528
