id xcentroid ycentroid sharpness roundness1 roundness2 npix sky peak flux mag
1 25.470529 0.094191481 0.84215659 -0.28264865 -0.47693545 25 0 2476 4.8607537 -1.716759
2 286.92748 15.771308 0.46877629 -0.72671664 -0.29264535 25 0 386 1.2454943 -0.23835435
3 14.182016 24.591411 0.59258204 -0.40678131 -0.089062035 25 0 9720 22.224212 -3.367066
4 397.69962 27.568529 0.46932124 -0.03515778 -0.2304241 25 0 291 1.122958 -0.12590881
5 456.8199 27.511938 0.53983962 0.10371498 -0.054567046 25 0 16232 37.456926 -3.9338303
6 176.00682 53.442429 0.489064 -0.33017928 -0.15844098 25 0 619 1.5190631 -0.45393952
7 195.49684 54.554647 0.6076109 0.35242008 -0.15258669 25 0 1425 2.9663267 -1.1805475
8 314.10296 56.50267 0.35990945 -0.45119582 -0.24294815 25 0 58395 145.51434 -5.4072645
9 100.95199 58.445628 0.49788538 -0.1536248 -0.048803306 25 0 2965 7.1128947 -2.1301159
10 389.5396 60.363559 0.50821229 -0.19444127 -0.28745199 25 0 487 1.3181442 -0.29990735
11 459.98049 66.484533 0.55456171 0.060571448 -0.015744265 25 0 430 1.3121708 -0.29497594
12 283.72393 67.120206 0.4984346 -0.59138743 -0.37748346 25 0 893 2.1290648 -0.8204722
13 20.037173 74.12357 0.97920235 -0.011810417 0.12424564 25 0 580 1.1720915 -0.17240375
14 432.58494 73.946167 0.60857921 -0.27784598 -0.33468323 25 0 840 2.0040538 -0.75477342
15 491.04645 76.279669 0.62504582 -0.10896422 -0.051415464 25 0 2411 5.6919936 -1.888161
16 422.08852 80.792997 0.62302762 -0.20634441 -0.15397888 25 0 1125 2.8134299 -1.1230902
17 45.359627 84.49885 0.52035272 -0.02078958 -0.1376805 25 0 853 2.096738 -0.80386041
18 458.00731 89.341731 0.50348262 -0.032900083 0.17029678 25 0 511 1.5465009 -0.47337544
19 340.05833 93.327886 0.57124043 -0.28518397 -0.18896507 25 0 2294 5.2413291 -1.7986036
20 480.39031 100.41819 0.58282238 0.085968934 -0.10846002 25 0 13823 30.609769 -3.7146501
21 273.19681 107.69804 0.52471364 -0.20326084 -0.13449907 25 0 759 1.7368441 -0.59940211
22 277.1106 109.26449 0.55052582 -0.43231182 -0.30944853 25 0 976 2.1386821 -0.82536559
23 175.23325 110.42392 0.55861332 -0.3392476 -0.27402875 25 0 1133 2.3523925 -0.92877447
24 43.28532 114.2704 0.5893197 -0.35392257 -0.25884395 25 0 2683 6.0319394 -1.9511424
25 498.42555 116.89089 0.59764611 -0.42597867 -0.19289056 25 0 1315 3.2508541 -1.2799937
26 478.60717 120.40871 0.54750222 -0.37927466 -0.050383474 25 0 1265 3.1649969 -1.2509332
27 208.37171 127.50627 0.55132673 -0.64666218 -0.13327451 25 0 10840 23.919192 -3.4468662
28 225.88143 127.7601 0.58247485 -0.1198938 -0.30828564 25 0 801 1.6902472 -0.56987559
29 235.90032 129.04958 0.5866553 -0.3888611 -0.26762825 25 0 1440 3.1648272 -1.250875
30 292.303 128.83883 0.64056462 -0.46975465 -0.36080746 25 0 911 1.8690427 -0.67904808
31 139.85714 134.13063 0.57956147 -0.4220355 -0.22233879 25 0 1573 3.4385732 -1.3409457
32 506.99424 135.77024 0.57026777 -0.18555504 -0.13468053 25 0 1205 3.0848565 -1.2230874
33 163.68664 139.60789 0.52335425 -0.11073241 -0.28608283 25 0 1151 2.4347432 -0.9661329
34 383.54013 151.332 0.57756102 -0.61210344 -0.23116381 25 0 8126 18.008531 -3.1386957
35 2.2839995 157.24403 0.61225382 -0.15575012 -0.070470746 25 0 568 1.2549011 -0.24652376
36 286.37995 156.85705 0.59147985 -0.52127335 -0.34939048 25 0 2086 4.33976 -1.5936643
37 471.67082 163.48283 0.56921167 -0.58701518 -0.073348701 25 0 4819 10.909619 -2.594524
38 373.52245 172.91686 0.60313639 -0.54172874 -0.33696663 25 0 33976 71.553391 -4.6365756
39 213.43431 185.10104 0.49968253 -0.6027661 -0.38225493 25 0 1120 2.3763099 -0.93975771
40 465.73556 184.76332 0.55534942 -0.098403129 -0.13695066 25 0 4543 10.853217 -2.5888962
41 151.91644 185.61601 0.53226863 -0.47203557 -0.17694801 25 0 720 1.5711243 -0.49052636
42 140.3914 188.26045 0.60276426 -0.78625406 -0.34261147 25 0 1081 2.0062688 -0.75597281
43 4.4318878 194.06186 0.72654355 -0.36741497 -0.37438403 25 0 663 1.3439395 -0.32094931
44 102.57871 194.20357 0.56701775 -0.2431287 -0.1865736 25 0 1258 2.5972069 -1.0362664
45 408.55485 194.00781 0.56207659 -0.30652484 -0.30895483 25 0 1809 4.2145993 -1.5618907
46 470.60639 195.88095 0.60177491 -0.47204066 -0.39658757 25 0 422 1.1788863 -0.17867981
47 214.1667 197.27753 0.56651491 -0.070598573 -0.15361998 25 0 843 1.6776199 -0.56173391
48 409.05028 198.99974 0.68585116 -0.74601695 -0.20607499 25 0 665 1.4111785 -0.37395491
49 176.96309 199.80038 0.61182334 -0.58737652 -0.36322667 25 0 595 1.0931029 -0.096652665
50 59.194954 200.63123 0.60329766 -0.39766593 -0.10630882 25 0 29114 64.356972 -4.521489
51 496.42236 214.75492 0.63365762 -0.56983888 -0.20171183 25 0 1042 2.4528333 -0.97417009
52 456.34113 216.86818 0.5227835 0.062988898 -0.88920299 25 0 338 1.1077165 -0.11107152
53 490.31086 220.76943 0.60119777 -0.48158217 -0.16673788 25 0 2073 4.7940048 -1.7017462
54 412.96857 226.87823 0.58957153 -0.38246332 -0.21863517 25 0 687 1.6357067 -0.53426356
55 313.8454 228.91544 0.58544258 -0.24256045 -0.2017434 25 0 1181 2.6556537 -1.0604286
56 244.07377 230.7382 0.51712562 -0.57021164 -0.23886666 25 0 572 1.1496123 -0.15137855
57 138.25439 232.16206 0.59295009 -0.037828201 -0.23562196 25 0 848 1.6807334 -0.56374706
58 466.80241 235.71709 0.55431497 -0.24830056 -0.15777398 25 0 2905 6.8134958 -2.083425
59 227.22203 237.53511 0.38452515 0.1757566 -0.3069106 25 0 1600 3.8558291 -1.4652944
60 339.64205 239.82965 0.54252395 -0.20547695 -0.25474102 25 0 2940 6.7655347 -2.0757553
61 409.58344 240.63591 0.51183008 -0.060935115 -0.23931762 25 0 7975 18.097482 -3.1440454
62 314.51713 242.11428 0.64590989 -0.23609151 -0.31337456 25 0 841 1.6987421 -0.5753186
63 168.12937 248.19329 0.63697916 -0.11169015 -0.11956181 25 0 589 1.0399652 -0.042547033
64 227.92712 249.30422 0.55522435 -0.16436218 -0.34110331 25 0 557 1.0570039 -0.060191483
65 418.83769 252.18821 0.57768478 -0.097888172 -0.11054324 25 0 1347 3.1881415 -1.258844
66 191.56438 265.65049 0.52786644 -0.048181862 -0.27247319 25 0 3082 6.6890579 -2.0634124
67 415.60791 265.60575 0.53396802 -0.038271778 -0.18146656 25 0 4340 9.6078205 -2.4565622
68 20.931149 286.21724 0.55517783 -0.11875891 -0.17308594 25 0 1108 2.660602 -1.0624498
69 35.086691 295.51888 0.6554565 -0.46018741 -0.24791452 25 0 548 1.0423751 -0.045060092
70 335.41742 298.36324 0.52476681 -0.12286714 -0.17410351 25 0 3362 7.6412188 -2.2079066
71 148.06889 299.31585 0.63867848 -0.074731316 -0.16106428 25 0 714 1.2782915 -0.26657472
72 26.66991 300.46369 0.54636524 -0.55819689 -0.23705911 25 0 802 1.7798753 -0.62597395
73 54.872339 300.31673 0.59183758 -0.26930951 -0.084754004 25 0 910 1.9609652 -0.73117474
74 38.391606 315.96228 0.64175489 -0.38046815 -0.30693214 25 0 1026 2.158201 -0.83522975
75 181.84971 321.79538 0.50260306 -0.14942474 -0.079993031 25 0 589 1.1746181 -0.17474175
76 413.64125 322.11023 0.64535023 -0.5677609 -0.15273594 25 0 715 1.5833747 -0.49895922
77 101.07814 326.49905 0.56152282 -0.17431754 -0.055685217 25 0 2290 4.9164632 -1.729132
78 40.183769 347.36943 0.60427964 -0.1694749 0.043124622 25 0 697 1.4314444 -0.38943624
79 226.99893 347.11957 0.5083048 -0.20534899 -0.20475908 25 0 637 1.3225888 -0.30356214
80 451.88008 354.05668 0.60956009 0.32139742 0.19454224 25 0 602 1.2560195 -0.24749097
81 203.05319 363.24108 0.57241044 -0.30305203 -0.21388711 25 0 3589 7.8111194 -2.2317832
82 345.11072 364.89804 0.53816275 -0.34586988 -0.29150655 25 0 747 1.7639375 -0.616208
83 261.91963 367.20095 0.59516287 -0.44951795 -0.2561717 25 0 17712 38.844413 -3.9733214
84 377.74917 374.49882 0.51789927 -0.52151419 -0.12573327 25 0 1211 2.8821514 -1.149292
85 189.34678 376.12081 0.63190548 -0.39549277 -0.35204099 25 0 1247 2.4651612 -0.97961332
86 241.43617 377.41728 0.58486433 -0.13909914 -0.30362961 25 0 1806 3.6454309 -1.4043722
87 59.003942 378.57913 0.58038087 -0.22860189 -0.11787208 25 0 3340 7.4125541 -2.1749197
88 391.0353 378.7962 0.58947767 -0.40203399 -0.1296738 25 0 832 1.9521195 -0.72626597
89 462.5335 381.12373 0.63028544 -0.59573368 -0.26324181 25 0 6206 13.402453 -2.8179607
90 329.31738 391.93035 0.61385223 -0.46430552 -0.27778481 25 0 2537 5.5110663 -1.8530891
91 38.198556 392.74792 0.63311398 -0.32755028 -0.18912006 25 0 2782 6.1116485 -1.9653959
92 447.05011 397.53517 0.59734983 -0.77967425 -0.1826063 25 0 380 1.0162131 -0.017461967
93 107.95095 399.09911 0.4415642 -0.12822868 0.047775088 25 0 1109 2.8533706 -1.1383954
94 418.68834 401.36482 0.5892373 -0.49788274 -0.078052907 25 0 1562 3.5351305 -1.3710136
95 447.92719 401.08934 0.60879914 -0.45454158 -0.11547017 25 0 1521 3.5571294 -1.3777492
96 209.87789 408.89236 0.57563138 -0.29530512 -0.22759581 25 0 5537 12.429073 -2.7360969
97 340.40532 411.17368 0.53145143 -0.45677847 -0.36105626 25 0 554 1.428373 -0.38710411
98 236.18019 420.08911 0.56309128 -0.31655048 -0.23993284 25 0 1454 3.2577997 -1.282311
99 68.310446 425.20527 0.68375835 0.26889019 -0.22487252 25 0 671 1.2156055 -0.21198161
100 92.32085 426.71109 0.63178447 -0.58391695 -0.26869114 25 0 1641 3.44656 -1.3434646
101 143.05066 444.85854 0.62920964 -0.16203646 -0.15066924 25 0 1775 3.7982281 -1.4489526
102 116.65776 445.70217 0.51103783 0.12452985 -0.11228066 25 0 682 1.4052875 -0.36941298
103 216.37536 448.2265 0.6510486 0.1545897 -0.16836827 25 0 854 1.6709481 -0.55740743
104 475.13099 448.44193 0.30316349 -0.33097708 -0.15326191 25 0 57773 136.3483 -5.3366243
105 329.0277 450.26313 0.61416057 -0.31528334 -0.13706685 25 0 2327 5.0950025 -1.767861
106 229.3456 452.76991 0.70262473 -0.82205286 -0.28077487 25 0 898 1.6655495 -0.55389385
107 75.547891 454.53562 0.53266923 -0.69448582 -0.16935337 25 0 8199 18.524907 -3.1693901
108 461.39385 464.9746 0.64816277 -0.35093781 -0.25416429 25 0 1546 3.3944921 -1.326937
109 346.52327 473.43506 0.62526086 -0.69753582 -0.14759692 25 0 808 1.7652517 -0.61701659
110 40.715762 473.96172 0.63796948 -0.24744133 -0.29816139 25 0 4499 9.9157159 -2.4908102
111 133.37416 475.24123 0.64350279 -0.39170382 -0.27130788 25 0 893 1.7810759 -0.62670604
112 412.05071 477.13487 0.50770754 -0.53937426 -0.25613388 25 0 58069 139.81186 -5.36386
113 195.24883 483.49847 0.57733186 -0.057561884 -0.088992464 25 0 3296 7.2080865 -2.14455
114 326.92256 485.56761 0.63381076 -0.17803394 -0.12685754 25 0 462 1.032641 -0.034873447
115 245.28569 486.74873 0.63062877 -0.54736368 -0.19180946 25 0 2409 5.2119123 -1.7924928
116 123.34797 492.4157 0.55390787 0.43309948 -0.17434595 25 0 558 1.1856149 -0.18485908
117 48.426993 497.88299 0.65355496 -0.33402601 -0.29815481 25 0 876 1.8897012 -0.69098284
