id xcentroid ycentroid sharpness roundness1 roundness2 npix sky peak flux mag
1 325.80378 4.7049441 0.57220503 0.23451898 -0.19365095 25 0 279 1.0415052 -0.044153657
2 298.24315 7.1784624 0.69024196 0.14943746 -0.2307949 25 0 807 2.2398952 -0.87556925
3 307.14075 9.6090258 0.48690134 -0.1109371 -0.1241568 25 0 298 1.1792681 -0.17903135
4 429.54789 10.593307 0.59887031 0.45688578 -0.050829306 25 0 408 1.4719036 -0.41969838
5 110.09574 14.352728 0.6666748 0.015285258 -0.046225152 25 0 476 1.4513346 -0.40441885
6 25.302943 16.42095 0.65680681 0.36517061 -0.096560752 25 0 14420 39.767606 -3.9988236
7 335.79669 15.90774 0.65752399 0.22579233 -0.26432435 25 0 880 2.6588399 -1.0617305
8 409.21074 18.970841 0.71131786 -0.071773985 -0.24084557 25 0 814 2.5115226 -0.99984275
9 468.26746 18.971542 0.73479927 0.085933197 -0.18881364 25 0 32698 85.217534 -4.8263224
10 213.73663 34.025305 0.66091779 -0.15506649 -0.35301281 25 0 371 1.0723169 -0.075807865
11 354.87387 37.346436 0.61945092 -0.019884059 -0.29338364 25 0 537 1.6642306 -0.55303379
12 454.64332 37.472746 0.39423355 0.70167677 -0.18717853 25 0 178 1.1172198 -0.12034653
13 127.49558 39.919354 0.74162327 -0.46844177 -0.30614078 25 0 497 1.2583887 -0.24953699
14 114.57004 44.055135 0.67575826 0.27279262 -0.3192889 25 0 604 1.686908 -0.5677285
15 187.34336 45.11059 0.70465793 0.12972484 -0.21498014 25 0 1445 3.8841516 -1.4732404
16 206.77193 46.012555 0.64682268 -0.076383702 -0.27908585 25 0 2660 7.418151 -2.1757392
17 347.55355 47.281563 0.57832901 0.52580169 -0.24717256 25 0 472 1.5150279 -0.45105155
18 67.258853 48.347212 0.69790407 0.055258121 -0.055181231 25 0 592 1.6592301 -0.54976652
19 325.39211 48.180539 0.34404889 0.32623242 -0.14159198 25 0 58717 202.16402 -5.7642597
20 112.2475 50.227879 0.67235148 0.14107409 -0.20867185 25 0 5811 15.931682 -3.0056541
21 401.01256 51.767857 0.64423092 0.20112266 -0.05996127 25 0 1060 3.1359015 -1.240906
22 247.68435 57.100936 0.58148736 -0.0098037517 -0.26226186 25 0 397 1.0828853 -0.086456161
23 401.57155 57.22399 0.62209513 0.2124074 -0.31379259 25 0 271 1.0222864 -0.023931461
24 471.56448 57.739332 0.58770922 -0.14237999 -0.24689784 25 0 726 2.4701748 -0.9818192
25 295.02463 58.597163 0.57729385 0.14295524 -0.12495093 25 0 1546 4.5185849 -1.6375061
26 143.04077 63.350264 0.66012206 -0.054997437 -0.041838032 25 0 421 1.1389648 -0.14127574
27 444.00376 65.415196 0.65772324 0.40032576 -0.0078436117 25 0 1610 4.695016 -1.6790927
28 31.258362 66.073508 0.72239961 -0.25852237 -0.12844492 25 0 302 1.0043999 -0.0047666409
29 502.4555 67.670673 0.66662629 0.50885209 -0.18504632 25 0 3151 8.6706931 -2.3451345
30 32.212486 71.145859 0.73448089 0.097524693 -0.20035094 25 0 760 2.1460999 -0.82912484
31 55.3683 71.04613 0.71004923 -0.31457425 -0.26624091 25 0 483 1.374001 -0.34496765
32 170.21161 71.372445 0.56603353 0.083949397 -0.20331121 25 0 374 1.0847342 -0.088308374
33 433.5859 72.253625 0.6369014 -0.24182062 -0.20159072 25 0 1554 4.5070458 -1.6347299
34 113.33566 73.169477 0.63439126 0.012188965 -0.24783622 25 0 426 1.2046355 -0.20213912
35 472.34649 72.875091 0.69569569 -0.051038068 -0.20562804 25 0 395 1.3589399 -0.33300064
36 418.87537 73.941758 0.72764772 0.39291544 -0.097673659 25 0 653 1.8889364 -0.69054332
37 56.533603 76.150877 0.69857744 0.00026473087 -0.38856798 25 0 1746 4.6705605 -1.6734225
38 469.33921 80.874801 0.56690168 0.35860112 -0.24295375 25 0 832 2.7943354 -1.1156964
39 351.44873 84.863041 0.64578242 -0.10893939 -0.29758143 25 0 3588 9.9089263 -2.4900665
40 120.59583 87.972845 0.76225744 -0.14029463 -0.56315259 25 0 572 1.3398363 -0.31762935
41 92.879089 91.505886 0.62295909 0.57240642 0.0030094391 25 0 614 1.7247423 -0.59181053
42 145.45539 91.584097 0.50145401 0.27434383 -0.35688623 25 0 369 1.1235359 -0.12646738
43 491.85469 91.750897 0.66674416 0.26959284 -0.088941317 25 0 24114 66.421209 -4.5557669
44 155.72197 98.349411 0.63508913 -0.27580631 -0.29814431 25 0 571 1.5543935 -0.47890242
45 284.383 99.102825 0.69512444 -0.26465869 -0.30974306 25 0 1556 4.0420851 -1.5165136
46 288.43818 100.90295 0.67363286 -0.32871774 -0.34483292 25 0 1659 4.3393062 -1.5935507
47 186.55372 101.90238 0.62612266 0.16738015 -0.31426343 25 0 1799 4.8549273 -1.7154568
48 54.468983 105.99194 0.69027681 -0.13320649 -0.34230477 25 0 4817 12.702042 -2.7596838
49 452.39251 105.67603 0.65110887 -0.37596349 -0.24938752 25 0 367 1.1929814 -0.19158417
50 509.8515 108.23393 0.72921833 -0.038017055 -0.12336843 25 0 2452 6.5412366 -2.0391496
51 490.09477 111.70328 0.6366397 0.049422207 -0.0032772131 25 0 2105 6.1349729 -1.9695316
52 333.08021 117.39179 0.60084395 -0.13377803 -0.22846123 25 0 575 1.6393962 -0.5367098
53 219.6744 119.14948 0.66128729 -0.079105474 -0.22080633 25 0 19218 52.340688 -4.2970986
54 237.12868 119.24824 0.67580047 0.63683993 0.0073512133 25 0 1254 3.1165079 -1.2341706
55 303.86694 120.39292 0.65532544 -0.1186071 -0.11297066 25 0 1242 3.1869483 -1.2584375
56 247.27198 120.54133 0.56293332 -0.027847543 -0.08275077 25 0 1767 5.068257 -1.7621466
57 199.25345 122.44405 0.656442 0.73620644 -0.13316499 25 0 586 1.381948 -0.35122927
58 449.0672 122.02241 0.64900704 0.23043997 -0.20745452 25 0 443 1.5213618 -0.45558126
59 98.786837 122.60482 0.58106288 0.42858353 -0.18004132 25 0 525 1.4080031 -0.37150902
60 153.77915 123.74424 0.62241546 0.19278033 -0.057739488 25 0 441 1.0545272 -0.057644442
61 51.588938 124.13225 0.67380762 0.033770959 -0.40993689 25 0 641 1.7398124 -0.60125607
62 151.12032 125.78633 0.59753711 0.088113849 -0.16068856 25 0 2223 6.3008068 -1.9984904
63 479.08106 126.18394 0.6790512 0.61923619 -0.21840698 25 0 343 1.1352276 -0.1377074
64 175.09867 131.24428 0.66096453 -0.0017635326 -0.18977024 25 0 2086 5.5297257 -1.856759
65 6.3898857 132.71099 0.61474523 -0.077184478 -0.11646592 25 0 1250 3.5970157 -1.3898558
66 252.4713 134.60668 0.53990644 0.53067907 -0.26509081 25 0 467 1.1764538 -0.17643719
67 394.98414 142.79676 0.6075072 0.14939509 -0.15524642 25 0 12800 36.910352 -3.9178705
68 297.84606 148.3809 0.6295843 -0.070526501 -0.14577129 25 0 3234 8.8363432 -2.3656814
69 13.452052 149.13783 0.60640501 -0.21930121 -0.29521096 25 0 843 2.49071 -0.99080792
70 483.18073 154.81098 0.66810851 0.074332742 -0.082273936 25 0 8688 24.056187 -3.453067
71 96.40259 162.47652 0.48701057 0.37309666 -0.30275986 25 0 394 1.1379317 -0.14029051
72 384.85813 164.3898 0.61290763 -0.0055461523 -0.12766833 25 0 49858 138.73329 -5.3554517
73 205.40232 168.16966 0.72563329 -0.0082706838 -0.25382254 25 0 733 1.6596035 -0.55001083
74 424.06982 167.86949 0.63673602 0.1817679 -0.16710327 25 0 534 1.6606301 -0.55068226
75 152.5376 171.59051 0.61976929 0.29321819 -0.20792449 25 0 539 1.3396867 -0.31750809
76 477.16627 176.17095 0.71485164 0.13409452 -0.13752404 25 0 7843 20.901974 -3.3004682
77 163.11117 177.3516 0.66979394 0.16784533 -0.16763486 25 0 1066 2.6218438 -1.046517
78 225.01532 176.60854 0.56890823 0.10449451 -0.11298565 25 0 1835 5.1804836 -1.7859258
79 345.26414 176.53075 0.58031409 0.098977332 -0.16714894 25 0 471 1.2401819 -0.23371346
80 151.61971 179.93691 0.62361895 -0.18111344 -0.3060209 25 0 1746 4.6385752 -1.6659615
81 420.01771 185.40544 0.65038241 0.1900059 -0.05531799 25 0 2889 7.9552583 -2.2516357
82 15.735212 185.7816 0.72559396 0.14398679 -0.20443889 25 0 901 2.2740043 -0.89197821
83 113.92526 185.95336 0.65030233 0.19151989 -0.12561868 25 0 2149 5.6752729 -1.8849669
84 481.79627 187.32801 0.68924358 -0.048216185 -0.14318078 25 0 774 2.3225202 -0.91489877
85 409.90258 187.62213 0.52232488 -0.027193654 -0.26314449 25 0 533 1.7262778 -0.59277672
86 225.67896 188.87295 0.58622222 0.24095402 -0.15507566 25 0 1226 3.3923523 -1.3262524
87 420.47015 190.49892 0.58366459 0.14391422 -0.15717538 25 0 821 2.5565052 -1.0191167
88 70.507591 192.44777 0.64175623 0.55482427 -0.16366111 25 0 38159 103.34172 -5.0356892
89 188.07137 191.32803 0.52104437 -0.12496794 0.041321384 25 0 698 1.9890822 -0.7466318
90 325.79127 191.9757 0.29380717 -0.02250429 -0.49974363 25 0 278 1.0212016 -0.0227787
91 120.26488 193.66673 0.56271766 -0.1765882 -0.29435386 25 0 454 1.1102932 -0.11359416
92 419.57787 198.27363 0.68051699 0.37382911 -0.29091226 25 0 373 1.1195268 -0.12258622
93 453.89636 202.20218 0.6835347 -0.20792776 -0.13284343 25 0 645 1.9655126 -0.73368959
94 167.06605 204.32536 0.72516564 -0.21661149 -0.31055755 25 0 703 1.5257322 -0.45869575
95 380.84285 203.92759 0.62947894 -0.11860645 0.013372189 25 0 345 1.0127872 -0.013795498
96 65.673422 206.57293 0.54591025 0.2690331 -0.15327654 25 0 530 1.5155516 -0.45142679
97 507.73426 206.03713 0.67177007 0.018825497 -0.16927162 25 0 1754 4.9561942 -1.7378708
98 468.32816 208.34425 0.58157573 0.20544029 -0.10432488 25 0 553 1.8902936 -0.69132314
99 501.6513 212.08952 0.66261854 0.037744215 -0.20649765 25 0 3247 9.0634794 -2.3932374
100 11.289341 215.48389 0.73604865 0.68817258 -0.13839088 25 0 479 1.1578856 -0.1591641
101 13.362114 217.02568 0.74547084 0.18650769 -0.50224471 25 0 548 1.3442272 -0.3211817
102 424.57352 218.19887 0.59083156 0.30555455 -0.38093286 25 0 947 2.8089441 -1.1213577
103 325.29638 220.35899 0.61744523 0.18159335 -0.22461781 25 0 1593 4.4378606 -1.6179341
104 255.47522 222.41723 0.62699191 0.23284412 -0.145341 25 0 789 2.028292 -0.76782619
105 149.63363 223.70188 0.6267709 0.43454289 -0.20717306 25 0 1124 3.0120667 -1.1971615
106 478.35087 227.00237 0.7058101 -0.032627595 -0.22694373 25 0 5468 14.622157 -2.9125286
107 238.82448 229.13696 0.64511474 -0.042389137 -0.21578377 25 0 3316 9.0613495 -2.3929822
108 351.0442 231.34362 0.61679033 0.14917266 -0.10114507 25 0 4590 12.927432 -2.7787806
109 421.13886 232.05746 0.66458799 0.042235211 -0.20932801 25 0 16172 44.578792 -4.1228207
110 326.06079 233.56876 0.52067593 0.03473298 0.014292224 25 0 976 2.9618185 -1.1788961
111 179.39646 239.7624 0.6996732 -0.0486615 -0.29511238 25 0 842 1.8562735 -0.67160488
112 239.41262 240.84663 0.68983383 -0.056737176 -0.3063574 25 0 926 2.2184784 -0.86513802
113 29.89871 243.9959 0.71068808 0.30810814 0.019836705 25 0 502 1.2560463 -0.24751415
114 430.36537 243.5041 0.57738769 -0.23826204 -0.045249046 25 0 1687 4.8819413 -1.7214814
115 202.98786 257.39052 0.63999311 0.088257495 -0.10099581 25 0 5391 14.750414 -2.9220105
116 427.19944 256.99859 0.65012572 -0.010378122 -0.20293841 25 0 8315 23.181432 -3.4128507
117 265.14291 259.8031 0.65056909 -0.1516082 -0.04668048 25 0 559 1.4724942 -0.42013396
118 32.274313 278.02531 0.72757111 0.19218354 -0.26161972 25 0 1885 4.9054446 -1.7266959
119 46.407455 287.22912 0.61212481 -0.10815047 -0.24312392 25 0 703 1.8625909 -0.67529371
120 346.85531 289.71989 0.57971 0.16012825 -0.14617441 25 0 5415 16.001148 -3.0103779
121 159.62646 290.92937 0.6337027 -0.2254245 -0.44230018 25 0 978 2.5359801 -1.0103646
122 38.07483 292.14405 0.71695326 0.17036831 -0.17553922 25 0 1585 4.0773862 -1.5259546
123 66.262676 291.94642 0.71453608 -0.060092474 -0.20839283 25 0 1538 3.9237668 -1.484258
124 321.04755 294.51154 0.66425798 0.3440579 0.15619285 25 0 423 1.0462594 -0.049098424
125 452.49209 294.70586 0.72713301 0.36295184 -0.24232337 25 0 703 1.8560225 -0.67145811
126 135.55577 301.80157 0.50913093 -0.64230615 -0.22999713 25 0 516 1.4594108 -0.41044389
127 49.759633 307.61622 0.67052889 0.43160658 -0.088235961 25 0 1361 3.4861109 -1.355853
128 397.71016 308.0506 0.72402028 -0.11691847 -0.24895607 25 0 462 1.2272294 -0.22231442
129 193.26635 313.35072 0.62306321 0.2618867 -0.14491974 25 0 903 2.3693539 -0.93657486
130 425.17815 313.45512 0.55320705 -0.32031886 0.13309544 25 0 909 2.8245161 -1.1273601
131 112.45537 318.10787 0.66098774 -0.16678157 -0.34041275 25 0 3689 9.7498119 -2.4724906
132 34.491066 321.92533 0.51422448 0.023813347 -0.28749733 25 0 403 1.2619044 -0.25256614
133 304.7572 329.92236 0.67527896 -0.08860547 -0.2759519 25 0 703 1.8545055 -0.67057033
134 262.07005 337.1914 0.65293517 0.18016493 -0.16398978 25 0 718 1.9690254 -0.73562831
135 5.3209694 337.8581 0.71240468 -0.072756517 -0.19409097 25 0 14768 38.88628 -3.974491
136 355.06129 337.57234 0.5800475 0.22265507 -0.21114476 25 0 455 1.3543466 -0.32932457
137 51.567611 339.06383 0.73445349 -0.12319437 -0.17084562 25 0 1155 2.7851211 -1.1121102
138 238.42357 338.69042 0.56567973 0.45047866 -0.24981556 25 0 834 2.2671986 -0.88872392
139 463.45547 345.31688 0.79730039 0.60786914 0.064358465 25 0 985 2.3609482 -0.93271614
140 234.51304 348.44723 0.509193 -0.58603997 -0.35117694 25 0 378 1.0413739 -0.044016753
141 335.39117 351.13039 0.67762119 -0.0017917249 -0.30379919 25 0 837 2.3088169 -0.90847373
142 214.43621 354.82626 0.64242386 0.15174119 -0.31553562 25 0 5366 14.418043 -2.8972658
143 356.61855 356.25828 0.59092116 0.2494919 -0.41584562 25 0 946 2.6976774 -1.077475
144 468.18063 357.19969 0.59031455 -0.32238726 -0.097463796 25 0 292 1.02251 -0.024168908
145 273.53667 358.79569 0.64164598 -0.28479767 -0.33947822 25 0 25327 67.759514 -4.5774257
146 389.33168 366.00775 0.68754366 -0.15325112 -0.29004954 25 0 2226 6.0315776 -1.9510773
147 200.81905 367.78615 0.64044149 0.18838183 -0.19756525 25 0 1777 4.8112961 -1.7056552
148 252.86712 369.03588 0.66135545 -0.027333905 -0.22557202 25 0 3331 9.2145178 -2.4111815
149 70.471557 370.32121 0.700228 0.38805125 -0.22546477 25 0 5285 13.689637 -2.8409798
150 402.4059 370.2885 0.61021737 -0.58684816 -0.36339803 25 0 1047 3.1140218 -1.2333041
151 113.63611 371.11039 0.69067505 -0.060965298 -0.32942777 25 0 651 1.6731894 -0.55886278
152 474.15475 372.46717 0.63147863 0.20620377 -0.014169155 25 0 8909 25.082986 -3.4984481
153 340.74347 383.52227 0.61308732 -0.23968755 -0.059571497 25 0 3246 9.128808 -2.4010352
154 49.626957 384.40537 0.6098002 0.67933959 0.0094332078 25 0 3302 9.1091977 -2.3987003
155 202.06902 387.72662 0.65579934 -0.11502691 -0.089763727 25 0 730 1.9329152 -0.71553202
156 75.200099 389.22759 0.6537821 -0.027395912 -0.36493904 25 0 445 1.0501263 -0.053103803
157 458.67293 388.85848 0.66982034 -0.31166576 0.22231978 25 0 561 1.5903176 -0.50370967
158 119.31013 390.56862 0.54975666 0.22522922 -0.10538325 25 0 1229 3.442225 -1.3420981
159 491.29109 390.66129 0.52377562 0.0031735842 0.075215018 25 0 234 1.0876353 -0.091208233
160 459.44614 392.44729 0.58322747 0.46527244 -0.05822328 25 0 1759 5.1612257 -1.7818821
161 430.14827 392.79999 0.68834873 -0.094589091 -0.13868334 25 0 2841 7.8139039 -2.2321702
162 34.882959 395.47629 0.69141338 0.11122516 0.029771556 25 0 666 1.7482651 -0.60651821
163 221.44502 400.45893 0.55918997 -0.39458505 -0.10521652 25 0 6616 18.790307 -3.1848347
164 351.94825 402.60628 0.60146544 0.36676797 -0.30690558 25 0 672 1.9122284 -0.70384944
165 250.52086 408.017 0.70319619 0.38186802 -0.32254377 25 0 760 1.8996805 -0.69670142
166 387.38364 407.67492 0.53287651 -0.27046592 -0.35401655 25 0 430 1.4863795 -0.43032428
167 247.85274 411.74909 0.63371524 0.228475 -0.12459802 25 0 2115 5.883543 -1.9240973
168 469.45641 412.14288 0.76486066 0.2295788 -0.16858659 25 0 455 1.2575902 -0.24884782
169 79.832614 416.87408 0.71677352 0.0774653 -0.20792798 25 0 1141 2.9290563 -1.1668193
170 103.84345 418.40413 0.63089922 -0.010317734 -0.13872012 25 0 2265 6.1345341 -1.969454
171 160.70892 430.08244 0.7857492 -0.049150085 -0.57233081 25 0 479 1.1053611 -0.10876042
172 128.11484 437.3502 0.70083758 0.32164615 -0.046265694 25 0 1232 3.1151378 -1.2336932
173 154.64857 436.39782 0.57655525 0.73925415 0.013918736 25 0 1901 5.2573478 -1.8019168
174 227.92367 439.88974 0.6725633 -0.11768253 -0.31939208 25 0 1332 3.6633397 -1.409693
175 486.89585 439.84166 0.25383701 0.13158437 -0.073166423 25 0 58463 214.95785 -5.8308833
176 340.5412 441.82846 0.66210452 -0.320113 -0.31859995 25 0 3320 9.0331971 -2.3896037
177 9.9640488 444.89932 0.70739318 -0.1898693 -0.047882105 25 0 399 1.1562767 -0.15765439
178 240.98808 444.26063 0.52887716 0.2312997 0.13724413 25 0 968 2.8461815 -1.1356565
179 87.078539 446.13443 0.72723431 0.07116324 -0.2116006 25 0 17892 46.938533 -4.1788238
180 458.67405 453.24669 0.62196248 -0.50169483 -0.41798166 25 0 278 1.1186697 -0.12175465
181 136.33452 453.52017 0.42766935 0.57897773 -0.15693067 25 0 1019 3.58851 -1.3872854
182 472.91212 456.41797 0.66834111 0.059826016 0.016881877 25 0 2215 6.2829236 -1.9954045
183 306.95385 460.04305 0.62691285 -0.10203079 -0.3356551 25 0 770 2.3203959 -0.91390524
184 430.96443 461.2648 0.71849126 -0.022169946 -0.13236934 25 0 485 1.409169 -0.37240768
185 357.99657 464.96895 0.6833489 -0.10566938 -0.26138352 25 0 1491 4.2064396 -1.5597866
186 52.189615 465.70062 0.68262272 0.010528414 -0.10650495 25 0 6535 17.735942 -3.1221356
187 145.07711 466.95325 0.73180849 -0.012514827 -0.25067142 25 0 1528 3.9975655 -1.504489
188 423.41912 468.47324 0.51866545 0.54530236 -0.17941654 25 0 58433 169.78582 -5.5747536
189 400.81593 470.82218 0.65097342 -0.12339242 -0.21729473 25 0 302 1.0121816 -0.013146147
190 206.82364 475.05781 0.71096583 -0.070437038 -0.22194156 25 0 6198 16.569914 -3.0483006
191 424.69393 476.23112 0.700672 -0.10183787 -0.10372032 25 0 520 1.3974273 -0.3633231
192 338.3058 476.94484 0.66608798 -0.41320366 -0.46551095 25 0 581 1.7323016 -0.59655876
193 256.90201 478.43697 0.63726668 -0.063346232 -0.042157644 25 0 3221 8.9492264 -2.3794637
194 110.07441 478.8772 0.72699737 -0.42041963 -0.27159801 25 0 562 1.4582287 -0.4095641
195 134.88734 484.3274 0.6716654 0.09544982 -0.29720524 25 0 981 2.6203778 -1.0459098
196 334.1922 483.65452 0.61631641 0.17131746 -0.22986339 25 0 464 1.4751023 -0.42205534
197 59.925934 489.66707 0.67120542 0.28013494 -0.093166375 25 0 1188 3.2856785 -1.2915627
198 235.98974 499.22147 0.58044305 0.27280187 0.11236997 25 0 420 1.2297709 -0.22456051
199 63.272713 504.79407 0.5366564 0.51529803 0.17205024 25 0 322 1.1309588 -0.13361694
200 111.79789 506.29859 0.68562866 -0.5451942 -0.04236487 25 0 692 1.7587251 -0.61299491
201 157.26628 506.62663 0.68964657 0.4676056 -0.12012509 25 0 527 1.3142736 -0.2967145
202 112.78465 510.06372 0.71267326 -0.22605463 -0.39372446 25 0 937 2.3468757 -0.92622523
