id xcentroid ycentroid sharpness roundness1 roundness2 npix sky peak flux mag
1 326.90517 5.5530427 0.68730878 0.33124243 0.19648763 25 0 763 2.0990008 -0.8050315
2 336.04918 7.8104414 0.78507794 0.54900607 -0.0022668212 25 0 423 1.1608903 -0.16197795
3 458.46784 8.6063351 0.56653653 0.74592938 0.23424736 25 0 400 1.4960443 -0.43736112
4 138.74296 12.863159 0.63595499 0.015474844 -0.2239641 25 0 540 1.6538996 -0.54627288
5 364.52565 14.034687 0.70620063 0.31536022 -0.11568224 25 0 793 2.1888904 -0.85056004
6 53.853617 14.910375 0.75482482 0.072949434 8.8889642e-06 25 0 17557 46.439168 -4.1672111
7 1.3181342 16.558673 0.62897926 0.33946539 0.15283707 25 0 5038 14.53894 -2.9063319
8 437.97161 17.190583 0.73771685 -0.070323244 -0.006445233 25 0 823 2.4398013 -0.96838615
9 497.11103 16.926805 0.73813447 0.13961183 0.012228239 25 0 32280 86.430122 -4.8416628
10 383.76336 35.513363 0.68417134 0.39796709 0.3082148 25 0 534 1.524904 -0.45810629
11 483.31232 35.567908 0.62148227 -0.38400482 -0.080927397 25 0 253 1.046878 -0.049740161
12 156.26712 38.269237 0.58314004 0.13927776 -0.10269077 25 0 452 1.3818701 -0.35116807
13 143.1082 42.575231 0.6379228 0.044618563 0.12078327 25 0 592 1.7110526 -0.58315838
14 216.12915 43.596096 0.63899427 0.4055405 0.23182375 25 0 1194 3.3237756 -1.3040792
15 235.58344 44.371658 0.6258821 -0.38083276 -0.075942437 25 0 2333 6.5168203 -2.0350894
16 376.24077 45.458968 0.61106138 0.22327324 -0.059228027 25 0 512 1.5979257 -0.50889148
17 354.18992 46.408323 0.35564195 0.33583448 0.013478641 25 0 58826 201.5397 -5.7609015
18 95.915855 46.70582 0.68042135 0.37073079 0.034235609 25 0 646 1.8718927 -0.68070237
19 140.87621 48.674709 0.69741478 0.20378445 0.041751428 25 0 5819 15.81131 -2.9974196
20 429.811 49.793626 0.71133737 0.24567714 0.11387231 25 0 1161 3.3150282 -1.3012181
21 276.44846 55.612617 0.43212447 -0.33038881 -0.051621003 25 0 331 1.0625162 -0.065838862
22 500.25253 55.704453 0.70399282 0.026370984 0.11554926 25 0 828 2.4901917 -0.99058196
23 323.83232 56.853487 0.68923177 0.13311798 -0.022200539 25 0 1929 5.3539814 -1.8216921
24 171.79852 61.815022 0.65611357 0.33694806 0.10932181 25 0 425 1.1756779 -0.17572089
25 472.8701 63.345071 0.69420023 0.1937863 0.091350617 25 0 1597 4.5331404 -1.6409979
26 27.133118 67.729923 0.73832829 -0.34497408 0.11972016 25 0 466 1.3159022 -0.29805901
27 379.16737 67.658352 0.65346397 0.5308428 0.20648749 25 0 355 1.0731599 -0.07666113
28 60.903515 69.762823 0.76755815 0.20999302 0.025035496 25 0 804 2.1675507 -0.83992317
29 84.109542 69.493377 0.65205899 -0.56913641 0.31816303 25 0 443 1.2584983 -0.24963159
30 199.08949 69.866496 0.5967382 0.16447722 0.1961889 25 0 477 1.3935033 -0.36027004
31 462.45303 70.281608 0.64459983 0.37452061 -0.094471152 25 0 1530 4.5034938 -1.6338739
32 141.89948 71.44272 0.57990187 0.23579841 -0.16216475 25 0 442 1.3186571 -0.30032971
33 501.25527 71.037841 0.74207933 -0.26740538 -0.11435359 25 0 495 1.5656398 -0.48672964
34 27.255745 71.543174 0.66417509 0.030144244 0.19853675 25 0 439 1.3346887 -0.31344993
35 447.71756 71.954099 0.66377463 0.10345258 -0.16168239 25 0 612 1.9057116 -0.70014296
36 85.22503 74.681239 0.63184818 -0.094447927 0.048698903 25 0 1673 4.8769002 -1.7203597
37 498.36098 78.794117 0.59920928 -0.076222894 -0.10405779 25 0 931 3.0565138 -1.2130659
38 380.2001 82.921796 0.69015465 0.063416825 -0.044669372 25 0 3993 11.052702 -2.6086711
39 0.53069846 85.756807 0.63208943 0.082224477 0.006640483 25 0 677 2.0365019 -0.77221206
40 149.34006 86.445021 0.62374268 0.42599266 0.16093441 25 0 493 1.3162806 -0.29837119
41 121.47853 90.011458 0.6670463 0.046863047 -0.278457 25 0 674 1.8228551 -0.65188037
42 174.23165 90.15611 0.74378326 0.17280273 0.019711114 25 0 477 1.0714257 -0.074905122
43 184.43957 96.843452 0.58030683 0.0801822 -0.34394191 25 0 521 1.5363122 -0.46619873
44 313.30301 97.264189 0.67530871 0.043942211 -0.097390084 25 0 1498 4.0910736 -1.5295932
45 317.22813 99.031245 0.74974679 -0.085207828 -0.040829917 25 0 1925 4.826171 -1.7090068
46 215.55395 100.2048 0.62344034 0.2919275 -0.11879032 25 0 1685 4.5789908 -1.6519244
47 83.103378 104.58638 0.64296608 0.30441747 0.14459739 25 0 3667 10.127489 -2.5137544
48 145.23878 104.20785 0.70363007 0.09816812 0.04418331 25 0 522 1.284901 -0.27217419
49 481.35309 103.73799 0.57083137 -0.21219422 -0.17875925 25 0 308 1.2210547 -0.21683778
50 326.24596 105.96997 0.6613526 0.085983561 -0.16792899 25 0 404 1.0223689 -0.024019099
51 361.9586 115.35721 0.59692084 0.086868255 0.048185217 25 0 664 1.860491 -0.67406891
52 248.60939 117.47451 0.5922952 0.63045216 -0.080463265 25 0 14589 41.081805 -4.0341238
53 266.01392 117.40534 0.72161289 0.19895318 0.21027829 25 0 1230 3.0375763 -1.206318
54 276.04261 118.89437 0.69871014 0.12427961 0.001282162 25 0 2341 6.2650079 -1.9923041
55 332.72997 118.4706 0.61263626 0.49196466 0.020466296 25 0 1191 3.2574214 -1.2821848
56 477.91647 119.87959 0.8023456 0.26111307 0.080268729 25 0 529 1.486931 -0.43072707
57 127.59929 121.0266 0.77915878 -0.083409202 -0.090998318 25 0 565 1.3041558 -0.28832367
58 228.04841 120.63426 0.73200783 -0.29502351 0.33209784 25 0 611 1.4413065 -0.39689088
59 182.56396 122.11839 0.69915259 0.11262157 -0.046236754 25 0 546 1.3012444 -0.28589718
60 80.414618 122.67946 0.6218017 -0.23439511 -0.080006664 25 0 525 1.4497563 -0.4032375
61 179.89375 124.16514 0.68896394 -0.00080338678 -0.052854039 25 0 2384 6.3539279 -2.0076057
62 508.01802 124.28324 0.79716481 0.14056337 0.13038574 25 0 425 1.212933 -0.20959204
63 12.408707 126.03763 0.62644643 -0.055616499 -0.37619386 25 0 475 1.5001383 -0.44032826
64 203.89492 129.59766 0.64869387 0.17457666 -0.0037689179 25 0 1953 5.4264965 -1.8362988
65 35.077635 131.27742 0.75378253 0.14258335 0.058542001 25 0 1511 3.9737543 -1.4980025
66 7.4668076 131.92303 0.67299548 -0.49583532 -0.14104 25 0 403 1.1479928 -0.1498479
67 281.24017 132.87571 0.66718029 -0.063912255 -0.11525762 25 0 600 1.5166656 -0.45222458
68 423.90101 140.82917 0.70707721 0.19355207 0.010498424 25 0 14827 40.457596 -4.0175002
69 326.70748 146.41047 0.63290526 0.53446893 0.13826651 25 0 2884 7.8681868 -2.2396867
70 42.382557 147.51321 0.57262144 0.8278622 -0.082730635 25 0 658 1.9111337 -0.70322768
71 25.464955 151.53671 0.57309553 -0.72942552 -0.067044388 25 0 487 1.4499307 -0.40336812
72 510.95228 152.51004 0.88593235 0.44124112 0.55265381 25 0 2239 5.4371077 -1.8384198
73 125.30542 160.97171 0.63884822 -0.2062695 -0.10493682 25 0 590 1.5246176 -0.45790234
74 413.8224 162.3578 0.65418362 0.02365486 0.061699154 25 0 54536 152.61536 -5.4589956
75 234.18181 166.54966 0.59944001 0.65054388 0.081350487 25 0 616 1.6687908 -0.55600476
76 453.08616 165.7306 0.66433732 -0.12406503 -0.016830612 25 0 633 1.8668879 -0.67779557
77 181.17263 170.00113 0.61843905 0.32213959 -0.016952041 25 0 655 1.7377653 -0.59997779
78 61.263123 173.77991 0.64536533 0.20102521 0.040812793 25 0 421 1.1811299 -0.18074415
79 506.17032 174.05788 0.73906836 0.12632988 0.014666181 25 0 8102 21.804831 -3.3463818
80 253.87231 174.84917 0.70011837 0.13345362 0.0063522024 25 0 2284 6.0718147 -1.9582963
81 374.28245 174.55892 0.61655262 -0.06538512 0.11188494 25 0 578 1.6727542 -0.55858034
82 191.90623 175.7028 0.63419964 0.33098082 0.1337777 25 0 1149 3.1533753 -1.2469392
83 180.39019 178.28476 0.66041111 0.24944611 -0.092855644 25 0 1684 4.350572 -1.5963659
84 449.05474 183.33098 0.68540557 0.13973047 0.06771871 25 0 3108 8.5990551 -2.3361268
85 44.490405 184.27719 0.58797629 -0.2861004 -0.03516613 25 0 739 2.0690232 -0.78941343
86 142.73307 184.32713 0.672507 0.14903833 0.068758401 25 0 1929 4.9538441 -1.7373558
87 510.72402 185.10219 0.82663646 -0.097125881 -0.0094471812 25 0 883 2.2979534 -0.90335305
88 438.97323 185.63262 0.74021154 0.29344411 0.10475716 25 0 724 2.0061961 -0.75593343
89 254.46777 187.05712 0.61330767 -0.16070925 -0.22818557 25 0 1132 2.978984 -1.1851704
90 449.5825 188.38414 0.59199527 0.23953425 -0.028005835 25 0 835 2.555715 -1.018781
91 217.11144 189.76988 0.66132738 0.087631088 0.10082569 25 0 842 2.1253952 -0.81859923
92 99.3477 190.84993 0.67321909 0.012647873 -0.041043165 25 0 41546 114.60253 -5.1479856
93 149.10496 192.14946 0.71287853 0.25313541 -0.16485983 25 0 562 1.2801691 -0.26816837
94 448.5393 196.37384 0.9243296 0.36218363 -0.079471013 25 0 552 1.2992495 -0.28423142
95 482.92912 200.14657 0.7174549 0.134726 -0.05996236 25 0 692 2.0322683 -0.76995262
96 195.90387 202.79223 0.61282286 0.17886592 0.086144481 25 0 728 2.0043127 -0.75491368
97 94.566324 204.91653 0.68293675 -0.31192893 -0.353676 25 0 673 1.7050818 -0.57936304
98 433.67965 204.67396 0.52013849 0.21174988 0.21000781 25 0 271 1.025301 -0.027128474
99 497.40829 206.25094 0.68744894 0.7211063 -0.097712549 25 0 641 1.8875366 -0.68973845
100 40.261684 214.25811 0.74535243 0.57275826 0.011444923 25 0 503 1.1102188 -0.11352141
101 42.403054 215.66781 0.76560597 0.89375502 0.2001687 25 0 517 1.1827407 -0.18222385
102 453.78514 216.24514 0.48765275 -0.37995337 -0.37812647 25 0 1031 3.5990841 -1.39048
103 15.735179 217.44137 0.66897525 0.61738909 0.19518144 25 0 1870 5.1290154 -1.775085
104 354.25279 218.48978 0.60474342 -0.10811141 0.10058273 25 0 1468 4.181795 -1.5534068
105 284.3327 220.69132 0.58297375 -0.38518942 -0.067281087 25 0 802 2.223023 -0.86735988
106 178.50111 222.06526 0.71277301 0.14106114 -0.13132669 25 0 1193 2.9166252 -1.1622015
107 507.51091 224.96284 0.6430107 -0.015770001 -0.1507901 25 0 4643 13.17834 -2.7996518
108 267.77662 227.46658 0.59170147 -0.065899057 0.057943392 25 0 2832 8.0716042 -2.2673996
109 380.02042 229.39313 0.6639882 0.20659164 0.11253438 25 0 4880 13.592633 -2.833259
110 450.17466 230.06104 0.70985492 0.13829672 -0.0087328964 25 0 16443 44.696771 -4.1256904
111 355.00775 231.70275 0.68454313 0.25038097 0.16671321 25 0 1252 3.3580579 -1.3152205
112 208.24878 238.19178 0.67984921 0.30650652 -0.049064722 25 0 868 2.2206825 -0.86621617
113 268.38417 239.04927 0.65408093 0.26937346 -0.12154631 25 0 882 2.2982559 -0.90349596
114 58.884159 242.34361 0.61345972 0.13971947 0.27583048 25 0 457 1.2002822 -0.19820842
115 459.46419 241.58485 0.61436848 -0.30268357 -0.023076266 25 0 1734 5.0845843 -1.7656386
116 456.3267 254.96989 0.68245474 0.15284916 -0.041266039 25 0 8193 22.623506 -3.3863998
117 232.00208 255.72091 0.67944137 0.12593757 0.058169347 25 0 5801 16.022607 -3.011833
118 4.2248185 256.54288 0.73866416 -0.098610833 0.02356756 25 0 1164 2.8489563 -1.1367145
119 294.05675 258.11862 0.69602196 0.090394256 -0.089631905 25 0 552 1.3883178 -0.35622221
120 359.762 264.3588 0.61051949 -0.15820273 0.003117966 25 0 399 1.1307253 -0.13339276
121 132.86228 266.00821 0.69919833 -0.18294704 -0.29053302 25 0 467 1.0629515 -0.066283608
122 61.209431 276.58554 0.65146415 0.67131105 0.16528427 25 0 1481 3.9860843 -1.5013662
123 117.63 278.01374 0.60908946 -0.082054596 0.28567157 25 0 402 1.0196095 -0.021084735
124 75.466976 285.79376 0.60184959 -0.35511693 -0.075205571 25 0 761 2.056343 -0.7827389
125 375.89252 287.921 0.73583151 0.093134968 0.00075321333 25 0 7064 18.865693 -3.1891819
126 188.43649 289.35532 0.56643733 -0.46441383 -0.20535271 25 0 839 2.3058069 -0.90705734
127 95.341164 290.44048 0.6071763 0.59810298 0.093932476 25 0 1172 3.2273129 -1.2721027
128 67.033198 290.64945 0.67460557 0.23076508 0.12075921 25 0 1504 4.0935356 -1.5302464
129 350.18822 292.66379 0.62056186 -0.041159031 0.079080765 25 0 481 1.4222872 -0.38246823
130 481.58797 292.66157 0.57995155 0.37310782 -0.038577077 25 0 628 2.2164399 -0.8641399
131 19.655083 295.49268 0.67590051 0.35660469 0.0057700751 25 0 515 1.3840813 -0.352904
132 164.3577 300.12159 0.62521729 0.16423961 -0.060282223 25 0 555 1.533227 -0.46401617
133 78.802546 306.1468 0.73559114 -0.05528541 -0.035906451 25 0 1568 3.9230062 -1.4840475
134 426.595 305.93339 0.7398849 -0.40280583 -0.08375179 25 0 428 1.2189277 -0.21494483
135 222.40102 311.75142 0.72332099 0.062101351 -0.13355703 25 0 936 2.3326093 -0.91960499
136 454.33659 311.59753 0.66980789 -0.18665994 0.18815611 25 0 927 2.6671969 -1.0651377
137 141.50999 316.4283 0.58334446 0.79176142 0.039105201 25 0 2973 8.4703234 -2.31975
138 1.8940998 318.24953 0.75610506 -0.20405488 0.01283326 25 0 1167 2.811378 -1.1222981
139 17.560049 318.2036 0.67552828 -0.078609079 -0.10383098 25 0 2408 6.6047788 -2.0496457
140 191.08882 326.11641 0.67694599 0.27828567 0.031260223 25 0 456 1.1493749 -0.15115426
141 334.01817 328.15114 0.5769839 -0.078355279 -0.039971579 25 0 616 1.8840418 -0.68772632
142 24.138719 335.51757 0.67182159 0.41484212 0.17768829 25 0 5107 13.965562 -2.8626461
143 291.22568 335.52076 0.61796261 0.47757717 0.20063354 25 0 507 1.4026945 -0.3674077
144 34.338261 336.46779 0.65108021 0.53608282 0.080028378 25 0 12387 34.450977 -3.8430039
145 384.04471 335.71896 0.74587523 0.10314036 0.080401686 25 0 603 1.6576411 -0.54872629
146 267.60399 336.98105 0.62940971 -0.2954539 -0.29885223 25 0 863 2.4379176 -0.96754754
147 80.544223 337.57178 0.64325395 0.39068554 0.050168328 25 0 945 2.5054609 -0.99721906
148 492.48098 343.35745 0.76507459 -0.14483313 0.16931218 25 0 964 2.4677629 -0.98075857
149 364.47353 349.35556 0.67817695 0.40190066 0.012035348 25 0 689 1.9121478 -0.70380362
150 243.5537 353.05996 0.64888729 -0.034675499 -0.15588046 25 0 5495 15.452458 -2.972494
151 385.66814 354.39872 0.6894504 -0.21613032 0.037713861 25 0 1027 2.7637203 -1.1037352
152 25.573111 355.49148 0.596254 -0.34041546 0.03729533 25 0 772 2.300604 -0.90460466
153 16.037428 355.66488 0.75842195 0.33331687 0.068673223 25 0 596 1.5431239 -0.47100198
154 302.51045 357.00815 0.65472357 -0.012621557 -0.19286424 25 0 26086 72.486631 -4.6506448
155 25.877219 359.2969 0.7510238 -0.33083701 0.075260613 25 0 1525 3.8286335 -1.4576095
156 26.953614 362.76504 0.85934089 -0.64429501 0.14405092 25 0 763 1.7856115 -0.62946745
157 418.52722 364.04969 0.6586155 0.071206043 -0.18032985 25 0 1863 5.3342897 -1.8176915
158 229.83656 366.06555 0.68118957 0.048052755 -0.074287189 25 0 1807 4.9534638 -1.7372725
159 281.96205 367.27371 0.70010172 0.064353138 0.072179168 25 0 3221 8.7814769 -2.3589189
160 431.60277 368.4653 0.66603705 -0.28294375 -0.0043302824 25 0 1032 3.0038569 -1.1941981
161 99.444958 368.83482 0.64421748 0.24938206 -0.19324209 25 0 4871 13.588639 -2.8329399
162 142.36395 369.68464 0.74252677 -0.2956175 -0.14064795 25 0 491 1.1698384 -0.17031468
163 503.36613 370.49074 0.61959269 0.50727078 0.0939214 25 0 8253 23.913225 -3.4465954
164 26.676755 371.8669 0.66699439 0.17303052 -0.15529119 25 0 453 1.1786749 -0.17848512
165 6.8763077 375.54787 0.72587355 0.60433355 0.20617217 25 0 769 2.0081399 -0.75698491
166 369.88653 381.61235 0.69464652 0.28102957 0.088393211 25 0 3733 10.347681 -2.5371076
167 78.718355 383.05134 0.70188647 0.021879532 -0.08899485 25 0 4156 11.320899 -2.6347023
168 124.52874 384.59394 0.71900332 -0.45724184 -0.162226 25 0 595 1.466248 -0.41551858
169 231.15907 386.06495 0.70953099 0.13954908 0.091727905 25 0 723 1.9844284 -0.74408861
170 488.02895 387.07776 0.8859222 -0.35457647 0.29813959 25 0 752 1.8660611 -0.67731462
171 104.27081 387.67946 0.66520212 -0.037372391 0.086081838 25 0 407 1.070976 -0.074449356
172 9.00007 388.97877 0.74023267 0.26099255 0.080994012 25 0 1197 3.1607156 -1.2494635
173 148.49412 388.9089 0.66015181 0.089555928 -0.16760858 25 0 1412 3.9222706 -1.4838439
174 488.61785 390.47153 0.63257506 -0.26774804 0.17741442 25 0 1831 5.3777086 -1.8264932
175 459.37098 390.86196 0.71401558 -0.14152713 -0.078969552 25 0 2722 7.5430699 -2.1938703
176 64.015198 393.94572 0.71415409 0.23591271 -0.089474603 25 0 646 1.6884279 -0.56870631
177 250.55266 398.79582 0.62965699 -0.23579993 -0.19721296 25 0 7473 21.233701 -3.3175642
178 381.07474 400.66079 0.79506095 -0.036566607 0.068827683 25 0 879 2.2773367 -0.8935681
179 279.55173 406.26747 0.67472783 -0.065432886 -0.1533548 25 0 726 2.0399404 -0.77404372
180 416.49709 405.59805 0.58360367 0.63283938 -0.0038823147 25 0 388 1.3304299 -0.30997997
181 7.2694451 410.17294 0.77389316 0.11519901 -0.022198978 25 0 1138 2.9179884 -1.1627089
182 276.958 409.98529 0.70870546 0.10241641 -0.032829143 25 0 2321 6.4371062 -2.0217267
183 295.22368 409.4142 0.75727262 -0.21371448 0.20280108 25 0 378 1.0215701 -0.023170429
184 498.57828 410.11847 0.63169637 0.40724382 0.11247456 25 0 343 1.1973858 -0.19558527
185 109.01827 415.36366 0.70504963 0.50774366 0.27698889 25 0 978 2.6269906 -1.0486463
186 133.02296 416.89544 0.73571111 0.14020818 0.032810118 25 0 2706 7.166402 -2.1382529
187 308.82591 426.86612 0.78989184 0.19649121 0.020790851 25 0 498 1.3095215 -0.29278155
188 218.72666 433.67392 0.77128499 -0.18934991 0.062859109 25 0 464 1.1861166 -0.18531844
189 183.84131 434.86545 0.71246191 0.196677 -0.0118615 25 0 2600 7.0840096 -2.1256978
190 157.35859 435.68061 0.67495676 0.11787713 -0.040472732 25 0 1067 2.8876096 -1.1513462
191 406.16666 435.65729 0.73934157 0.2144013 0.12912517 25 0 353 1.1526797 -0.15427161
192 186.52647 437.72988 0.63299701 -0.037164592 -0.013815365 25 0 375 1.1337868 -0.1363285
193 257.04952 438.17139 0.73215923 0.075338337 -0.11529205 25 0 1354 3.7393713 -1.4319965
194 369.63069 439.9684 0.69340316 -0.025955318 -0.11041945 25 0 3531 9.8776567 -2.4866348
195 39.26525 443.22504 0.62256021 0.08618554 0.012845833 25 0 360 1.0906303 -0.094193917
196 270.11608 442.67893 0.77157195 -0.24171361 0.062487723 25 0 1362 3.5092317 -1.3630301
197 116.21939 444.58576 0.67168829 -0.013816647 0.058100878 25 0 14546 40.314051 -4.0136411
198 501.37463 445.00489 0.67390886 -0.27185241 -0.40138468 25 0 275 1.1091544 -0.11247998
199 487.92646 451.42878 0.93647939 -0.095284109 0.26220851 25 0 355 1.0240538 -0.025806954
200 502.20442 454.37923 0.67417223 0.31367229 0.089512452 25 0 2154 6.2685267 -1.9929137
201 404.55804 456.80484 0.58877779 -0.44640264 -0.043068 25 0 257 1.0093578 -0.010112868
202 336.14134 458.13958 0.63132897 -0.12517424 0.05752747 25 0 620 2.0476205 -0.77812365
203 387.26747 463.01563 0.73921104 0.015316681 -0.077605191 25 0 1449 3.9827374 -1.5004542
204 81.309628 464.16354 0.71975877 0.23306148 -0.069885362 25 0 6547 17.712479 -3.1206984
205 174.30785 465.3289 0.64571458 0.21861673 -0.0082448455 25 0 1158 3.4266247 -1.3371664
206 452.74823 466.48909 0.48473422 0.36317209 0.029064402 25 0 58527 186.4057 -5.676148
207 429.89508 469.00008 0.68195411 -0.096843209 -0.30150451 25 0 261 1.0110935 -0.011978253
208 236.02361 473.31378 0.72146775 0.11853032 0.047102938 25 0 5780 15.617822 -2.9840512
209 454.24635 474.31104 0.74626368 -0.25081978 0.11746441 25 0 480 1.4634604 -0.4134524
210 367.70891 474.88371 0.7472525 -0.15928457 -0.18259075 25 0 632 1.8614769 -0.67464416
211 139.29005 477.30053 0.62300719 0.14987999 -0.14361154 25 0 468 1.4596351 -0.41061072
212 286.10241 476.56573 0.65015829 0.026909925 0.078617944 25 0 3274 9.5314656 -2.4478992
213 363.4792 481.67215 0.70132374 -0.11024312 0.091455869 25 0 427 1.35991 -0.33377539
214 164.12284 482.53514 0.62209435 0.020262341 0.17978777 25 0 855 2.6795986 -1.0701743
215 89.065185 488.00783 0.74301814 0.15535143 -0.013671374 25 0 1289 3.4804697 -1.3540946
216 265.1854 497.45718 0.55578556 -0.12763268 0.19087843 25 0 323 1.1152102 -0.1183918
217 141.13907 504.6764 0.75186513 -0.049448716 0.19358625 25 0 658 1.6217979 -0.52499184
218 186.47815 504.81762 0.58634772 0.48052448 -0.096265734 25 0 414 1.2378124 -0.23163711
219 142.07168 508.52432 0.68469842 0.37523605 0.15166524 25 0 789 2.0676447 -0.7886898
