id xcentroid ycentroid sharpness roundness1 roundness2 npix sky peak flux mag
1 266.92367 15.014851 0.77920735 0.0087756376 -0.21936938 25 0 648.19897 1.5151856 -0.45116461
2 304.56815 23.515483 0.59536436 0.20866127 -0.20164127 25 0 431.9619 1.1704182 -0.17085267
3 377.95682 26.784038 0.75822739 -0.090475309 -0.11743547 25 0 641.72638 1.522424 -0.45633907
4 436.79573 26.942157 0.69532394 -0.25795829 -0.26198543 25 0 22763.344 50.48143 -4.2578291
5 323.93674 44.996875 0.82241703 0.202171 -0.22690681 25 0 431.61966 1.0478796 -0.050778514
6 156.25876 52.58643 0.56634058 -0.41416467 -0.10190015 25 0 824.97329 2.1980077 -0.85507304
7 175.78912 53.597056 0.58301086 -0.42999463 -0.086134516 25 0 1487.2089 3.6109807 -1.3940629
8 36.091272 55.749269 0.54689251 -0.40597327 -0.06840955 25 0 394.09048 1.1321365 -0.13474701
9 294.27216 55.698368 0.35991184 -0.48158948 -0.23172691 25 0 57036.77 161.02776 -5.5172519
10 80.969868 57.708445 0.64557914 -0.21091757 -0.19371856 25 0 3887.2512 8.9538438 -2.3800238
11 369.84683 59.339013 0.43973925 0.024035953 -0.12762805 25 0 444.99284 1.5555309 -0.47969657
12 263.94588 66.265253 0.63642982 -0.40856527 -0.197216 25 0 1128.3147 2.7915496 -1.1146134
13 439.9377 65.671082 0.67880717 -0.48718083 -0.26738362 25 0 623.49616 1.5935633 -0.50592328
14 412.78761 73.232159 0.69825423 -0.37816776 -0.17301248 25 0 1189.1535 2.7473295 -1.0972769
15 471.06772 75.592432 0.62157298 0.027462294 -0.0081744318 25 0 2634.7353 6.3601162 -2.0086626
16 1.1006473 78.597084 0.69472787 -0.8738401 -0.30884966 25 0 505.97368 1.2403932 -0.23389848
17 402.47167 80.005512 0.65595134 -0.32585956 -0.32992231 25 0 1322.497 3.260166 -1.2830993
18 387.62875 81.712019 0.55213999 0.31988669 -0.31932273 25 0 310.21004 1.0474522 -0.050335528
19 25.503809 83.531587 0.61621384 -0.70497003 -0.23866222 25 0 1095.7956 2.5785282 -1.0284297
20 437.96093 88.77328 0.77822282 0.012750389 -0.12915545 25 0 862.33505 1.8551501 -0.67094766
21 320.16082 92.577191 0.63690282 -0.30654798 -0.15400222 25 0 2404.4874 5.5575798 -1.8622143
22 89.119006 95.515873 0.50593863 -0.14901326 0.28386099 25 0 345.64343 1.02286 -0.024540455
23 460.35615 99.759481 0.66969478 -0.4473573 -0.23530517 25 0 17254.841 38.46038 -3.9625339
24 253.36255 106.66691 0.67147651 -0.53973825 -0.23914822 25 0 864.1449 1.9388725 -0.71887315
25 155.48948 109.46318 0.57437313 -0.61723815 -0.22179375 25 0 1077.3973 2.6681894 -1.0655417
26 257.30128 108.37268 0.58599368 -0.65114884 -0.0019400667 25 0 926.49061 2.3102866 -0.90916463
27 23.42146 113.43975 0.58839737 -0.0059652107 -0.25500484 25 0 2299.948 5.4659622 -1.8441666
28 85.139394 113.0698 0.61182323 -0.091470307 -0.23607835 25 0 394.53356 1.0014421 -0.0015645605
29 478.37791 116.28202 0.62587735 -0.071166367 -0.21312768 25 0 1504.7 3.5443333 -1.3738364
30 458.53238 119.72142 0.62366758 0.0067015982 -0.21899702 25 0 1460.316 3.5211775 -1.3667198
31 301.92498 124.94339 0.70658718 -0.29969077 -0.015133649 25 0 452.52299 1.1888263 -0.18779602
32 188.43579 126.69331 0.58551587 0.056179794 -0.285278 25 0 12099.568 28.589078 -3.6405004
33 205.96946 126.85045 0.739772 -0.030343532 -0.15881056 25 0 919.24435 1.902632 -0.69838701
34 216.05021 128.22837 0.61456763 -0.46816251 -0.25607953 25 0 1421.0718 3.4100175 -1.3318915
35 272.69394 128.02675 0.69648462 -0.18518127 -0.20248651 25 0 952.95347 2.2411741 -0.87618901
36 168.1705 129.86992 0.67845941 0.17149798 0.025233964 25 0 458.23912 1.0673555 -0.070772689
37 119.87094 133.32877 0.65821398 -0.57334415 -0.19150744 25 0 1586.4882 3.5008543 -1.3604351
38 486.96765 135.16157 0.68312372 -0.32920973 -0.16941137 25 0 1639.6998 3.85465 -1.4649624
39 143.84826 138.82366 0.62661673 -0.42700884 -0.28034807 25 0 1397.9602 3.261308 -1.2834795
40 363.71524 150.63462 0.58336044 -0.5654114 -0.036163954 25 0 7722.0395 18.270844 -3.1543965
41 266.60474 155.94765 0.67366296 -0.33483766 -0.31176028 25 0 2357.7035 5.1983102 -1.7896555
42 451.87401 162.60778 0.6102953 -0.070493591 -0.093230868 25 0 5731.9834 13.752309 -2.845939
43 353.68551 172.00609 0.64266661 -0.41234386 -0.33275668 25 0 38145.276 86.924441 -4.8478548
44 121.2619 179.14634 0.62467342 -0.094368694 -0.26333699 25 0 975.51279 2.2364125 -0.87387976
45 193.84539 184.21985 0.70181643 -0.40266582 -0.3015903 25 0 1531.6147 3.2583999 -1.2825109
46 313.93655 184.11592 0.65922318 0.19806843 -0.30614089 25 0 390.00584 1.0055026 -0.0059580036
47 445.98376 183.93565 0.69181211 -0.27423699 -0.19108979 25 0 6071.5893 13.820719 -2.8513266
48 131.89935 184.85665 0.69969766 -0.19262621 -0.085082122 25 0 849.31542 1.8180539 -0.64901688
49 120.37146 187.37749 0.49955561 -0.7517033 -0.17759442 25 0 992.56759 2.5033381 -0.99629879
50 82.539926 193.43949 0.6346584 -0.87383697 -0.25335955 25 0 1240.0392 2.696684 -1.0770751
51 388.85514 193.15595 0.67617698 -0.45287018 -0.27803798 25 0 2268.4286 5.1172828 -1.7725985
52 450.50066 195.09146 0.60283969 -0.57910624 -0.42974264 25 0 526.23337 1.4406445 -0.39639204
53 194.41264 196.43281 0.63253355 -0.85564896 -0.24876581 25 0 761.13113 1.6384201 -0.53606314
54 389.27295 198.17185 0.61954207 -0.37119865 0.14296153 25 0 654.85719 1.7528718 -0.60937541
55 156.99869 198.97468 0.65245407 -0.23146637 -0.042065127 25 0 608.32381 1.3034485 -0.28773472
56 39.488878 199.75893 0.64769697 -0.56799372 -0.27983028 25 0 30800.213 69.566255 -4.6059966
57 422.61455 210.12608 0.65205657 -0.46369045 -0.44038856 25 0 471.45242 1.2269243 -0.22204445
58 135.86369 211.98264 0.67047947 -0.46026075 -0.22827361 25 0 475.56388 1.0727581 -0.076254509
59 34.448242 214.04169 0.60707277 -0.49147674 -0.39720443 25 0 448.71903 1.2594198 -0.25042629
60 476.36141 213.94829 0.69581636 -0.47398602 -0.41334898 25 0 1206.5917 2.7214676 -1.0870079
61 436.96883 216.2306 0.75246898 0.13919269 -0.18254408 25 0 463.04873 1.0681606 -0.071591337
62 470.40803 220.03234 0.66270418 -0.3395876 -0.32108105 25 0 2348.1023 5.2901753 -1.8086752
63 393.36191 226.03377 0.61412497 -0.081836576 -0.29043778 25 0 776.23381 1.896841 -0.69507732
64 293.99878 228.05759 0.66728603 -0.22242432 -0.22347943 25 0 1282.1229 3.0112216 -1.1968568
65 224.23377 229.98926 0.69577162 -0.77592902 -0.37002202 25 0 571.27645 1.210829 -0.20770707
66 118.28275 231.21588 0.72280292 -0.0025342162 -0.09133568 25 0 824.79463 1.6794388 -0.56291049
67 447.04941 234.91678 0.6980404 -0.41931264 -0.2376504 25 0 4027.0926 8.8473961 -2.3670387
68 207.49711 236.65008 0.51708746 -0.074755086 -0.36906755 25 0 1858.0138 4.7043054 -1.6812388
69 319.82815 239.01618 0.66138257 -0.34956938 -0.27378946 25 0 3679.8619 8.4778199 -2.3207105
70 389.91884 239.77766 0.66103068 -0.25679452 -0.17313238 25 0 11526.667 26.188949 -3.5452952
71 294.72825 241.2265 0.61653414 -0.36404763 -0.27005817 25 0 852.45055 2.1991877 -0.85565577
72 148.18322 247.26984 0.71029586 -0.17389842 -0.18777867 25 0 568.93553 1.1693976 -0.16990552
73 208.10084 248.46782 0.52180862 -0.14211049 -0.28676975 25 0 505.61275 1.263467 -0.25390975
74 399.18058 251.28833 0.66176419 -0.085326343 -0.14047855 25 0 1509.4442 3.446916 -1.3435768
75 171.75185 264.89822 0.66932302 -0.22140687 -0.28700265 25 0 4319.845 9.6614835 -2.4626095
76 395.91751 264.76541 0.66410756 -0.22590226 -0.1600599 25 0 6109.923 13.704828 -2.842184
77 496.5348 266.32735 0.55257733 0.093212168 -0.1770351 25 0 1003.7706 2.4982266 -0.99407959
78 0.99690172 285.44113 0.63814339 -0.092138078 0.0019105637 25 0 1118.2277 2.66598 -1.0646422
79 15.189438 294.6365 0.79509956 -0.29616375 -0.0054208632 25 0 668.97659 1.3742132 -0.3451353
80 315.5678 297.47582 0.59301289 -0.73054733 -0.17461858 25 0 3906.4443 9.1408067 -2.4024613
81 128.4079 298.38881 0.51117718 -0.13045545 -0.21776896 25 0 605.36188 1.5367818 -0.46653049
82 35.098657 299.52005 0.60516635 -0.15882447 -0.06496161 25 0 718.49351 1.6106595 -0.51750934
83 6.8425608 299.52451 0.55184574 -0.1227434 -0.028821974 25 0 785.46484 2.0672388 -0.78847663
84 421.13795 302.4718 0.57128282 -0.66792995 -0.1849954 25 0 486.191 1.1651664 -0.1659699
85 18.482335 314.99257 0.65057151 -0.49484309 -0.44273071 25 0 982.29861 2.3292582 -0.91804408
86 161.95684 320.98298 0.64504173 -0.35417812 -0.39937485 25 0 773.29227 1.7341157 -0.59769516
87 393.87595 321.25842 0.65088905 -0.36005946 -0.15657704 25 0 834.31666 1.841443 -0.6628957
88 81.174549 325.57417 0.61236202 -0.016925333 -0.050052434 25 0 2439.6967 5.569146 -1.8644715
89 510.18692 335.81291 0.58487079 -0.6134197 -0.20902777 25 0 1267.6332 3.1612644 -1.2496521
90 230.87851 344.85195 0.85108631 -0.349942 -0.21848252 25 0 603.07001 1.0524531 -0.055506887
91 207.28404 346.22568 0.59359939 -0.30602809 -0.41096846 25 0 667.64836 1.4834757 -0.42820112
92 20.256868 346.35812 0.55383848 -0.5401868 0.020133551 25 0 662.91507 1.6250169 -0.52714468
93 432.18543 353.1442 0.77735709 0.37407547 0.19986861 25 0 884.74785 1.5981557 -0.50904774
94 304.0691 358.90067 0.60708111 -0.43970746 -0.1391871 25 0 631.30608 1.3908218 -0.35817869
95 183.35455 362.28857 0.62482574 -0.089975392 -0.21551028 25 0 4064.3576 9.2663788 -2.4172751
96 325.18104 364.06292 0.60474851 -0.38688804 -0.19757224 25 0 928.3302 2.2017529 -0.85692143
97 242.08518 366.54371 0.56761855 -0.23424716 -0.11417869 25 0 15615.217 36.760157 -3.9134434
98 357.88983 373.72276 0.62162175 -0.20305968 -0.27732898 25 0 1563.1145 3.5949026 -1.3892178
99 169.46592 375.32142 0.65397271 -0.75812303 -0.37301424 25 0 1217.5781 2.5681388 -1.0240462
100 221.57194 376.56122 0.52908666 0.11074651 -0.17816363 25 0 1882.5784 4.5462449 -1.6441321
101 510.50642 377.16865 0.60408518 -0.14951136 -0.090552897 25 0 533.35702 1.2278647 -0.22287629
102 39.132162 377.7262 0.69792393 -0.30200799 -0.15921596 25 0 4331.2416 9.4979416 -2.4440737
103 371.07519 378.01324 0.71155307 0.020529953 -0.068788176 25 0 1172.5642 2.5463344 -1.0147886
104 442.88517 380.26485 0.67223654 -0.38333049 -0.16613924 25 0 7670.1918 17.128281 -3.0842844
105 309.43777 391.19251 0.67355885 -0.14071731 -0.2453087 25 0 2855.2529 6.2013365 -1.9812132
106 18.351434 391.85896 0.6845503 -0.439894 -0.29256629 25 0 2975.2887 6.5971477 -2.0483905
107 170.82366 395.30645 0.72583105 -0.35240344 -0.34059268 25 0 623.71461 1.1183288 -0.12142374
108 87.965485 397.85406 0.78407141 -0.35365914 -0.26106406 25 0 1368.5158 2.5828878 -1.0302639
109 428.08257 400.2766 0.66519726 -0.17060506 -0.10248379 25 0 1762.8673 3.8432759 -1.4617539
110 398.65246 400.59982 0.56731957 -0.027340926 -0.13085288 25 0 1772.9637 4.0831078 -1.5274771
111 3.5205748 402.79143 0.87505122 -0.094851594 -0.17935058 25 0 550.93428 1.0093322 -0.010085314
112 190.12182 408.04895 0.69750889 -0.35642941 -0.25744509 25 0 6851.8348 14.969256 -2.9380006
113 320.64685 410.38329 0.61591781 -0.32911482 -0.28753391 25 0 636.58889 1.3157478 -0.29793165
114 219.34026 415.62259 0.53113673 0.59359796 0.17959695 25 0 504.05838 1.0535827 -0.056671529
115 216.61847 419.22619 0.62461403 -0.50580853 -0.31281243 25 0 1562.388 3.4756451 -1.3525886
116 503.69652 421.62422 0.65236195 -0.063382614 -0.17774992 25 0 2030.0196 4.4569317 -1.6225899
117 48.388139 424.32536 0.74184691 -0.61335044 -0.2585389 25 0 735.51765 1.4182853 -0.37940901
118 72.422457 425.79548 0.71544295 -0.63274039 -0.31381119 25 0 1862.1243 3.8037843 -1.4505397
119 123.25015 443.99886 0.66181681 -0.309366 -0.27563364 25 0 1909.5837 4.1003008 -1.5320393
120 96.664276 444.7654 0.61728594 0.21557681 -0.13760295 25 0 889.27416 1.8806449 -0.68576703
121 196.65232 447.47453 0.6615266 -0.89955845 -0.22410018 25 0 792.05858 1.4087879 -0.37211401
122 455.30912 447.64063 0.35590626 -0.62109218 -0.32461843 25 0 60297.044 157.10705 -5.4904892
123 309.11735 449.53074 0.60783443 -0.40680394 -0.083799692 25 0 2468.7258 5.5313716 -1.8570821
124 209.64537 451.83225 0.64523365 -0.32132085 -0.030624657 25 0 960.46203 1.7812835 -0.62683264
125 55.601086 453.47092 0.58447238 0.24097955 -0.13050381 25 0 9166.1664 21.261004 -3.3189594
126 441.42533 464.21548 0.71003664 -0.6808603 -0.24469172 25 0 1793.4716 3.6089041 -1.3934384
127 275.64016 467.63418 0.569494 -0.34982222 -0.42564589 25 0 600.88281 1.241518 -0.23488258
128 20.853083 472.99736 0.72403798 -0.23157437 -0.24313186 25 0 5326.8433 11.561165 -2.657504
129 326.68903 472.48888 0.50905976 -0.0081097974 -0.185176 25 0 918.53956 2.1669655 -0.83963001
130 113.54753 474.49835 0.64067003 -0.3389399 -0.19367891 25 0 928.35995 1.7691066 -0.619385
131 392.07833 476.4367 0.51559296 -0.26989694 -0.14389672 25 0 60143.307 153.0385 -5.4620018
132 175.60352 482.59058 0.58017746 -0.63712381 -0.076677423 25 0 3429.0294 7.774879 -2.2267341
133 307.08549 484.59426 0.47298649 -0.024000533 0.17936483 25 0 471.12288 1.0234397 -0.025155662
134 225.57551 485.99359 0.69889473 -0.4134184 -0.40352107 25 0 2542.0479 5.110544 -1.7711678
135 302.96909 491.19419 0.63414347 -0.34758838 -0.25798145 25 0 525.97174 1.0406586 -0.043270744
136 103.41802 491.70006 0.68867733 -0.22621377 -0.36655194 25 0 778.38569 1.4006933 -0.36585762
137 28.438418 496.94141 0.65080216 -0.38163711 -0.5736559 25 0 868.57908 1.9221259 -0.70945458
