id xcentroid ycentroid sharpness roundness1 roundness2 npix sky peak flux mag
1 344.00767 2.8725655 0.67694709 0.43328982 0.15796947 25 0 356.0705 1.5816046 -0.49774483
2 316.26582 5.450113 0.6570655 0.52329298 -0.0044115164 25 0 736.855 3.0905842 -1.2251015
3 325.51277 7.7289259 0.61785335 0.28058194 -0.08151931 25 0 299.5662 1.2653742 -0.25554746
4 447.86926 8.6850963 0.60161423 0.67594527 0.029956588 25 0 545.6763 2.5681482 -1.0240502
5 128.25341 12.848865 0.59678184 -0.35370667 -0.28372122 25 0 492.40863 2.242934 -0.87704125
6 353.85728 14.091756 0.65347613 0.11767407 -0.028196543 25 0 850.04405 3.672675 -1.4124563
7 43.304556 14.857837 0.67095805 0.044760149 -0.12034614 25 0 15560.946 66.199462 -4.5521362
8 427.22949 17.065375 0.78722168 0.38166593 -0.1143155 25 0 894.12689 3.3516591 -1.3131496
9 486.46862 16.965942 0.65867874 0.14011335 -0.21252141 25 0 27877.404 117.22602 -5.17256
10 352.84766 22.395223 0.564179 -0.084398745 -0.16510941 25 0 294.95173 1.3905529 -0.35796881
11 354.33743 27.551036 0.48289792 0.87354284 -0.04328114 25 0 175.88655 1.0545184 -0.057635358
12 231.8947 32.231645 0.5539255 0.15017196 -0.054479323 25 0 270.71699 1.2328991 -0.22731885
13 443.8641 34.703193 0.60598533 0.2187329 -0.33783143 25 0 224.82903 1.2286323 -0.22355479
14 373.27169 35.333902 0.44484017 0.18458907 -0.14562229 25 0 380.90652 1.9962419 -0.75053289
15 472.58746 35.529778 0.5639822 0.51668091 -0.10332758 25 0 412.39714 2.1799069 -0.84609486
16 145.67971 38.253619 0.69724819 0.17042784 -0.33885676 25 0 470.64356 1.8472315 -0.66630333
17 132.58904 42.265859 0.64120065 0.44943028 -0.011381373 25 0 474.79636 2.0149777 -0.7606756
18 205.49306 43.466775 0.59592181 0.76002064 -0.072999879 25 0 1028.2416 4.5874809 -1.6539357
19 224.9884 44.337289 0.64153999 0.21668323 -0.077884444 25 0 2440.0164 10.425465 -2.5452386
20 437.90234 44.034963 0.66152996 -0.14231395 -0.38311841 25 0 295.54185 1.3727006 -0.34393958
21 365.58151 45.437386 0.55537991 -0.16240595 0.034893225 25 0 469.88861 2.2248774 -0.86826522
22 343.50472 46.382175 0.42459431 0.60941828 -0.15078372 25 0 58807.789 277.00662 -6.1062254
23 409.30181 46.042831 0.73414107 -0.068171196 -0.19324398 25 0 312.12797 1.2702933 -0.25976002
24 85.302213 46.614393 0.49669229 -0.27771084 -0.16432067 25 0 467.87806 2.3916558 -0.94674669
25 268.77976 46.83122 0.64167036 0.85002675 -0.015078134 25 0 303.43766 1.3081229 -0.29162137
26 130.37421 48.573515 0.55761895 -0.062975811 -0.083243553 25 0 4383.772 19.784744 -3.2408261
27 173.31031 49.252553 0.60302221 0.34627197 -0.50887513 25 0 347.33949 1.6560397 -0.54767683
28 419.17092 49.803093 0.60863246 0.2166987 -0.024925437 25 0 1045.7647 4.7422485 -1.6899608
29 252.32149 54.445329 0.72840794 0.46716966 -0.067490725 25 0 290.29602 1.1678882 -0.16850321
30 265.98602 55.370205 0.56809934 0.10866921 -0.10480266 25 0 349.22248 1.6011982 -0.51111273
31 419.48991 55.345624 0.45820746 -0.21082994 -0.43004153 25 0 201.00347 1.1248069 -0.12769491
32 71.590575 56.142135 0.59615191 0.61671241 -0.012872944 25 0 271.66492 1.3693045 -0.34125007
33 489.54569 55.760002 0.70180258 0.41961019 -0.22643813 25 0 929.7571 3.7785638 -1.4433169
34 313.23216 56.807439 0.61185481 0.11786133 -0.2219108 25 0 1637.9408 7.3213626 -2.1614798
35 161.54714 61.739106 0.56826153 -0.24499192 -0.43733633 25 0 285.15433 1.3714241 -0.34292947
36 462.16436 63.428288 0.62766132 0.60107254 -0.003750992 25 0 1534.8492 6.7563519 -2.0742807
37 49.451049 64.610737 0.55692427 -0.18594321 -0.084639683 25 0 279.74477 1.4407445 -0.39646745
38 16.3684 67.542089 0.76544917 0.23579703 0.0027997825 25 0 401.27736 1.4987954 -0.4393559
39 368.13164 67.504354 0.5130454 0.54114712 0.018675226 25 0 245.56917 1.3634139 -0.3365693
40 73.418202 69.37617 0.48102473 -0.31017402 -0.24994031 25 0 331.90601 1.6737151 -0.55920382
41 50.457504 69.735284 0.64430561 -0.29236516 -0.21188461 25 0 595.95888 2.5933862 -1.034668
42 188.3625 69.950698 0.69294268 0.26052859 -0.17183619 25 0 322.79249 1.2542154 -0.24593035
43 451.76389 70.26633 0.66959235 0.076317586 -0.058424047 25 0 1644.4608 6.767886 -2.0761326
44 16.830913 71.479578 0.62271928 -0.49204106 0.26862979 25 0 428.63367 1.9024355 -0.69827485
45 131.30541 71.42712 0.64877225 0.47505538 -0.14057114 25 0 426.3874 1.7870207 -0.63032394
46 490.48647 71.114577 0.63490383 -0.053476224 -0.15507579 25 0 425.39071 1.900587 -0.6972194
47 437.06508 71.950299 0.66877658 0.023711976 -0.078637656 25 0 716.69023 3.1078054 -1.2311345
48 55.853405 73.922394 0.65835753 0.16243734 -0.41240314 25 0 229.07648 1.0712092 -0.074685697
49 74.689092 74.594647 0.64299307 0.50232623 0.028361347 25 0 1660.625 7.1548827 -2.1365063
50 332.80981 76.028234 0.80138027 0.21764106 0.053020544 25 0 313.52752 1.286642 -0.27364431
51 487.62901 78.793796 0.67582131 0.50468622 -0.069341062 25 0 1025.2667 4.3192968 -1.5885326
52 369.50026 82.950489 0.64975205 0.11457544 -0.20246437 25 0 3444.4513 14.638355 -2.9137307
53 138.67927 86.43607 0.53175907 -0.31857863 -0.26663442 25 0 363.19028 1.6753097 -0.56023778
54 453.9972 87.938555 0.65585092 0.36506269 -0.050535794 25 0 347.22114 1.6204569 -0.52409373
55 111.02112 89.952503 0.61643898 0.073958885 -0.12787187 25 0 698.46856 3.2972043 -1.2953646
56 163.80713 90.248136 0.44330183 0.45236302 -0.020510602 25 0 279.21733 1.5040283 -0.44314006
57 510.0493 89.68566 0.61489685 0.13041773 0.036462178 25 0 21980.816 98.342201 -4.9818498
58 173.99088 96.741608 0.57984749 0.23300436 -0.081979388 25 0 434.93303 2.0054808 -0.75554626
59 302.43569 97.334771 0.55515558 -0.11486987 -0.22913766 25 0 1050.022 4.7397892 -1.6893976
60 306.58461 98.97043 0.63602365 -0.034593909 -0.37886015 25 0 1449.5139 6.2059763 -1.9820253
61 204.86603 100.21137 0.64620747 0.15314987 -0.12025232 25 0 1699.1982 7.0801312 -2.1251033
62 72.556014 104.48493 0.56455327 -0.28016906 -0.09522803 25 0 3350.869 14.910501 -2.9337306
63 134.60223 103.9682 0.67676123 0.22278889 -0.073380592 25 0 399.16369 1.5761764 -0.49401205
64 470.67182 103.58098 0.64034527 0.373312 -0.013520824 25 0 440.95035 2.051786 -0.78033015
65 80.905299 105.54522 0.69971247 0.63177246 0.11706331 25 0 285.68125 1.2310401 -0.2256805
66 315.27845 105.91194 0.55501547 -0.073627583 -0.41838142 25 0 300.82059 1.4770831 -0.42351232
67 168.67824 109.95295 0.41339366 -0.21191037 -0.087538793 25 0 149.57038 1.0076691 -0.0082948498
68 508.36939 109.61 0.58087487 -0.076460767 0.017889549 25 0 1876.5489 8.2316321 -2.2887149
69 5.078383 111.64332 0.70746972 0.28050657 0.077181367 25 0 226.83228 1.0068367 -0.0073976059
70 351.21019 115.34924 0.60643296 0.71203088 -0.067922023 25 0 549.39069 2.5608021 -1.02094
71 237.93403 117.45213 0.60996239 0.19505061 -0.0076527298 25 0 15785.186 68.185126 -4.5842241
72 321.93828 118.55727 0.59057628 0.18120849 0.099774913 25 0 1025.4702 4.4360348 -1.6174874
73 265.45568 118.8309 0.59230963 -0.092367837 -0.20853384 25 0 1696.0204 7.490811 -2.1863221
74 467.38906 120.08651 0.64895279 0.045988872 -0.31236533 25 0 463.1682 2.1050451 -0.80815353
75 510.78482 120.3637 0.98473497 -0.09648957 0.36382278 25 0 379.96395 1.2708282 -0.26021709
76 116.90066 121.09248 0.62190923 0.44255609 -0.13195813 25 0 517.00379 2.3000587 -0.90434731
77 217.61913 120.67884 0.62288237 0.79128479 -0.040915861 25 0 523.69182 2.2621898 -0.88632259
78 332.43186 121.02678 0.66045584 -0.27437626 -0.15678739 25 0 268.73045 1.1953904 -0.19377438
79 170.98852 122.69632 0.55102093 -0.64706276 -0.18793641 25 0 364.37198 1.6173879 -0.52203546
80 69.732756 122.46766 0.70820622 0.50826279 0.059939803 25 0 581.60465 2.3033612 -0.90590512
81 169.39044 124.08875 0.64705145 0.17093602 -0.28533282 25 0 2104.5721 8.9751173 -2.3826003
82 497.39613 124.2071 0.70263837 0.25723867 -0.050412102 25 0 483.04741 1.9998207 -0.75247763
83 1.9820738 125.92311 0.76523099 0.27488301 -0.17648599 25 0 571.00219 2.2604534 -0.88548887
84 193.35427 129.41797 0.52952618 0.097604263 -0.013047028 25 0 1400.384 6.4322208 -2.0209024
85 24.523358 131.25215 0.61678588 -0.2135285 -0.20226274 25 0 1146.4621 5.0926827 -1.7673665
86 270.73247 132.75143 0.53257944 0.47812746 0.0069130904 25 0 443.0775 2.2745673 -0.89224698
87 490.32659 135.20833 0.75920998 0.18412246 -0.32240183 25 0 287.53128 1.1774436 -0.17735025
88 287.633 139.06583 0.67528528 -0.23308082 -0.44564578 25 0 285.42541 1.250998 -0.24314151
89 413.2541 140.81905 0.59476027 0.11503125 -0.12337516 25 0 11935.686 53.373669 -4.3183176
90 315.95872 146.51319 0.58027755 0.24333982 0.013618735 25 0 2611.2299 11.528018 -2.6543866
91 31.860764 147.53444 0.59869746 -0.082669169 -0.0035175981 25 0 716.60308 3.262431 -1.2838534
92 111.76574 149.26016 0.66562992 0.23163086 0.28229289 25 0 294.79543 1.4172907 -0.37864737
93 14.904706 151.59175 0.62896972 0.21079422 0.020419032 25 0 602.84368 2.6289331 -1.0494488
94 501.45085 152.79385 0.59745643 -0.037255307 -0.12428888 25 0 7372.8407 32.50203 -3.7797762
95 114.68042 160.98448 0.66574493 0.25919856 -0.13653912 25 0 533.30516 2.3365518 -0.92143855
96 403.1539 162.40329 0.61455479 0.42856716 -0.022354033 25 0 48720.161 210.35421 -5.807378
97 442.54762 165.80052 0.6296283 0.064975736 -0.33372698 25 0 501.93859 2.2095076 -0.86073873
98 223.44098 166.38265 0.53494149 0.35299021 0.025727538 25 0 389.00865 1.677156 -0.56143363
99 170.5634 170.00592 0.66487799 0.33817147 -0.18752537 25 0 1011.609 3.9293551 -1.4858032
100 50.805623 173.76561 0.67612208 0.4330076 -0.10611015 25 0 405.98942 1.774796 -0.62287113
101 495.47861 174.09815 0.66818616 0.21772057 -0.18222958 25 0 6790.2411 28.114216 -3.6223149
102 243.27305 174.92685 0.59088228 0.11491904 -0.19230307 25 0 1678.01 7.4167995 -2.1755414
103 363.4865 174.64202 0.50348259 0.055224621 0.031304134 25 0 464.13288 2.3306925 -0.91871244
104 181.29371 175.65427 0.59634712 0.5533659 -0.20652085 25 0 840.01129 3.737438 -1.431435
105 430.6247 176.82897 0.6365181 0.24025267 -0.20841461 25 0 390.7078 1.9350368 -0.71672306
106 19.018523 177.74424 0.77380349 0.27866803 -0.45572824 25 0 314.47491 1.2967227 -0.28211775
107 169.75878 178.36416 0.62398702 -0.042771236 -0.10367145 25 0 1505.361 6.298049 -1.9980151
108 39.254953 179.60551 0.54614538 0.036741285 0.0865274 25 0 204.72771 1.2276848 -0.2227172
109 160.66578 182.87157 0.44076497 -0.30471474 0.028729429 25 0 173.13823 1.0525498 -0.055606625
110 438.40826 183.4533 0.59992088 0.64336155 -0.10148132 25 0 2511.9806 10.826159 -2.586186
111 33.983509 184.32034 0.63019461 0.50513623 -0.11431175 25 0 749.76238 3.3575719 -1.3150633
112 132.16878 184.31405 0.59002583 0.46899048 -0.022814569 25 0 1715.4236 7.6393317 -2.2076384
113 500.13271 185.14871 0.59973964 0.011047223 -0.097097372 25 0 757.02365 3.3756866 -1.3209053
114 428.27715 185.66139 0.48936571 -0.12662269 -0.059421047 25 0 536.97001 2.847222 -1.1360533
115 7.6491773 186.92802 0.80177344 0.12927111 0.10265103 25 0 347.15322 1.384745 -0.35342448
116 243.92075 187.12631 0.62403571 0.22439067 -0.089994446 25 0 1129.1705 4.9293328 -1.7319704
117 438.81432 188.50169 0.63664077 -0.34176698 0.063221701 25 0 825.59984 3.3917381 -1.3260558
118 206.54426 189.79602 0.59351795 -0.1901317 -0.13343522 25 0 641.01448 2.8032949 -1.119172
119 88.761585 190.9196 0.66459172 0.20133617 -0.14225844 25 0 42632.539 181.48266 -5.6470879
120 138.48443 192.19762 0.66887551 0.25273856 -0.16565485 25 0 440.0709 1.745167 -0.60459247
121 269.7093 196.05355 0.45440849 0.27993667 -0.25233982 25 0 270.56243 1.4252277 -0.38471065
122 437.7549 196.24585 0.56552475 0.12302499 -0.12810124 25 0 284.22944 1.3636137 -0.3367284
123 472.15536 200.23898 0.63994608 0.023881203 -0.18596068 25 0 694.54185 3.1070618 -1.2308747
124 366.31156 202.10109 0.71623655 0.67377232 -0.10430659 25 0 361.29945 1.3907919 -0.35815542
125 399.20028 202.17212 0.66748305 0.33551172 -0.18072882 25 0 318.96743 1.2750968 -0.26385789
126 185.37361 202.81444 0.57243724 0.14326201 -0.079735201 25 0 544.47779 2.5618701 -1.0213928
127 483.61373 203.32339 0.57505799 -0.11068439 -0.033521461 25 0 175.34649 1.0607542 -0.064036853
128 215.74209 204.02976 0.75198476 0.28692205 0.11393092 25 0 363.08508 1.3172247 -0.29914969
129 83.745408 204.96608 0.67372418 0.23771982 -0.17144716 25 0 626.38644 2.6096654 -1.0414621
130 423.26104 204.75304 0.66480547 0.11925369 -0.30863712 25 0 307.60316 1.4606999 -0.41140253
131 486.53856 206.35412 0.60392698 -0.1338493 -0.17308903 25 0 603.84266 2.8148197 -1.1236265
132 164.43407 206.53132 0.73502498 0.54219881 0.014336906 25 0 264.72244 1.0289557 -0.03099168
133 432.77845 208.78591 0.66065971 -0.23987297 0.014207276 25 0 338.89549 1.5560897 -0.48008654
134 31.786624 215.29848 0.64044576 0.61288795 -0.1998448 25 0 424.40746 1.7982998 -0.63715527
135 442.87615 216.33226 0.64124847 0.056241608 -0.064798837 25 0 1043.7461 4.3074358 -1.585547
136 5.1218425 217.48431 0.65655142 0.42461872 0.080406889 25 0 1820.3277 7.6994314 -2.2161466
137 343.4128 218.49765 0.54067418 0.77169681 -0.1008498 25 0 1131.6999 5.0809641 -1.7648653
138 273.62337 220.47405 0.58410796 0.53996366 -0.0056319267 25 0 631.09025 2.7022487 -1.0793133
139 167.83015 222.07279 0.65950301 0.29676716 -0.22320586 25 0 1073.1068 4.3516392 -1.5966322
140 496.58141 224.98399 0.66238334 0.15080229 -0.18980849 25 0 4832.3705 20.203234 -3.2635523
141 237.70624 225.51365 0.57039365 0.74096055 -0.023485687 25 0 239.78638 1.0622438 -0.06556054
142 257.11696 227.35836 0.58643964 0.31790616 -0.094229212 25 0 2691.6456 11.980186 -2.6961589
143 2.7703655 229.54027 0.67531703 0.12736116 -0.066355559 25 0 337.446 1.5630731 -0.48494825
144 369.29821 229.50652 0.60099181 0.6013912 0.029554473 25 0 3864.4281 16.570287 -3.0483251
145 439.47197 230.10558 0.63464589 0.23330087 -0.23669722 25 0 13790.787 58.764979 -4.4227965
146 344.27388 231.77029 0.51417088 0.065732962 -0.15279451 25 0 929.21915 4.5570175 -1.6467017
147 508.34138 232.20096 0.4923112 0.17792728 -0.39351424 25 0 282.69802 1.5207947 -0.45517649
148 169.77233 235.29719 0.48563921 0.77751163 -0.083754828 25 0 202.16916 1.1135968 -0.11681998
149 197.49622 238.10155 0.69516983 -0.22207237 -0.50444378 25 0 734.83539 2.9005557 -1.156203
150 257.66488 239.12647 0.65627894 0.2471152 -0.22401422 25 0 778.03882 3.2775938 -1.2888878
151 48.14793 242.45057 0.63593998 0.7191454 0.10089312 25 0 421.31344 1.8419659 -0.66320396
152 448.60204 241.66129 0.58143267 0.59820232 -0.081657519 25 0 1704.6853 7.5672727 -2.1973485
153 34.583517 244.99428 0.55921076 0.13265221 -0.33371676 25 0 243.80304 1.2887696 -0.27543818
154 68.905659 252.77127 0.68326202 -0.20750022 0.21657453 25 0 246.09364 1.0511944 -0.054207586
155 503.1644 252.79748 0.57274732 0.74879254 -0.23632245 25 0 268.14362 1.3047521 -0.28882003
156 445.45163 255.03005 0.65395419 0.031320934 -0.21500502 25 0 7286.602 30.092145 -3.6961329
157 221.36355 255.60441 0.54207312 -0.028663902 -0.07070331 25 0 4141.6497 18.992206 -3.1964385
158 283.42668 258.10452 0.59722646 0.40798069 -0.20934793 25 0 400.1027 1.8076053 -0.64275901
159 348.86457 264.41009 0.69073344 -0.046305152 -0.11843394 25 0 400.45371 1.5776576 -0.49503188
160 122.10712 265.96553 0.66716976 0.10621217 -0.15151917 25 0 365.20481 1.3929428 -0.35983318
161 50.588995 276.48053 0.55061091 -0.1965715 -0.073124452 25 0 1156.0604 5.2307988 -1.79642
162 3.7428631 276.59664 0.51768228 0.66556658 0.25454665 25 0 244.47356 1.3482024 -0.32438777
163 43.771506 276.81995 0.77769129 0.0084315283 -0.38078509 25 0 302.17849 1.2189081 -0.21492741
164 107.15781 278.30005 0.49454803 0.12878234 -0.37102076 25 0 307.05616 1.7420119 -0.6026278
165 80.101234 279.3134 0.77196821 0.036926765 0.00036165826 25 0 253.4969 1.0120732 -0.013029777
166 232.85443 284.78533 0.56486131 -0.23145406 -0.15542897 25 0 291.8003 1.4460518 -0.40045965
167 64.837355 285.60147 0.64834581 0.45474951 -0.091355443 25 0 803.30415 3.3984727 -1.3282095
168 365.13121 287.88853 0.60126422 0.1245643 -0.11422498 25 0 5495.8686 24.657594 -3.4798767
169 177.83002 289.31988 0.61604464 -0.08658628 -0.096561852 25 0 871.07122 3.745014 -1.4336336
170 56.360362 290.67641 0.54694264 0.89002155 0.11648503 25 0 1022.0362 4.5820296 -1.6526447
171 84.633561 290.50944 0.51351692 -0.040501595 0.018072788 25 0 966.69077 4.5056639 -1.634397
172 339.43301 292.50829 0.48860467 0.62259632 -0.1134525 25 0 334.22081 1.6892418 -0.56922953
173 470.6926 292.71028 0.56905841 0.11958737 -0.15472166 25 0 717.04742 3.3113498 -1.3000127
174 9.1400516 295.47447 0.62908123 0.48962384 0.32498793 25 0 464.75949 2.1485262 -0.83035164
175 49.699606 297.85038 0.72057211 -0.22188659 -0.26387565 25 0 255.5098 1.0290491 -0.031090272
176 87.23731 299.99928 0.79113328 0.00044306571 0.063029897 25 0 341.09576 1.1404453 -0.14268614
177 153.78298 299.9884 0.60905399 0.11402641 -0.10026484 25 0 524.35342 2.4049439 -0.95276238
178 68.116279 306.11416 0.66800108 0.17837839 -0.13693244 25 0 1414.1222 6.0357771 -1.951833
179 415.8157 305.93038 0.77962839 0.075168731 -0.17988107 25 0 447.35208 1.6780931 -0.56204015
180 118.96944 308.31442 0.50997762 0.044716082 -0.3313859 25 0 236.14927 1.1400885 -0.14234642
181 211.66977 311.67406 0.59414718 0.26471446 -0.13238427 25 0 763.8134 3.5239571 -1.3675765
182 443.35167 311.54365 0.56924855 0.55267994 -0.10425436 25 0 854.36535 3.9120403 -1.4810083
183 130.94548 316.39863 0.56675239 0.44747079 0.099375004 25 0 2905.8428 12.883538 -2.7750878
184 6.9701412 318.14981 0.67173629 0.21013575 -0.10780642 25 0 2415.493 10.202307 -2.521746
185 218.04373 319.29202 0.5038586 -0.46782328 0.30272033 25 0 213.45469 1.202036 -0.19979368
186 52.92643 320.2521 0.55890745 0.778019 0.16975802 25 0 351.66845 1.4728577 -0.42040199
187 180.24124 325.93045 0.59229375 0.55530615 -0.18267682 25 0 321.68686 1.4126779 -0.37510784
188 447.92924 325.48888 0.52187338 0.52215081 0.21360833 25 0 255.58058 1.2375345 -0.23139327
189 323.19394 328.15111 0.61293499 0.38783407 -0.16276447 25 0 522.84707 2.1971593 -0.85465386
190 256.00353 330.97071 0.6489832 -0.23296061 -0.21981058 25 0 296.08247 1.3327304 -0.31185579
191 13.526526 335.36698 0.67211321 0.63876857 -0.15697772 25 0 4500.4079 18.227103 -3.1517941
192 23.659925 336.40815 0.61082963 -0.050823524 -0.065384793 25 0 11289.859 49.055457 -4.2267183
193 373.17566 335.75415 0.6724409 0.32940149 -0.37639861 25 0 442.77483 1.8003917 -0.63841753
194 256.79864 336.96097 0.62699688 0.37531379 -0.1916096 25 0 940.16506 4.197702 -1.557529
195 70.015629 337.38963 0.57946991 0.43760993 0.19035499 25 0 853.14565 3.7335786 -1.4303133
196 481.77471 343.22392 0.58260822 0.55714821 -0.080325713 25 0 815.40359 3.3984523 -1.328203
197 252.76802 346.62824 0.51435674 0.44286991 -0.078067312 25 0 338.27993 1.6632022 -0.55236265
198 353.59821 349.2985 0.59976587 -0.042057327 -0.18121893 25 0 641.49898 2.7852086 -1.1121443
199 468.52622 351.64584 0.56661341 -0.52881483 0.2057367 25 0 209.06052 1.0391076 -0.041651303
200 11.089389 352.59639 0.65972287 0.29658846 0.34381639 25 0 285.05345 1.219784 -0.21570738
201 232.90635 353.02321 0.5965377 0.090778522 -0.16179784 25 0 5025.1665 22.486365 -3.3797981
202 374.8208 354.38658 0.66558454 -0.045704032 -0.11213638 25 0 1049.2386 4.2806796 -1.5787818
203 14.976658 355.35357 0.68784047 -0.14761433 -0.1198043 25 0 898.93234 3.6195401 -1.3966335
204 486.47119 355.05159 0.70846876 -0.39485615 -0.24344659 25 0 338.34612 1.3170591 -0.2990132
205 5.3259352 355.62546 0.65512452 -0.0043782529 -0.080098086 25 0 442.00536 1.846295 -0.66575272
206 291.766 356.99847 0.6312203 0.13136263 -0.18162861 25 0 25937.066 112.21655 -5.1251423
207 229.36649 358.18582 0.61876567 -0.18959501 -0.15537976 25 0 246.7215 1.1417583 -0.14393542
208 15.215267 359.13198 0.70979488 -0.11192177 -0.14193355 25 0 1505.41 5.995586 -1.9445791
209 149.78328 358.86657 0.59892064 -0.64023714 -0.66465771 25 0 237.54323 1.06627 -0.069667978
210 436.2778 359.4949 0.47680314 0.42482948 -0.41906089 25 0 173.71776 1.0033635 -0.0036457094
211 407.58382 364.0768 0.63972698 0.0052290013 -0.18101028 25 0 1941.2152 8.4287085 -2.3144026
212 472.79191 364.72571 0.63127255 -0.61948999 -0.22463572 25 0 318.14521 1.4456557 -0.40016222
213 219.15077 366.06009 0.58595154 0.12056991 -0.18683074 25 0 1540.8431 6.9800948 -2.1096533
214 271.22766 367.21631 0.63598985 0.1483589 -0.16784637 25 0 2665.0902 11.377931 -2.6401583
215 420.84742 368.43699 0.6948171 -0.10006795 0.046276926 25 0 1113.3598 4.2654652 -1.574916
216 88.855481 368.73342 0.64888099 0.33590958 -0.071660745 25 0 5021.1946 21.295878 -3.3207389
217 131.99678 369.43529 0.60862358 0.35661983 0.074843447 25 0 468.97482 1.937516 -0.71811324
218 492.51774 370.45045 0.59280334 0.60392251 -0.080288215 25 0 7808.1256 34.008044 -3.8289541
219 16.088523 371.72828 0.76300638 0.38645148 -0.12810189 25 0 527.10772 1.9725778 -0.73758535
220 439.50552 379.96346 0.60385551 0.029480523 0.075384452 25 0 261.94482 1.0511621 -0.054174195
221 19.124768 382.35603 0.6968833 0.21015137 0.064917543 25 0 288.76854 1.1234492 -0.12638355
222 359.11554 381.55137 0.54564968 0.14628149 0.029281924 25 0 2964.0853 13.705568 -2.8422426
223 68.077061 382.89761 0.67791795 0.24495699 -0.091002086 25 0 4032.1285 17.046377 -3.0790802
224 113.80156 384.43555 0.57811185 0.71794717 0.053180142 25 0 488.2453 2.0902849 -0.80051371
225 220.62893 385.88978 0.56656033 -0.17478141 -0.14081854 25 0 553.25232 2.4174518 -0.95839454
226 262.35855 386.87577 0.66602426 -0.090967524 -0.078449906 25 0 333.74554 1.347197 -0.32357778
227 477.06874 386.96163 0.65719382 -0.27639493 0.48623383 25 0 653.15844 2.5858757 -1.0315191
228 93.544835 387.71923 0.62963901 0.32652312 -0.037258527 25 0 343.72896 1.4637261 -0.41364957
229 137.83374 388.87536 0.63227161 0.25886507 -0.15882364 25 0 1438.3654 6.1475608 -1.9717571
230 509.74968 388.64951 0.71191349 0.4374897 -0.21722559 25 0 303.58262 1.3406804 -0.31831314
231 477.69639 390.43248 0.61165543 -0.10391135 0.035775731 25 0 1923.3938 8.074947 -2.2678492
232 448.54524 390.8209 0.61902838 -0.20121179 -0.28256035 25 0 2303.5108 9.8106867 -2.4792485
233 53.425104 393.95015 0.72369363 0.22068453 -0.05036739 25 0 584.35058 2.1476868 -0.82992736
234 381.51341 396.88249 0.60111038 0.047926591 -0.053361806 25 0 243.3221 1.1125075 -0.11575734
235 9.7521205 398.33721 0.57309763 -0.19528085 -0.23451887 25 0 209.5007 1.0476734 -0.050564794
236 90.483886 399.18724 0.56328829 -0.011605447 -0.08159715 25 0 214.76042 1.0254373 -0.027272772
237 239.79504 398.76274 0.63476975 0.25880179 -0.13041615 25 0 7828.9508 33.892024 -3.8252438
238 166.24156 401.33101 0.60454499 0.52778399 -0.032092208 25 0 286.31985 1.1542212 -0.15572266
239 370.32116 400.64784 0.62392686 -0.35886782 -0.0742781 25 0 675.78353 2.731239 -1.0908993
240 268.80223 406.24486 0.63745193 0.27372612 -0.1820842 25 0 655.40892 2.612478 -1.0426316
241 405.81657 405.7476 0.63811907 0.26332032 -0.25657285 25 0 599.73425 2.6004236 -1.0376102
242 15.128117 407.99632 0.58555934 0.57691644 0.15279954 25 0 273.46659 1.1759897 -0.17600882
243 266.20096 409.91267 0.65181882 0.10242813 -0.14511764 25 0 2077.3917 8.8869503 -2.3718819
244 284.52224 409.33198 0.51907565 0.097132251 0.25372622 25 0 276.60449 1.3861497 -0.35452536
245 487.67861 410.20601 0.68966033 0.27051469 -0.13278059 25 0 528.44121 2.1235833 -0.81767324
246 34.368812 414.11442 0.7642605 -0.029150904 -0.5278806 25 0 331.93255 1.1926556 -0.19128764
247 98.351575 415.2443 0.6451961 0.45910686 -0.10784301 25 0 922.80323 3.6915904 -1.4180338
248 122.37167 416.73917 0.60994166 -0.0097037623 -0.14272517 25 0 2146.1302 9.3602542 -2.4282191
249 297.99705 426.77013 0.73100883 -0.017051667 0.059894508 25 0 441.99145 1.6799512 -0.56324165
250 179.07157 428.53253 0.59115721 0.1224775 -0.17475483 25 0 267.72222 1.0384489 -0.040962813
251 207.86336 433.76878 0.61882843 0.030736081 -0.15214161 25 0 375.23364 1.4535108 -0.40604566
252 173.12301 434.75693 0.60263097 0.086560945 -0.15856055 25 0 2171.7845 9.7102604 -2.4680772
253 395.23453 435.60751 0.68072327 0.78920117 0.17693321 25 0 372.78843 1.5244496 -0.45778264
254 146.68133 435.68031 0.7119169 0.64023738 -0.025433919 25 0 1086.9069 4.0754839 -1.5254479
255 187.80494 436.29357 0.57681454 -0.3494192 0.043050025 25 0 291.46835 1.3083817 -0.29183616
256 175.61869 437.53062 0.40491094 -0.090944967 -0.11109689 25 0 270.87575 1.1901636 -0.18901662
257 246.37744 438.05661 0.62505269 0.21917324 -0.15528511 25 0 1086.8566 4.6799681 -1.6756072
258 505.08857 437.76796 0.23840721 0.23671019 0.0033543183 25 0 61392.525 341.27055 -6.332747
259 358.81546 439.92946 0.65179737 0.057153576 -0.18348644 25 0 3534.0265 15.192471 -2.9540711
260 28.670761 443.1617 0.50964323 0.55631837 -0.38873357 25 0 286.38633 1.4266875 -0.3858221
261 259.40446 442.52447 0.52666381 -0.25841089 0.032842743 25 0 990.96667 4.5993045 -1.6567304
262 105.50326 444.49249 0.62994345 0.71030068 -0.083421814 25 0 12459.836 52.390981 -4.2981413
263 490.52312 444.86518 0.65397982 0.13316083 -0.078925975 25 0 317.43057 1.3043126 -0.28845425
264 477.00386 451.03669 0.61300562 -0.0066706333 -0.38539657 25 0 320.36353 1.4292393 -0.38776237
265 226.51721 451.99769 0.60615931 -0.017353334 -0.14552169 25 0 297.0193 1.2041107 -0.20166606
266 491.40315 454.25507 0.63036922 0.30655518 -0.14734089 25 0 2084.1759 8.776823 -2.3583433
267 510.95414 455.47938 0.55434711 -0.16549716 -0.64700574 25 0 223.50216 1.0220191 -0.023647486
268 393.6702 456.87879 0.60376666 0.40271499 -0.10095974 25 0 354.9869 1.5325572 -0.46354176
269 325.49726 458.10345 0.58402109 0.38238283 -0.1945931 25 0 627.39327 2.815388 -1.1238456
270 449.6758 459.14001 0.69687257 0.3843171 -0.1317534 25 0 426.14316 1.590748 -0.50400344
271 376.46889 462.98548 0.63752898 0.12695523 -0.18418732 25 0 1386.1566 5.9744534 -1.9407454
272 70.586518 464.12669 0.68762324 -0.07193478 -0.21411132 25 0 6237.8041 25.986445 -3.5368672
273 163.45132 465.28257 0.57451546 -0.048089742 -0.15390009 25 0 1063.4582 4.7459386 -1.6908053
274 340.25405 465.73921 0.39588736 -0.28877907 0.17548878 25 0 219.33114 1.168768 -0.16932075
275 305.58815 467.40076 0.39330509 -0.57334666 0.074459531 25 0 244.37331 1.315305 -0.29756615
276 441.91939 466.42905 0.45912818 0.2925011 -0.033604569 25 0 61355.495 295.30306 -6.1756699
277 59.665777 469.12977 0.7113403 0.033874389 -0.13569837 25 0 305.1981 1.318177 -0.29993435
278 419.32626 468.77569 0.48471562 0.38747311 -0.058032955 25 0 312.69706 1.5492304 -0.47529003
279 225.27454 473.28424 0.67978525 0.34650337 -0.12734804 25 0 5251.0265 21.655566 -3.3389238
280 443.07044 474.21246 0.7386269 0.26962312 -0.25226212 25 0 482.97566 1.5778375 -0.49515566
281 356.9034 474.92722 0.63296884 -0.062258766 -0.25018417 25 0 636.11882 2.68303 -1.0715638
282 59.912564 475.8274 0.55162169 -0.14326502 0.034330063 25 0 228.35422 1.1247365 -0.12762697
283 259.58196 476.24065 0.42953499 -0.054752315 0.093057943 25 0 233.4506 1.1985605 -0.19664993
284 275.26398 476.62271 0.58429552 0.58502753 0.039656667 25 0 2674.0134 11.608085 -2.6619014
285 128.58222 477.15497 0.72028476 0.3601798 -0.36363829 25 0 541.44767 1.9335188 -0.71587098
286 352.60015 481.71223 0.60451454 0.50149546 -0.22630886 25 0 462.31377 2.0002404 -0.7527055
287 153.26595 482.54131 0.54004476 0.062667012 -0.056499872 25 0 768.97949 3.4087788 -1.3314971
288 231.28069 487.02581 0.7872467 -0.28510741 -0.50909878 25 0 310.61048 1.036584 -0.039011216
289 78.410078 487.93325 0.70378597 0.13814385 -0.23415238 25 0 1273.3866 5.1642946 -1.7825275
290 254.36258 497.51169 0.59548697 0.38190269 -0.21930681 25 0 404.86959 1.7249328 -0.59193046
291 407.26552 497.42236 0.48503543 0.04087684 -0.040619327 25 0 219.77183 1.1369324 -0.13933658
292 164.43838 501.72397 0.60320313 -0.19166405 -0.15305878 25 0 345.5491 1.4711751 -0.41916095
293 81.838274 502.98234 0.76181455 0.5510005 0.050436574 25 0 373.06587 1.3723413 -0.34365529
294 130.47234 504.60958 0.64721921 -0.60419595 0.082561614 25 0 541.60183 2.0942276 -0.8025597
295 175.64356 504.82151 0.65880261 0.40155495 -0.097991408 25 0 546.09272 2.2453727 -0.87822108
296 294.26601 506.89674 0.67429437 0.48284915 0.25976411 25 0 345.69863 1.3897488 -0.35734076
297 131.14406 508.34259 0.73679874 0.33028616 -0.0080681797 25 0 849.11309 3.1557342 -1.2477511
298 72.74833 510.59507 0.69628388 0.092312434 -0.21973892 25 0 272.75732 1.0874539 -0.091027158
299 177.38814 510.68377 0.73384446 -0.40648016 -0.69513273 25 0 274.3527 1.0452321 -0.048031897
