id xcentroid ycentroid sharpness roundness1 roundness2 npix sky peak flux mag
1 328.09422 2.3742261 0.44903963 -0.29606162 -0.48138921 25 0 271 1.3159125 -0.29806756
2 300.56752 5.0484307 0.60046038 -0.029504661 -0.097747168 25 0 727 2.3487288 -0.92708218
3 309.49037 7.4773024 0.56530304 -0.61416393 -0.1423624 25 0 299 1.0626896 -0.066016097
4 432.03656 8.3711594 0.63839479 0.43710277 0.053329864 25 0 429 1.6113475 -0.51797303
5 112.61945 12.247017 0.71078584 0.21139948 -0.30375295 25 0 518 1.5748395 -0.49309074
6 27.537143 14.268925 0.67116803 -0.26448072 -0.18702628 25 0 14551 42.196821 -4.0631993
7 338.2568 13.586569 0.56484451 0.04394184 -0.041238955 25 0 697 2.3892843 -0.94566958
8 411.60992 16.835068 0.67470433 0.23327529 -0.3167727 25 0 686 2.1815495 -0.84691267
9 470.63041 16.728006 0.66486396 0.43321793 -0.14539317 25 0 27729 80.479474 -4.7642128
10 337.19804 22.133791 0.65388234 0.06583377 0.088295609 25 0 293 1.0055422 -0.0060007928
11 216.1108 31.869373 0.62777613 0.24117627 -0.13247421 25 0 341 1.0867298 -0.090303922
12 357.2734 35.109918 0.68921561 0.0611165 -0.14361111 25 0 694 2.1611464 -0.83671046
13 456.7934 35.262287 0.67003613 0.070621489 -0.2790431 25 0 328 1.2604654 -0.25132729
14 129.97854 37.73615 0.63092647 0.004533729 -0.29608667 25 0 439 1.428237 -0.38700067
15 336.27149 40.943441 0.94966753 -0.25458822 -0.22964922 25 0 813 2.0027322 -0.75405718
16 116.85774 41.887142 0.63555851 0.24061168 -0.092166626 25 0 620 1.9639321 -0.73281615
17 189.87345 42.983975 0.67584492 0.04316789 -0.19955474 25 0 1482 4.3312512 -1.5915334
18 209.32864 43.837451 0.62779113 -0.081638377 -0.20919439 25 0 2460 7.4064021 -2.1740182
19 349.79836 45.003013 0.70745955 0.29700211 -0.10647514 25 0 618 1.9037853 -0.69904493
20 69.470846 46.142455 0.52789123 -0.20763521 -0.30614481 25 0 461 1.6943067 -0.57248009
21 327.88415 45.977066 0.26599794 0.432697 -0.052244092 25 0 58929 249.15891 -5.9911911
22 114.55928 48.070794 0.67161961 -0.038843255 -0.24903177 25 0 5729 16.601597 -3.0503747
23 403.43746 49.563714 0.59792879 0.69133572 -0.054491846 25 0 898 2.8953562 -1.154255
24 250.21482 54.888101 0.60139044 0.22685683 -0.0056416766 25 0 487 1.574311 -0.49272631
25 404.01821 54.999614 0.62636621 0.088989235 0.090410654 25 0 312 1.2413329 -0.23472065
26 473.8536 55.572118 0.54233439 0.023101007 0.13939464 25 0 672 2.5699476 -1.0248107
27 297.54956 56.497084 0.62626064 0.71066885 -0.12523924 25 0 1460 4.2437195 -1.5693667
28 145.58656 61.242693 0.44726596 0.33384076 -0.21994002 25 0 329 1.2241887 -0.21962088
29 446.46038 63.043801 0.67776209 0.22855192 -0.26059511 25 0 1589 4.733129 -1.6878709
30 504.88594 65.425805 0.64290716 0.13433474 0.02975735 25 0 3158 9.7292473 -2.4701981
31 0.77086495 66.868815 0.74996784 -0.31267806 -0.15305857 25 0 498 1.4456403 -0.4001506
32 34.550068 69.129246 0.63563011 -0.095716917 -0.21903154 25 0 627 2.0991505 -0.80510896
33 57.737137 68.824233 0.63665414 -0.43577973 -0.024479263 25 0 519 1.7193902 -0.58843612
34 436.03366 69.943151 0.69454127 0.23283412 -0.10682294 25 0 1845 5.5262539 -1.8560771
35 1.0616366 70.865352 0.68000301 -0.12496679 -0.089317578 25 0 584 1.818321 -0.64917639
36 115.66463 70.955209 0.66627036 -0.15354052 -0.18816882 25 0 479 1.3414694 -0.3189519
37 474.72983 70.832674 0.59931105 0.30733245 -0.070214648 25 0 399 1.6671501 -0.55493677
38 421.43209 71.595637 0.5282698 -0.1174807 -0.23764354 25 0 479 1.782307 -0.62745631
39 58.933418 73.971006 0.69832881 -0.041125812 -0.15830269 25 0 1982 5.8007302 -1.9087067
40 471.89785 78.518215 0.63107132 0.32920016 -0.069453812 25 0 901 2.9002952 -1.1561055
41 353.85261 82.57635 0.57631502 0.34916856 -0.055016359 25 0 3239 10.145437 -2.5156769
42 122.84224 85.8402 0.62412184 0.3278312 -0.028396704 25 0 521 1.5451639 -0.47243636
43 95.243268 89.342262 0.56714399 0.40660254 -0.068738342 25 0 606 1.9389856 -0.71893646
44 494.23418 89.478863 0.64953428 0.51377657 0.034906538 25 0 21343 62.47072 -4.4891913
45 158.31918 96.217484 0.63283527 -0.19528464 -0.23492975 25 0 614 1.7860346 -0.62972469
46 286.86073 96.963963 0.61406704 -0.23396433 -0.23280194 25 0 1402 4.1611853 -1.5480426
47 290.81687 98.704459 0.58933689 -0.060904216 -0.20674151 25 0 1473 4.4754808 -1.6270993
48 189.16581 99.672637 0.60183428 -0.081841083 -0.15705559 25 0 1797 5.3337441 -1.8175804
49 118.79914 103.6886 0.53256794 0.089616222 0.16276623 25 0 360 1.1343024 -0.13682212
50 454.87795 103.45348 0.58715375 0.02422051 -0.019318078 25 0 321 1.2857057 -0.27285389
51 56.848717 103.83461 0.66291594 0.054618357 -0.15130665 25 0 4859 14.331909 -2.8907601
52 299.87618 105.53585 0.5076155 0.18477641 -0.26280577 25 0 344 1.0204644 -0.02199463
53 511.12037 105.80252 0.94111138 -0.041597594 0.079319564 25 0 508 1.3770436 -0.34736926
54 492.59437 109.38367 0.67224744 0.57083077 -0.19889576 25 0 1955 5.6733777 -1.8846042
55 335.37915 115.10506 0.67248708 -0.091161942 -0.34407061 25 0 700 1.9809877 -0.74220446
56 222.23343 116.96276 0.64231265 0.05912521 -0.20111891 25 0 19194 57.441406 -4.3980627
57 239.64747 117.12562 0.65611427 0.62238435 0.02003263 25 0 1173 3.1596043 -1.2490817
58 249.6426 118.49009 0.60238659 -0.15943907 -0.036459025 25 0 1817 5.2613955 -1.8027524
59 306.2667 118.13997 0.6684289 0.0083510932 -0.19659693 25 0 1338 3.7694928 -1.4407073
60 201.84527 120.2195 0.63424533 0.33524017 -0.15123693 25 0 687 1.954788 -0.72774919
61 451.65304 119.88997 0.63059084 0.44455909 -0.17164818 25 0 429 1.508718 -0.44652021
62 101.33892 120.51411 0.60353656 -0.060209719 -0.05730795 25 0 519 1.505895 -0.44448671
63 156.31424 122.11428 0.63276574 -0.26337854 -0.40213677 25 0 495 1.3906516 -0.35804583
64 54.024113 121.95079 0.64991128 0.33680737 -0.17582887 25 0 662 2.07075 -0.79031918
65 153.57869 123.60981 0.60127927 0.41181742 -0.1639876 25 0 2079 6.1827516 -1.9779545
66 481.82429 123.86537 0.64947959 0.25524761 -0.30231801 25 0 356 1.2635939 -0.25401884
67 177.49292 129.08192 0.64769909 0.0083811428 -0.23891127 25 0 1959 5.6597623 -1.8819955
68 8.7782318 130.49025 0.61663155 0.47232586 0.023670262 25 0 1202 3.7148508 -1.4248534
69 254.9603 132.41152 0.75312616 0.10811171 0.058188419 25 0 579 1.3747746 -0.34557872
70 397.39496 140.58309 0.58398412 0.67618018 -0.014814248 25 0 10809 32.701604 -3.7864226
71 385.79805 143.82178 0.58553555 0.22312588 0.24572189 25 0 296 1.0896455 -0.093213105
72 300.30995 146.10764 0.62862855 0.12798952 -0.21865718 25 0 3253 9.5177334 -2.4463338
73 16.072656 146.92204 0.73996851 -0.067816498 -0.17031589 25 0 1005 2.8703399 -1.1448333
74 485.55818 152.51482 0.58819831 0.64196029 -0.030433294 25 0 6963 21.438567 -3.3279894
75 98.842476 160.23037 0.60303775 0.040020772 -0.25269859 25 0 583 1.6589314 -0.54957108
76 387.34556 162.03829 0.64008297 0.099625658 -0.21371388 25 0 54992 163.20566 -5.531838
77 426.66068 165.47839 0.54171768 0.5584478 -0.28435781 25 0 398 1.4024363 -0.36720789
78 207.90121 165.97981 0.63619751 -0.21355711 -0.2696811 25 0 634 1.7328063 -0.59687504
79 154.89352 169.49874 0.61432206 0.13872641 -0.027629443 25 0 781 2.1402506 -0.82616158
80 34.770012 173.11242 0.6170029 0.17968107 -0.15400483 25 0 468 1.430932 -0.38904747
81 227.48483 174.48753 0.58676335 0.51933238 -0.12529799 25 0 1672 4.7185807 -1.6845285
82 347.61307 174.41058 0.55836419 -0.16106954 -0.10404817 25 0 494 1.4934244 -0.43545808
83 479.63436 173.87879 0.64798731 0.20830412 -0.15713014 25 0 6939 20.821674 -3.2962891
84 165.54585 175.24841 0.58669776 -0.062069055 -0.15284867 25 0 992 2.8975852 -1.1550905
85 414.86579 176.36559 0.66025529 -0.32703917 -0.24146586 25 0 370 1.127811 -0.13059082
86 3.0429486 176.91975 0.72680069 0.32204268 -0.45939647 25 0 367 1.0029344 -0.003181311
87 154.06478 177.8508 0.6352108 0.13737652 -0.12561537 25 0 1852 5.3987408 -1.8307312
88 422.43685 183.13472 0.62626508 -0.16289572 -0.28091763 25 0 2706 7.9980568 -2.2574612
89 18.277147 183.61705 0.54913847 -0.019347543 -0.048680585 25 0 715 2.369508 -0.93664547
90 116.46897 183.80302 0.63147599 0.011488023 -0.16027835 25 0 1953 5.6340062 -1.8770433
91 412.43708 185.48487 0.66931565 0.55536437 -0.082401124 25 0 572 1.6965124 -0.57389259
92 484.27819 185.01679 0.67630368 -3.9919073e-05 -0.094536197 25 0 838 2.6422068 -1.054917
93 228.21921 186.63288 0.52055475 -0.01582462 -0.1256424 25 0 1043 3.0541051 -1.2122099
94 422.90396 188.08684 0.6355239 -0.19051437 -0.060295416 25 0 1017 3.1907806 -1.2597424
95 190.63455 189.47601 0.54182645 -0.26362405 -0.098820992 25 0 745 2.2027786 -0.85742714
96 72.979521 190.29441 0.6752339 0.14074022 -0.052478883 25 0 44949 130.73913 -5.291014
97 122.63528 191.55778 0.69595521 0.70648299 -0.11610776 25 0 488 1.1409881 -0.14320277
98 254.09317 195.38815 0.45400778 0.28415108 0.013297594 25 0 330 1.0007022 -0.00076217028
99 422.22579 196.14313 0.56708049 -0.26382817 -0.40243274 25 0 313 1.145053 -0.147064
100 456.3663 199.94169 0.67512432 0.10221799 -0.14127299 25 0 627 1.9518415 -0.72611135
101 169.56287 202.32474 0.54980937 -0.17348903 -0.1470182 25 0 577 1.5315195 -0.46280631
102 383.53924 201.62049 0.54568099 -0.13608496 -0.32633664 25 0 295 1.0325761 -0.034805164
103 67.951761 204.29638 0.65894588 0.34812365 0.069629801 25 0 684 1.9765581 -0.73977395
104 510.21711 203.7901 0.64849549 -0.21678462 -0.032946003 25 0 1716 5.3336883 -1.8175691
105 470.82018 206.12482 0.61300785 -0.019491641 -0.061582978 25 0 594 2.0252447 -0.76619375
106 504.18657 209.83296 0.65199353 0.30411437 -0.045637851 25 0 3437 10.43891 -2.5466378
107 13.978132 213.62397 0.79165413 0.70648107 -0.074415848 25 0 518 1.2972839 -0.28258755
108 15.924412 214.87955 0.70665946 0.74912445 -0.48194004 25 0 580 1.5976704 -0.508718
109 426.97786 216.01266 0.64110347 0.288044 -0.08302857 25 0 1221 3.8115574 -1.4527561
110 327.65083 218.09686 0.61332142 0.060190575 -0.15730725 25 0 1541 4.609883 -1.6592248
111 257.82675 220.18849 0.64043418 0.30038541 -0.08686302 25 0 795 2.1305016 -0.82120467
112 152.0778 221.53378 0.56117194 0.030734927 0.024395012 25 0 1041 3.0738047 -1.2191907
113 480.86482 224.80258 0.63188445 0.22723349 -0.093110068 25 0 5045 15.561154 -2.9801045
114 241.3441 226.87866 0.5870636 0.0014323688 -0.21533842 25 0 3018 9.3070982 -2.4220357
115 353.47406 229.06893 0.66363147 0.11928 -0.25018731 25 0 4885 14.01629 -2.8665827
116 423.53045 229.84329 0.62508355 0.16441398 -0.22765269 25 0 14040 41.87037 -4.054767
117 328.56718 231.39806 0.55970804 0.56746146 -0.17982563 25 0 958 2.8853696 -1.1505036
118 492.89537 232.04139 0.72061063 0.16771016 0.18950803 25 0 306 1.0266647 -0.028571604
119 181.86976 237.55238 0.54907098 0.29173116 -0.081986344 25 0 764 2.3087613 -0.9084476
120 241.9356 238.59307 0.5515418 0.33484843 -0.078271142 25 0 836 2.5414766 -1.0127153
121 432.75083 241.35058 0.66496126 -0.036351152 -0.086624539 25 0 1950 5.6243472 -1.8751803
122 32.389394 241.88054 0.66023986 0.52887566 0.065882341 25 0 432 1.1655906 -0.16636506
123 205.59839 255.16544 0.64778168 0.15609685 -0.31661044 25 0 5070 14.276782 -2.8865758
124 429.64158 254.78764 0.60560801 0.24820617 -0.16588561 25 0 7355 22.581374 -3.3843759
125 267.59743 257.61095 0.55247196 -0.66865074 -0.26625445 25 0 447 1.2792147 -0.26735862
126 333.13371 264.07741 0.7715233 0.40391144 0.032414068 25 0 567 1.4530337 -0.40568918
127 106.10753 265.429 0.65948305 0.098767823 -0.081191745 25 0 448 1.1431068 -0.14521706
128 34.745377 275.91063 0.67123136 0.16904534 -0.2176804 25 0 1683 4.8281731 -1.7094571
129 216.91894 284.18535 0.66635855 0.35382151 -0.030921092 25 0 510 1.3739833 -0.34495362
130 48.9914 285.07504 0.7152883 0.24158121 -0.073386825 25 0 1046 2.8112452 -1.1222468
131 349.32499 287.46062 0.54394121 -0.15698077 -0.0025685545 25 0 4707 14.679057 -2.9167454
132 162.00144 288.63499 0.5854822 0.030926125 0.00015390931 25 0 995 2.9751537 -1.1837735
133 40.438431 290.03682 0.63637009 0.07884962 -0.33004548 25 0 1364 3.9666323 -1.4960548
134 68.742419 289.85878 0.69093889 0.23244351 -0.19560954 25 0 1395 3.8886071 -1.4744852
135 323.57088 292.26901 0.63222202 -0.54330489 -0.19567391 25 0 451 1.2543525 -0.246049
136 454.93666 292.59314 0.55837019 0.17727461 0.067317683 25 0 603 2.1120042 -0.81173695
137 138.01247 299.62376 0.53856326 -0.011553132 0.12299225 25 0 456 1.2858039 -0.27293685
138 71.343527 299.51483 0.61330086 -0.57273618 -0.0023814902 25 0 394 1.0208477 -0.022402391
139 52.392102 305.48564 0.58525926 -0.075329674 -0.15816508 25 0 1168 3.3982497 -1.3281382
140 400.10317 305.63768 0.69044458 -0.050395301 -0.00067018844 25 0 458 1.3742887 -0.34519498
141 195.72938 311.19415 0.63422514 -0.14039868 -0.28038028 25 0 966 2.7141341 -1.0840782
142 427.61717 311.24913 0.62817686 -0.31787887 -0.22724057 25 0 1022 3.1910868 -1.2598465
143 115.01067 315.91318 0.65893556 0.12787854 -0.17229578 25 0 3919 11.446288 -2.6466617
144 37.026277 319.87398 0.60889156 0.41695085 0.020791196 25 0 452 1.3547039 -0.32961093
145 307.23662 327.77095 0.63698842 -0.28836278 -0.21753227 25 0 658 1.9466989 -0.72324696
146 240.27143 330.42001 0.55371946 -0.38406421 -0.52595317 25 0 348 1.0013197 -0.0014319076
147 264.76016 334.96232 0.52959144 0.065993828 -0.2285443 25 0 492 1.5270999 -0.45966864
148 357.45703 335.37709 0.55143058 0.23547089 -0.21521297 25 0 430 1.3860906 -0.35447907
149 7.8256949 335.72406 0.70051258 0.25918755 -0.07092979 25 0 14286 40.698006 -4.0239328
150 54.046785 336.91943 0.68719615 -0.048374545 -0.069099899 25 0 1293 3.6775215 -1.4138881
151 240.98761 336.39547 0.5430973 0.02386793 0.035229995 25 0 805 2.4799444 -0.98610486
152 465.93014 342.9966 0.61496524 0.262473 0.3209972 25 0 860 2.6094171 -1.0413588
153 236.99617 346.17033 0.61599639 -0.0066039362 -0.063783359 25 0 432 1.2047629 -0.20225399
154 337.85111 348.97527 0.62871555 -0.23717743 -0.2887565 25 0 838 2.5626759 -1.0217342
155 217.03318 352.50328 0.57423026 0.17127584 -0.013532709 25 0 5022 15.520721 -2.9772797
156 359.00172 354.01481 0.64059557 0.011085072 -0.1339752 25 0 1194 3.6919609 -1.4181427
157 0.22216005 355.04471 0.92738882 -0.44742859 0.26064969 25 0 599 1.4602099 -0.41103822
158 275.96004 356.4958 0.56153703 0.25779047 -0.02427145 25 0 23505 73.878525 -4.6712955
159 0.54511493 361.86516 0.80281274 -0.65174523 0.10926896 25 0 753 1.8694358 -0.67927637
160 391.73714 363.71086 0.58501856 0.17910763 -0.1525864 25 0 1825 5.8372259 -1.9155162
161 457.06658 364.56389 0.67078788 0.42321756 0.11487621 25 0 320 1.1713063 -0.17167618
162 203.31142 365.54612 0.56265334 -0.19636906 -0.078888863 25 0 1505 4.5808844 -1.6523733
163 255.40669 366.78882 0.62020089 -0.085542469 -0.19966928 25 0 2841 8.4481063 -2.3168984
164 72.906592 368.1908 0.6849553 0.068230295 -0.13578954 25 0 5853 16.896714 -3.0695056
165 404.97592 368.07185 0.72851125 -0.024773063 -0.26235676 25 0 1305 3.7271586 -1.4284447
166 116.14578 369.06926 0.68516748 0.082406892 -0.22256424 25 0 570 1.568606 -0.48878471
167 476.65187 370.16618 0.66739209 -0.13857614 -0.18661198 25 0 9534 27.894395 -3.6137924
168 0.47348089 371.23303 0.80968915 -0.21906188 0.026590617 25 0 640 1.674024 -0.55940423
169 343.16856 381.2156 0.61337063 0.20439985 -0.12601046 25 0 3476 10.823033 -2.5858725
170 52.064501 382.38073 0.66408455 0.26536606 -0.021513582 25 0 4001 11.621543 -2.6631595
171 97.855845 384.11777 0.73005622 0.16341704 -0.076327392 25 0 808 2.1380859 -0.82506288
172 204.66328 385.62839 0.50404997 0.57039762 -0.26368774 25 0 486 1.5109806 -0.44814724
173 461.1931 386.7191 0.64760175 -0.61263502 0.2922147 25 0 492 1.5133997 -0.44988411
174 77.60239 386.99786 0.66405871 -0.046805295 -0.24479789 25 0 433 1.1081034 -0.11145071
175 121.77035 388.36201 0.62532153 0.11203137 -0.091963638 25 0 1498 4.2648313 -1.5747546
176 461.97476 390.15182 0.6648296 -0.015019314 -0.10917878 25 0 2237 6.7461423 -2.0726387
177 432.6081 390.475 0.56084888 0.48158896 -0.044915465 25 0 2028 6.4730869 -2.0277786
178 37.462406 393.2838 0.65093785 0.40732701 -0.21482313 25 0 660 1.9516408 -0.72599972
179 223.81953 398.33203 0.62994475 -0.063828119 -0.13776484 25 0 8051 23.861662 -3.4442517
180 354.38531 400.3181 0.62788028 0.42593288 -0.1244299 25 0 727 2.228811 -0.8701831
181 389.74446 405.51766 0.61469764 -0.11419004 -0.019005919 25 0 493 1.6676735 -0.55527758
182 253.21813 405.93602 0.83660739 0.085141588 -0.56163237 25 0 789 1.6394402 -0.53673897
183 250.28577 409.59858 0.54704377 0.56691421 0.016432328 25 0 1711 5.47089 -1.845145
184 471.86764 409.84564 0.66483245 0.21122167 0.03341498 25 0 384 1.2608792 -0.25168372
185 82.400151 414.83318 0.77327737 -0.06335112 -0.21544546 25 0 1050 2.6302228 -1.0499813
186 106.35014 416.19147 0.73140481 0.30157158 -0.17310753 25 0 2635 7.1450281 -2.1350099
187 282.09036 426.40523 0.56250933 0.35963351 -0.14281574 25 0 346 1.1659017 -0.16665488
188 163.1781 427.92892 0.74993898 0.023803828 -0.34172483 25 0 472 1.2054914 -0.2029103
189 191.9286 433.16682 0.58419903 -0.066299007 -0.099243889 25 0 381 1.1921734 -0.19084857
190 157.10379 434.25767 0.66496479 0.2166906 -0.17050721 25 0 2421 6.9690505 -2.107934
191 130.4751 435.19706 0.69471143 0.17454123 -0.24117912 25 0 1089 2.9602418 -1.178318
192 379.29467 435.24769 0.60622936 0.37283444 -0.17419334 25 0 349 1.3371577 -0.31545653
193 159.41482 436.76002 0.50715769 0.21511258 -0.35093314 25 0 344 1.2171546 -0.21336433
194 230.45429 437.69159 0.6203266 -0.3425431 -0.17358897 25 0 1074 3.1673135 -1.2517276
195 489.31803 437.51601 0.37319303 -0.082784846 -0.13532812 25 0 58472 179.92318 -5.6377178
196 342.96851 439.50053 0.61082046 0.21214025 -0.016150283 25 0 3051 9.2221947 -2.4120857
197 243.47636 442.18404 0.65800343 -0.0088415911 -0.21243908 25 0 1225 3.5038816 -1.3613736
198 89.477326 444.01692 0.69300131 0.0057555166 -0.32164762 25 0 15670 44.360261 -4.1174852
199 461.2232 450.93073 0.76968068 -0.40592005 0.0018596345 25 0 302 1.0746948 -0.078212897
200 475.58657 454.11188 0.65556853 -0.085588718 -0.32545443 25 0 2042 6.1835633 -1.978097
201 377.79096 456.59965 0.60720102 -0.12329817 -0.21596791 25 0 265 1.0700841 -0.073544789
202 309.32903 457.75872 0.64618363 0.10628938 -0.29463798 25 0 631 1.9614616 -0.73144953
203 433.55414 459.06396 0.70455172 0.3954829 -0.13897711 25 0 374 1.2477705 -0.24033675
204 360.41875 462.7502 0.64283267 0.15261642 -0.32120946 25 0 1277 3.8684284 -1.4688364
205 54.585474 463.53611 0.67600535 0.63166775 -0.080596698 25 0 5777 16.296513 -3.0302367
206 147.44448 464.79804 0.66491734 0.26309475 -0.28344782 25 0 1263 3.6482704 -1.4052175
207 426.03315 466.3776 0.3948891 0.080077325 -0.20334688 25 0 58756 220.26857 -5.8573813
208 289.72041 467.03093 0.58802276 -0.021528044 -0.38054884 25 0 321 1.1658978 -0.16665121
209 43.736998 468.68112 0.67603314 0.40483425 -0.19355524 25 0 321 1.0196908 -0.021171274
210 209.37009 472.81766 0.67631741 -0.15109243 -0.22801607 25 0 5431 15.681958 -2.9885007
211 340.94027 474.66358 0.54177435 0.039621844 -0.039807619 25 0 472 1.6613285 -0.55113882
212 427.35952 473.88915 0.64241237 0.053829901 -0.088951532 25 0 507 1.6730031 -0.55874184
213 259.43732 476.16853 0.69910442 0.13991848 -0.26996648 25 0 3380 9.4505218 -2.4386395
214 112.57857 476.68072 0.65672006 0.58022142 -0.11019749 25 0 439 1.2649724 -0.2552026
215 336.65881 481.39904 0.64983041 -0.13348564 -0.1706501 25 0 434 1.3515541 -0.3270836
216 137.32751 482.10719 0.68307999 0.23266082 -0.26629642 25 0 937 2.6886705 -1.073844
217 62.272241 487.50822 0.65121628 0.56175354 0.11200487 25 0 1105 3.3641359 -1.3171838
218 238.52626 497.14882 0.6948253 0.3116803 -0.33236214 25 0 419 1.3140741 -0.29654965
219 148.4722 501.16596 0.58359001 -0.0092164769 -0.36325643 25 0 358 1.1410148 -0.14322824
220 65.546038 502.51045 0.55408893 0.088219729 0.032239392 25 0 308 1.0150173 -0.016183575
221 114.35328 504.12602 0.7717864 -0.38541821 -0.33815801 25 0 758 1.9831273 -0.74337649
222 159.69734 504.34753 0.74627094 -0.16599844 -0.10288516 25 0 574 1.4143485 -0.3763911
223 115.38972 507.87075 0.65677621 -0.066656036 -0.26511405 25 0 792 2.1629625 -0.83762246
224 161.54721 510.90157 0.8939465 -0.72877857 -0.83280345 25 0 689 1.6343358 -0.53335324
