id xcentroid ycentroid sharpness roundness1 roundness2 npix sky peak flux mag
1 32.79449 0.02255236 0.81301748 -0.047223869 -0.67381654 25 0 470.14773 1.1953982 -0.19378153
2 334.19434 4.9438168 0.52149358 0.17374682 -0.44444276 25 0 310.89277 1.2274792 -0.22253533
3 294.01437 14.896149 0.65787388 -0.299212 -0.34128186 25 0 685.64983 2.1478321 -0.83000083
4 425.21178 18.30554 0.82874715 0.19772573 -0.37331288 25 0 504.72423 1.3087848 -0.29217061
5 105.98084 21.936724 0.50537295 0.18506497 -0.42093928 25 0 385.5617 1.3855732 -0.35407366
6 331.4958 23.708602 0.58732057 0.49956074 -0.096232392 25 0 537.55304 1.7760711 -0.62365089
7 21.136878 23.710471 0.64581673 -0.23031294 -0.21638908 25 0 12833.027 35.922061 -3.8884031
8 404.81909 26.793817 0.75184694 -0.29911277 -0.47083269 25 0 641.88268 1.72375 -0.59118571
9 463.97946 26.734006 0.61744367 0.045355137 -0.22005403 25 0 23347.137 66.218121 -4.5524421
10 350.4677 45.079945 0.73297876 0.16022076 -0.34758325 25 0 502.04621 1.3912411 -0.35850597
11 123.22063 47.223004 0.65590242 0.59292148 -0.44803305 25 0 397.82616 1.0969198 -0.10043718
12 110.19968 51.381588 0.45983044 -0.21844791 0.04949699 25 0 410.64488 1.3854907 -0.35400907
13 183.07683 52.649333 0.60115056 -0.29043685 -0.35304223 25 0 891.07339 2.50316 -0.99622154
14 202.42216 53.441371 0.55046133 0.36079651 -0.31691215 25 0 1482.6568 4.2536952 -1.5719159
15 343.13803 54.940931 0.67571831 -0.3858245 -0.58831551 25 0 403.22695 1.3102851 -0.29341453
16 63.092819 55.633418 0.50904798 -0.13971981 -0.049356785 25 0 356.67687 1.2442692 -0.23728591
17 321.10129 55.626343 0.3326157 -0.067926305 -0.28008814 25 0 57931.935 196.66776 -5.7343329
18 107.91878 57.62739 0.59470314 -0.060514846 -0.18806944 25 0 4231.3813 12.077818 -2.7049712
19 396.53493 59.596659 0.47561647 -0.55582843 -0.29084906 25 0 588.42789 1.9844868 -0.74412052
20 290.66623 66.224025 0.55622446 -0.28364852 -0.31374858 25 0 1145.3559 3.4546583 -1.3460127
21 467.16378 65.402747 0.52636939 -0.18728352 -0.016052705 25 0 576.94981 1.9111465 -0.70323493
22 138.93572 70.536859 0.74577564 -0.041598253 -0.3800387 25 0 372.4384 1.0989389 -0.10243389
23 439.6151 73.175002 0.61599218 -0.11172217 -0.31181689 25 0 1315.0096 3.8658303 -1.468107
24 498.12632 75.423066 0.65498818 0.29826372 -0.064292671 25 0 3038.3775 8.4808978 -2.3211046
25 51.233897 78.5053 0.51296281 0.37855437 -0.23977315 25 0 335.27868 1.2066645 -0.20396634
26 28.10617 78.623912 0.58865808 -0.28335339 -0.26773497 25 0 469.90693 1.4196925 -0.38048572
27 109.09285 80.647582 0.70869671 -0.23879111 0.087459712 25 0 397.03021 1.089993 -0.093559321
28 429.28074 80.012819 0.67576974 0.10632921 -0.29111643 25 0 1468.0629 4.1873039 -1.5548362
29 467.96993 80.895801 0.52530006 -0.15931604 -0.40539736 25 0 300.07267 1.1964827 -0.19476602
30 414.53745 81.602708 0.66135701 0.28342268 -0.19837347 25 0 475.37635 1.4566452 -0.40838449
31 52.388894 83.605733 0.53635061 0.2936496 -0.12416908 25 0 1103.2623 3.308808 -1.2991789
32 465.14531 88.565352 0.59705297 0.021798317 -0.23927089 25 0 703.23269 2.0649185 -0.7872573
33 347.0625 92.45303 0.49068193 0.036705867 -0.13341733 25 0 2207.4321 7.0344371 -2.1180734
34 116.4885 95.441494 0.55950874 -0.22974271 -0.42155229 25 0 385.2908 1.1794593 -0.17920743
35 88.523866 98.944359 0.61413473 -0.2552365 -0.39935746 25 0 496.4771 1.4516149 -0.40462851
36 487.43703 99.453471 0.54303557 -0.40588485 -0.12169918 25 0 15382.468 44.691165 -4.1255542
37 151.42369 105.92173 0.61769961 -0.21960829 -0.44438138 25 0 430.24775 1.2114815 -0.20829193
38 280.07693 106.72075 0.55040856 -0.4463976 -0.24258181 25 0 902.32257 2.8682079 -1.1440266
39 182.39417 109.42108 0.63968789 0.088433174 -0.30007459 25 0 1370.5211 3.6687747 -1.4113026
40 284.08102 108.44382 0.55127775 -0.24967131 -0.13547332 25 0 1019.5548 3.1822399 -1.2568323
41 50.176828 113.36816 0.63428074 -0.082616313 -0.20634537 25 0 3344.9021 9.1976542 -2.4091927
42 505.50087 116.06417 0.74247475 -0.15395759 -0.37939331 25 0 2035.0653 5.0414405 -1.7563866
43 485.6862 119.37817 0.50030738 0.44059196 -0.0091120984 25 0 1379.2241 4.3383514 -1.5933118
44 328.6518 124.92683 0.59686839 -0.23361988 -0.25209474 25 0 431.0095 1.3835543 -0.35249052
45 215.49431 126.6628 0.60849365 -0.49002085 -0.32207441 25 0 12986.313 35.196637 -3.8662529
46 232.81538 126.84307 0.61715831 0.20003226 -0.24062837 25 0 873.55549 2.5235781 -1.0050419
47 242.82819 128.1893 0.55612569 -0.21167115 -0.38281615 25 0 1457.363 4.4632457 -1.624127
48 299.51871 128.03092 0.71892216 -0.018194716 -0.33335243 25 0 1005.1706 2.639838 -1.0539432
49 94.60309 130.12972 0.56148522 0.22457255 -0.32749757 25 0 449.82842 1.3590904 -0.33312084
50 195.06101 129.80738 0.68471657 -0.16881979 -0.086896401 25 0 499.02491 1.2202292 -0.21610356
51 47.452895 131.63649 0.53017629 0.1617778 -0.11218095 25 0 419.60816 1.4669275 -0.41602165
52 148.55834 131.06637 0.54326492 -0.42703054 -0.909081 25 0 335.90798 1.0882768 -0.091848407
53 146.72047 133.20894 0.59727113 -0.4931354 -0.40468799 25 0 1652.9316 4.5863498 -1.6536679
54 170.68817 138.71654 0.53749437 -0.022450153 -0.30666318 25 0 1318.0403 3.8920473 -1.4754453
55 2.1918893 139.96316 0.72403887 -0.058387605 -0.29841206 25 0 1262.2328 3.3735364 -1.3202135
56 248.15814 142.02941 0.71516454 -0.05781135 -0.17116387 25 0 416.18863 1.0740104 -0.077521206
57 390.48551 150.46527 0.52399113 0.44449815 -0.2321851 25 0 7813.1426 22.419017 -3.3765414
58 293.43296 156.00754 0.68504906 -0.26513404 -0.38655334 25 0 2620.2968 6.6878199 -2.0632114
59 9.3588747 156.14331 0.47629939 -0.28079595 0.089611373 25 0 469.08747 1.654019 -0.54635123
60 478.62951 162.5896 0.5486483 0.27423529 -0.1814449 25 0 5805.0905 17.135594 -3.0847479
61 380.55461 172.02951 0.68320817 -0.17992418 -0.43349066 25 0 44709.358 115.13572 -5.1530252
62 419.61724 175.41784 0.65712307 -0.95475654 -0.30379394 25 0 412.20152 1.2700919 -0.2595879
63 201.06177 175.81129 0.56010536 0.35170767 -0.057999581 25 0 455.71479 1.337467 -0.31570771
64 220.69953 184.26282 0.60576483 -0.35113562 -0.30973597 25 0 1402.0412 3.8242638 -1.4563696
65 340.8534 184.17934 0.53911273 -0.46881478 -0.21903103 25 0 416.15065 1.4728778 -0.42041682
66 472.66291 183.95781 0.61472271 -0.14695366 -0.32783682 25 0 5706.6923 16.443791 -3.0400049
67 158.70807 184.81143 0.59548264 -0.064419588 -0.34013759 25 0 829.96936 2.3713539 -0.93749093
68 147.20899 187.44546 0.64699552 0.15856688 -0.18594717 25 0 1348.7254 3.4637096 -1.3488537
69 11.392158 193.18868 0.68526497 -0.012317262 -0.20931153 25 0 611.00915 1.695581 -0.57329638
70 109.52938 193.37747 0.58811076 -0.38571404 -0.29083437 25 0 1387.8433 3.7773532 -1.442969
71 415.60633 193.14725 0.66245362 -0.13261962 -0.43356342 25 0 2288.7024 6.0623814 -1.9566081
72 405.16362 195.16487 0.60474477 -0.39932013 -0.41618726 25 0 438.92247 1.4355805 -0.3925689
73 477.28762 195.1177 0.68094086 0.34268725 -0.36560643 25 0 620.17396 1.6931413 -0.57173298
74 221.41268 196.49902 0.61585351 0.18872939 -0.089022908 25 0 813.78207 2.0638752 -0.7867086
75 416.01314 198.19726 0.60292792 -0.37738362 -0.38075745 25 0 705.43412 2.0990611 -0.80506271
76 184.00297 199.14166 0.69283526 -0.41529174 -0.24636831 25 0 724.1503 1.907161 -0.70096839
77 66.219749 199.79086 0.65557363 -0.21891717 -0.26565403 25 0 35594.625 96.838872 -4.9651243
78 115.93566 201.22037 0.66169044 -0.32164628 -0.4227986 25 0 431.73401 1.170365 -0.17080335
79 449.33678 210.15829 0.68489474 0.29905722 -0.067870966 25 0 575.66215 1.6509722 -0.54434943
80 162.76625 212.00546 0.53366387 0.093181804 -0.24663762 25 0 466.11225 1.4343351 -0.39162659
81 61.177731 213.9445 0.79143401 -0.56539664 -0.18956187 25 0 512.48478 1.2185952 -0.21464869
82 503.26788 213.81118 0.63670835 0.02355216 -0.20311226 25 0 1440.4213 4.0487265 -1.5182961
83 463.8455 216.1827 0.64099649 -0.19630518 -0.31006847 25 0 587.91529 1.7455316 -0.60481929
84 497.23293 219.87587 0.66711048 -0.20826881 -0.29604364 25 0 2968.401 8.1256061 -2.2746394
85 8.8979853 224.2212 0.51395837 0.66504451 -0.36318908 25 0 288.08092 1.0214096 -0.022999862
86 419.96081 226.00264 0.61371467 -0.019734847 -0.23282759 25 0 986.94763 2.9459532 -1.1730646
87 320.80898 228.00111 0.60647111 -0.16270477 -0.42952643 25 0 1215.5541 3.5346553 -1.3708677
88 251.0897 229.91753 0.55995488 -0.49060967 -0.48836513 25 0 535.23818 1.5457886 -0.47287524
89 145.27408 231.1489 0.62851714 0.12232041 -0.31540089 25 0 930.92346 2.5895634 -1.0330664
90 473.79139 234.81515 0.59844968 -0.052748062 -0.25872219 25 0 3940.9165 11.310461 -2.6337008
91 234.53132 236.61356 0.64252287 -0.59339642 -0.33578063 25 0 2238.9838 5.780095 -1.9048374
92 346.47341 238.97838 0.58478932 -0.18564501 -0.46489529 25 0 3516.1058 10.018865 -2.5020463
93 416.55599 239.83116 0.58037951 -0.057700291 -0.3896527 25 0 10767.534 30.475578 -3.7098799
94 321.56931 241.21307 0.60420169 -0.15582471 -0.33360387 25 0 892.12187 2.653741 -1.0596463
95 174.88428 247.31238 0.48681739 0.020458589 -0.14767732 25 0 498.40005 1.5169413 -0.45242192
96 234.83339 248.45429 0.44724847 -0.14216508 -0.27246824 25 0 501.1873 1.6931058 -0.57171026
97 425.7846 251.30089 0.59454963 -0.051637046 -0.14332522 25 0 1634.5581 4.7622826 -1.6945379
98 198.65805 264.88944 0.57826888 -0.10743003 -0.35958251 25 0 3991.4596 11.428635 -2.6449859
99 422.67909 264.71142 0.5817024 0.083756404 -0.25841606 25 0 5813.438 16.403086 -3.0373139
100 260.76154 267.37524 0.62279186 0.51560941 -0.39978702 25 0 332.51712 1.0009404 -0.0010205421
101 99.307267 274.95845 0.80062917 -0.89528219 -0.52375651 25 0 431.46035 1.0123476 -0.01332413
102 27.836858 285.33086 0.65262497 -0.13050668 -0.14272876 25 0 1336.5386 3.8127412 -1.4530933
103 42.187361 294.58332 0.5448622 -0.10755296 -0.069930711 25 0 588.16882 1.8478617 -0.66667364
104 342.41451 297.38331 0.59779962 0.18451648 -0.28603477 25 0 4265.2431 11.887725 -2.6877469
105 155.10921 298.42286 0.61564233 0.21536282 -0.0096648547 25 0 738.43494 1.9537041 -0.72714695
106 33.639568 299.49618 0.56542203 -0.42795487 -0.22661258 25 0 883.69889 2.5363038 -1.0105032
107 61.92157 299.38712 0.60450015 -0.10436181 -0.23468558 25 0 1027.3586 3.0244645 -1.2016212
108 316.67418 302.27033 0.5719998 -0.096560465 -0.49429766 25 0 342.98289 1.069653 -0.073107272
109 447.91034 302.40175 0.62045497 -0.064045122 -0.029906929 25 0 637.35331 1.7389528 -0.60071949
110 131.05152 309.15638 0.54819619 0.19772288 0.031720617 25 0 408.37649 1.2022218 -0.19996148
111 45.388264 314.95766 0.70098679 -0.26562042 -0.41380831 25 0 1177.3577 3.0290712 -1.2032737
112 188.86918 320.92091 0.64705963 -0.058534931 -0.27845346 25 0 853.70322 2.2712351 -0.8906552
113 420.64798 321.18127 0.62994503 0.15003457 -0.43463738 25 0 869.4016 2.4018553 -0.95136711
114 108.15488 325.45014 0.59995259 0.14425268 -0.19591439 25 0 2639.5865 7.2370421 -2.1489027
115 300.29716 337.76209 0.46659693 0.22605125 0.07085256 25 0 402.40599 1.240164 -0.23369781
116 0.96316781 345.07335 0.65339779 -0.20988425 -0.2042469 25 0 11988.672 34.205658 -3.8352449
117 257.4264 344.77961 0.55879788 -0.26071266 -0.74861382 25 0 435.57074 1.2727036 -0.26181821
118 350.60124 345.3917 0.63974285 -0.16494426 -0.50311066 25 0 414.6307 1.0656418 -0.069028117
119 47.026462 346.42859 0.59838073 -0.29846146 -0.15796722 25 0 800.23714 2.1027417 -0.80696483
120 233.94237 346.27028 0.56370883 -0.061259892 -0.36950902 25 0 730.61236 1.9833736 -0.7435113
121 458.71141 353.18056 0.55223185 0.55897509 0.14975165 25 0 792.33398 2.0988375 -0.80494706
122 230.11778 356.03714 0.51104554 -0.34767958 -0.047986905 25 0 390.81925 1.1613197 -0.16237947
123 330.75664 358.86289 0.68340429 -0.15416133 -0.064907218 25 0 757.59977 1.9280933 -0.71282013
124 210.1021 362.21909 0.60791945 -0.15455089 -0.36389378 25 0 4414.3096 12.190388 -2.7150438
125 351.97037 363.94447 0.6266231 -0.40207786 -0.37198005 25 0 933.46806 2.5459356 -1.0146185
126 268.86099 366.45608 0.54610264 -0.3313889 -0.24463947 25 0 18027.051 51.847685 -4.2868234
127 384.63298 373.57364 0.49580121 0.18487112 -0.19666137 25 0 1421.9937 4.3172617 -1.5880209
128 196.39567 375.27337 0.64956528 -0.050682046 -0.3979737 25 0 1367.0569 3.4751601 -1.352437
129 248.37179 376.43631 0.51511518 -0.48193612 -0.093069212 25 0 1937.7272 5.6436793 -1.8789058
130 65.936021 377.66037 0.5926846 -0.021501899 -0.23934169 25 0 4037.8176 11.376313 -2.6400039
131 397.91105 377.89712 0.55921188 -0.20585742 -0.23843738 25 0 1033.096 3.090809 -1.2251804
132 469.47836 380.25543 0.62409355 -0.52911449 -0.34664432 25 0 7559.457 20.650776 -3.2873409
133 336.13986 391.08046 0.67165722 -0.2623328 -0.34004866 25 0 3345.1736 8.868822 -2.3696649
134 45.159133 391.79313 0.65897471 -0.13324196 -0.25733598 25 0 3242.6273 8.7860619 -2.3594856
135 90.926022 393.56173 0.44722446 -0.40327025 -0.03655174 25 0 414.31061 1.2479372 -0.24048183
136 197.58068 395.13497 0.58879255 -0.00073944727 -0.38525429 25 0 498.26536 1.2140287 -0.21057235
137 454.1018 396.59599 0.64560821 -0.92596562 -0.1119593 25 0 572.28412 1.3154507 -0.29768648
138 114.91493 397.84379 0.5967048 -0.095556731 -0.29170054 25 0 1252.6383 3.3348526 -1.3076916
139 454.82282 400.19256 0.60524848 -0.42803385 -0.29322379 25 0 1861.6276 5.1779357 -1.7853916
140 425.48714 400.43929 0.53323309 0.44143898 -0.17074246 25 0 1794.9783 5.069964 -1.7625122
141 30.580972 402.72043 0.61908665 0.037194699 -0.31566713 25 0 498.98782 1.2310644 -0.22570189
142 216.94253 407.99033 0.63856889 -0.24034493 -0.35270181 25 0 6994.4387 19.032468 -3.1987378
143 347.32611 410.18616 0.70781759 0.072443193 -0.34122953 25 0 758.39714 1.8703674 -0.67981729
144 382.58086 415.41831 0.48352183 -0.7075881 -0.21453709 25 0 398.82824 1.0816376 -0.085204467
145 245.95194 415.56291 0.50394221 -0.13312186 -0.20207032 25 0 548.89232 1.5491877 -0.47526008
146 243.30284 419.21034 0.66557469 -0.08363508 -0.36447754 25 0 1764.7668 4.444009 -1.6194373
147 75.379512 424.17299 0.6816166 0.28651764 -0.19165033 25 0 906.40536 2.1800715 -0.84617685
148 99.433047 425.76193 0.62711535 -0.2904458 -0.38325047 25 0 1915.5074 5.1346485 -1.7762768
149 185.10528 442.86908 0.62469988 -0.14545181 -0.13899889 25 0 466.53507 1.096093 -0.099618525
150 150.11585 443.84197 0.63687529 -0.14214495 -0.34195628 25 0 2026.5591 5.3521955 -1.8213299
151 123.6611 444.7336 0.59630074 0.30422745 -0.30246005 25 0 978.54127 2.4291947 -0.96365581
152 372.18568 445.02125 0.64027299 -0.082663944 -0.59044035 25 0 396.76285 1.0384563 -0.040970561
153 223.44073 447.34778 0.62641131 0.24872419 -0.39941208 25 0 1040.4679 2.7487897 -1.0978538
154 482.07354 447.50074 0.32873569 -0.10689797 -0.21875759 25 0 60843.082 189.81605 -5.6958323
155 335.78212 449.42033 0.58116773 -0.51023791 -0.22351975 25 0 2601.2155 7.2224545 -2.146712
156 236.49937 451.86742 0.69926406 -0.58020187 -0.33905487 25 0 1048.7813 2.4193235 -0.95923486
157 82.517502 453.5103 0.51631012 -0.57678943 -0.27386044 25 0 9014.6216 26.180866 -3.54496
158 467.68541 455.02131 0.48044865 0.035125628 -0.090544672 25 0 362.73581 1.052765 -0.055828585
159 468.26666 464.11991 0.69123803 -0.16120184 -0.3058387 25 0 2222.1813 5.6549131 -1.8810648
160 302.38806 467.37986 0.52735766 -0.054842584 -0.10985832 25 0 527.98107 1.332698 -0.31182937
161 47.633146 472.94159 0.67917349 -0.15455051 -0.34013046 25 0 5606.1506 15.044375 -2.9434354
162 353.41293 472.47576 0.55334067 -0.49331469 -0.12794967 25 0 1013.1873 2.7700929 -1.1062358
163 140.52864 474.30321 0.55036071 -0.4029116 -0.48678056 25 0 904.4706 2.3448013 -0.92526513
164 418.83028 476.32823 0.44251585 -0.36128164 -0.29761165 25 0 60355.382 197.60727 -5.7395073
165 202.3805 482.46811 0.62146183 0.20045216 -0.20972555 25 0 4049.9931 10.758637 -2.5793931
166 333.8312 484.37647 0.66103245 -0.56779112 -0.2329924 25 0 605.99921 1.3946755 -0.36118291
167 420.13677 484.08224 0.70137485 0.087457336 0.041819633 25 0 593.9948 1.259115 -0.25016349
168 105.48822 486.08857 0.78597629 -0.06189379 -0.29251165 25 0 559.78914 1.1550026 -0.15645738
169 252.3614 485.83483 0.69015677 -0.37423863 -0.37290061 25 0 3000.2716 7.5565111 -2.1958033
170 329.51478 491.07979 0.64145539 -0.66817603 -0.34709236 25 0 527.26944 1.3195918 -0.30109905
171 130.34676 491.66955 0.68218385 -0.20571859 -0.21930099 25 0 810.26851 1.867011 -0.67786719
172 55.398247 496.84198 0.68248928 -0.20951704 -0.33346583 25 0 1088.6863 2.7171146 -1.0852699
