id xcentroid ycentroid sharpness roundness1 roundness2 npix sky peak flux mag
1 329.41217 0.67397562 0.57514893 -0.23803412 -0.26351582 25 0 287.49955 1.2790205 -0.26719373
2 301.56134 3.4724306 0.56936965 -0.13497358 -0.089082152 25 0 624.3393 2.6150026 -1.0436803
3 310.61853 5.6690084 0.70195345 0.05148122 -0.27052592 25 0 321.71525 1.1630405 -0.16398708
4 433.24522 6.6745482 0.64947618 0.18680654 -0.13828977 25 0 504.73242 2.0041168 -0.75480756
5 113.23938 10.678747 0.58417376 0.51846188 -0.18475753 25 0 441.883 1.9151044 -0.70548113
6 339.21337 12.066501 0.65044989 0.082037596 -0.14660756 25 0 863.29841 3.4730194 -1.351768
7 28.600086 12.692912 0.65955348 0.35956748 -0.13742543 25 0 14518.224 55.39587 -4.3586935
8 412.52582 15.222857 0.57236268 0.012428871 -0.20644112 25 0 658.61002 2.7573092 -1.1012137
9 471.64046 15.125373 0.6517724 0.032393249 -0.19600792 25 0 27861.23 106.28723 -5.0662027
10 429.65333 16.698797 0.6517528 0.30992033 0.13271532 25 0 297.13102 1.3410551 -0.31861652
11 16.68834 17.694027 0.56305731 -0.011051979 -0.03894825 25 0 183.58827 1.0849844 -0.088558706
12 338.07177 20.527786 0.6516729 0.57616065 0.33871254 25 0 358.94532 1.5105991 -0.44787307
13 217.16281 30.148901 0.65210718 0.11587819 -0.1215142 25 0 379.95441 1.5383179 -0.46761524
14 429.72274 33.206636 0.56430156 0.19946535 -0.18202693 25 0 197.82433 1.0387782 -0.041307035
15 358.39071 33.51265 0.44762791 -0.22548575 -0.1474825 25 0 402.49906 1.8931499 -0.69296249
16 457.95475 33.850166 0.65467562 0.461108 0.13147639 25 0 417.24233 1.7760375 -0.62363032
17 130.94189 36.09796 0.65690017 0.22845959 -0.080398764 25 0 516.69731 2.1997611 -0.8559388
18 117.75308 40.375283 0.63528355 -0.26955996 -0.22562776 25 0 613.15902 2.4770419 -0.98483337
19 190.76193 41.455079 0.61598168 0.045601627 -0.042678988 25 0 1150.5661 4.4293794 -1.6158572
20 210.28204 42.223664 0.6169455 0.1436426 -0.20464293 25 0 2353.2023 9.4113267 -2.4341271
21 423.21222 41.963579 0.75117869 0.8231546 0.01993871 25 0 277.47243 1.043849 -0.046594246
22 350.95645 43.465072 0.54820759 -0.25443678 0.059149675 25 0 408.62879 1.7804407 -0.62631878
23 328.8592 44.402985 0.31235455 0.088720012 -0.11307913 25 0 58321.219 277.00965 -6.1062372
24 394.37696 43.952789 0.54968812 -0.008615534 -0.12484132 25 0 257.29785 1.3170213 -0.29898204
25 70.578476 44.404707 0.55887875 0.66856741 0.070982539 25 0 467.32117 1.9691734 -0.73570991
26 254.17463 44.745821 0.58703301 0.58699888 0.15284695 25 0 326.037 1.4900193 -0.43297973
27 115.53305 46.412087 0.57014352 0.65250113 -0.048354317 25 0 4216.0298 16.640998 -3.0529484
28 158.38718 47.148097 0.69456027 0.16560307 -0.49408739 25 0 428.86667 1.6795167 -0.56296082
29 404.40927 47.977161 0.55591786 0.2367434 -0.22657633 25 0 904.85175 3.9370796 -1.4879355
30 48.866013 48.994144 0.72064893 0.44886473 -0.23783021 25 0 285.72962 1.1546608 -0.15613609
31 237.79481 52.036701 0.73429798 -0.47952997 -0.11554248 25 0 305.86245 1.1100278 -0.11333466
32 251.09883 53.259078 0.63735325 0.069982429 -0.036188176 25 0 385.67338 1.6347952 -0.53365835
33 405.08372 53.351299 0.63308092 0.33299526 0.1352137 25 0 287.94273 1.4254688 -0.38489427
34 56.824376 53.783927 0.53601033 -0.011440385 0.14895803 25 0 226.84092 1.1555552 -0.15697672
35 474.84907 53.879602 0.6044652 0.19036484 -0.23592548 25 0 852.58936 3.5111667 -1.3636286
36 298.37454 54.871815 0.60731947 0.2002167 -0.35491296 25 0 1449.7629 5.680732 -1.8860107
37 146.76199 59.580103 0.46876861 -0.043952247 -0.11375105 25 0 255.52909 1.2149609 -0.21140576
38 34.498424 62.554866 0.55806261 -0.47490974 0.10405832 25 0 235.29106 1.119073 -0.12214607
39 447.50077 61.472546 0.56801241 0.8962171 -0.043849474 25 0 1310.9171 5.3142084 -1.8135964
40 505.93606 63.762999 0.64268035 0.2023512 -0.039717201 25 0 3585.9193 14.146942 -2.8766564
41 1.7622467 65.259603 0.68105621 -0.20363731 0.017271002 25 0 409.81886 1.6655152 -0.55387148
42 353.86538 65.818044 0.74415454 0.26510117 0.097583487 25 0 340.03394 1.3032082 -0.28753452
43 58.630902 67.265118 0.70308989 -0.25657508 -0.20940275 25 0 439.88541 1.56357 -0.48529332
44 35.473895 67.49568 0.62147849 0.56622723 -0.074897883 25 0 528.49967 2.1053902 -0.8083315
45 173.65216 67.770949 0.59788717 -0.48825567 -0.18566221 25 0 318.06812 1.3170709 -0.29902287
46 437.05875 68.425505 0.61250073 0.2528141 -0.015915112 25 0 1576.4112 6.4616582 -2.0258599
47 2.0139687 69.311001 0.63112493 0.056735486 0.082784995 25 0 504.0894 2.1935876 -0.85288744
48 116.51695 69.317286 0.64588986 0.37293814 -0.33446666 25 0 412.52907 1.56355 -0.48527943
49 475.84379 69.053583 0.59273949 0.16455495 -0.11164638 25 0 418.8666 1.8950966 -0.69407838
50 422.43649 70.047489 0.66001519 0.202402 -0.22317316 25 0 615.9261 2.4751335 -0.98399658
51 40.993421 71.567876 0.63193005 0.071837059 -0.1562565 25 0 259.8854 1.1023234 -0.10577257
52 59.904978 72.386573 0.68364925 0.022197483 -0.022093018 25 0 1739.8005 6.5176038 -2.0352199
53 318.04482 73.922012 0.64122857 -0.043797008 -0.36869431 25 0 271.24257 1.1339252 -0.13646105
54 472.85443 76.94309 0.62593188 0.31829186 -0.1127947 25 0 1071.7115 4.296905 -1.5828894
55 354.84902 81.029292 0.59886457 0.017515406 -0.21874541 25 0 3405.7299 14.079993 -2.8715061
56 123.85627 84.248696 0.47439642 0.26998697 -0.11048996 25 0 420.21409 1.9830864 -0.74335412
57 439.41502 86.137377 0.522965 0.14145112 -0.28008045 25 0 254.76507 1.2833015 -0.27082178
58 96.320392 87.90076 0.49432803 0.17554197 -0.29542556 25 0 458.14583 2.1613589 -0.83681724
59 148.71803 87.831539 0.62019411 -0.44841355 -0.34274915 25 0 322.07214 1.2028362 -0.20051622
60 495.22552 87.898722 0.65575285 0.0750288 -0.11826552 25 0 24324.994 94.309694 -4.9363908
61 159.20258 94.739281 0.63177312 -0.10430112 -0.12182335 25 0 491.00053 1.8369175 -0.66022411
62 287.86915 95.366109 0.60890213 -0.043948394 -0.060509254 25 0 1187.9056 4.7246156 -1.6859162
63 291.80165 97.077511 0.58823696 -0.30106757 -0.22236708 25 0 1441.0109 5.864242 -1.9205297
64 190.06238 98.11782 0.61475256 0.09386759 -0.19147591 25 0 1752.602 6.9237575 -2.1008546
65 57.809003 102.1957 0.69316722 -0.11946114 -0.1177428 25 0 4884.6148 18.183977 -3.1492222
66 119.70221 101.81137 0.54161414 -0.13368685 -0.10524312 25 0 321.69845 1.3425246 -0.31980561
67 455.84064 101.79152 0.54336071 0.43252683 0.092944725 25 0 314.76359 1.4834738 -0.42819973
68 66.105304 103.54325 0.56624185 -0.086263245 -0.023914889 25 0 252.66107 1.2125081 -0.20921164
69 301.01349 104.10562 0.68501128 -0.10750693 -0.29437717 25 0 363.42154 1.4503668 -0.40369464
70 493.40741 107.84636 0.63442117 0.35627848 -0.24987417 25 0 2103.4189 8.0406792 -2.2632318
71 336.64047 113.52632 0.46380354 0.54618899 -0.38000033 25 0 437.10642 2.0957745 -0.80336136
72 223.18137 115.37126 0.58580482 0.2918344 -0.080944515 25 0 15901.963 64.139642 -4.5178163
73 240.62868 115.34477 0.50987968 0.61085899 0.069405364 25 0 830.12748 3.4026862 -1.3295547
74 307.3058 116.59979 0.53185127 0.36696574 0.01310078 25 0 944.35024 4.0151683 -1.5092594
75 250.65518 116.90474 0.59142301 0.16612938 -0.1959587 25 0 1808.9011 7.2930824 -2.1572778
76 452.53331 118.23415 0.58367879 0.074801958 -0.11681477 25 0 404.21373 1.8591325 -0.67327586
77 496.5381 118.59692 0.51508129 0.58812642 0.19439888 25 0 276.31282 1.3651514 -0.33795201
78 102.2731 118.7788 0.69549054 0.090416655 -0.17910212 25 0 548.13712 2.1016384 -0.80639499
79 157.02697 120.27875 0.52350328 0.48751557 0.43739912 25 0 274.6759 1.0345449 -0.03687337
80 202.7788 118.50255 0.48792567 0.63118362 0.11784587 25 0 456.41885 2.2634446 -0.88692468
81 54.982337 120.26995 0.56131861 0.015510735 -0.095977062 25 0 487.08426 2.0827311 -0.79658301
82 154.44946 121.98711 0.6575961 -0.015962433 -0.30611125 25 0 2031.7711 7.5857134 -2.1999911
83 482.35266 122.22682 0.54379148 0.53026775 -0.10942969 25 0 386.26325 1.7044701 -0.5789735
84 178.55548 127.53969 0.52288227 0.52763948 -0.18778703 25 0 1353.3848 5.4341066 -1.8378204
85 9.7375327 128.94535 0.67152262 0.046344449 -0.15814657 25 0 1341.2846 5.1561792 -1.78082
86 256.03489 130.79439 0.47863017 -0.15094918 -0.13815026 25 0 365.16503 1.8037632 -0.6404488
87 398.48322 138.91944 0.6194223 -0.096387509 -0.28012874 25 0 11865.276 46.011902 -4.1571755
88 386.92311 142.03702 0.53702732 -0.129862 -0.32576061 25 0 251.77305 1.3097893 -0.29300357
89 301.2815 144.6083 0.56424643 0.54666762 0.056798886 25 0 2472.6703 9.8764056 -2.4864973
90 17.009065 145.3152 0.67207845 0.19598742 -0.06130755 25 0 805.62277 2.9559196 -1.1767315
91 0.3193768 149.4357 0.78578115 0.36287729 0.095886216 25 0 625.35415 2.2183299 -0.86506536
92 486.53026 150.97167 0.65694501 0.068753483 -0.19300825 25 0 8176.3957 31.212766 -3.7358307
93 99.829138 158.68771 0.58630147 0.38188982 -0.0041505723 25 0 453.63735 1.8942914 -0.69361699
94 388.39747 160.63395 0.52993034 0.64939872 -0.0033087837 25 0 39063.925 158.75108 -5.5017917
95 208.96058 164.3808 0.55810794 0.21467973 -0.035651458 25 0 484.90425 2.0291062 -0.76826195
96 427.50109 163.99029 0.52416763 -0.026293886 -0.23830467 25 0 388.80636 1.8939506 -0.69342164
97 155.878 167.84945 0.61539355 0.074210845 -0.063441057 25 0 817.5729 3.3309736 -1.306428
98 35.671786 171.31118 0.6344834 0.45837798 0.13727598 25 0 345.14729 1.334979 -0.31368607
99 480.59023 172.2674 0.63236444 -0.2142915 -0.11329016 25 0 6484.463 25.135711 -3.5007279
100 228.4111 172.87908 0.65802008 0.21263981 -0.30531423 25 0 1686.6744 6.166683 -1.9751291
101 348.72748 172.84125 0.57974784 -0.095207735 -0.32621089 25 0 521.43687 2.3462283 -0.92592565
102 166.46611 173.47915 0.50732699 0.5513118 -0.077538663 25 0 789.28635 3.3229895 -1.3038224
103 3.9599186 175.17126 0.5634226 0.58310124 -0.33737302 25 0 217.42397 1.1159892 -0.11914997
104 415.81371 174.8719 0.64890485 0.1665393 -0.29042117 25 0 322.84786 1.42275 -0.38282145
105 155.01518 176.17626 0.64404934 0.081509465 -0.09809811 25 0 1672.6862 6.2519157 -1.9900328
106 19.160457 182.02686 0.68091694 0.15097374 -0.14271693 25 0 867.93847 3.4380311 -1.3407745
107 117.35934 182.12845 0.59639517 0.3900083 -0.1084971 25 0 1772.0557 7.2096866 -2.144791
108 423.47192 181.49837 0.57877976 0.58720912 -0.10828709 25 0 2301.7765 9.0536842 -2.3920633
109 485.2307 183.38884 0.65032836 0.27336747 -0.018020231 25 0 813.1257 3.3543337 -1.3140157
110 413.45775 183.73786 0.63162686 -0.26437491 -0.18125368 25 0 619.44091 2.6399955 -1.054008
111 229.18771 185.05233 0.59845087 -0.010244431 -0.25034135 25 0 1044.0525 4.076641 -1.5257562
112 423.93556 186.46415 0.53640814 0.26867377 0.15208034 25 0 745.3874 3.3216448 -1.303383
113 191.65396 187.66007 0.62483332 0.27272671 -0.10096586 25 0 651.50313 2.4256491 -0.96206996
114 73.940274 188.65799 0.58505127 0.21187697 -0.050821077 25 0 37155.416 152.08896 -5.4552443
115 123.69173 189.95422 0.59966166 0.32173208 -0.035762066 25 0 402.83658 1.5509558 -0.47649852
116 255.07484 193.89687 0.5544949 -0.0067425642 -0.017409933 25 0 307.52941 1.394185 -0.360801
117 423.16205 194.33785 0.70754446 -0.22972487 -0.40516361 25 0 348.00857 1.262788 -0.25332614
118 457.24155 198.54507 0.7037573 0.55446445 -0.012889309 25 0 574.40955 2.1973908 -0.85476825
119 351.54743 199.97536 0.69446666 0.064694192 -0.10938199 25 0 311.36735 1.2537982 -0.2455691
120 384.45804 200.07745 0.4580597 0.62872869 -0.34429568 25 0 231.82078 1.2202176 -0.21609317
121 170.61661 200.60805 0.59785775 0.22175937 -0.10550114 25 0 542.25622 2.1562893 -0.83426757
122 200.94709 201.85052 0.66318264 0.14817573 -0.017567166 25 0 381.79477 1.395471 -0.36180207
123 510.77219 202.04421 0.83205096 -0.059744772 0.18447349 25 0 1641.402 5.6880652 -1.8874114
124 69.127167 202.59069 0.49402282 0.15106475 0.032786933 25 0 492.1421 2.3424713 -0.9241857
125 408.29452 202.76756 0.76311788 0.32097339 -0.24114758 25 0 348.80788 1.3064983 -0.29027209
126 471.79266 204.56 0.61192543 0.43176447 -0.051013406 25 0 583.97502 2.3810692 -0.94193006
127 417.97204 206.90727 0.69623629 0.13428958 -0.014841308 25 0 314.0084 1.15464 -0.15611654
128 505.12456 208.17075 0.67736313 0.12260235 -0.083820535 25 0 3549.7612 13.424114 -2.8197141
129 14.725917 212.35752 0.65198019 0.50950106 0.28361164 25 0 342.76347 1.3422244 -0.31956282
130 16.869066 213.14561 0.67439636 0.50624978 -0.36393559 25 0 496.82398 1.9102954 -0.70275135
131 427.94288 214.44453 0.61386413 0.31247156 0.066044585 25 0 1043.2729 4.232064 -1.5663806
132 328.71129 216.48477 0.47638061 0.56334284 -0.065723342 25 0 1120.8148 5.0687035 -1.7622422
133 258.85809 218.60967 0.55504243 0.037241188 0.090581833 25 0 586.37688 2.4475297 -0.97181991
134 153.0743 219.98049 0.65712492 0.16420189 -0.19907377 25 0 1085.7369 4.0176469 -1.5099294
135 481.74029 223.11871 0.63133622 -0.061885908 -0.12273538 25 0 4916.9071 19.410786 -3.2201078
136 443.08295 223.61104 0.68810578 0.45637782 -0.05705568 25 0 235.13214 1.0038406 -0.0041618423
137 242.31232 225.28965 0.60315637 0.19639526 -0.19446648 25 0 2687.5841 10.645362 -2.567901
138 354.556 227.53682 0.53336989 0.61575378 -0.1467039 25 0 3304.8267 13.330507 -2.8121166
139 424.53858 228.17561 0.62269443 -0.18203128 -0.18763235 25 0 13194.473 50.304032 -4.254007
140 329.52978 229.68109 0.53455589 -0.45428255 -0.2058688 25 0 895.2878 3.8067438 -1.4513841
141 493.73101 230.03795 0.74555737 -0.093760067 -0.044836333 25 0 343.04883 1.1892205 -0.18815595
142 182.8114 236.03209 0.57755607 0.21350777 -0.17623229 25 0 718.57626 3.009368 -1.1961882
143 242.88157 237.01094 0.55284385 0.033745843 -0.20238874 25 0 723.10359 3.0442248 -1.2086918
144 33.273604 240.17113 0.74931937 0.076198896 -0.11926719 25 0 457.97155 1.7021115 -0.57747
145 433.8316 239.68354 0.57903507 0.43548394 0.00242741 25 0 1800.552 7.309354 -2.1596975
146 19.701073 242.81402 0.5829211 -0.036977254 -0.2761941 25 0 272.71892 1.2820163 -0.26973391
147 488.1382 250.84327 0.65730343 -0.37666659 -0.086024256 25 0 287.50447 1.1205443 -0.12357255
148 430.61973 253.13327 0.63302912 -0.1272817 -0.19635631 25 0 7559.2455 28.921625 -3.6530567
149 206.38417 253.53429 0.57141085 0.59844687 -0.19655663 25 0 4060.9124 15.892404 -3.002974
150 268.72302 256.04466 0.59183894 -0.11339754 -0.20028349 25 0 478.26935 2.0414308 -0.77483667
151 334.07561 262.22153 0.67087741 0.29774467 0.035961366 25 0 401.1052 1.582184 -0.49814244
152 107.15117 263.96961 0.6470584 -0.14714598 -0.16982227 25 0 325.15584 1.2858977 -0.27301608
153 29.196266 274.4248 0.56463789 0.48561005 -0.073403865 25 0 262.86539 1.2934048 -0.27933614
154 35.646013 274.26373 0.66979939 -0.075177526 -0.11287373 25 0 1474.7749 5.4976011 -1.8504331
155 92.122011 275.72346 0.51448648 -0.17152065 0.078026655 25 0 254.91611 1.0855594 -0.089133986
156 217.98185 282.55074 0.48587608 0.63295346 -0.19054924 25 0 291.09183 1.4560514 -0.40794177
157 50.004948 283.52954 0.48366581 -0.016730118 0.034382176 25 0 600.62518 2.7067132 -1.0811056
158 350.33559 285.89014 0.60010547 -0.060287578 -0.24405143 25 0 5405.1341 21.638678 -3.3380768
159 162.93968 287.15421 0.62539076 0.10812565 -0.1046112 25 0 913.50534 3.5979298 -1.3901317
160 41.593097 288.3813 0.61340147 0.6314188 -0.19545721 25 0 1137.4262 4.4388575 -1.618178
161 69.781315 288.24025 0.65174189 0.22664275 -0.059355558 25 0 1242.6927 4.7057346 -1.6815686
162 324.51002 290.52813 0.66774842 -0.12464287 -0.42024008 25 0 332.48417 1.2463665 -0.23911445
163 455.89844 290.76927 0.56584929 0.062126556 0.073127657 25 0 751.35644 3.3274684 -1.3052849
164 72.613789 298.03746 0.75320618 -0.036735948 -0.17491209 25 0 328.92115 1.0468613 -0.049722871
165 138.83514 297.97607 0.61298995 0.015742586 -0.25778061 25 0 514.43052 2.0671921 -0.78845211
166 53.27938 303.95861 0.62530406 -0.05907243 -0.18860221 25 0 1367.505 5.5543535 -1.8615838
167 401.0061 304.09647 0.53118843 0.036140248 -0.099322681 25 0 351.26064 1.5742194 -0.49266318
168 196.78633 309.52304 0.52997293 0.34674353 -0.13685869 25 0 698.38804 2.8634536 -1.1422254
169 428.55329 309.62647 0.61232913 0.56975944 -0.11509644 25 0 1003.94 4.0052219 -1.5065665
170 115.97779 314.34776 0.61957934 0.19458358 -0.060827712 25 0 3425.7954 13.404722 -2.8181445
171 37.955782 318.35016 0.79040788 0.2113566 -0.21160026 25 0 457.91396 1.5551554 -0.47943449
172 165.32381 323.97112 0.60112704 -0.093181414 -0.25554148 25 0 336.0873 1.2751307 -0.26388679
173 308.55133 326.12831 0.63321835 -0.28514439 -0.25495712 25 0 585.40133 2.1837281 -0.84799643
174 241.14214 328.93686 0.6517527 0.67097288 -0.14780244 25 0 333.03413 1.1747976 -0.17490765
175 -0.012035581 333.56279 0.96264043 0.3902189 0.69539755 25 0 585.34933 1.7613557 -0.61461769
176 265.62195 333.57371 0.50730694 -0.19213651 -0.20441754 25 0 405.00679 1.7621773 -0.615124
177 8.7466748 334.1527 0.71500104 -0.014102199 -0.11279941 25 0 14908.843 55.082803 -4.3525401
178 358.53267 333.81193 0.5461177 -0.10319022 -0.23804837 25 0 436.8964 1.8176934 -0.6488016
179 55.081467 335.33267 0.61726658 0.13271521 0.055958583 25 0 901.27567 3.3633115 -1.3169177
180 241.90932 334.89807 0.57137589 0.078324443 -0.2515153 25 0 870.24972 3.6167667 -1.3958012
181 466.74549 341.44735 0.67840355 0.23680653 0.2911451 25 0 948.9834 3.1650612 -1.2509553
182 238.0227 344.56499 0.44062566 -0.14110782 -0.11927877 25 0 300.1342 1.3651055 -0.33791554
183 338.72652 347.31789 0.61035141 -0.18381079 -0.16405484 25 0 715.9299 2.7789239 -1.1096916
184 218.03283 350.9872 0.61171454 0.032431283 -0.1739391 25 0 5361.0217 21.334559 -3.3227092
185 360.00822 352.52624 0.56084739 0.070173435 0.027407099 25 0 925.26118 3.664089 -1.409915
186 0.32372973 353.19893 0.88965354 -0.44014054 0.19968443 25 0 1029.0593 3.2792331 -1.2894307
187 471.74254 353.33468 0.53460218 0.51740092 -0.062623557 25 0 283.29611 1.1907648 -0.18956497
188 276.93436 354.9928 0.6077534 0.041834629 -0.21802761 25 0 26159.179 104.56288 -5.0484438
189 0.49852113 357.07523 0.82772614 -0.30834267 0.0069477018 25 0 1576.1992 5.2440505 -1.7991672
190 1.2832608 360.34565 0.52278915 0.15351419 -0.11867247 25 0 415.44843 1.7458868 -0.6050402
191 6.1679237 362.01617 0.6568119 -0.81190503 -0.39255848 25 0 282.035 1.02354 -0.025262023
192 392.71558 362.10996 0.6572171 -0.025308701 -0.13673385 25 0 1975.8372 7.4253231 -2.1767884
193 458.05023 362.85064 0.51470436 -0.21597696 -0.22295888 25 0 292.68166 1.2328462 -0.22727223
194 204.39332 363.9819 0.61694988 -0.076861192 -0.29229953 25 0 1589.7203 6.2010927 -1.9811706
195 256.37366 365.20235 0.60976889 0.12078246 -0.24090859 25 0 2648.4348 10.424146 -2.5451012
196 405.88304 366.55821 0.6176754 0.19562923 0.10043268 25 0 1068.662 4.1169142 -1.5364295
197 73.932496 366.62833 0.60272814 0.24842325 -0.036140987 25 0 4837.024 19.326323 -3.2153731
198 116.98225 367.37358 0.57446318 0.50043074 -0.052564115 25 0 503.07482 1.9461946 -0.72296566
199 477.60517 368.537 0.54662287 0.4406611 -0.043155415 25 0 7645.6519 31.669768 -3.7516122
200 1.1154358 369.53442 0.68710019 -0.28008423 0.046141108 25 0 501.97134 1.7461939 -0.60523119
201 454.22429 376.3456 0.40477149 0.56523814 0.091290532 25 0 197.39397 1.0057486 -0.0062236411
202 424.53485 377.99834 0.6433295 0.42667304 -0.33989262 25 0 268.64224 1.0903078 -0.093872757
203 3.9901083 379.94525 0.72506003 0.44934001 0.19103214 25 0 378.38236 1.4221178 -0.38233895
204 344.24698 379.61752 0.55911243 -0.12130479 -0.080277053 25 0 3052.7422 12.416925 -2.7350351
205 53.094822 380.79504 0.6423265 0.08222443 -0.13319791 25 0 3939.5864 15.487548 -2.9749567
206 98.845645 382.51851 0.62731283 0.36340997 -0.01292318 25 0 615.01876 2.1776365 -0.84496349
207 205.56447 383.95413 0.78973865 -0.16519604 -0.18816691 25 0 675.4185 2.0867119 -0.79865621
208 247.29587 384.90802 0.64171897 0.23525073 -0.23672963 25 0 372.67861 1.4133778 -0.37564568
209 462.18493 385.04297 0.6837604 -0.83589559 -0.022216707 25 0 765.816 2.7491948 -1.0980138
210 78.590782 385.52613 0.55034328 -0.10581887 -0.057995911 25 0 404.3806 1.6807941 -0.56378626
211 122.83788 386.77388 0.62348191 0.16136207 -0.11398719 25 0 1497.8244 5.8290473 -1.9139939
212 494.63414 386.98391 0.63729931 0.22032534 -0.19942927 25 0 331.00584 1.2515911 -0.24365614
213 433.48849 388.99828 0.65770908 -0.060933227 -0.23650401 25 0 2612.4803 9.7072674 -2.4677425
214 462.88644 388.55155 0.56440768 0.032265667 -0.013947435 25 0 1931.5881 7.8880838 -2.2424288
215 38.314789 391.70419 0.59885785 -0.28742639 -0.21704698 25 0 565.38299 2.1303886 -0.82114708
216 224.84684 396.73415 0.57957714 0.17195159 -0.14726728 25 0 7231.4 29.456713 -3.6729607
217 355.4599 398.82622 0.63402198 -0.411769 -0.27910068 25 0 769.66738 2.8898554 -1.1521903
218 253.90506 404.18365 0.70752226 0.49540249 -0.073731164 25 0 727.12639 2.5389864 -1.0116509
219 390.76098 403.82804 0.59877879 -0.13870637 -0.17600882 25 0 560.29237 2.4147382 -0.95717512
220 0.51393636 405.89146 0.65189505 -0.32253556 0.23068939 25 0 285.66422 1.1185902 -0.12167756
221 251.28824 407.84668 0.63531524 -0.09360247 -0.21953696 25 0 2017.9674 7.6674856 -2.2116324
222 472.67645 408.37582 0.73356252 -0.29127563 0.0038280239 25 0 489.04724 1.4924017 -0.43471433
223 19.76588 411.99475 0.8715765 0.096694373 -0.073909197 25 0 373.60593 1.0018208 -0.001975116
224 83.295588 413.10516 0.71267855 0.43193097 -0.081591227 25 0 1024.5238 3.4863172 -1.3559172
225 107.38098 414.56842 0.58842293 -0.17808379 -0.035987733 25 0 2109.9026 8.3042436 -2.2982502
226 283.2434 424.76884 0.62757703 -0.059514075 -0.018802506 25 0 417.81072 1.652283 -0.5452111
227 163.93429 426.19966 0.58586534 0.73133754 -0.12955714 25 0 396.48883 1.5245886 -0.4578817
228 193.02179 431.53313 0.50991947 0.22549712 -0.06963007 25 0 365.24524 1.4362192 -0.39305182
229 158.16167 432.74866 0.61208276 0.092433013 -0.13668911 25 0 2230.7733 8.7420205 -2.3540296
230 131.65782 433.53433 0.60030138 0.34434605 -0.15493374 25 0 1003.7198 3.6994841 -1.4203529
231 380.4547 433.49061 0.70367956 -0.75165853 -0.14930664 25 0 345.35156 1.1767544 -0.17671462
232 173.25027 434.12444 0.53140791 0.36468162 0.1000927 25 0 270.10254 1.066691 -0.070096614
233 231.40165 436.07288 0.61632868 0.029814452 -0.24254754 25 0 1218.0883 4.8598962 -1.7165675
234 490.26443 435.97567 0.24064271 0.05685894 -0.074516455 25 0 61145.428 307.53304 -6.2197295
235 343.88163 437.9806 0.64142774 -0.0025704269 -0.2036294 25 0 3519.7046 13.740194 -2.8449822
236 13.676552 440.98618 0.64987819 -0.51103695 -0.34331671 25 0 370.92948 1.3811821 -0.35062736
237 244.45208 440.57907 0.5659724 -0.43695398 -0.098281908 25 0 1053.6728 4.0688689 -1.5236842
238 90.621304 442.46578 0.60729913 0.63221286 -0.18655906 25 0 12186.564 46.787867 -4.1753331
239 475.50945 443.19722 0.63766842 0.16288784 -0.073079937 25 0 348.68784 1.2025882 -0.20029235
240 462.37779 449.49799 0.67381226 -0.37894025 0.10288127 25 0 351.42068 1.2312008 -0.22582222
241 211.41461 450.03333 0.75009357 0.48974716 -0.1594647 25 0 399.37806 1.2250104 -0.22034948
242 476.42739 452.43415 0.58562435 -0.496885 -0.023706884 25 0 1923.3001 7.4412132 -2.1791094
243 379.01501 455.00503 0.73903351 0.042289737 -0.1174635 25 0 431.5103 1.4315053 -0.38948238
244 253.91354 456.19552 0.47849152 0.50096966 -0.050957064 25 0 247.36055 1.020633 -0.022173997
245 310.46617 456.05155 0.60056701 0.015894266 -0.36964766 25 0 725.31754 2.8058701 -1.1201689
246 434.47328 457.43426 0.74380162 -0.14712598 -0.10212746 25 0 418.99503 1.3044927 -0.28860413
247 361.54288 461.10197 0.64950352 -0.113456 -0.31471146 25 0 1436.4968 5.3299521 -1.8168083
248 55.55736 462.01732 0.68673922 0.01705648 -0.25623573 25 0 6342.3445 23.617722 -3.433095
249 148.39875 463.20725 0.64509939 -0.11586275 -0.23605389 25 0 1211.2668 4.4544375 -1.6219822
250 427.02595 464.68779 0.37316252 -0.02378009 -0.1974548 25 0 60943.352 308.55655 -6.2233369
251 290.52764 465.50927 0.6407567 0.55119016 -0.16298204 25 0 319.98214 1.0777111 -0.081255932
252 404.23676 466.95988 0.68700729 0.30540767 0.160122 25 0 393.682 1.4223055 -0.38248224
253 210.31403 471.2148 0.64840934 0.19233553 -0.17051706 25 0 5308.1196 20.385976 -3.2733288
254 341.87128 472.91682 0.67494633 -0.32142787 -0.23319903 25 0 741.96143 2.6055953 -1.0397674
255 428.13478 472.44599 0.44407126 -0.4323197 0.099116045 25 0 447.15378 1.6381581 -0.53588956
256 113.7097 475.15699 0.5663487 -0.11160855 -0.45117198 25 0 448.94611 1.6246622 -0.52690766
257 260.46291 474.49387 0.57713238 -0.3038563 -0.13418344 25 0 2673.1663 10.297266 -2.5318049
258 337.63938 479.82088 0.69004751 0.13105726 -0.17457449 25 0 578.98951 2.0652461 -0.78742952
259 138.34159 480.47579 0.60412596 -0.19804154 -0.10245957 25 0 776.23441 2.8546705 -1.13889
260 215.98179 484.92525 0.66710283 0.01989145 -0.64700443 25 0 372.03913 1.2687174 -0.2584122
261 63.453412 485.86643 0.68870134 -0.054530288 -0.22847729 25 0 1297.7034 4.8395979 -1.7120232
262 239.44124 495.74149 0.59451767 0.69025732 -0.16772349 25 0 438.29596 1.648269 -0.54257025
263 496.60517 497.8501 0.47732568 -0.59143691 0.093298167 25 0 250.92379 1.0684692 -0.071905007
264 149.57479 499.53004 0.5678892 0.64671447 0.1029781 25 0 367.19434 1.4570237 -0.40866651
265 66.481425 500.7841 0.7362145 0.53916477 -0.49210133 25 0 370.50912 1.1000447 -0.10352587
266 115.34771 502.63828 0.61810853 0.12027064 0.13350093 25 0 548.76779 1.9738891 -0.73830686
267 160.70371 502.60577 0.66668258 0.32489282 -0.085431908 25 0 546.12267 1.7622278 -0.61515512
268 279.42312 505.11252 0.69448173 -0.19667696 -0.16658559 25 0 322.86244 1.1747946 -0.17490487
269 116.25016 506.28457 0.63447409 0.22659203 -0.17312394 25 0 817.78824 3.0208845 -1.2003353
270 57.646957 508.73983 0.57851594 0.19379656 0.062487059 25 0 304.65129 1.3326303 -0.3117742
271 162.54682 509.99545 0.67876093 0.22269506 -0.26295744 25 0 940.98271 3.3000165 -1.2962903
