id xcentroid ycentroid sharpness roundness1 roundness2 npix sky peak flux mag
1 30.927397 0.02792768 0.8988509 -0.42200802 -0.56481569 25 0 2410.2628 5.5125618 -1.8533837
2 292.46547 15.572559 0.57717665 0.015059566 -0.13256198 25 0 475.8861 1.4104732 -0.3734121
3 423.70864 18.969566 0.588007 -0.12278569 -0.11229684 25 0 460.14395 1.5287213 -0.46082078
4 104.17047 22.482946 0.44981991 0.24793373 -0.22397667 25 0 312.0503 1.3452369 -0.3219969
5 19.465825 24.34646 0.60338318 0.073576663 -0.27332916 25 0 10785.741 29.234659 -3.6647451
6 329.93283 24.127952 0.57712346 0.060721988 -0.34652393 25 0 666.76592 2.1891558 -0.85069166
7 403.10497 27.507572 0.63752217 0.35842898 -0.055965215 25 0 595.01191 1.7662771 -0.61764708
8 462.40933 27.374996 0.66734842 0.30508726 -0.20866571 25 0 22731.571 57.902152 -4.4067368
9 349.07733 45.535745 0.52308746 -0.32547376 -0.062305552 25 0 358.66435 1.2042703 -0.20180993
10 448.1895 45.849501 0.61403762 0.32106127 -0.066312598 25 0 320.44605 1.0073232 -0.0079221089
11 108.41113 52.097742 0.54977683 -0.25315072 -0.42145552 25 0 446.21271 1.2976698 -0.28291045
12 181.44301 53.224352 0.68268029 0.14706536 -0.23366175 25 0 943.17639 2.3776118 -0.94035236
13 200.88414 54.120782 0.58170133 -0.14856 -0.27505066 25 0 1788.7982 5.1106989 -1.7712007
14 61.261765 56.470051 0.70900969 0.076114272 -0.16624234 25 0 425.33944 1.1631112 -0.16405305
15 319.51091 56.394149 0.42678284 -0.44864566 -0.27792388 25 0 57440.763 159.33038 -5.5057465
16 106.30998 58.285357 0.63603773 0.038095221 -0.29610327 25 0 4329.2503 11.482761 -2.6501158
17 149.03626 59.006332 0.46450721 -0.16341908 -0.296926 25 0 260.28835 1.0518894 -0.054925239
18 395.00637 60.210313 0.66307446 0.090894531 -0.20611665 25 0 961.64862 2.6466586 -1.0567448
19 465.57476 66.289857 0.64741649 0.13778267 -0.27331938 25 0 697.26352 1.9500915 -0.72513745
20 289.23119 66.844677 0.63068979 -0.25296588 -0.39858735 25 0 1279.1827 3.5659858 -1.380449
21 438.07745 73.81148 0.62452358 0.088563332 -0.2127757 25 0 1420.9206 4.1385732 -1.5421266
22 496.66076 76.085838 0.62621767 0.012320723 -0.17683975 25 0 3008.1307 8.3470293 -2.3038298
23 26.414476 79.269452 0.64262286 0.13123637 -0.44759523 25 0 487.8651 1.3958135 -0.36206846
24 427.64449 80.59894 0.51668961 0.44250164 -0.10620676 25 0 1099.0937 3.4650864 -1.3492852
25 466.30843 81.517542 0.49857389 0.64946141 -0.38556376 25 0 269.11959 1.0931111 -0.09666072
26 412.96358 82.364929 0.56566519 -0.23829398 -0.20719103 25 0 472.77739 1.6558831 -0.5475742
27 50.610681 84.153042 0.63000204 -0.52697592 -0.41274219 25 0 1345.6171 3.6333982 -1.4007825
28 463.46436 89.232176 0.59145762 0.49502732 -0.20505457 25 0 682.35282 1.8953924 -0.69424782
29 345.46426 93.134113 0.57093773 -0.31348581 -0.39186429 25 0 2396.8663 6.8576109 -2.0904321
30 114.45078 96.177714 0.58079281 -0.04097192 -0.56239056 25 0 360.2029 1.0995867 -0.10307365
31 86.83195 99.571649 0.54087216 0.10762007 -0.032122605 25 0 509.68724 1.6597763 -0.55012387
32 485.92745 100.18201 0.65428966 -0.081152536 -0.17029227 25 0 20507.137 54.681482 -4.3446007
33 278.47988 107.3349 0.59441839 -0.64459532 -0.43394721 25 0 809.45881 2.2530385 -0.88192152
34 282.38796 109.02624 0.60487494 -0.68949203 -0.52672493 25 0 1090.2405 3.0646025 -1.2159354
35 180.60637 110.00409 0.58197792 -0.067909433 -0.32981061 25 0 1336.1697 3.6592024 -1.4084661
36 48.429505 114.02785 0.61086616 -0.34597256 -0.41590808 25 0 3002.5221 7.895052 -2.2433875
37 503.99233 116.69188 0.62200787 -0.18491819 -0.16496177 25 0 1872.9257 5.2004642 -1.7901053
38 484.26418 120.15519 0.68950138 0.08841865 -0.15135663 25 0 1977.6762 5.185652 -1.7870084
39 327.06489 125.39428 0.49496948 -0.068888804 0.054828005 25 0 299.03637 1.1303076 -0.13299159
40 213.85631 127.34182 0.59801065 -0.2392141 -0.15360291 25 0 14097.09 38.494513 -3.9634971
41 231.15609 127.42753 0.64504979 -0.15592255 0.055454998 25 0 784.33981 2.0139357 -0.76011399
42 297.90819 128.7082 0.54660338 -0.23126608 0.033436901 25 0 795.44291 2.3842831 -0.94339456
43 241.26385 128.92273 0.60580496 -0.19352424 -0.30140788 25 0 1574.3012 4.3293142 -1.5910478
44 45.809595 132.11067 0.57782093 -0.12435814 -0.33409853 25 0 376.64677 1.058737 -0.061970206
45 145.18156 133.86326 0.67571404 -0.27247903 -0.28719729 25 0 1866.1577 4.7107997 -1.6827366
46 473.27601 134.64173 0.51139027 -0.46127299 -0.18914255 25 0 283.35909 1.1327652 -0.13534977
47 169.13128 139.3561 0.59565839 -0.24466109 -0.31918131 25 0 1357.2719 3.6599377 -1.4086842
48 0.59152648 140.55334 0.51003602 0.24723765 -0.081010609 25 0 832.78881 2.7321175 -1.0912484
49 389.02051 151.06202 0.60449265 -0.15158013 -0.2532791 25 0 10106.271 27.977362 -3.6170169
50 7.8397172 156.94498 0.58354627 -0.030654637 -0.32157852 25 0 577.7921 1.7026327 -0.57780242
51 291.82726 156.63865 0.53504806 0.013288096 -0.13264792 25 0 2179.9063 6.4167545 -2.0182886
52 477.22485 163.1925 0.64733533 0.036491834 -0.18003595 25 0 7026.0887 18.812221 -3.1861002
53 378.94252 172.57247 0.52657092 0.01522706 -0.11655199 25 0 36289.806 104.26891 -5.045387
54 199.38607 176.54881 0.34449352 -0.64597927 -0.35111598 25 0 304.84839 1.025496 -0.027334882
55 418.00862 176.0079 0.67170483 -0.49480066 -0.29145463 25 0 414.68704 1.2181296 -0.21423375
56 157.15757 185.52316 0.55414305 0.33867108 0.0302363 25 0 718.87081 2.0343311 -0.77105411
57 219.01723 184.9198 0.57426744 -0.19045897 -0.28411119 25 0 1484.389 4.2190934 -1.5630478
58 339.12139 184.94438 0.58022818 -0.36047624 -0.38704008 25 0 419.15852 1.2964926 -0.28192511
59 471.25032 184.49951 0.56565775 -0.26174179 -0.040319548 25 0 4946.7549 13.748574 -2.8456442
60 145.60414 188.06244 0.61793163 -0.17261282 -0.36865523 25 0 1410.4635 3.7476637 -1.4344015
61 9.838856 193.76293 0.57614673 -0.081860224 -0.2503144 25 0 580.41694 1.7622173 -0.61514863
62 107.87977 194.01816 0.55365979 0.078458033 -0.17076393 25 0 1411.8665 3.9422612 -1.4893635
63 414.13353 193.70082 0.57298494 -0.33285675 -0.16012188 25 0 2159.5738 6.1669883 -1.9751828
64 404.00407 195.92733 0.58838893 0.24740473 -0.12044372 25 0 476.18184 1.452694 -0.40543535
65 475.73473 195.80372 0.63926081 0.056612187 -0.29890116 25 0 614.39781 1.7395152 -0.60107054
66 219.78986 197.12756 0.56258915 0.038266964 -0.25741155 25 0 885.47051 2.4719023 -0.98257827
67 414.40816 198.67574 0.4755921 -0.1598925 -0.36000032 25 0 498.06855 1.7210316 -0.58947208
68 64.517808 200.42322 0.60525664 -0.5987772 -0.20069252 25 0 29836.72 78.738512 -4.740468
69 182.33298 199.55641 0.76565975 -0.22977486 -0.23350009 25 0 643.12414 1.4214977 -0.38186537
70 114.39709 201.75071 0.70622445 -0.44752908 -0.38574392 25 0 440.06563 1.1210411 -0.12405387
71 448.02188 210.49003 0.6595581 0.385318 0.059650082 25 0 495.76043 1.4104635 -0.37340459
72 160.98449 212.46248 0.44247871 -0.30888239 -0.0060044768 25 0 444.06883 1.476847 -0.42333873
73 59.507946 214.7294 0.63452594 -0.34718999 0.26422651 25 0 420.13846 1.1170291 -0.12016117
74 501.75551 214.50506 0.57664238 -0.2771869 -0.064414451 25 0 1155.2754 3.200459 -1.2630307
75 462.25267 216.78735 0.67194648 -0.29045435 -0.29723943 25 0 507.15723 1.318567 -0.30025552
76 495.705 220.59015 0.56272511 -0.39022186 -0.02176322 25 0 2295.0827 6.4954304 -2.0315198
77 7.6172902 224.84507 0.69173296 0.21490126 -0.2769525 25 0 397.30936 1.0658177 -0.069207298
78 418.49751 226.64122 0.62445813 -0.060663485 -0.31162903 25 0 778.23013 2.0314986 -0.7695413
79 319.1771 228.62532 0.5091108 -0.093672675 -0.20697151 25 0 1022.7946 3.1062649 -1.2305962
80 249.57387 230.5621 0.65961109 0.14967435 -0.18034546 25 0 577.36058 1.4410877 -0.39672604
81 143.51394 231.87456 0.56792132 -0.20559435 -0.44172147 25 0 745.5329 1.969669 -0.73598313
82 472.37463 235.50335 0.58862994 0.22409721 -0.17987793 25 0 3338.4567 8.9232404 -2.3763065
83 232.86383 237.2917 0.54147518 -0.26347113 -0.22641102 25 0 2144.5438 6.1850266 -1.9783539
84 344.9319 239.55198 0.51082793 -0.00041451158 -0.13866752 25 0 3061.554 8.8450287 -2.3667481
85 415.13611 240.55196 0.57759609 0.083540241 -0.05809391 25 0 10198.42 27.555545 -3.6005225
86 319.93103 241.83852 0.59902815 -0.052017125 -0.22700375 25 0 869.83393 2.4088495 -0.95452415
87 173.56811 248.0152 0.59044289 -0.50315849 -0.52222704 25 0 546.65554 1.4319072 -0.38978719
88 233.45607 249.04022 0.63234555 -0.20501093 -0.37140327 25 0 624.14768 1.6141135 -0.51983517
89 23.897334 251.76635 0.49424802 0.40906529 -0.27749498 25 0 297.03363 1.0450333 -0.047825312
90 424.35271 252.0369 0.61351447 -0.046680627 -0.25065108 25 0 1575.2163 4.18984 -1.5554936
91 421.20306 265.49366 0.61978037 0.1454012 -0.10427667 25 0 5880.7678 15.260411 -2.9589156
92 197.08507 265.43151 0.51014672 -0.14176625 -0.021057859 25 0 3531.3112 10.167192 -2.5180025
93 259.11593 268.05739 0.72149344 -0.29255656 -0.078298271 25 0 397.97387 1.0338803 -0.03617563
94 26.32955 286.06387 0.67858633 -0.012486737 -0.29360577 25 0 1264.5509 3.1733987 -1.2538116
95 40.418767 295.27969 0.55280062 -0.40702016 -0.35404073 25 0 518.49192 1.4905908 -0.43339607
96 340.69048 298.06803 0.57459981 -0.2118465 -0.31819964 25 0 4476.2521 12.465124 -2.7392415
97 153.48884 299.12211 0.58510167 -0.48832291 -0.47928839 25 0 704.31532 1.8723772 -0.68098339
98 32.043743 300.10833 0.56825712 -0.25997769 -0.28562237 25 0 1086.9432 3.2124781 -1.2671004
99 60.374376 300.04164 0.63559063 -0.32838348 -0.35349498 25 0 987.8139 2.6368994 -1.0527339
100 315.24215 302.9506 0.64379129 0.16799629 -0.076072135 25 0 389.83757 1.0092771 -0.010026042
101 446.34363 303.14816 0.65045295 0.35545262 -0.051622306 25 0 630.96687 1.6826011 -0.56495294
102 43.816143 315.68659 0.61543001 0.06617717 -0.089009753 25 0 1102.131 2.9693924 -1.181669
103 187.42503 321.7175 0.51832746 0.060017159 -0.16571413 25 0 570.29724 1.5534008 -0.47820884
104 419.10937 321.87853 0.6142325 -0.025814637 -0.26692203 25 0 908.52242 2.477302 -0.9849474
105 106.5058 326.20833 0.59404278 -0.40538789 -0.40246608 25 0 2600.0169 7.0531785 -2.1209622
106 298.8795 338.10356 0.57234952 0.0015611099 -0.28351261 25 0 437.34919 1.0368025 -0.039240116
107 0.14859224 345.86768 0.90611665 0.10521433 0.30702177 25 0 8277.0034 18.687006 -3.1788493
108 348.82865 346.10324 0.56262534 -0.10510353 -0.23553424 25 0 441.12038 1.1826167 -0.18211001
109 45.841054 347.0893 0.74062811 -0.45541333 -0.54489879 25 0 827.50313 1.9296675 -0.7137062
110 232.57192 346.94437 0.66029989 -0.084884915 -0.34252515 25 0 752.47674 1.7726335 -0.62154741
111 457.39806 353.65495 0.42175039 -0.13334784 0.18462821 25 0 647.14545 1.7445995 -0.60423937
112 329.28007 359.51272 0.46590442 -0.16216908 -0.40042346 25 0 502.47135 1.4486747 -0.40242717
113 208.53398 362.96821 0.58649835 -0.23096919 -0.39128148 25 0 4151.6616 11.175219 -2.6206401
114 350.34639 364.75613 0.61442616 -0.21689752 -0.21004168 25 0 865.85131 2.230356 -0.87093549
115 267.44841 367.14167 0.64548954 -0.18485633 -0.40605199 25 0 20528.461 51.840291 -4.2866686
116 383.10449 374.41775 0.58509984 -0.011860001 -0.041658915 25 0 1687.0969 4.619465 -1.6614792
117 194.83119 375.95375 0.5953893 -0.24168381 -0.31505126 25 0 1389.3519 3.7061534 -1.4223085
118 246.84315 377.27214 0.57075111 -0.25556124 -0.26991196 25 0 2155.9763 5.8354593 -1.9151876
119 64.42588 378.43036 0.61084627 0.30184864 -0.19910978 25 0 3787.8173 9.9695071 -2.4966842
120 107.81891 379.47003 0.47865482 0.083322988 -0.47483659 25 0 380.06542 1.0279555 -0.029935832
121 396.39858 378.62745 0.61033324 -0.31249758 -0.19561232 25 0 902.86541 2.2321796 -0.87182284
122 468.14 380.84001 0.64615279 -0.15845686 -0.18432615 25 0 8428.8754 22.532373 -3.3820174
123 334.53709 391.79767 0.55326689 -0.047716898 -0.37243706 25 0 2606.7814 7.1983948 -2.1430892
124 43.542601 392.44155 0.55429565 0.48309918 -0.11496021 25 0 2504.6511 6.8406162 -2.0877381
125 89.308016 394.22884 0.5988902 0.28085771 -0.12187862 25 0 524.54879 1.3525263 -0.32786426
126 196.11662 395.96522 0.62150455 -0.41456167 -0.37443173 25 0 616.62366 1.4623738 -0.41264597
127 452.6653 397.16202 0.72741327 -0.94536073 -0.056890714 25 0 629.88218 1.2974929 -0.2827625
128 113.45183 398.51425 0.54264212 -0.34523895 -0.13029784 25 0 1075.25 2.7493458 -1.0980734
129 424.03114 401.17234 0.65387871 -0.15375936 -0.19211982 25 0 2407.0276 6.2658357 -1.9924475
130 453.40831 400.86538 0.69318549 -0.33604647 -0.26225452 25 0 1998.9424 4.8370899 -1.7114604
131 28.97564 403.34044 0.55371712 -0.4457602 -0.2587546 25 0 506.77745 1.4490647 -0.40271941
132 215.40215 408.76429 0.61536379 -0.44269985 -0.31229395 25 0 6230.0739 16.196547 -3.0235561
133 345.77532 410.9927 0.65805144 -0.14783739 -0.52156765 25 0 656.6057 1.6190153 -0.52312739
134 244.3944 416.31185 0.62182349 0.61421112 -0.27235929 25 0 635.71835 1.6189833 -0.52310594
135 381.11125 416.12526 0.66107588 -0.53103584 -0.13801687 25 0 621.69897 1.5046249 -0.44357062
136 241.7846 419.9475 0.58412795 -0.1787311 -0.35893963 25 0 1649.4507 4.4009479 -1.6088656
137 463.40879 420.80942 0.58779392 0.22143891 -0.15075563 25 0 432.80967 1.0449445 -0.047733015
138 73.891988 424.91949 0.68889085 0.05941566 -0.1771754 25 0 899.40633 2.1190395 -0.81534765
139 97.835186 426.51962 0.54349084 -0.22676575 -0.14384829 25 0 1668.0154 4.5910478 -1.6547795
140 122.07013 445.41119 0.52432135 0.15821916 -0.15020555 25 0 895.13953 2.4543433 -0.97483826
141 148.68972 444.55809 0.55456999 0.30588855 -0.13603491 25 0 1697.8433 4.5267549 -1.6394675
142 221.94463 448.12664 0.6217646 -0.21094856 -0.34912559 25 0 1019.5838 2.5033504 -0.99630412
143 480.78944 448.19684 0.2788076 -0.28824111 -0.20961483 25 0 61097.697 195.39578 -5.7272879
144 334.24134 450.13349 0.6495939 -0.20757347 -0.23738166 25 0 3029.3146 7.85532 -2.2379097
145 234.90401 452.54994 0.53641284 -0.04978666 -0.066374204 25 0 931.44382 2.3363048 -0.92132376
146 81.106524 454.14042 0.67987278 -0.1177267 -0.23092304 25 0 13733.968 35.718442 -3.8822313
147 466.74228 464.87158 0.62607025 -0.22419679 -0.18915103 25 0 2058.7375 5.4488766 -1.8407674
148 300.74581 468.28256 0.54375026 -0.42006466 -0.014824223 25 0 637.47783 1.6698547 -0.55669669
149 424.92108 469.60223 0.60038583 -0.61727465 -0.14011649 25 0 486.80559 1.1833973 -0.18282645
150 351.77424 473.24519 0.68494077 -0.34527567 -0.22001803 25 0 1335.8227 3.2147928 -1.2678825
151 46.087062 473.65772 0.64169175 -0.035458089 -0.15186881 25 0 5188.6673 13.705027 -2.8421997
152 139.10315 475.05337 0.63469801 -0.1020117 -0.29512815 25 0 1112.6535 2.7522171 -1.0992067
153 417.34005 477.08853 0.4998708 -0.3038736 -0.34803334 25 0 60402.152 176.70093 -5.6180971
154 200.8416 483.17294 0.61850927 -0.22026858 -0.26118404 25 0 4487.2057 12.062799 -2.7036202
155 332.40559 484.98322 0.70577549 -0.28956433 -0.1858505 25 0 645.75994 1.3741908 -0.34511755
156 418.55051 484.78448 0.40300134 -0.34653767 -0.50296286 25 0 426.33882 1.0165489 -0.017820711
157 104.1149 486.92249 0.69946706 0.099626723 -0.57529139 25 0 514.76391 1.1189303 -0.12200754
158 250.81801 486.57607 0.56282155 0.022229354 -0.19192677 25 0 2525.3074 6.8518269 -2.089516
159 128.82592 492.35669 0.71125419 0.076633159 -0.19018716 25 0 832.52105 1.727888 -0.59378895
160 328.16325 491.82615 0.53223156 -0.045242111 -0.011136952 25 0 436.02523 1.1277773 -0.1305584
161 53.823237 497.54957 0.61872109 0.091548944 -0.11197957 25 0 881.19662 2.1310596 -0.82148897
