id xcentroid ycentroid sharpness roundness1 roundness2 npix sky peak flux mag
1 298.14607 24.223992 0.72190899 -0.12540435 -0.22863547 25 0 577 1.2401927 -0.23372295
2 430.8605 27.598362 0.6155693 -0.30227404 0.039377656 25 0 16757 33.735047 -3.8202033
3 149.99831 53.246083 0.59638036 -0.39646985 -0.31040413 25 0 855 1.9116446 -0.70351788
4 169.31396 54.162422 0.69308696 -0.18354996 -0.21214706 25 0 1726 3.3022376 -1.2970208
5 287.96593 56.512254 0.3727345 -0.28329555 -0.22852106 25 0 57810 137.7227 -5.3475138
6 74.952221 58.203532 0.66208101 -0.33983561 -0.20104555 25 0 3598 7.1855646 -2.1411522
7 363.24708 60.199348 0.57600423 0.01381969 -0.27381246 25 0 580 1.4945957 -0.43630936
8 433.97534 66.361932 0.72601752 -0.40735918 -0.16869576 25 0 507 1.2292245 -0.22407804
9 506.94398 65.900773 0.71410142 -0.1045349 -0.1672501 25 0 1093 2.3962652 -0.94883718
10 257.36515 67.055566 0.66264616 -0.45118436 -0.32998743 25 0 1152 2.3006048 -0.90460504
11 406.35769 74.014001 0.67325137 -0.52801414 -0.25597587 25 0 1007 2.211547 -0.86174042
12 465.08517 76.175644 0.74052268 -0.057132075 -0.095307019 25 0 2717 5.2891693 -1.8084687
13 395.97065 80.864063 0.70600917 -0.43309044 -0.2178968 25 0 1095 2.286236 -0.89780265
14 19.323208 84.062793 0.68842014 -0.58607088 -0.3413198 25 0 1091 2.2798728 -0.89477652
15 431.86322 89.418812 0.49965346 -0.03629098 0.017768911 25 0 416 1.2643995 -0.25471081
16 313.84294 93.221398 0.64514176 -0.46418212 -0.24320992 25 0 2365 4.8158439 -1.706681
17 454.3998 100.27513 0.63275911 -0.023862308 -0.16981921 25 0 15068 30.254772 -3.7019847
18 246.87327 107.49494 0.58401301 -0.6084482 -0.096178681 25 0 825 1.6459636 -0.54105055
19 250.84695 109.17108 0.65219038 -0.56839744 -0.26093524 25 0 1166 2.2295393 -0.87053782
20 149.22178 110.01085 0.66096824 -0.42054946 -0.35771474 25 0 1321 2.4476692 -0.97188182
21 17.119097 113.95105 0.69062764 -0.58322394 -0.26892592 25 0 2454 4.6390142 -1.6660642
22 472.29571 116.8369 0.65976057 -0.50933601 -0.28439258 25 0 1331 2.8544299 -1.1387985
23 452.6274 120.27149 0.70647397 -0.38888585 -0.19826283 25 0 1407 2.8605322 -1.1411171
24 182.22352 127.3551 0.64279967 -0.10668809 -0.13890541 25 0 12554 24.47077 -3.4716191
25 209.5091 128.89458 0.60144991 -0.44914775 -0.3349597 25 0 1374 2.7096732 -1.0822923
26 266.23907 128.7422 0.69846657 -0.61506774 -0.23740966 25 0 935 1.6486662 -0.54283183
27 113.96142 133.88901 0.71500922 -0.28891094 -0.20802886 25 0 1720 2.998447 -1.1922409
28 480.91496 135.66298 0.62639636 -0.13479978 -0.14024801 25 0 1138 2.5919166 -1.0340525
29 137.76459 139.44317 0.60866887 -0.55179928 -0.11490502 25 0 1196 2.1818878 -0.84708104
30 357.38931 151.27305 0.62260061 -0.22439383 -0.25424872 25 0 7821 15.403802 -2.9690698
31 260.1671 156.7631 0.61887621 -0.52730993 -0.19297012 25 0 2214 4.3156663 -1.5876196
32 445.5111 163.43441 0.5801923 0.2434139 -0.1298545 25 0 4684 9.7757288 -2.4753729
33 347.2956 172.82378 0.67235549 -0.50517906 -0.23233242 25 0 37006 70.344085 -4.618069
34 115.12873 179.8004 0.68206363 -0.73147531 -0.30092554 25 0 1093 1.9317552 -0.71488023
35 125.9268 185.49901 0.57346242 -0.37074539 -0.043389002 25 0 616 1.0496541 -0.052615507
36 187.37451 184.91366 0.66474411 -0.7066392 -0.35264089 25 0 1347 2.2995993 -0.90413044
37 439.45387 184.77458 0.66064027 -0.54685807 -0.23196878 25 0 4668 9.2507622 -2.4154438
38 114.41772 188.07348 0.68586068 -0.38215507 -0.29658596 25 0 1325 2.3826672 -0.94265844
39 76.487774 193.97185 0.67172066 -0.23545979 -0.18041535 25 0 1246 2.1510539 -0.83162822
40 382.43265 193.93893 0.6530191 -0.49689061 -0.35114138 25 0 1882 3.6950077 -1.4190384
41 188.12457 197.00852 0.58001721 -0.64517967 -0.26336349 25 0 907 1.7069922 -0.58057884
42 382.76499 198.99718 0.71512725 -0.55911368 -0.35637759 25 0 618 1.1699472 -0.17041568
43 33.231092 200.37908 0.59919682 -0.086059298 -0.13384805 25 0 24697 49.132684 -4.2284262
44 470.04109 214.72052 0.66858023 -0.26747878 -0.10033773 25 0 1136 2.4884304 -0.98981375
45 464.00049 220.72183 0.67414044 -0.066140723 -0.10832839 25 0 2234 4.4859613 -1.6296388
46 386.87329 226.75755 0.68841842 -0.46474074 -0.15575127 25 0 784 1.5279726 -0.46028894
47 287.4531 228.80084 0.59479826 -0.0914035 -0.31460832 25 0 1053 2.0100226 -0.75800234
48 112.31121 231.78182 0.67931846 -0.32117592 -0.2282888 25 0 759 1.2377396 -0.2315732
49 440.48451 235.62572 0.55217649 -0.027933759 -0.23204239 25 0 2572 5.387226 -1.828413
50 201.3219 237.28697 0.61197813 -0.34590014 -0.24341467 25 0 1961 3.642198 -1.4034089
51 313.25241 239.80279 0.67122623 -0.55133325 -0.21867712 25 0 3263 6.0911313 -1.9617449
52 383.46375 240.6107 0.60922647 -0.82421516 -0.23950776 25 0 8304 16.149597 -3.0204042
53 288.34754 242.02546 0.72298633 -0.49615199 -0.39504375 25 0 934 1.6193281 -0.5233371
54 201.81672 248.90395 0.6310797 -0.52328353 -0.24631773 25 0 679 1.1349063 -0.13740005
55 392.58915 252.12466 0.68669245 -0.22458954 -0.23644771 25 0 1373 2.6476813 -1.0571643
56 165.58111 265.47137 0.5775633 -0.81137649 -0.18584236 25 0 2978 5.7378168 -1.8968667
57 389.49972 265.52323 0.59535594 -0.85698257 -0.22065695 25 0 4064 7.8940749 -2.2432531
58 490.11056 267.02418 0.73481394 -0.20481475 -0.16986952 25 0 1204 2.4282386 -0.96322838
59 9.0263433 295.29481 0.59474557 -0.59559442 -0.34568714 25 0 546 1.1442087 -0.14626313
60 309.17139 298.12444 0.67219354 -0.32988601 -0.18962806 25 0 4211 7.8957276 -2.2434804
61 122.01172 299.13955 0.76006681 -0.33589963 -0.2224485 25 0 868 1.3562053 -0.33081362
62 0.80694815 300.13251 0.57264512 -0.35292108 -0.059360509 25 0 882 1.8614258 -0.67461431
63 28.799168 300.05512 0.63154289 -0.1055474 -0.2480402 25 0 862 1.7797809 -0.62591638
64 414.69825 303.1704 0.6175647 -0.59493729 -0.18174357 25 0 482 1.0954289 -0.098960525
65 12.278114 315.68628 0.54299938 -0.62106247 -0.21016116 25 0 762 1.6398382 -0.5370025
66 155.8212 321.55264 0.56414167 -0.41824646 -0.33172318 25 0 618 1.0555589 -0.058706223
67 387.43214 322.02838 0.6578941 -0.24952557 -0.24670035 25 0 749 1.5535328 -0.47830108
68 75.184424 326.1407 0.70554924 -0.40389375 -0.30872296 25 0 2733 5.0172681 -1.7511683
69 504.04254 336.52214 0.66812918 -0.16291905 0.0090202426 25 0 932 1.9347018 -0.71653507
70 14.021774 347.02013 0.61614931 -0.44443403 -0.21154704 25 0 659 1.282953 -0.2705269
71 200.8918 346.93563 0.73725433 -0.43754737 -0.22582881 25 0 799 1.262612 -0.25317478
72 425.67912 354.00133 0.51930534 0.33919706 0.09322691 25 0 489 1.0939574 -0.097501045
73 176.85552 363.04728 0.64563645 -0.49297467 -0.28441523 25 0 3841 7.3479291 -2.1654124
74 318.86261 364.84132 0.67106048 -0.31849764 -0.10229967 25 0 845 1.5271119 -0.45967713
75 235.89115 367.13411 0.67810214 -0.47833948 -0.2491468 25 0 18192 34.456248 -3.84317
76 351.55284 374.45257 0.57641256 -0.63025758 -0.13289486 25 0 1151 2.3768731 -0.94001497
77 163.28191 376.00991 0.64767888 -0.608142 -0.31819981 25 0 1203 2.1733406 -0.84281948
78 215.36036 377.28221 0.61315544 -0.16802681 -0.22755205 25 0 1920 3.6513404 -1.4061308
79 32.944923 378.33226 0.65022659 -0.33338414 -0.13170052 25 0 3389 6.5690102 -2.0437498
80 364.69372 378.67265 0.58821668 -0.01414913 -0.069508953 25 0 751 1.5937358 -0.50604079
81 436.3259 381.01897 0.68841578 -0.30243867 -0.22213548 25 0 6691 12.687262 -2.7584198
82 12.166837 392.496 0.58513114 -0.13867992 -0.17937604 25 0 2027 4.0185825 -1.5101822
83 303.0129 391.85552 0.68427046 -0.35507882 -0.13061046 25 0 2734 5.1529643 -1.7801428
84 81.798038 398.54619 0.60031822 -0.25758138 -0.077450389 25 0 928 1.7407467 -0.60183894
85 392.23407 401.35445 0.61480616 -0.14204794 -0.070865472 25 0 1632 3.3465102 -1.3114804
86 421.49865 400.93787 0.70060196 -0.54015797 -0.33852947 25 0 1357 2.5709651 -1.0252404
87 183.74599 408.76182 0.64911284 -0.27069184 -0.17111668 25 0 5425 10.318068 -2.533996
88 314.06083 411.07758 0.68396187 -0.29023417 -0.24289867 25 0 639 1.1943265 -0.19280766
89 210.1805 420.0152 0.68950614 -0.46854007 -0.27659882 25 0 1541 2.7558275 -1.1006301
90 497.2581 422.57752 0.53289731 0.14120769 0.087279537 25 0 1309 2.9799498 -1.1855224
91 42.403492 424.91188 0.64260532 -0.23151125 -0.38628833 25 0 657 1.2555712 -0.24710334
92 66.490439 426.4979 0.5666031 -0.025385448 -0.16694066 25 0 1261 2.528359 -1.0070969
93 90.688352 445.45179 0.72719753 -0.91043565 -0.30428054 25 0 686 1.0740233 -0.077534292
94 117.06604 444.67983 0.65391536 -0.32180938 -0.13575776 25 0 1554 2.8941979 -1.1538206
95 190.50004 448.03832 0.59972329 -0.26185343 -0.3177361 25 0 790 1.491192 -0.43383391
96 449.04623 448.40696 0.30928482 -0.38931574 -0.26685706 25 0 57491 127.43262 -5.2632016
97 302.83138 450.18978 0.66550278 -0.48243968 -0.19414478 25 0 2449 4.7275384 -1.6865877
98 203.34963 452.6008 0.76077134 -0.6829454 -0.084244586 25 0 914 1.4802855 -0.42586372
99 49.629283 454.13507 0.68942103 -0.50490996 -0.27806695 25 0 10280 19.413803 -3.2202765
100 434.91361 465.02785 0.70664433 -0.25591545 -0.22233928 25 0 1581 3.0879157 -1.2241636
101 320.2478 473.43645 0.60917517 -0.14774035 -0.066065091 25 0 854 1.636115 -0.53453457
102 14.685683 473.52999 0.6191176 0.06164562 -0.083654921 25 0 3590 7.1462007 -2.135188
103 107.52323 474.93426 0.63487773 -0.51426198 -0.50550007 25 0 859 1.6378587 -0.53569109
104 385.66596 477.05094 0.61176854 -0.50148685 -0.29073928 25 0 58427 115.57376 -5.1571481
105 169.2851 483.18266 0.68268163 -0.29889661 -0.26504031 25 0 3905 7.3864913 -2.1710955
106 219.33584 486.6832 0.67247545 -0.7690136 -0.28056773 25 0 2231 4.0853362 -1.5280695
107 97.297375 492.31108 0.61045912 -0.76954775 -0.23186858 25 0 568 1.0339563 -0.036255461
108 22.419702 497.57025 0.59955846 -0.68323879 -0.14824391 25 0 693 1.4712739 -0.41923382
