id xcentroid ycentroid sharpness roundness1 roundness2 npix sky peak flux mag
1 361.36543 0.58085713 0.55614181 0.2382331 0.14931775 25 0 311.94818 1.4630849 -0.41317379
2 333.89244 3.281097 0.68551451 -0.075847244 0.12602835 25 0 864.94636 3.7362597 -1.4310926
3 342.9985 5.4744955 0.58491871 -0.13916566 0.17417603 25 0 328.65142 1.5495061 -0.47548322
4 465.44852 6.2563587 0.68498373 0.34338154 -0.0059184162 25 0 547.98244 2.2519328 -0.88138858
5 145.7962 10.536453 0.48637346 -0.35861339 0.10678547 25 0 412.43658 2.3036044 -0.90601975
6 0.16700566 11.277634 0.66850357 -0.1279341 0.34749123 25 0 547.00132 2.5554528 -1.0186697
7 371.4513 11.802186 0.70422874 -0.3552722 0.11728418 25 0 896.69456 3.7186901 -1.425975
8 60.894938 12.818432 0.72671213 0.072859047 0.19788356 25 0 17670.12 73.368696 -4.663777
9 8.440885 14.57959 0.53823126 0.47570698 0.18335344 25 0 4648.4351 22.114768 -3.361706
10 444.82246 14.859075 0.6166002 0.26089369 0.26003675 25 0 721.21988 3.2803259 -1.2897925
11 503.98768 14.638781 0.67837649 0.20504302 0.25172602 25 0 30657.19 130.4985 -5.2890138
12 48.902083 18.1402 0.96196088 -0.46782467 0.061914919 25 0 338.98154 1.1935157 -0.19207037
13 370.65705 20.24802 0.53379936 0.13423359 0.35087099 25 0 290.3 1.5280121 -0.46031698
14 13.997464 26.384891 0.66606701 -0.15859934 0.15276285 25 0 281.41783 1.2818443 -0.26958821
15 371.77599 25.495212 0.79244375 -0.32692075 0.25572724 25 0 270.81526 1.0589888 -0.06222844
16 249.45971 30.160177 0.44993565 0.23510636 0.070681136 25 0 273.16518 1.6565855 -0.54803463
17 390.58134 33.306195 0.63176712 -0.41025713 0.01659331 25 0 561.07594 2.410704 -0.9553597
18 461.82371 32.63539 0.66713139 -0.13419905 0.031057451 25 0 322.28469 1.4947928 -0.43645249
19 490.2141 33.224774 0.64163846 0.26617366 -0.046534786 25 0 451.74553 1.9992917 -0.75219043
20 163.10525 36.098673 0.66907511 0.43268843 0.21864636 25 0 484.31258 2.0913548 -0.80106927
21 150.11973 40.32353 0.7007618 0.74035676 0.400552 25 0 696.73218 2.922218 -1.1642815
22 134.83617 40.111223 0.61733829 0.46554671 0.13198334 25 0 193.02939 1.0219095 -0.023531091
23 223.1225 41.37333 0.62930958 0.24479148 0.15897321 25 0 1268.5057 5.625025 -1.8753111
24 242.4281 42.214145 0.61615575 -0.2240646 -0.022306359 25 0 2162.6148 9.2223506 -2.4121041
25 455.32442 42.047026 0.66289139 -0.38209758 0.14618636 25 0 293.9015 1.2357944 -0.22986559
26 383.21648 43.127703 0.6260481 0.49501191 0.18808933 25 0 532.90104 2.3883356 -0.94523839
27 361.13985 44.157174 0.30196601 0.14054224 0.14687444 25 0 59160.198 344.33985 -6.3424682
28 426.69327 43.891797 0.53485315 0.056613178 0.078823102 25 0 291.67934 1.5119263 -0.44882658
29 102.8986 44.631884 0.67958642 -0.0074204621 0.1780345 25 0 590.04639 2.4986292 -0.99425454
30 286.34675 44.684505 0.64035502 -0.47831827 -0.18880431 25 0 304.5864 1.3857738 -0.35423085
31 147.86692 46.410765 0.6386103 0.34639096 0.29997475 25 0 5104.482 21.846879 -3.3484735
32 436.69897 47.507473 0.64047285 0.43546664 0.26906943 25 0 996.29448 4.131283 -1.5402124
33 81.524562 48.850073 0.35077657 -0.6123133 -0.24986801 25 0 160.83719 1.0369918 -0.03943826
34 269.92151 52.092719 0.64187034 0.12672634 0.10884077 25 0 347.89031 1.6040289 -0.51303049
35 283.31658 53.044572 0.582764 0.39802032 0.13661482 25 0 388.88993 2.0232072 -0.76510089
36 437.28408 52.889874 0.65867611 -0.2597957 -0.063469433 25 0 356.71371 1.5702392 -0.48991456
37 507.22101 53.405473 0.66747642 0.37098996 0.15746431 25 0 1003.7845 4.3533501 -1.597059
38 89.030298 53.845977 0.74896026 0.35701787 0.13265146 25 0 338.57268 1.2616267 -0.25232717
39 330.79783 54.563961 0.60552126 0.36026047 0.28778868 25 0 1657.7339 7.6147435 -2.2041382
40 178.70118 59.885888 0.62032256 -0.06876082 0.35003871 25 0 348.06395 1.5614332 -0.48380855
41 479.72125 61.093415 0.63306543 0.10936935 0.14821267 25 0 1741.567 7.6701806 -2.212014
42 66.872155 62.722818 0.56469927 0.32427649 0.46842324 25 0 279.81341 1.3194112 -0.30095042
43 34.047114 65.397541 0.59436124 -0.0027226473 0.45461408 25 0 489.16895 2.3219959 -0.91465363
44 385.80791 65.38677 0.65115785 0.27452953 0.26407794 25 0 307.07582 1.3412787 -0.3187976
45 91.057878 67.34564 0.66468192 -0.033588358 0.10642496 25 0 544.89913 2.4827357 -0.98732622
46 67.873706 67.577934 0.68651621 0.17999258 0.16621141 25 0 758.73751 3.2755671 -1.2882162
47 206.02609 67.561398 0.77058343 -0.27475216 0.23909755 25 0 393.11057 1.5581167 -0.48149995
48 469.31601 68.010585 0.64096914 0.10004942 0.10278092 25 0 1758.0809 7.7440298 -2.2224175
49 34.242248 69.441446 0.75574157 0.52936345 0.50932063 25 0 497.50927 1.9428911 -0.72112112
50 148.92494 69.453828 0.69242096 0.33879802 0.13958848 25 0 485.12609 1.939733 -0.71935491
51 508.18105 68.528505 0.77804373 0.65654267 0.47247192 25 0 547.82207 2.2056367 -0.85883496
52 454.57473 69.633146 0.5672437 0.40717707 0.023226185 25 0 598.21742 2.8054779 -1.1200171
53 73.158133 71.941904 0.65740301 0.093861253 0.085258091 25 0 317.84024 1.4913 -0.43391254
54 92.244828 72.567315 0.61224029 0.48329052 0.31470821 25 0 1526.8595 6.8205534 -2.084549
55 505.1467 76.676844 0.60447409 0.59970218 0.37418489 25 0 981.79009 4.4075768 -1.6104997
56 387.18054 80.708555 0.67868933 0.081561305 0.18765384 25 0 3714.4506 15.531441 -2.9780294
57 7.5225094 83.369561 0.60954527 0.24571223 -0.0014745151 25 0 665.54399 3.1046284 -1.2300241
58 156.20809 84.319149 0.68192283 0.24549146 0.52433787 25 0 461.82995 2.0046044 -0.75507167
59 471.68936 85.798693 0.56329044 0.70936982 0.28692433 25 0 232.72756 1.1353399 -0.13781473
60 128.48968 87.779859 0.59759116 -0.08775823 -0.018916034 25 0 576.99797 2.6645563 -1.0640623
61 181.02669 87.826847 0.62593919 0.092808942 0.12873035 25 0 352.91126 1.5219542 -0.45600398
62 191.55011 94.534622 0.49148715 0.53301013 0.00033552722 25 0 379.07855 1.9287628 -0.71319703
63 320.19233 95.137679 0.67956753 -0.12380803 0.16858899 25 0 1506.1994 6.496798 -2.0317484
64 324.12977 96.912927 0.66253101 -0.2121841 0.072405315 25 0 1670.4947 7.2185465 -2.1461244
65 222.42066 97.976998 0.58368996 0.10936456 0.0080588831 25 0 1666.6621 7.7167722 -2.2185892
66 488.07289 101.33409 0.54739347 0.66078573 0.29166659 25 0 429.87101 2.1223966 -0.81706637
67 90.156729 102.34658 0.60631411 0.1898967 0.1610649 25 0 3600.0426 16.178589 -3.0223516
68 152.14285 101.79931 0.66594758 0.36612905 0.15430287 25 0 505.85903 2.2781022 -0.89393301
69 98.380241 103.64742 0.55062932 0.22199078 0.20591809 25 0 250.96092 1.2220724 -0.21774231
70 4.5762515 104.31287 0.46715264 -0.37793721 0.21493245 25 0 147.75452 1.0349729 -0.03732244
71 333.14473 103.91298 0.73915601 0.3153043 0.33281046 25 0 472.80565 1.9417852 -0.72050294
72 22.975493 109.54121 0.68551617 -0.30957605 0.27218913 25 0 252.30121 1.1829225 -0.18239075
73 368.84656 113.06875 0.60728037 0.075102105 0.14844502 25 0 673.30821 3.2081694 -1.2656432
74 255.52161 115.26317 0.58199364 0.29155717 0.012706097 25 0 15285.843 69.034449 -4.5976647
75 272.86641 115.29012 0.71223188 0.3871571 0.33164074 25 0 1261.0548 5.0254826 -1.7529444
76 339.62129 116.34164 0.61179851 -0.15003639 0.080904709 25 0 1156.2313 5.087252 -1.7662081
77 282.94689 116.69282 0.68635453 0.15567562 0.17711481 25 0 2169.8781 9.0787752 -2.3950682
78 484.93378 117.77314 0.64293369 0.4789433 0.1670693 25 0 536.80158 2.5104156 -0.99936407
79 134.31647 118.94041 0.5656022 0.097401896 -0.032226081 25 0 491.5903 2.3393459 -0.92273611
80 235.07859 118.41431 0.65236306 -0.21876953 0.20413957 25 0 531.86434 2.2259374 -0.86878239
81 350.06966 118.68296 0.5898843 0.020323319 0.013112642 25 0 263.4014 1.3837641 -0.35265518
82 87.484177 120.43187 0.55120691 0.39721123 0.016127915 25 0 509.32921 2.4827036 -0.98731219
83 189.15715 119.78922 0.64398521 0.35614039 -0.13694903 25 0 430.52037 1.8421638 -0.66332059
84 186.87695 121.94056 0.63862731 0.065052297 0.13089762 25 0 2250.4095 10.073883 -2.5079922
85 19.527211 123.71992 0.5167021 -0.30521158 0.099680813 25 0 346.03838 1.6960343 -0.57358658
86 210.86134 127.37894 0.66938444 0.10807024 0.21699638 25 0 1915.8349 7.8993206 -2.2439744
87 42.126218 129.0725 0.74386416 0.049272464 0.15100557 25 0 1523.6894 6.195026 -1.9801078
88 14.470061 129.78753 0.6405141 -0.32176449 -0.023944222 25 0 456.54447 2.0836894 -0.79708247
89 288.2803 130.62255 0.62377603 0.14056608 0.16558525 25 0 514.52415 2.2679718 -0.88909413
90 305.23582 136.82621 0.6738407 -0.18608943 0.071934486 25 0 255.60497 1.0311705 -0.033326203
91 430.77792 138.4304 0.61925911 0.50849033 0.28009714 25 0 11903.839 51.64112 -4.2824891
92 419.19966 141.43197 0.57139282 -0.23611964 -0.046576912 25 0 257.76425 1.1507023 -0.15240746
93 333.5896 144.16774 0.62724748 -0.12722178 0.071530778 25 0 2990.7478 12.870294 -2.7739711
94 49.611068 145.35092 0.54406178 -0.40406836 0.020841055 25 0 606.65981 2.824683 -1.1274243
95 129.43453 147.21046 0.77097094 0.22556264 -0.18941849 25 0 288.36017 1.1754781 -0.17553638
96 32.571466 149.63413 0.48823553 0.74240886 0.06056061 25 0 420.0163 2.1679406 -0.84011846
97 132.36354 158.56908 0.66177559 0.026480106 0.25701097 25 0 540.01033 2.3863599 -0.94433983
98 420.74009 160.10171 0.64286165 0.050894547 0.10406108 25 0 55630.952 242.47133 -5.961651
99 241.23244 164.18846 0.56192285 0.18998366 0.074731231 25 0 537.34719 2.5964312 -1.035942
100 459.8694 163.39299 0.58491501 0.10310486 0.2808803 25 0 487.67624 2.3455027 -0.92558985
101 188.15637 167.77702 0.74787942 0.020167698 -0.009870269 25 0 343.30453 1.2990961 -0.28410317
102 68.180062 171.59995 0.54537953 -0.39796631 0.31847363 25 0 399.30317 2.0514787 -0.78016754
103 177.04691 171.99541 0.60187707 0.32110286 0.084601276 25 0 273.20445 1.2764044 -0.26497074
104 381.08997 172.56373 0.6420601 0.44962355 0.2929082 25 0 555.40517 2.4932466 -0.9919131
105 198.84638 173.60799 0.66755221 0.09106605 0.31029666 25 0 1018.343 4.1580209 -1.5472167
106 260.79826 172.70499 0.64113204 0.12212521 0.15366165 25 0 1911.0309 8.2168939 -2.2867692
107 448.23512 174.70596 0.66448952 -0.14690618 0.14435682 25 0 412.61748 1.947609 -0.72375441
108 187.34961 176.18344 0.63318712 0.18886741 0.051769112 25 0 1644.1822 7.1893416 -2.1417228
109 178.48193 179.91951 0.66909642 0.14991648 0.0048117501 25 0 253.38665 1.0679507 -0.071378053
110 455.91509 181.17081 0.65484223 -0.071725853 0.13436623 25 0 3167.018 13.91718 -2.8588781
111 51.733383 182.2282 0.44791224 0.27181295 -0.19904394 25 0 536.77936 2.8560752 -1.1394241
112 149.66272 182.20659 0.64578281 0.024113774 0.095569427 25 0 1805.4283 7.6197091 -2.204846
113 445.89392 183.31004 0.82312361 -0.23621385 0.22240002 25 0 732.20508 2.6449104 -1.0560274
114 25.094058 184.65563 0.60409256 0.20240623 -0.083331722 25 0 298.61773 1.4150785 -0.37695133
115 261.64905 184.85916 0.55333265 -0.066967982 -0.029021452 25 0 925.88982 4.2738219 -1.577041
116 456.36853 186.20492 0.65121475 -0.22358158 0.089180502 25 0 993.43278 4.2943794 -1.582251
117 224.04904 187.63574 0.67517249 0.12137444 0.22528429 25 0 881.49306 3.7818886 -1.4442718
118 106.33274 188.79048 0.67335633 -0.14083209 0.092485875 25 0 41991.502 177.98633 -5.6259666
119 155.98118 189.93086 0.68498563 0.069387712 0.17404168 25 0 522.56949 2.1897333 -0.85097806
120 408.82114 193.03864 0.70258769 -0.83529752 -0.00061799642 25 0 279.97678 1.2733762 -0.26239179
121 287.45757 193.6797 0.53492756 0.325063 0.063629638 25 0 282.38867 1.4170897 -0.37849337
122 455.24733 194.2052 0.4769601 -0.070423182 0.067881464 25 0 322.36407 1.760345 -0.61399446
123 426.61199 197.0486 0.39915468 -0.18209019 -0.49932221 25 0 141.76273 1.0853199 -0.088894412
124 489.76632 198.04919 0.70410816 0.020658272 0.093456181 25 0 730.05368 3.1162724 -1.2340885
125 154.26995 199.16659 0.5331414 -0.0050628856 0.44134595 25 0 208.7487 1.097047 -0.10056308
126 383.86121 200.02757 0.73287918 0.15516461 0.25609486 25 0 337.15364 1.4460291 -0.40044262
127 416.59866 199.76352 0.64110882 0.48521163 0.077663228 25 0 307.74127 1.3853845 -0.3539258
128 202.91985 200.51622 0.6073764 0.3062024 0.29333663 25 0 609.47654 2.7669357 -1.1049976
129 233.33775 201.69761 0.70872504 0.66593705 0.097065784 25 0 397.80857 1.6016728 -0.51143449
130 101.44061 202.77353 0.67226318 -0.22359179 -0.11622367 25 0 570.30601 2.3805894 -0.94171123
131 440.71882 202.25833 0.45677559 0.55600138 0.092119471 25 0 230.75877 1.2662768 -0.25632162
132 504.26389 204.06035 0.64543838 -0.26069714 -0.050878087 25 0 752.01471 3.3174415 -1.3020082
133 450.2686 206.63178 0.6315946 -0.4078445 0.34850686 25 0 297.69661 1.3677836 -0.34004349
134 0.085595056 210.74275 0.81386893 0.26426622 0.47596806 25 0 1857.8636 7.4280671 -2.1771896
135 47.246097 211.88346 0.65544885 0.44735518 0.057674871 25 0 439.32198 1.793369 -0.63417413
136 49.542815 213.27408 0.64801524 0.53407227 0.42401524 25 0 408.29538 1.6030277 -0.51235258
137 460.47272 214.01807 0.60294731 0.0024682895 -0.027183631 25 0 1049.4764 4.8809786 -1.7212673
138 22.739479 215.40476 0.67619413 -0.07565368 0.19441244 25 0 1928.3229 8.0271194 -2.2613993
139 361.10147 216.28699 0.65196631 0.18118777 0.18739019 25 0 1659.6021 7.1519759 -2.1360651
140 291.32163 218.40748 0.52616375 0.15011064 0.12043453 25 0 604.14578 2.9924029 -1.1900502
141 185.42616 219.80831 0.66164069 0.079844548 0.087785964 25 0 1008.1482 4.179146 -1.5527189
142 255.15606 223.26658 0.589498 0.12199127 0.31189225 25 0 245.78728 1.1686025 -0.16916703
143 475.36016 223.68475 0.59345725 -0.73692571 -0.087753439 25 0 216.78526 1.1008493 -0.10431972
144 274.66834 225.13551 0.62523994 -0.0010239775 0.07450878 25 0 2953.6664 13.162866 -2.7983761
145 20.296244 227.4609 0.72679395 0.13242701 0.1974457 25 0 370.48397 1.4697038 -0.41807454
146 386.94456 227.15759 0.66433569 0.069654695 0.16708685 25 0 5136.0975 22.288639 -3.3702089
147 457.03934 227.83062 0.67977639 0.091568228 0.1685663 25 0 16578.774 70.8625 -4.6260412
148 292.62416 229.24365 0.72146999 -0.14407415 0.11525423 25 0 295.27837 1.2772182 -0.26566277
149 361.92168 229.44068 0.67512588 0.22056797 0.32748947 25 0 1100.7393 4.5791064 -1.6519518
150 413.8611 230.44661 0.52546919 0.51471373 0.46707225 25 0 194.85858 1.0983442 -0.10184614
151 187.03955 232.84294 0.6880552 -0.46072891 0.41227238 25 0 228.92563 1.0012613 -0.0013685442
152 215.17072 235.89232 0.63125733 0.2176172 0.11088022 25 0 736.39918 3.2943289 -1.2944174
153 275.25286 236.84435 0.62672921 -0.24593266 0.10267217 25 0 776.60585 3.5246793 -1.367799
154 466.21985 239.34427 0.61178467 0.31038242 0.18670907 25 0 1985.2839 8.9945573 -2.3849495
155 65.754134 240.34751 0.66523026 -0.14156868 -0.023941697 25 0 421.39616 1.86229 -0.67511831
156 52.072508 242.88255 0.69891396 -0.078739259 0.16717484 25 0 379.27758 1.7166192 -0.58668489
157 86.573162 250.5367 0.58847207 0.60181917 0.36856721 25 0 244.47706 1.1765087 -0.17648788
158 238.86627 253.5258 0.65011325 0.039258608 0.29032649 25 0 4942.0481 20.842764 -3.2973883
159 463.09026 252.71822 0.66430423 0.10494495 0.21370441 25 0 8460.7352 36.366361 -3.9017496
160 11.302565 254.43886 0.64409791 0.13787457 0.29021745 25 0 950.65137 4.1218075 -1.5377193
161 300.92583 255.6699 0.62156849 -0.093557521 0.22214866 25 0 449.97047 2.0546496 -0.78184444
162 366.62691 261.95123 0.59178633 0.067186774 -0.049823133 25 0 384.60337 1.7384227 -0.60038843
163 139.75007 263.88014 0.73054017 -0.054603913 0.16269339 25 0 360.63306 1.3622721 -0.33565968
164 21.591511 274.45386 0.48109243 0.53967216 0.40219818 25 0 264.77212 1.4416918 -0.3971811
165 61.531442 274.5234 0.54611553 0.17927843 0.011390273 25 0 230.1835 1.2411627 -0.23457183
166 68.154347 274.40241 0.67617326 0.3773201 0.20905787 25 0 1592.1282 6.8428417 -2.0880912
167 124.58833 275.94018 0.63851087 -0.23397686 0.36467874 25 0 308.2819 1.3053679 -0.28933236
168 250.36433 282.4075 0.53085012 -0.32770185 0.19281104 25 0 217.11384 1.1332321 -0.13579718
169 82.283959 283.45686 0.38892021 0.53267095 0.062825602 25 0 485.23298 2.7168145 -1.08515
170 382.76102 285.54059 0.61599012 0.32493447 0.21423488 25 0 5460.1825 24.15996 -3.4577405
171 195.35294 287.06321 0.65954656 -0.021618917 -0.034523971 25 0 870.87846 3.7324069 -1.4299725
172 73.952329 288.51692 0.67384364 0.27717033 0.34924046 25 0 1408.9558 5.9502597 -1.9363398
173 102.15252 288.13768 0.6523525 0.251608 0.14477978 25 0 1323.4983 5.7894887 -1.9066005
174 488.43118 290.3662 0.5926436 0.25684527 0.10925044 25 0 730.78976 3.3691533 -1.3188019
175 357.03153 289.92723 0.59940161 0.074208125 0.61843614 25 0 398.63531 1.8986609 -0.69611854
176 41.808482 293.40335 0.55227889 0.10410275 0.23277884 25 0 238.67993 1.0897649 -0.09333201
177 26.635981 293.19849 0.5775831 0.83477161 0.34464528 25 0 376.60662 1.7218027 -0.58995843
178 104.78056 297.76085 0.53285382 -0.024754908 0.32903967 25 0 255.32661 1.1525744 -0.15417241
179 171.25214 297.61414 0.65210595 0.073782939 0.2852326 25 0 513.54716 2.1748678 -0.84358214
180 85.709672 303.95393 0.61330005 0.16541449 0.13447482 25 0 1338.1466 6.0098107 -1.947152
181 433.65954 303.50124 0.77812052 0.66826503 0.44335177 25 0 419.69054 1.5675354 -0.48804343
182 137.10977 306.0317 0.36794452 0.046998908 0.037367249 25 0 138.39106 1.0460182 -0.048848106
183 461.05611 309.24754 0.70671798 0.27187515 0.22161734 25 0 1316.9616 5.6286773 -1.8760159
184 229.19145 309.32114 0.66109337 0.048261271 0.2798425 25 0 810.94278 3.4852585 -1.3555875
185 148.50838 314.24746 0.5689004 0.2245347 0.0012987335 25 0 3025.6189 13.809783 -2.8504672
186 8.8752077 316.11868 0.8044444 0.083315219 0.14992251 25 0 1147.759 4.1790606 -1.5526967
187 24.462224 315.96151 0.61721432 -0.029926706 -0.071899825 25 0 2077.1243 9.0982654 -2.3973965
188 235.42187 317.32109 0.61502494 0.86830447 0.254993 25 0 249.38157 1.0739128 -0.077422552
189 70.420829 318.28831 0.63401946 0.12083017 0.13573894 25 0 393.46724 1.7661929 -0.61759532
190 465.51141 323.23078 0.57644403 0.25177037 0.16943651 25 0 237.80553 1.1731641 -0.17339691
191 197.78084 323.61507 0.73647724 -0.0032962795 0.41169471 25 0 381.83532 1.6189496 -0.52308329
192 340.78583 325.80751 0.61672958 0.15521786 0.10095621 25 0 549.65987 2.5569121 -1.0192895
193 273.42767 328.77098 0.5458037 0.010628537 0.16392497 25 0 298.36031 1.5865385 -0.50112654
194 31.050669 333.21353 0.68101646 0.18854166 0.21013325 25 0 5439.1832 23.247257 -3.4159293
195 298.14968 333.15362 0.6973345 0.16337671 0.32470344 25 0 590.86683 2.4433529 -0.96996549
196 391.01412 333.44356 0.56741577 -0.04988909 0.092615259 25 0 475.70621 2.3514358 -0.92833283
197 41.272398 334.17768 0.66338725 0.16199399 0.12961996 25 0 13472.122 58.274109 -4.4136891
198 87.602183 335.41534 0.57506369 0.27604597 0.14534715 25 0 813.33369 3.6109344 -1.394049
199 274.45928 334.68218 0.63073298 -0.22878975 0.046861597 25 0 873.24752 3.8492234 -1.4634328
200 499.34849 340.97139 0.67409999 0.34841713 0.38825549 25 0 987.37572 3.8403192 -1.4609183
201 270.52705 344.29564 0.55913619 -0.77315603 0.15228333 25 0 333.51587 1.6160566 -0.52114142
202 371.28894 346.94056 0.6828551 0.15972432 0.12564442 25 0 830.89524 3.3090256 -1.2992503
203 250.53366 350.72555 0.6192458 -0.32877096 -0.0045442079 25 0 4917.948 21.23288 -3.3175223
204 392.47546 351.98755 0.61906329 -0.15900924 -0.017307419 25 0 1019.5635 4.3176423 -1.5881167
205 22.937899 353.74271 0.5410474 0.46777705 0.66056601 25 0 359.26085 1.7566605 -0.61171958
206 32.468989 353.16742 0.55211062 -0.48369474 -0.021573769 25 0 755.99593 3.54073 -1.372732
207 57.83331 353.23473 0.5278466 -0.25260442 0.65262991 25 0 348.40833 1.3706063 -0.34228182
208 504.18107 352.54461 0.52175525 0.12163401 0.49980465 25 0 305.43865 1.70305 -0.57806848
209 5.247391 355.21136 0.68369565 0.36312194 0.045995874 25 0 927.96126 3.8752465 -1.4707483
210 309.4441 354.66943 0.61260064 -0.25470469 0.043090929 25 0 23665.098 102.32722 -5.0249779
211 32.748061 357.06863 0.68646048 -0.13165158 0.23177757 25 0 1501.5333 6.2787753 -1.9946874
212 454.16491 356.85275 0.53841384 -0.23770028 0.062947593 25 0 257.33442 1.5214478 -0.45564266
213 33.848817 360.49468 0.61451217 -0.30954616 0.32005974 25 0 547.4674 2.400424 -0.95071989
214 425.3014 361.75408 0.68777447 -0.23627592 0.045186653 25 0 2091.1197 8.6869145 -2.3471639
215 490.412 362.41521 0.52259259 0.41416817 0.24222147 25 0 255.79275 1.3420489 -0.31942084
216 236.70892 363.76725 0.62269806 0.17292972 0.11623739 25 0 1572.6663 6.871192 -2.0925802
217 288.83828 364.99109 0.67774179 0.05150656 0.10482064 25 0 3168.9687 13.604868 -2.8342359
218 438.60759 366.18091 0.57726797 -0.023706336 -0.16381194 25 0 972.41631 4.3957625 -1.6075856
219 106.35545 366.4857 0.65611503 -0.25336946 0.19352145 25 0 4609.2701 19.000625 -3.1969197
220 149.44841 367.2459 0.51586385 -0.94803735 0.053225236 25 0 382.86052 1.8901401 -0.69123499
221 510.1439 368.07238 0.69501272 -0.040917204 0.17213159 25 0 10989.15 47.152188 -4.1837546
222 33.49747 369.6141 0.51483763 0.83880689 0.14349925 25 0 392.13598 1.67612 -0.5607628
223 14.002446 373.36599 0.71705958 -0.1150652 0.17105269 25 0 781.46323 3.0895754 -1.224747
224 486.58719 375.83292 0.56002758 -0.30969328 -0.071363296 25 0 214.20837 1.068406 -0.071840778
225 456.89131 377.76023 0.83386087 -0.49365246 0.39054732 25 0 350.82311 1.4202463 -0.38090919
226 376.75237 379.3905 0.68032342 -0.16906726 0.21065507 25 0 3542.8926 14.48855 -2.9025623
227 36.959478 380.03824 0.56312287 -0.31825443 0.32473014 25 0 241.59545 1.0731093 -0.076609857
228 85.492615 380.70198 0.57530626 0.33575708 0.0070909831 25 0 3198.787 14.616321 -2.9120952
229 131.40666 382.27767 0.61975875 0.27340176 0.088256674 25 0 559.09795 2.4449198 -0.97066155
230 238.11728 383.81555 0.66067431 -0.2777482 -0.10939813 25 0 677.80674 2.8198788 -1.1255761
231 494.77127 384.57656 0.70567993 -0.98812546 0.34323946 25 0 671.77908 2.6555088 -1.0603694
232 110.99033 385.36577 0.61001907 0.67539294 0.39486924 25 0 417.51477 1.9697026 -0.73600163
233 279.84999 384.42258 0.4363675 0.3090307 -0.048937026 25 0 220.05563 1.0640858 -0.067441646
234 191.23114 385.90651 0.3097555 0.38925171 0.1289817 25 0 163.36323 1.2342652 -0.22852117
235 15.842131 386.73311 0.66269073 0.25137916 0.10660295 25 0 1063.5718 4.6708464 -1.673489
236 155.34327 386.533 0.63648628 -0.38157925 0.12809099 25 0 1390.7105 5.990304 -1.9436222
237 495.41029 388.03506 0.60312263 -0.3020312 -0.11682753 25 0 1972.9354 8.8754891 -2.3704807
238 162.66205 389.07662 0.62102779 -0.18320009 -0.18113179 25 0 229.58184 1.1654049 -0.16619213
239 466.10854 388.47206 0.71107 -0.016377864 0.33293906 25 0 2776.1474 11.305113 -2.6331873
240 70.920323 391.60988 0.67420006 0.23523614 0.16156939 25 0 647.86926 2.7283614 -1.0897547
241 108.21936 397.30451 0.64218232 -0.27271581 -0.021379365 25 0 237.48891 1.0346832 -0.037018539
242 257.35839 396.45678 0.63442329 -0.33804462 0.19093768 25 0 7245.6593 30.506997 -3.7109987
243 387.95742 398.4427 0.61270426 0.034276512 0.15352476 25 0 809.54024 3.8472673 -1.4628809
244 183.98535 398.96223 0.7424241 0.11789725 0.52988851 25 0 329.68226 1.361898 -0.33536149
245 286.60852 404.08664 0.6206899 0.55527373 -0.1396484 25 0 650.43638 2.8121774 -1.1226068
246 423.43632 403.29372 0.56176464 -0.18553797 0.54439273 25 0 500.83999 2.2824622 -0.89600897
247 32.959851 406.07582 0.85782132 0.64677084 0.39355149 25 0 306.18164 1.0577985 -0.061007374
248 301.9305 407.56061 0.67189385 0.52101349 0.53133216 25 0 352.31902 1.4852235 -0.4294795
249 14.130317 407.8225 0.7011225 -0.066143432 0.22602386 25 0 1077.7617 4.498625 -1.6326995
250 283.85392 407.63029 0.65155046 0.4247992 0.23426949 25 0 2088.9225 8.9460762 -2.3790815
251 505.4213 407.8782 0.68653159 0.060913487 0.21593659 25 0 488.07327 1.8656867 -0.67709681
252 88.055447 409.27501 0.71919959 0.21095638 0.30878469 25 0 266.69666 1.1705448 -0.17097013
253 52.290786 411.65752 0.68177711 0.28736143 0.28047886 25 0 312.19069 1.2773858 -0.26580523
254 315.98957 411.93959 0.67337706 -0.14822855 -0.15899171 25 0 255.72239 1.2158003 -0.21215561
255 115.86225 413.02801 0.71514037 0.33547305 0.11279035 25 0 1067.2998 4.3600088 -1.5987184
256 139.87294 414.48678 0.68615154 0.21004526 0.26372101 25 0 2357.7333 9.7223892 -2.4694325
257 315.58381 424.59879 0.66335692 0.68350842 0.20184166 25 0 413.98741 1.7686452 -0.6191018
258 196.68534 426.13171 0.70470627 0.20167546 -0.026883177 25 0 393.44045 1.6235001 -0.52613079
259 225.53867 431.51354 0.8021785 -0.52102548 -0.00039252185 25 0 369.93917 1.3086258 -0.29203871
260 190.67319 432.52558 0.61631562 0.45145843 0.18786995 25 0 2042.8071 8.8853274 -2.3716836
261 412.8705 433.56863 0.67143076 -0.075299118 0.32765559 25 0 384.90242 1.7065879 -0.58032167
262 164.18306 433.39505 0.63952931 0.20741252 0.30133712 25 0 1044.4234 4.4459348 -1.6199077
263 193.60514 434.95656 0.61595317 -0.59084556 -0.01831073 25 0 289.21446 1.2701147 -0.25960737
264 263.97598 435.83479 0.6680907 -0.021982543 0.1578989 25 0 1240.7116 5.4287308 -1.8367458
265 376.49871 437.6325 0.54366485 0.40164164 0.073480815 25 0 2777.3988 13.095319 -2.7927902
266 277.00754 440.38259 0.62636961 -0.34803492 0.3313483 25 0 1181.1844 5.0006968 -1.7475763
267 45.985457 441.08421 0.64058838 0.084048237 0.28131993 25 0 389.6732 1.5979242 -0.50889044
268 504.65119 441.13508 0.66266134 -0.45504265 0.31011438 25 0 200.64079 1.003608 -0.0039103196
269 123.08235 442.37681 0.67262343 0.20304064 0.22687566 25 0 15280.976 65.18634 -4.5353915
270 508.13689 442.53168 0.50625723 -0.031116484 0.33932969 25 0 250.44153 1.136562 -0.13898282
271 494.74885 448.92193 0.70647582 0.43216276 0.35116932 25 0 346.99963 1.402892 -0.36756059
272 244.0046 449.73564 0.87083998 0.31271355 0.066524977 25 0 381.51535 1.2641108 -0.25446288
273 305.38437 450.26417 0.49125494 -0.42361684 -0.032684554 25 0 204.0506 1.1213082 -0.12431253
274 509.05308 452.03923 0.71115801 0.047877622 0.16788374 25 0 2615.0687 10.876438 -2.5912167
275 411.18907 454.53171 0.5627222 -0.17559603 -0.073185823 25 0 322.89658 1.4584226 -0.4097085
276 286.52761 456.22306 0.72739945 0.29660725 0.20806286 25 0 292.25132 1.0344104 -0.036732193
277 343.07603 455.88087 0.76270821 0.039817681 0.1891689 25 0 825.36169 3.2925377 -1.2938269
278 467.3623 456.68612 0.4006435 0.15454211 0.10216864 25 0 332.97838 1.9286378 -0.71312666
279 362.4537 458.27614 0.38971275 0.19363803 0.79296859 25 0 187.1896 1.4100722 -0.37310334
280 394.1221 460.69118 0.68058807 -0.020319188 0.21886995 25 0 1489.8016 6.3880181 -2.0134153
281 88.128266 462.00477 0.70967343 0.065133965 0.15559839 25 0 6958.2599 29.256813 -3.6655676
282 181.15488 463.11415 0.67464076 0.11800775 0.030804628 25 0 1364.5768 5.8502859 -1.9179427
283 357.94352 463.40141 0.77973219 -0.21247652 0.031796102 25 0 343.42186 1.1161287 -0.11928567
284 459.49297 464.36941 0.45383791 -0.40698449 0.094764731 25 0 61195.715 303.72724 -6.2062094
285 323.11513 464.97862 0.64263268 0.32379304 0.091853018 25 0 348.9798 1.469992 -0.41828739
286 77.246696 467.189 0.68288086 -0.19841138 0.21518338 25 0 367.56794 1.4825018 -0.42748809
287 436.81861 466.69046 0.52915863 0.18565321 0.34033842 25 0 330.94601 1.7313526 -0.5959638
288 21.952708 470.11115 0.54882374 0.038803874 0.16967189 25 0 283.58514 1.4727365 -0.42031265
289 103.61033 470.88395 0.52467606 0.66176994 0.62628263 25 0 196.0129 1.0480056 -0.050909004
290 242.89119 471.11813 0.69522406 0.0019879633 0.13374611 25 0 5960.2104 25.373841 -3.5109655
291 374.61396 472.81884 0.58572074 -0.49061462 0.25850365 25 0 505.0235 2.3291736 -0.91800466
292 460.9569 471.95309 0.7772666 0.043481987 -0.014190022 25 0 643.58125 2.3497503 -0.92755429
293 76.865421 473.81944 0.73191137 0.3545952 0.27471136 25 0 265.73371 1.0811415 -0.084706299
294 277.15981 474.02377 0.67511411 -0.087932502 -0.063242964 25 0 327.01314 1.3444512 -0.32136261
295 293.00486 474.38278 0.68794442 0.044708921 0.21834882 25 0 3482.7891 14.597186 -2.9106729
296 146.07229 475.11103 0.60233479 0.21717908 -0.025577843 25 0 560.15875 2.6894502 -1.0741588
297 426.13374 477.23967 0.60304951 0.68769308 0.66824475 25 0 237.31213 1.0416741 -0.04432962
298 370.36691 479.42144 0.52743118 0.25213581 0.32448344 25 0 441.72564 2.1599863 -0.8361275
299 170.91741 480.50079 0.64087152 0.23489368 0.2551475 25 0 841.11902 3.6250357 -1.3982807
300 248.55376 484.71736 0.54268725 0.7135537 0.055725601 25 0 249.43078 1.3604613 -0.33421545
301 95.941301 485.93476 0.69029669 0.059611754 0.1191252 25 0 1314.6287 5.5429247 -1.8593474
302 272.2037 495.27927 0.64135361 0.16583493 0.069778882 25 0 541.61931 2.427485 -0.96289139
303 424.75003 495.0083 0.85165598 -0.55213576 -0.26898212 25 0 348.15136 1.2769508 -0.26543541
304 182.30523 499.41207 0.74646214 -0.52306292 0.23350472 25 0 337.81817 1.1895577 -0.18846382
305 99.117986 500.63284 0.65970344 0.19919127 -0.058694563 25 0 359.12722 1.4396207 -0.39562022
306 147.87943 502.63696 0.67205512 -0.39159282 0.34577798 25 0 617.07161 2.4710546 -0.98220586
307 193.25862 502.41427 0.68882593 -0.06895648 0.21395263 25 0 508.87602 2.0599629 -0.78464849
308 311.89667 504.50571 0.90182242 0.09504665 0.16137372 25 0 369.24512 1.2430859 -0.23625289
309 58.240655 506.05046 0.64968072 -0.43030157 -0.078219589 25 0 249.69012 1.0408082 -0.043426732
310 148.90767 506.09851 0.58425395 0.036901732 0.093250697 25 0 757.83571 3.4361618 -1.340184
311 195.22806 509.8856 0.64656475 -0.068137621 -0.043777337 25 0 1000.6816 4.4331522 -1.6167816
