id xcentroid ycentroid sharpness roundness1 roundness2 npix sky peak flux mag
1 308.86179 0.6307285 0.59869716 0.15758872 0.044735861 25 0 479.29378 2.1082625 -0.80981171
2 318.11166 2.8551843 0.62407477 0.23112227 -0.25940962 25 0 317.20562 1.4589244 -0.41008199
3 440.36327 3.6995556 0.59350124 -0.28393587 -0.13630683 25 0 391.56773 1.720788 -0.58931844
4 482.96482 5.9396601 0.68824961 -0.15042754 -0.14251102 25 0 246.1283 1.1700339 -0.17049608
5 120.62205 7.854079 0.52424754 0.1829632 -0.24708068 25 0 372.62092 1.70898 -0.58184245
6 346.40044 9.0970347 0.649876 0.022472418 -0.29710596 25 0 643.19762 2.8216271 -1.126249
7 36.014264 9.9083188 0.64824245 0.089385011 -0.16097317 25 0 11753.641 48.986806 -4.2251978
8 419.81415 12.273765 0.6286491 0.2835678 -0.067385223 25 0 524.45195 2.1284105 -0.82013847
9 478.95026 12.053118 0.67760124 0.19716462 -0.098307903 25 0 23620.394 95.378824 -4.9486299
10 345.29738 17.464858 0.49676305 0.89917357 0.19213765 25 0 190.01678 1.1929063 -0.19151585
11 224.6835 27.639636 0.49442383 0.35600511 -0.27834764 25 0 198.8889 1.0137064 -0.014780508
12 436.66649 30.058959 0.70424004 0.38499355 -0.029776615 25 0 232.44304 1.1128996 -0.11614
13 365.76328 30.659423 0.56282182 0.39390161 -0.21610035 25 0 369.12601 1.7587437 -0.61300639
14 465.12151 30.587587 0.68318557 0.42009031 0.010495974 25 0 288.53275 1.132417 -0.13501591
15 138.32162 33.376325 0.70985509 0.051983213 -0.15866313 25 0 366.52711 1.4590838 -0.41020059
16 124.98207 37.467789 0.60508461 0.73830753 0.12593908 25 0 465.33517 2.0240715 -0.76556464
17 198.1627 38.625196 0.54747207 0.33656007 0.074493662 25 0 724.61017 3.1221615 -1.2361384
18 217.46421 39.41781 0.57514284 -0.37453911 -0.17107463 25 0 1472.2915 6.1614432 -1.9742061
19 358.17299 40.493744 0.54901148 0.13783033 -0.047909628 25 0 314.37632 1.5489685 -0.47510644
20 336.03903 41.524218 0.37037474 0.24510084 -0.11324248 25 0 59031.141 295.68247 -6.1770639
21 77.940096 41.630117 0.67194217 0.3523885 0.086616747 25 0 433.73043 1.7658278 -0.61737087
22 122.87889 43.659434 0.56950306 0.17035578 -0.12593557 25 0 3528.6603 15.519617 -2.9772025
23 165.91215 44.433498 0.64416928 0.67238774 -0.010325344 25 0 266.32892 1.1152523 -0.11843284
24 411.65712 44.896649 0.62795645 0.30713173 -0.057028323 25 0 816.14898 3.4000433 -1.3287111
25 258.3761 50.271663 0.39508181 0.86883923 -0.055166815 25 0 212.40853 1.1671716 -0.16783674
26 412.17892 50.213379 0.63415842 0.13234155 0.084436065 25 0 252.42214 1.1217225 -0.12471354
27 482.17264 50.910476 0.63887643 0.028836207 -0.14162593 25 0 728.55823 3.2074056 -1.2653847
28 305.7854 51.94878 0.59319553 0.094838485 -0.18451475 25 0 1255.035 5.48813 -1.848561
29 454.69919 58.437747 0.5429058 0.69466565 0.10616693 25 0 969.12408 4.3743116 -1.6022743
30 42.095999 59.705634 0.62410563 0.1779606 0.21281752 25 0 227.98088 1.1192946 -0.12236105
31 9.2647837 62.481314 0.54666314 -0.03582714 0.10430877 25 0 260.33563 1.2778915 -0.26623495
32 361.11893 62.664834 0.39751844 0.43633168 -0.25710771 25 0 151.94321 1.0859311 -0.089505658
33 66.133214 64.353543 0.61289771 0.24908793 0.074927968 25 0 317.36086 1.3684836 -0.34059899
34 42.982299 64.785546 0.56300166 0.20584661 0.13328258 25 0 485.64838 2.3745043 -0.93893238
35 444.35405 65.4553 0.63163148 0.63123156 0.0085432585 25 0 1167.5045 4.7093019 -1.6823913
36 482.98519 66.099465 0.6014739 0.40255768 -0.040833695 25 0 285.46629 1.2156412 -0.21201352
37 9.3363151 66.32168 0.49853218 0.071742153 -0.081669573 25 0 227.1375 1.1971627 -0.19538299
38 123.8234 66.381234 0.36886706 0.37316091 0.19990767 25 0 188.57964 1.2565797 -0.24797507
39 429.54837 67.055556 0.69115568 0.16861238 -0.24943199 25 0 511.96289 2.2169568 -0.86439308
40 67.35142 69.536674 0.52449043 -0.30478748 -0.16809442 25 0 967.66628 4.1599047 -1.5477084
41 480.16726 73.843808 0.63531777 0.43340969 -0.063759638 25 0 833.06797 3.6070863 -1.3928913
42 362.17825 78.044352 0.61126589 0.15449642 -0.15753511 25 0 2645.532 11.280396 -2.6308109
43 131.36371 81.323317 0.58238318 0.50959278 -0.38909083 25 0 325.53929 1.4861089 -0.43012659
44 103.57691 85.090636 0.59466859 0.10001724 -0.13024884 25 0 493.42882 2.2327793 -0.8721145
45 156.3692 85.070749 0.67297779 0.23115166 -0.37897099 25 0 284.71316 1.1138271 -0.11704444
46 502.48486 84.894301 0.62240263 0.2060646 -0.18714177 25 0 16322.819 67.497355 -4.5732169
47 166.73172 91.625993 0.51897534 -0.46945265 -0.18247759 25 0 308.55685 1.4732952 -0.42072441
48 295.1195 92.403507 0.59552924 -0.044070316 0.071418213 25 0 864.04433 3.5179205 -1.3657151
49 299.12939 94.208773 0.63305707 -0.17978558 -0.14422612 25 0 1149.0247 4.8052843 -1.7042977
50 197.40255 95.222201 0.56569406 0.45249534 -0.20031766 25 0 1120.4977 4.7654092 -1.6952505
51 89.964717 98.500729 0.7951048 0.27853887 0.29279157 25 0 704.5402 2.8152398 -1.1237885
52 65.20926 99.444573 0.58425418 0.32341899 -0.05010831 25 0 2732.6844 11.542198 -2.6557213
53 86.477503 98.764601 0.96289835 -0.084816269 -0.14967366 25 0 651.83839 2.1457672 -0.82895652
54 127.23361 98.925571 0.55371432 -0.41097823 -0.21910283 25 0 309.13672 1.4652469 -0.41477706
55 463.20792 98.759587 0.61553766 0.041557263 0.047000021 25 0 325.06635 1.5073876 -0.44556236
56 308.17069 101.22023 0.53643016 0.39593776 -0.19893143 25 0 263.28352 1.3772953 -0.34756764
57 500.82708 104.77472 0.64060774 0.24211226 -0.04320255 25 0 1753.1084 7.3319627 -2.1630506
58 343.7987 110.33199 0.43150671 0.77512376 0.1241433 25 0 258.11048 1.3628024 -0.33608226
59 230.50721 112.54524 0.55474826 0.70879587 -0.092329836 25 0 10070.398 42.724271 -4.0766867
60 247.87033 112.5885 0.52019436 0.60822495 -0.034024865 25 0 690.75628 3.0742584 -1.2193509
61 257.9321 113.88026 0.5505398 -0.020174464 -0.24182158 25 0 1330.6488 6.0528428 -1.9548985
62 314.50075 113.55587 0.57704066 0.48162338 -0.17083291 25 0 675.67899 2.8391458 -1.1329692
63 459.77288 115.26344 0.64437528 0.083303509 -0.15820912 25 0 337.2077 1.50438 -0.44339384
64 109.64984 116.13186 0.79888237 0.30463228 -0.36380298 25 0 404.73123 1.4151769 -0.37702681
65 209.94865 115.73755 0.59022672 0.29199251 -0.018140261 25 0 410.41966 1.7859818 -0.62969255
66 503.83661 115.30234 0.59213183 0.95940522 0.36379784 25 0 219.85597 1.0335358 -0.035813801
67 164.60521 117.05915 0.71563415 0.015901434 -0.24883046 25 0 423.21583 1.6936001 -0.57202715
68 62.34494 117.43972 0.51799776 -0.04527166 -0.059527024 25 0 355.71848 1.727345 -0.59344773
69 161.87836 119.15658 0.6439649 -0.040367853 -0.14183317 25 0 1549.3107 6.353039 -2.0074538
70 489.8549 119.22509 0.71853843 -0.11230271 0.111308 25 0 396.00842 1.6370535 -0.5351572
71 185.84314 124.54532 0.53774327 0.32066526 -0.10817573 25 0 1071.6897 4.6835096 -1.6764285
72 17.125933 126.19246 0.61330516 0.086520593 -0.10915628 25 0 960.0545 4.197466 -1.557468
73 263.29002 127.87506 0.68785169 -0.38906793 -0.24729414 25 0 386.25918 1.4949948 -0.43659917
74 405.6744 135.92924 0.59843005 0.16821278 -0.15913806 25 0 9051.2689 38.513645 -3.9640366
75 24.339451 142.47416 0.51433704 0.58023895 -0.072293499 25 0 477.20009 2.1577517 -0.83500368
76 308.56151 141.54184 0.5572932 0.45660306 -0.11346295 25 0 1933.3078 8.3219304 -2.3005602
77 7.6709053 146.50373 0.64728352 0.76423984 0.12510062 25 0 431.71633 1.8589796 -0.67318656
78 493.90461 147.86683 0.6415257 0.18550636 -0.028821315 25 0 6578.927 27.626799 -3.6033264
79 107.33394 155.81568 0.62417262 0.042205813 0.0826105 25 0 366.4618 1.5877017 -0.5019223
80 395.63454 157.38516 0.5293589 0.73488013 0.056393441 25 0 30355.838 131.82015 -5.2999545
81 434.8784 161.03027 0.6954685 0.556506 0.073756898 25 0 429.16336 1.8161464 -0.64787714
82 216.12683 161.46584 0.43520525 0.38143188 -0.11767438 25 0 307.15502 1.6720579 -0.55812829
83 163.30477 164.95334 0.53381796 0.21620073 -0.23646266 25 0 823.36186 3.6718293 -1.4122062
84 42.970129 168.60195 0.66798928 0.11316285 -0.10806885 25 0 294.90893 1.2348947 -0.22907483
85 487.92349 169.24271 0.65257356 0.11945287 -0.015638952 25 0 5583.3607 23.162682 -3.4119721
86 235.71359 169.91398 0.5946691 0.077561195 -0.1852611 25 0 1280.5401 5.2842867 -1.8074659
87 355.96524 169.81982 0.49382943 -0.1715815 -0.1107961 25 0 306.47533 1.5654326 -0.48658594
88 173.95166 170.66554 0.56392278 0.4033498 0.00096596669 25 0 688.47437 2.9709645 -1.1822437
89 423.16397 171.78073 0.33185985 0.40152835 0.25843698 25 0 169.08833 1.0634328 -0.066775131
90 162.45997 173.27905 0.59132568 0.29909109 -0.2466161 25 0 1113.5427 4.7157073 -1.6838671
91 26.607846 179.29729 0.59681739 0.38483968 -0.29129381 25 0 470.93366 1.9806301 -0.74200844
92 124.62456 179.34418 0.60414391 -0.047333959 -0.042799473 25 0 1249.2461 5.1072664 -1.7704713
93 430.8521 178.48778 0.54544547 0.32433872 0.048418053 25 0 1824.9448 8.2691029 -2.293646
94 492.68799 180.28738 0.68872591 -0.03336737 -0.23457009 25 0 595.41604 2.397293 -0.9493028
95 420.6783 180.75786 0.61974484 -0.0070106858 -0.16264536 25 0 473.3845 2.2210405 -0.86639119
96 236.54941 182.10101 0.58034628 0.40772244 -0.3846263 25 0 687.2831 2.7616555 -1.1029238
97 431.5225 183.42734 0.43720599 -0.037022263 0.028835146 25 0 460.25692 2.4838567 -0.98781633
98 198.99335 184.85023 0.47482963 0.15785893 0.060046982 25 0 507.60792 2.5001918 -0.9949333
99 81.361381 185.84826 0.59607283 -0.0064770489 -0.19533129 25 0 28002.181 118.42083 -5.1835703
100 262.63083 191.07533 0.60696221 -0.17896802 -0.16565511 25 0 229.72915 1.0231969 -0.024898
101 430.51787 191.5198 0.4028076 0.49421135 -0.0827966 25 0 162.41986 1.0642259 -0.067584598
102 464.64223 195.34958 0.61339279 -0.26188497 -0.069628598 25 0 461.40975 1.9266339 -0.711998
103 358.74795 197.11805 0.65550296 0.091863412 -0.25763045 25 0 232.40697 1.0162057 -0.017454069
104 177.87058 197.75613 0.52132287 0.01335068 -0.21043885 25 0 362.63377 1.4913825 -0.43397263
105 76.482704 199.8287 0.71098084 0.072337361 -0.20865148 25 0 430.30664 1.5756258 -0.49363269
106 415.81286 199.96523 0.58449443 0.09866794 -0.28858729 25 0 236.3168 1.2012002 -0.19903845
107 479.19079 201.3286 0.55681905 -0.16537364 0.1966647 25 0 377.39579 1.8157634 -0.64764812
108 24.306815 210.54758 0.59525516 0.56273317 -0.18855645 25 0 300.77204 1.2667476 -0.25672519
109 435.42278 211.41529 0.55108557 0.15574909 -0.19217934 25 0 723.9369 3.3874273 -1.3246749
110 336.11192 213.48363 0.48025357 0.091545078 -0.034163014 25 0 912.9246 4.1562054 -1.5467425
111 266.15734 215.61857 0.59653482 -0.19912893 -0.15900609 25 0 511.0383 2.1796184 -0.84595118
112 160.47463 216.99193 0.63038162 -0.0028217785 -0.21370168 25 0 748.65261 2.948498 -1.1740021
113 503.7151 217.64724 0.55511574 0.62747948 -0.11218464 25 0 200.51772 1.0060581 -0.0065576349
114 230.20097 220.60881 0.48308895 0.42876657 -0.26244425 25 0 201.84851 1.0260832 -0.027956423
115 489.12934 220.0948 0.63521211 0.17047841 -0.1252176 25 0 3961.9556 16.642298 -3.0530332
116 450.40311 220.5672 0.46453723 0.12072662 -0.30142993 25 0 155.9504 1.0841385 -0.087711944
117 249.58298 222.36148 0.61429691 -0.32319548 -0.17208626 25 0 1968.6904 7.7608535 -2.2247737
118 361.83932 224.44199 0.50168066 0.37157982 0.040723271 25 0 2753.3499 12.627232 -2.7532704
119 431.95038 225.18586 0.62270761 0.052769959 -0.079013499 25 0 11299.988 47.32578 -4.1877445
120 336.79393 226.81675 0.57584935 0.440537 -0.13749158 25 0 747.74932 3.3242933 -1.3042483
121 190.2158 233.13596 0.52778156 0.43550105 0.046163802 25 0 476.61639 2.1135668 -0.81253997
122 250.20129 233.98207 0.47441692 -0.27860245 -0.37556291 25 0 514.52853 2.6475077 -1.0570931
123 441.12425 236.67432 0.5968775 0.11561722 -0.030186766 25 0 1473.6361 6.2825631 -1.9953421
124 27.219198 240.13904 0.69247412 0.18416671 0.15613915 25 0 256.11663 1.1666681 -0.16736833
125 438.05053 250.12453 0.61719528 0.13748407 -0.10563379 25 0 5948.9919 25.025019 -3.495936
126 213.84348 250.61567 0.51515897 0.31698094 -0.038260605 25 0 3147.3567 14.26273 -2.8855066
127 275.97743 252.96044 0.4880272 -0.16589968 -0.019275393 25 0 328.09424 1.8690925 -0.679077
128 114.89762 261.33755 0.4770839 0.26513106 0.056126056 25 0 218.51886 1.0764353 -0.079969859
129 43.091913 271.5211 0.64043489 0.33325528 0.096192148 25 0 1070.6869 4.2925742 -1.5817945
130 225.40547 279.65332 0.53314743 0.35302714 0.2739315 25 0 214.60154 1.0706934 -0.074162809
131 57.277548 280.71026 0.556617 0.32043925 -0.44191334 25 0 497.53137 2.2655642 -0.88794093
132 357.63609 282.9488 0.60555281 -0.0085671626 -0.17059317 25 0 4187.3146 17.677608 -3.1185587
133 170.38815 284.23231 0.5740568 0.34383886 -0.18918965 25 0 619.26524 2.7578348 -1.1014206
134 77.20506 285.4227 0.64678246 0.60251131 0.063826221 25 0 870.11597 3.3124654 -1.3003784
135 48.930462 285.66045 0.57640446 0.44977677 -0.04156062 25 0 869.4505 3.7051529 -1.4220153
136 331.98942 287.8296 0.74603607 -0.38645998 -0.11026514 25 0 359.55906 1.2622844 -0.25289303
137 463.40852 287.84759 0.65454913 -0.18340533 -0.11049753 25 0 565.04864 2.2475841 -0.87928987
138 1.7248141 290.51715 0.58344453 0.32607187 0.30354265 25 0 262.47799 1.2343261 -0.22857476
139 146.29853 295.10309 0.48565332 0.0095853115 -0.46140332 25 0 363.5696 1.8014578 -0.63906026
140 60.591854 301.15004 0.62487513 -0.096595333 -0.20501266 25 0 985.7985 4.0124612 -1.5085271
141 408.38712 301.25417 0.68961323 -0.28502306 -0.35667036 25 0 316.82326 1.2261843 -0.2213894
142 204.20724 306.75174 0.52595515 0.36933395 -0.081219104 25 0 598.39478 2.8423705 -1.1342017
143 435.99917 306.6732 0.57485592 -0.010079028 -0.14390302 25 0 768.50196 3.3618637 -1.3164502
144 123.40061 311.5598 0.54917361 0.68310967 -0.024981502 25 0 2085.7454 8.9437655 -2.378801
145 0.15674469 313.29438 0.91690617 0.34561235 0.33790073 25 0 1471.3379 4.9374401 -1.7337546
146 45.537627 315.269 0.69830063 -0.69487184 -0.51162867 25 0 260.14479 1.0238328 -0.025572572
147 173.02335 320.96583 0.55708273 -0.6411162 -0.4929627 25 0 301.63581 1.3873777 -0.35548675
148 440.21553 320.74214 0.59579669 0.26036418 -0.44870838 25 0 214.76776 1.0454133 -0.048220051
149 315.63012 323.18164 0.62246213 -0.036047349 -0.16066415 25 0 452.90179 1.9688275 -0.73551916
150 6.0028042 330.39331 0.63751057 0.26814608 -0.048295162 25 0 3688.9081 15.098956 -2.9473673
151 272.93101 330.68912 0.58937928 0.28297838 0.10379316 25 0 355.06577 1.5335026 -0.46421132
152 16.25449 331.35028 0.65025718 0.38920812 -0.074121398 25 0 9443.8988 38.092797 -3.9521072
153 365.804 330.8056 0.53531994 -0.39310016 -0.30871813 25 0 386.29447 1.8156048 -0.64755332
154 249.35239 332.00586 0.5970418 -0.1978899 -0.22045413 25 0 625.96602 2.5656648 -1.0229998
155 62.467748 332.48352 0.66935705 0.35031323 -0.18212132 25 0 687.04001 2.5415457 -1.0127448
156 474.4184 338.48289 0.69006852 0.52555781 0.11523853 25 0 698.92829 2.5208798 -1.0038804
157 245.35628 341.46292 0.55271681 -0.43329085 0.1496188 25 0 262.66371 1.17451 -0.17464183
158 346.15911 344.37007 0.60604434 0.30047917 -0.037890878 25 0 500.17661 1.9953416 -0.75004312
159 225.47899 348.05991 0.62818547 0.053217246 -0.27468924 25 0 3919.9658 15.88514 -3.0024776
160 367.39081 349.53003 0.56699767 -0.43367007 -0.071250159 25 0 693.92603 3.0056676 -1.1948524
161 7.6254588 350.36371 0.70865715 -0.13947644 -0.16377864 25 0 624.99366 2.2882865 -0.89877598
162 284.3555 352.0246 0.61869295 0.0021189747 -0.23192927 25 0 19338.239 79.780659 -4.754744
163 7.667805 354.25197 0.64686521 -0.31906268 -0.10381138 25 0 979.35716 3.7600533 -1.437985
164 8.9196028 357.61803 0.61018105 -0.13125125 -0.09786697 25 0 393.43139 1.5052228 -0.44400194
165 400.19959 359.11855 0.60217441 -0.016549235 -0.18999994 25 0 1558.7335 6.6996814 -2.0651354
166 211.64573 361.17732 0.61227537 -0.010118123 -0.22911165 25 0 1192.0198 4.8905792 -1.7234007
167 263.75931 362.30192 0.61386689 -0.1152634 -0.11663593 25 0 2105.0394 8.8184036 -2.3634749
168 413.41388 363.55035 0.55711219 0.14517551 -0.06531907 25 0 753.15022 3.2683109 -1.2858084
169 81.349154 363.79215 0.62118868 0.031346628 -0.19296669 25 0 3753.5438 15.302869 -2.9619321
170 124.53942 364.58705 0.55384726 -0.53190099 -0.13724892 25 0 317.2342 1.2919348 -0.27810149
171 485.07621 365.51988 0.60046428 0.034658684 0.069961324 25 0 6545.2613 27.581432 -3.601542
172 8.6969619 366.8912 0.51029288 -0.06773485 -0.16176804 25 0 308.76612 1.4718245 -0.41964009
173 351.60998 376.72058 0.60316849 0.28352395 -0.067167749 25 0 2543.1759 10.637909 -2.5671407
174 60.441853 377.96211 0.64823728 0.12057119 -0.33392303 25 0 2640.0243 10.359012 -2.5382959
175 106.34329 379.51038 0.55038667 -0.18385579 0.03138247 25 0 406.44933 1.5982924 -0.50914059
176 212.96979 381.07619 0.55920106 0.18064517 0.039106624 25 0 430.10152 1.7886795 -0.63133131
177 469.75621 382.1396 0.63130818 -0.98245261 -0.020036955 25 0 489.13311 2.0219831 -0.76444381
178 86.18712 382.39296 0.41089243 0.039176622 -0.010749825 25 0 225.05166 1.0821047 -0.085673185
179 130.26603 383.88081 0.69302019 -0.086636244 -0.23361657 25 0 1204.9738 4.4710606 -1.6260264
180 502.01788 383.56406 0.53261451 0.019258301 0.085415863 25 0 210.52294 1.1553757 -0.15680805
181 441.07189 385.98438 0.65715095 0.019038852 -0.13940498 25 0 2079.2651 8.4709628 -2.3198319
182 470.43339 385.51976 0.62933411 -0.39325786 -0.058914348 25 0 1480.2838 5.8518027 -1.9182242
183 45.766237 388.90325 0.66457007 -0.27784085 -0.23702713 25 0 505.74624 1.8391807 -0.66156101
184 232.31469 393.82074 0.61340764 -0.084921727 -0.18404952 25 0 5945.5732 24.783837 -3.4854214
185 362.69031 395.84055 0.6064035 0.32527573 -0.25142989 25 0 577.3599 2.3808993 -0.94185257
186 261.4118 401.38553 0.51623897 0.63557549 -0.089685491 25 0 462.28609 1.8965941 -0.694936
187 398.3098 400.9857 0.65590493 -0.15916105 0.032483229 25 0 522.11525 2.188337 -0.85028551
188 258.72723 405.00916 0.5873471 0.113806 -0.1928802 25 0 1411.7882 5.9079797 -1.9285975
189 276.80076 404.75924 0.57678487 0.30376802 0.046143978 25 0 253.27699 1.1275648 -0.13035376
190 480.3161 405.22223 0.61797167 0.49249245 0.01886208 25 0 363.57537 1.5253419 -0.458418
191 90.736342 410.45337 0.75584025 0.22904079 0.058812215 25 0 751.43138 2.4634227 -0.97884734
192 114.79548 411.83244 0.6296302 0.17399212 -0.23400708 25 0 1764.0645 7.1386869 -2.1340458
193 290.39874 421.67862 0.6965026 -0.06567834 0.13325323 25 0 321.14356 1.1667058 -0.1674034
194 200.39116 428.38998 0.5997487 0.47373396 -0.086565337 25 0 303.71617 1.2765671 -0.26510908
195 165.47845 429.86908 0.62685937 0.43748906 -0.345774 25 0 1551.5099 6.1595151 -1.9738663
196 139.1536 430.74005 0.58279847 0.15546044 -0.072703252 25 0 794.74144 3.2262836 -1.2717563
197 387.58771 430.58881 0.6540168 -0.22098736 0.18796139 25 0 298.49634 1.2158872 -0.21223324
198 168.14681 432.86427 0.57103099 0.24352792 -0.51671955 25 0 278.13132 1.1725594 -0.17283709
199 238.79389 433.16624 0.63838642 -0.035756542 -0.18883478 25 0 943.16624 3.9840114 -1.5008014
200 497.80352 432.99624 0.2582135 0.029587824 -0.077664373 25 0 61151.664 335.09773 -6.3129287
201 351.45734 434.99437 0.63422378 -0.067319999 -0.30855325 25 0 2528.9129 10.273556 -2.529302
202 21.224814 438.30743 0.70512098 0.36020088 0.071754498 25 0 277.45092 1.0676304 -0.071052355
203 251.82579 437.6741 0.6291353 0.096753634 0.011079296 25 0 1029.5648 4.3801255 -1.6037164
204 98.009446 439.48374 0.56907903 0.30134071 0.011396613 25 0 9351.7553 40.002303 -4.0052125
205 483.09672 440.08797 0.74262388 -0.037195012 0.093008225 25 0 297.53391 1.1052369 -0.10863848
206 483.99216 449.39429 0.58124477 0.22426924 0.084290341 25 0 1532.0867 6.4807088 -2.0290563
207 317.85924 453.14884 0.6906858 -0.065573066 -0.17479696 25 0 629.62321 2.3238544 -0.91552229
208 441.96406 454.23059 0.6227769 0.47484011 0.13869447 25 0 362.05201 1.4082021 -0.37166245
209 368.95708 458.07553 0.65454952 0.0070039884 -0.083369267 25 0 1151.6191 4.572737 -1.6504406
210 63.066062 459.11865 0.70810637 0.22985202 -0.15260323 25 0 5188.6211 20.273322 -3.2673123
211 155.97413 460.37746 0.62196916 0.21334003 0.083557682 25 0 891.83525 3.4751618 -1.3524376
212 298.07517 462.47168 0.62980832 0.33821679 -0.39165291 25 0 298.7234 1.1359105 -0.13836031
213 434.45336 461.64695 0.56617997 0.33990346 -0.16364269 25 0 61700.431 260.64186 -6.0401104
214 51.895671 464.48536 0.71741895 0.28189739 -0.11425237 25 0 288.46929 1.0021097 -0.0022881509
215 217.71784 468.36541 0.62552596 -0.17217047 -0.094683837 25 0 3735.4569 15.250065 -2.9581793
216 507.68182 468.51508 0.54315228 -0.25871805 -0.24404306 25 0 229.29348 1.1324557 -0.13505302
217 349.2934 470.04921 0.5783109 -0.22125901 -0.38478834 25 0 471.45509 1.9871023 -0.74555056
218 435.84458 469.29246 0.56752593 0.120694 0.053853965 25 0 374.43792 1.4464866 -0.40078605
219 121.00619 472.23348 0.74474534 0.020310007 -0.15002909 25 0 441.43148 1.5408593 -0.46940747
220 252.24247 471.38903 0.55131207 0.23711338 0.04175085 25 0 238.99374 1.0283803 -0.030384349
221 267.8915 471.64464 0.64785287 0.2069505 -0.034222545 25 0 2561.3662 10.324598 -2.5346829
222 345.22814 476.85631 0.72998159 0.17057849 -0.22160234 25 0 426.86493 1.4641726 -0.4139807
223 145.76563 477.64441 0.58356295 0.34319372 -0.10750756 25 0 647.59756 2.8175417 -1.1246759
224 70.830632 483.02146 0.69025772 0.18716045 -0.13418462 25 0 953.07242 3.7459755 -1.4339123
225 247.11929 492.60714 0.62954309 -0.27557546 -0.032064447 25 0 314.38193 1.1692586 -0.16977639
226 157.03411 496.82443 0.50227805 0.20755047 -0.23348486 25 0 273.88349 1.2943685 -0.28014481
227 73.935639 497.55182 0.77164343 -0.079169489 0.06035184 25 0 313.67927 1.0383969 -0.04090843
228 122.88342 499.66331 0.56801759 -0.26414124 -0.040891279 25 0 469.7885 1.9489689 -0.72451228
229 168.14782 499.67049 0.67486018 -0.41509632 0.10672461 25 0 344.64663 1.1507052 -0.1524102
230 123.49057 503.60623 0.65694148 0.14293402 0.0044965771 25 0 521.7378 1.9482555 -0.72411478
231 170.22086 507.0943 0.63956063 -0.017508202 -0.27304559 25 0 748.45898 2.992884 -1.1902247
232 44.637754 510.05032 0.59171627 0.074125309 -0.24833234 25 0 393.71875 1.7121137 -0.58383148
233 242.75085 510.38551 0.61036034 -0.36757607 -0.1043484 25 0 930.19944 3.8660311 -1.4681634
234 253.52826 510.26582 0.73351714 -0.76321796 -0.22157404 25 0 382.29775 1.2828348 -0.2704268
235 167.61353 510.7368 0.76234019 0.2325056 -0.46064858 25 0 779.12757 2.8713824 -1.1452276
