id xcentroid ycentroid sharpness roundness1 roundness2 npix sky peak flux mag
1 292.96138 14.667974 0.67019874 -0.077715404 -0.2567521 25 0 597 1.4900027 -0.43296763
2 424.25193 18.127952 0.76648453 -0.079894546 -0.41964717 25 0 400 1.1169637 -0.12009763
3 330.54857 23.39744 0.57189393 0.21350342 -0.22172831 25 0 530 1.5728199 -0.4916975
4 20.073609 23.584694 0.59941639 -0.22970338 -0.12960015 25 0 11332 28.028749 -3.6190093
5 403.92241 26.609126 0.56644024 -0.18393139 -0.20548174 25 0 442 1.4628108 -0.41297037
6 463.02167 26.606027 0.60563212 -0.051134495 -0.12307098 25 0 22081 54.151353 -4.3340233
7 349.7256 44.859759 0.68702368 -0.27976815 -0.33957162 25 0 439 1.1263861 -0.12921816
8 449.2387 45.239242 0.6772944 0.46253179 -0.17139476 25 0 273 1.0504483 -0.053436748
9 182.02258 52.482108 0.59384614 -0.07103254 -0.091861427 25 0 942 2.2881927 -0.89873149
10 201.44626 53.488136 0.57205418 -0.69630378 -0.2112293 25 0 1633 3.8838452 -1.4731548
11 342.20231 54.682339 0.68102724 -0.55128793 -0.24215603 25 0 446 1.1053501 -0.10874962
12 61.794883 55.386665 0.51142207 -0.041602235 -0.13202047 25 0 340 1.0530826 -0.056156064
13 320.10923 55.477052 0.36632109 -0.27633261 -0.32057133 25 0 58247 157.88768 -5.4958706
14 106.77838 57.483555 0.47745699 -0.051898741 -0.16900733 25 0 3356 8.9705607 -2.382049
15 395.67841 59.291758 0.61922293 -0.32046545 -0.15976516 25 0 753 2.0025135 -0.75393862
16 466.11673 65.488752 0.56162442 -0.12143325 -0.088177969 25 0 526 1.6745299 -0.55973228
17 289.67369 66.088241 0.58865271 -0.36817084 -0.36881605 25 0 1308 3.2033724 -1.2640186
18 438.70847 72.958096 0.60881046 -0.043597709 -0.23274286 25 0 1265 3.4159192 -1.333769
19 497.2143 75.324703 0.64428833 0.091723665 -0.17469966 25 0 2841 7.1152962 -2.1304825
20 27.23936 78.59192 0.53605297 -0.11661598 -0.22801088 25 0 404 1.201955 -0.19972056
21 428.31552 79.873174 0.6688783 -0.22626987 -0.32815847 25 0 1419 3.5379268 -1.3718721
22 413.59301 81.484734 0.52008707 -0.73671249 -0.092007675 25 0 350 1.1783815 -0.17821483
23 467.01209 80.58826 0.62567163 0.44410469 0.053566986 25 0 273 1.0341393 -0.036447604
24 51.294564 83.439938 0.57109506 -0.090925107 -0.11943285 25 0 1180 2.9910794 -1.1895699
25 464.16134 88.556071 0.51432927 0.22481521 -0.06996786 25 0 579 1.8228922 -0.65190248
26 346.16298 92.36598 0.59061584 -0.043942451 -0.16520513 25 0 2682 6.6485357 -2.056815
27 115.00796 95.501723 0.50502668 -0.48362883 0.039052567 25 0 399 1.02838 -0.030384035
28 87.428446 98.681771 0.4220087 -0.049498246 -0.36641451 25 0 379 1.0087177 -0.0094240955
29 486.61219 99.477638 0.54676361 0.37254588 -0.2567881 25 0 14615 36.341038 -3.9009933
30 279.10935 106.59989 0.5170336 -0.22888299 -0.19421389 25 0 1010 2.6573992 -1.061142
31 283.05482 108.3764 0.55737918 -0.52644391 -0.22287593 25 0 1228 2.9954474 -1.1911542
32 181.34215 109.19148 0.6207883 -0.26025846 -0.41434568 25 0 1488 3.36206 -1.3165136
33 49.168313 113.22736 0.63269894 -0.25548661 -0.28907243 25 0 3460 8.1514007 -2.2780806
34 504.49884 115.95124 0.60928374 -0.17851751 -0.35006608 25 0 1582 4.035762 -1.5148139
35 484.82708 119.40857 0.58057698 -0.23350365 -0.10045053 25 0 1536 4.1219908 -1.5377675
36 327.74689 124.80769 0.57803734 -0.25934731 -0.43756814 25 0 474 1.2117082 -0.20849512
37 214.42775 126.56777 0.53988005 0.28464932 -0.15092978 25 0 12214 30.003704 -3.6929372
38 231.83231 126.65062 0.60647771 0.071985995 -0.18617113 25 0 875 1.9038799 -0.69909889
39 241.77374 128.06602 0.57159672 -0.22460684 -0.28805155 25 0 1602 3.8765439 -1.4711118
40 298.43953 127.84636 0.66288835 -0.49234873 -0.28125897 25 0 997 2.2001536 -0.85613251
41 193.80395 129.66195 0.42401466 -0.42194787 -0.31793019 25 0 397 1.020384 -0.021909076
42 46.425843 131.3317 0.46748758 -0.24790566 -0.22593773 25 0 391 1.0742296 -0.077742826
43 145.67805 133.11761 0.58112419 -0.52437146 -0.30837081 25 0 1809 4.3790565 -1.6034514
44 169.61973 138.61269 0.4871081 -0.0062986333 -0.26946491 25 0 1308 3.2729668 -1.287354
45 1.1483603 139.88949 0.65401649 -0.46068141 -0.1863553 25 0 1200 2.8977771 -1.1551625
46 389.65877 150.2963 0.60001515 -0.38792707 -0.25800469 25 0 9676 23.091782 -3.4086436
47 8.5781236 156.19033 0.58741561 -0.24590011 -0.40243607 25 0 630 1.6476024 -0.54213106
48 292.37927 155.85039 0.64989794 -0.44361571 -0.33643265 25 0 2630 5.8597484 -1.9196974
49 477.84223 162.44636 0.59533995 -0.23229836 -0.055517951 25 0 6012 14.726708 -2.9202642
50 379.55648 171.81915 0.55543123 -0.07360963 -0.34619482 25 0 38960 96.162633 -4.9575159
51 219.41448 184.12174 0.58841595 -0.55511345 -0.44520101 25 0 1494 3.3840785 -1.3236011
52 339.99018 183.92682 0.67722319 -0.26838277 -0.042926336 25 0 531 1.1502175 -0.15194997
53 471.83012 183.76089 0.58167061 -0.028606427 -0.18619167 25 0 5554 14.245964 -2.8842296
54 157.68876 184.62508 0.45077759 -0.062178517 -0.15026535 25 0 763 1.9165893 -0.70632266
55 146.1632 187.37792 0.59882928 0.012571103 -0.13353245 25 0 1440 3.3121721 -1.3002822
56 10.256349 192.97207 0.64857344 -0.58716247 -0.65624072 25 0 633 1.4668148 -0.41593818
57 108.48226 193.24111 0.57383249 -0.3163732 -0.29234437 25 0 1457 3.3447643 -1.3109138
58 414.74807 192.93323 0.56863538 -0.29984877 -0.30241576 25 0 2238 5.7335837 -1.8960654
59 404.63626 195.14639 0.58597249 -0.38896367 -0.31089332 25 0 507 1.3914214 -0.35864667
60 476.50947 194.89153 0.60737215 -0.09305947 -0.30220019 25 0 529 1.4921433 -0.43452632
61 220.20337 196.37071 0.57076239 -0.07943698 -0.19267393 25 0 1001 2.248787 -0.87987081
62 415.07126 197.92305 0.61881838 -0.40492233 -0.19157416 25 0 735 1.8664616 -0.67754765
63 182.75338 198.87996 0.61829022 0.06009523 -0.41090756 25 0 741 1.5669784 -0.4876575
64 65.124812 199.66373 0.59562885 -0.30643269 -0.20531253 25 0 33351 81.523875 -4.778212
65 114.91812 201.05529 0.51847986 0.011315523 -0.33691625 25 0 427 1.0131723 -0.014208271
66 448.52211 209.92367 0.64181327 -0.15231328 -0.27566155 25 0 497 1.3156555 -0.29785547
67 161.58833 211.7894 0.53125585 0.054283042 -0.33636838 25 0 511 1.1094477 -0.11276709
68 502.32699 213.66468 0.67753811 -0.43787577 -0.2024559 25 0 1309 3.1662699 -1.2513698
69 463.07297 215.89306 0.64447512 -0.31822831 -0.32324396 25 0 488 1.3318519 -0.31113984
70 496.31406 219.75341 0.66888711 -0.41128844 -0.22518373 25 0 2692 6.309474 -1.9999829
71 419.11981 225.71608 0.58604931 -0.33231707 -0.15729105 25 0 858 2.242053 -0.87661468
72 319.72706 227.82316 0.54936847 -0.048523109 -0.26855073 25 0 1245 3.1276292 -1.2380381
73 249.94027 229.88436 0.64014645 -0.24662815 -0.28106499 25 0 703 1.4627541 -0.41292827
74 144.20069 231.10477 0.64295476 -0.002842842 -0.21594874 25 0 939 1.9701118 -0.73622717
75 472.96498 234.64889 0.59182605 -0.1745109 -0.16319243 25 0 3746 9.3411388 -2.4259996
76 233.35318 236.61892 0.49753561 0.20330591 -0.12100124 25 0 1963 4.8810448 -1.721282
77 345.60811 238.80139 0.55026058 -0.06069477 -0.3344382 25 0 3510 8.7414338 -2.3539567
78 415.73327 239.57784 0.52102979 0.088354031 -0.17843595 25 0 9914 25.538154 -3.5179738
79 320.52876 241.03537 0.61881617 -0.3110104 -0.43854148 25 0 916 2.0972356 -0.80411805
80 173.84657 247.12457 0.53885487 -0.066107364 -0.39633931 25 0 652 1.457877 -0.4093022
81 233.92953 248.21594 0.6365377 -0.32147522 -0.27493326 25 0 725 1.4357931 -0.39272962
82 424.95286 251.12716 0.59427578 -0.20436639 -0.1828665 25 0 1622 4.09563 -1.5308018
83 197.58353 264.78551 0.66128932 -0.62883599 -0.44092016 25 0 4095 8.7188064 -2.3511426
84 421.81715 264.53709 0.50785747 0.032731749 -0.12596808 25 0 5207 13.698794 -2.8417058
85 26.95903 285.28618 0.72504904 -0.45886823 -0.22974227 25 0 1458 3.0952531 -1.2267404
86 41.144182 294.51524 0.64954982 -0.09362927 -0.037731932 25 0 633 1.2994618 -0.28440876
87 341.35081 297.35603 0.55648238 -0.0092852258 -0.24207836 25 0 4227 10.454373 -2.548245
88 153.95786 298.372 0.57957026 -0.26783965 -0.20222361 25 0 787 1.7323836 -0.59661017
89 32.608476 299.42749 0.55922896 -0.5882164 -0.27264302 25 0 947 2.263854 -0.88712104
90 60.957664 299.175 0.70321967 -0.48918104 -0.19429253 25 0 1192 2.4900206 -0.99050734
91 447.23 302.38795 0.70011834 0.071371991 -0.081719141 25 0 613 1.5355966 -0.46569282
92 44.39754 314.93495 0.67470254 -0.42997905 -0.42742911 25 0 1143 2.4219108 -0.96039535
93 187.592 320.66186 0.50072089 -0.28269843 -0.45352822 25 0 644 1.3855672 -0.35406901
94 419.65937 321.0904 0.52972727 -0.32873831 -0.14332111 25 0 750 2.1736292 -0.84296366
95 107.1193 325.37976 0.5898106 -0.05939863 -0.1748429 25 0 2897 6.864276 -2.0914868
96 299.18865 337.58259 0.70400784 -0.15005227 -0.27827811 25 0 512 1.0219388 -0.023562208
97 0.3288071 345.03285 0.85322052 -0.13302426 0.075354547 25 0 12159 25.152554 -3.5014552
98 46.06082 346.33131 0.6383908 -0.27157102 -0.12623729 25 0 873 1.9495775 -0.72485127
99 232.93514 346.09956 0.64483036 -0.18045317 -0.35717193 25 0 949 2.0904013 -0.80057416
100 457.89511 353.10452 0.51013675 -0.00044768565 0.19486616 25 0 668 1.8078811 -0.64292464
101 329.67891 358.76095 0.55550861 -0.061776569 -0.22226826 25 0 609 1.4698686 -0.41819627
102 208.97583 362.1501 0.6201909 -0.3447794 -0.30147403 25 0 4822 11.476334 -2.6495079
103 350.89882 363.93395 0.54247457 -0.37719815 -0.16117967 25 0 805 2.0369984 -0.77247673
104 267.86757 366.35472 0.60464622 -0.45428385 -0.25466735 25 0 20180 47.424865 -4.1900152
105 383.65852 373.53602 0.45320183 -0.14705721 -0.18471592 25 0 1216 3.5260861 -1.3682323
106 195.18297 375.16828 0.58719901 -0.17828449 -0.29436096 25 0 1375 3.1487676 -1.2453515
107 247.35094 376.50264 0.55299902 -0.066407422 -0.22202445 25 0 1963 4.5565818 -1.6465979
108 64.945396 377.60699 0.57087237 -0.047459043 -0.19694415 25 0 3926 9.6777484 -2.4644358
109 396.94938 377.93323 0.63770671 -0.28780993 -0.21714685 25 0 992 2.3792713 -0.9411099
110 468.6381 380.13254 0.62259201 -0.44555695 -0.25120138 25 0 7534 18.246755 -3.1529641
111 335.05922 391.00746 0.63586655 -0.25529564 -0.25527406 25 0 3199 7.6303544 -2.2063618
112 44.076514 391.69635 0.6128665 -0.20581149 -0.24660461 25 0 3135 7.5097801 -2.189068
113 89.867518 393.34646 0.48754124 -0.50910567 -0.1984742 25 0 452 1.0105173 -0.011359371
114 196.67638 395.17446 0.80210468 -0.6511808 -0.55362655 25 0 636 1.0781704 -0.081718523
115 453.1601 396.66877 0.47010863 -0.88303292 -0.054568864 25 0 351 1.1022331 -0.10568365
116 113.80716 397.72191 0.59814965 -0.12445666 -0.20234098 25 0 1256 2.9191714 -1.163149
117 424.56559 400.56107 0.6246864 -0.71214142 -0.10907747 25 0 1815 4.2756141 -1.5774962
118 453.95104 400.0799 0.60625724 -0.49990692 -0.2612124 25 0 1797 4.5959864 -1.6559468
119 215.73461 407.9162 0.57990261 -0.24148824 -0.38077488 25 0 6264 15.2662 -2.9593273
120 346.24423 410.2183 0.73649765 -0.0096238383 -0.12667868 25 0 691 1.4230443 -0.38304608
121 244.94852 415.3668 0.55295394 0.40147804 -0.24319562 25 0 534 1.2820466 -0.26975956
122 381.90241 415.34829 0.4204438 -0.41575358 -0.37281723 25 0 354 1.1167924 -0.1199311
123 242.24776 419.12161 0.634692 -0.22900702 -0.28262795 25 0 1772 4.0708035 -1.5242003
124 74.300803 424.10848 0.7047231 -0.13612529 -0.41678468 25 0 930 1.9728103 -0.7377133
125 98.352017 425.58412 0.62046077 -0.48016089 -0.25254373 25 0 1796 4.0471779 -1.5178807
126 149.10297 443.81655 0.63774689 -0.35081661 -0.26950699 25 0 1967 4.5657805 -1.6487876
127 122.64443 444.60194 0.47711068 0.49343465 -0.17500059 25 0 706 1.6565217 -0.54799282
128 222.26917 447.34119 0.5911864 -0.41259882 -0.35262666 25 0 894 2.1095587 -0.81047901
129 481.16783 447.4136 0.36237128 -0.35544155 -0.25260867 25 0 58002 145.17085 -5.4046985
130 334.81454 449.33183 0.65639964 -0.32740995 -0.12691223 25 0 2996 6.9752053 -2.1088925
131 235.36044 451.78316 0.66728086 -0.5875715 -0.27647324 25 0 1015 2.2170073 -0.86441783
132 81.506792 453.40492 0.62395678 0.22449845 -0.29964167 25 0 10987 25.360545 -3.5103965
133 467.41368 464.0837 0.64377534 -0.29400152 -0.37661847 25 0 1766 4.2505032 -1.5711009
134 301.29842 467.42336 0.48494229 -0.29930087 -0.26838174 25 0 472 1.3377502 -0.31593758
135 46.51516 472.91148 0.65124834 -0.15223022 -0.44364997 25 0 4960 11.429194 -2.645039
136 352.31638 472.39188 0.62659463 -0.67282522 -0.14240491 25 0 988 2.3322036 -0.91941614
137 139.51288 474.19755 0.61432734 -0.18648854 -0.29854231 25 0 1026 2.3610638 -0.93276931
138 417.86578 476.20373 0.4364826 -0.47528043 -0.34050837 25 0 58049 165.26747 -5.5454685
139 201.22443 482.4446 0.56582122 -0.0102368 -0.18420048 25 0 3775 9.335696 -2.4253668
140 332.85688 484.40127 0.63733198 -0.64130323 -0.056082809 25 0 489 1.149657 -0.1514207
141 104.48522 486.0656 0.70475078 -0.50617782 -0.29138086 25 0 486 1.027857 -0.029831718
142 251.2712 485.89217 0.68361706 -0.37762852 -0.32411321 25 0 2913 6.4858675 -2.0299202
143 328.57424 491.04652 0.66775899 -0.239075 -0.35833553 25 0 441 1.0234415 -0.025157575
144 129.34607 491.48332 0.62931382 -0.50297775 -0.0790597 25 0 773 1.7099884 -0.58248291
145 54.252937 496.86136 0.71109283 -0.14077542 -0.17155784 25 0 1058 2.3787757 -0.94088375
