id xcentroid ycentroid sharpness roundness1 roundness2 npix sky peak flux mag
1 246.1221 0.74756388 0.539437 0.49870239 -0.0032929619 25 0 275.1722 1.3452587 -0.32201448
2 350.90179 4.4903628 0.61540762 0.27861476 0.046047472 25 0 312.58346 1.4821925 -0.42726156
3 323.33346 7.1061988 0.69835444 0.16910095 -0.28444702 25 0 811.20854 3.3238121 -1.3040911
4 332.44048 9.6600624 0.62028353 0.71136643 0.024544725 25 0 373.95592 1.6184302 -0.52273493
5 454.68607 10.387179 0.70388708 0.071956437 -0.12328279 25 0 530.83402 2.173446 -0.84287215
6 497.61933 12.930527 0.87031531 0.37642021 0.056838761 25 0 470.57589 1.7582057 -0.6126742
7 135.22783 14.725328 0.57092645 0.85525275 0.20982457 25 0 454.65933 2.1629485 -0.83761544
8 360.88714 15.850193 0.64628806 0.34504398 -0.022996175 25 0 919.62808 4.0663499 -1.5230119
9 50.362428 16.693779 0.64137036 -0.14808993 -0.086947692 25 0 15024.551 66.174277 -4.551723
10 434.33809 18.878937 0.64931304 0.34183291 -0.15352242 25 0 860.07941 3.7917875 -1.44711
11 493.46324 18.672119 0.5985986 -0.10297289 -0.10373809 25 0 25808.412 115.11338 -5.1528145
12 451.33127 20.130586 0.39394947 -0.35739745 0.39729217 25 0 213.08682 1.3445591 -0.32144977
13 38.524415 21.846402 0.609216 -0.4908619 -0.30614303 25 0 208.1375 1.1197636 -0.12281586
14 360.16864 24.162953 0.54182719 0.084903072 -0.29708246 25 0 330.94437 1.6800375 -0.56329742
15 361.47921 29.411391 0.60727088 -0.061089091 -0.28058254 25 0 257.16972 1.3093323 -0.29262469
16 3.2779449 30.29049 0.86431479 -0.12391292 0.25968036 25 0 312.24261 1.190315 -0.18915472
17 238.97954 34.214903 0.69563328 -0.30290983 -0.36109364 25 0 436.74073 1.8806928 -0.68579465
18 380.13218 37.239411 0.6512677 0.30797475 -0.081055979 25 0 656.21766 2.8901725 -1.1523094
19 479.84691 37.315845 0.62049145 0.18078559 0.24266908 25 0 363.57584 1.592452 -0.50516588
20 152.56821 40.072958 0.75108544 0.14510422 -0.28783448 25 0 536.85581 2.1552929 -0.83376572
21 139.40243 44.262323 0.58045631 -0.14936272 -0.078606237 25 0 558.98465 2.6700229 -1.0662875
22 212.55354 45.321089 0.64254942 0.36761001 -0.22125257 25 0 1136.1206 4.8032015 -1.703827
23 231.97385 46.126327 0.64800083 0.13027915 -0.05609176 25 0 2701.7836 11.969275 -2.6951696
24 444.98759 45.914898 0.64585503 -0.2258815 -0.039544708 25 0 257.7097 1.1587505 -0.1599748
25 372.61886 47.127569 0.59947821 0.040897977 -0.059287056 25 0 551.97342 2.7168499 -1.0851641
26 350.5894 48.142575 0.38031433 0.35157004 -0.0015057088 25 0 58743.21 293.53701 -6.1691572
27 416.08106 47.570608 0.52515865 0.80651061 0.14947427 25 0 235.04597 1.2243479 -0.21976208
28 92.286435 48.447387 0.62113841 0.050667354 0.10236931 25 0 486.22821 2.0577669 -0.78349046
29 276.10129 48.523318 0.59323951 0.12091584 -0.03334268 25 0 305.90641 1.5050356 -0.44386695
30 137.29569 50.501035 0.64055969 0.58820592 0.067292003 25 0 5176.6648 22.07946 -3.3599711
31 42.779262 51.799013 0.4387213 0.2376355 0.30036506 25 0 135.01827 1.030148 -0.03224907
32 180.6014 51.024619 0.40644667 0.093700028 -0.46457169 25 0 261.7809 1.7113191 -0.58332747
33 426.07264 51.655752 0.59242345 0.70836586 0.18543793 25 0 999.52086 4.6248832 -1.6627519
34 70.603538 52.85248 0.75979023 0.14140094 -0.23592138 25 0 310.09954 1.3091025 -0.29243411
35 259.58426 55.855913 0.75907906 0.48540387 -0.26425455 25 0 349.68951 1.3020581 -0.28657593
36 272.95412 57.220382 0.69105492 -0.24277227 -0.0971511 25 0 475.0921 2.0350527 -0.77143917
37 426.71282 56.924155 0.59688936 -0.40941019 -0.37854887 25 0 273.20266 1.3790878 -0.34897979
38 78.614914 57.864813 0.46092015 -0.31036195 -0.36784186 25 0 246.33774 1.4629861 -0.41310049
39 496.66564 57.422722 0.59072519 0.70820594 0.082198946 25 0 827.00801 3.957294 -1.4934958
40 320.27356 58.57353 0.56253175 0.039235357 -0.018060918 25 0 1471.8206 6.8320183 -2.0863726
41 168.18974 63.334904 0.51359465 0.2664455 0.22457339 25 0 293.66288 1.4498846 -0.40333357
42 469.23917 65.078952 0.71064774 0.29009659 -0.07078814 25 0 1892.3251 7.8695025 -2.2398682
43 56.216993 66.432529 0.50367161 -0.83543962 0.03646242 25 0 255.31408 1.3072061 -0.29086019
44 23.084517 69.477695 0.50044793 -0.69365446 -0.35576973 25 0 309.62861 1.7853866 -0.6293307
45 375.42784 69.604609 0.7481741 0.68567462 0.019754151 25 0 336.3326 1.3515807 -0.32710499
46 57.303301 71.679856 0.53997852 0.29086122 0.054037183 25 0 547.45368 2.6009183 -1.0378168
47 80.450848 71.251048 0.58840252 0.3728608 0.042721108 25 0 451.90092 2.2654743 -0.88789786
48 195.70891 71.640974 0.45103129 -0.38636215 0.053614377 25 0 265.15792 1.5291088 -0.46109598
49 458.8447 72.091731 0.70518453 0.075792154 -0.068767681 25 0 1987.9969 8.3681835 -2.306578
50 23.708989 73.339662 0.66835756 -0.060417867 0.18022698 25 0 502.8277 2.2171206 -0.86447329
51 138.28726 73.144534 0.81913517 0.41136507 -0.14794224 25 0 537.76898 1.9551433 -0.72794647
52 497.48424 72.730923 0.77780537 0.20231198 -0.2020115 25 0 563.27512 2.2862034 -0.89778717
53 444.02519 73.747587 0.62628491 0.44786913 0.070617906 25 0 686.65202 3.1897902 -1.2594053
54 81.537868 76.486433 0.60179398 -0.20971043 -0.020992233 25 0 1484.8159 6.6675616 -2.0599176
55 339.74049 77.696347 0.69687052 -0.25149425 -0.18431198 25 0 309.48547 1.42487 -0.38443807
56 339.66992 81.103192 0.65134732 0.16426458 -0.25767814 25 0 300.23207 1.4077164 -0.3712879
57 494.6699 80.538806 0.62696783 0.80616547 0.1440154 25 0 1023.4565 4.4683212 -1.625361
58 376.61872 84.718639 0.64141895 0.45915257 -0.096028713 25 0 3481.0035 15.181862 -2.9533126
59 145.53447 88.246018 0.52032924 -0.20320314 -0.21652846 25 0 432.17927 2.1153984 -0.81348043
60 461.06422 89.842696 0.62537128 0.1274098 -0.10416643 25 0 320.00138 1.4900065 -0.43297043
61 117.92854 91.874043 0.68675368 0.17937866 -0.10664732 25 0 760.02885 3.2651432 -1.2847556
62 170.72192 92.025692 0.64514651 -0.033709236 0.020275978 25 0 351.8356 1.5179601 -0.45315088
63 181.03502 98.416816 0.50636723 0.05304649 0.089953394 25 0 437.1999 2.2363103 -0.87383017
64 309.51304 99.066397 0.61232969 -0.29989463 -0.32721381 25 0 1304.263 5.7933345 -1.9073215
65 313.46178 100.82825 0.63730394 -0.14352766 -0.31024462 25 0 1452.4625 6.1620907 -1.9743202
66 211.91047 101.99649 0.65807212 0.1437931 -0.15151701 25 0 1898.2277 8.1583966 -2.279012
67 208.36557 104.25424 0.85128215 0.99551659 0.22663383 25 0 274.78975 1.0207809 -0.022331351
68 477.59344 105.68683 0.59578721 -0.17510795 0.10833355 25 0 393.18075 1.8210955 -0.65083177
69 79.466909 106.30324 0.6299244 -0.33346347 -0.15715576 25 0 3712.9249 15.885533 -3.0025045
70 141.56898 105.80818 0.72758752 -0.039989107 -0.16134674 25 0 542.46415 2.2479991 -0.87949034
71 87.498373 107.66242 0.46314197 0.35228823 -0.089831658 25 0 241.96451 1.4477257 -0.40171573
72 322.59185 107.86204 0.63190197 0.048186261 -0.28023941 25 0 325.44586 1.5038798 -0.44303284
73 12.246773 113.76699 0.49455273 0.85567206 0.31246405 25 0 195.43871 1.1693853 -0.16989412
74 358.32535 117.05349 0.68930983 0.71472524 0.17286681 25 0 631.63309 2.7112487 -1.0829234
75 244.92723 119.24334 0.6340826 0.15639797 -0.07937154 25 0 18150.886 79.649967 -4.752964
76 262.43214 119.24317 0.61201246 0.85247922 0.019310579 25 0 962.91919 3.9754987 -1.498479
77 329.03977 120.28091 0.64261644 0.10917249 -0.068736806 25 0 1241.197 5.3965127 -1.830283
78 272.51454 120.6175 0.56118363 -0.31203455 -0.14542565 25 0 1642.1922 7.4236963 -2.1765505
79 474.22161 121.82097 0.48332295 0.15574867 -0.21161857 25 0 369.2004 2.0997544 -0.80542127
80 123.96247 122.86448 0.62655796 0.071018507 0.017744366 25 0 570.23729 2.5283763 -1.0071043
81 224.59976 122.46039 0.58401515 0.33477085 -0.075832826 25 0 482.98149 2.0926706 -0.80175218
82 339.41327 122.75479 0.79541503 -0.31813064 -0.44347917 25 0 281.51325 1.2056468 -0.20305026
83 76.517341 124.41179 0.56682644 0.0084248523 0.01458489 25 0 517.54965 2.3440891 -0.92493529
84 176.38673 125.92699 0.64301924 0.083196252 -0.16700965 25 0 2273.9893 10.122311 -2.5131992
85 504.40771 126.02317 0.68682681 -0.029757246 -0.39984826 25 0 459.38842 2.0045276 -0.75503013
86 8.9696856 127.84688 0.72986984 0.051600437 -0.29208825 25 0 565.45259 2.4556657 -0.97542309
87 200.29442 131.40057 0.62390148 0.52103541 -0.033889953 25 0 1789.1367 7.8405054 -2.2358601
88 31.511905 133.10565 0.65554958 -0.0036146747 -0.1825918 25 0 1365.3559 5.990166 -1.9435971
89 3.8515358 133.6757 0.78372325 0.45373248 0.13828086 25 0 537.43556 2.0859143 -0.79824115
90 277.82359 134.52444 0.6168403 0.55975124 0.12564982 25 0 414.07664 1.6720811 -0.55814334
91 350.9571 137.7858 0.71991371 -0.05006057 -0.096262487 25 0 212.68266 1.0187357 -0.020153835
92 333.48922 139.11361 0.21804438 -0.15184146 -0.29351453 25 0 106.11203 1.0471085 -0.049979207
93 294.90081 140.49822 0.53538218 0.2405177 -0.56073534 25 0 197.49727 1.1191809 -0.12225072
94 420.2744 142.51028 0.54875715 0.014333459 0.024782845 25 0 10864.576 50.133935 -4.2503295
95 408.72015 145.71061 0.4954551 -0.052499501 0.18898937 25 0 195.41344 1.1205191 -0.12354814
96 323.07406 148.26292 0.65979416 0.22611076 -0.056232825 25 0 3326.4964 14.225293 -2.8826531
97 38.819191 149.436 0.61530063 0.17891291 0.085593621 25 0 777.16634 3.5318237 -1.3699975
98 118.94909 151.24184 0.55127409 -0.36729774 -0.24199573 25 0 239.64439 1.2516064 -0.24366946
99 21.901921 153.40853 0.67594545 0.15513561 0.13908342 25 0 676.82729 2.9092309 -1.1594455
100 508.48136 154.57889 0.61902617 0.78663364 0.035422235 25 0 7084.5498 30.457183 -3.7092243
101 121.60864 162.57741 0.64037783 0.35272064 0.012869279 25 0 517.53591 2.255819 -0.8832606
102 410.21345 164.08876 0.65334995 0.22920407 -0.11599113 25 0 56997.683 245.94781 -5.9771074
103 449.37646 167.60167 0.53046897 0.71410058 -0.0265369 25 0 458.93159 2.3861014 -0.94422224
104 230.64226 168.31056 0.68590556 0.18968102 -0.071223844 25 0 496.12711 1.9624334 -0.73198733
105 177.64229 171.79278 0.63717491 0.44234935 -0.14220106 25 0 1330.7902 5.7510451 -1.8993669
106 57.608672 175.60552 0.64778793 -0.12178013 0.013727361 25 0 370.92438 1.6107636 -0.51757954
107 370.72344 176.39648 0.47562146 0.43455864 -0.12184856 25 0 377.06914 2.0698925 -0.78986948
108 502.57131 175.84355 0.61867175 -0.14516347 -0.21719158 25 0 6565.3723 28.786257 -3.647963
109 188.3504 177.53553 0.66136792 0.73586641 0.03991588 25 0 880.18199 3.5526574 -1.3763833
110 250.23926 176.64527 0.57224853 -0.0092729759 -0.028700768 25 0 1675.8889 7.5990414 -2.201897
111 437.73664 178.41661 0.53780203 -0.45676766 -0.19137746 25 0 316.38197 1.6484018 -0.54265769
112 25.992915 179.18614 0.26625032 0.17417153 -0.90712162 25 0 131.28903 1.0549754 -0.058105867
113 176.81457 180.13659 0.66287876 -0.0095306014 -0.16662181 25 0 1799.4552 7.5848777 -2.1998715
114 167.90391 184.4495 0.7307165 -0.027448533 0.05046073 25 0 252.46107 1.0019943 -0.0021631765
115 445.46814 185.07525 0.62299731 0.13461664 -0.21445242 25 0 2871.4676 12.712978 -2.7606182
116 40.982516 186.13754 0.68596977 -0.1610047 -0.059906859 25 0 919.03887 4.0581121 -1.5208101
117 139.11513 186.15081 0.68277627 0.36865267 -0.070226917 25 0 2062.0338 8.5120426 -2.3250845
118 435.25177 187.41283 0.66465011 0.46006006 0.055430067 25 0 673.03566 2.9641636 -1.1797554
119 507.11836 186.91184 0.6431045 0.34927432 -0.078571687 25 0 890.01828 4.0038478 -1.5061939
120 250.97083 188.8628 0.66276443 0.26864046 -0.070207607 25 0 1209.9609 5.1393105 -1.7772621
121 445.8325 190.14613 0.66440177 -0.14490907 0.040392517 25 0 1112.0366 4.9496923 -1.7364455
122 254.69294 191.11944 0.36721588 -0.58417841 -0.080601074 25 0 182.43786 1.0484098 -0.051327673
123 213.45381 191.64201 0.59819508 0.5981059 -0.19022358 25 0 654.87206 2.9194416 -1.1632495
124 95.674222 192.70022 0.65403921 0.40990727 -0.060360656 25 0 41807.86 179.85218 -5.6372893
125 145.4753 193.90854 0.62679362 0.090980126 -0.040690179 25 0 422.74596 1.8159039 -0.64773215
126 276.83999 197.82263 0.48755247 0.24618426 -0.35966653 25 0 285.02421 1.3971106 -0.36307694
127 444.91309 198.20045 0.62654439 0.072908252 -0.11331861 25 0 411.20523 2.0026123 -0.75399221
128 479.20068 201.95963 0.62395651 -0.28518431 -0.16032006 25 0 689.05816 3.2249202 -1.2712974
129 373.09851 203.66478 0.54468055 -0.27291593 -0.041074411 25 0 292.70485 1.5358221 -0.46585231
130 406.08862 203.67501 0.42774391 0.091624541 -0.38738959 25 0 254.85778 1.5780704 -0.49531595
131 192.40616 204.56351 0.54185899 0.64467275 -0.098594654 25 0 461.58761 2.1295996 -0.82074491
132 490.83399 205.1406 0.76885483 0.27614866 -0.23190904 25 0 265.06096 1.1534063 -0.15495582
133 430.05949 206.09188 0.74852496 -0.13207025 -0.031128196 25 0 398.76386 1.6903807 -0.56996133
134 90.744153 206.66016 0.57674148 0.2240343 0.18520784 25 0 604.08159 2.8429655 -1.134429
135 493.53606 207.98774 0.62027366 0.044632422 -0.11094139 25 0 682.7609 3.0605518 -1.2144993
136 439.8931 210.84766 0.36255139 -0.44139477 -0.052812727 25 0 193.15295 1.5159798 -0.45173354
137 36.730095 215.68837 0.5952657 -0.19011531 -0.2737727 25 0 382.2428 1.7988448 -0.63748423
138 38.738726 217.35657 0.60284224 0.28905312 -0.10709282 25 0 468.89074 2.1628289 -0.83755541
139 359.22014 217.83325 0.58123938 -0.47007224 -0.24781466 25 0 236.97272 1.1741352 -0.17429523
140 449.90956 217.94808 0.64406419 0.034728485 -0.10910219 25 0 1251.6822 5.5886623 -1.8682697
141 12.073321 219.29747 0.72072154 0.38531788 0.022283192 25 0 2235.2913 9.2550238 -2.4159439
142 350.51286 220.25211 0.59189532 -0.11007063 -0.17953953 25 0 1451.6879 6.5743107 -2.0446256
143 280.6861 222.35418 0.63943016 -0.015437918 -0.15371301 25 0 707.23786 3.0242848 -1.2015567
144 174.94106 223.87541 0.57243301 0.30934373 -0.17740587 25 0 1050.5696 4.9515158 -1.7368454
145 244.63494 227.19375 0.51359069 -0.24899594 -0.45615468 25 0 252.99124 1.27346 -0.26246329
146 464.59546 227.44533 0.65478862 0.086089569 0.071201505 25 0 245.76256 1.1840057 -0.1833845
147 503.70712 226.65497 0.64266247 0.37624757 -0.0094593753 25 0 4880.9582 21.205461 -3.3161193
148 264.12193 229.09071 0.64391052 0.13665245 -0.090488851 25 0 3194.043 13.921942 -2.8592495
149 9.5848389 231.34369 0.50215449 0.010834737 -0.1088985 25 0 251.92949 1.3928504 -0.35976121
150 376.40987 231.11971 0.63368895 0.21025325 -0.15903208 25 0 4618.5395 20.174535 -3.2620088
151 446.46693 231.79332 0.63211558 0.28744777 -0.19106894 25 0 13807.836 59.318141 -4.4329688
152 351.30831 233.53346 0.6495917 0.46851447 0.053751735 25 0 1087.3541 4.5071583 -1.634757
153 403.32982 234.70374 0.61443951 0.25538328 -0.29072993 25 0 186.62476 1.0623076 -0.065625711
154 204.62572 239.81516 0.65026885 0.51764513 -0.14880504 25 0 756.30619 3.272993 -1.2873627
155 264.66127 240.88055 0.6604345 0.48275815 -0.022571412 25 0 817.10465 3.3870837 -1.3245648
156 455.64013 243.30412 0.63672728 -0.048172154 -0.057451694 25 0 1967.4955 8.4990958 -2.3234318
157 55.041781 244.32947 0.62196741 0.49709033 0.16793891 25 0 446.91112 2.1520933 -0.83215273
158 41.566013 246.89618 0.70258381 -0.61072707 -0.46252308 25 0 369.0642 1.6295586 -0.53017493
159 509.99355 254.7083 0.636406 0.28651011 -0.00090016038 25 0 285.23114 1.3579009 -0.33217022
160 76.086221 254.75774 0.78741415 0.13601042 -0.2285976 25 0 303.65602 1.1490591 -0.15085593
161 228.3402 257.38899 0.64981097 0.52658008 -0.057929988 25 0 5010.8456 21.160924 -3.3138366
162 452.57319 256.73126 0.61438501 0.36998437 -0.12130297 25 0 7430.0703 32.700017 -3.7863699
163 0.59264966 258.51596 0.51341571 -0.1318517 0.16753375 25 0 868.61723 4.514891 -1.6366182
164 222.14043 258.94562 0.65838394 0.306816 0.41400271 25 0 206.71425 1.0146685 -0.015810454
165 290.53667 259.93229 0.62865433 -0.035519832 -0.05193068 25 0 399.99072 1.8072612 -0.64255231
166 356.05273 266.04959 0.4759601 -0.16909487 -0.14800947 25 0 363.97643 2.0258347 -0.76651001
167 129.03201 267.8705 0.73871942 -0.20899977 -0.26388546 25 0 394.98079 1.5252525 -0.45835436
168 10.796937 278.52914 0.67824488 0.34262036 0.027100582 25 0 338.00888 1.5231302 -0.4568426
169 57.50086 278.3717 0.60950669 -0.31362787 -0.13654158 25 0 1398.085 6.1519042 -1.9725239
170 113.99651 279.8514 0.67841242 0.032413888 -0.34406138 25 0 346.09534 1.411267 -0.37402296
171 86.919888 281.42162 0.62586617 0.036889192 -0.45827967 25 0 212.40194 1.0000534 -5.8024631e-05
172 239.62679 286.58578 0.58437645 -0.62900944 -0.19797235 25 0 259.29741 1.2672614 -0.25716555
173 509.01216 285.89836 0.5646263 0.70637079 0.88042323 25 0 209.21023 1.0613923 -0.064689866
174 71.850692 287.45406 0.61175966 0.47084709 0.15443462 25 0 754.75126 3.2982432 -1.2957067
175 372.23212 289.53513 0.56294609 0.015255251 0.019723421 25 0 5009.9668 23.008489 -3.4047202
176 184.82379 291.08013 0.64596037 0.39931451 -0.022008006 25 0 975.22167 4.2584121 -1.5731192
177 63.381313 292.42015 0.61221779 0.69818482 0.010616355 25 0 1232.7106 5.4596393 -1.8429099
178 91.550094 292.28347 0.62620284 -0.094825666 -0.14236984 25 0 1179.2584 5.0569058 -1.7597122
179 346.55003 294.53405 0.69494682 0.097963846 -0.17660467 25 0 389.50753 1.5797964 -0.49650283
180 477.89919 294.23889 0.56930552 0.12612351 0.18592986 25 0 700.61272 3.3669451 -1.3180901
181 16.010552 297.55153 0.70406142 0.56851396 0.24819836 25 0 517.63739 2.1777841 -0.84503705
182 31.497766 297.00906 0.51114147 -0.25638598 0.15203736 25 0 206.7455 1.0522669 -0.05531474
183 56.96265 299.50946 0.60585485 0.48458718 0.12712801 25 0 265.33464 1.270466 -0.25990762
184 94.173786 301.98668 0.74142077 -0.17651067 -0.22898098 25 0 432.71919 1.7530307 -0.60947382
185 160.71768 301.9237 0.68709291 0.29877853 -0.027030942 25 0 615.6501 2.5551288 -1.018532
186 75.082505 307.90565 0.69423584 0.19595663 -0.0011049541 25 0 1525.5224 6.3954761 -2.0146822
187 423.07573 307.74167 0.59961922 0.0078426146 -0.2763818 25 0 421.85135 2.1626718 -0.83747655
188 125.84069 310.06714 0.55951236 -0.021803827 -0.48299459 25 0 272.80975 1.3209262 -0.30219639
189 431.8987 311.15585 0.68694293 0.25474867 -0.1419171 25 0 235.52853 1.0572071 -0.060400165
190 152.24786 313.45187 0.48388209 0.45888113 0.11804658 25 0 200.94558 1.0528234 -0.055888823
191 450.49085 313.33622 0.6741251 -0.26548732 -0.065529048 25 0 1054.8144 4.4808276 -1.6283956
192 218.63566 313.40917 0.60046101 0.65125446 0.05564518 25 0 716.3289 3.0550543 -1.2125473
193 137.80484 318.27454 0.65690208 0.058584047 -0.079525445 25 0 3699.8455 15.820581 -2.9980561
194 0.58494248 319.65427 0.74323719 0.34144681 0.074573053 25 0 270.86079 1.037922 -0.040411768
195 13.937565 320.01783 0.72273872 0.19042345 -0.081781946 25 0 2769.7955 11.453215 -2.6473185
196 59.740653 322.21423 0.64512535 0.53930336 -0.1926631 25 0 431.02052 1.9230791 -0.70999289
197 455.25793 327.42511 0.54444411 -0.27595956 -0.53177529 25 0 226.52489 1.1521802 -0.15380104
198 187.20617 327.61709 0.82105569 0.68643024 -0.13020179 25 0 336.71526 1.1202998 -0.1233356
199 330.18984 329.78402 0.59441009 0.040821763 -0.046325177 25 0 662.94678 3.1813505 -1.2565288
200 263.08203 332.69664 0.76030983 0.19297431 0.043063194 25 0 323.96655 1.1879481 -0.18699368
201 20.493251 337.21229 0.69615752 0.38928105 -0.17871594 25 0 5111.65 20.872951 -3.2989596
202 287.49877 337.16898 0.72078097 -0.29947223 -0.33659364 25 0 550.28713 2.12371 -0.81773804
203 30.631957 338.22792 0.65876406 -0.032835291 -0.10869681 25 0 13311.754 57.268877 -4.3947967
204 380.67451 337.34918 0.48239102 -0.56694085 0.033244383 25 0 390.23691 1.9297315 -0.71374219
205 76.863328 339.34945 0.73945313 0.055087769 0.17125324 25 0 1103.4067 4.1156933 -1.5361075
206 263.86997 338.63796 0.61939794 0.31016007 -0.041221779 25 0 931.44444 4.0312779 -1.5136068
207 87.40613 341.17565 0.65550875 -0.40567602 0.21086609 25 0 235.19201 1.0349758 -0.037325458
208 488.87396 345.0526 0.67531316 0.22322218 0.31442086 25 0 1081.4553 4.2882557 -1.5807017
209 259.96741 348.33824 0.65449743 0.61430978 0.19793581 25 0 349.30347 1.447596 -0.40161843
210 360.76723 351.04482 0.71178722 0.24115988 -0.018439293 25 0 886.49656 3.6399884 -1.40275
211 17.884287 354.37271 0.47215474 0.32833451 0.16023228 25 0 214.39949 1.1179473 -0.12105336
212 239.96843 354.83412 0.64873385 0.19603449 -0.091382458 25 0 5904.5286 25.822725 -3.5300052
213 381.93939 356.14934 0.65560698 0.055884306 -0.11034478 25 0 1225.053 5.3581555 -1.8225383
214 21.90784 357.2252 0.79605946 -0.088968326 -0.066229039 25 0 956.21777 3.4801931 -1.3540083
215 47.120237 356.85033 0.31149207 -0.4133668 0.97894471 25 0 276.73649 1.4905864 -0.43339289
216 494.0688 356.6395 0.70412369 -0.73198016 -0.2365005 25 0 279.32586 1.1659892 -0.16673636
217 12.365727 357.55645 0.51946143 0.051484024 0.1351039 25 0 392.37093 1.7859855 -0.62969485
218 298.81332 358.68476 0.61818931 0.33012707 -0.069621341 25 0 26107.942 115.78651 -5.159145
219 236.06373 360.18802 0.44606288 0.5743866 -0.0052508208 25 0 186.88375 1.03482 -0.037162047
220 22.174121 361.04422 0.74228583 -0.12664488 -0.062649986 25 0 1614.7642 6.2876458 -1.9962202
221 443.41334 360.88139 0.46984717 -0.56641197 -0.25332094 25 0 208.91977 1.1299973 -0.1326935
222 23.255646 364.28656 0.47876288 -0.70833782 0.31430826 25 0 484.42981 2.2954969 -0.90219176
223 28.693046 366.23618 0.69217151 -0.38663387 0.23600577 25 0 286.61436 1.046842 -0.049702824
224 414.75572 365.80746 0.64532248 0.17686408 -0.10059266 25 0 2125.1711 9.2470547 -2.4150086
225 479.99705 366.54754 0.69683047 0.31784121 0.012963838 25 0 360.98714 1.5230173 -0.45676206
226 226.19091 367.83178 0.67068264 0.13458149 -0.12254314 25 0 1750.2533 7.3730241 -2.1691141
227 278.26735 368.9903 0.63948216 0.20457865 -0.12135822 25 0 2981.9803 12.911691 -2.7774578
228 427.95821 370.14826 0.69648108 0.049643134 -0.13744 25 0 1275.9302 5.3840851 -1.8277798
229 95.792827 370.5724 0.65029994 0.50281166 0.026776907 25 0 5179.1976 22.217872 -3.3667562
230 110.89508 371.5285 0.62296006 0.016571751 -0.017047038 25 0 242.74507 1.1481018 -0.14995102
231 139.01428 371.40265 0.64990346 0.042113551 -0.01870147 25 0 521.43771 2.1401679 -0.82611963
232 499.62265 372.19103 0.6796026 -0.12389013 -0.10553702 25 0 10022.057 42.151063 -4.0620213
233 22.922106 373.63625 0.6295169 0.25688609 0.28978292 25 0 560.06108 2.5926888 -1.034376
234 3.3485859 377.36026 0.78103195 0.60807264 -0.017708658 25 0 816.03297 3.0495356 -1.2105843
235 270.01442 379.05775 0.80000741 -0.40343547 -0.17209252 25 0 291.63748 1.1714774 -0.17183483
236 476.13924 380.03369 0.82318469 0.095462417 -0.020056535 25 0 356.0349 1.2664847 -0.25649991
237 446.52256 381.59948 0.61635256 0.64436093 -0.1286727 25 0 259.84991 1.1843442 -0.18369486
238 366.17317 383.41591 0.61354158 0.37913338 0.017103288 25 0 3396.8273 14.999547 -2.9401953
239 26.078615 384.08328 0.83247998 0.26838799 -0.012848526 25 0 317.68626 1.0681857 -0.071616895
240 74.96831 384.75762 0.69349865 0.21594969 -0.080250966 25 0 4191.7749 17.578379 -3.1124471
241 120.76795 386.30312 0.56260178 0.19051308 -0.04149212 25 0 526.47606 2.3460381 -0.92583765
242 227.44047 387.7985 0.62577228 0.38739719 -0.15225059 25 0 582.92232 2.4946633 -0.99252986
243 269.27435 388.90204 0.55087683 0.87054043 0.17875779 25 0 206.45071 1.0158852 -0.017111581
244 484.19444 388.72525 0.60818335 -0.34879974 0.24788258 25 0 627.46023 2.8655975 -1.143038
245 100.53046 389.39671 0.57128009 -0.024084874 -0.041815574 25 0 350.30936 1.5510953 -0.47659624
246 5.3608065 390.6702 0.63039132 -0.0851461 0.050410838 25 0 982.16344 4.3271222 -1.5904979
247 144.75343 390.61641 0.64089559 0.39871348 -0.04685086 25 0 1406.8278 5.8898604 -1.9252625
248 484.91663 392.15227 0.68415282 0.0034948558 -0.056386865 25 0 2434.0455 10.286567 -2.5306761
249 455.63774 392.6305 0.64219581 0.51804187 -0.050405185 25 0 2544.1581 10.989912 -2.6024855
250 60.285938 395.72286 0.63652232 0.086633605 0.064754726 25 0 576.85571 2.4662465 -0.98009121
251 17.091117 400.23773 0.81795828 0.0084000981 0.20117972 25 0 305.92892 1.0846142 -0.088188202
252 97.844205 401.10435 0.81561813 0.032999492 -0.27252542 25 0 308.74601 1.0822285 -0.085797431
253 246.7952 400.50094 0.59915125 0.47083173 0.023265202 25 0 7306.3072 32.40673 -3.776588
254 377.35493 402.45839 0.63168914 0.66641004 -0.047699876 25 0 750.41252 3.1919928 -1.2601548
255 173.50437 403.2543 0.69444247 -0.14870185 -0.19107686 25 0 307.35406 1.2159823 -0.21231815
256 275.9536 408.08231 0.72867339 0.55029246 -0.21496764 25 0 910.86169 3.6034355 -1.3917919
257 412.91601 407.6444 0.63379923 0.2233064 -0.028636317 25 0 603.38471 2.5400948 -1.0121248
258 291.37359 411.37831 0.71612828 -0.62496283 -0.21539842 25 0 314.21163 1.2700408 -0.2595442
259 3.5248002 411.99259 0.66591097 0.29714637 -0.23442641 25 0 979.62368 4.2643749 -1.5746385
260 273.25857 411.66613 0.63522346 -0.080278699 -0.092073958 25 0 2084.7467 9.0914117 -2.3965783
261 494.82689 412.03265 0.60667259 0.39336733 0.035093025 25 0 448.27218 1.8828852 -0.68705959
262 41.749719 416.11191 0.55151454 -0.1240325 -0.13109471 25 0 303.05749 1.3605921 -0.33431986
263 105.17067 417.19972 0.71725812 0.30737354 -0.040922162 25 0 1106.0421 4.4441793 -1.6194789
264 129.29808 418.50092 0.54897143 -0.035951738 -0.0014526048 25 0 1972.4736 9.3078436 -2.4221227
265 41.041141 422.43242 0.69569984 0.14035052 -0.14899897 25 0 301.28696 1.2086516 -0.20575286
266 305.08932 428.50827 0.70037821 -0.22918592 -0.027660016 25 0 472.77481 1.8377321 -0.66070548
267 186.00724 430.18285 0.73825573 0.26936734 -0.0034863192 25 0 455.51059 1.7646925 -0.61667262
268 214.93102 435.47571 0.6079326 0.42107877 -0.047861755 25 0 359.94295 1.5827609 -0.4985383
269 180.12275 436.56634 0.58843323 0.083899982 -0.011919882 25 0 2091.4229 9.376132 -2.4300593
270 402.6112 437.22907 0.53210291 -0.80621036 -0.058304314 25 0 265.03731 1.2468536 -0.23953867
271 153.47984 437.52619 0.58512406 0.85068844 -0.060004683 25 0 904.07322 3.8523228 -1.4643067
272 194.97428 438.09007 0.57215603 0.3148652 -0.27392655 25 0 310.35046 1.4384799 -0.39475947
273 181.2963 439.05997 0.64826688 0.59890672 -0.40238458 25 0 331.16229 1.2757868 -0.26444525
274 510.92787 439.44546 0.92526965 0.40456037 0.53224238 25 0 47180.206 166.74246 -5.5551155
275 253.33517 439.881 0.67374494 0.052207155 -0.14211388 25 0 1244.313 5.2128681 -1.7926918
276 366.00314 441.70938 0.63349825 0.080146269 -0.083871531 25 0 3493.766 15.483 -2.9746378
277 266.48341 444.46957 0.56634202 0.19795452 0.025834695 25 0 1093.3833 4.9593269 -1.7385568
278 35.609482 444.91582 0.68443015 -0.0064547648 -0.25197598 25 0 337.9903 1.4965332 -0.4377159
279 112.50207 446.33276 0.66942732 0.51646489 -0.14655827 25 0 14429.761 60.19699 -4.4489369
280 497.71178 446.77362 0.57597295 -0.12561649 -0.13917157 25 0 379.80451 1.8112383 -0.64493896
281 484.27146 452.88115 0.66586862 -0.24795571 -0.50490347 25 0 288.69779 1.1531018 -0.15466912
282 233.39138 453.66366 0.73795291 -0.052317983 -0.098584471 25 0 356.68754 1.2928601 -0.27887883
283 295.0261 454.19955 0.82721728 -0.14237425 0.097539271 25 0 295.25207 1.0019236 -0.0020864651
284 498.58383 456.124 0.66019766 0.067382827 -0.25596604 25 0 2313.4549 9.9639032 -2.4960737
285 400.81738 458.66973 0.61356339 -0.0016945892 -0.12082749 25 0 375.11562 1.6111039 -0.5178089
286 425.59026 459.34381 0.62700947 0.55892118 -0.72589314 25 0 360.74842 1.6684077 -0.55575544
287 276.36751 460.06001 0.55642112 0.10253586 -0.27546333 25 0 231.6798 1.0893385 -0.09290713
288 332.44048 459.94857 0.6620236 0.045552442 -0.20155651 25 0 693.87566 2.8250452 -1.1275635
289 456.5817 461.06922 0.58746418 0.06045151 -0.30272053 25 0 443.8628 1.9267027 -0.71203675
290 501.05634 461.78088 0.49991226 -0.15478285 -0.0577909 25 0 256.42436 1.2120825 -0.20883043
291 383.49578 464.79111 0.65412227 0.058947631 -0.27290976 25 0 1369.9391 5.6407461 -1.8783414
292 77.439779 465.97432 0.69252575 0.044896426 -0.24854008 25 0 6403.7834 26.727255 -3.5673859
293 170.5344 467.00446 0.71838497 0.067239397 -0.2390136 25 0 1414.6167 5.7327466 -1.8959069
294 347.74714 467.36241 0.32696271 -0.35529203 -0.29826863 25 0 191.70702 1.148354 -0.15018947
295 449.05066 468.4023 0.42133784 0.16480784 -0.11507779 25 0 61279.199 323.3826 -6.2742916
296 312.76981 469.23479 0.57481423 -0.16994602 -0.29833914 25 0 373.81217 1.8412981 -0.66281025
297 66.712061 471.07958 0.83149287 -0.0074305621 -0.080990451 25 0 410.54939 1.4248374 -0.38441327
298 426.45976 470.32523 0.72833399 -0.28872473 -0.0071436838 25 0 345.78767 1.4084098 -0.37182258
299 11.508725 473.88219 0.72924596 0.038133052 -0.39968339 25 0 272.17969 1.0996561 -0.1031422
300 232.30459 475.07969 0.7036956 0.1055888 -0.15955096 25 0 5911.2573 24.649696 -3.4795289
301 450.32302 476.06606 0.67462375 0.53064935 0.076610691 25 0 571.23257 2.2622155 -0.88633491
302 363.91279 476.76717 0.61685861 -0.33822905 -0.063453797 25 0 701.11985 3.0744415 -1.2194156
303 266.71951 478.26256 0.62310758 -0.18159315 0.021512928 25 0 293.58294 1.171699 -0.17204019
304 282.46244 478.44919 0.63219193 0.56446516 -0.1011958 25 0 2945.6712 12.567415 -2.7481149
305 135.51284 478.95537 0.5486323 0.32281212 -0.18899447 25 0 441.03276 2.0337259 -0.77073103
306 160.21162 484.46121 0.68803536 0.49626607 0.028132791 25 0 913.48945 3.6583364 -1.4082091
307 359.90776 483.60362 0.66314985 0.35864115 0.10975481 25 0 538.36531 2.2608126 -0.88566143
308 237.9412 488.9281 0.59481833 -0.42017355 -0.021392334 25 0 250.68688 1.178691 -0.17849988
309 85.249354 489.86128 0.73917285 0.16208954 -0.13426613 25 0 1439.8833 5.7612862 -1.9012986
310 210.05622 492.80829 0.53054905 0.34946599 0.14331893 25 0 210.02557 1.1096654 -0.11298014
311 261.66377 499.4855 0.56320948 -0.011917093 -0.14251324 25 0 383.88362 1.7368325 -0.59939481
312 414.1559 499.40057 0.82159785 0.49384058 -0.14061929 25 0 292.79705 1.0890472 -0.092616711
313 171.71261 503.50466 0.63618505 -0.031291091 -0.40823577 25 0 293.70661 1.2183315 -0.21441369
314 88.558134 504.61672 0.62109526 0.23249498 -0.30752703 25 0 340.25066 1.388048 -0.3560112
315 137.23406 506.51925 0.63096706 0.045569753 0.13439898 25 0 609.29023 2.5700672 -1.0248612
316 182.76242 506.76501 0.69239657 0.44133078 -0.25581474 25 0 554.29697 2.1892252 -0.85072608
317 301.41886 509.06469 0.42723406 -0.29579084 -0.36508484 25 0 274.80564 1.5713702 -0.49069631
318 138.30498 510.20056 0.67669586 0.36519076 -0.15431763 25 0 906.46438 3.7997981 -1.4494013
