id xcentroid ycentroid sharpness roundness1 roundness2 npix sky peak flux mag
1 327.91626 2.0199219 0.59307968 -0.025046235 -0.14124544 25 0 345.04506 1.6921535 -0.57109937
2 300.40293 4.7591211 0.59346792 0.32102687 -0.2583928 25 0 666.46879 2.8089359 -1.1213546
3 309.4555 7.0148467 0.62623162 -0.11381949 -0.45680059 25 0 315.63588 1.388631 -0.35646713
4 431.6606 8.0200574 0.69223728 0.18250292 -0.20918237 25 0 626.36232 2.5137283 -1.0007958
5 112.34848 12.019632 0.71014909 0.22709188 -0.18314517 25 0 610.98938 2.3908154 -0.94636511
6 338.0123 13.326778 0.62339768 0.34686581 -0.087726007 25 0 858.74989 3.607931 -1.3931456
7 27.580589 13.967585 0.66913773 -0.04738249 -0.30282475 25 0 14993.739 57.471582 -4.3986329
8 411.38403 16.458786 0.62824908 0.63720796 -0.088197558 25 0 698.97489 2.8250098 -1.1275499
9 470.57837 16.322892 0.67067907 0.53216158 -0.22027799 25 0 26798.424 100.41494 -5.0044958
10 428.71905 17.779677 0.46514363 0.25042791 -0.42797725 25 0 186.61661 1.1646083 -0.1654497
11 337.04279 21.672843 0.60371181 -0.5486524 -0.28136477 25 0 311.24566 1.4166741 -0.37817488
12 338.48735 26.806691 0.53306358 0.70374304 -0.097010909 25 0 216.38238 1.1521538 -0.15377615
13 216.04022 31.602436 0.55510616 0.04093355 0.19055856 25 0 281.81093 1.2716004 -0.26087663
14 357.22233 34.711567 0.60635141 0.052896001 -0.23961609 25 0 594.06582 2.5616193 -1.0212864
15 456.83773 34.992473 0.70957732 0.073795031 -0.18971337 25 0 428.52385 1.6179836 -0.52243532
16 129.84718 37.438356 0.60888592 0.11209833 0.017902678 25 0 443.08078 1.8936392 -0.69324309
17 116.78197 41.497001 0.56487856 0.57222572 0.029632349 25 0 545.81168 2.275807 -0.89283855
18 189.67939 42.639463 0.63953214 0.46943957 -0.095037703 25 0 1168.9093 4.5742571 -1.6508014
19 209.16087 43.563357 0.57458822 0.41480555 -0.0032672102 25 0 2093.8566 8.6729404 -2.3454159
20 422.00026 43.424645 0.64441135 0.35570121 0.013738328 25 0 305.56092 1.3565413 -0.33108255
21 349.80408 44.660593 0.6653164 0.23604602 -0.095718312 25 0 553.38581 2.2040329 -0.85804517
22 393.15126 45.261834 0.58205628 0.48704621 0.048327512 25 0 246.46034 1.1567915 -0.15813773
23 69.445914 45.863694 0.67033733 -0.19482313 -0.26583171 25 0 616.37154 2.4502591 -0.97303004
24 253.10443 45.91197 0.62901334 0.45527541 0.13443904 25 0 293.90621 1.155144 -0.15659031
25 327.65507 45.61175 0.39496636 0.57599581 -0.14648443 25 0 58857.106 271.78182 -6.085551
26 114.50027 47.751982 0.63229446 -0.22814054 -0.2203876 25 0 4999.8511 19.358303 -3.2171682
27 157.35329 48.34576 0.66571883 0.64052877 0.036633724 25 0 343.94641 1.2868609 -0.27382901
28 403.31148 49.05784 0.71502056 0.18954856 -0.28552799 25 0 1198.5567 4.5926564 -1.6551599
29 236.39935 53.392806 0.46469958 0.21026425 -0.16624794 25 0 228.00859 1.1773989 -0.17730909
30 55.373576 55.046722 0.47701727 0.005379978 -0.35534397 25 0 252.76958 1.2640691 -0.25442705
31 250.09186 54.530099 0.56796954 0.10692762 -0.045753262 25 0 326.22482 1.4786457 -0.4246603
32 403.8556 54.649286 0.52726634 0.26822895 -0.13767307 25 0 248.33643 1.3345851 -0.31336569
33 473.59405 55.195069 0.69365733 -0.10799189 -0.19551055 25 0 919.14566 3.5657877 -1.3803887
34 297.33533 56.07554 0.67619866 0.13788917 -0.27343338 25 0 1753.8174 6.7702101 -2.0765054
35 145.17284 60.732034 0.64523109 0.39353688 -0.26750093 25 0 334.27791 1.3326483 -0.31178886
36 446.32013 62.751537 0.64943864 0.15349361 -0.12709755 25 0 1625.0897 6.3334589 -2.0041024
37 504.82406 65.024032 0.68089137 0.26504694 -0.08378074 25 0 3941.1803 15.347648 -2.9651046
38 0.66554927 66.389489 0.67537896 0.18359437 0.21486231 25 0 422.19145 1.7725493 -0.62149578
39 352.65358 67.046836 0.67112185 -0.43964932 -0.36780725 25 0 270.00728 1.1308762 -0.13353761
40 57.696856 68.523885 0.55618454 -0.29955436 -0.23704551 25 0 380.9449 1.6987256 -0.57530806
41 34.324919 68.851024 0.71841183 0.17151255 -0.30419058 25 0 664.48058 2.5455491 -1.0144537
42 172.65627 69.075644 0.59909177 0.018315906 -0.26304797 25 0 315.17383 1.389016 -0.35676813
43 435.93226 69.615264 0.63169704 0.28262603 -0.015463682 25 0 1638.5551 6.6231547 -2.0526622
44 474.39206 70.36868 0.50668649 -0.13397307 -0.22390697 25 0 369.65975 1.8523084 -0.66928323
45 0.76308685 70.558985 0.62801506 0.31371406 0.13660138 25 0 451.66374 2.0187597 -0.76271154
46 115.61401 70.675968 0.6635589 0.78661822 -0.187685 25 0 344.61974 1.2878261 -0.27464305
47 421.16783 71.23648 0.62046235 0.24029655 -0.18065578 25 0 714.88551 3.0130927 -1.1975312
48 39.632447 73.048334 0.55971174 -0.19600919 -0.11916475 25 0 235.50622 1.0822351 -0.085804041
49 58.732876 73.647471 0.60621825 0.36687901 -0.056621717 25 0 1636.961 6.8604008 -2.0908737
50 471.67603 78.260477 0.65686748 0.24782686 -0.053056099 25 0 1036.6492 4.0633981 -1.5222234
51 353.5741 82.315277 0.61413452 -0.12518641 -0.18730077 25 0 3215.7124 12.594539 -2.7504557
52 122.70445 85.452286 0.60435749 0.60856385 0.093546484 25 0 446.1485 1.9439761 -0.7217273
53 95.20504 89.014674 0.68851422 0.17647793 -0.15579904 25 0 746.99313 3.0394639 -1.2069925
54 147.8348 89.351725 0.61488462 -0.013592024 -0.1883829 25 0 384.82102 1.5033387 -0.44264207
55 494.10868 89.128016 0.7021907 0.26125127 -0.097882451 25 0 26496.034 99.94649 -4.9994189
56 158.00054 96.006042 0.69305054 0.24159966 -0.10004476 25 0 622.68655 2.4279068 -0.96308001
57 286.70269 96.513768 0.57301315 0.25850374 -0.092698264 25 0 1123.8469 4.6120508 -1.6597352
58 290.58601 98.356179 0.64663146 -0.48531227 -0.20575568 25 0 1387.4256 5.1795145 -1.7857226
59 188.94668 99.450005 0.62959048 0.3036308 -0.052662322 25 0 1687.8427 6.369598 -2.0102801
60 118.70453 103.06764 0.72958011 0.083676678 -0.070603645 25 0 462.52661 1.6301025 -0.53053728
61 454.67035 103.15575 0.57606276 -0.0024756091 -0.14040683 25 0 388.35074 1.7891144 -0.63159526
62 56.623178 103.46825 0.59296136 0.57850156 -0.031317372 25 0 3810.9669 15.120981 -2.9489499
63 64.845056 104.72339 0.53872602 -0.71082921 -0.23072079 25 0 238.39897 1.1868982 -0.18603372
64 299.61016 105.29743 0.67801344 -0.20192859 -0.40354541 25 0 358.36025 1.3898774 -0.35744125
65 511.00622 105.43901 0.91236529 0.49497847 0.59112072 25 0 702.60508 2.3402899 -0.92317416
66 492.5023 109.0748 0.72145943 0.16252279 -0.24129196 25 0 2372.5055 8.518086 -2.325855
67 335.50104 114.59649 0.54205155 0.071655891 -0.14854331 25 0 474.80778 2.1968755 -0.8545136
68 222.05905 116.64815 0.5573474 0.1725151 -0.077202062 25 0 15711.807 66.410673 -4.5555947
69 239.50365 116.67119 0.63834247 0.07001396 -0.041576023 25 0 989.71988 3.675984 -1.413434
70 249.53093 118.12578 0.66412187 0.08029896 -0.33947434 25 0 1844.2145 6.8436059 -2.0882125
71 306.04278 117.81375 0.57328182 0.065237301 -0.1733849 25 0 1152.0449 5.0597095 -1.760314
72 451.52411 119.41418 0.6493408 0.41140375 -0.20027642 25 0 370.60261 1.5507066 -0.47632407
73 101.07078 120.13774 0.72185884 0.34196867 0.15460616 25 0 643.97593 2.4049773 -0.95277743
74 201.80157 119.8556 0.68968698 -0.011642582 -0.26850492 25 0 653.39796 2.5212859 -1.0040553
75 316.49901 120.20542 0.41208918 -0.41017774 -0.47740096 25 0 143.18884 1.0049264 -0.005335633
76 495.48312 119.86297 0.55676618 -0.066074228 -0.35658773 25 0 255.69801 1.2962804 -0.28174738
77 155.48248 121.36098 0.63525909 -0.50395929 -0.75222308 25 0 456.45648 1.8068498 -0.64230513
78 53.747496 121.48681 0.67280124 0.22803008 -0.024879734 25 0 569.08438 2.3067468 -0.90749982
79 153.42118 123.30266 0.63720826 0.44807745 -0.18898957 25 0 2045.1957 7.899934 -2.2440587
80 481.33409 123.57503 0.57056293 -0.12228584 -0.22767814 25 0 340.3151 1.6076048 -0.51544824
81 177.44682 128.71113 0.60652676 -0.19710034 -0.21695086 25 0 1696.8108 6.5670733 -2.0434297
82 8.68962 130.27888 0.66674985 -0.18306255 -0.10175492 25 0 1401.412 5.4749456 -1.8459495
83 254.75021 132.05579 0.64812094 -0.014646972 -0.41576808 25 0 490.36829 1.9426139 -0.7209662
84 397.25216 140.16748 0.65779224 0.2846881 -0.15088652 25 0 13528.162 52.371251 -4.2977324
85 385.46227 143.28198 0.5577885 -0.41538453 -0.15177476 25 0 206.98828 1.0504628 -0.053451685
86 300.10937 145.85131 0.56300747 0.15554885 -0.19784005 25 0 2865.8862 12.214183 -2.7171611
87 16.020708 146.50693 0.68807144 0.16275799 0.15035709 25 0 765.24539 2.8906153 -1.1524757
88 95.766839 148.68447 0.65332411 0.20957406 0.27862146 25 0 262.26506 1.0996869 -0.10317263
89 0.045511535 150.64484 0.9513052 -0.22676573 0.036873009 25 0 306.03834 1.016053 -0.017290957
90 453.1452 150.83082 0.56122555 -0.0079373223 0.17312036 25 0 163.70679 1.0343501 -0.036668931
91 485.51625 152.14136 0.65671631 0.2552864 -0.19798878 25 0 8051.8513 31.065941 -3.7307113
92 98.692643 159.99559 0.71865017 0.36848156 -0.15804676 25 0 551.73276 2.0553633 -0.78222148
93 387.19982 161.7382 0.59906751 0.10630028 -0.10881132 25 0 51531.441 209.31776 -5.8020152
94 426.44925 165.25015 0.56444393 0.051149381 -0.30911748 25 0 514.12057 2.4790013 -0.98569189
95 207.66927 165.81644 0.62288758 0.040596471 -0.12752419 25 0 530.15006 2.0828613 -0.79665086
96 154.68549 169.16788 0.63111805 -0.061348709 -0.15926043 25 0 804.38212 3.1991963 -1.2626022
97 34.640033 172.7401 0.66933145 0.24933304 -0.099812377 25 0 420.13254 1.6356828 -0.5342477
98 479.53793 173.54622 0.61067073 0.76227524 -0.05042311 25 0 5817.1051 22.862227 -3.3977963
99 227.31292 174.16421 0.6231061 0.15895994 -0.22214229 25 0 1747.1898 6.7571962 -2.0744163
100 347.64207 173.96467 0.59651187 0.079056319 -0.30082799 25 0 458.75446 1.8351716 -0.65919171
101 165.43518 174.88492 0.58359382 -0.17014313 -0.20290431 25 0 926.97487 3.8346733 -1.4593209
102 414.84894 176.1281 0.6648956 -0.015704874 -0.030604087 25 0 417.40842 1.7482503 -0.606509
103 3.0486162 176.56173 0.61152773 0.30355896 -0.28415664 25 0 288.57342 1.2884506 -0.2751694
104 153.9324 177.38872 0.53014243 0.34973329 0.037874285 25 0 1373.8027 5.8239692 -1.9130477
105 23.176268 178.7188 0.64258764 0.37019037 0.093560056 25 0 247.44828 1.1246763 -0.12756889
106 18.015286 183.3295 0.64036773 0.14540044 -0.033892944 25 0 774.20141 3.1063454 -1.2306244
107 116.21197 183.55362 0.62064692 0.67011902 0.099450011 25 0 1702.241 6.6115633 -2.0507604
108 422.34593 182.79516 0.65258621 -0.054048465 -0.14614402 25 0 2834.7176 10.842678 -2.5878414
109 412.28444 185.00301 0.63531652 0.33903621 -0.22880114 25 0 627.67806 2.7396106 -1.0942221
110 484.18488 184.51682 0.51186307 0.25402374 0.03730774 25 0 652.77492 3.0609444 -1.2146386
111 227.95477 186.4448 0.61889539 0.10284032 -0.032127207 25 0 1059.6193 4.0828219 -1.5274011
112 422.768 187.80749 0.67404314 -0.022785417 -0.12798715 25 0 1000.2244 3.917272 -1.4824593
113 190.6176 189.00834 0.59188719 0.15002225 -0.29097708 25 0 698.12722 2.9114126 -1.1602594
114 72.788317 189.98458 0.66828039 0.12344309 -0.16549573 25 0 44418.224 173.03795 -5.5953534
115 122.68302 191.19547 0.74992752 -0.20648114 -0.19094427 25 0 458.47224 1.5127462 -0.44941517
116 254.14987 195.26405 0.47054787 0.33062738 -0.15989152 25 0 252.12097 1.2160648 -0.21239183
117 421.84764 195.80637 0.57976871 0.57430424 -0.045550643 25 0 360.09903 1.5417826 -0.47005782
118 456.15224 199.70116 0.58543785 0.16909961 -0.089678129 25 0 560.58302 2.5075363 -0.99811806
119 350.13876 201.42636 0.79241403 -0.028184838 0.080786751 25 0 349.8483 1.3204075 -0.30176997
120 383.36377 201.42491 0.46217752 0.47667645 0.063955271 25 0 228.67203 1.1040495 -0.10747137
121 169.52056 202.01816 0.68162885 -0.17926958 -0.26349206 25 0 656.29875 2.4191819 -0.9591713
122 199.94163 203.1252 0.73419574 0.21713998 -0.38270717 25 0 358.30597 1.1233427 -0.12628072
123 510.02042 203.34897 0.70009706 0.19771833 0.050484453 25 0 1812.6166 6.8860024 -2.0949179
124 67.971362 204.08144 0.68150184 0.37698098 -0.067059975 25 0 660.41581 2.5278262 -1.006868
125 407.26628 204.09788 0.63062737 -0.14922096 -0.26683362 25 0 300.68598 1.1890162 -0.18796941
126 470.56317 205.73408 0.58212771 0.42172008 -0.078747683 25 0 581.52977 2.5906686 -1.0335297
127 416.61201 208.3343 0.76434642 -0.015830207 -0.0017976532 25 0 272.48219 1.0007658 -0.00083115416
128 504.01341 209.46375 0.64407963 0.28239503 0.053929279 25 0 3222.4532 12.671471 -2.7570676
129 13.746153 213.00465 0.63524777 0.26351354 -0.45583373 25 0 398.6868 1.7560519 -0.61134337
130 15.855833 214.43739 0.63208044 0.55768402 -0.054494823 25 0 396.03259 1.6095761 -0.51677876
131 426.84996 215.57913 0.53713884 0.41336975 -0.0078214971 25 0 1012.9186 4.607426 -1.6586459
132 327.47945 217.90661 0.66258603 0.037406257 -0.29742156 25 0 1483.8828 5.6005795 -1.8705824
133 257.63217 219.89423 0.58993511 0.46887309 -0.18695714 25 0 697.88047 2.8934735 -1.1535488
134 151.96784 221.23563 0.60050653 0.015081162 -0.21498421 25 0 952.56186 3.6607586 -1.4089277
135 495.17403 221.58833 0.68169871 0.16268312 -0.10852565 25 0 278.4374 1.1697356 -0.17021924
136 480.58263 224.42914 0.62267829 -0.17468352 -0.053221097 25 0 4465.1437 17.283757 -3.0940954
137 221.76346 224.54906 0.49498423 0.34662857 0.1802158 25 0 236.19367 1.1890298 -0.18798188
138 441.66657 225.0519 0.59843214 -0.86202339 -0.42061158 25 0 237.61477 1.2117839 -0.20856295
139 241.19016 226.52791 0.50674383 0.040883949 -0.028432861 25 0 2296.8792 9.8093288 -2.4790982
140 353.36762 228.7228 0.57919136 -0.067623356 -0.16433778 25 0 4132.8564 16.963853 -3.0738113
141 423.39569 229.5068 0.58179771 0.62807254 -0.056271393 25 0 12428.534 50.109058 -4.2497906
142 328.32143 231.08054 0.60295911 0.066436643 -0.346243 25 0 1113.7699 4.6685304 -1.6729505
143 492.63707 231.56979 0.70918526 0.91746 0.018109501 25 0 324.30684 1.2258295 -0.22107519
144 181.6424 237.40213 0.61694557 -0.36436029 -0.090447463 25 0 648.79042 2.6189141 -1.0453031
145 241.72096 238.3006 0.67496785 -0.0015650795 -0.17804706 25 0 758.32738 2.6594614 -1.0619842
146 32.031356 241.56756 0.5791252 0.20825905 -0.1803719 25 0 360.47206 1.4834631 -0.4281919
147 432.55403 241.03071 0.64007827 0.053167363 -0.22157803 25 0 1978.6343 7.7754452 -2.2268132
148 18.527522 244.35007 0.61950869 -0.13410707 -0.20161646 25 0 254.59891 1.1629277 -0.16388183
149 487.01659 252.3232 0.78514464 -0.53763861 -0.17892879 25 0 303.78518 1.0913443 -0.094904431
150 429.48896 254.48162 0.58542428 0.63062771 -0.10893154 25 0 6517.5782 26.007617 -3.5377514
151 205.36272 254.8403 0.58842236 0.01864012 -0.21246233 25 0 4772.652 19.474628 -3.2236729
152 267.54774 257.12296 0.48430261 0.98407015 0.29423391 25 0 317.06262 1.5407304 -0.46931662
153 332.92408 263.74268 0.50044026 0.50683622 -0.013357241 25 0 330.75174 1.6398007 -0.53697767
154 106.16516 265.1108 0.66667308 0.0023860003 -0.094303336 25 0 381.69107 1.5111282 -0.4482533
155 27.848759 275.65449 0.62696125 0.21765102 -0.13413022 25 0 252.75083 1.0704797 -0.073946056
156 34.598374 275.5062 0.620549 0.58705609 -0.016467227 25 0 1360.355 5.4828483 -1.8475156
157 91.07895 277.14124 0.56402366 0.13876673 -0.071492621 25 0 348.36772 1.5492346 -0.47529297
158 216.94682 284.00276 0.54520338 0.058760225 -0.10192137 25 0 328.35741 1.484253 -0.42876984
159 485.71757 283.94371 0.61123618 -0.088484902 -0.30340265 25 0 282.266 1.3763764 -0.34684304
160 48.87022 284.73583 0.58885979 0.50703557 -0.023745497 25 0 725.33058 2.931213 -1.1676184
161 349.11748 287.20047 0.60311451 0.1361821 -0.14862283 25 0 5579.9266 22.719611 -3.3910022
162 161.79371 288.56537 0.54564809 0.016487347 0.1347097 25 0 764.49015 3.172739 -1.2535859
163 40.510484 289.62993 0.61188089 0.0061659705 -0.20411439 25 0 1161.5606 4.577048 -1.6514637
164 68.651367 289.43083 0.58581268 0.59023951 -0.033762854 25 0 995.88672 4.0965858 -1.5310551
165 323.37084 291.97629 0.58520764 -0.066633173 -0.22625028 25 0 456.50307 1.975735 -0.73932171
166 454.60218 292.11224 0.69154586 0.10664537 -0.19089807 25 0 794.39845 2.9854271 -1.1875162
167 7.9290212 294.53874 0.58290196 0.69570002 0.033691639 25 0 225.00198 1.1210875 -0.1240988
168 33.940834 296.92445 0.71189208 0.20080184 -0.086822896 25 0 312.1635 1.2340177 -0.22830351
169 71.226349 299.26629 0.60751748 -0.28213664 0.0078401364 25 0 299.40213 1.2199644 -0.21586788
170 137.66979 299.25512 0.52567249 0.15281211 -0.1973052 25 0 460.42521 1.9982302 -0.75161379
171 52.101872 305.16376 0.70919465 0.2556735 -0.090665085 25 0 1478.3627 5.4867236 -1.8482827
172 399.8468 305.19441 0.56077905 -0.21165632 -0.097794514 25 0 384.85632 1.5666838 -0.48745338
173 195.55586 310.88146 0.58304863 0.18721614 -0.32300257 25 0 767.52099 3.1576571 -1.2484124
174 427.3446 310.91557 0.63367091 0.16582576 -0.19545675 25 0 1053.8136 4.1169215 -1.5364315
175 114.9644 315.53262 0.60558793 0.3926727 0.011399899 25 0 3178.8249 12.459899 -2.7387863
176 36.70786 319.45365 0.65759205 0.33490534 -0.096579815 25 0 349.23742 1.2864864 -0.27351299
177 201.84643 318.77839 0.46226628 0.83966905 0.13546164 25 0 244.37409 1.188327 -0.18733987
178 164.11047 325.04649 0.60559905 0.364947 -0.28604349 25 0 393.46142 1.6171318 -0.52186356
179 431.81195 325.0312 0.70253735 0.17771159 -0.11727504 25 0 298.94295 1.1186471 -0.12173279
180 307.14672 327.4426 0.56399464 0.53273457 -0.021932159 25 0 539.44088 2.2501426 -0.88052512
181 240.17496 330.35299 0.80390711 0.052098274 0.031029293 25 0 357.80176 1.1618687 -0.16289259
182 7.6190506 335.51586 0.58746316 -0.12472059 0.0047184226 25 0 10897.311 43.999121 -4.10861
183 264.58101 334.68138 0.65984932 0.69188423 0.0028214175 25 0 567.18529 2.0966859 -0.80383345
184 357.39831 335.07676 0.66636785 -0.16757446 -0.49137969 25 0 574.63766 2.3232143 -0.91522316
185 240.74834 336.15222 0.63703437 0.21058543 -0.15908288 25 0 901.688 3.4818701 -1.3545314
186 53.862945 336.57403 0.66904311 0.29866201 -0.071740163 25 0 1014.8449 3.6890899 -1.4172981
187 465.60645 342.61131 0.42349637 0.49008902 0.43985501 25 0 700.62086 2.8622953 -1.1417861
188 236.87635 346.11594 0.59433824 0.56117483 0.029705793 25 0 388.48293 1.4766233 -0.42317429
189 337.63009 348.68442 0.53629816 0.19045403 -0.12619901 25 0 613.92668 2.577206 -1.0278728
190 452.55225 351.35142 0.52277687 -0.58375901 -0.49046982 25 0 212.96583 1.1434688 -0.14556084
191 216.88665 352.21074 0.62433923 0.12010267 -0.14620972 25 0 5403.0819 21.339019 -3.3229361
192 358.76328 353.71661 0.58034616 0.27019069 -0.041955156 25 0 1011.7244 4.1257664 -1.5387616
193 470.5955 354.46761 0.66889637 0.31544207 0.021214656 25 0 305.34507 1.0343038 -0.036620274
194 275.75859 356.22217 0.628711 -0.019974484 -0.17995782 25 0 25715.913 100.25688 -5.0027855
195 0.1011998 358.39807 0.87448736 -0.38913988 0.5428301 25 0 764.25609 2.528693 -1.0072402
196 0.43027343 361.78611 0.72292606 -0.52671261 0.066192435 25 0 562.20508 2.0888302 -0.79975782
197 5.4314219 363.58724 0.64181282 -0.63149903 -0.11402978 25 0 259.41569 1.0094778 -0.010241889
198 391.44506 363.38302 0.63466927 -0.51390116 -0.22739099 25 0 1745.5491 6.5201266 -2.0356401
199 456.77299 363.99473 0.78185054 -0.34596978 -0.21603473 25 0 437.45795 1.5077291 -0.44580827
200 203.18293 365.21184 0.64322334 0.20238973 -0.19428188 25 0 1702.0477 6.6910028 -2.063728
201 255.2041 366.44905 0.5833916 0.43643898 -0.029098251 25 0 2526.8981 10.102097 -2.5110288
202 72.758253 367.88518 0.70011719 0.30300063 -0.11096718 25 0 5775.5347 21.598098 -3.3360388
203 404.69993 367.67577 0.57251057 0.31807788 -0.067182846 25 0 1070.7513 4.5356059 -1.6415883
204 115.93275 368.73482 0.65581267 0.63186122 0.082015456 25 0 566.06427 2.0911709 -0.80097381
205 476.55757 369.81076 0.64511573 -0.22114778 -0.23489032 25 0 9231.341 35.355805 -3.8711518
206 0.26672622 370.90099 0.93857282 -0.089146361 0.20737851 25 0 584.75024 1.8414058 -0.66287379
207 453.02888 377.67272 0.68469984 0.89937749 0.10739985 25 0 302.05973 1.1352931 -0.13776996
208 423.28451 379.24125 0.73021567 0.13270497 0.11111972 25 0 323.37893 1.1585165 -0.15975559
209 343.04591 380.83149 0.61259492 0.079552933 -0.13217181 25 0 3544.9025 14.449748 -2.8996507
210 3.054403 381.36871 0.648851 0.037969132 0.3924864 25 0 295.60274 1.0663887 -0.069788879
211 51.919154 382.00605 0.693007 0.21060916 -0.13742082 25 0 4232.0861 15.967772 -3.0081108
212 97.810723 383.6427 0.68518707 0.39454611 -0.071623995 25 0 662.36246 2.3769446 -0.94004764
213 204.47649 385.09803 0.67579668 0.23440391 -0.30159807 25 0 705.46569 2.5615592 -1.021261
214 460.97845 386.22943 0.63573651 -0.75691564 0.10883409 25 0 680.80553 2.6053378 -1.0396601
215 77.628889 386.66269 0.64849492 0.11640055 -0.44983694 25 0 385.30093 1.3646445 -0.33754886
216 121.72391 387.94263 0.66134679 0.10816105 -0.18941293 25 0 1628.4602 6.173123 -1.9762623
217 493.92896 388.03563 0.70031963 -0.093413749 -0.31294772 25 0 336.22497 1.2441026 -0.23714045
218 432.42618 390.1874 0.63354858 0.16625666 -0.22286937 25 0 2607.9027 10.250766 -2.5268908
219 461.6985 389.8282 0.6395748 0.038704435 -0.11223159 25 0 2229.0087 8.7540369 -2.3555209
220 37.167029 392.94535 0.86086073 0.16057036 -0.043608168 25 0 808.60754 2.5466782 -1.0149352
221 223.67543 397.96441 0.64902961 0.074530277 -0.23397855 25 0 8384.9822 32.562915 -3.7818082
222 150.20456 400.24144 0.47385007 -0.098987865 -0.26706531 25 0 253.19276 1.001884 -0.0020435673
223 354.18296 399.97218 0.58236068 0.28094187 -0.25892679 25 0 740.88555 2.9756189 -1.1839433
224 389.60779 405.11753 0.72760118 0.022047937 -0.31517178 25 0 702.44641 2.4112038 -0.95558481
225 252.77723 405.32689 0.56198507 0.67499318 0.2658916 25 0 624.10407 2.4464885 -0.97135796
226 250.18894 409.12542 0.63983767 0.25463803 -0.21361059 25 0 2126.8924 8.3087637 -2.298841
227 268.36513 408.65768 0.5628318 0.29263112 -0.12309755 25 0 302.77903 1.1886946 -0.18767572
228 471.55878 409.61385 0.50831802 0.66999575 -0.069438046 25 0 398.42135 1.5996796 -0.51008254
229 18.544623 413.20491 0.7274045 0.21420247 -0.36442707 25 0 360.75094 1.1627503 -0.16371618
230 82.244836 414.5113 0.64607141 0.59699201 -0.070351796 25 0 917.26942 3.3680332 -1.3184409
231 106.32745 415.8386 0.68219634 0.029194433 -0.1632414 25 0 2468.6742 9.2082147 -2.4104386
232 282.06629 426.06489 0.66529585 0.2148979 -0.093432603 25 0 499.92764 1.8500244 -0.66794361
233 163.04483 427.51849 0.65653013 0.86524088 0.069133425 25 0 395.21748 1.3529337 -0.3281913
234 191.70685 432.8983 0.75202337 0.1791346 -0.21253656 25 0 463.87565 1.5407083 -0.46930108
235 157.00157 433.96702 0.68079153 0.11642847 -0.19507456 25 0 2616.5197 9.9951319 -2.4994713
236 130.49483 434.89477 0.60824362 0.48233496 -0.19802936 25 0 1083.6857 4.1180154 -1.5367199
237 379.07399 434.94981 0.63579478 0.097171969 -0.2749792 25 0 407.01392 1.6051199 -0.5137687
238 171.99286 435.41065 0.62061239 -0.15016542 -0.084472887 25 0 334.72074 1.1929667 -0.19157081
239 159.73914 436.35006 0.65909777 0.2878764 -0.013094674 25 0 404.16293 1.401268 -0.36630302
240 230.22153 437.24087 0.63028505 0.22096495 -0.19578219 25 0 1212.9657 4.7269435 -1.686451
241 489.08434 437.23491 0.25912712 0.092092581 -0.0064931763 25 0 61033.323 312.7185 -6.2378839
242 342.76492 439.14328 0.66198501 -0.036120076 -0.16858936 25 0 3643.5992 14.092079 -2.8724377
243 12.439512 442.15516 0.70431938 0.46356358 -0.063042441 25 0 415.98152 1.4706104 -0.41874409
244 243.26056 441.76723 0.67707675 -0.20191569 -0.14217356 25 0 1292.2204 4.7565566 -1.6932317
245 89.517673 443.6226 0.58242525 -0.21983564 -0.18182734 25 0 12733.577 51.655615 -4.2827938
246 474.62928 444.30342 0.53686749 -0.64448307 -0.022485751 25 0 315.99619 1.2300516 -0.22480832
247 210.12951 451.32236 0.47371604 0.059864902 -0.3148588 25 0 344.2796 1.6316502 -0.53156768
248 460.99526 450.50945 0.66851251 0.031134618 0.097449545 25 0 381.2797 1.4853686 -0.42958563
249 475.31904 453.80855 0.64624322 -0.20674284 -0.15039587 25 0 2357.4608 9.2131569 -2.4110212
250 494.74854 455.15809 0.54692161 -0.28042559 -0.21456838 25 0 331.08836 1.4475694 -0.40159848
251 377.64759 456.17313 0.60559839 -0.31776419 -0.11417865 25 0 431.86821 1.6503791 -0.54395932
252 252.90414 457.46034 0.48723497 0.23505677 0.1745653 25 0 240.81547 1.0397349 -0.04230653
253 309.42342 457.44763 0.57762872 0.45920399 -0.11942095 25 0 617.08005 2.3855058 -0.94395118
254 433.39613 458.5787 0.44921111 0.32918146 -0.1750074 25 0 331.05777 1.4178974 -0.37911202
255 478.10429 460.01146 0.693895 -0.47760469 -0.1408883 25 0 319.23383 1.2373587 -0.23123906
256 360.42511 462.28625 0.5851806 0.25039886 -0.20417443 25 0 1282.8667 5.2524689 -1.8009087
257 496.9307 461.76332 0.68567441 0.53437962 -0.0055980895 25 0 331.29401 1.2077381 -0.20493195
258 54.474795 463.22658 0.72892085 0.31893793 -0.25534578 25 0 6611.5231 23.80451 -3.4416481
259 147.55652 464.48604 0.56935058 0.40452597 -0.24413213 25 0 1002.7935 3.9080505 -1.4799004
260 324.09854 465.04496 0.82284631 0.54727465 0.0044039605 25 0 360.43284 1.0846914 -0.088265466
261 425.84881 465.8829 0.39832439 0.083101208 -0.14210737 25 0 61391.429 307.34337 -6.2190596
262 289.28474 466.47246 0.49086734 0.39943204 -0.50240902 25 0 282.42585 1.1618816 -0.16290471
263 43.477563 468.47232 0.58807913 0.030342632 -0.15824733 25 0 308.86693 1.187825 -0.18688116
264 403.13735 468.27804 0.72505445 0.033591933 -0.019440725 25 0 385.1398 1.3205369 -0.30187639
265 209.18127 472.50208 0.60190768 0.39884526 0.0058904133 25 0 4716.5672 18.912762 -3.1918874
266 498.82205 473.08281 0.67926684 0.062460972 -0.11569767 25 0 287.63979 1.0479156 -0.050815732
267 340.83882 474.15517 0.68619887 -0.24724797 -0.13420735 25 0 740.73521 2.8254058 -1.1277021
268 427.21899 473.58373 0.6214515 -0.30236351 -0.33711892 25 0 559.86028 2.0721374 -0.79104637
269 112.48617 476.33193 0.50242005 0.035957096 -0.10835928 25 0 436.15675 1.8243035 -0.65274272
270 259.27504 475.8069 0.6470709 -0.030798781 -0.19057641 25 0 3462.6434 13.473292 -2.8236843
271 336.41692 481.08114 0.66550605 0.024021252 -0.41676184 25 0 578.80168 2.1637347 -0.83801003
272 137.17637 481.78411 0.67931499 0.18327724 -0.13623575 25 0 920.83855 3.4046714 -1.330188
273 214.794 486.14372 0.67994732 0.55925267 -0.54585867 25 0 323.32851 1.0871338 -0.09070752
274 62.165179 487.15241 0.71720386 0.39200755 -0.12217588 25 0 1373.0028 5.0468842 -1.7575584
275 238.61547 496.78918 0.71928364 -0.066835908 -0.18466115 25 0 504.16623 1.6664119 -0.55445591
276 390.90303 496.48909 0.62127375 -0.011087228 0.077476129 25 0 294.75383 1.0796635 -0.083221002
277 495.54376 498.9315 0.64329651 -0.24388724 -0.25785661 25 0 352.37321 1.3264729 -0.30674596
278 148.47358 500.72273 0.57724418 0.0035955022 -0.17308901 25 0 360.26496 1.4023732 -0.36715901
279 65.26036 502.10103 0.73342255 0.10714956 -0.28460469 25 0 389.15712 1.1727559 -0.1730191
280 114.23891 503.78212 0.585323 -0.10175876 -0.20115482 25 0 620.10303 2.4297839 -0.96391911
281 159.5214 503.94506 0.64572674 0.57130267 -0.27506508 25 0 579.59635 2.2126398 -0.8622768
282 278.18099 506.39096 0.66298547 0.11065008 -0.18766531 25 0 303.87549 1.1106996 -0.11399153
283 115.23606 507.4731 0.54780119 -0.044941619 -0.074573458 25 0 694.66207 2.8290394 -1.1290975
284 56.03268 509.88798 0.83256065 0.13962967 -0.023197483 25 0 399.48684 1.2319692 -0.22649966
285 161.4789 510.78278 0.80906415 -0.48396901 -0.63336088 25 0 887.15928 2.957098 -1.1771643
