id xcentroid ycentroid sharpness roundness1 roundness2 npix sky peak flux mag
1 339.11711 2.2491806 0.52082733 0.13214034 -0.59643079 25 0 297 1.2471223 -0.23977259
2 311.54726 5.0797073 0.64917139 0.22670449 -0.18422144 25 0 795 2.4709664 -0.9821671
3 443.1899 8.3124468 0.60023396 0.58711053 -0.029042704 25 0 373 1.502168 -0.44179624
4 123.67354 12.269433 0.62025933 0.46840569 -0.32491293 25 0 465 1.518705 -0.45368353
5 38.585011 14.538493 0.58427527 -0.15900277 0.062989348 25 0 11451 34.585803 -3.8472447
6 349.20091 13.528292 0.57062153 0.3280193 0.082198368 25 0 651 2.1528771 -0.83254809
7 422.56645 16.692587 0.63051568 0.70592387 0.033195436 25 0 557 1.8563213 -0.67163286
8 481.8386 16.533669 0.64910094 0.67447093 0.11428785 25 0 23844 67.910439 -4.5798413
9 368.61138 35.08167 0.64730642 -0.11843662 -0.335493 25 0 472 1.4294935 -0.38795548
10 467.99118 35.27329 0.75745115 0.14212142 -0.19773128 25 0 335 1.118101 -0.12120255
11 140.93428 37.736906 0.62552569 0.50259535 0.11502559 25 0 414 1.2917276 -0.27792738
12 127.80321 41.971783 0.80326229 0.37039815 -0.11571769 25 0 741 1.8957517 -0.69445365
13 200.84666 43.092693 0.7043108 0.38582847 0.059820083 25 0 1314 3.5392995 -1.3722933
14 220.37196 43.855495 0.63141775 0.18705286 -0.14938191 25 0 2279 6.5492837 -2.0404845
15 361.05365 45.005234 0.60569147 0.12491888 0.059301042 25 0 463 1.4984869 -0.43913236
16 80.392057 46.434967 0.57061773 -0.11619473 -0.0013297019 25 0 431 1.4456004 -0.40012064
17 338.8946 45.954076 0.27683686 0.70172632 0.041957148 25 0 58903 238.27923 -5.9427155
18 125.56106 48.189508 0.65258833 0.028327661 -0.10432443 25 0 5108 14.66712 -2.9158621
19 414.53107 49.349674 0.64270631 0.61729276 -0.20049149 25 0 810 2.4417044 -0.96923273
20 261.23454 54.926336 0.61019039 0.34075388 0.00057911992 25 0 429 1.2459406 -0.23874334
21 484.95869 55.408185 0.63087099 0.52003403 0.069693185 25 0 682 2.2770925 -0.89345169
22 308.48295 56.456617 0.55624521 -0.17436388 -0.022882495 25 0 1301 3.8716604 -1.4697431
23 156.43741 61.319445 0.63523977 0.73234174 0.050646044 25 0 398 1.209769 -0.2067561
24 457.51998 63.021076 0.6273522 0.16772612 -0.17383058 25 0 1342 4.1174915 -1.5365818
25 11.716472 67.289187 0.63008792 0.14213148 0.10494171 25 0 413 1.5609956 -0.48350422
26 45.58476 69.271056 0.6430338 -0.023578593 -0.10348318 25 0 575 1.7606525 -0.61418412
27 68.814829 68.963563 0.67516962 0.18409823 -0.15911009 25 0 449 1.425979 -0.38528283
28 447.22386 69.898104 0.6593676 0.21307117 -0.045757182 25 0 1548 4.7081981 -1.6821368
29 11.955307 71.047466 0.72429035 -0.18068881 0.10471388 25 0 469 1.4827133 -0.42764296
30 126.67416 71.082004 0.73716541 -0.0048821534 -0.034414637 25 0 532 1.3669174 -0.33935568
31 432.36072 71.50522 0.59805475 0.81688734 0.02164514 25 0 455 1.5289778 -0.46100294
32 69.916058 74.126476 0.75883111 0.25537401 -0.031903423 25 0 1873 4.9104264 -1.727798
33 482.9841 78.409074 0.5919082 0.39630929 0.08266461 25 0 744 2.4297654 -0.96391087
34 364.98206 82.438472 0.57147636 0.57821011 0.11632995 25 0 2800 8.4326039 -2.3149043
35 133.90099 86.002538 0.72061535 0.1953852 -0.03664405 25 0 587 1.5042694 -0.44331404
36 106.28573 89.586252 0.61903301 0.83118714 0.077751939 25 0 508 1.462534 -0.4127649
37 505.44505 89.271284 0.68831895 0.56324971 -0.093456592 25 0 20348 56.12054 -4.3728046
38 169.26555 96.269131 0.62705532 0.28823702 0.021443024 25 0 569 1.592833 -0.50542561
39 297.96332 96.864329 0.65423066 0.17662029 -0.065531794 25 0 1291 3.5327644 -1.3702867
40 301.95065 98.592038 0.61515031 0.17109083 -0.0029575958 25 0 1406 3.9642977 -1.4954157
41 200.18883 99.666587 0.58403204 0.24399743 0.010685671 25 0 1574 4.5684425 -1.6494204
42 466.01135 103.22286 0.68604545 0.17122875 -0.048761579 25 0 386 1.3508741 -0.32653716
43 67.83812 103.98803 0.7234431 0.23906492 -0.065290875 25 0 4354 11.73307 -2.6735292
44 129.96618 103.60612 0.61448512 0.76346759 0.23526453 25 0 464 1.2841228 -0.27151637
45 503.66655 109.30048 0.61510705 0.18847514 -0.058281174 25 0 1804 5.5692781 -1.8644973
46 346.71048 115.03794 0.70874027 0.45151326 0.014800368 25 0 675 1.7333261 -0.5972007
47 233.28799 117.00949 0.63823074 0.32122377 -0.12166403 25 0 16818 48.726047 -4.2194029
48 250.62691 117.06566 0.68840128 0.31213063 -0.074652175 25 0 1143 2.962769 -1.1792445
49 317.39291 118.04472 0.63922923 0.36026972 -0.23127399 25 0 1194 3.3181753 -1.3022483
50 260.72962 118.35455 0.58823637 0.73706844 0.17797857 25 0 1572 4.4472716 -1.6202341
51 212.87505 120.08086 0.73508324 0.42558 0.12771966 25 0 580 1.2904346 -0.27683999
52 462.78209 119.75067 0.55137334 0.44069166 0.091467845 25 0 298 1.1556358 -0.1570525
53 112.29917 120.65758 0.56242664 0.00068013891 -0.059232917 25 0 455 1.3565085 -0.33105628
54 167.13133 121.70548 0.68240756 0.11922245 -0.17141945 25 0 445 1.0830223 -0.086593454
55 65.084157 122.08091 0.74645154 0.56502625 -0.038269964 25 0 702 1.8539239 -0.67022974
56 164.61452 123.79156 0.63986627 0.49468359 -0.058010509 25 0 1970 5.5464436 -1.8600365
57 492.86451 123.76569 0.74279602 0.43085418 -0.16671306 25 0 445 1.4466049 -0.40087483
58 188.47127 129.20394 0.58345528 0.12497726 -0.13542973 25 0 1572 4.5521466 -1.6455406
59 19.786782 130.88481 0.76415824 0.3089972 -0.020691938 25 0 1469 3.9591307 -1.4939996
60 266.10105 132.35259 0.67353008 0.54689172 0.2241062 25 0 518 1.2293027 -0.22414711
61 408.68008 140.36701 0.62121487 0.68296743 -0.19732506 25 0 10160 29.003165 -3.6561135
62 311.47344 146.0653 0.61493435 0.30973807 -0.20190691 25 0 2815 8.0843312 -2.2691102
63 27.141796 147.11453 0.74763633 0.43656834 -0.070829237 25 0 869 2.3145582 -0.91117029
64 10.165267 151.15431 0.71817902 0.14866792 -0.063957592 25 0 731 2.1426956 -0.82740118
65 496.7268 152.39183 0.62267174 0.13048281 0.035523787 25 0 6932 20.278149 -3.2675708
66 109.97324 160.08237 0.66228096 0.66785998 0.37426983 25 0 457 1.1053693 -0.10876852
67 398.61252 161.95329 0.62546316 0.14411595 -0.24524486 25 0 45784 131.41632 -5.2966233
68 437.75212 165.55818 0.61894148 0.27756233 0.033857646 25 0 481 1.4640803 -0.41391226
69 218.84901 166.0263 0.57222263 0.031512746 0.046931638 25 0 584 1.7238847 -0.59127053
70 166.03997 169.43273 0.56266486 0.58215986 0.14759969 25 0 1160 3.3519775 -1.3132527
71 46.031526 173.24935 0.54372457 0.63888354 0.65499595 25 0 377 1.2203429 -0.21620472
72 358.73674 174.20593 0.55979544 0.24798215 -0.027391886 25 0 511 1.6014903 -0.51131081
73 490.83799 173.704 0.64564255 0.51327866 0.048339117 25 0 6122 17.822276 -3.1274079
74 176.53783 175.29072 0.6171832 0.14288206 -0.057309381 25 0 940 2.4979947 -0.99397878
75 238.5946 174.5459 0.62096608 0.84442644 0.00064389693 25 0 1643 4.4892825 -1.6304423
76 165.13034 177.90744 0.65178518 0.29110805 -0.04714383 25 0 1752 4.8741186 -1.7197402
77 433.75177 183.05367 0.64683524 0.13935908 -0.069714948 25 0 2688 7.7743969 -2.2266668
78 29.287222 183.92498 0.67999979 0.27195442 -0.1650121 25 0 840 2.3771026 -0.94011982
79 127.57351 183.91238 0.61964252 0.2909586 -0.11557025 25 0 1672 4.5480288 -1.644558
80 423.59127 185.2433 0.64431694 -0.0096926095 -0.11168302 25 0 569 1.6447093 -0.54022288
81 495.47246 184.83848 0.7407522 0.72836602 0.025557433 25 0 655 1.8012288 -0.6389222
82 239.38671 186.7541 0.59226697 0.0071818111 -0.0024519251 25 0 1041 2.8890717 -1.1518958
83 434.20821 188.02992 0.67655999 0.11560917 -0.056986971 25 0 924 2.7165078 -1.0850274
84 83.976506 190.58372 0.62685768 0.40963191 0.15772627 25 0 35381 101.74921 -5.0188276
85 201.81576 189.40025 0.61505644 0.88076641 0.25092518 25 0 692 1.7771625 -0.62431785
86 133.65298 191.77673 0.62792683 0.5802758 -0.071078303 25 0 466 1.1979651 -0.19611038
87 467.56178 199.81856 0.65839819 0.26423936 -0.21000819 25 0 529 1.6561098 -0.54772283
88 180.5948 202.3859 0.64802047 0.22585091 -0.050532507 25 0 597 1.455867 -0.40780423
89 78.976088 204.61881 0.69594838 0.62683542 0.17518686 25 0 610 1.5809485 -0.49729434
90 482.02427 205.87828 0.68699429 0.4903743 0.027494805 25 0 569 1.7537408 -0.6099135
91 27.089769 215.03338 0.69606905 0.39058099 -0.48248677 25 0 536 1.3985391 -0.36418656
92 438.24776 215.76803 0.57927313 0.41775445 0.10580028 25 0 935 3.0391467 -1.2068792
93 0.53465917 217.11261 0.73159934 0.13573051 0.021054333 25 0 1952 5.3019391 -1.8110868
94 338.83677 218.07014 0.63824403 0.10070287 -0.082292292 25 0 1592 4.4899661 -1.6306076
95 268.9255 220.10924 0.60249724 0.22249916 -0.17758865 25 0 799 2.3095198 -0.90880421
96 163.33172 221.57908 0.54830198 0.27086935 0.014285215 25 0 897 2.5772099 -1.0278745
97 492.07169 224.42337 0.57174306 0.35941716 0.17036321 25 0 3760 11.655791 -2.6663544
98 252.55285 226.87358 0.59359354 0.12465203 -0.17175888 25 0 2564 7.485646 -2.1855732
99 364.65416 229.03312 0.64695263 0.1917142 -0.085655679 25 0 4427 12.729323 -2.7620132
100 434.86614 229.66128 0.61991523 0.45284058 0.036280767 25 0 12955 38.232053 -3.956069
101 339.5584 231.29436 0.62112754 0.096180464 0.0026577273 25 0 1024 2.8827321 -1.1495107
102 192.98544 237.68016 0.58115777 0.37838016 0.050066645 25 0 709 1.9573172 -0.72915306
103 253.06713 238.58736 0.60141123 0.36937778 0.082881174 25 0 772 2.1199987 -0.81583896
104 444.05457 241.16228 0.67049185 0.30738466 -0.073918485 25 0 1932 5.5902335 -1.8685749
105 43.191101 242.10511 0.51768742 0.18368385 -0.0077744594 25 0 405 1.3178978 -0.29970433
106 216.58642 255.31614 0.60189847 -0.010954087 -0.082108371 25 0 4492 13.007178 -2.7854577
107 440.94175 254.53857 0.58301307 0.5168745 0.098055438 25 0 6244 18.775918 -3.1840029
108 278.82063 257.78915 0.6070359 0.34563975 -0.076921789 25 0 482 1.3409047 -0.3184948
109 45.809506 276.11206 0.71737894 0.29293258 -0.0042170677 25 0 1743 4.6746048 -1.6743622
110 60.208457 285.3128 0.78114597 0.2903129 -0.06575352 25 0 830 1.9528506 -0.72667255
111 360.50373 287.4879 0.58120151 0.84525034 0.035388206 25 0 4296 12.492672 -2.7416384
112 173.20502 288.84881 0.57574571 0.10433297 -0.13632338 25 0 905 2.6902913 -1.0744983
113 51.594097 290.24852 0.61899113 -0.069341688 -0.10711828 25 0 1245 3.5161044 -1.3651544
114 80.003727 290.01762 0.74336245 0.2348896 -0.05779632 25 0 1451 3.7254708 -1.4279529
115 334.82668 292.26047 0.68177563 0.15147183 0.04973753 25 0 467 1.2328495 -0.22727517
116 466.06517 292.32498 0.68555507 0.36416663 -0.037128568 25 0 711 2.2263487 -0.86898296
117 4.1993495 295.23471 0.69129961 0.43756041 0.085011017 25 0 522 1.3703783 -0.34210118
118 149.01212 299.60801 0.47173145 0.94256746 0.23323726 25 0 412 1.1382694 -0.14061264
119 63.498024 305.76869 0.57553833 0.0081360373 -0.16999111 25 0 1163 3.4422104 -1.3420935
120 206.9658 311.28833 0.65014258 0.27122641 -0.13938613 25 0 876 2.2931668 -0.90108909
121 438.79777 311.14066 0.66166798 0.11197522 -0.072068319 25 0 939 2.806575 -1.1204416
122 126.23325 316.06792 0.65981653 0.40868991 -0.11106443 25 0 3518 9.9730042 -2.497065
123 2.18103 317.75573 0.69509501 0.25635435 0.021416005 25 0 2321 6.2696754 -1.9931126
124 48.033664 319.95314 0.76606916 0.24729449 -0.040079661 25 0 486 1.1501197 -0.15185765
125 318.53357 327.85558 0.67134582 0.62512203 0.0001262574 25 0 577 1.5576458 -0.48117179
126 8.6871489 335.05116 0.70612328 0.21628076 -0.086987443 25 0 5144 14.123191 -2.8748321
127 275.96108 335.10531 0.7295634 -0.06584084 -0.10123461 25 0 618 1.6844179 -0.56612461
128 18.915225 335.99329 0.76673454 0.30603167 -0.019760031 25 0 15101 39.813133 -4.0000659
129 65.279171 337.13031 0.71350431 0.35679838 0.018888891 25 0 1101 2.822763 -1.1266861
130 252.27833 336.52001 0.56627616 0.13037015 -0.063914243 25 0 756 2.1250572 -0.81842657
131 477.19046 342.90405 0.61238842 0.55816202 0.2797434 25 0 765 2.2964144 -0.90262565
132 349.14221 348.95891 0.58918585 0.50840603 -0.13739875 25 0 720 2.2988222 -0.90376348
133 228.37025 352.60248 0.55351753 0.089476376 -0.047834698 25 0 4328 13.217137 -2.8028435
134 370.33868 354.01983 0.67944692 0.17324768 -0.19776391 25 0 1012 2.854299 -1.1387487
135 10.215869 355.03173 0.76690274 -0.064810325 0.11183878 25 0 951 2.412331 -0.95609226
136 0.71244927 355.38312 0.65186019 0.45409569 0.48560266 25 0 504 1.387619 -0.35567557
137 287.28244 356.57598 0.55915161 0.13415993 -0.019632414 25 0 20831 63.60077 -4.5086559
138 10.54994 358.81847 0.68582622 -0.077792498 -0.13552547 25 0 1238 3.3087939 -1.2991743
139 11.235164 362.41014 0.52574789 0.20321883 0.38726577 25 0 444 1.2855572 -0.27272854
140 403.03332 363.61138 0.62130636 0.26304187 0.04661877 25 0 1704 5.1476739 -1.7790276
141 214.51934 365.71952 0.65467551 0.51490699 -0.093729903 25 0 1501 4.1050304 -1.5332909
142 266.62818 366.95079 0.66423215 0.25451655 -0.1111906 25 0 2813 7.9559161 -2.2517255
143 84.069702 368.44718 0.66909502 0.45981851 0.067146886 25 0 4905 13.648873 -2.837742
144 416.25104 368.03083 0.66365079 0.2633963 -0.16979909 25 0 1081 3.3210477 -1.3031878
145 127.40603 369.18708 0.67755217 0.79668028 -0.098212251 25 0 519 1.3571762 -0.33159059
146 487.91031 370.046 0.67251569 0.1760818 -0.045634068 25 0 8890 25.601821 -3.5206772
147 11.103343 371.57041 0.63161945 0.52668052 0.35540204 25 0 477 1.2880631 -0.27484281
148 354.54548 381.16047 0.64437097 0.32969523 -0.20542579 25 0 3173 9.17881 -2.4069659
149 63.375637 382.47472 0.53013651 0.1412362 0.045473127 25 0 2805 8.8537492 -2.367818
150 109.06837 384.20595 0.72003976 0.45960186 -0.038804562 25 0 648 1.7141285 -0.58510845
151 215.94216 385.63439 0.62445318 0.61098335 0.014626536 25 0 559 1.5675008 -0.48801944
152 472.44932 386.50604 0.54811689 -0.52347269 -0.066728597 25 0 432 1.5387376 -0.46791145
153 133.06485 388.55536 0.67212056 0.53176926 0.13387453 25 0 1373 3.7118713 -1.4239823
154 443.83656 390.52489 0.59372088 0.15657338 0.10861126 25 0 1966 6.0062978 -1.9465171
155 473.21955 390.03265 0.67891861 0.20717403 -0.057220275 25 0 2006 5.8476358 -1.9174508
156 48.616096 393.61329 0.77531487 0.60622983 -0.08690615 25 0 618 1.4875988 -0.43121456
157 235.19178 398.48247 0.61615879 0.53302099 0.02444646 25 0 6713 19.506465 -3.2254464
158 365.69142 400.34841 0.44980629 0.80105133 -0.1645507 25 0 458 1.7080409 -0.58124568
159 161.73286 401.06739 0.76539165 0.25897344 -0.060272948 25 0 413 1.0704694 -0.073935661
160 400.99528 405.30173 0.62461974 0.20759385 -0.099917517 25 0 418 1.3571939 -0.33160473
161 264.31317 405.94497 0.59349035 0.46096804 -0.14442828 25 0 684 2.1125745 -0.81203011
162 279.60781 409.1861 0.69423632 -0.33092066 -0.33266342 25 0 351 1.0112073 -0.012100498
163 261.62629 409.57003 0.61443446 0.67844939 0.013259354 25 0 1580 4.5658114 -1.6487949
164 483.17846 409.88324 0.71400595 0.4690013 0.12484825 25 0 412 1.3691707 -0.34114397
165 93.710619 414.87524 0.5883173 -0.051658764 -0.31837813 25 0 728 2.1612355 -0.83675523
166 117.64654 416.36787 0.63858697 0.95565081 0.17366959 25 0 1880 5.277808 -1.806134
167 203.39515 433.44604 0.67189086 0.2805824 -0.1999458 25 0 384 1.1330561 -0.13562852
168 168.47748 434.49603 0.61577559 0.71979204 -0.022189654 25 0 1835 5.342975 -1.8194579
169 141.89779 435.40972 0.72752429 0.54826099 0.045421014 25 0 1099 2.8000498 -1.1179144
170 390.9479 435.13686 0.77534207 0.24921045 0.18191907 25 0 313 1.0373541 -0.039817531
171 183.56134 436.04468 0.30956981 -0.11733671 -0.24106988 25 0 191 1.009204 -0.0099474312
172 241.67353 437.81761 0.65769252 0.25738995 -0.076133737 25 0 1005 2.8689139 -1.1442938
173 500.74428 437.36594 0.39634204 0.66507107 0.099020494 25 0 58530 180.00907 -5.638236
174 354.33763 439.53438 0.5729575 -0.0016087235 0.0079614502 25 0 2549 7.8181154 -2.2327552
175 254.73751 442.31661 0.62021238 -0.33891751 0.11693091 25 0 954 2.6075785 -1.0405935
176 100.80808 444.23507 0.68910739 0.19973846 -0.042657508 25 0 14608 40.832371 -4.0275115
177 486.80009 453.98901 0.70693703 0.13556768 -0.062079595 25 0 2173 6.3218605 -2.0021123
178 320.70598 457.8457 0.75762466 0.34513953 -0.033204221 25 0 680 1.8901494 -0.69124033
179 445.02984 458.94397 0.71664766 0.36219919 -0.01825325 25 0 386 1.2638964 -0.25427873
180 371.86337 462.68671 0.71246112 0.47478625 0.019061562 25 0 1301 3.7001546 -1.4205497
181 65.906942 463.8693 0.7575514 0.32365191 -0.061082239 25 0 6717 17.93941 -3.1345204
182 158.86784 465.02776 0.71057568 0.29551988 -0.059368087 25 0 1274 3.5246042 -1.3677759
183 437.37499 466.25203 0.45824119 0.42370416 -0.12537504 25 0 58648 199.45846 -5.7496312
184 300.81264 467.07769 0.6347576 0.16032326 0.015420441 25 0 289 1.0077178 -0.0083472811
185 54.979024 468.95526 0.82318659 0.32336805 0.0049323583 25 0 393 1.0135642 -0.014628166
186 220.64928 473.00616 0.69128874 0.1665874 -0.13285995 25 0 5005 14.074063 -2.8710487
187 438.67257 474.0262 0.66998962 0.19583336 0.128939 25 0 393 1.2978498 -0.28306111
188 352.29057 474.6495 0.4301478 -0.89236411 -0.032030968 25 0 332 1.3760588 -0.34659247
189 270.68544 476.24782 0.6508862 -0.027668626 -0.092978721 25 0 2988 8.7106552 -2.3501271
190 123.93664 476.90928 0.79878829 0.034958287 -0.31158808 25 0 562 1.4639807 -0.41383836
191 347.94535 481.56523 0.52321487 0.31471975 0.059641184 25 0 337 1.2835205 -0.271007
192 148.62377 482.34094 0.65850204 -0.29334731 -0.13692274 25 0 792 2.2371772 -0.87425095
193 73.586263 487.7335 0.7125348 0.49943361 -0.10345724 25 0 1118 3.1408635 -1.2426226
194 249.74815 497.31172 0.65078933 0.17428663 -0.0093150906 25 0 394 1.2067957 -0.20408438
195 125.75204 504.31988 0.6611379 -0.39224551 0.082249646 25 0 551 1.5452741 -0.47251383
196 171.07081 504.5355 0.61875076 0.2011791 -0.050548374 25 0 453 1.3457858 -0.32243985
197 126.59544 508.21013 0.6223427 0.044236537 -0.10382967 25 0 682 1.9848706 -0.74433049
198 172.94288 510.82292 0.98624727 -0.49866487 -0.70955568 25 0 578 1.2109677 -0.20783141
