id xcentroid ycentroid sharpness roundness1 roundness2 npix sky peak flux mag
1 4.1772214 0.062115273 0.83645498 -0.33236509 -0.59065144 25 0 2608.1916 5.2027076 -1.7905736
2 303.03953 24.403944 0.67812008 0.13211796 -0.21048232 25 0 550.33896 1.4386063 -0.3948549
3 509.15628 25.283314 0.70321458 0.033198147 -0.040231466 25 0 470.40231 1.0778419 -0.081387691
4 376.35881 27.588356 0.56861401 -0.52326617 -0.28480141 25 0 381.08561 1.0952143 -0.098747788
5 435.46682 27.724691 0.65250024 -0.55118527 -0.30491505 25 0 18930.024 40.644082 -4.0224933
6 154.83321 53.588646 0.46736238 -0.50586521 -0.11436301 25 0 683.50882 1.8817573 -0.68640901
7 174.17622 54.399205 0.61137273 -0.028476268 -0.18604507 25 0 1656.5046 3.8857706 -1.4736929
8 292.83234 56.495465 0.38645249 0.0037552134 -0.2660001 25 0 56944.459 147.92789 -5.4251252
9 79.800262 58.508037 0.57958225 -0.47425698 -0.14591964 25 0 3393.0241 7.8709391 -2.2400664
10 368.4583 60.439974 0.64763293 -0.37713868 -0.41897128 25 0 609.4882 1.5393736 -0.4683601
11 510.81962 66.228379 0.90499477 -0.26477692 0.18996427 25 0 1144.1498 2.1654472 -0.83886901
12 262.52214 67.143641 0.69092284 -0.29733351 -0.49495316 25 0 1090.8227 2.4174583 -0.9583975
13 438.41649 66.412366 0.61350061 -0.66537564 -0.13445087 25 0 462.24696 1.1638571 -0.16474911
14 411.23151 74.115409 0.75785812 -0.43254972 -0.36378166 25 0 1148.1158 2.4287813 -0.96347102
15 469.72896 76.433974 0.58952145 -0.32097795 -0.074042758 25 0 2292.1038 5.436273 -1.8382532
16 400.86735 80.891797 0.6997893 -0.30162816 -0.28211073 25 0 1281.5597 2.9775823 -1.1846595
17 24.016344 84.276687 0.69563275 -0.32849615 -0.10656354 25 0 1318.8688 2.8837013 -1.1498757
18 436.25106 89.62575 0.53105587 0.15689712 -0.43325084 25 0 511.54383 1.4159279 -0.37760287
19 318.89642 93.515629 0.59265479 -0.39106557 -0.081940364 25 0 2168.2361 5.1949068 -1.7889444
20 458.92076 100.47405 0.57145586 0.045460898 0.0040876106 25 0 14053.145 32.605886 -3.78324
21 251.72424 107.72348 0.58817182 -0.94203855 -0.40696382 25 0 676.81801 1.6376465 -0.53555043
22 255.50214 109.32597 0.58126975 -0.95353091 -0.44203768 25 0 903.50348 2.2336333 -0.87252971
23 153.99787 110.16611 0.61546093 -0.22062639 -0.30379822 25 0 1071.7953 2.3447626 -0.92524721
24 21.793919 114.12486 0.6868909 -0.46485671 -0.264623 25 0 2945.1438 6.432344 -2.0209231
25 477.00086 117.01946 0.72516292 -0.2840829 -0.27384263 25 0 1836.5141 3.9225138 -1.4839112
26 457.12903 120.40132 0.58921213 -0.21423187 0.097256027 25 0 1376.1695 3.3314372 -1.3065791
27 187.03528 127.45068 0.56184987 -0.15427184 -0.064021515 25 0 11004.709 25.506543 -3.516629
28 204.41479 127.73956 0.59879753 0.43078754 -0.31106367 25 0 648.30751 1.4509603 -0.40413881
29 214.48717 129.01385 0.59624152 -0.41135388 -0.42069924 25 0 1215.5882 2.8061405 -1.1202735
30 271.10564 128.85857 0.69630797 -0.57152609 -0.32576419 25 0 964.83035 2.2233844 -0.8675364
31 118.58995 134.04154 0.5986507 -0.32750149 -0.34168972 25 0 1366.0448 3.0533286 -1.2119339
32 485.50595 135.91099 0.62710798 -0.33231736 -0.37230863 25 0 1303.9103 3.0193416 -1.1997806
33 142.42967 139.48905 0.57480125 -0.59316283 -0.22596992 25 0 1029.915 2.2185206 -0.86515865
34 362.26486 151.40616 0.62118638 0.0097184091 -0.19905571 25 0 7934.6773 17.389346 -3.1007081
35 265.08711 156.85654 0.63743006 -0.30701819 -0.27935388 25 0 2271.0123 5.08647 -1.7660412
36 450.27213 163.57824 0.59211099 0.21280216 -0.021761195 25 0 4949.3798 11.33743 -2.6362865
37 352.20925 172.92379 0.66361633 -0.36863559 -0.31447219 25 0 37866.292 81.087749 -4.7723881
38 119.85502 179.95217 0.63111514 -0.248293 -0.3991561 25 0 786.29639 1.6640001 -0.55288335
39 192.20036 185.07244 0.69092521 -0.13038517 -0.23059565 25 0 1391.8231 2.9578076 -1.1774248
40 444.34902 184.86155 0.69575105 -0.4118883 -0.28862588 25 0 5274.1233 11.28188 -2.6309537
41 130.54022 185.45636 0.531757 -0.093006522 -0.50149567 25 0 541.27156 1.3207921 -0.30208612
42 119.12199 188.2046 0.59166034 -0.19246642 -0.30065954 25 0 1157.1231 2.7568034 -1.1010145
43 81.334904 194.04585 0.66352771 0.036752164 -0.33845276 25 0 1448.3093 3.1457849 -1.2443225
44 387.33315 194.02317 0.67655669 -0.36883827 -0.37845618 25 0 2135.2531 4.6530278 -1.6693391
45 377.27877 196.32257 0.70272727 -0.041769387 -0.2898573 25 0 451.60912 1.0988401 -0.10233623
46 448.92835 196.02498 0.67316435 0.077065583 -0.25310283 25 0 624.65372 1.5437956 -0.47147449
47 192.93117 197.16999 0.6188027 -0.53721571 -0.36891897 25 0 831.78437 1.7741457 -0.62247319
48 387.62923 199.07236 0.60977421 -0.30745993 -0.31033582 25 0 575.79623 1.4908291 -0.43356965
49 155.40879 199.83665 0.54959057 -0.48576216 -0.61531168 25 0 444.03523 1.1282468 -0.13101031
50 37.94407 200.42824 0.58435876 -0.024346698 0.037522876 25 0 26986.758 62.347936 -4.4870552
51 421.09952 210.93815 0.54706961 -0.369908 -0.18019194 25 0 373.80105 1.0257422 -0.027595601
52 32.88727 214.69484 0.754837 -0.49434467 0.028491888 25 0 472.70582 1.0324921 -0.034716844
53 474.64121 214.85375 0.62358577 0.050148334 -0.31424835 25 0 1157.1662 2.7261923 -1.0888912
54 468.52697 220.91461 0.65230426 -0.32807642 -0.33468279 25 0 2272.0402 5.0112596 -1.7498673
55 391.70754 227.00719 0.70582009 -0.17244506 -0.58713083 25 0 713.31293 1.5298021 -0.46158817
56 292.39632 228.96198 0.55256399 -0.24238714 -0.48409574 25 0 948.43911 2.4101742 -0.95512108
57 222.86447 230.78982 0.61988029 -0.85677789 -0.41545428 25 0 534.61796 1.2304168 -0.22513064
58 117.1194 232.04682 0.6484004 -0.017370811 -0.24042644 25 0 715.61913 1.5278041 -0.46016921
59 445.55791 235.74335 0.63237573 -0.73889834 -0.34971491 25 0 3066.2106 6.7418638 -2.0719499
60 206.02704 237.51579 0.5722835 -0.25806901 -0.13350951 25 0 1813.561 4.0574182 -1.5206244
61 318.41821 239.90953 0.66587754 -0.47809876 -0.32877894 25 0 3160.2304 6.7376352 -2.0712687
62 388.28361 240.7528 0.64715827 -0.54820921 -0.29986163 25 0 9826.4817 21.130365 -3.3122675
63 293.30837 242.15437 0.65417331 -0.061562455 -0.32967839 25 0 770.00585 1.7520539 -0.60886865
64 206.59617 249.104 0.6318864 -0.57535439 -0.50978542 25 0 650.59264 1.5208975 -0.45524984
65 397.32158 252.23798 0.57438486 -0.70765293 -0.42636548 25 0 1273.0618 3.0591383 -1.2139978
66 170.32572 265.64749 0.6300695 -0.56936192 -0.28211453 25 0 3412.1082 7.3208582 -2.161405
67 394.32604 265.73545 0.65490617 -0.60224679 -0.27298808 25 0 5194.7893 11.034674 -2.6068988
68 494.91067 267.19127 0.69232995 -0.40333567 -0.15070839 25 0 1278.6039 2.8610101 -1.1412985
69 0.19715447 286.04169 0.89037123 -0.094348323 0.15516426 25 0 1149.0976 2.2463288 -0.87868333
70 13.955443 295.33551 0.68020299 -0.063709876 -0.04393678 25 0 571.77583 1.2470453 -0.23970557
71 314.12841 298.32539 0.59764085 -0.17072677 -0.22659496 25 0 3829.5398 8.7176402 -2.3509974
72 126.89771 299.27529 0.52793919 -0.41383177 -0.3439485 25 0 606.6786 1.5156596 -0.4515042
73 5.376526 300.33819 0.73039682 -0.18169581 -0.33195891 25 0 974.61765 1.9497427 -0.72494324
74 33.645621 300.14245 0.72690915 -0.37271886 -0.36879814 25 0 901.80048 1.8274457 -0.65461121
75 419.32479 303.51958 0.5888326 -0.75314804 -0.3005984 25 0 517.9803 1.2266908 -0.22183779
76 17.093155 315.69064 0.70246293 -0.20311909 -0.12298079 25 0 987.42912 2.1110329 -0.81123748
77 160.26357 321.71517 0.43978068 -0.31649647 -0.55535693 25 0 487.9051 1.1540373 -0.15554964
78 392.14904 322.34877 0.72293108 0.1098909 -0.066147229 25 0 853.70429 1.723897 -0.5912783
79 80.01186 326.32335 0.63551646 -0.15707244 -0.21164942 25 0 2475.4621 5.3637849 -1.8236784
80 508.80816 336.7617 0.68843934 -0.32825287 -0.16716331 25 0 1370.1418 2.8945446 -1.1539506
81 272.03441 338.55031 0.53636417 0.12473661 -0.0047816124 25 0 473.8297 1.1227175 -0.12567624
82 18.903474 347.24312 0.62516725 -0.3604162 -0.24357946 25 0 716.52402 1.6237051 -0.52626789
83 205.65243 347.10843 0.63874119 -0.49386101 -0.42396114 25 0 777.80078 1.671318 -0.55764775
84 430.37079 354.13055 0.72667331 0.020896772 -0.083771616 25 0 823.65334 1.5106326 -0.44789713
85 302.49674 359.57721 0.62703171 -0.68921986 -0.30449757 25 0 521.1973 1.0023617 -0.0025611194
86 181.7393 363.10172 0.62821309 -0.42523468 -0.35539595 25 0 4104.812 9.1220904 -2.4002359
87 323.61917 364.83861 0.66746545 -0.28980709 -0.42229912 25 0 849.01863 1.7222846 -0.59026231
88 240.5562 367.33059 0.58727241 -0.75346143 -0.40039174 25 0 15410.134 34.092291 -3.8316405
89 356.44973 374.59382 0.55053592 0.1248445 -0.29620379 25 0 1260.139 2.8495224 -1.1369302
90 168.03603 376.07177 0.71399343 -0.27210422 -0.39793853 25 0 1427.045 2.8124834 -1.1227249
91 220.09123 377.41968 0.5927648 -0.12360854 -0.19515656 25 0 1949.2823 4.2727797 -1.5767763
92 37.831872 378.59633 0.57040983 -0.42496863 0.028862002 25 0 3177.1463 7.3762199 -2.1695846
93 509.14618 378.09849 0.64814257 -0.36292935 -0.20730358 25 0 558.00289 1.1593138 -0.16050248
94 369.71405 378.92136 0.65844609 -0.51138412 -0.22324397 25 0 992.12991 2.0406725 -0.77443327
95 441.11285 381.26571 0.66668884 -0.23638805 -0.17855379 25 0 7460.4836 16.273262 -3.0286866
96 307.9703 391.97002 0.65378504 -0.25807451 -0.28542555 25 0 2922.2297 6.4270579 -2.0200305
97 16.849161 392.62503 0.60299035 -0.19169095 -0.15117264 25 0 2513.7578 5.7195614 -1.8934068
98 169.63516 396.07483 0.59891688 -0.23755703 -0.39782171 25 0 549.3412 1.0478459 -0.050743557
99 86.61389 398.71936 0.63655592 -0.1278926 -0.24682821 25 0 1024.4354 2.1290176 -0.82044813
100 426.43181 401.3031 0.58842653 -0.1206163 -0.26253564 25 0 1385.1756 2.9134996 -1.1610374
101 397.23734 401.5225 0.55148841 -0.42676253 -0.15145428 25 0 1635.3954 3.6465264 -1.4046984
102 188.56007 408.88216 0.64518204 -0.2575023 -0.37467997 25 0 5703.9116 12.15177 -2.7115988
103 319.10012 411.1535 0.58807865 -0.59281026 -0.49143177 25 0 682.47378 1.5001616 -0.4403451
104 215.05368 420.12983 0.6806928 -0.20161947 -0.23082943 25 0 1641.2934 3.30346 -1.2974226
105 502.03758 422.87076 0.7349175 -0.29089393 -0.24429548 25 0 2308.4699 4.6103433 -1.6593332
106 47.228263 425.22625 0.63937543 0.3618059 -0.1248772 25 0 758.30066 1.5759187 -0.49383449
107 71.230723 426.59657 0.65958291 -0.53608953 -0.23828249 25 0 1521.7284 3.0824286 -1.2222326
108 121.75918 444.80378 0.68923912 -0.24760401 -0.34647499 25 0 1824.617 3.6544995 -1.4070698
109 95.29664 445.63068 0.61192697 -0.57489234 -0.3654604 25 0 747.96231 1.3848043 -0.35347099
110 195.06914 448.17373 0.76466946 -0.34375295 -0.32578772 25 0 1094.5507 1.960469 -0.73089997
111 453.87069 448.57694 0.3242839 -0.30512147 -0.30732553 25 0 60441.297 151.44886 -5.450665
112 307.63667 450.44948 0.60360829 -0.67830212 -0.1762187 25 0 2226.2078 4.7453636 -1.6906737
113 208.20539 452.76288 0.66328023 -0.58554995 -0.070409419 25 0 1037.4858 1.9823823 -0.74296855
114 54.444379 454.35831 0.584707 -0.080231323 -0.31385151 25 0 8746.7138 19.609505 -3.2311666
115 439.85086 465.27007 0.66921697 -0.39154801 -0.21498366 25 0 1838.5911 3.8312661 -1.4583558
116 273.94665 468.50906 0.52506406 -0.55726643 -0.22521382 25 0 531.55585 1.0776173 -0.081161343
117 19.467571 473.7922 0.62583555 -0.1327421 -0.35736173 25 0 4205.4063 9.4476131 -2.4383052
118 325.14127 473.49089 0.71652256 -0.47604854 -0.078140877 25 0 1164.8247 2.1387455 -0.82539777
119 112.26462 475.19815 0.68139684 -0.50418597 -0.3609521 25 0 1008.1834 1.9264664 -0.71190362
120 390.65594 477.32581 0.56177834 -0.71893361 -0.33116877 25 0 60224.558 140.6125 -5.3700598
121 174.02464 483.30088 0.66990249 -0.076828969 -0.15682778 25 0 4368.9984 9.2963472 -2.4207808
122 305.72912 485.46023 0.63127734 -0.58724173 -0.13006923 25 0 572.29979 1.0861795 -0.089754026
123 224.21045 486.76398 0.69071127 -0.47663427 -0.23803959 25 0 2820.471 5.7950208 -1.9076375
124 101.94661 492.47794 0.56211892 -0.40300185 -0.39788862 25 0 630.95753 1.2716297 -0.26090165
125 27.151277 497.76856 0.73151086 -0.31139241 -0.13082976 25 0 1016.5098 2.0018779 -0.75359396
