id xcentroid ycentroid sharpness roundness1 roundness2 npix sky peak flux mag
1 312.96315 5.1095001 0.66166545 0.19873112 -0.055136461 25 0 746 2.1231873 -0.81747079
2 322.1671 7.4407466 0.67537684 0.29368062 -0.075051525 25 0 359 1.0783917 -0.081941295
3 444.5193 8.1114927 0.60108877 0.52041778 -0.30313487 25 0 461 1.7912378 -0.63288311
4 124.77434 12.49561 0.59949524 0.12591012 0.027822131 25 0 466 1.4689531 -0.41751981
5 350.43015 13.756749 0.63372996 0.52160272 -0.13400887 25 0 713 2.2578131 -0.88421996
6 40.065948 14.563873 0.6770725 0.31178125 0.086060299 25 0 14742 42.265601 -4.0649676
7 423.91916 16.814717 0.71466467 0.47673613 -0.098831037 25 0 683 2.0145367 -0.76043796
8 483.16098 16.612583 0.63869232 0.333177 0.0063019609 25 0 25758 75.34684 -4.6926626
9 228.57206 31.97743 0.69456954 0.2865894 -0.15767739 25 0 390 1.1365452 -0.13896682
10 369.79092 35.179286 0.68498793 -0.1039614 -0.20035253 25 0 576 1.6556015 -0.54738951
11 469.40087 35.300838 0.74995788 0.59930985 -0.040549139 25 0 311 1.0792989 -0.082854347
12 142.32651 37.900572 0.64080555 0.21785942 -0.10383686 25 0 471 1.4889107 -0.43217163
13 129.15162 42.056384 0.76371792 0.39379663 -0.10966413 25 0 766 2.0786306 -0.7944433
14 202.15521 43.09549 0.72783165 0.31997808 -0.15002361 25 0 1402 3.7891697 -1.4463601
15 221.54843 44.013398 0.65960504 0.29420987 -0.17792841 25 0 2490 7.0900119 -2.1266174
16 362.26836 45.115117 0.69905242 0.13550482 -0.3012364 25 0 551 1.5812548 -0.49750463
17 81.821309 46.438868 0.69356916 0.44300001 0.081684671 25 0 551 1.7029621 -0.57801249
18 340.13994 46.035775 0.26962096 0.62966232 -0.04685598 25 0 58834 245.17547 -5.9736926
19 126.92062 48.312077 0.69816428 0.26938246 -0.027506628 25 0 5792 16.195372 -3.0234773
20 415.76703 49.500106 0.56214791 0.17835134 -0.081890607 25 0 795 2.6297555 -1.0497884
21 262.63815 55.036693 0.64207801 0.41061574 -0.087457612 25 0 464 1.3374604 -0.31570237
22 486.25441 55.5462 0.65215534 0.57949087 0.059260491 25 0 749 2.3728233 -0.93816351
23 309.89359 56.446831 0.57038475 0.59785211 0.083675948 25 0 1365 4.0944546 -1.5304902
24 458.85754 63.06656 0.70237527 0.4442839 -0.084531282 25 0 1670 4.8638316 -1.7174463
25 45.96864 64.273308 0.79628838 0.14335661 0.21660801 25 0 368 1.104623 -0.10803523
26 13.076701 67.145092 0.84810774 -0.4195318 -0.21885781 25 0 466 1.25906 -0.25011605
27 365.04154 67.315657 0.64022499 0.01350425 -0.15541494 25 0 336 1.0605577 -0.063835752
28 47.018274 69.433811 0.66759834 0.54898935 0.11995496 25 0 688 2.0715499 -0.79073848
29 70.233967 69.063263 0.63131632 0.20436899 -0.14779262 25 0 419 1.2978202 -0.2830363
30 184.91369 69.600159 0.50660376 0.0083495641 -0.11979485 25 0 337 1.090971 -0.094532974
31 448.42474 69.932455 0.68712395 0.21431804 -0.19159036 25 0 1608 4.6855496 -1.6769013
32 13.446667 71.207489 0.73984881 0.47635094 -0.20133528 25 0 445 1.3331072 -0.31216269
33 127.91258 71.144592 0.74348959 0.30881022 -0.022906602 25 0 545 1.3951427 -0.36154654
34 487.43744 70.5213 0.53489578 0.15281628 -0.2389351 25 0 250 1.2528069 -0.24471036
35 433.85386 71.626317 0.692934 0.64344429 0.012694444 25 0 551 1.7223934 -0.59033087
36 71.341419 74.218749 0.72117348 0.46218356 -0.1230572 25 0 1803 5.0112056 -1.7498556
37 484.32196 78.493954 0.61495654 0.91009 -0.018582216 25 0 767 2.5421972 -1.0130231
38 366.31324 82.608483 0.55092682 0.18134646 -0.061698344 25 0 2966 9.2704254 -2.4177492
39 135.24607 85.970753 0.67052832 -0.096176988 -0.38859392 25 0 583 1.6066616 -0.51481101
40 506.69522 89.4829 0.58848529 0.15223416 0.039343635 25 0 18862 57.041659 -4.3904804
41 107.65825 89.703911 0.6871236 0.54932097 -0.094200981 25 0 677 1.7699973 -0.6199315
42 170.56897 96.645857 0.52322613 0.0011921445 0.030802944 25 0 480 1.3758088 -0.3463952
43 299.29285 97.002773 0.66468384 -0.055292338 -0.14651391 25 0 1473 4.2028728 -1.5588656
44 303.24607 98.7883 0.66560047 -0.10785426 -0.16184352 25 0 1598 4.4045205 -1.6097466
45 201.46288 99.917784 0.66144687 0.39546008 -0.2104223 25 0 1717 4.7104968 -1.6826668
46 467.2613 103.39743 0.71521355 0.4002287 -0.16231214 25 0 314 1.0157292 -0.016944889
47 69.29782 104.05857 0.70489168 0.20626666 -0.12564016 25 0 4426 12.199175 -2.7158261
48 131.38497 103.55128 0.49052266 -0.039987734 -0.1914391 25 0 359 1.068675 -0.072114175
49 312.22821 105.76067 0.67782478 0.042434341 0.027186186 25 0 417 1.0461808 -0.049016852
50 505.01927 109.42226 0.66033889 0.48661639 0.06059345 25 0 2105 6.2995351 -1.9982712
51 347.81305 115.23762 0.65918999 0.39340654 -0.11072655 25 0 641 1.7761237 -0.62368302
52 234.50971 117.16779 0.62516169 0.067310843 -0.20439357 25 0 16641 48.311511 -4.2101265
53 251.94096 117.20628 0.67823949 0.77323044 0.1095503 25 0 1211 3.20661 -1.2651154
54 318.62855 118.24655 0.60664191 0.10884253 -0.12695401 25 0 1218 3.5473006 -1.374745
55 262.13371 118.53573 0.53411775 0.38332217 0.053081284 25 0 1696 5.2020661 -1.7904397
56 214.09989 120.37069 0.69221712 0.69443299 -0.18433645 25 0 576 1.4242425 -0.38395982
57 463.93712 119.89716 0.70537727 0.85894286 0.13521623 25 0 421 1.3034587 -0.28774317
58 113.60697 120.79777 0.72754741 -0.057620169 -0.16326727 25 0 610 1.5099626 -0.44741548
59 66.590218 122.15124 0.72904176 0.27963921 -0.117079 25 0 597 1.5711281 -0.49052901
60 168.10611 121.63601 0.61227592 0.011906657 -0.54290076 25 0 423 1.1291942 -0.13192164
61 165.99238 123.88384 0.65788324 0.44097506 -0.06971066 25 0 2280 6.470177 -2.0272904
62 494.02883 123.94437 0.65671684 0.044570544 -0.15162144 25 0 405 1.3726996 -0.34393875
63 189.87534 129.39538 0.64870231 0.35149031 0.012862346 25 0 1855 5.2350818 -1.7973087
64 21.236051 130.89322 0.700116 -0.0097611057 -0.11442279 25 0 1499 4.3315273 -1.5916026
65 267.52896 132.55375 0.71110201 0.69237746 -0.072997199 25 0 535 1.278744 -0.26695903
66 409.91178 140.4748 0.60270953 0.58322355 0.067262488 25 0 11216 33.137989 -3.8008154
67 312.66669 146.24171 0.60996062 0.17532469 -0.1313484 25 0 2953 8.52851 -2.3271829
68 28.385306 147.23433 0.61290885 -0.0042412628 -0.22549066 25 0 720 2.250332 -0.88061648
69 11.75857 151.1855 0.59325074 -0.46805601 -0.15380815 25 0 645 2.0740762 -0.79206177
70 498.05972 152.49227 0.66046225 0.498011 0.10712802 25 0 7551 21.764897 -3.3443915
71 111.37407 160.53115 0.63594284 0.80885943 0.028233403 25 0 523 1.3331634 -0.31220844
72 399.77083 162.08196 0.64607017 0.26484939 -0.13116104 25 0 53088 153.9165 -5.4682129
73 220.21994 166.14012 0.70206624 0.1296555 -0.21456145 25 0 692 1.7758316 -0.62350443
74 439.11488 165.58909 0.63382061 0.10700059 -0.032252466 25 0 471 1.4776418 -0.42392289
75 167.45439 169.53543 0.50448749 -0.1849421 -0.13878399 25 0 900 2.6615503 -1.0628367
76 360.0306 174.29498 0.57383827 0.56770297 -0.045192684 25 0 508 1.5238421 -0.45734995
77 492.18068 173.84685 0.69523512 0.24030979 -0.060224577 25 0 7263 20.596748 -3.2844966
78 177.98725 175.35697 0.65759935 0.23828817 -0.086978847 25 0 1061 2.8383778 -1.1326755
79 239.89483 174.58489 0.62724186 0.57238134 0.05522417 25 0 1837 5.1555769 -1.7806932
80 427.44423 176.6808 0.68483109 0.61080039 -0.073588178 25 0 327 1.0228204 -0.024498487
81 166.44546 178.02019 0.6463965 0.10155708 -0.27417425 25 0 1603 4.2895299 -1.5810242
82 435.00279 183.07333 0.67054618 0.36971117 -0.11072888 25 0 3006 8.6689701 -2.3449188
83 30.636398 183.91724 0.75361506 0.095511503 -0.18216757 25 0 1003 2.7377334 -1.0934779
84 128.8279 184.01201 0.67849096 0.58576161 0.017258916 25 0 2046 5.5186908 -1.8545901
85 424.9381 185.36463 0.60921987 0.31466046 -0.084934391 25 0 577 1.771057 -0.62058135
86 496.88137 184.90607 0.67873177 0.29417717 -0.20210772 25 0 694 2.1014242 -0.80628435
87 240.54702 186.82527 0.70671536 0.40859181 -0.23255042 25 0 1234 3.1396075 -1.2421884
88 435.40368 188.08855 0.69263707 0.18574271 -0.19069773 25 0 992 2.7791198 -1.1097682
89 203.09116 189.4497 0.57498271 0.38956751 -0.0082896591 25 0 774 2.1981201 -0.85512856
90 85.4628 190.54568 0.64163952 0.79046039 -0.009743295 25 0 35589 100.69619 -5.0075326
91 135.24238 191.75497 0.56120647 0.13200322 -0.13856637 25 0 473 1.3441129 -0.32108934
92 434.43043 195.98025 0.65412288 0.35921212 -0.21777409 25 0 370 1.1759019 -0.1759277
93 468.94168 199.93931 0.67499783 0.44050124 0.0058260995 25 0 632 1.9036091 -0.69894442
94 182.00346 202.45095 0.64742252 0.45896951 0.12024739 25 0 661 1.7778039 -0.62470966
95 395.86049 201.57538 0.55097171 0.39785438 0.18770877 25 0 326 1.1113715 -0.11464818
96 80.554577 204.55599 0.58308506 0.82550507 -0.13371295 25 0 601 1.7584122 -0.61280174
97 483.38315 206.00341 0.61899286 0.30691718 -0.29627134 25 0 622 2.1285226 -0.82019565
98 26.706625 213.59123 0.60527855 0.51417737 -0.21621879 25 0 377 1.034502 -0.036828302
99 28.452329 215.23141 0.63508804 -0.020011505 -0.31349506 25 0 492 1.3716788 -0.3431311
100 439.51832 215.97112 0.64613436 0.10504002 -0.21507903 25 0 1068 3.2202892 -1.2697372
101 1.7536758 217.15499 0.72604331 0.2065994 -0.018116143 25 0 2317 6.3405977 -2.0053255
102 340.19417 218.13936 0.66646897 0.4287874 -0.1155595 25 0 1719 4.8446975 -1.7131667
103 270.50194 220.23582 0.7070379 0.15917443 -0.3993382 25 0 804 2.0234239 -0.7652172
104 164.59536 221.7266 0.6894882 0.70360912 -0.028498689 25 0 1083 2.7828322 -1.1112176
105 493.441 224.60295 0.57932877 0.063483496 -0.057891405 25 0 4030 12.422538 -2.7355258
106 454.75427 225.66312 0.94333629 0.65459971 0.21788268 25 0 523 1.3651773 -0.33797268
107 253.76205 227.02511 0.62884898 0.30678577 -0.16394668 25 0 3039 8.8161541 -2.3631979
108 365.96551 229.07407 0.64854928 0.33459157 -0.11479171 25 0 4732 13.715618 -2.8430385
109 436.15308 229.77294 0.64707004 0.29187859 -0.04721863 25 0 14249 41.275365 -4.0392273
110 340.96064 231.3847 0.56919429 0.149606 0.017067333 25 0 1022 3.1102588 -1.2319913
111 505.3563 231.82728 0.55966135 -0.1037204 -0.12923768 25 0 289 1.2515769 -0.24364387
112 194.34602 237.76809 0.59118132 0.27503308 -0.10821032 25 0 758 2.0401426 -0.77415133
113 254.43107 238.68151 0.61027671 -0.21997692 -0.11455926 25 0 778 2.0899346 -0.80033176
114 445.30299 241.26397 0.67305111 0.55281127 -0.069285657 25 0 1840 5.1898124 -1.7878792
115 44.572665 242.15413 0.619246 0.40650747 0.11102061 25 0 463 1.4424311 -0.39773768
116 217.95721 255.34345 0.67454614 0.39184463 -0.007761802 25 0 5440 15.151567 -2.9511438
117 442.26638 254.64729 0.59833345 0.12871928 -0.034813937 25 0 6780 20.279664 -3.2676519
118 280.04507 257.61596 0.60295739 0.08627857 0.0066489187 25 0 527 1.443062 -0.39821251
119 118.87275 265.70972 0.6484939 0.2478185 -0.024313011 25 0 472 1.2599422 -0.25087658
120 47.274326 276.17616 0.71952715 0.37458706 -0.10718372 25 0 1763 4.823612 -1.7084309
121 61.496934 285.35134 0.68474226 0.58259994 -0.021137321 25 0 787 2.0130536 -0.75963833
122 361.82916 287.51005 0.59309598 0.57092855 0.029333852 25 0 4991 14.944413 -2.9361972
123 174.61616 288.90875 0.6049346 0.21132502 -0.23214448 25 0 864 2.3854154 -0.94391005
124 53.043515 290.36942 0.68828548 0.53088436 0.074025606 25 0 1417 3.8206743 -1.45535
125 81.333251 290.08863 0.73124797 0.24606196 -0.12183603 25 0 1407 3.6755082 -1.4132935
126 336.14336 292.33464 0.63537333 0.56409863 -0.11945277 25 0 430 1.2742668 -0.26315088
127 467.54773 292.44286 0.67942621 0.75647191 0.027526586 25 0 599 1.9486121 -0.72431347
128 5.7352297 295.37486 0.55164398 0.53625057 0.10427008 25 0 438 1.2750045 -0.26377932
129 150.37302 299.72294 0.61893131 -0.13169143 -0.14207319 25 0 514 1.3544672 -0.32942123
130 64.862067 305.87238 0.68418119 0.42599534 -0.10467354 25 0 1484 4.0613835 -1.521685
131 412.58106 305.87341 0.69319406 0.92049651 0.16804515 25 0 352 1.0488873 -0.051822095
132 208.2561 311.38014 0.64588401 0.46527027 -0.24806955 25 0 827 2.0692994 -0.78955833
133 440.2498 311.20319 0.65165572 0.40540992 -0.11593997 25 0 1032 3.1255465 -1.2373149
134 127.66527 316.11844 0.68629071 0.30618035 -0.30509049 25 0 3450 9.3927013 -2.4319763
135 3.5915207 317.89138 0.72297262 0.35719888 -0.14447695 25 0 2462 6.5679228 -2.0435701
136 49.718004 320.1093 0.68177319 -0.0019316934 -0.32723868 25 0 405 1.0234727 -0.025190683
137 319.72562 327.8012 0.69302709 0.34965991 -0.065327601 25 0 581 1.5607559 -0.48333743
138 10.128791 335.0736 0.75156089 0.37655338 -0.070259394 25 0 5787 15.502769 -2.9760232
139 277.23802 334.98096 0.69571202 0.12907256 -0.19278411 25 0 594 1.6054593 -0.51399826
140 370.00143 335.42123 0.65346192 0.048733574 0.050678808 25 0 493 1.4212264 -0.38165813
141 20.382269 336.03508 0.74115476 0.24991739 -0.15278731 25 0 14259 38.194626 -3.9550057
142 66.617426 337.21392 0.63749089 -0.2423409 -0.11372873 25 0 1014 2.7485569 -1.0977618
143 253.41768 336.70222 0.65842275 0.64135886 -0.091052609 25 0 806 2.206364 -0.85919291
144 478.58209 342.93686 0.52147458 0.4909876 0.13331111 25 0 700 2.3726139 -0.93806767
145 350.40374 348.98598 0.65292303 0.23813788 -0.20216866 25 0 746 2.1885985 -0.85041524
146 229.55343 352.75539 0.6645353 0.51477396 -0.15349405 25 0 5282 14.77235 -2.923624
147 371.59195 354.14324 0.68515834 0.36861188 -0.13969883 25 0 1024 2.8248169 -1.1274758
148 1.8930947 355.55372 0.58794223 0.14953453 0.15414322 25 0 470 1.3247632 -0.30534566
149 11.718308 355.05756 0.74003865 -0.11334658 -0.078152909 25 0 963 2.5701537 -1.0248977
150 483.0682 354.93757 0.56891229 -0.15781686 0.097242923 25 0 249 1.0288023 -0.03082984
151 288.44563 356.7413 0.6328123 0.53863326 -0.21968603 25 0 22701 64.505397 -4.5239901
152 11.902704 358.9371 0.79552244 0.043872712 -0.079415084 25 0 1666 4.246594 -1.5701018
153 12.964405 362.13672 0.58863942 -0.085068904 0.35577943 25 0 492 1.4367911 -0.3934841
154 404.41154 363.75551 0.61732025 -0.075733507 -0.16552584 25 0 1830 5.6697086 -1.8839018
155 215.86931 365.75421 0.6364884 0.31669005 -0.067461415 25 0 1670 4.8047425 -1.7041753
156 267.90532 366.94893 0.68193747 0.25136155 -0.14806656 25 0 2998 8.5066079 -2.324391
157 85.501541 368.4605 0.69274474 0.73397206 -0.079177062 25 0 4630 12.451215 -2.7380293
158 417.46404 368.09577 0.66908032 -0.083662112 -0.19524024 25 0 1038 2.9809157 -1.1858742
159 128.71973 369.30665 0.63760937 -0.16086658 -0.10945208 25 0 564 1.593802 -0.50608595
160 489.28989 370.10157 0.69213023 0.25950792 -0.13088162 25 0 9569 27.116782 -3.5830954
161 12.750586 371.49115 0.49727943 0.70589818 -0.06341695 25 0 404 1.2886416 -0.27533033
162 355.74374 381.31157 0.64642891 0.068532901 -0.078901839 25 0 3379 9.8521747 -2.4838303
163 64.709509 382.6368 0.71986773 0.60189834 -0.043695411 25 0 3860 10.261632 -2.5280411
164 110.50157 384.34453 0.65877017 0.041350854 -0.17833608 25 0 593 1.6228069 -0.52566714
165 217.27238 385.72252 0.67488156 -0.079433487 -0.21608662 25 0 597 1.5868181 -0.50131783
166 473.73814 386.55345 0.67042281 -0.85940074 0.13173483 25 0 495 1.5197963 -0.45446343
167 89.986898 387.34006 0.62285512 0.54111154 0.016051141 25 0 429 1.1560722 -0.1574624
168 258.86241 386.38025 0.55032371 -0.15863714 0.088704543 25 0 293 1.0129252 -0.013943461
169 134.37064 388.49233 0.61747922 0.74559726 -0.078724882 25 0 1273 3.7180023 -1.4257741
170 474.50932 390.10965 0.63917876 -0.047976801 -0.22241434 25 0 1900 5.6998997 -1.889668
171 445.27236 390.44644 0.56709365 0.044386478 0.016954056 25 0 2006 6.3611087 -2.008832
172 50.000191 393.51524 0.7578773 0.68989449 0.092163245 25 0 563 1.3403362 -0.31803433
173 236.45365 398.46098 0.62386092 0.70540542 -0.090249951 25 0 6846 19.737988 -3.2382572
174 366.87163 400.44024 0.56830216 0.20062194 -0.0047104758 25 0 641 2.1084764 -0.80992188
175 402.59921 405.50193 0.53459916 0.48432553 -0.16460885 25 0 362 1.4152567 -0.37708803
176 265.49001 406.04311 0.63494724 0.64142023 -0.22644955 25 0 659 1.8621395 -0.67503052
177 281.06454 409.17944 0.73451493 0.63393703 0.013647202 25 0 376 1.0859752 -0.089549736
178 262.93905 409.58661 0.64108928 0.5173551 -0.039605298 25 0 1877 5.352298 -1.8213507
179 484.47681 409.83721 0.67801544 0.56937671 0.017046485 25 0 354 1.1618595 -0.162884
180 94.951799 415.01212 0.81591278 0.47024785 -0.032933134 25 0 1140 2.8259093 -1.1278955
181 118.92009 416.53527 0.62942714 0.3510156 0.078945512 25 0 2100 6.070519 -1.9580646
182 294.94819 426.45115 0.53833706 0.90047759 0.10615928 25 0 305 1.1044855 -0.10790001
183 143.15683 435.41881 0.65932166 0.3767474 0.036447565 25 0 1040 2.9367644 -1.1696728
184 169.76925 434.42946 0.63581377 0.79880144 0.079988003 25 0 2014 5.7774566 -1.9043417
185 243.06919 437.78218 0.68553091 0.40982405 -0.060388019 25 0 1142 3.2513801 -1.2801693
186 502.04396 437.44612 0.32643771 0.27168225 -0.037732686 25 0 58583 195.2806 -5.7266477
187 355.54889 439.58265 0.62698944 0.62411415 -0.09559351 25 0 2812 8.2662664 -2.2932735
188 256.02844 442.19899 0.65466421 -0.15353577 0.013406474 25 0 1120 3.1628838 -1.2502081
189 25.2735 442.87914 0.82108787 0.76368889 -0.12643782 25 0 403 1.0282788 -0.03027717
190 102.14572 444.19312 0.75703412 0.39425802 -0.08803745 25 0 16750 44.605319 -4.1234666
191 473.95299 451.07175 0.70309074 -0.017462568 0.030074878 25 0 249 1.0030085 -0.0032615566
192 488.13011 454.05308 0.73276389 0.12704872 -0.13669235 25 0 2416 6.941783 -2.1036776
193 322.08219 457.84759 0.63998243 0.089915291 -0.16243545 25 0 709 2.395705 -0.94858333
194 446.22189 458.8326 0.65769239 0.47772217 -0.12883405 25 0 372 1.3822739 -0.35148531
195 373.15271 462.71454 0.6793088 0.11883383 -0.081872041 25 0 1351 3.998763 -1.5048142
196 67.292181 463.84132 0.71755097 0.17122311 -0.12313322 25 0 6521 18.027988 -3.1398681
197 160.17082 464.95945 0.77376009 0.17900218 -0.080227071 25 0 1407 3.7096196 -1.4233234
198 438.63439 466.41427 0.48818826 0.00090538437 -0.07815087 25 0 58507 187.56618 -5.6828863
199 56.339441 469.03364 0.76991715 0.22483707 -0.0032129348 25 0 386 1.0628457 -0.066175559
200 221.93243 472.97666 0.75430495 0.25277945 -0.12053561 25 0 5990 16.193861 -3.023376
201 439.88263 474.03435 0.74192168 0.52534512 -0.14637534 25 0 430 1.2973929 -0.28267877
202 353.72511 474.66197 0.73750328 0.3439853 -0.15784547 25 0 548 1.4783855 -0.4244692
203 272.00927 476.27456 0.68445388 0.24749351 -0.09908153 25 0 3270 9.3220223 -2.4237753
204 125.15062 476.76037 0.64238322 0.30978138 -0.14228554 25 0 414 1.2815657 -0.26935218
205 349.44525 481.54111 0.53571659 0.1984137 -0.12265298 25 0 323 1.2185269 -0.2145878
206 149.94315 482.33421 0.70764118 0.17206013 -0.12745948 25 0 925 2.5632879 -1.0219935
207 74.877492 487.69976 0.72774583 0.21058804 -0.090011562 25 0 1165 3.2059878 -1.2649047
208 250.94706 497.23724 0.87194521 -0.031761741 -0.24941802 25 0 458 1.1358803 -0.13833145
209 161.17951 501.3151 0.66147452 0.54704632 0.12390449 25 0 344 1.0111997 -0.012092334
210 78.194276 502.56843 0.64613391 0.95944453 0.39463145 25 0 321 1.0198761 -0.021368522
211 127.04084 504.30719 0.7282383 -0.041640142 0.080573529 25 0 716 2.0342343 -0.77100241
212 172.30618 504.60459 0.63652044 0.44396861 0.068169077 25 0 453 1.3121753 -0.29497968
213 127.93596 508.08404 0.74386075 0.0082556779 -0.15384598 25 0 862 2.2622994 -0.88637522
