id xcentroid ycentroid sharpness roundness1 roundness2 npix sky peak flux mag
1 339.37126 0.063939772 0.88870636 -0.49306677 -0.65633368 25 0 3912 8.2025315 -2.2848698
2 491.08728 -0.015341989 0.80844311 -0.18067133 -0.27586199 25 0 1133 2.8423288 -1.1341858
3 435.90558 2.7530877 0.60289521 -0.013162272 -0.33458811 25 0 1658 4.8064954 -1.7045713
4 41.518791 3.6894446 0.66845176 -0.66330052 -0.42553007 25 0 5020 11.980133 -2.6961541
5 302.78813 19.922935 0.60948031 -0.2261439 -0.34073113 25 0 643 1.8517931 -0.66898116
6 311.97062 22.220639 0.53206778 -0.068607517 -0.054446648 25 0 289 1.1065599 -0.10993736
7 434.32703 23.417501 0.64455254 -0.11100862 -0.3903904 25 0 360 1.3064846 -0.29026077
8 114.73079 26.944351 0.48877663 -0.36547268 -0.60819369 25 0 399 1.4603962 -0.4111767
9 29.977931 28.879195 0.62405535 -0.23125526 -0.36022802 25 0 13439 35.442543 -3.8738122
10 340.46664 28.443024 0.52170175 -0.45795312 -0.29719491 25 0 510 1.6431892 -0.53921892
11 413.90338 31.784935 0.62332948 -0.12137986 -0.37459042 25 0 581 1.78865 -0.63131339
12 472.8948 31.828398 0.62596193 -0.058733679 -0.26126814 25 0 25331 65.934882 -4.5477881
13 359.45876 50.134275 0.66691725 0.0037082843 -0.264168 25 0 524 1.4198639 -0.38061676
14 459.05371 50.294577 0.56497455 -0.0066921842 -0.35392364 25 0 223 1.0762814 -0.079814612
15 132.17329 52.551753 0.51159997 0.099484825 -0.3282073 25 0 340 1.075002 -0.078523214
16 119.05098 56.690568 0.59370884 -0.13357015 -0.45440592 25 0 492 1.3597131 -0.33361823
17 191.98856 57.711706 0.54721455 -0.38125335 -0.3818358 25 0 1016 2.7701174 -1.1062455
18 211.43547 58.463855 0.44797074 0.2435943 -0.36861516 25 0 1443 4.0113533 -1.5082273
19 352.15665 59.857481 0.58021445 -0.19301989 -0.38088933 25 0 452 1.3904038 -0.35785239
20 71.912307 60.88666 0.60808299 -0.4640426 -0.35235495 25 0 434 1.2376623 -0.2315054
21 330.03957 60.738438 0.3213705 -0.11109893 -0.24095416 25 0 58530 187.04479 -5.679864
22 116.74692 62.823442 0.56343842 -0.16841015 -0.41651755 25 0 4463 12.085615 -2.7056719
23 405.48397 64.577405 0.57757923 -0.37351495 -0.17096926 25 0 700 1.9684425 -0.73530685
24 299.54121 71.340433 0.59039193 -0.54175577 -0.35898745 25 0 1260 3.1463771 -1.2445269
25 476.02692 70.531519 0.53989801 -0.092810823 -0.1860083 25 0 610 2.101816 -0.80648674
26 448.70519 78.175454 0.62257301 -0.23427629 -0.40685881 25 0 1358 3.7184436 -1.425903
27 507.14714 80.455808 0.56987095 -0.10810606 -0.053597436 25 0 2632 7.3220055 -2.1615751
28 59.876505 83.370438 0.54206669 -0.17522869 -0.14817727 25 0 334 1.0348868 -0.037232072
29 36.9548 83.693867 0.45956494 -0.085641602 -0.32652635 25 0 469 1.6356757 -0.53424301
30 3.2399132 85.629165 0.47427971 0.38597336 0.071852252 25 0 293 1.0382306 -0.040734546
31 438.26612 85.056728 0.70750007 -0.1905502 -0.31883855 25 0 1633 4.2430032 -1.5691834
32 476.83018 85.820268 0.70282837 -0.38142057 -0.39184549 25 0 313 1.0610625 -0.064352371
33 423.46625 86.618261 0.50462272 0.097022321 -0.2183111 25 0 340 1.1949906 -0.19341118
34 61.152154 88.601397 0.60414775 -0.39874357 -0.28822625 25 0 1352 3.5000337 -1.3601806
35 474.0488 93.650607 0.59402329 0.094652835 -0.14365836 25 0 784 2.2997181 -0.90418651
36 356.00873 97.462695 0.50614809 -0.0094270305 -0.095375275 25 0 2489 7.0000356 -2.1127506
37 125.0258 100.62957 0.50982657 0.066875201 -0.01001041 25 0 438 1.2011969 -0.19903551
38 97.577583 104.14698 0.72801671 0.094591829 -0.56298923 25 0 590 1.3502699 -0.32605145
39 496.50011 104.58419 0.6193999 -0.55383018 -0.21509073 25 0 17446 43.160321 -4.0877117
40 160.3157 111.00855 0.54384864 -0.40332636 -0.78498634 25 0 444 1.0819261 -0.08549395
41 289.10173 111.79127 0.51832507 -0.33259625 -0.35146266 25 0 1026 2.8092873 -1.1214904
42 292.97556 113.52452 0.52499201 -0.41000208 -0.27080212 25 0 1127 2.8787821 -1.148022
43 191.19206 114.56966 0.59461123 0.14891248 -0.15915596 25 0 1461 3.4863738 -1.3559349
44 59.070924 118.54721 0.58030223 -0.18652472 -0.14568368 25 0 3282 8.3396064 -2.3028639
45 121.20855 118.25049 0.65427612 -0.46830946 -0.41805703 25 0 452 1.0228704 -0.024551479
46 494.75788 124.44624 0.5005113 0.28966003 -0.023758547 25 0 1510 4.6173444 -1.6609807
47 337.65552 130.00443 0.53527395 -0.23965267 -0.55680494 25 0 489 1.3133113 -0.29591918
48 224.32513 131.72833 0.63436326 -0.40575492 -0.3115205 25 0 15493 37.81653 -3.9442042
49 241.68648 131.88748 0.56193787 -0.063450845 -0.51189377 25 0 945 2.2637353 -0.88706411
50 251.76759 133.21567 0.60044205 -0.46993496 -0.34878475 25 0 1724 4.2810142 -1.5788667
51 308.51771 133.03966 0.70402377 -0.46750229 -0.54358619 25 0 1084 2.3812224 -0.94199992
52 103.28723 135.17497 0.63760915 0.15171541 -0.34091245 25 0 511 1.1664826 -0.16719569
53 203.83568 134.92613 0.61729909 -0.36247625 -0.44250209 25 0 557 1.2647832 -0.25504022
54 453.70538 134.73391 0.58737841 -0.09144961 -0.2374309 25 0 363 1.2600927 -0.25100626
55 56.1972 136.65082 0.51992666 -0.44019982 -0.18689314 25 0 437 1.2510884 -0.24322003
56 155.67327 138.36489 0.57644805 -0.55784454 -0.33313968 25 0 1662 3.9449235 -1.4900965
57 179.51724 143.84985 0.55290975 -0.17972333 -0.52329044 25 0 1526 3.9333785 -1.4869143
58 11.001181 145.21338 0.62198294 -0.39378956 -0.35908311 25 0 1122 2.98628 -1.1878263
59 257.01676 147.11165 0.64358491 -0.0044463351 -0.3866291 25 0 522 1.1887344 -0.18771208
60 399.50289 155.58879 0.53919937 -0.60694957 -0.23069368 25 0 8537 21.958955 -3.3540292
61 302.44821 160.99176 0.70085303 -0.29213963 -0.43921188 25 0 2910 6.5480584 -2.0402814
62 18.181012 161.50527 0.5946736 -0.17860469 -0.12411564 25 0 668 1.7731945 -0.62189094
63 1.3368706 165.59798 0.49141932 0.40452176 -0.093595097 25 0 475 1.383881 -0.35274686
64 487.79533 167.58658 0.52278566 0.081701037 -0.18148696 25 0 6014 17.0712 -3.0806601
65 389.55939 177.08286 0.72625187 -0.23569499 -0.48029672 25 0 48909 108.70049 -5.0905788
66 428.90901 180.57079 0.49317149 0.66260832 -0.040461773 25 0 386 1.351524 -0.32705941
67 157.03038 184.11719 0.62116991 -0.21332393 -0.27775844 25 0 627 1.342012 -0.31939098
68 229.52829 189.27002 0.68873136 -0.000532106 -0.46939711 25 0 1677 3.59678 -1.3897847
69 481.84021 188.9919 0.60282264 -0.19834365 -0.32149818 25 0 5951 15.886991 -3.0026041
70 167.51342 189.91431 0.56448006 -0.3887466 -0.57726598 25 0 884 2.1765044 -0.84439889
71 156.16229 192.42774 0.44398565 -0.34833315 -0.11906288 25 0 1202 3.2735686 -1.2875536
72 20.245974 198.39397 0.69890627 0.31615647 -0.081903746 25 0 743 1.771563 -0.62089152
73 118.41647 198.50868 0.62495272 0.48990018 -0.19989116 25 0 1510 3.4427036 -1.3422491
74 424.72367 198.16206 0.60185751 -0.39667806 -0.3789939 25 0 2537 6.753587 -2.0738363
75 414.64233 200.43939 0.52938962 0.58284217 -0.20928905 25 0 440 1.4189132 -0.37988954
76 486.53179 200.07736 0.72776949 -0.39109054 -0.37366384 25 0 709 1.8736152 -0.68170101
77 230.32662 201.39848 0.53396733 -0.061203092 -0.30618628 25 0 967 2.3833292 -0.94296008
78 425.22487 203.24227 0.69590839 -0.38454136 -0.41101727 25 0 880 2.2062325 -0.85912821
79 192.81575 204.07289 0.6884262 -0.081145503 -0.5483462 25 0 758 1.5940937 -0.50628464
80 75.091338 204.95806 0.61099788 -0.24151268 -0.37666397 25 0 37860 98.836528 -4.9872937
81 458.47338 215.16937 0.57349288 -0.22605889 -0.4605667 25 0 480 1.6027129 -0.51213935
82 171.54599 217.03519 0.60759689 -0.29431152 -0.5037089 25 0 601 1.3850576 -0.35366957
83 70.226108 219.15625 0.60234259 0.026537818 -0.28742416 25 0 555 1.2686291 -0.25833667
84 511.04576 219.02524 0.90422789 -0.77512511 -0.10806806 25 0 443 1.0727689 -0.07626548
85 473.03403 221.18817 0.62906147 -0.31043778 -0.45118358 25 0 515 1.5041614 -0.44323607
86 506.29208 224.94349 0.69247775 -0.22391206 -0.29121698 25 0 3196 7.8852711 -2.2420416
87 429.16076 231.11412 0.64014174 -0.034146908 -0.24493397 25 0 1042 2.7682442 -1.105511
88 329.85336 233.06422 0.57184789 -0.17273844 -0.34112181 25 0 1413 3.759256 -1.4377548
89 259.93723 235.04526 0.70362506 -0.29937837 -0.44377454 25 0 853 1.8722588 -0.6809147
90 154.11665 236.34709 0.53320704 -0.18086003 -0.32601603 25 0 872 2.1512019 -0.83170291
91 482.94767 239.86878 0.60445317 -0.13077903 -0.26833179 25 0 4328 11.561081 -2.6574961
92 243.33976 241.72175 0.64640001 -0.39628995 -0.25670502 25 0 2818 6.6022406 -2.0492284
93 355.54293 244.03609 0.59461389 -0.31804744 -0.46983297 25 0 4043 10.457254 -2.5485441
94 425.71563 244.91152 0.57142239 -0.19821028 -0.34042415 25 0 12407 33.413581 -3.8098076
95 330.55503 246.29048 0.62956431 -0.49395393 -0.40030415 25 0 1002 2.4837245 -0.98775853
96 183.76268 252.39605 0.39096321 -0.25652068 -0.23305698 25 0 530 1.4385526 -0.39481436
97 244.02276 253.51746 0.54668619 -0.21716577 -0.18433259 25 0 696 1.6872428 -0.56794394
98 434.94214 256.44154 0.62381573 -0.2663834 -0.16713127 25 0 1625 4.1266836 -1.5390029
99 207.48348 269.99743 0.71088235 -0.27660204 -0.42289583 25 0 4930 11.005921 -2.604066
100 431.77316 269.85621 0.57138816 -0.19390511 -0.3402626 25 0 6456 17.298786 -3.095039
101 36.85004 290.46255 0.53020543 -0.16706692 -0.19705171 25 0 1155 3.0427534 -1.2081669
102 51.122236 299.75026 0.62646029 0.0081685986 -0.31398298 25 0 722 1.6259052 -0.52773807
103 351.35468 302.448 0.55229906 -0.61978256 -0.13769945 25 0 4276 11.109469 -2.6142333
104 164.05973 303.65314 0.46019416 -0.062566991 -0.29907278 25 0 712 1.8541849 -0.67038261
105 42.516534 304.68136 0.49528796 0.071485538 -0.38129916 25 0 947 2.5104369 -0.99937328
106 70.894041 304.50553 0.43807726 0.080139582 -0.30367083 25 0 841 2.3267284 -0.91686424
107 456.99567 307.45585 0.58529744 -0.22060493 0.0028478149 25 0 500 1.4871525 -0.43088876
108 139.80799 314.14058 0.64621209 -0.34595533 -0.51412801 25 0 523 1.0741673 -0.077679844
109 54.305757 320.18498 0.72556746 -0.15969684 -0.40805966 25 0 1339 3.0227484 -1.201005
110 402.11201 320.55748 0.66472683 -0.42196084 0.057488708 25 0 382 1.0675926 -0.071013927
111 197.81194 326.06295 0.5923986 -0.27464548 -0.29708065 25 0 832 1.9356479 -0.7170659
112 429.75306 326.3325 0.64976872 -0.45078234 -0.28319187 25 0 913 2.2881961 -0.8987331
113 116.95448 330.62986 0.5285854 -0.14297207 -0.26805236 25 0 2812 7.6269544 -2.2058779
114 309.36088 342.67798 0.57595799 -0.80667343 -0.27313588 25 0 478 1.1058818 -0.10927181
115 0.28267048 349.43568 0.83215802 0.32060729 0.26655006 25 0 3735 8.2701065 -2.2937778
116 9.8376299 350.30933 0.62483859 -0.27901017 -0.26962437 25 0 11237 28.65757 -3.6430984
117 266.72225 349.97786 0.46773316 0.22751775 -0.42734133 25 0 461 1.251047 -0.24318404
118 242.93441 351.49956 0.61713658 -0.19912042 -0.23445424 25 0 762 1.7241485 -0.59143667
119 56.102122 351.48853 0.57404778 -0.10081804 -0.23475311 25 0 790 1.8761967 -0.68319592
120 467.91425 358.14397 0.58204044 0.24973392 0.11739555 25 0 802 2.1840002 -0.84813166
121 238.85053 361.07974 0.69121808 -0.78732644 -0.38668611 25 0 466 1.0345079 -0.036834537
122 339.85539 364.05923 0.62786806 -0.16260066 -0.35129234 25 0 721 1.8150916 -0.6472464
123 218.95772 367.51373 0.55498047 -0.14459571 -0.19605575 25 0 4223 10.870798 -2.5906536
124 1.0204435 369.27411 0.65647389 -0.54386753 -0.17952433 25 0 844 2.0891908 -0.79994526
125 361.11321 369.14975 0.56474591 -0.14475374 -0.27746595 25 0 976 2.8093691 -1.121522
126 277.86258 371.54102 0.51216857 -0.048786732 -0.23303479 25 0 19233 52.511282 -4.3006316
127 1.2861545 373.2003 0.70264297 -0.33111637 -0.17265264 25 0 1380 3.2554169 -1.2815165
128 393.82865 378.79498 0.58658474 -0.095103957 -0.28965946 25 0 1640 4.2830987 -1.5793952
129 205.21916 380.47527 0.54700428 0.082834451 -0.2465734 25 0 1316 3.3382174 -1.3087865
130 257.32774 381.77974 0.67046001 -0.43592594 -0.33264386 25 0 2605 6.0706234 -1.9580832
131 74.874124 382.85711 0.59397098 -0.18500802 -0.36534845 25 0 4614 12.10443 -2.7073608
132 407.02671 383.09054 0.56439722 -0.32113432 -0.45016099 25 0 1006 2.9472961 -1.1735594
133 117.84678 383.78112 0.70629574 -0.60768349 -0.6299724 25 0 556 1.1784786 -0.17830425
134 478.67349 385.26512 0.64205618 -0.53110071 -0.3108114 25 0 7969 20.030935 -3.254253
135 1.98435 385.7431 0.69511404 -0.24740417 -0.3971957 25 0 467 1.0598591 -0.063120375
136 345.23728 396.2175 0.62954396 -0.21743638 -0.34517343 25 0 3188 8.0742285 -2.2677526
137 54.102849 397.00452 0.65485101 -0.27747853 -0.39752405 25 0 3701 9.3211927 -2.4236787
138 99.78103 398.75823 0.54256382 0.095985069 -0.3399585 25 0 548 1.3468804 -0.32332256
139 206.55756 400.56334 0.46912192 -0.36173839 -0.21282929 25 0 458 1.2146502 -0.21112806
140 463.3073 401.70551 0.73559612 -0.51633884 -0.00041895547 25 0 556 1.3351306 -0.31380934
141 123.78201 403.05911 0.60009339 -0.2235052 -0.43758014 25 0 1375 3.4617404 -1.3482362
142 463.99832 405.28094 0.64830351 -0.34110628 -0.24688734 25 0 1944 5.0053304 -1.7485819
143 434.50205 405.61511 0.49657897 0.15353032 -0.26115502 25 0 1730 4.963854 -1.7395475
144 39.44286 408.01299 0.7647322 -0.38164253 -0.46676113 25 0 593 1.2878017 -0.27462246
145 225.76718 413.25766 0.60401015 -0.38848227 -0.35991036 25 0 6926 17.646351 -3.1166373
146 356.42212 415.45222 0.57563653 0.17795926 -0.24898351 25 0 564 1.532486 -0.4634913
147 254.99117 420.76716 0.50078381 0.083465395 -0.33082528 25 0 581 1.5698643 -0.48965528
148 391.81783 420.61547 0.54163189 -0.022838853 -0.12242131 25 0 402 1.1096736 -0.11298809
149 252.31802 424.48357 0.56623925 0.065716586 -0.27061812 25 0 1497 3.7130033 -1.4243133
150 473.82678 425.04841 0.65318932 -0.038906201 -0.10372346 25 0 453 1.4253957 -0.38483864
151 84.353037 429.467 0.52633354 -0.31321527 -0.040009692 25 0 751 2.0013722 -0.75331968
152 108.29979 430.97472 0.72007565 -0.41728574 -0.41476698 25 0 2384 5.460142 -1.8430098
153 193.96912 448.19137 0.60492215 0.0011467716 -0.13000842 25 0 449 1.1054288 -0.1088269
154 159.11266 449.10188 0.69474688 -0.20151974 -0.40138919 25 0 2358 5.6270006 -1.8756924
155 132.41047 450.00287 0.63383133 -0.022970277 -0.39652265 25 0 944 2.1985541 -0.85534291
156 232.30697 452.49371 0.5541029 -0.3580386 -0.27620509 25 0 807 2.0228601 -0.76491463
157 491.21981 452.67762 0.31825155 -0.39289903 -0.3860638 25 0 58165 162.70008 -5.5284694
158 344.94172 454.57438 0.54051588 -0.21025027 -0.20770595 25 0 2547 6.9668879 -2.1075971
159 245.32157 457.09754 0.68994241 -0.53879622 -0.26474326 25 0 1156 2.7248213 -1.0883451
160 91.398846 458.72175 0.53752707 0.059231171 -0.48272633 25 0 10415 27.781821 -3.6094018
161 477.47695 469.30629 0.59338063 -0.06227778 -0.29512435 25 0 1796 4.9072838 -1.7271029
162 311.37629 472.88299 0.70599051 -0.50561142 -0.55890025 25 0 634 1.521209 -0.45547223
163 56.517896 478.22657 0.62325724 -0.4594175 -0.40501486 25 0 5071 12.82743 -2.7703491
164 362.51928 477.78937 0.73931378 -0.4353486 -0.36445571 25 0 1245 2.8266992 -1.128199
165 149.55622 479.55421 0.65828154 -0.47795939 -0.21440867 25 0 1048 2.3835962 -0.94308171
166 427.92923 481.53667 0.43947578 -0.39749337 -0.23696142 25 0 58192 170.45945 -5.5790527
167 211.26852 487.68949 0.6490395 -0.41997812 -0.26743883 25 0 4707 11.665397 -2.6672488
168 429.18848 489.17934 0.62677538 -0.2096437 -0.19885046 25 0 480 1.2632215 -0.25369879
169 342.86561 489.5844 0.56788845 -0.62143726 -0.37768402 25 0 461 1.3160485 -0.29817973
170 261.32232 491.09065 0.68748999 -0.33705881 -0.4127231 25 0 3245 7.8871005 -2.2422934
171 139.24126 496.95875 0.74019679 -0.1002818 -0.35587113 25 0 927 2.0123092 -0.75923678
172 64.31889 502.14573 0.68755384 -0.044225034 -0.31870257 25 0 1119 2.6552951 -1.060282
