id xcentroid ycentroid sharpness roundness1 roundness2 npix sky peak flux mag
1 312.02192 3.7966803 0.62971124 0.5524234 -0.075666689 25 0 770 2.3646006 -0.93439449
2 320.98132 6.1144167 0.65607691 0.53511708 -0.094726992 25 0 355 1.1560172 -0.1574107
3 443.57634 6.9029201 0.67847273 0.53929 -0.16513342 25 0 369 1.2826896 -0.27030395
4 123.85552 11.22269 0.66203228 0.053155921 0.0460577 25 0 501 1.4134409 -0.37569414
5 349.62491 12.381074 0.63446744 0.79350216 -0.23698279 25 0 689 2.0827992 -0.7966185
6 38.941712 13.149135 0.74008614 0.13716562 -0.076307164 25 0 16493 44.539545 -4.1218644
7 422.88456 15.525836 0.58390726 0.41138436 0.14265294 25 0 570 2.0040643 -0.75477913
8 482.1156 15.308344 0.69099681 0.44226628 -0.061121647 25 0 27302 75.236904 -4.6910773
9 440.19907 16.842608 0.65589159 0.47609197 -0.024122536 25 0 244 1.0509398 -0.053944599
10 368.72361 33.900068 0.59801286 0.39748064 -0.23923147 25 0 539 1.8177269 -0.64882159
11 468.52935 33.938037 0.63525489 0.096212805 -0.43823506 25 0 274 1.1628604 -0.16381897
12 141.17738 36.641749 0.6505563 0.5025292 0.16351008 25 0 416 1.1789544 -0.17874251
13 128.26575 40.654708 0.61505723 -0.10638689 -0.028400204 25 0 542 1.6440429 -0.53978284
14 201.18951 41.839223 0.63037549 0.14739788 -0.1579224 25 0 1220 3.5446149 -1.3739226
15 220.6893 42.681359 0.66428724 0.40734057 -0.063651006 25 0 2363 6.531732 -2.0375709
16 361.23071 43.822472 0.57181361 0.062464933 -0.40129385 25 0 423 1.4355373 -0.39253617
17 80.973581 45.132859 0.78690773 0.21982409 -0.12082295 25 0 658 1.7304804 -0.59541673
18 339.16854 44.64828 0.33196914 0.34294096 -0.10861449 25 0 58853 208.43315 -5.797417
19 125.91474 46.979317 0.70380337 0.24570204 -0.11639878 25 0 5840 16.086371 -3.0161452
20 414.79668 48.202199 0.61781992 0.17340511 -0.12381014 25 0 976 3.0831537 -1.2224879
21 485.25785 54.048929 0.68685076 -0.02749414 -0.24234505 25 0 889 2.8514404 -1.1376607
22 308.83275 55.218065 0.63549276 0.18065443 -0.19181153 25 0 1667 4.8330393 -1.7105508
23 457.90129 61.754288 0.66789241 0.38532767 -0.067628412 25 0 1517 4.4716351 -1.6261659
24 45.034219 62.875405 0.78146486 0.10078204 -0.081218897 25 0 358 1.0079996 -0.0086509176
25 12.16845 65.940228 0.69711823 -0.031200556 0.11755348 25 0 432 1.3956795 -0.36196427
26 46.057953 68.078088 0.70071184 0.13926914 0.028109399 25 0 686 1.9578592 -0.72945364
27 69.18169 67.697965 0.54432239 -0.36126028 -0.15163545 25 0 412 1.4639602 -0.41382317
28 447.61905 68.620723 0.54244404 0.13691881 -0.13515212 25 0 1229 3.9778876 -1.4991313
29 486.25889 69.531333 0.743396 0.91959634 0.18801726 25 0 347 1.0861502 -0.089724677
30 12.38509 69.818152 0.62514391 -0.37311513 -0.14607665 25 0 416 1.3521044 -0.32752556
31 126.99309 69.692171 0.61679247 -0.11357792 -0.17847069 25 0 400 1.1844817 -0.1838209
32 432.64013 70.415008 0.52862404 0.038140143 -0.14750856 25 0 423 1.5158971 -0.45167432
33 70.355176 72.918931 0.6745153 0.078889373 -0.18674388 25 0 1746 5.0074218 -1.7490354
34 483.33246 77.16258 0.69475594 0.57136082 -0.15533993 25 0 984 2.9097233 -1.1596292
35 365.25997 81.364268 0.65104894 0.59089607 -0.071175414 25 0 3373 9.4763431 -2.4416019
36 134.4446 84.716018 0.58445529 -0.1059723 -0.22126214 25 0 443 1.2371452 -0.23105166
37 106.63327 88.253713 0.61692658 -0.13918571 -0.13096466 25 0 595 1.7043205 -0.57887816
38 505.62836 88.101654 0.65871564 0.18325112 -0.1571458 25 0 21752 61.821419 -4.4778474
39 169.59115 95.042073 0.7172407 0.20198571 -0.42296268 25 0 582 1.4582979 -0.40961559
40 298.37304 95.628339 0.54308601 -0.20889391 -0.11019553 25 0 1099 3.2580719 -1.2824017
41 302.26396 97.261029 0.45316312 -0.16829425 0.13966901 25 0 1096 3.6048523 -1.3922187
42 200.51638 98.568171 0.59938476 0.79505433 -0.081886589 25 0 1523 4.2591332 -1.5733031
43 130.25492 102.24092 0.60913029 0.57571273 -0.2600207 25 0 471 1.3275644 -0.307639
44 466.33456 102.20027 0.80236162 0.38817315 -0.19220771 25 0 428 1.259495 -0.25049112
45 68.238951 102.77127 0.63582577 -0.018826966 -0.14688217 25 0 4034 11.642148 -2.6650828
46 311.23422 104.40446 0.71740096 0.60735969 0.014694793 25 0 453 1.1983488 -0.19645808
47 503.92759 108.07553 0.71528967 0.29880848 -0.045654532 25 0 2378 6.7229425 -2.0688985
48 347.00047 113.7383 0.64291607 -0.13492544 -0.20012952 25 0 670 1.9482139 -0.72409159
49 233.54815 115.7994 0.63379507 0.37619657 -0.16344261 25 0 16090 45.627011 -4.1480551
50 251.0068 115.81208 0.65181077 0.37280257 -0.053593537 25 0 1169 3.0708618 -1.2181507
51 261.04795 117.26643 0.65624049 0.16172989 -0.060086854 25 0 1947 5.2918755 -1.8090241
52 317.6666 116.89319 0.60609476 0.29845999 -0.20842441 25 0 1197 3.4702294 -1.3508955
53 112.56105 119.2434 0.618152 -0.1104792 0.20049626 25 0 542 1.5210124 -0.45533187
54 213.23597 118.90825 0.62997073 0.21492144 -0.34952733 25 0 588 1.5738145 -0.49238383
55 462.92427 118.32706 0.55720421 0.40540567 0.074266231 25 0 309 1.2221119 -0.2177774
56 167.41578 120.23748 0.71482093 0.21931366 -0.54204315 25 0 457 1.0152184 -0.016398733
57 65.372695 120.84308 0.68345974 0.067961516 -0.12844183 25 0 581 1.540194 -0.46893859
58 164.9764 122.38829 0.53869096 0.42009233 0.099724178 25 0 1741 5.1987516 -1.7897477
59 492.99126 122.67693 0.69741826 0.4688576 -0.066576358 25 0 309 1.0420089 -0.044678601
60 188.92201 127.91814 0.65912383 0.20407884 -0.15628135 25 0 1963 5.3674434 -1.8244187
61 20.199719 129.51715 0.67523886 0.54203812 0.010911222 25 0 1168 3.2780917 -1.2890528
62 266.48455 131.05992 0.63619849 0.083397161 -0.27411858 25 0 534 1.2956906 -0.28125329
63 408.86021 139.15034 0.66123075 0.181787 -0.14764753 25 0 13120 37.181778 -3.9258254
64 311.64902 144.87748 0.62063245 0.30499343 -0.15589232 25 0 2893 8.2158273 -2.2866283
65 27.446746 145.88621 0.69269393 0.47807989 -0.28585611 25 0 823 2.3133969 -0.91062538
66 10.578969 149.8698 0.77742952 0.45411533 -0.2314184 25 0 677 1.6430361 -0.53911777
67 497.04075 151.11701 0.71425987 0.25484562 -0.099785864 25 0 8762 24.048177 -3.4527054
68 110.24604 159.13313 0.6681211 0.42711357 -0.22285056 25 0 666 1.8272404 -0.65448925
69 398.85532 160.67523 0.61686501 0.44281255 -0.052361655 25 0 49820 144.90345 -5.4026968
70 438.0104 164.09718 0.70092738 0.15270955 -0.066615184 25 0 574 1.7069069 -0.58052462
71 219.23615 164.75923 0.55219227 0.24802697 0.082340104 25 0 563 1.6198464 -0.5236846
72 166.3368 168.26648 0.62729583 0.53242682 -0.16177611 25 0 1096 2.9114602 -1.1602771
73 46.082824 171.9491 0.70606566 -0.12598581 -0.19017363 25 0 460 1.1663265 -0.16705034
74 491.08883 172.44805 0.65108257 0.41760852 0.023276978 25 0 6296 17.912367 -3.1328825
75 238.84196 173.2095 0.64824703 0.11296804 -0.16001623 25 0 2002 5.5004751 -1.8510005
76 359.07742 172.99938 0.6846928 -0.054997568 -0.055597612 25 0 609 1.6250268 -0.52715132
77 177.0112 173.94077 0.6575353 0.062548513 -0.2696635 25 0 1153 3.1164882 -1.2341637
78 426.22651 175.03907 0.60898283 0.1972831 0.10419907 25 0 347 1.1826431 -0.18213428
79 165.40696 176.62633 0.62547947 0.34298139 -0.17553914 25 0 1460 3.882167 -1.4726855
80 434.00632 181.74318 0.60614407 0.25093214 -0.089625731 25 0 2675 8.038845 -2.2629841
81 29.714546 182.59096 0.58960023 0.65859254 -0.051141631 25 0 751 2.3040613 -0.90623508
82 127.7812 182.61948 0.59362863 0.82526608 0.11037773 25 0 1710 4.7327017 -1.6877728
83 423.942 183.928 0.67905153 0.29619185 -0.16964141 25 0 582 1.683742 -0.56568889
84 495.90844 183.45628 0.50687673 0.76048489 0.17595825 25 0 545 1.9146936 -0.70524821
85 239.60141 185.44178 0.62560619 0.7690342 -0.15232693 25 0 1036 2.6700337 -1.0662918
86 434.37252 186.80613 0.60632074 0.16879978 -0.21933252 25 0 760 2.2898197 -0.89950324
87 202.0937 188.12315 0.67959025 0.34242985 -0.21321292 25 0 841 2.0507238 -0.77976791
88 84.420128 189.12981 0.69606468 0.27112322 -0.19732121 25 0 42311 115.72345 -5.1585534
89 134.03472 190.61482 0.56402436 0.70566273 0.24290056 25 0 404 1.0872857 -0.090859207
90 433.40677 194.68813 0.53990383 0.060588912 -0.16415823 25 0 288 1.0228773 -0.024558898
91 467.70644 198.52462 0.45896488 -0.62105856 -0.19035708 25 0 400 1.4925599 -0.4348294
92 180.94641 201.15695 0.6938847 0.11598102 -0.38341017 25 0 660 1.5226218 -0.45648009
93 79.453654 203.17346 0.62088702 0.33065746 -0.12137067 25 0 641 1.8234626 -0.65224212
94 482.47053 204.72948 0.66102597 0.06782244 -0.2549718 25 0 585 1.749958 -0.60756904
95 25.329648 212.33011 0.68825331 0.40049981 -0.22842728 25 0 457 1.1746494 -0.17477068
96 27.340924 213.97402 0.77010846 0.12193985 -0.33471921 25 0 483 1.1324378 -0.13503589
97 438.39821 214.63106 0.60689583 0.62208992 -0.27035842 25 0 927 2.8575522 -1.1399854
98 0.75647692 215.75662 0.72105529 0.42083845 0.049630636 25 0 2090 5.5981677 -1.8701148
99 339.16051 216.82509 0.61134143 0.12209315 -0.09064957 25 0 1517 4.4039985 -1.6096179
100 269.31758 218.91502 0.66382859 0.10950662 -0.26522832 25 0 806 2.0972711 -0.80413646
101 163.57719 220.36037 0.62743136 0.90053858 -0.096364948 25 0 958 2.4720353 -0.98263667
102 492.3088 223.26668 0.6705633 0.38764055 -0.12370521 25 0 4647 13.11798 -2.7946674
103 252.75672 225.73448 0.62121467 0.48892681 -0.091997717 25 0 2708 7.5652767 -2.197062
104 364.97949 227.76616 0.62820628 0.30270068 -0.091169719 25 0 4482 13.002312 -2.7850514
105 435.06969 228.46061 0.60727362 0.37936565 0.0098331654 25 0 12691 36.927852 -3.9183851
106 339.9055 230.09283 0.66893781 0.22937595 -0.14784536 25 0 1187 3.1840398 -1.2574462
107 193.29761 236.45042 0.59284456 0.59950784 0.038509257 25 0 742 2.0287293 -0.76806028
108 253.33247 237.53178 0.55107214 0.62149015 -0.06993364 25 0 695 1.8858521 -0.68876908
109 444.3129 239.91601 0.64758133 0.15957615 -0.1402146 25 0 1967 5.7667413 -1.9023262
110 43.694239 240.79249 0.69224992 0.47247314 -0.031241742 25 0 408 1.0459701 -0.048798161
111 441.14725 253.37663 0.63279026 0.41695488 -0.04862008 25 0 7050 20.152493 -3.2608219
112 216.96928 254.00819 0.63924634 0.23151748 -0.15875166 25 0 5385 15.387954 -2.9679522
113 278.88521 256.42186 0.59496864 0.0078813568 -0.0024254988 25 0 421 1.0618359 -0.065143464
114 344.69417 262.70646 0.40675711 -0.49491524 -0.49179874 25 0 292 1.0962603 -0.099784196
115 46.231596 274.84374 0.67253942 0.30461547 -0.050256034 25 0 1698 4.7808678 -1.6987668
116 228.60608 282.90342 0.67335879 0.094488951 -0.073767063 25 0 435 1.0517612 -0.054792861
117 60.566606 284.01517 0.64829347 0.085428374 -0.25658973 25 0 760 2.0506119 -0.77970869
118 360.7537 286.22191 0.63980622 0.079047972 -0.11320315 25 0 5478 15.619835 -2.9841911
119 173.40068 287.62045 0.55930601 0.71260144 -0.056080421 25 0 774 2.1492906 -0.83073785
120 52.063697 288.99265 0.73173911 0.23049795 -0.17835293 25 0 1524 3.9394743 -1.4885957
121 80.390131 288.7887 0.67144598 -0.013340326 -0.18663695 25 0 1218 3.1963723 -1.2616434
122 335.18543 290.9612 0.6809673 0.21535763 -0.33246897 25 0 431 1.1761695 -0.17617482
123 466.40816 291.0283 0.66229229 0.28363528 -0.19664758 25 0 693 2.2409072 -0.87605968
124 4.577116 293.86957 0.69797485 0.59186965 -0.20383289 25 0 521 1.3747395 -0.34555102
125 149.45174 298.44162 0.65980917 0.90694772 0.011579062 25 0 542 1.369204 -0.34117042
126 411.62919 304.44102 0.57684022 -0.4761952 -0.21179891 25 0 361 1.1836829 -0.18308841
127 63.846591 304.39348 0.62403746 0.50360163 0.10667208 25 0 1210 3.3118008 -1.3001605
128 207.33604 310.00871 0.64392928 0.15652229 -0.16873441 25 0 916 2.5334295 -1.0092721
129 439.10687 309.87647 0.65357084 0.099522047 -0.0922106 25 0 1044 3.1503257 -1.2458886
130 126.49692 314.80305 0.67005748 0.41944038 -0.21130068 25 0 3352 9.0032862 -2.3860026
131 2.6027904 316.4874 0.70029105 0.7435506 0.014197338 25 0 2193 5.7563186 -1.9003621
132 48.389091 318.80563 0.75892534 0.33324448 -0.13417885 25 0 495 1.1609134 -0.1619996
133 175.96133 324.36136 0.59405355 0.07031142 -0.10808732 25 0 416 1.1699213 -0.17039166
134 318.75296 326.39705 0.52090475 0.74500399 0.11205591 25 0 489 1.5036203 -0.44284542
135 9.1390419 333.77036 0.69957337 0.22392163 -0.058944548 25 0 5310 14.528652 -2.9055633
136 276.23606 333.71719 0.63455257 0.21021472 -0.23406297 25 0 583 1.6169249 -0.52172461
137 368.97107 334.01696 0.60686388 -0.08790154 -0.21354091 25 0 542 1.7335858 -0.59736335
138 19.416097 334.71213 0.63734813 -0.029073388 -0.11842445 25 0 11859 33.96313 -3.8275193
139 252.55286 335.22965 0.61243751 0.36586636 -0.30890343 25 0 837 2.3672163 -0.93559488
140 65.445325 335.8595 0.68907089 -0.028101057 -0.3005939 25 0 1007 2.5675297 -1.0237887
141 477.51282 341.73406 0.68702992 0.90100659 0.25664213 25 0 711 1.9441681 -0.72183454
142 248.61623 345.14981 0.70339499 0.44891825 -0.33871683 25 0 404 1.0172559 -0.018575501
143 349.37827 347.60861 0.57744218 -0.20525574 -0.033864613 25 0 598 1.7898713 -0.63205452
144 228.60561 351.34055 0.62379416 0.59659918 -0.23219085 25 0 4594 12.758535 -2.764502
145 370.53346 352.74901 0.61166391 0.5123129 -0.23690403 25 0 886 2.5796398 -1.0288977
146 1.1058132 354.08447 0.74262547 0.13309181 0.080647748 25 0 603 1.5193404 -0.45413772
147 10.627347 353.76216 0.73089765 0.086259392 -0.05857686 25 0 830 2.0255579 -0.76636168
148 287.497 355.27613 0.62371463 0.44373489 -0.25357246 25 0 23068 65.285437 -4.5370408
149 10.94348 357.46193 0.74347892 0.49130132 0.21568258 25 0 1363 3.3477918 -1.3118961
150 11.997828 360.95156 0.89231636 -0.19514976 0.13203348 25 0 727 1.5121599 -0.44899432
151 403.32737 362.4041 0.59642281 0.4932578 -0.10468144 25 0 1571 4.729962 -1.6871441
152 214.73341 364.3699 0.59434254 0.015773957 -0.15401399 25 0 1398 4.0434691 -1.5168853
153 266.91372 365.54307 0.59266005 0.4281952 -0.0070877533 25 0 2468 7.1945391 -2.1425074
154 84.44981 367.07987 0.68684869 0.17460003 -0.27599116 25 0 5192 14.244811 -2.8841417
155 416.5796 366.67803 0.61699241 -0.37801369 -0.27905419 25 0 906 2.7761871 -1.1086218
156 127.63926 367.76836 0.56215284 0.1674959 -0.064714822 25 0 476 1.4142707 -0.37633138
157 488.23436 368.7437 0.66343317 0.024382923 -0.071108648 25 0 9001 25.675393 -3.5237927
158 11.602366 370.04886 0.66667612 -0.099663144 -0.1925207 25 0 495 1.3703507 -0.34207932
159 354.72276 379.90345 0.63866777 0.2663155 -0.1480414 25 0 3329 9.706533 -2.4676603
160 63.552482 381.29618 0.61680472 -0.072024882 -0.16156375 25 0 3308 9.5185209 -2.4464237
161 109.38248 382.9099 0.79708268 0.054182104 -0.15210253 25 0 671 1.5573725 -0.48098125
162 216.13553 384.29019 0.66558396 0.21354535 -0.19502922 25 0 590 1.5442888 -0.47182129
163 472.75877 385.16564 0.72749747 -0.90994386 0.0076073779 25 0 629 1.8642517 -0.67626139
164 89.204874 386.07305 0.7052822 0.21786976 -0.24202948 25 0 409 1.0592206 -0.062466089
165 133.44123 387.12463 0.66193466 0.37826814 -0.23371814 25 0 1417 3.9107279 -1.480644
166 505.38776 386.79855 0.64370577 0.11312251 -0.095043074 25 0 231 1.0316657 -0.033847455
167 444.15481 389.1835 0.6664108 0.200432 -0.11659185 25 0 2539 7.477838 -2.1844401
168 473.428 388.80802 0.65711019 0.044797279 -0.288698 25 0 1926 5.5912141 -1.8687653
169 48.855702 392.18186 0.8020872 0.37349036 -0.025785405 25 0 759 1.8427367 -0.66365822
170 235.43911 397.10615 0.65904376 0.23318212 -0.25465012 25 0 7735 21.6575 -3.3390208
171 365.86893 399.03078 0.62426866 0.037679036 -0.34215441 25 0 747 2.2506954 -0.8807918
172 401.39168 404.02065 0.62665607 0.25524151 -0.23894929 25 0 473 1.5032917 -0.44260814
173 264.53444 404.65496 0.59865601 0.96410366 0.057255556 25 0 557 1.5990768 -0.50967328
174 261.85193 408.25329 0.63234634 0.18348577 -0.15153351 25 0 1897 5.4111266 -1.8332192
175 483.37188 408.32207 0.39804103 0.12898993 0.37306061 25 0 246 1.2689191 -0.25858488
176 93.836405 413.6919 0.71483707 0.54999088 0.0095027422 25 0 946 2.4724235 -0.98280714
177 117.80851 415.15 0.66997864 0.045341193 -0.16822461 25 0 2338 6.5487805 -2.0404011
178 293.459 425.00384 0.61324749 0.1571767 -0.15786764 25 0 362 1.1140731 -0.11728425
179 168.64194 433.14976 0.65235878 0.039929715 -0.23468194 25 0 2205 6.283994 -1.9955894
180 142.16202 434.05075 0.69273918 0.38304892 -0.10782331 25 0 1182 3.316797 -1.3017972
181 241.91755 436.42161 0.63455402 0.20601731 -0.068700263 25 0 986 2.7701712 -1.1062665
182 500.96849 436.11309 0.23445572 0.33003883 -0.026310494 25 0 58489 218.85136 -5.8503731
183 354.55115 438.22279 0.66292896 0.29472039 -0.29061683 25 0 2937 8.2323859 -2.2888143
184 254.94463 440.86362 0.7123109 -0.35532658 -0.079314572 25 0 1182 3.1557265 -1.2477484
185 101.09796 442.89401 0.7087338 0.17973678 -0.16928974 25 0 15731 43.031499 -4.0844662
186 486.24884 443.31559 0.67214769 -0.32636067 -0.30687874 25 0 249 1.0545638 -0.05768219
187 487.05796 452.73824 0.69686475 0.11120762 -0.0016516842 25 0 2204 6.3393026 -2.0051037
188 320.95585 456.5418 0.58816868 0.40367243 0.067038628 25 0 547 1.7907628 -0.63259517
189 372.04088 461.34784 0.66786229 0.2900558 -0.025455461 25 0 1291 3.7265307 -1.4282618
190 66.219306 462.45816 0.66469338 0.5381239 -0.0042402835 25 0 5427 15.041734 -2.9432447
191 159.12757 463.56855 0.58281097 0.073368192 -0.049003048 25 0 945 2.8179454 -1.1248314
192 437.57153 464.92072 0.49389267 0.23449444 -0.17402955 25 0 58530 185.4954 -5.6708329
193 220.89099 471.55447 0.63386837 0.38836606 -0.019386181 25 0 4594 13.217215 -2.8028499
194 352.41172 473.2323 0.66659492 -0.4160239 -0.18617893 25 0 549 1.679212 -0.56276382
195 438.96288 472.71482 0.66983386 0.17647802 -0.12565013 25 0 379 1.2075577 -0.20476971
196 270.95907 474.87572 0.68423899 0.14516963 -0.12253601 25 0 3334 9.3934879 -2.4320672
197 124.26686 475.56675 0.65330528 -0.17290326 -0.18593273 25 0 407 1.1761722 -0.17617732
198 348.39496 480.0601 0.59652149 0.4477461 -0.12059778 25 0 396 1.4002789 -0.36553637
199 148.88064 481.05622 0.68930633 0.20780522 -0.21890973 25 0 912 2.5227001 -1.0046641
200 73.949444 486.30041 0.6360292 0.24957773 -0.13090141 25 0 999 2.984654 -1.187235
201 250.07831 495.8925 0.75741478 0.56350636 0.12710116 25 0 410 1.0963827 -0.099905404
202 160.03537 500.04675 0.71362659 -0.24643897 -0.3600677 25 0 403 1.0901447 -0.093710362
203 125.881 502.92443 0.76153652 -0.36125674 -0.12871292 25 0 602 1.4848151 -0.42918091
204 171.35535 503.1804 0.66955677 0.2029777 -0.030387531 25 0 502 1.4242809 -0.3839891
205 126.89321 506.75792 0.63125364 0.23912378 -0.1377739 25 0 758 2.2038873 -0.85797344
206 173.29048 510.4017 0.62764475 0.23430208 -0.24480428 25 0 857 2.4524049 -0.97398046
