id xcentroid ycentroid sharpness roundness1 roundness2 npix sky peak flux mag
1 349.2977 0.13774604 0.95474137 -0.32276366 -0.4236912 25 0 697.69924 2.2830013 -0.89626542
2 358.29816 1.7162399 0.98875429 0.4552033 0.084116725 25 0 452.3298 1.2830289 -0.27059109
3 480.77905 2.5170602 0.73157316 0.33703944 0.077030101 25 0 592.72468 2.2331703 -0.87230459
4 7.0405798 7.519677 0.68103454 0.46406861 0.35180775 25 0 922.9118 3.7478168 -1.4344459
5 161.14513 7.034168 0.81046513 -0.028882214 0.15879234 25 0 682.4521 2.4998363 -0.9947789
6 15.373083 7.6609342 0.5950251 -0.19460335 0.22269198 25 0 407.8522 1.6338848 -0.53305359
7 386.8317 8.0497886 0.76441548 -0.052242671 0.085266116 25 0 1030.7478 3.8739601 -1.4703878
8 76.24436 9.1629804 0.72652112 0.067690393 0.068880507 25 0 16845.932 66.204068 -4.5522117
9 23.708632 10.793621 0.71417838 0.10199081 0.071490412 25 0 6411.7111 25.434653 -3.5135645
10 460.27185 11.088407 0.68658248 0.39588798 0.20603268 25 0 887.63673 3.5193169 -1.3661459
11 5.7489347 12.391688 0.74886957 -0.15469575 0.16884741 25 0 4118.4837 15.528278 -2.9778083
12 477.54927 12.705932 0.57357349 0.41634076 0.4215754 25 0 276.22999 1.3620516 -0.33548387
13 385.96877 16.473969 0.81117848 0.5101006 0.28233489 25 0 376.70253 1.3109638 -0.29397676
14 264.67163 26.427294 0.58149621 -0.085971416 0.10810152 25 0 343.08854 1.6173155 -0.52198685
15 327.85076 27.042691 0.68664038 -0.16202613 0.033009279 25 0 272.0291 1.0926506 -0.096203284
16 477.44331 28.999317 0.74406113 -0.10379709 -0.1307867 25 0 281.08002 1.1437379 -0.14581631
17 505.63585 29.745056 0.74565744 0.54501151 0.56595358 25 0 439.96988 1.615059 -0.52047098
18 406.12849 29.494717 0.63154734 0.092500411 0.4454831 25 0 675.67753 3.0011926 -1.1932347
19 178.57213 32.643199 0.48892596 -0.59105208 -0.024664974 25 0 342.54091 1.7627493 -0.61547637
20 165.59103 36.624469 0.60520341 -0.4845919 -0.076855219 25 0 533.66631 2.2975708 -0.90317228
21 238.46959 37.685389 0.63556191 -0.44397897 0.063191756 25 0 1140.9762 4.6915 -1.6782793
22 257.91214 38.473823 0.70279537 0.15891133 0.25246187 25 0 2561.0967 10.074125 -2.5080183
23 471.0176 38.099396 0.77905901 0.04976171 -0.028605513 25 0 381.06088 1.3769457 -0.34729206
24 442.15816 39.974989 0.75098477 -0.22873124 0.18672492 25 0 379.06567 1.5080847 -0.44606433
25 118.2755 41.061928 0.70623608 0.16157448 0.17322453 25 0 658.38548 2.5788645 -1.0285713
26 301.81675 40.923528 0.94169206 0.20355251 0.20058953 25 0 451.62653 1.4008064 -0.36594533
27 376.56994 40.467322 0.5019846 -0.45586933 0.1674791 25 0 58822.847 246.66326 -5.9802612
28 5.0009702 41.881862 0.82562844 0.3469405 0.23667055 25 0 772.06509 2.7124943 -1.0834221
29 163.18624 42.868968 0.74493664 -0.0095111372 0.090901584 25 0 6297.2078 24.388399 -3.4679582
30 206.16322 43.579395 0.69972585 0.081434692 0.29588373 25 0 401.62789 1.607331 -0.51526332
31 452.15641 43.807133 0.78241565 0.084478994 0.070414212 25 0 1366.7592 5.0084246 -1.7492529
32 96.746613 45.264668 0.78554992 -0.19824352 -0.31257258 25 0 415.68394 1.6188244 -0.52299935
33 285.26121 48.158841 0.51121748 0.53657258 -0.23963178 25 0 263.49866 1.3569729 -0.33142795
34 298.82746 49.521104 0.50895741 0.34822044 0.20763942 25 0 284.79745 1.4547899 -0.40700072
35 452.5072 49.44766 0.72985859 -0.15946539 -0.016291179 25 0 333.44009 1.2905926 -0.27697295
36 346.18324 50.945156 0.73186659 0.035025784 0.11239918 25 0 1981.5885 7.8003649 -2.2302873
37 194.08223 55.994655 0.70344563 0.14980988 -0.14769039 25 0 427.95436 1.7847696 -0.62895542
38 495.24046 57.471308 0.61709853 0.31786528 0.19438153 25 0 1551.4109 6.6781144 -2.0616346
39 82.09547 58.947551 0.81944561 -0.15730272 -0.030434817 25 0 393.32485 1.2361411 -0.23017016
40 49.462984 62.162499 0.76925869 -0.40709867 -0.28338725 25 0 468.45776 1.7220213 -0.5900963
41 401.36861 61.91454 0.81870089 -0.056520169 0.2259009 25 0 403.5701 1.4470864 -0.40123617
42 3.3054733 62.956657 0.67817355 0.013406795 0.027078521 25 0 2027.382 8.2465967 -2.2906869
43 83.348511 64.132765 0.61436226 0.17854797 0.072491968 25 0 702.11 3.0357386 -1.2056609
44 106.54155 63.849575 0.58496795 -0.17582186 0.21908898 25 0 439.6489 1.9961459 -0.75048071
45 221.37634 64.181093 0.86714737 -0.31820616 -0.040162205 25 0 369.45158 1.1791258 -0.17890035
46 484.84091 64.385825 0.70387158 0.060408697 0.22397578 25 0 1848.1562 7.2492258 -2.1507291
47 49.695963 66.193752 0.7567529 0.11144438 0.013119942 25 0 605.90703 2.3099783 -0.90901973
48 164.19217 65.436025 0.69825736 -0.27624501 0.32020904 25 0 425.31537 1.6751617 -0.56014182
49 470.09351 66.006666 0.77506693 0.36489049 0.21204261 25 0 889.70632 3.3631759 -1.3168739
50 88.827708 68.279241 0.75699726 -0.66995776 -0.12792495 25 0 319.25564 1.2771726 -0.26562396
51 107.59119 68.915303 0.72162769 -0.19423493 -0.059924 25 0 1841.8977 7.2261255 -2.1472638
52 365.80074 69.976691 0.78139633 -0.21580373 0.14260209 25 0 335.98095 1.1760151 -0.17603226
53 177.05219 71.135473 0.7341296 0.34675418 0.14967376 25 0 281.02346 1.0811061 -0.084670785
54 13.745694 74.588468 0.62684273 0.16482116 0.33233563 25 0 363.92616 1.5966899 -0.50805144
55 6.9478338 77.294097 0.82972045 0.017830367 0.099937367 25 0 989.77793 3.5777397 -1.3840219
56 86.859857 76.850402 0.78169212 -0.1972776 -0.10287118 25 0 294.30618 1.1595207 -0.16069625
57 402.56106 77.062487 0.67687369 0.0255574 -0.025185017 25 0 3674.1514 14.858426 -2.929932
58 22.915312 80.168089 0.77080205 0.16568193 0.29589627 25 0 967.01835 3.6267742 -1.3988013
59 171.55903 80.570471 0.66507484 0.68368724 -0.043072235 25 0 435.26218 1.7515754 -0.60857211
60 487.25616 82.199942 0.78223962 0.2080896 -0.1260526 25 0 359.53848 1.2754228 -0.26413544
61 143.95895 84.277794 0.72769797 0.43616636 0.35256854 25 0 693.62539 2.6912858 -1.0748996
62 196.4972 84.21647 0.61999746 0.26611657 -0.0056512611 25 0 326.7654 1.4533118 -0.40589701
63 206.87539 91.006744 0.70633626 -0.11220245 0.14327481 25 0 572.27419 2.3670314 -0.93551007
64 335.51023 91.461717 0.63316563 -0.50747971 0.00490064 25 0 1136.8652 4.64904 -1.6684082
65 339.45774 93.277006 0.61138618 -0.70600278 -0.16142928 25 0 1449.7531 5.9664578 -1.9392914
66 237.8369 94.505612 0.66030688 0.082710762 0.27986071 25 0 1740.0684 7.0488282 -2.1202923
67 4.0286522 95.051777 0.76455793 0.080618232 0.14284183 25 0 2562.9222 9.8970265 -2.4887618
68 167.58661 98.381445 0.74672777 -0.6838451 0.040424295 25 0 432.84326 1.6167957 -0.52163789
69 503.74135 97.730947 0.67028547 0.7723373 0.064568313 25 0 427.3193 1.7015867 -0.57713522
70 105.53174 98.807897 0.6678385 0.064027609 -0.058311583 25 0 3285.6157 13.15959 -2.7981059
71 114.19486 99.982611 0.48493176 0.1237364 -0.33997162 25 0 219.04077 1.1748091 -0.17491822
72 348.57147 100.0075 0.75108472 0.10675949 -0.030204933 25 0 403.62136 1.443842 -0.39879918
73 38.089079 106.10523 0.59042675 -0.35557695 0.59462629 25 0 230.82576 1.1396187 -0.14189889
74 384.26755 109.35874 0.6751762 0.13400133 0.31259136 25 0 665.68141 2.6210054 -1.0461698
75 270.87455 111.69505 0.705807 0.19908266 0.17422506 25 0 19726.271 78.649239 -4.7392363
76 288.27087 111.72884 0.7194724 -0.012743443 0.18169979 25 0 1222.2097 4.6652081 -1.6721775
77 298.34317 113.09039 0.67930669 0.10014691 -0.018860065 25 0 2061.6382 8.368892 -2.3066699
78 355.02837 112.64353 0.70469126 0.13857731 0.21039504 25 0 1341.4308 5.3030719 -1.8113188
79 500.4801 114.14797 0.53873103 0.1015677 -0.086791085 25 0 404.72512 2.0403262 -0.77424903
80 149.99263 115.15098 0.76510588 -0.54118984 -0.10262935 25 0 542.55385 2.0037647 -0.75461682
81 250.37924 114.87777 0.53038999 0.36612363 0.0047101523 25 0 418.59319 2.0106614 -0.75834737
82 204.73682 116.30967 0.71550565 -0.22460976 0.08582941 25 0 533.74236 2.0236819 -0.76535561
83 102.74112 116.78046 0.66480908 0.36974699 0.16846582 25 0 609.64968 2.564805 -1.0226359
84 202.28186 118.44615 0.61879244 0.49154629 0.1683365 25 0 1917.1372 8.0934012 -2.2703277
85 35.017398 120.29213 0.76530393 -0.12458485 0.1315727 25 0 534.14731 1.909395 -0.70223944
86 226.21916 123.86545 0.6971559 0.032340508 0.15956198 25 0 2032.7149 8.2700549 -2.293771
87 29.888365 126.39286 0.71082466 0.16530476 0.25958354 25 0 453.21586 1.8099 -0.64413645
88 57.444788 125.58514 0.58248689 0.26999599 -0.035718104 25 0 1052.6524 4.6298511 -1.6639176
89 303.65326 126.95155 0.77220392 -0.05152235 -0.15461665 25 0 542.12632 1.9588585 -0.73000764
90 28.163445 135.10405 0.54306373 0.080138843 0.54986262 25 0 209.58142 1.189733 -0.18862382
91 446.23855 134.90105 0.70165339 0.05325597 0.07115778 25 0 14383.368 57.452087 -4.3982645
92 434.7733 138.0819 0.86789221 0.39229128 0.013874263 25 0 373.86236 1.2350452 -0.22920712
93 349.04129 140.61317 0.7015568 0.062433003 0.20685893 25 0 3369.1287 13.313768 -2.8107525
94 64.837423 141.86759 0.71707185 0.014440102 0.069799898 25 0 941.13223 3.8549741 -1.4650537
95 144.66977 143.48888 0.77160862 0.16177749 0.33250928 25 0 338.78569 1.2539291 -0.24568249
96 47.899717 145.86322 0.75310527 0.0643953 0.04730176 25 0 725.64301 2.8784163 -1.147884
97 147.6518 155.2269 0.61753102 -0.36597398 -0.042944193 25 0 387.37549 1.6553397 -0.54721784
98 436.20098 156.5592 0.63936148 0.48489615 0.25773526 25 0 49743.397 203.1202 -5.7693828
99 475.49774 159.79651 0.56887592 -0.16216248 -0.26396128 25 0 555.35409 2.5076989 -0.99818847
100 256.59343 160.83241 0.62344474 0.20193556 0.041819705 25 0 579.43046 2.4832492 -0.98755074
101 203.60564 164.0412 0.68417427 -0.42008915 0.079648097 25 0 651.32281 2.5348925 -1.0098988
102 83.699075 168.11332 0.65180741 -0.058208163 -0.33402563 25 0 425.85648 1.9103035 -0.70275594
103 276.20541 169.11349 0.67763525 0.15159864 0.064857895 25 0 2056.2729 8.4250343 -2.3139292
104 396.63764 168.80499 0.65681649 0.14129639 -0.065343046 25 0 565.58529 2.2508871 -0.88088429
105 214.31097 169.98837 0.69095851 -0.27012208 -0.090673905 25 0 1120.3186 4.5188648 -1.6375734
106 463.45144 170.95128 0.75182445 -0.091554698 -0.52530043 25 0 458.5943 1.8422123 -0.66334919
107 202.79904 172.54502 0.74262247 0.32116024 0.20107855 25 0 1769.3464 6.5092434 -2.0338263
108 5.7916037 177.12875 0.76846005 -0.047046166 0.14184958 25 0 764.74766 2.827097 -1.1283518
109 471.448 177.39166 0.6176671 -0.55589542 0.15895829 25 0 2421.7048 9.9396466 -2.4934274
110 67.056895 178.68676 0.76421204 0.20753784 0.29909658 25 0 913.17756 3.3393629 -1.309159
111 165.13015 178.60582 0.67366329 0.24399263 0.31364342 25 0 1977.6862 7.8164674 -2.2325263
112 461.44056 179.84925 0.68057286 -0.18874454 -0.14181649 25 0 639.18301 2.6174903 -1.0447127
113 40.653945 180.96719 0.53781537 -0.14818785 -0.1552226 25 0 219.02981 1.0802847 -0.083845535
114 276.9516 181.39518 0.69145507 -0.054658474 0.21506304 25 0 1311.8366 5.3258742 -1.8159773
115 280.859 183.80728 0.87142687 -0.30327192 0.32343504 25 0 282.35669 1.0066471 -0.0071930828
116 471.79958 182.36791 0.59119906 0.12393553 0.32881919 25 0 897.60716 3.9454694 -1.4902467
117 239.54265 184.00118 0.66899357 0.085948474 -0.1558375 25 0 772.76778 3.1566279 -1.2480585
118 121.76499 185.22304 0.73244315 -0.096111612 0.11101549 25 0 45267.729 175.20302 -5.608854
119 171.36181 186.47521 0.53829273 0.270332 0.18949956 25 0 355.49328 1.5411721 -0.46962785
120 302.93823 190.04478 0.67632873 -0.15151564 0.2632909 25 0 423.86446 1.759368 -0.61339171
121 470.76974 190.16734 0.51153034 0.45150344 0.37733726 25 0 329.29878 1.5938439 -0.50611448
122 441.75582 192.8681 0.71333539 -0.036266462 0.83915391 25 0 262.50831 1.120491 -0.12352096
123 505.21916 194.41007 0.71138005 0.37034298 0.14003476 25 0 673.12708 2.5989482 -1.0369941
124 399.25757 196.50236 0.61316594 0.45655889 0.32993932 25 0 295.58209 1.1677458 -0.1683708
125 432.39455 195.80947 0.67883962 0.51780945 0.18997117 25 0 336.21941 1.2989581 -0.28398784
126 218.40836 196.93822 0.69636342 0.063787407 -0.11709721 25 0 677.37789 2.6627768 -1.0633369
127 146.57967 197.86313 0.62476538 -0.47252075 0.054011837 25 0 237.88627 1.0783136 -0.081862743
128 248.61736 198.24004 0.89305083 0.0019614116 0.1859192 25 0 381.62651 1.1123476 -0.11560134
129 116.88631 199.28262 0.7223273 0.21266586 0.092819512 25 0 712.88013 2.8115826 -1.1223771
130 456.23732 198.85611 0.63848818 0.1801266 0.43542273 25 0 368.52338 1.6603633 -0.55050782
131 465.87277 202.81258 0.62079244 0.12288937 0.14931297 25 0 288.77806 1.2697123 -0.25926335
132 14.963567 207.27852 0.75393508 0.16360101 0.24345602 25 0 2425.0299 9.2979798 -2.4209715
133 62.545 208.37675 0.54226729 0.16164008 -0.097865171 25 0 322.33701 1.5296882 -0.46150731
134 65.018174 209.71274 0.72039546 0.39139174 0.24182103 25 0 526.881 2.0846948 -0.79760623
135 475.87324 210.42091 0.72753589 0.09728729 0.2641772 25 0 1222.6869 4.7011774 -1.6805166
136 38.113338 211.82479 0.74257638 -0.019718932 0.16310841 25 0 2229.5024 8.6491152 -2.3424292
137 376.6294 212.60345 0.62823489 0.40692977 0.11969429 25 0 1457.767 6.0763617 -1.959109
138 306.75911 214.85279 0.60560626 0.30007491 0.14630234 25 0 841.72824 3.8486096 -1.4632596
139 200.95234 216.29997 0.67718324 0.21303689 0.17123101 25 0 1130.5269 4.5553036 -1.6462933
140 342.47119 216.83333 0.59129514 0.12934973 -0.059477783 25 0 200.45991 1.0147955 -0.015946292
141 270.57964 219.67265 0.69767689 0.39190477 0.43688318 25 0 282.6571 1.0467977 -0.049656919
142 491.23498 219.6547 0.57072063 -0.62793199 -0.088049431 25 0 245.2211 1.1179215 -0.12102824
143 290.16763 221.47747 0.69792364 0.0030714475 0.2406706 25 0 3018.8808 11.890739 -2.6880221
144 35.541392 223.92029 0.72103295 0.24426374 0.098037106 25 0 382.42682 1.5440148 -0.47162862
145 402.52189 223.57394 0.60815391 -0.43717036 0.060490376 25 0 4061.5284 16.951396 -3.0730137
146 472.46627 224.16065 0.67161505 -0.226356 -0.087774954 25 0 14215.882 56.613713 -4.3823041
147 377.53381 225.8936 0.67602902 -0.071002962 -0.08730178 25 0 1163.987 4.6658688 -1.6723313
148 429.62143 227.0307 0.64006403 -0.86251752 0.083806373 25 0 237.34319 1.0612549 -0.064549296
149 202.56468 229.04947 0.52042017 0.038898044 -0.20023111 25 0 194.91053 1.0409056 -0.043528317
150 230.7771 232.45423 0.69865144 -0.25502167 0.18832974 25 0 744.38601 2.8577584 -1.1400638
151 290.655 233.28163 0.72944113 0.13992198 -0.011935137 25 0 866.21078 3.2858369 -1.291615
152 481.77893 235.76269 0.73424153 0.27738882 0.13597147 25 0 2415.8958 9.377066 -2.4301674
153 81.385326 236.79299 0.69178962 -0.06966894 -0.015245509 25 0 384.70161 1.5290589 -0.46106057
154 102.04541 247.17812 0.73908349 -0.03219023 0.23314992 25 0 357.2072 1.4091693 -0.3724079
155 478.64391 249.12426 0.71048917 -0.06335583 0.021624571 25 0 8464.9539 33.104074 -3.7997036
156 254.4028 249.86576 0.66539593 -0.075068756 0.0043679077 25 0 5191.7662 21.160314 -3.3138053
157 26.675937 250.98465 0.72893499 0.1128575 0.083984958 25 0 1112.8946 4.4056269 -1.6100193
158 316.68662 252.24011 0.53331698 -0.14544621 -0.33373759 25 0 326.03865 1.5863551 -0.50100102
159 382.11322 258.55938 0.7154235 0.30716659 0.22190738 25 0 469.27878 1.7998274 -0.63807715
160 155.13523 260.24908 0.72909548 0.27406891 0.43543343 25 0 357.63358 1.3223861 -0.30339573
161 36.88397 270.97648 0.64498243 0.12649265 0.10684916 25 0 332.07589 1.46858 -0.417244
162 76.838671 271.0448 0.86430337 -0.4749766 -0.023603463 25 0 289.83092 1.0506229 -0.053617192
163 83.617817 270.74784 0.64988065 0.36395856 0.058484972 25 0 1430.6267 5.9897762 -1.9435265
164 140.29762 272.31474 0.84786826 0.35039906 -0.3103584 25 0 332.89016 1.1657053 -0.16647196
165 265.83801 278.77924 0.87290718 -0.45839551 -0.11920751 25 0 430.97869 1.552244 -0.47739999
166 97.913654 279.9083 0.72777761 0.27247782 0.12838263 25 0 898.72457 3.5281156 -1.368857
167 21.516732 280.52654 0.52096639 0.86406921 0.62762106 25 0 196.39163 1.0876309 -0.0912038
168 398.35505 282.05802 0.69782983 0.085473776 0.018770055 25 0 6239.8332 24.96119 -3.4931632
169 9.8090243 283.38879 0.76028796 0.076949603 0.16374854 25 0 453.16844 1.6730793 -0.55879134
170 210.98395 283.45415 0.72706917 0.31246088 0.25220189 25 0 917.70725 3.466889 -1.3498498
171 89.540695 284.92259 0.65533765 -0.21909106 -0.021989375 25 0 1255.7314 5.1584788 -1.7813041
172 117.84933 284.67169 0.68493212 0.30077347 0.17332166 25 0 1224.0908 4.8440409 -1.7130195
173 372.79566 286.83301 0.59283332 0.3303222 0.13550181 25 0 457.17297 2.0820385 -0.7962219
174 503.89509 286.81819 0.73486689 -0.04819465 -0.0079829863 25 0 940.68889 3.7522808 -1.4357383
175 42.051558 289.66251 0.73864638 0.043342118 0.20593446 25 0 585.49214 2.4064073 -0.95342283
176 57.204494 289.51391 0.54100717 -0.51220108 0.14574581 25 0 200.60872 1.1166874 -0.11982903
177 186.78232 294.21276 0.70885203 -0.21427948 0.026836188 25 0 535.30886 2.2310224 -0.87125983
178 120.18064 294.67341 0.78828461 0.39268788 0.66125087 25 0 368.59639 1.2852815 -0.27249565
179 101.25183 300.54437 0.68141913 0.52015215 0.24900614 25 0 1331.5707 5.2398501 -1.7982971
180 449.06919 300.18479 0.90726354 0.043237168 0.21898666 25 0 530.46858 1.7319095 -0.59631296
181 457.81304 303.92552 0.68432977 0.073206959 -0.11800496 25 0 237.55476 1.0212505 -0.022830669
182 5.478664 304.75239 0.69301949 0.080421141 0.11549358 25 0 603.44444 2.3704953 -0.93709773
183 244.7433 305.89331 0.6794078 0.1911204 -0.038543129 25 0 926.94218 3.8102909 -1.4523953
184 476.61963 305.70134 0.6561999 0.24601855 0.049939153 25 0 1107.178 4.7112019 -1.6828293
185 164.02054 310.73654 0.70469913 0.16362354 0.1324083 25 0 3865.1066 15.391271 -2.9681862
186 24.307878 312.54633 0.76099617 -0.038038029 0.12696113 25 0 884.85359 3.1758185 -1.2546392
187 40.017314 312.40574 0.68951992 0.13405631 0.27647789 25 0 2316.5316 9.3070575 -2.422031
188 85.893676 314.91014 0.81563853 -0.50861122 0.0099442456 25 0 399.78013 1.3904755 -0.35790836
189 213.04801 320.30956 0.4511297 -0.14048019 -0.31380444 25 0 251.55789 1.2874338 -0.27431225
190 481.12157 319.64918 0.68788637 0.52217125 0.18236632 25 0 302.47597 1.2309467 -0.2255981
191 356.4004 322.24455 0.62096495 -0.044420988 0.1082058 25 0 559.44523 2.3485316 -0.92699101
192 8.9556941 322.72311 0.6944401 0.084704801 0.25841055 25 0 946.66303 3.8662595 -1.4682275
193 289.10198 325.19983 0.71577894 -0.23230221 0.12454308 25 0 398.02256 1.7386315 -0.60051885
194 46.527096 329.75243 0.62119466 0.21137987 -0.013211476 25 0 4421.4524 18.770746 -3.1837038
195 313.61618 329.49165 0.67124624 0.43325598 0.14762885 25 0 553.72 2.2563769 -0.88352913
196 406.51173 329.85913 0.60414899 0.42578332 0.14463109 25 0 418.93037 1.754774 -0.61055298
197 56.813733 330.73197 0.71852347 0.13851154 0.150355 25 0 13644.319 53.68078 -4.324547
198 289.95496 331.11966 0.76006433 0.16501494 0.12870347 25 0 1029.1385 3.7840723 -1.4448986
199 103.06777 331.84454 0.75823469 -0.012437215 0.20873544 25 0 1184.7625 4.4734625 -1.6266095
200 285.95339 340.93603 0.73578061 -0.057900668 -0.18762363 25 0 498.75368 2.0536123 -0.78129616
201 386.93229 343.61566 0.63834256 0.20563356 0.26565303 25 0 746.92613 3.1587777 -1.2487977
202 502.10441 346.15116 0.85261946 0.2779283 0.05697332 25 0 297.11584 1.1509609 -0.15265147
203 44.389789 347.01471 0.59156389 -0.25480751 0.22822062 25 0 192.62648 1.005962 -0.0064539094
204 266.06653 347.23379 0.72239997 0.17038828 0.14602526 25 0 6218.7292 24.508101 -3.4732741
205 73.461994 349.48668 0.61153497 -0.82149321 0.64836311 25 0 270.54826 1.0715199 -0.075000615
206 408.13172 348.44595 0.65846072 0.052470878 0.20978757 25 0 993.62913 4.1139628 -1.5356509
207 38.366354 350.29754 0.70799133 -0.56155838 -0.15552868 25 0 438.52486 1.752737 -0.60929189
208 48.121686 349.69243 0.83246003 -0.36490702 0.32933355 25 0 943.17826 3.1739853 -1.2540123
209 325.0187 351.14406 0.71070898 0.19706645 0.1288223 25 0 29449.331 116.6455 -5.16717
210 20.854517 351.69836 0.73540324 0.2269087 0.15086085 25 0 934.54753 3.5941287 -1.3889841
211 183.33567 353.13349 0.53622008 0.027324031 0.099923014 25 0 233.03071 1.095443 -0.098974484
212 48.376865 353.55454 0.69158871 -0.30035087 0.11007665 25 0 1244.572 4.8394937 -1.7119998
213 178.33887 355.673 0.57499778 0.19735447 -0.081187105 25 0 235.15433 1.0752271 -0.078750536
214 49.05018 357.15555 0.54228326 -0.50170698 -0.054520524 25 0 414.50499 1.9641453 -0.73293403
215 440.86959 358.19681 0.76049415 -0.15128346 0.10197178 25 0 2364.483 9.0336519 -2.3896584
216 506.17362 358.61825 0.46405285 -0.63807174 0.20221069 25 0 303.94091 1.8149474 -0.64716008
217 252.32556 360.31746 0.63968531 0.32072849 0.051615716 25 0 1537.3498 6.4063267 -2.0165227
218 304.44786 361.4512 0.61161204 -0.53136182 0.1575193 25 0 2375.2302 9.6462557 -2.4608969
219 454.06853 362.63274 0.65589353 0.23605693 0.40462125 25 0 1110.2761 4.5626301 -1.6480382
220 121.97843 363.13757 0.75953928 0.082007489 0.13451258 25 0 6067.2672 23.139736 -3.410896
221 136.80453 364.3344 0.67563399 -0.37997684 -0.38117148 25 0 252.19824 1.0400149 -0.042598911
222 165.22041 363.60968 0.68989117 -0.041833035 0.32413558 25 0 553.83185 2.2283809 -0.86997357
223 49.08566 366.15394 0.87791122 0.014946195 0.18017422 25 0 554.09289 1.841275 -0.66279663
224 29.402491 370.03404 0.75024166 -0.11849917 -0.0067846668 25 0 743.76456 2.6982988 -1.0777251
225 502.40363 372.19955 0.81028034 -0.33119025 -0.4046126 25 0 359.80252 1.3509328 -0.32658438
226 472.43717 373.77417 0.47623813 -0.11169022 -0.48785631 25 0 233.73388 1.2186767 -0.21472124
227 392.35525 375.76656 0.68241927 -0.23366032 -0.022535583 25 0 3644.1613 14.7038 -2.918574
228 101.18199 377.35678 0.68459488 0.25669476 0.19082245 25 0 3733.7984 14.89098 -2.9323082
229 146.89336 378.88857 0.7522209 0.18318507 0.047745736 25 0 734.96361 2.8106886 -1.1220318
230 253.62831 380.31567 0.70097009 -0.52892539 -0.2119186 25 0 608.50358 2.4649197 -0.97950696
231 295.49249 381.02484 0.56167525 -0.21534571 0.081056492 25 0 298.06667 1.315391 -0.29763717
232 510.31748 381.00225 0.74423748 -0.54472037 0.44560853 25 0 777.03234 2.9535805 -1.175872
233 126.72775 382.10983 0.67811623 0.024529376 0.26358886 25 0 371.38113 1.5614703 -0.48383432
234 31.47584 383.27025 0.64976743 0.18829253 -0.037856137 25 0 839.37059 3.3148403 -1.3011565
235 170.9351 383.15186 0.75158863 0.054274375 0.079424446 25 0 1659.7166 6.2973847 -1.9979006
236 510.7933 384.50192 0.80790216 0.20544013 0.50568829 25 0 2194.7159 7.9716687 -2.2538731
237 481.72829 384.95736 0.76776903 0.0077562751 0.041551119 25 0 3205.9242 12.271318 -2.722228
238 86.397028 388.33314 0.58170571 -0.32875506 -0.067799548 25 0 447.01627 1.8672527 -0.67800774
239 414.65407 390.92642 0.64046774 -0.25166901 0.022252386 25 0 223.65424 1.0387871 -0.041316411
240 272.99741 393.06166 0.74260148 0.12209337 0.10831973 25 0 9611.4444 37.434773 -3.933188
241 403.47513 394.77401 0.66044889 0.071164084 0.052079894 25 0 729.46093 2.9095957 -1.1595816
242 199.75628 395.78225 0.5420951 -0.26780597 -0.17371132 25 0 217.00703 1.0199809 -0.021480135
243 438.9824 399.78195 0.68567312 0.17254326 -0.01874051 25 0 631.94296 2.645119 -1.056113
244 302.00841 400.53757 0.68391653 0.23303164 0.27368106 25 0 703.59761 2.8292986 -1.129197
245 48.431918 402.85945 0.75819393 -0.20012518 0.32916443 25 0 297.31647 1.1738795 -0.17405878
246 299.41715 404.18345 0.66000978 -0.21247326 -0.1211322 25 0 1846.3706 7.4779534 -2.1844569
247 317.63779 403.90548 0.72492777 -0.06930369 -0.39241274 25 0 315.32411 1.2103068 -0.20723872
248 29.66627 404.51453 0.60981466 0.48527371 0.096002451 25 0 791.42015 3.327741 -1.3053738
249 68.097365 408.64043 0.55631764 0.62354602 0.5674053 25 0 299.11455 1.336945 -0.31528386
250 131.53485 409.67008 0.64398114 -0.22692196 -0.1120266 25 0 799.60723 3.2912147 -1.2933905
251 155.54841 411.15342 0.62418882 0.013070814 -0.077319202 25 0 2056.0591 8.6919129 -2.3477884
252 8.1110954 414.65284 0.73902727 -0.14480479 0.21032914 25 0 1365.9176 5.219572 -1.7940872
253 331.36144 420.9925 0.61588075 -0.064866932 0.12251126 25 0 354.09242 1.4663563 -0.41559881
254 212.23426 422.82033 0.87814044 -0.40782091 -0.0066879769 25 0 463.50022 1.6100083 -0.51707029
255 241.28659 428.11557 0.69421251 -0.027035382 0.013819276 25 0 467.17516 1.9371265 -0.71789498
256 206.28394 429.13302 0.70852169 0.23747128 0.025708747 25 0 2389.7843 9.4078395 -2.4337248
257 179.78121 429.98252 0.73326882 0.37420029 0.18054819 25 0 1199.2795 4.6946017 -1.6789969
258 428.3772 429.81971 0.59554125 0.32081214 -0.25420299 25 0 307.56304 1.3529158 -0.32817691
259 208.87513 431.17265 0.59893644 0.10095635 0.25884883 25 0 358.25481 1.7535653 -0.60980485
260 279.60537 432.43055 0.68857249 -0.32842744 0.051616519 25 0 1039.2483 3.9898345 -1.5023872
261 392.12421 434.13019 0.75043734 0.1310556 0.1623479 25 0 4083.256 15.727733 -2.9916653
262 61.872589 437.514 0.57047989 0.10291483 0.46573039 25 0 296.69273 1.512946 -0.44955859
263 292.61861 436.8956 0.69932007 -0.14559926 0.10679315 25 0 1169.7612 4.436211 -1.6175305
264 138.68632 438.89065 0.70547983 0.074198447 0.028023287 25 0 15310.1 60.864013 -4.4609015
265 510.4125 445.23925 0.69338825 0.26234487 -0.042220398 25 0 360.66358 1.4738175 -0.4211093
266 259.69473 446.68026 0.49490946 -0.50088798 -0.15010197 25 0 230.91648 1.0954897 -0.099020705
267 427.0157 451.07429 0.5797383 0.29097005 0.099853464 25 0 383.01987 1.8351526 -0.65918045
268 302.00665 452.43912 0.46288753 0.084170092 0.96172662 25 0 197.31887 1.0586402 -0.061870971
269 358.55271 452.25083 0.52081543 0.90694738 0.26340023 25 0 480.51156 2.2344354 -0.87291952
270 482.64118 453.23913 0.69961161 -0.31188458 -0.012620599 25 0 508.28406 1.9082607 -0.70159425
271 378.07695 454.63088 0.59133332 0.37038501 0.412682 25 0 244.94432 1.2349605 -0.22913265
272 409.72427 457.18852 0.70490743 -0.18398677 -0.021168883 25 0 1518.3838 6.0703851 -1.9580406
273 103.80936 458.52294 0.69344425 0.23527514 0.20481359 25 0 5938.9512 23.604131 -3.43247
274 196.78854 459.61544 0.69026464 0.30931924 0.091745895 25 0 1149.4362 4.5902302 -1.6545862
275 373.49449 460.01292 0.66699805 -0.28214814 -0.16463512 25 0 309.03912 1.2496037 -0.24193076
276 475.23583 460.51794 0.51737036 -0.11232545 0.17728298 25 0 61359.093 277.23353 -6.1071144
277 338.8214 461.52841 0.71772074 0.092823329 0.17596236 25 0 430.62955 1.7213643 -0.589682
278 12.674978 463.04986 0.70231908 0.013417344 0.0061338926 25 0 1168.162 4.6424331 -1.6668641
279 452.33576 462.94401 0.45877409 -0.44027382 -0.33966609 25 0 267.38676 1.5111879 -0.44829618
280 92.953751 463.57206 0.67554474 0.14587016 0.37182522 25 0 327.0869 1.3777438 -0.34792115
281 258.44508 467.56116 0.57390521 0.42541333 0.0032576741 25 0 4069.8102 17.6889 -3.1192521
282 390.21188 469.11763 0.74497877 -0.38717616 0.025064904 25 0 711.39348 2.6882946 -1.0736921
283 476.42758 468.20284 0.49252303 0.71235364 0.27212191 25 0 374.06731 1.6821837 -0.56468357
284 292.70448 470.71911 0.67166592 -0.07791651 -0.078835832 25 0 322.16057 1.3447667 -0.32161736
285 308.56894 470.78036 0.64592959 0.055782378 -0.041573946 25 0 3202.799 13.403056 -2.8180096
286 161.68875 471.71664 0.69437825 0.34261684 0.40611879 25 0 485.49228 2.0009149 -0.75307152
287 385.86983 475.93714 0.75505702 0.27459495 0.15457844 25 0 654.23084 2.4877322 -0.98950908
288 186.48158 476.91138 0.66046416 -0.10696702 -0.16184034 25 0 888.44811 3.7009373 -1.4207793
289 264.24826 481.36869 0.71671614 0.027554155 0.36411966 25 0 291.23744 1.1866398 -0.18579725
290 111.45787 482.448 0.67594908 -0.51167043 0.059342918 25 0 1019.7037 4.0255007 -1.5120498
291 287.74263 491.66016 0.67677813 0.23018949 0.3419913 25 0 434.49991 1.79788 -0.63690174
292 197.85979 495.92044 0.76344625 0.62430137 0.17737379 25 0 403.94247 1.6009274 -0.5109291
293 114.99765 497.42119 0.68666775 -0.060724839 0.23643699 25 0 419.19367 1.7756391 -0.62338676
294 163.53993 498.89396 0.66621603 -0.55104858 0.031847301 25 0 545.89706 2.0928872 -0.80186457
295 208.84629 498.93786 0.70472313 -0.095403372 0.21250513 25 0 546.6667 2.306031 -0.90716283
296 327.87057 501.30221 0.80394843 -0.28186318 0.084639299 25 0 310.37427 1.161862 -0.16288633
297 164.4691 502.73233 0.49066308 -0.11566182 -0.33510748 25 0 556.30714 2.6846096 -1.0722028
298 106.00988 505.13454 0.65741829 -0.83678018 -0.3300572 25 0 274.91503 1.1295561 -0.13226955
299 210.94044 506.30212 0.66067839 -0.024645625 0.081264326 25 0 921.52166 3.8069891 -1.4514541
300 85.36177 509.63762 0.58439057 0.21446292 0.37145863 25 0 474.1405 2.0595395 -0.7844253
301 294.39025 509.54386 0.46409204 0.3395028 0.088520538 25 0 346.60116 1.8454381 -0.66524871
302 38.384959 510.214 0.59812047 -0.5720409 -0.31366572 25 0 576.63639 2.4500736 -0.97294783
303 208.39516 510.32524 0.57755256 0.44488155 -0.023366951 25 0 831.28253 3.7371941 -1.4313641
304 283.41776 509.43078 0.59107175 0.85349647 0.017697133 25 0 922.35752 3.8669718 -1.4684275
305 432.20478 510.36198 0.87774053 0.59144536 0.44605168 25 0 330.86533 1.1703876 -0.1708243
