id xcentroid ycentroid sharpness roundness1 roundness2 npix sky peak flux mag
1 328.20964 0.62686489 0.7045553 0.22098274 0.15990459 25 0 348.8614 1.2286543 -0.22357422
2 300.41617 3.5327289 0.53985085 -0.15386473 -0.20143798 25 0 583.11177 2.4013096 -0.95112039
3 309.53409 5.8558053 0.6501632 0.4791845 -0.41913572 25 0 326.14324 1.2674061 -0.25728952
4 432.07541 6.7427656 0.67577394 0.066669857 -0.1045361 25 0 527.78377 2.0128835 -0.75954661
5 112.36984 10.431928 0.49337235 -0.26299731 -0.12274261 25 0 382.73891 1.6262249 -0.52795149
6 27.460407 12.47526 0.59295422 0.53328756 -0.12302052 25 0 12719.193 49.436361 -4.2351162
7 338.00434 11.937861 0.58837292 -0.02882012 -0.30531687 25 0 745.04949 3.1293379 -1.2386311
8 411.59478 15.07876 0.59093368 -0.049930378 -0.29039295 25 0 677.2013 2.7923734 -1.1149337
9 470.47214 15.035012 0.63902941 -0.017487947 -0.27611117 25 0 27302.948 102.83608 -5.0303638
10 428.83914 16.637692 0.6677585 0.13007838 0.11006795 25 0 278.14442 1.2297456 -0.22453824
11 337.09231 20.518733 0.61012938 -0.52282039 -0.20504266 25 0 236.17737 1.0276218 -0.029583312
12 216.26288 30.091601 0.4924315 0.19043722 -0.49084419 25 0 263.1768 1.2281905 -0.22316435
13 357.20423 33.407804 0.59455645 0.30958432 0.043412156 25 0 566.0343 2.4369748 -0.96712761
14 457.0064 33.546067 0.50981868 0.14867599 0.068027767 25 0 313.08594 1.5516213 -0.47696435
15 129.90661 35.998432 0.51623747 0.053744667 0.0098870004 25 0 405.00908 1.9066069 -0.7006529
16 116.5944 40.194054 0.68605435 -0.093770998 -0.28775847 25 0 664.9047 2.4230484 -0.96090523
17 189.55321 41.274815 0.61619156 -0.41217315 -0.24671298 25 0 1124.4021 4.2020707 -1.5586584
18 209.08719 42.116438 0.60393074 -0.096974421 -0.23625969 25 0 2432.9734 9.7052465 -2.4675164
19 422.14656 41.907328 0.53267678 -0.07976439 -0.17352185 25 0 238.2125 1.2686565 -0.25836012
20 350.01657 43.312535 0.64932445 0.63528953 -0.41335494 25 0 425.19909 1.6430368 -0.53911824
21 69.415724 44.394059 0.43327136 0.47449907 -0.23997644 25 0 357.85491 1.7309639 -0.59572001
22 327.65607 44.347142 0.367704 -0.084736715 -0.20293369 25 0 59007.373 247.69644 -5.9847994
23 114.45916 46.349547 0.5963135 0.33006502 -0.2439096 25 0 4708.9708 18.244279 -3.1528167
24 157.45269 46.90054 0.63291259 0.2781861 -0.1089542 25 0 304.71599 1.1036448 -0.10707329
25 403.43425 47.775017 0.58484472 0.14814853 -0.21541114 25 0 990.5949 4.0842246 -1.5277741
26 236.77651 52.104673 0.6760221 -0.23771255 -0.32188966 25 0 316.33076 1.2224592 -0.2180859
27 250.05511 53.193796 0.64674797 0.13950438 -0.23603239 25 0 362.80906 1.4328278 -0.39048503
28 403.95993 53.1307 0.57084866 -0.50594081 -0.35929558 25 0 259.36578 1.3035246 -0.28779805
29 55.608564 53.858381 0.6276278 -0.059632633 -0.052584075 25 0 264.77731 1.2004802 -0.19838751
30 473.72753 53.829569 0.68358884 0.26600961 -0.16999119 25 0 917.09533 3.4212447 -1.3354603
31 297.3748 54.754882 0.5659473 -0.14837961 -0.21359292 25 0 1440.335 5.8624745 -1.9202024
32 145.24333 59.438062 0.59530986 0.55268832 -0.072723303 25 0 348.58514 1.4566847 -0.40841393
33 446.33613 61.447425 0.61801732 0.5466885 -0.060577032 25 0 1434.9876 5.4756876 -1.8460966
34 33.346746 62.186984 0.66514388 -0.1016759 -0.44755564 25 0 337.63821 1.3491679 -0.32516498
35 504.85635 63.703312 0.63811184 0.27338388 -0.026453349 25 0 3660.7488 14.146396 -2.8766145
36 0.57035497 65.20639 0.65258245 -0.21801978 -0.14948851 25 0 407.64124 1.6568507 -0.54820844
37 352.48969 65.789056 0.56146963 0.74343976 0.20141314 25 0 291.62537 1.5070624 -0.44532812
38 34.371857 67.441565 0.52264245 0.36465543 -0.023541651 25 0 542.46949 2.4114939 -0.9557154
39 57.547156 67.130874 0.59647679 -0.18547608 -0.27656044 25 0 456.59927 1.8866779 -0.68924441
40 172.21352 67.325322 0.5418981 -0.44628958 0.20628869 25 0 283.69359 1.2440499 -0.23709451
41 435.98679 68.293165 0.65319575 0.25958759 -0.075103475 25 0 1720.4562 6.5366763 -2.0383924
42 0.69863744 69.165191 0.63167316 -0.34042928 -0.21153201 25 0 419.46248 1.7608008 -0.61427559
43 115.52743 69.029104 0.64622974 0.047837918 -0.39362681 25 0 409.91669 1.5276144 -0.46003436
44 474.71889 69.11415 0.69231973 -0.12468656 -0.22956886 25 0 477.91208 1.7764021 -0.62385318
45 421.29441 69.918872 0.66660177 0.10500911 -0.29855151 25 0 609.07344 2.2870766 -0.8982018
46 58.767764 72.306764 0.58700736 -0.15625874 -0.15428024 25 0 1538.8092 6.1600115 -1.9739538
47 316.97998 73.85235 0.62910288 0.24711225 -0.23929903 25 0 231.20793 1.0733468 -0.076850118
48 471.78822 76.88235 0.59900668 0.17362508 -0.049546763 25 0 995.40118 4.0377238 -1.5153415
49 353.63153 80.925526 0.610561 0.11586915 -0.24549368 25 0 3440.8943 13.537197 -2.8288219
50 122.78238 84.147557 0.77772952 -0.067277516 -0.25320159 25 0 520.28298 1.6671128 -0.55491246
51 438.41102 86.181798 0.46060572 0.62915286 0.12439793 25 0 236.09638 1.1780499 -0.17790919
52 94.986505 87.697207 0.56835521 -0.076636616 0.23422595 25 0 480.73969 2.0319434 -0.76977901
53 494.17063 87.835702 0.66056122 0.082164329 -0.082368921 25 0 24914.674 94.434728 -4.9378293
54 157.99282 94.586984 0.51968453 -0.10216981 -0.12414509 25 0 434.83538 1.8126048 -0.64575781
55 286.76821 95.147373 0.5477259 -0.26361644 -0.25897603 25 0 1165.3419 4.8363637 -1.7112974
56 290.71547 96.949458 0.51253694 -0.40309878 -0.26084134 25 0 1299.1889 5.7055155 -1.8907372
57 188.90737 98.025317 0.59369824 0.16247791 -0.17645027 25 0 1701.1471 6.8431495 -2.0881401
58 56.610507 102.1422 0.6326775 -0.24620704 -0.29414619 25 0 4162.646 15.683546 -2.9886107
59 118.58271 101.58745 0.60453005 0.49242483 -0.13653451 25 0 339.47085 1.3269625 -0.30714666
60 454.73982 101.81246 0.67349013 0.55972869 0.058497142 25 0 453.82705 1.82391 -0.6525085
61 299.61875 103.94569 0.54517812 -0.12222346 -0.39509479 25 0 266.73433 1.1122304 -0.11548695
62 492.49561 107.77954 0.67388514 -0.23508603 -0.17526173 25 0 2212.613 7.9484467 -2.2507057
63 335.3685 113.30865 0.61247344 0.16811005 -0.38713675 25 0 528.61313 2.1177539 -0.81468873
64 222.03005 115.25271 0.58082043 0.10806591 -0.16281386 25 0 16306.153 65.238652 -4.5362624
65 239.20941 115.42879 0.54373807 -0.15225729 -0.21899458 25 0 798.28299 3.066282 -1.2165302
66 306.06081 116.4237 0.58203989 0.32496189 -0.14169228 25 0 1072.5178 4.3168162 -1.5879089
67 249.50939 116.72219 0.57968798 0.39821833 -0.23537928 25 0 1636.7052 6.4267845 -2.0199843
68 451.46282 118.14522 0.69747848 -0.31878251 -0.52161505 25 0 481.65929 1.884577 -0.68803471
69 495.6351 118.61498 0.72568855 0.73452567 0.073619036 25 0 293.33376 1.1340804 -0.13660957
70 100.89824 118.81896 0.53972138 0.011805641 -0.20157623 25 0 454.67006 1.968128 -0.73513334
71 155.88714 119.84526 0.58403488 0.034487251 -0.018723997 25 0 375.6544 1.3703766 -0.3420998
72 201.68488 118.36986 0.41227048 0.29388946 0.0078006203 25 0 376.14163 1.7838442 -0.62839229
73 53.743827 120.18875 0.53983805 0.038754558 -0.11896346 25 0 548.69151 2.3828579 -0.94274537
74 153.34144 121.83928 0.58920391 -0.13221095 -0.2938914 25 0 1965.939 7.7268084 -2.2200004
75 481.3927 122.35172 0.55379365 -0.27676642 -0.11547374 25 0 319.56377 1.3303486 -0.30991361
76 177.34548 127.33091 0.57841244 0.30937353 -0.18192584 25 0 1629.2253 6.4260429 -2.0198591
77 8.5716209 128.85892 0.70780066 0.11017957 -0.25603564 25 0 1301.7939 4.6649908 -1.672127
78 254.87394 130.6263 0.43799049 0.45345467 -0.18240832 25 0 328.79235 1.5809084 -0.49726678
79 397.33787 138.82086 0.60788384 -0.094787266 -0.18402024 25 0 12097.602 46.743415 -4.1743011
80 300.07046 144.33624 0.57114413 0.21791982 -0.12326484 25 0 2728.7213 10.854211 -2.5889956
81 15.774997 145.25348 0.64141826 -0.14784076 -0.12792657 25 0 834.65287 3.2985376 -1.2958036
82 95.776162 146.84014 0.53690863 0.058824267 0.0034901656 25 0 274.75232 1.0944412 -0.097981095
83 -0.11574662 149.46071 0.75967674 0.0046254103 0.2640619 25 0 248.78205 1.0869143 -0.090488225
84 485.56002 150.81853 0.62636999 -0.23426412 -0.22558251 25 0 7549.5162 28.345761 -3.6312203
85 98.650376 158.48489 0.56441132 -0.54293044 -0.11962412 25 0 363.16007 1.5004768 -0.44057322
86 387.24369 160.34569 0.58641199 0.29994605 -0.11737732 25 0 47930.685 187.7289 -5.6838278
87 207.63671 164.181 0.51124411 -0.11419013 -0.3049329 25 0 478.21992 2.1077395 -0.80954235
88 426.55976 163.83897 0.58289722 -0.038957732 -0.16492931 25 0 474.38115 2.1311096 -0.82151446
89 154.61161 167.79295 0.61083395 0.2315347 -0.26660088 25 0 663.61332 2.4263593 -0.9623878
90 34.83386 171.43395 0.67975948 0.35487415 -0.28751584 25 0 335.5545 1.2956392 -0.28121018
91 479.46956 172.19958 0.63330332 -0.26114744 -0.21431337 25 0 6415.5567 24.196339 -3.4593741
92 165.31726 173.4447 0.58882705 0.3893933 -0.10856054 25 0 809.32734 3.0613007 -1.214765
93 227.36527 172.63897 0.56860167 -0.213493 -0.1712955 25 0 1594.8798 6.0727345 -1.9584607
94 347.57488 172.59434 0.49802097 0.69117954 -0.038630135 25 0 419.168 1.9015797 -0.69778635
95 2.7464599 175.26886 0.70527324 0.58450574 -0.10669022 25 0 269.90871 1.1222137 -0.1251889
96 414.79261 174.71679 0.57203391 0.45835901 -0.23136407 25 0 339.96865 1.5822781 -0.49820702
97 153.8332 176.07635 0.56609833 -0.27451548 -0.27536358 25 0 1537.1759 6.1415994 -1.9707037
98 422.47055 181.44917 0.56632021 0.5087313 -0.13698274 25 0 2384.8051 9.5984433 -2.455502
99 17.983264 181.95857 0.61789445 0.44441539 -0.11312276 25 0 791.04321 3.2450483 -1.2780529
100 116.0896 182.04176 0.56679096 0.11717076 -0.23178993 25 0 1672.7895 6.6533298 -2.0575976
101 484.24833 183.15424 0.62464979 0.019517006 -0.085937102 25 0 792.77401 3.0685811 -1.217344
102 412.37227 183.62054 0.57539233 0.17142081 -0.093189495 25 0 550.00806 2.3683967 -0.93613614
103 228.05541 184.86516 0.52517062 0.079991264 -0.22797915 25 0 1018.3276 4.2037367 -1.5590888
104 422.86667 186.50092 0.69800296 -0.26837987 0.063704377 25 0 923.86874 3.4131136 -1.3328769
105 190.54561 187.5634 0.55564916 -0.46236601 -0.33817907 25 0 599.75277 2.1890738 -0.85065102
106 72.736482 188.40454 0.52305356 0.510103 0.0096477102 25 0 31255.359 127.82696 -5.2665561
107 122.47742 189.82897 0.77177397 -0.26191391 -0.31875999 25 0 501.63365 1.6493106 -0.5432561
108 253.93951 193.52073 0.69551746 -0.10044047 -0.08753744 25 0 310.70351 1.0891658 -0.092734948
109 421.85137 194.49142 0.6269524 0.29507999 0.21418821 25 0 349.2987 1.3990108 -0.36455267
110 392.98092 197.1167 0.60222449 0.65747262 -0.09400759 25 0 234.41654 1.0863243 -0.089898696
111 456.09176 198.33121 0.64756498 0.38794504 0.027418032 25 0 604.67629 2.4856308 -0.98859156
112 169.29682 200.58112 0.48948885 0.52139061 -0.076985632 25 0 454.51367 1.8626616 -0.67533493
113 350.26867 199.94653 0.56785234 0.1345783 -0.092535675 25 0 274.94671 1.175854 -0.1758835
114 383.35005 200.02663 0.579515 0.41943199 -0.42024729 25 0 268.75898 1.1629717 -0.16392289
115 510.07757 202.02211 0.67948733 -0.0021121884 -0.089697929 25 0 1820.7584 6.9433936 -2.1039295
116 67.900571 202.59412 0.53412638 0.34377115 -0.045209277 25 0 530.57032 2.2973467 -0.90306637
117 407.35272 202.66666 0.57816564 0.094010545 -0.17810882 25 0 285.4491 1.344761 -0.32161279
118 470.65881 204.34018 0.64177197 -0.13737338 -0.060268203 25 0 637.82998 2.5047289 -0.99690184
119 417.01238 206.99723 0.63426951 -0.17398774 -0.34047592 25 0 243.85036 1.0008186 -0.00088845233
120 504.05616 208.07674 0.64379719 0.1412173 -0.11735113 25 0 3637.2838 14.155827 -2.8773381
121 13.636019 211.71174 0.44935422 0.50883791 -0.24493209 25 0 217.41484 1.0716234 -0.075105424
122 15.809493 213.14782 0.68064552 0.17252921 -0.33177937 25 0 444.40593 1.6309323 -0.53108986
123 426.85483 214.29403 0.6194022 -0.046344543 -0.13694836 25 0 1032.6532 4.0177984 -1.5099704
124 327.57615 216.37008 0.53584951 0.46575322 -0.20618015 25 0 1164.6533 4.6406677 -1.6664512
125 257.69262 218.4216 0.59845275 -0.52703701 -0.18868141 25 0 603.60496 2.2855479 -0.89747584
126 151.84176 219.79727 0.52500352 0.084617107 -0.18957794 25 0 909.95014 3.7761524 -1.4426238
127 480.69686 223.01496 0.64576291 -0.0047822259 -0.16225429 25 0 5039.2513 19.123159 -3.2038991
128 441.85063 223.54682 0.40445667 -0.51883953 -0.30073534 25 0 163.80202 1.0266289 -0.028533707
129 241.11392 225.17345 0.55850263 0.032836299 -0.24187678 25 0 2707.6056 11.269974 -2.6298073
130 353.44363 227.33774 0.5726253 0.30370951 -0.20524224 25 0 4035.719 16.108579 -3.0176431
131 206.54973 227.80436 0.94854392 -0.41393434 -0.36750171 25 0 359.24792 1.2207077 -0.21652922
132 423.53504 228.04881 0.63054156 -0.058125234 -0.30796453 25 0 13890.287 52.075107 -4.2915754
133 328.37029 229.62266 0.54318976 0.58005024 -0.051525584 25 0 841.29361 3.4237904 -1.3362679
134 492.64812 230.19541 0.55254998 -0.44472498 -0.12539108 25 0 271.38 1.2512981 -0.24340195
135 181.59313 235.91563 0.54845494 0.041016326 -0.26143661 25 0 668.87156 2.6297237 -1.0497753
136 241.67912 236.96634 0.66249207 -0.16501807 -0.34694571 25 0 798.78846 2.7747069 -1.1080428
137 31.913106 239.97632 0.6066904 0.061246393 -0.19787928 25 0 438.24544 1.9684438 -0.73530754
138 432.63706 239.5327 0.56194836 0.43085718 -0.033401676 25 0 1725.9022 6.9174936 -2.0998719
139 18.45783 242.89226 0.56759669 0.093563987 -0.33605147 25 0 238.66601 1.0622423 -0.065558952
140 486.87853 250.79891 0.38741613 0.040943083 -0.024247965 25 0 207.06115 1.2053362 -0.20277052
141 205.30619 253.48718 0.54075251 0.40714272 -0.12473549 25 0 4104.828 16.525074 -3.0453585
142 429.51944 252.98686 0.63368003 -0.043368508 -0.25560691 25 0 7348.3785 27.227683 -3.5875267
143 267.46085 255.64544 0.50996832 -0.054881864 -0.21090736 25 0 369.61376 1.7191647 -0.58829373
144 333.0981 262.33319 0.52259556 0.61591859 -0.12269024 25 0 331.87783 1.3953578 -0.36171393
145 105.98454 263.66014 0.56966956 0.010043164 0.14441873 25 0 297.77463 1.2520461 -0.24405076
146 34.417578 274.07639 0.61315441 -0.09218947 -0.29721884 25 0 1365.1898 5.2574657 -1.8019411
147 90.819433 275.84013 0.43655406 0.53236049 -0.43606065 25 0 266.75721 1.1135443 -0.1167687
148 216.98666 282.45206 0.59426303 -0.60327127 -0.030658847 25 0 366.29611 1.5125478 -0.4492728
149 48.724303 283.3441 0.59268224 -0.25904876 -0.078530124 25 0 716.38968 2.7135634 -1.0838499
150 485.95632 282.49981 0.34339518 0.11231018 0.23820207 25 0 146.93523 1.1203257 -0.12336074
151 349.21394 285.76208 0.58743387 -0.060543765 -0.13159651 25 0 5465.2947 21.833922 -3.3478294
152 161.8093 286.99651 0.64261959 -0.089470736 -0.32035624 25 0 988.82373 3.7070778 -1.4225793
153 40.35031 288.26651 0.62509221 0.36495539 -0.15311763 25 0 1319.0334 5.1308641 -1.7754763
154 68.596359 288.14895 0.60963204 0.0091276954 -0.24248169 25 0 1110.2419 4.3018483 -1.5841377
155 323.58477 290.63827 0.60428771 0.65664817 -0.091264 25 0 402.40398 1.5253958 -0.45845639
156 454.79894 290.65844 0.57136346 0.19926665 -0.053885658 25 0 727.99387 3.0895508 -1.2247384
157 33.690605 295.48859 0.54175052 -0.41008766 -0.43211143 25 0 226.24213 1.0245261 -0.026307577
158 443.53443 295.08207 0.4816372 0.14942743 -0.040228712 25 0 159.0644 1.0033466 -0.0036274837
159 71.08643 297.6849 0.60575581 -0.48767329 0.0053843491 25 0 312.75406 1.1000254 -0.1035068
160 137.55124 297.76119 0.60317833 0.54510713 -0.35544125 25 0 433.39501 1.5946087 -0.50663535
161 52.037882 303.75964 0.57794236 0.12813896 -0.12998148 25 0 1211.6638 4.9679372 -1.7404402
162 399.83129 303.7777 0.64948309 -0.053688704 -0.090861152 25 0 464.71113 1.714127 -0.58510748
163 427.5544 309.58676 0.49086107 0.45842331 -0.034304802 25 0 829.32229 3.5264823 -1.3683543
164 195.55168 309.42516 0.61894185 0.47174715 -0.18440572 25 0 703.78876 2.5250441 -1.0056724
165 114.72153 314.10629 0.61413847 -0.0027058359 -0.24496818 25 0 3454.9544 13.314988 -2.8108519
166 36.880324 318.00674 0.67030915 0.024605487 -0.41270929 25 0 386.47467 1.4152398 -0.37707511
167 164.30039 323.6858 0.54731195 0.16608773 -0.24529327 25 0 310.25739 1.2006579 -0.1985482
168 307.24032 326.01902 0.59416239 -0.12801461 -0.28231794 25 0 596.14614 2.4357255 -0.96657087
169 239.91957 328.91128 0.66700994 0.27550619 -0.22553896 25 0 367.12147 1.3381241 -0.31624095
170 264.51884 333.21494 0.60594271 0.58987761 -0.019344806 25 0 532.23747 2.0093318 -0.75762916
171 7.5272615 334.01608 0.67788464 -0.0077914847 -0.26928375 25 0 13038.673 47.641987 -4.1949747
172 357.39692 333.50903 0.51249283 -0.069793167 -0.090169003 25 0 414.88933 1.6935782 -0.57201314
173 53.851463 335.07756 0.65080975 -0.12915782 -0.1858084 25 0 1050.1589 3.8673427 -1.4685316
174 240.63553 334.78984 0.5511206 0.24815579 -0.21299284 25 0 838.70003 3.4221549 -1.3357492
175 465.69466 341.26209 0.60960014 0.14887491 0.19835037 25 0 976.28051 3.5950192 -1.389253
176 236.86369 344.57259 0.68555405 0.35194242 -0.051845565 25 0 399.63976 1.2883239 -0.27506265
177 337.64782 347.24005 0.62061753 -0.27572103 -0.1699156 25 0 747.01658 2.8097938 -1.1216861
178 216.77141 350.81315 0.57534583 0.18999769 -0.18647272 25 0 5053.0081 20.211447 -3.2639935
179 358.8467 352.30899 0.61108642 -0.21281515 -0.13188795 25 0 1037.0527 4.0143648 -1.5090421
180 470.2772 353.04235 0.51776771 -0.042189559 0.057028741 25 0 309.35776 1.2091334 -0.20618558
181 275.72821 354.86323 0.58101967 0.054077488 -0.24881183 25 0 24447.43 96.9581 -4.9664602
182 0.068909479 356.93733 0.96979736 -0.33515984 0.3566353 25 0 838.02859 2.5391586 -1.0117246
183 0.30043283 360.38308 0.92839724 0.37997546 0.45710031 25 0 615.83779 1.7420283 -0.60263801
184 391.56558 361.94751 0.62638726 -0.12740626 -0.22255362 25 0 2020.1888 7.6587705 -2.2103976
185 456.80017 362.44413 0.65426122 0.36416522 0.010926977 25 0 407.00822 1.5009629 -0.44092487
186 203.08902 363.81136 0.59545212 -0.016771183 -0.21396687 25 0 1609.7114 6.3166926 -2.0012244
187 255.1604 365.01864 0.60489999 -0.037835408 -0.17144675 25 0 2865.6233 11.26848 -2.6296634
188 72.589323 366.4546 0.57843986 -0.32601276 -0.11152867 25 0 4295.3481 16.362478 -3.0346227
189 404.80568 366.36991 0.59441876 -0.14356448 -0.10580549 25 0 1100.4012 4.3357187 -1.5926527
190 115.86481 367.14366 0.58332255 0.20505414 -0.25574815 25 0 515.94366 1.8835534 -0.68744483
191 476.54006 368.40517 0.57757414 0.39656313 -0.15699603 25 0 8076.0472 31.711867 -3.7530545
192 0.23833578 369.41729 0.90437337 0.291439 0.36643895 25 0 513.46157 1.5720806 -0.49118699
193 452.96606 375.99848 0.59608592 0.027065115 -0.27846185 25 0 305.15082 1.3053532 -0.28932005
194 423.16007 377.74461 0.62881821 -0.6149419 -0.30751079 25 0 296.71078 1.0089499 -0.009674006
195 342.98535 379.56919 0.59188741 0.06547408 0.044489881 25 0 3105.1953 11.865392 -2.6857052
196 2.9455771 379.75281 0.57733661 -0.33293604 -0.22277611 25 0 277.78651 1.1110712 -0.11435471
197 51.884293 380.48638 0.57232998 0.3957909 -0.022719995 25 0 3244.5613 12.874516 -2.7743273
198 97.71374 382.17571 0.5532173 0.18042966 -0.40463495 25 0 539.06731 2.1694462 -0.84087219
199 204.32756 383.87524 0.70977401 -0.069207866 -0.28719613 25 0 715.2784 2.4551287 -0.97518566
200 246.18237 384.74883 0.59943751 0.31412672 -0.047000235 25 0 333.33032 1.2033283 -0.20096033
201 461.11229 384.81028 0.60334133 -0.46172937 0.24698968 25 0 631.85765 2.2186408 -0.86521751
202 77.568418 385.21879 0.50090925 -0.39830847 0.051682974 25 0 302.84307 1.2162522 -0.21255909
203 121.61708 386.51853 0.57020046 0.57264359 -0.23502252 25 0 1238.7765 4.6213698 -1.6619268
204 493.57002 386.46455 0.60754043 0.59943967 -0.38368308 25 0 322.21052 1.2266018 -0.221759
205 461.70889 388.45124 0.6459422 -0.30162662 0.022310491 25 0 2137.9798 7.7260971 -2.2199004
206 432.53479 388.76938 0.63918372 -0.3868721 -0.23446179 25 0 2525.6337 9.3411605 -2.4260021
207 37.161302 391.47709 0.58225007 0.70815916 -0.02146565 25 0 606.33177 2.3452562 -0.92547575
208 223.63359 396.57771 0.54371828 0.38302222 -0.13043341 25 0 6650.8858 26.891266 -3.5740281
209 150.30357 399.04447 0.52348869 0.14330744 -0.38276577 25 0 293.83498 1.1126005 -0.11584815
210 354.33017 398.62677 0.59869346 0.0046788685 -0.13965896 25 0 742.31359 2.8322662 -1.1303352
211 252.75922 404.06902 0.64011007 0.34395332 -0.12300034 25 0 809.09234 3.0908261 -1.2251864
212 389.62332 403.7258 0.60883623 0.31241858 -0.15936795 25 0 565.0247 2.1172244 -0.81441721
213 250.11301 407.70506 0.63958474 -0.043533028 -0.13841482 25 0 2068.2724 7.6827062 -2.2137856
214 268.43553 407.72643 0.40827901 -0.42594191 -0.2067838 25 0 295.92141 1.288172 -0.2749346
215 471.50586 408.22323 0.6789877 0.49496339 -0.12828192 25 0 523.98164 1.7382416 -0.60027533
216 82.100417 413.00542 0.61803957 0.1766706 -0.075693566 25 0 1006.3897 3.8035105 -1.4504616
217 106.12348 414.48735 0.54660268 0.33871738 -0.1068052 25 0 1924.3663 7.5610534 -2.1964558
218 282.14964 424.69463 0.53580893 0.24609657 0.40026593 25 0 332.68242 1.2533473 -0.24517854
219 162.88409 426.3098 0.56774737 0.21792785 -0.025357131 25 0 360.22856 1.2519168 -0.24393865
220 130.34185 433.41571 0.66142176 0.51229087 -0.14953622 25 0 1075.8131 3.7498266 -1.435028
221 157.00147 432.43865 0.52143288 0.42023606 -0.015085978 25 0 1815.1627 7.2689088 -2.153673
222 379.11672 433.38416 0.54308586 -0.017969692 0.17702839 25 0 294.04467 1.1643767 -0.16523378
223 230.1661 435.95247 0.59614535 0.0064397923 -0.20063121 25 0 1232.6934 4.8983761 -1.7251303
224 489.06113 435.76052 0.24288835 0.14726535 -0.0057406335 25 0 61169.33 303.57825 -6.2056766
225 342.78483 437.8157 0.61167342 0.058158776 -0.14532909 25 0 3318.0603 12.906082 -2.7769861
226 243.22445 440.40589 0.56001794 -0.080742804 0.05020004 25 0 1098.3915 4.1847351 -1.5541699
227 12.250846 440.80497 0.66069758 0.06012018 -0.16590333 25 0 422.80484 1.6369972 -0.53511986
228 89.369779 442.17866 0.66366249 0.18077199 -0.25734829 25 0 15071.024 55.929974 -4.3691115
229 474.35578 442.96209 0.79846617 -0.37181964 -0.52220233 25 0 457.31297 1.4033764 -0.36793544
230 62.17305 447.76191 0.61166172 0.027017392 0.12054684 25 0 271.66102 1.0542626 -0.057371956
231 460.91155 449.23028 0.6031401 -0.62831405 -0.028133747 25 0 344.4232 1.3325205 -0.31168477
232 209.73946 449.84408 0.62601222 0.10976753 -0.5690744 25 0 284.05325 1.0185855 -0.01999368
233 475.24469 452.31692 0.62617574 0.13901 -0.14087621 25 0 2277.2456 8.6661446 -2.3445648
234 377.47295 454.97386 0.6586429 -0.11475484 -0.08463155 25 0 362.3754 1.2509559 -0.24310504
235 252.87498 455.8985 0.571796 0.55055808 -0.04491825 25 0 293.82166 1.1047566 -0.10816655
236 309.45853 455.89565 0.71467156 -0.2375519 -0.35909524 25 0 821.1483 2.8317984 -1.1301558
237 433.64695 457.16802 0.66672885 0.22757771 -0.30509499 25 0 491.66642 1.7421358 -0.60270498
238 360.27061 460.98191 0.66853046 -0.157675 -0.24416407 25 0 1437.7126 5.0663393 -1.7617357
239 54.385303 461.79323 0.66469798 -0.10683927 -0.23406725 25 0 6179.0956 22.926376 -3.4008386
240 147.41268 462.97742 0.66384709 0.0049935188 -0.30870213 25 0 1336.8044 4.8693632 -1.7186804
241 324.11804 463.60632 0.38464621 0.03149116 -0.17057864 25 0 264.35224 1.0610532 -0.064342848
242 289.3578 465.31709 0.55640372 0.42863559 -0.32071933 25 0 351.46066 1.2988562 -0.28390267
243 425.72156 464.48313 0.44301534 0.26672529 -0.14672109 25 0 60670.564 262.4997 -6.047822
244 43.501942 466.84251 0.70853885 -0.36709689 -0.572724 25 0 373.64538 1.2878909 -0.27469766
245 403.08326 466.82165 0.61758247 -0.21449248 -0.13745707 25 0 392.95398 1.4777921 -0.42403337
246 209.12645 471.06939 0.66683643 0.039675621 -0.21036698 25 0 5595.6687 20.812252 -3.2957977
247 426.97185 472.28235 0.5724733 -0.027936634 -0.23433151 25 0 533.08898 1.8678307 -0.67834378
248 498.91818 471.84439 0.58212463 -0.25816866 -0.16235895 25 0 319.76193 1.3132572 -0.29587448
249 340.81684 472.74696 0.54227336 -0.53063739 -0.31037028 25 0 623.75206 2.4408446 -0.96885032
250 259.17834 474.36581 0.60703143 0.1915709 -0.083049915 25 0 3206.1929 12.529477 -2.7448323
251 112.43296 474.91952 0.63983806 0.024785618 -0.17492916 25 0 506.22952 1.8213824 -0.65100285
252 137.08158 480.30947 0.62237496 0.30505835 -0.13425037 25 0 910.25943 3.3873255 -1.3246423
253 336.51244 479.51838 0.55392255 0.33348414 -0.010174148 25 0 455.23325 1.7033997 -0.57829142
254 62.178937 485.57887 0.64316356 -0.044322206 -0.15350209 25 0 1117.2206 4.0098591 -1.5078228
255 238.33479 495.32942 0.4002566 -0.12889136 0.10773841 25 0 313.15825 1.2860446 -0.27314005
256 495.43488 497.49935 0.60529247 0.30840667 0.045068909 25 0 333.41034 1.1585119 -0.15975129
257 147.93398 499.23173 0.60252079 -0.55731029 -0.8292344 25 0 363.7553 1.3385791 -0.31661007
258 65.247426 500.76967 0.58618671 -0.025748064 -0.23040768 25 0 300.61187 1.0215503 -0.023149358
259 114.15042 502.28134 0.58094937 -0.69084802 -0.27400463 25 0 603.84955 2.3684294 -0.93615111
260 159.56122 502.53575 0.57701962 0.74342558 -0.1010132 25 0 452.46206 1.7978129 -0.63686121
261 278.16911 504.96258 0.84857167 -0.37517124 -0.40221306 25 0 439.94988 1.2009458 -0.19880851
262 115.02429 505.99477 0.67549867 -0.19061807 -0.31178084 25 0 920.49987 3.2386055 -1.2758951
263 161.3708 509.79332 0.68257793 0.022434492 -0.45131422 25 0 918.54382 3.1431684 -1.2434191
