id xcentroid ycentroid sharpness roundness1 roundness2 npix sky peak flux mag
1 291.01471 0.19036289 0.59112325 0.0068844086 -0.33985695 25 0 227.93213 1.1574015 -0.1587101
2 356.50309 2.9240453 0.53185177 -0.1584638 -0.082989402 25 0 261.93427 1.2190457 -0.21504995
3 328.96204 5.559427 0.65258618 0.51192307 0.22933811 25 0 839.92299 3.6831871 -1.4155594
4 338.08584 8.040674 0.63336088 0.087789015 -0.20524687 25 0 420.78703 1.9328266 -0.71548222
5 460.38716 8.7355079 0.58277849 -0.040396742 -0.050819849 25 0 510.32076 2.2943982 -0.90167198
6 503.29833 11.238281 0.73699606 0.026204716 0.49277439 25 0 261.78958 1.0543844 -0.057497441
7 140.81941 13.093386 0.68901691 -0.039564601 0.0075535905 25 0 625.90345 2.7370476 -1.0932059
8 366.42145 14.275477 0.70155815 0.67115567 -0.044004436 25 0 845.89434 3.3843917 -1.3237016
9 55.959202 15.166427 0.73339395 0.13747708 0.024559671 25 0 17342.063 71.801128 -4.6403282
10 3.4832148 16.799256 0.65639917 -0.14139749 -0.08862199 25 0 5756.0645 25.273668 -3.5066707
11 439.92817 17.336085 0.63759686 0.14828444 0.099367743 25 0 824.89834 3.873637 -1.4702973
12 499.06374 17.066417 0.727593 0.26176112 0.02479121 25 0 33412.847 138.15616 -5.3509257
13 456.98014 18.686697 0.58550049 0.47963466 0.24473178 25 0 295.91973 1.4874184 -0.43108285
14 43.96798 20.500343 0.72596048 0.10252166 0.035477133 25 0 232.85786 1.0810246 -0.084588927
15 365.50969 22.708512 0.57856082 -0.86984093 -0.034752153 25 0 309.09587 1.3232054 -0.30406813
16 366.84457 27.818563 0.77486141 0.71088461 -0.12928258 25 0 344.26948 1.3863978 -0.35471966
17 8.9833691 28.933174 0.89038269 0.36142386 0.41889756 25 0 406.61884 1.5162415 -0.45192091
18 385.67002 35.548204 0.59633053 0.55073678 -0.036605546 25 0 538.87616 2.4133767 -0.95656277
19 485.53624 35.835246 0.59347076 -0.42169875 0.057475076 25 0 366.5738 1.6044055 -0.51328532
20 158.29741 38.400554 0.73154545 0.28542274 -0.098536145 25 0 535.84138 2.1694451 -0.84087164
21 145.16784 42.699843 0.57791812 0.49722927 0.17697628 25 0 542.60071 2.5452044 -1.0143067
22 129.71442 42.561178 0.62002129 -0.022883412 -0.03788364 25 0 213.8948 1.0290487 -0.031089801
23 218.16762 43.748422 0.68783452 0.25065575 0.021537889 25 0 1396.4965 5.9519813 -1.9366539
24 450.77395 44.225879 0.53213816 0.11544508 0.19713306 25 0 243.15033 1.2263217 -0.22151107
25 237.49662 44.500545 0.60489363 0.72522827 0.0081972395 25 0 2055.4231 8.9394708 -2.3782795
26 356.16208 46.590501 0.38677861 0.44171672 -0.014601736 25 0 58991.86 288.95962 -6.1520929
27 378.2828 45.495845 0.6801554 -0.077717989 -0.01859922 25 0 508.65498 2.0839264 -0.79720592
28 421.85612 46.307953 0.81585425 0.020616204 0.034911347 25 0 369.27463 1.4249479 -0.38449745
29 97.923126 46.970449 0.70903275 0.36014558 -0.071975177 25 0 751.04944 3.1985997 -1.2623997
30 281.58559 47.041713 0.66170836 -0.16632176 -0.061514483 25 0 373.22445 1.6770669 -0.56137597
31 142.95271 48.839783 0.70143453 0.16323337 0.0042877876 25 0 6045.324 25.4316 -3.5134342
32 185.83476 49.455989 0.65117782 0.34229012 0.017214488 25 0 395.44215 1.75857 -0.61289914
33 431.78536 49.934532 0.66836447 0.39151328 -0.035955248 25 0 1204.589 5.204611 -1.7909707
34 265.19867 54.091457 0.63487262 -0.059056774 -0.27693008 25 0 329.98777 1.6111246 -0.51782279
35 432.37635 55.359506 0.54100732 0.37374232 -0.12566534 25 0 290.24964 1.4364792 -0.39324835
36 84.095514 56.296833 0.56900026 -0.27541188 0.21043044 25 0 276.89518 1.3864016 -0.35472266
37 278.57102 55.68742 0.64699547 0.41370045 -0.18927292 25 0 397.07953 1.6814979 -0.56424085
38 502.20455 55.870206 0.74140425 0.14225639 0.015023159 25 0 1087.4364 4.290715 -1.5813242
39 325.85709 57.028636 0.69090766 0.17090379 -0.088337959 25 0 1888.9803 8.0373328 -2.2627799
40 173.81507 61.777371 0.63206163 0.49682843 0.13893574 25 0 368.01854 1.7050789 -0.57936121
41 474.91523 63.482469 0.62814076 0.50410149 0.16635134 25 0 1566.3888 6.942048 -2.103719
42 61.914984 64.852879 0.76921759 0.25494236 0.12959517 25 0 366.22367 1.4246718 -0.38428707
43 29.100581 67.879025 0.83182603 -0.19131783 -0.16635422 25 0 567.46058 2.1793666 -0.84582572
44 381.16716 67.627207 0.62762773 -0.16666308 0.10445515 25 0 373.44426 1.7123557 -0.58398498
45 62.994593 70.031087 0.70961914 0.079386303 0.0083273466 25 0 849.6169 3.68797 -1.4169684
46 86.026548 69.685155 0.63304251 -0.21662485 0.038465203 25 0 497.78387 2.1240958 -0.81793525
47 201.04535 70.019454 0.82818688 0.5637086 -0.065449739 25 0 348.79595 1.2100309 -0.20699116
48 464.39983 70.460559 0.67603956 0.72209761 0.03745756 25 0 1600.3632 6.5861347 -2.0465765
49 503.20627 71.043866 0.74921498 0.39104773 0.032426597 25 0 540.0704 2.2309625 -0.87123067
50 29.435839 71.809919 0.58389993 -0.43945113 0.022247478 25 0 455.39538 2.1559278 -0.83408554
51 144.0008 71.625041 0.80749225 -0.24933068 -0.34427532 25 0 479.98786 1.7948237 -0.63505446
52 449.68988 72.145361 0.60947928 0.12571308 -0.037979532 25 0 675.62334 3.2081424 -1.2656341
53 68.408905 74.070386 0.67366746 0.39553373 -0.11468716 25 0 278.98414 1.2235815 -0.21908227
54 87.277177 74.889007 0.693627 0.02439001 -0.051100247 25 0 1880.4097 8.0446837 -2.2637724
55 345.43428 76.051966 0.75659765 0.21555688 0.079517518 25 0 332.57316 1.4249216 -0.38447744
56 500.37346 78.99346 0.71197426 0.35936608 0.038877442 25 0 1089.0253 4.3287151 -1.5908975
57 382.21099 83.164281 0.67412194 0.26925683 -0.022322838 25 0 3834.3283 16.495968 -3.0434445
58 2.6506843 86.042137 0.74470648 -0.021132785 -0.058789246 25 0 850.63126 3.5347348 -1.3708921
59 151.29174 86.496966 0.6215571 0.089004419 0.061270546 25 0 467.87308 2.1144091 -0.81297252
60 466.72544 88.331857 0.75314254 -0.054787641 -0.07663933 25 0 301.87536 1.2836068 -0.27108001
61 123.44964 90.232054 0.60288771 -0.33097906 -0.29286767 25 0 628.89761 2.865863 -1.1431386
62 176.10687 90.133463 0.7173074 0.10994194 -0.17541685 25 0 420.44192 1.6646285 -0.55329334
63 264.85778 93.623896 0.62482334 0.41058912 0.55472573 25 0 250.35001 1.1519073 -0.15354386
64 186.70618 96.992079 0.65969163 0.06207897 -0.027686076 25 0 556.06052 2.3786929 -0.94084594
65 315.26628 97.516861 0.61081851 0.17936038 0.054043738 25 0 1184.179 5.1928087 -1.7885058
66 319.23124 99.261483 0.64511565 0.010106829 -0.037041947 25 0 1492.6025 6.3608171 -2.0087823
67 217.55397 100.38071 0.61043284 0.70195592 -0.1008132 25 0 1479.9637 6.4435375 -2.0228109
68 147.24874 104.30903 0.71982997 0.23954748 -0.048583277 25 0 398.67212 1.5811738 -0.49744905
69 483.37469 103.86512 0.67796341 0.37671475 -0.069127657 25 0 452.73162 2.0350922 -0.77146025
70 85.173956 104.67703 0.62931519 -0.010599962 0.0091470971 25 0 3691.9247 16.170922 -3.021837
71 93.339403 105.89407 0.7628524 -0.086168512 -0.27369863 25 0 298.13933 1.2257088 -0.2209683
72 328.08953 106.02207 0.70139047 0.11776803 0.096297705 25 0 354.56277 1.4372924 -0.39386282
73 363.92808 115.53833 0.6223685 0.259518 -0.085850968 25 0 632.06441 2.9071415 -1.1586654
74 250.54658 117.69819 0.61829772 0.45728512 -0.09325023 25 0 16026.723 70.525027 -4.6208582
75 268.05739 117.69972 0.71395583 0.30359834 0.14268554 25 0 1194.8667 4.8293334 -1.709718
76 278.01456 119.07892 0.66735117 -0.028814056 -0.082024434 25 0 2159.1082 9.4242251 -2.4356141
77 334.68007 118.75071 0.57856258 0.35470954 -0.10641613 25 0 1105.18 5.2729669 -1.8051376
78 479.84672 120.19393 0.682241 0.28863957 -0.023623255 25 0 487.34344 2.1046961 -0.80797348
79 129.62088 121.26831 0.59608531 0.45560546 -0.29040688 25 0 453.65069 2.112736 -0.81211308
80 230.24711 120.77748 0.71594709 0.34708453 0.017129189 25 0 588.11153 2.3554742 -0.93019586
81 345.21931 121.25902 0.78288362 0.62395504 -0.24061092 25 0 279.95815 1.0669211 -0.070330741
82 184.51819 122.43676 0.66169943 -0.029636446 -0.36245905 25 0 468.26167 2.0444959 -0.77646561
83 82.217718 122.82171 0.54634786 -0.10197419 -0.55509599 25 0 461.45377 2.2194666 -0.86562155
84 181.97192 124.43173 0.60843309 0.092348632 0.091159653 25 0 2090.0432 9.528695 -2.4475836
85 509.90666 124.48068 0.50984564 -0.073840797 0.21230125 25 0 357.39463 1.8172909 -0.64856116
86 14.477257 126.21952 0.59210567 0.3867485 -0.05582258 25 0 409.30595 1.9492262 -0.72465559
87 205.94785 129.82201 0.70735182 0.29103315 -0.022728753 25 0 2120.5574 8.8290311 -2.3647826
88 9.5174846 132.22493 0.73011323 0.30738918 -0.13602759 25 0 495.45388 2.194084 -0.85313311
89 37.134155 131.41538 0.64106343 0.091705001 0.22266902 25 0 1203.3482 5.321075 -1.8149984
90 283.37474 133.10466 0.56237872 -0.1225263 -0.37589518 25 0 459.38975 2.1545946 -0.83341394
91 425.87002 141.08017 0.67798229 0.15597475 -0.044314651 25 0 14087.691 60.374996 -4.4521428
92 414.25348 143.99163 0.78522084 -0.053019882 0.22333709 25 0 272.59407 1.0722201 -0.075709852
93 328.77653 146.75489 0.65207133 0.31910997 -0.047604381 25 0 3170.4192 13.60255 -2.8340508
94 44.553168 147.81455 0.48658084 0.12010859 -0.14106959 25 0 605.60683 3.063393 -1.2155068
95 27.470555 151.96589 0.63078816 0.084634404 -0.29816446 25 0 647.32458 2.8961458 -1.1545511
96 481.80863 151.85833 0.7101954 0.3981054 0.17284938 25 0 234.98718 1.1210354 -0.12404831
97 127.34581 161.15557 0.64717747 0.12592672 -0.019612725 25 0 545.03568 2.5383313 -1.0113708
98 415.83302 162.58259 0.62666674 0.47229091 0.092520162 25 0 50248.088 220.49301 -5.8584871
99 454.97264 165.89116 0.71049412 0.42410826 0.078453305 25 0 644.61236 2.7519463 -1.0990999
100 236.37805 166.84977 0.61862811 -0.0015003884 -0.19781473 25 0 505.01169 2.170081 -0.84118987
101 183.2404 170.00737 0.65544987 0.032633766 -0.21175139 25 0 501.24884 2.1526373 -0.83242715
102 486.34731 172.48781 0.69342516 0.13540045 0.070855911 25 0 259.97573 1.1220159 -0.12499755
103 63.238777 174.03934 0.60888443 0.38951787 0.033398607 25 0 401.75947 1.9327726 -0.71545188
104 508.03708 174.29673 0.71555439 0.27404017 0.12205887 25 0 7785.7792 32.359642 -3.7750093
105 255.93955 175.19777 0.65050762 0.21968661 0.003791916 25 0 1983.362 8.6316172 -2.3402304
106 376.17783 174.84364 0.65189138 0.32436416 0.0033382811 25 0 530.58429 2.4170131 -0.95819749
107 194.00459 175.93442 0.70725227 0.16432455 0.038434508 25 0 1190.9697 4.8951568 -1.7244165
108 443.31742 176.97142 0.77405519 -0.0022816944 0.0065923525 25 0 451.18613 1.8201642 -0.65027643
109 182.48604 178.57195 0.59920077 0.55837458 -0.066671399 25 0 1406.3912 5.9575933 -1.9376771
110 451.0194 183.59039 0.65938404 0.14729612 0.063921532 25 0 2768.7723 11.702365 -2.6706841
111 46.519672 184.53122 0.57409387 0.49228713 0.044832205 25 0 670.50532 3.1198776 -1.2353439
112 144.82505 184.63407 0.62603037 0.65799312 0.15512855 25 0 1752.5249 7.4854115 -2.1855392
113 440.90079 185.84778 0.7117842 0.41336871 0.12756189 25 0 727.03501 3.1097692 -1.2318204
114 19.87112 187.14409 0.84950125 0.63153113 -0.067779466 25 0 317.24683 1.1858896 -0.18511066
115 256.52916 187.36622 0.52341243 -0.23055697 -0.025271698 25 0 962.63171 4.7018903 -1.6806812
116 451.41538 188.46562 0.57843603 -0.34566327 0.079311276 25 0 760.1008 3.5043067 -1.3615053
117 219.12681 190.06001 0.71270577 0.34183561 0.072999558 25 0 794.91658 3.1213804 -1.2358667
118 356.17959 190.45525 0.64208811 0.19534974 0.53786245 25 0 239.14179 1.0499349 -0.052905887
119 101.42718 191.14907 0.68170043 0.26180389 -0.10111533 25 0 41124.535 173.38735 -5.5975435
120 151.06008 192.32384 0.63958843 0.64818651 0.029383647 25 0 415.64516 1.8229303 -0.65192518
121 282.37804 196.29344 0.5591523 0.49185079 -0.029116231 25 0 256.88003 1.1936418 -0.19218507
122 450.55027 196.57338 0.52189231 -0.48166341 -0.073309415 25 0 347.99376 1.7322577 -0.59653128
123 421.27369 199.5433 0.77210719 0.49261392 0.60638168 25 0 217.07893 1.0019083 -0.0020699377
124 484.59844 200.38172 0.62864152 0.085960239 0.1399248 25 0 575.86417 2.6280362 -1.0490783
125 411.7741 202.27176 0.56657753 0.68048793 -0.26988356 25 0 284.30206 1.3707112 -0.34236491
126 198.0087 202.97528 0.76688771 -0.091902614 -0.007978556 25 0 787.7947 3.1895813 -1.2593342
127 379.03379 202.52561 0.64288743 0.28049506 -0.15019491 25 0 267.60143 1.1296197 -0.13233061
128 228.41998 204.02372 0.7679499 -0.31885405 -0.059380547 25 0 392.29987 1.5419062 -0.47014487
129 96.557592 205.23565 0.58054232 -0.16729056 0.087937422 25 0 530.30558 2.4324957 -0.9651302
130 435.70029 205.06133 0.58328432 -0.14484653 -0.29189017 25 0 359.50372 1.8725607 -0.68108974
131 499.23256 206.34161 0.67172097 0.63175643 0.10604449 25 0 756.8101 3.3341122 -1.3074505
132 42.279255 214.12314 0.69328084 0.61641758 -0.15252545 25 0 434.24131 1.8620114 -0.67495583
133 44.478139 215.72133 0.62213465 0.20114672 -0.30240409 25 0 466.02303 2.1277379 -0.8197953
134 455.51722 216.45489 0.55296681 0.70468964 0.053287406 25 0 877.44536 4.0595411 -1.5211924
135 364.97009 216.26056 0.33643871 0.85929009 0.5365388 25 0 157.25053 1.1416259 -0.1438095
136 17.759595 217.78776 0.69344125 0.29673335 0.017635406 25 0 2118.9633 9.1325029 -2.4014746
137 356.21568 218.74002 0.6470591 0.07460077 0.021253918 25 0 1499.8199 6.5132536 -2.034495
138 286.34413 220.87076 0.64400133 -0.11681378 0.0032637911 25 0 736.12412 3.2324742 -1.2738377
139 180.54996 222.25505 0.6489785 0.62764918 -0.0015142303 25 0 924.88348 3.8626199 -1.4672049
140 509.22612 225.04254 0.70134661 0.17977394 -0.016450592 25 0 5650.4656 23.946418 -3.4481014
141 250.46036 225.68874 0.45518533 0.028612848 0.19671029 25 0 220.34299 1.1709321 -0.17132927
142 470.41756 225.66399 0.7052652 -0.21622833 0.026825846 25 0 263.11188 1.263164 -0.25364934
143 269.85929 227.57568 0.62010885 0.44090576 0.099887438 25 0 2773.3465 12.22883 -2.7184623
144 15.282872 229.96054 0.71754248 -0.32601675 -0.26366935 25 0 392.19934 1.6793876 -0.56287733
145 382.00845 229.61006 0.64124934 0.23918887 0.04828308 25 0 4544.8166 19.776048 -3.2403488
146 452.05878 230.20223 0.68894902 0.21629141 0.021120201 25 0 16046.294 67.821496 -4.5784184
147 287.74538 231.65402 0.48683727 0.033337735 0.029145728 25 0 176.40711 1.051653 -0.054681139
148 356.98441 232.00992 0.71201474 0.22947655 -0.067255638 25 0 1265.1087 5.2824918 -1.8070971
149 409.1001 233.17552 0.84712495 -0.18357684 0.072753827 25 0 301.89584 1.1010412 -0.10450897
150 210.41847 238.38978 0.62733829 0.64925172 0.060803668 25 0 677.45213 2.9732785 -1.183089
151 270.4817 239.30345 0.70597756 0.40003114 -0.14846488 25 0 777.88321 3.2431524 -1.2774184
152 461.25961 241.71062 0.64737807 0.11272551 0.047666009 25 0 1973.0171 8.5016715 -2.3237608
153 60.811598 242.82461 0.78804893 0.44985012 0.048510224 25 0 466.81556 1.8044148 -0.64084096
154 81.584809 253.01911 0.63309552 0.17029574 -0.22898771 25 0 259.49972 1.2383135 -0.23207654
155 458.0933 255.10463 0.68983631 0.21083253 0.021234149 25 0 8717.9139 37.039542 -3.921664
156 234.03434 255.93317 0.68646316 0.1882724 -0.025233732 25 0 5696.04 24.369586 -3.4671204
157 6.33745 256.91068 0.68277387 0.26725513 0.01037236 25 0 1074.8439 4.6172269 -1.660953
158 228.08619 257.49916 0.57232103 0.4642273 0.19529821 25 0 206.70706 1.0849014 -0.088475668
159 296.0781 258.30484 0.62806226 0.44386306 0.1453524 25 0 504.78189 2.3860908 -0.94421741
160 361.71746 264.5388 0.68226662 0.32728279 0.1451165 25 0 370.83758 1.5221213 -0.45612315
161 134.73232 266.43711 0.55971371 -0.22452369 0.036936604 25 0 276.99037 1.3733096 -0.34442113
162 16.556462 276.84562 0.72130539 0.14800751 0.11463383 25 0 287.45849 1.3232413 -0.30409758
163 56.400186 276.93675 0.64227616 0.73589171 -0.37460637 25 0 232.21014 1.0373094 -0.03977077
164 63.241765 276.79008 0.69874811 0.092683402 0.041509815 25 0 1618.6226 6.8349443 -2.0868374
165 119.64409 278.27608 0.70338834 -0.13765185 -0.083377204 25 0 290.18106 1.1427258 -0.14485509
166 245.36331 284.88131 0.5697967 0.17304529 0.15719666 25 0 333.61186 1.6735058 -0.55906802
167 77.587326 285.9408 0.60598249 -0.085159824 -0.22164666 25 0 715.75096 3.2045571 -1.26442
168 377.7822 287.99654 0.66767572 0.11782788 -0.059271483 25 0 5981.1026 25.756867 -3.5272326
169 190.58924 289.59564 0.59236278 0.83780721 -0.059906291 25 0 767.52968 3.4052491 -1.3303722
170 69.047743 290.9043 0.72627572 0.25336901 0.043342012 25 0 1560.7069 6.4483046 -2.0236139
171 97.447548 290.62334 0.60196062 -0.057986358 -0.11435238 25 0 1119.6988 5.0134761 -1.7503474
172 352.16502 292.80493 0.65566079 0.024037145 -0.022343665 25 0 544.24427 2.5840579 -1.0307556
173 483.40917 292.74642 0.63006395 -0.033173962 -0.030107502 25 0 687.91509 3.0287199 -1.2031478
174 21.583208 295.90167 0.75227929 -0.02724628 -0.15256579 25 0 524.33744 2.020193 -0.76348218
175 37.232729 295.81422 0.64302303 -0.48989146 -0.21412099 25 0 302.8213 1.4329452 -0.39057395
176 166.43426 300.31113 0.46000449 -0.54797601 -0.42583133 25 0 348.96964 1.8527902 -0.6695656
177 99.760711 300.32077 0.61354709 0.407952 0.13930249 25 0 252.90195 1.0126283 -0.013625163
178 80.785374 306.50646 0.57705868 0.090497261 0.13378436 25 0 1183.0781 5.4812985 -1.8472086
179 428.42525 306.00056 0.82064947 0.51622687 -0.15635554 25 0 418.04135 1.5389907 -0.46808996
180 224.27934 311.90338 0.60945497 -0.024933916 -0.083968167 25 0 869.36549 4.0159804 -1.509479
181 456.12681 311.55157 0.63822341 0.043963736 0.13309185 25 0 1039.1549 4.6935978 -1.6787647
182 143.5725 316.66609 0.62050235 0.525351 -0.11093087 25 0 3174.839 13.788864 -2.8488212
183 19.529338 318.55433 0.56610575 -0.26905415 -0.0045529668 25 0 1858.6027 8.4589582 -2.3182922
184 3.9702526 318.32083 0.65311594 0.13283059 0.23985129 25 0 933.75274 3.9735443 -1.4979451
185 230.53998 319.61841 0.45827564 0.18218276 0.24574981 25 0 189.83763 1.0442251 -0.046985353
186 65.348441 320.7249 0.42419401 -0.35705764 -0.25736388 25 0 291.95051 1.6006572 -0.5107458
187 193.05372 326.16651 0.69377612 -0.00085462965 -0.059091199 25 0 361.05532 1.526757 -0.4594248
188 335.83316 328.14999 0.62741099 0.15906849 0.15339255 25 0 619.97479 2.7068614 -1.0811651
189 498.57814 330.0625 0.78832684 0.052257881 -0.39439952 25 0 268.15052 1.0968175 -0.10033591
190 268.58061 331.03551 0.74795349 0.00087937111 -0.080427952 25 0 362.28191 1.5105276 -0.44782163
191 26.155392 335.64989 0.68303175 0.1579387 0.10717083 25 0 5196.7307 22.145298 -3.3632038
192 385.99534 335.94236 0.58585096 0.06951815 -0.10322532 25 0 507.04761 2.2471782 -0.87909377
193 36.383874 336.57708 0.61560311 -0.20337223 0.03758675 25 0 11473.097 50.851208 -4.2657532
194 269.46058 337.18636 0.58052327 -0.084900242 -0.15447473 25 0 790.15752 3.5242191 -1.3676572
195 82.609437 337.742 0.68361281 -0.0047657335 -0.15660086 25 0 980.12209 3.8410715 -1.461131
196 494.42106 343.40559 0.69297642 0.7677081 0.35743439 25 0 918.07956 3.6110525 -1.3940845
197 265.53295 347.00457 0.63326811 0.42816616 0.01548622 25 0 443.38659 2.1389282 -0.82549051
198 366.36229 349.40085 0.67294807 0.44225142 0.068352431 25 0 728.25887 3.0595943 -1.2141596
199 245.58942 353.22442 0.63968438 -0.11546517 -0.13476618 25 0 5212.6261 22.611758 -3.3858358
200 53.009754 355.01431 0.67805703 -0.049396481 0.69327116 25 0 313.38539 1.1484786 -0.15030724
201 387.62283 354.36299 0.54576841 0.44326441 -0.17010436 25 0 909.35242 4.3745665 -1.6023376
202 18.03505 356.046 0.74296847 0.2551457 0.38570664 25 0 520.75086 2.0683873 -0.78907964
203 27.645999 355.64096 0.64004975 0.066946253 0.29644226 25 0 735.53178 2.998772 -1.1923586
204 304.43233 357.09662 0.62358172 -0.047889775 -0.22409838 25 0 24013.124 104.37605 -5.0465021
205 0.50735199 357.51255 0.69821146 -0.15259397 0.2016586 25 0 818.67606 3.341827 -1.3099599
206 27.837303 359.57091 0.63548487 -0.0084002364 0.29975888 25 0 1263.7526 5.256725 -1.8017881
207 162.86545 359.38499 0.78707142 0.52120488 0.23828857 25 0 363.42015 1.3494304 -0.3253762
208 449.09928 359.31859 0.74512934 0.31604201 0.30663877 25 0 301.74821 1.2224483 -0.21807626
209 28.92769 362.79108 0.71995448 -0.23145852 0.22811562 25 0 694.58621 2.7540956 -1.0999475
210 420.27963 364.12346 0.70278125 0.19834457 -0.068067618 25 0 2158.3185 8.9825213 -2.3834956
211 485.78128 364.6643 0.64480483 -0.35725327 -0.20549898 25 0 311.94409 1.469354 -0.41781607
212 231.84842 366.28816 0.62422055 0.1742945 -0.023787349 25 0 1623.9092 7.2725215 -2.1542125
213 283.94652 367.40093 0.64018564 0.10987912 0.051522319 25 0 2763.4778 11.961472 -2.6944616
214 101.54435 368.99227 0.65768264 0.062362576 -0.21430301 25 0 4864.6931 20.64956 -3.287277
215 433.41911 368.41956 0.54877191 0.69582131 0.056032631 25 0 854.16249 3.8810267 -1.4723666
216 144.82082 369.827 0.65572479 0.15855595 -0.15156782 25 0 514.96042 2.1825107 -0.84739095
217 505.24927 370.47702 0.63432054 -0.11964015 0.17184583 25 0 8799.2485 38.339661 -3.9591207
218 28.534426 372.05104 0.69767085 0.10008244 -0.10164069 25 0 520.98095 2.1240486 -0.8179111
219 9.0476782 375.78269 0.77041132 0.28934068 0.068806222 25 0 922.38228 3.6630794 -1.4096158
220 481.8607 378.49964 0.95233246 0.23779585 0.2889939 25 0 282.31685 1.0379869 -0.040479705
221 452.18728 380.00986 0.74165083 0.26390545 -0.007132511 25 0 410.46878 1.7486418 -0.60675217
222 371.81258 381.64068 0.6451264 0.36040842 0.084285857 25 0 3503.5076 15.388085 -2.9679614
223 31.91064 382.52852 0.77570586 0.60713135 0.35018232 25 0 350.00877 1.299525 -0.28446161
224 80.643322 383.15549 0.63230612 0.052824386 -0.089645981 25 0 3570.8979 15.852613 -3.0002522
225 126.46091 384.70618 0.65517141 -0.29656517 -0.11459055 25 0 633.0757 2.6262404 -1.0483362
226 233.27832 386.08053 0.69200826 0.36870396 -0.15568587 25 0 727.37145 3.0610213 -1.2146659
227 274.90387 386.96028 0.95634014 -0.30942286 -0.001891401 25 0 392.28139 1.2306412 -0.22532866
228 489.75617 387.06013 0.8393406 -0.74063091 0.054183792 25 0 802.47938 2.7620429 -1.103076
229 106.30248 387.79844 0.63676656 -0.28754284 -0.0050297053 25 0 402.34555 1.8040554 -0.64062465
230 10.982507 389.15264 0.75133586 0.38957455 0.018066065 25 0 1201.502 4.8512502 -1.7146342
231 150.48939 389.03582 0.6821853 0.15176318 -0.14883189 25 0 1456.0327 5.9696193 -1.9398666
232 461.1967 390.99446 0.69352388 0.094621 -0.051747075 25 0 2960.7605 12.75071 -2.7638359
233 490.51688 390.51404 0.59197079 0.43407471 0.020513878 25 0 1830.868 8.0178245 -2.2601414
234 66.054204 394.08442 0.65219727 0.3516204 -0.080894949 25 0 576.86376 2.3262487 -0.91664038
235 103.32028 399.30346 0.69278182 0.87804265 0.14488489 25 0 243.72569 1.0370553 -0.039504795
236 252.54313 398.90176 0.61973857 -0.02922595 -0.18283954 25 0 7232.9787 31.663809 -3.7514079
237 179.13346 401.4287 0.79241865 0.32739842 0.22069174 25 0 313.9187 1.201601 -0.19940071
238 383.02279 400.81966 0.7354608 0.13165825 -0.075499447 25 0 894.76879 3.527088 -1.3685407
239 281.41513 406.36723 0.57058524 -0.0086904754 -0.19599986 25 0 562.13564 2.5763605 -1.0275166
240 418.39471 405.83741 0.64133504 -0.13745271 -0.093057394 25 0 599.82545 2.5890382 -1.0328461
241 27.93526 408.29702 0.876444 0.28369198 0.4448404 25 0 333.16811 1.1538429 -0.15536671
242 9.2398021 410.30784 0.73139987 0.41220516 0.10216599 25 0 1047.4915 4.2528315 -1.5716954
243 278.93403 410.05744 0.71064613 0.13227879 -0.0070039659 25 0 2335.6897 9.7014921 -2.4670963
244 297.12902 409.49219 0.62096018 0.54477662 0.21239215 25 0 293.97586 1.3031837 -0.2875141
245 500.48125 410.17049 0.74983007 0.55888362 -0.012036667 25 0 474.37804 1.7822794 -0.62743946
246 47.426324 414.61535 0.61672347 0.38418622 0.23647774 25 0 282.41363 1.1569881 -0.15832224
247 111.02187 415.44803 0.62885223 0.47649202 0.2272112 25 0 933.07278 4.0826859 -1.5273649
248 135.00592 416.99203 0.73633383 0.17018463 -0.028763865 25 0 2677.9435 10.898171 -2.593384
249 34.069155 420.41825 0.55845423 0.52355044 0.46495026 25 0 211.64213 1.0119314 -0.012877633
250 310.8779 426.93783 0.67352859 -0.026369121 0.023031262 25 0 517.11776 2.3125405 -0.91022335
251 191.57326 428.5828 0.5819408 -0.26340508 0.066829826 25 0 292.58718 1.3377035 -0.31589964
252 220.85361 433.84798 0.53613258 -0.47021882 -0.3376084 25 0 307.70424 1.4994091 -0.43980036
253 185.7418 435.0076 0.68749473 0.24616478 -0.12078347 25 0 2379.2784 9.9256192 -2.491894
254 159.40849 435.91729 0.70291561 0.13685787 -0.0515223 25 0 1126.9942 4.5802306 -1.6522184
255 200.47883 436.48365 0.6574352 0.37405051 0.14220399 25 0 271.03441 1.1461925 -0.14814389
256 408.24098 435.36142 0.58448449 -0.046051932 0.41930848 25 0 345.09591 1.6467919 -0.54159683
257 188.35078 437.50978 0.78913581 0.21872044 -0.19996856 25 0 349.79463 1.1971433 -0.19536533
258 259.08724 438.25951 0.71194749 0.16558393 0.1004132 25 0 1220.5809 4.9993356 -1.7472807
259 371.55647 439.99173 0.65288361 0.0081031294 -0.17555886 25 0 3388.3845 14.654982 -2.9149632
260 41.01856 443.46593 0.71771311 0.48570506 0.069033851 25 0 352.60302 1.3392563 -0.31715922
261 272.08198 442.72226 0.69977639 -0.15132966 0.16810283 25 0 1301.965 5.3185914 -1.8144916
262 118.22149 444.71641 0.69495838 0.072277246 0.020385828 25 0 15459.419 64.993539 -4.5321755
263 503.36503 445.05879 0.49306285 -0.2851855 -0.045690215 25 0 323.73538 1.7444168 -0.60412565
264 489.76236 451.40216 0.9276833 -0.030381935 -0.0047054511 25 0 399.74093 1.2772324 -0.26567479
265 239.1937 452.12443 0.70131939 0.32713678 -0.084592604 25 0 397.92177 1.61616 -0.52121086
266 504.15065 454.41892 0.6772574 0.33535113 0.11555648 25 0 2306.995 9.765855 -2.4742757
267 406.50029 456.99452 0.65842857 -0.19409173 -0.26380501 25 0 406.11084 1.736916 -0.59944703
268 281.91425 458.30058 0.70543236 -0.0061323864 -0.5681544 25 0 304.92936 1.3156869 -0.29788135
269 338.01407 458.18324 0.70728801 0.045806331 -0.090762362 25 0 736.84281 2.9423959 -1.1717528
270 98.803533 459.38785 0.6238725 0.12347527 0.088208977 25 0 249.96314 1.1393833 -0.1416746
271 462.30817 459.23984 0.58566834 0.28525737 0.049023335 25 0 423.19884 1.984809 -0.74429682
272 389.18775 463.08067 0.7309171 0.027144374 -0.042101242 25 0 1595.2041 6.4209453 -2.0189974
273 83.285926 464.33162 0.70232038 0.44422779 -0.00079925361 25 0 6123.7265 25.283936 -3.5071117
274 176.24448 465.39431 0.64288923 0.57007917 0.085543749 25 0 1185.3007 5.2049644 -1.7910444
275 352.86458 465.8736 0.62910577 0.31556978 0.77410363 25 0 300.08252 1.2925741 -0.27863862
276 454.61841 466.58721 0.44886927 0.43401809 -0.010253172 25 0 61220.504 313.7521 -6.2414666
277 318.22681 467.47336 0.54937018 -0.50898893 0.32701334 25 0 376.44461 1.8847566 -0.68813818
278 432.02957 469.03755 0.85917078 -0.26801982 0.10881124 25 0 497.56588 1.8796948 -0.68521836
279 72.381631 469.21049 0.49615476 -0.56585239 0.3667584 25 0 237.32572 1.2198625 -0.21577716
280 16.980225 472.04172 0.47327332 0.22004182 0.35863036 25 0 201.88893 1.0824658 -0.086035466
281 237.99746 473.44726 0.67141626 0.2783983 0.11861725 25 0 5266.657 22.540956 -3.3824308
282 369.65197 475.0704 0.80181543 -0.25325982 -0.13545307 25 0 814.26374 2.9725324 -1.1828165
283 456.03019 474.36313 0.6374592 -0.27370247 0.16525257 25 0 527.59218 2.1297406 -0.82081677
284 141.38149 477.18807 0.83483599 0.050826561 -0.38576277 25 0 501.82538 1.7593334 -0.6133704
285 272.23282 476.40279 0.56071968 -0.25794578 0.37771851 25 0 287.11249 1.404578 -0.36886469
286 288.11193 476.66463 0.69312078 0.10999776 0.062178177 25 0 3536.0498 14.938645 -2.935778
287 365.51922 481.77292 0.61460046 -0.0062275595 -0.1899495 25 0 581.5592 2.7177334 -1.0855171
288 166.06185 482.79465 0.68622967 0.41693383 0.11081565 25 0 933.41246 3.9114499 -1.4808444
289 243.96572 487.15857 0.68144492 -0.15267493 -0.42488121 25 0 293.74953 1.2593439 -0.25036085
290 91.035702 488.17556 0.74018142 0.25823764 0.03233835 25 0 1368.8016 5.6893657 -1.8876596
291 395.82716 487.42759 0.80147907 0.41888909 0.47163455 25 0 311.83448 1.1901701 -0.18902261
292 267.10228 497.71907 0.6682849 0.30264609 0.08000331 25 0 419.16878 1.6798314 -0.56316425
293 419.80473 497.507 0.59343737 0.0079760167 0.1408686 25 0 279.89785 1.4652921 -0.4148105
294 177.60943 501.92905 0.62221945 -0.68747993 -0.42759695 25 0 372.88645 1.6381335 -0.53587324
295 94.376711 503.16911 0.73645181 0.85382291 0.09904933 25 0 356.53096 1.4412982 -0.39688462
296 143.09358 504.81002 0.67860564 -0.21112818 0.20742484 25 0 660.70685 2.7390464 -1.0939985
297 188.5499 504.75522 0.62359815 -0.13776733 -0.0081958289 25 0 441.12021 1.8723468 -0.68096571
298 411.18958 506.04007 0.6448186 0.62938666 0.085781143 25 0 231.86231 1.1572086 -0.15852918
299 307.04973 507.16093 0.7066498 -0.15310674 -0.011981357 25 0 374.77126 1.5943521 -0.50646061
300 144.06449 508.43328 0.62926349 0.25466386 0.077828533 25 0 735.50467 3.0706843 -1.2180879
301 190.18285 510.8153 0.76700473 -0.9786234 -0.61079436 25 0 262.7737 1.059327 -0.062575062
