id xcentroid ycentroid sharpness roundness1 roundness2 npix sky peak flux mag
1 338.44021 3.5261714 0.60434247 0.11332166 -0.41793926 25 0 329 1.1898549 -0.188735
2 509.29841 7.8151898 0.59984849 0.095595451 -0.042140076 25 0 195 1.0522319 -0.055278634
3 325.92122 11.20714 0.81522156 0.068554874 -0.29917702 25 0 376 1.034643 -0.036976284
4 298.45118 13.662067 0.64161923 -0.1631917 -0.18306783 25 0 623 1.75828 -0.61272012
5 429.78669 17.170333 0.57274511 -0.18008254 -0.28705591 25 0 406 1.6106272 -0.5174876
6 110.07371 20.85825 0.70728078 -0.4762078 -0.52769078 25 0 512 1.4549996 -0.40715716
7 335.87733 22.30605 0.63438721 -0.052638579 -0.20685615 25 0 796 2.3337529 -0.92013716
8 25.518301 22.653348 0.67450239 -0.55843979 -0.22760533 25 0 13802 35.463167 -3.8744438
9 468.35805 25.47372 0.63942998 0.38651884 -0.095986713 25 0 24691 65.137198 -4.5345727
10 409.19699 25.465566 0.58772721 -0.3439244 0.042945604 25 0 584 2.0362595 -0.77208281
11 355.11418 43.776135 0.60014299 -0.068663854 -0.10985214 25 0 527 1.6993127 -0.57568328
12 454.80595 44.049689 0.84391462 0.1198374 0.044682243 25 0 416 1.2433956 -0.23652331
13 127.61127 46.24987 0.63170111 -0.85733043 -0.43799882 25 0 403 1.0703946 -0.07385977
14 114.40124 50.40305 0.61833153 -0.58740566 -0.3399136 25 0 523 1.4322697 -0.39006203
15 187.48145 51.504801 0.60345118 -0.54911666 -0.16852976 25 0 1019 2.6429109 -1.0552063
16 206.93501 52.483532 0.59879179 -0.17496924 -0.10196516 25 0 2206 6.0719806 -1.9583259
17 67.175367 54.502139 0.63254152 -0.4467441 -0.048169702 25 0 476 1.4069674 -0.37071006
18 325.64544 54.479217 0.4351155 0.32221923 -0.23796875 25 0 58657 168.99282 -5.5696706
19 112.32659 56.519397 0.62371048 -0.4103256 -0.1054351 25 0 4730 12.519825 -2.7439956
20 401.01867 58.177521 0.61978063 0.032172014 -0.21511685 25 0 1023 3.0615813 -1.2148645
21 471.52711 64.206117 0.69125412 0.15287578 -0.33343547 25 0 770 2.2790422 -0.89438092
22 295.22474 65.059091 0.67597778 -0.17208734 -0.28329957 25 0 1763 4.6009688 -1.6571232
23 444.15443 71.799053 0.68376779 -0.1315296 -0.20498742 25 0 1674 4.596931 -1.65617
24 502.43948 74.129097 0.61946835 -0.3312496 -0.28599967 25 0 3036 8.5073573 -2.3244867
25 55.522561 77.31387 0.64794885 -0.38936382 -0.33515161 25 0 441 1.2255995 -0.2208714
26 32.29707 77.592103 0.62622531 -0.57322001 -0.2122593 25 0 582 1.7287539 -0.59433293
27 113.52302 79.479076 0.61946148 0.31650683 -0.071098179 25 0 417 1.0723191 -0.075810146
28 433.68216 78.683376 0.6355471 0.086593446 -0.14821666 25 0 1503 4.2155151 -1.5621266
29 418.87103 80.349445 0.62152035 -0.02207151 -0.23585239 25 0 547 1.7433614 -0.60346859
30 56.651075 82.473108 0.6127096 -0.64126063 -0.10950492 25 0 1417 3.9012228 -1.4780019
31 469.47694 87.306183 0.50686266 -0.26650467 -0.15671674 25 0 701 2.3760409 -0.93963477
32 351.56641 91.227297 0.67477972 0.15956152 -0.33728729 25 0 3360 8.5563053 -2.3307157
33 120.55051 94.262543 0.51801085 -0.20250218 -0.30396538 25 0 472 1.310428 -0.29353288
34 92.894835 97.95089 0.73550272 -0.2608119 -0.20987279 25 0 817 1.9920951 -0.74827515
35 491.85145 98.174675 0.67173354 -0.097203365 -0.18141501 25 0 23739 62.857996 -4.4959013
36 155.94092 104.92928 0.61352707 -0.30799663 -0.46311164 25 0 600 1.4955559 -0.43700662
37 284.53741 105.5523 0.57464535 -0.75838189 -0.20873535 25 0 1072 2.8855947 -1.1505883
38 288.47375 107.32935 0.66819936 -0.02313362 -0.42143113 25 0 1409 3.3577215 -1.3151117
39 186.68067 108.33177 0.65043794 -0.33411255 -0.27237422 25 0 1728 4.3145966 -1.5873505
40 54.49541 112.305 0.65573094 -0.589813 -0.30223137 25 0 4217 10.962045 -2.5997289
41 116.62829 112.005 0.75828271 0.23757141 -0.13174747 25 0 515 1.1322767 -0.13488145
42 452.44258 112.20907 0.72816376 0.31409279 -0.39524905 25 0 373 1.1835242 -0.18294284
43 297.41933 114.23647 0.65160339 0.44850158 -0.23944566 25 0 416 1.1319846 -0.13460133
44 509.86338 114.61402 0.66518039 -0.1561701 -0.040441538 25 0 2092 5.6995621 -1.8896037
45 490.12357 118.11165 0.72751052 -0.02001947 -0.15143213 25 0 2515 6.6057803 -2.0498103
46 333.21643 123.64609 0.5837707 -0.34362801 -0.34397542 25 0 580 1.6216556 -0.52489658
47 219.8169 125.50573 0.52656164 0.15633289 -0.098631526 25 0 14403 41.808102 -4.0531511
48 237.21846 125.68991 0.63353821 -0.19964908 -0.14136698 25 0 1085 2.6510702 -1.0585531
49 247.32796 127.06083 0.64179848 -0.24981088 -0.32342529 25 0 2027 5.2153434 -1.7932073
50 303.85366 126.84627 0.60624021 -0.10632652 -0.23977732 25 0 1289 3.528145 -1.3688661
51 449.17241 128.47361 0.61866917 -0.036972483 -0.054952885 25 0 369 1.3025472 -0.28698366
52 98.899666 128.97844 0.66067304 -0.2056217 -0.30430113 25 0 583 1.4846828 -0.42908422
53 199.43049 128.71724 0.66463521 -0.040211805 -0.22895231 25 0 570 1.2849892 -0.27224871
54 51.670303 130.41232 0.64790571 -0.63457346 -0.25483898 25 0 560 1.5133558 -0.44985262
55 151.29007 132.14808 0.65927892 -0.090362628 -0.21724018 25 0 2285 5.8870629 -1.9247467
56 479.00064 132.55343 0.69944095 0.026902743 -0.0079571387 25 0 300 1.0045652 -0.0049452801
57 175.10754 137.61446 0.57550122 -0.11287257 -0.15522899 25 0 1740 4.7335228 -1.6879612
58 6.5665075 139.03588 0.69739509 -0.35243548 -0.40350674 25 0 1325 3.4659827 -1.349566
59 252.49585 140.85161 0.44927568 -0.54468109 -0.27121425 25 0 403 1.1650556 -0.16586663
60 395.03815 149.20324 0.65633005 -0.071298086 -0.18278781 25 0 13543 36.038099 -3.8919047
61 13.884741 155.3583 0.69809651 -0.28799787 -0.11113006 25 0 861 2.3046327 -0.90650432
62 297.86178 154.80008 0.5888882 -0.070665918 -0.21216255 25 0 3076 8.5873666 -2.33465
63 483.20171 161.17351 0.69782101 0.019567992 -0.15759782 25 0 8795 22.828691 -3.3962025
64 96.670665 168.90193 0.56985287 0.1182817 -0.26684207 25 0 441 1.0807493 -0.08431236
65 384.95521 170.72752 0.58481955 -0.061044705 -0.18362088 25 0 49189 137.80879 -5.3481923
66 424.14081 174.18462 0.65017311 0.23525025 -0.023912373 25 0 544 1.6674047 -0.55510257
67 205.38835 174.55592 0.56435524 -0.45291445 -0.24295163 25 0 530 1.3190454 -0.30064939
68 152.55255 177.8959 0.81496906 -0.26601304 -0.60253594 25 0 680 1.366189 -0.33877694
69 225.01066 183.0681 0.65506506 -0.22929869 -0.29277138 25 0 2056 5.1680119 -1.7833088
70 345.22576 182.9591 0.53897997 -0.33750272 -0.31363065 25 0 541 1.6641796 -0.55300049
71 477.20872 182.48379 0.61673297 -0.17255183 0.01147161 25 0 6050 16.554407 -3.047284
72 163.17982 183.6873 0.61772916 -0.34089313 -0.28113207 25 0 1058 2.6727091 -1.0673792
73 151.65152 186.33664 0.66304131 -0.47068913 -0.28963254 25 0 1670 4.0737827 -1.5249946
74 15.812811 192.0895 0.7015059 0.026297964 -0.14892217 25 0 953 2.5847256 -1.0310361
75 114.04314 192.30347 0.65292583 0.0092705339 -0.15760625 25 0 1976 4.9785192 -1.7427505
76 420.14401 191.81094 0.62058595 -0.26601064 -0.2551453 25 0 2855 7.8545019 -2.2377966
77 410.16889 194.02858 0.65918019 0.12169282 -0.16702191 25 0 644 1.8751836 -0.68260949
78 481.80606 193.49058 0.6199936 0.37732385 0.081611116 25 0 616 1.7497888 -0.60746407
79 225.71804 195.28971 0.6250781 -0.33583127 -0.1671314 25 0 1124 2.7422929 -1.0952846
80 420.43556 196.85641 0.62108666 -0.085685919 -0.23284703 25 0 797 2.1992893 -0.8557059
81 188.24871 197.8713 0.65335509 -0.3777905 -0.39503584 25 0 805 1.9260426 -0.71166471
82 70.580028 198.77662 0.63568579 0.061161601 -0.26445326 25 0 40244 108.02038 -5.0837643
83 120.46459 200.08602 0.58182346 0.22439579 -0.29273061 25 0 482 1.3447477 -0.32160201
84 453.90734 208.65072 0.6208205 -0.23253197 -0.11609996 25 0 549 1.6917368 -0.57083198
85 381.00225 210.27377 0.46456689 -0.27512986 -0.1381176 25 0 301 1.0994455 -0.10293425
86 167.12883 210.90248 0.60687769 -0.33074236 -0.10507455 25 0 719 1.8025566 -0.63972228
87 507.77621 212.51542 0.6539151 -0.38269563 -0.069417537 25 0 1474 3.9687537 -1.4966354
88 65.684315 212.81417 0.59275116 -0.27158174 -0.32435977 25 0 603 1.5607314 -0.48332039
89 468.3686 214.83373 0.61688512 -0.2911795 -0.22206969 25 0 589 1.8395036 -0.66175163
90 501.66809 218.43355 0.51125582 0.38401103 -0.032859749 25 0 2396 7.3722782 -2.1690043
91 11.521744 221.81178 0.68820397 0.55082564 -0.296959 25 0 470 1.1302884 -0.13297317
92 13.617421 223.23582 0.50523928 0.43320684 -0.070931692 25 0 399 1.2208339 -0.21664143
93 424.51384 224.67156 0.52886848 0.23894338 -0.26270083 25 0 871 2.6942944 -1.0761126
94 325.32963 226.75582 0.59549667 -0.33262047 -0.2609572 25 0 1475 3.9660553 -1.4958969
95 255.44034 228.79178 0.70048276 -0.46273354 -0.27706947 25 0 856 1.981315 -0.74238384
96 149.72208 230.0946 0.63943787 -0.052584167 -0.26961163 25 0 1113 2.7516591 -1.0989866
97 478.33376 233.56187 0.56569092 0.31923948 -0.027529213 25 0 3897 11.028691 -2.6063099
98 238.92072 235.50212 0.57359328 -0.11162091 -0.076210712 25 0 2662 7.1975581 -2.142963
99 351.02709 237.74074 0.60982028 -0.1077572 -0.17143024 25 0 4467 12.106299 -2.7075285
100 421.20936 238.54868 0.575803 0.16426849 -0.044760988 25 0 12057 33.294244 -3.8059229
101 326.12069 239.99623 0.62397412 -0.36657594 -0.27220793 25 0 1183 3.1909655 -1.2598053
102 179.38708 246.22717 0.62659564 0.014677537 -0.35013952 25 0 814 2.0647108 -0.78714809
103 239.52044 247.14785 0.67071176 0.015943635 -0.38143337 25 0 855 2.0250113 -0.76606864
104 29.974865 250.24575 0.74929068 0.1755213 0.002244496 25 0 499 1.1932939 -0.19186854
105 430.34161 250.00477 0.67870241 -0.17148357 -0.22697506 25 0 2023 5.2534542 -1.8011124
106 427.22262 263.48529 0.59108304 0.18296269 -0.080925849 25 0 6698 18.421529 -3.1633142
107 203.11651 263.68964 0.61114993 -0.13747429 -0.1421233 25 0 5146 13.882906 -2.856201
108 265.13457 266.30289 0.56257874 -0.071964275 -0.3658681 25 0 448 1.117236 -0.12036234
109 330.84974 272.58365 0.52758523 0.047651975 -0.052361911 25 0 387 1.1361619 -0.13860055
110 104.01244 273.91813 0.58814558 -0.55595349 -0.37333881 25 0 479 1.256691 -0.2480713
111 32.388896 284.38736 0.63380097 0.28094853 -0.081295545 25 0 1502 3.9548246 -1.4928181
112 46.717408 293.49476 0.53035946 0.39807978 0.074129648 25 0 686 1.9332409 -0.71571492
113 346.81016 296.11033 0.64995044 -0.24413997 -0.23446061 25 0 5989 15.89885 -3.0034143
114 159.48359 297.33793 0.63238813 -0.32782924 -0.2931353 25 0 923 2.2347152 -0.87305547
115 38.137619 298.54946 0.6427496 0.15399687 -0.070412237 25 0 1239 3.0859896 -1.2234862
116 66.498957 298.35848 0.65888244 0.081371716 -0.22232223 25 0 1231 3.066087 -1.2164612
117 321.14519 300.9662 0.64027404 0.054815825 -0.33459493 25 0 491 1.2869379 -0.27389394
118 452.42179 301.18897 0.68151557 0.080498443 -0.27197049 25 0 699 2.0017854 -0.75354382
119 135.55172 307.94223 0.68168652 -0.10671154 -0.35260046 25 0 562 1.2852915 -0.27250409
120 49.848923 313.99417 0.691896 -0.232178 -0.31736094 25 0 1587 4.0801106 -1.5266798
121 193.31795 319.81458 0.64191569 -0.52241965 -0.3044681 25 0 929 2.3378918 -0.92206104
122 425.14271 319.97282 0.66821015 -0.085155384 -0.2029907 25 0 1080 2.9075832 -1.1588304
123 112.53263 324.43146 0.62062817 -0.49702046 -0.21127261 25 0 3083 7.8149809 -2.2323198
124 304.88872 336.27993 0.65088141 -0.24901833 -0.23858581 25 0 648 1.6159275 -0.52105465
125 262.31442 343.82805 0.51653774 0.3992071 0.15391957 25 0 483 1.3756466 -0.34626719
126 5.4434485 344.13265 0.7124498 -0.02224248 -0.29263441 25 0 13670 34.360448 -3.840147
127 354.96707 344.10717 0.61796921 -0.29274367 -0.22390807 25 0 552 1.5212067 -0.45547056
128 51.666622 345.32971 0.63261291 -0.51574058 -0.16318964 25 0 908 2.2318295 -0.87165253
129 238.58579 345.10292 0.69467602 -0.15137577 -0.28606468 25 0 962 2.2724418 -0.89123195
130 463.46529 351.71945 0.52354927 0.03438617 0.20372036 25 0 722 2.206436 -0.85922833
131 234.36305 354.81933 0.61232331 -0.31925929 -0.60099241 25 0 423 1.0400562 -0.042642056
132 335.38039 357.55297 0.69305933 -0.7167145 -0.18274164 25 0 719 1.7987922 -0.63745248
133 214.51732 361.10021 0.63500679 -0.37408461 -0.3854996 25 0 5242 13.668545 -2.8393057
134 356.45419 362.62998 0.54731242 0.2250895 -0.14045895 25 0 894 2.5047195 -0.99689774
135 273.48877 365.16228 0.65896012 -0.081551508 -0.37637698 25 0 25092 63.850685 -4.5129139
136 132.05352 367.00341 0.62294882 0.20684765 -0.0052522768 25 0 442 1.0820955 -0.085663937
137 389.28038 372.32291 0.6291819 0.0074272413 -0.15255976 25 0 1844 4.9449719 -1.7354096
138 200.87957 374.08018 0.65424753 -0.20583055 -0.27327488 25 0 1834 4.7428064 -1.6900885
139 252.90112 375.35242 0.59389289 -0.19804681 -0.15057113 25 0 2692 7.4238897 -2.1765788
140 70.398702 376.65716 0.60692697 0.28630264 -0.31305782 25 0 4404 11.741985 -2.6743538
141 113.64519 377.5237 0.69535393 -0.20552819 0.019829909 25 0 517 1.1472106 -0.14910786
142 402.46489 376.59736 0.69171591 -0.61666929 -0.21025711 25 0 1100 2.8839304 -1.1499619
143 474.11575 378.89889 0.71175563 -0.21643968 -0.19743295 25 0 10432 26.751447 -3.5683682
144 340.67248 389.82006 0.6365454 -0.072203899 -0.27645032 25 0 3562 9.5492494 -2.4499231
145 49.631188 390.82596 0.69919568 -0.016682808 -0.27439905 25 0 3964 9.9464398 -2.4941691
146 95.521196 392.80336 0.25419471 0.7208181 0.34860586 25 0 403 1.4501225 -0.40351176
147 202.18042 394.09807 0.662786 0.1643482 -0.13934064 25 0 686 1.6445153 -0.54009479
148 243.81685 394.95674 0.60492286 0.03026745 -0.10384489 25 0 378 1.0243434 -0.026113888
149 458.60246 395.25565 0.73554594 -0.91301747 -0.12421655 25 0 589 1.5466035 -0.47344747
150 119.43907 396.79956 0.70150618 -0.42882612 -0.33834808 25 0 1528 3.5901048 -1.3877678
151 491.27262 397.06393 0.77375263 -0.0078325053 0.024130878 25 0 366 1.1277174 -0.13050067
152 430.06822 399.17662 0.6768174 -0.21134243 -0.20844124 25 0 2641 6.9812889 -2.109839
153 459.46862 398.82241 0.72146843 -0.5738963 -0.24937915 25 0 2176 5.5208305 -1.855011
154 34.943261 401.87286 0.75357381 -0.14719936 -0.22580462 25 0 663 1.5384514 -0.46770944
155 221.4305 406.87264 0.69927574 -0.35459188 -0.33812561 25 0 8379 20.756457 -3.2928831
156 351.77041 408.95111 0.61821741 -0.28226407 -0.41534026 25 0 764 2.1621022 -0.83719053
157 250.50655 414.43144 0.65256609 0.87486478 -0.24791142 25 0 619 1.5512135 -0.47667894
158 387.11746 414.09853 0.63343553 -0.052488068 -0.21858828 25 0 553 1.606418 -0.51464641
159 247.8367 418.01707 0.63401675 -0.18987424 -0.32632913 25 0 2027 5.4424433 -1.8394848
160 469.37577 418.46746 0.56077292 -0.52439098 -0.12153474 25 0 283 1.0058851 -0.006370981
161 79.811016 423.23123 0.6511412 0.18941557 -0.13832089 25 0 1030 2.6421079 -1.0548764
162 103.92835 424.74578 0.67128235 -0.02908634 -0.21583651 25 0 2361 6.0794446 -1.9596598
163 279.56296 434.85143 0.56132119 -0.53958191 -0.49414374 25 0 419 1.2039299 -0.20150304
164 154.67104 442.86345 0.64443157 -0.051253362 -0.33932547 25 0 2338 6.1456037 -1.9714114
165 128.17996 443.70256 0.64449789 -0.11554178 -0.2566504 25 0 1135 2.9268612 -1.1660053
166 227.95221 446.18516 0.633929 -0.22818926 -0.269736 25 0 1189 3.2046694 -1.2644581
167 486.91258 446.2139 0.27101374 -0.23932641 -0.10906095 25 0 58267 198.52085 -5.7445153
168 340.49968 448.1467 0.65772202 -0.070544262 -0.36683742 25 0 3175 8.3436527 -2.3033906
169 10.215788 450.97318 0.57415471 0.036862542 -0.16955951 25 0 375 1.234636 -0.22884736
170 240.9592 450.68873 0.67987513 -0.091822424 -0.040777485 25 0 1299 3.3170185 -1.3018697
171 87.049992 452.56888 0.57691224 0.10595679 -0.019337976 25 0 12371 34.261055 -3.8370018
172 208.07606 460.03559 0.69489892 -0.3863381 -0.32269569 25 0 430 1.1237512 -0.12667541
173 472.90074 462.86465 0.70831161 -0.127005 -0.17421846 25 0 2421 6.4573722 -2.0251395
174 306.98606 466.39734 0.65950869 -0.19262674 -0.13575166 25 0 709 1.8693769 -0.6792422
175 431.1774 467.58748 0.68805081 -0.207754 -0.15968005 25 0 377 1.0266897 -0.028597975
176 357.96872 471.24201 0.68585444 -0.2058941 -0.23060963 25 0 1427 3.7638141 -1.4390704
177 52.162292 472.0331 0.75810584 -0.093660373 -0.24689752 25 0 7540 18.762727 -3.1832399
178 145.11492 473.24835 0.6960137 -0.013507576 -0.27246026 25 0 1298 3.212947 -1.2672589
179 423.4815 475.02335 0.5234998 -0.31072815 -0.34832016 25 0 58250 162.56409 -5.5275615
180 206.8589 481.37094 0.6333001 -0.20851966 -0.1368456 25 0 4950 13.226904 -2.8036455
181 338.4729 483.16877 0.58079035 -0.53472227 -0.35058579 25 0 549 1.6700106 -0.55679806
182 424.63931 482.75386 0.68145157 -0.39797588 -0.076288756 25 0 486 1.2563306 -0.24775983
183 110.02858 485.14993 0.59493487 -0.12063013 -0.26146644 25 0 475 1.3389418 -0.31690428
184 256.88392 484.761 0.65368977 -0.092417128 -0.21312927 25 0 3480 9.3858431 -2.4311832
185 334.04584 490.1026 0.70669775 -0.36051756 -0.46725253 25 0 543 1.4658295 -0.41520863
186 134.86704 490.59227 0.69292722 0.22284687 -0.059262715 25 0 952 2.3774773 -0.94029093
187 59.863183 495.94624 0.76409938 -0.16517137 -0.27172087 25 0 1314 3.1463395 -1.2445139
188 236.12593 505.83225 0.75807999 0.0077879 -0.069155922 25 0 533 1.2168622 -0.21310349
189 493.19979 508.00016 0.68554422 -0.12934088 -0.34945856 25 0 306 1.0075571 -0.0081741829
