id xcentroid ycentroid sharpness roundness1 roundness2 npix sky peak flux mag
1 31.094535 0.041813542 0.91737394 -0.51069311 -0.54921805 25 0 3068.3867 6.6617165 -2.0589654
2 292.6712 15.758039 0.52829632 0.30557368 -0.12464156 25 0 445.02627 1.4272894 -0.38628012
3 104.79102 22.657808 0.45109553 0.02216593 -0.20624427 25 0 289.88325 1.1171778 -0.12030572
4 19.81912 24.508233 0.56085833 -0.48901991 -0.096729846 25 0 9846.2239 26.902241 -3.5744711
5 330.36479 24.462659 0.65793875 0.25260365 -0.078278525 25 0 597.08641 1.6652602 -0.55370528
6 403.48167 27.652197 0.52677473 -0.20820891 -0.16391942 25 0 467.00572 1.5367481 -0.4665067
7 462.58691 27.693462 0.57012716 0.18194959 -0.22128913 25 0 19705.22 53.96101 -4.3302002
8 349.30542 45.938739 0.6078107 -0.57415237 -0.55095289 25 0 376.91438 1.1263661 -0.12919893
9 108.97607 52.224107 0.62155616 -0.30568391 -0.13328857 25 0 525.02636 1.407042 -0.37076762
10 181.84632 53.541343 0.51961291 -1.7798891e-05 0.017784704 25 0 788.94682 2.3441413 -0.92495947
11 201.34857 54.525515 0.51400409 0.25457502 -0.058180214 25 0 1497.3638 4.3337207 -1.5921523
12 61.733245 56.530122 0.60416352 -0.67852734 -0.09169331 25 0 380.81856 1.152406 -0.15401373
13 319.96389 56.584673 0.32852394 -0.098966161 -0.21525578 25 0 57648.366 185.34567 -5.6699561
14 106.7428 58.548347 0.55152794 -0.59524835 -0.060699584 25 0 3406.1193 9.151405 -2.4037194
15 395.43787 60.498647 0.57943811 0.31780044 -0.19804917 25 0 719.38369 2.0165315 -0.76151251
16 465.69827 66.640291 0.6464304 0.018664749 0.012013994 25 0 643.61295 1.8154646 -0.64746946
17 289.3983 67.10185 0.5272592 -0.42454895 -0.4122658 25 0 923.0985 2.7612614 -1.1027688
18 438.31044 74.080844 0.63769157 0.014728284 -0.32709384 25 0 1250.4471 3.4621358 -1.3483603
19 496.86326 76.472272 0.60168462 -0.052508669 0.011321142 25 0 2713.0555 7.4713919 -2.1835038
20 26.776082 79.360945 0.64343871 -0.11885152 -0.016917387 25 0 462.73512 1.2877979 -0.27461928
21 428.012 80.948853 0.66324688 0.04374376 -0.13422095 25 0 1446.5027 3.8803866 -1.4721875
22 466.80254 81.6642 0.41051398 0.49065033 0.0084010551 25 0 253.93834 1.0771071 -0.080647221
23 413.23178 82.462646 0.6347403 -0.47363143 0.093692832 25 0 414.9544 1.2728069 -0.26190628
24 51.112526 84.278112 0.65034983 -0.18295742 -0.18380154 25 0 1319.0405 3.4065904 -1.3307998
25 463.82314 89.544171 0.58934423 0.4091073 0.027187477 25 0 728.00703 2.1504425 -0.83131958
26 345.73063 93.52219 0.5489372 -0.45376808 -0.1163325 25 0 2176.1021 6.119716 -1.9668282
27 87.397068 99.898958 0.58708459 -0.88289206 -0.44449001 25 0 446.5108 1.2738973 -0.26283605
28 486.22301 100.56825 0.58156833 0.20776092 0.044436972 25 0 16126.268 43.694726 -4.1010726
29 278.88319 107.69032 0.51963567 -0.18016833 -0.19209943 25 0 728.71754 2.1800461 -0.8461642
30 282.83227 109.36801 0.58000061 -0.56197925 -0.24899975 25 0 997.97833 2.5802541 -1.0291562
31 181.24677 110.35675 0.49059875 -0.15864339 -0.21413662 25 0 1025.1126 2.853896 -1.1385954
32 48.992831 114.15365 0.62649109 -0.38103514 -0.16276639 25 0 3383.9028 9.0702095 -2.3940433
33 504.15923 117.02183 0.6778593 -0.070640185 -0.22856852 25 0 1921.5196 5.0006137 -1.7475583
34 484.48428 120.53586 0.53649636 0.52343489 -0.084273015 25 0 1334.4317 3.9027925 -1.4784386
35 327.25404 125.80363 0.60541965 -0.57317624 -0.059772817 25 0 390.1973 1.2308557 -0.22551781
36 214.16923 127.62965 0.54788565 -0.38871617 -0.17410883 25 0 12170.967 33.558177 -3.8144959
37 231.52523 127.78397 0.45391635 0.12022998 -0.20651975 25 0 664.75916 2.0165766 -0.76153679
38 241.67844 129.15344 0.56589 -0.55212601 -0.30240064 25 0 1391.3336 3.9367366 -1.4878409
39 298.30473 128.88684 0.69323897 -0.46086915 -0.38644455 25 0 856.44374 2.1343366 -0.82315728
40 93.389908 130.8348 0.64183353 -0.653574 -0.3899162 25 0 444.2751 1.1793917 -0.17914514
41 193.93029 130.84971 0.55916604 -0.34199884 -0.45398321 25 0 405.66412 1.1512287 -0.15290406
42 443.39616 130.70401 0.44500898 0.27252501 -0.27024001 25 0 225.66535 1.0171754 -0.018489619
43 46.191354 132.42181 0.57664187 -0.59991736 -0.19536901 25 0 382.32262 1.1304191 -0.13309871
44 145.69375 134.10765 0.56506547 -0.59963115 -0.37731051 25 0 1451.4402 3.9167889 -1.4823254
45 169.58804 139.58842 0.5878024 -0.7228862 -0.3923649 25 0 1157.9629 2.8717623 -1.1453712
46 0.72931476 140.8214 0.53261954 -0.26423705 -0.16173727 25 0 919.08078 2.9500631 -1.1745783
47 247.02334 143.07926 0.73189354 -0.59611716 -0.29793959 25 0 435.44313 1.0461832 -0.049019394
48 389.26557 151.48591 0.56246367 0.058121199 -0.088968741 25 0 8473.3584 23.032658 -3.4058602
49 8.1578155 157.23108 0.62871579 -0.33841417 -0.32995844 25 0 574.06154 1.4984613 -0.43911386
50 292.21603 156.87907 0.61486475 -0.52543858 -0.26479502 25 0 2250.6982 5.8364155 -1.9153655
51 477.50469 163.41152 0.59343062 -0.75157336 -0.071615845 25 0 5246.835 13.569096 -2.8313773
52 379.15372 172.93049 0.58706695 -0.30451732 -0.19079292 25 0 38672.963 103.73345 -5.039797
53 418.40225 176.32865 0.47073011 -0.16140032 0.059202601 25 0 303.70662 1.0233673 -0.025078881
54 219.52247 185.09735 0.57874328 -0.35488957 -0.46251929 25 0 1242.2011 3.2615116 -1.2835473
55 339.50988 185.0382 0.52601812 -0.56525201 -0.43591163 25 0 341.85259 1.1676992 -0.16832748
56 471.50043 184.84947 0.64830398 -0.45112292 -0.22870613 25 0 5354.007 13.599307 -2.8337919
57 157.62727 185.62699 0.45524092 -0.33988112 -0.28539018 25 0 537.74669 1.5357225 -0.46578187
58 146.19952 188.27593 0.57634879 -0.26310408 -0.2013136 25 0 1183.8461 3.1698098 -1.252583
59 10.198561 193.96206 0.541573 -0.2210497 -0.1846664 25 0 546.7863 1.7337961 -0.59749504
60 108.33222 194.20331 0.59177701 0.15038202 -0.1494378 25 0 1342.9248 3.5004156 -1.360299
61 414.30432 194.02706 0.56598363 -0.35193478 -0.30478606 25 0 2088.4662 5.8807785 -1.9235871
62 404.30478 196.31187 0.60555675 -0.04718175 -0.51371021 25 0 406.23992 1.092852 -0.096403388
63 476.11942 195.93044 0.70756441 -0.47845025 -0.092469394 25 0 679.51184 1.6911057 -0.5704269
64 220.29625 197.3652 0.52025319 -0.14550322 -0.22682495 25 0 708.1478 1.8733931 -0.68157229
65 414.73207 199.05877 0.56088039 -0.22344459 -0.366825 25 0 601.42211 1.7916283 -0.6331198
66 182.83554 199.87719 0.39883501 -0.19471564 -0.33379929 25 0 415.03901 1.3191899 -0.30076832
67 64.959508 200.63708 0.55580796 -0.21913534 -0.10828605 25 0 29102.819 81.326938 -4.775586
68 448.1966 210.83378 0.6102788 -0.14882283 -0.24019139 25 0 441.33271 1.3076415 -0.29122174
69 314.84296 213.15981 0.65333288 -0.50038694 0.84512095 25 0 1267.157 2.6954778 -1.0765894
70 161.42446 212.71158 0.68452332 -0.43814131 -0.19641807 25 0 499.24478 1.1767296 -0.17669165
71 314.08338 214.25156 0.64427158 -0.84977328 0.88380117 25 0 1631.1029 3.3348829 -1.3077015
72 59.841006 214.75903 0.53049516 -0.090661914 -0.18141273 25 0 464.74049 1.4444988 -0.39929295
73 502.10166 214.76007 0.64944536 -0.30440485 -0.14778378 25 0 1402.6407 3.6995555 -1.4203739
74 462.6757 217.15565 0.4619087 -0.17791791 -0.30149536 25 0 354.60395 1.2548804 -0.24650588
75 495.97325 220.82069 0.60412136 -0.1213351 -0.13997215 25 0 2636.0829 7.2605862 -2.1524292
76 7.8058731 224.94859 0.59234474 -0.035942325 -0.62539048 25 0 343.81405 1.0886749 -0.09224552
77 418.66131 226.86259 0.50457651 -0.36109785 -0.16604198 25 0 713.57446 2.2240997 -0.86788563
78 319.46204 228.86412 0.59170069 -0.48715748 -0.27535051 25 0 1051.1147 2.828807 -1.1290083
79 249.6591 230.70257 0.50937308 -0.33493683 -0.26955298 25 0 457.60124 1.363651 -0.33675808
80 144.19215 232.0373 0.5739268 -0.35270713 -0.38537314 25 0 746.56104 1.9752981 -0.73908159
81 472.59129 235.7565 0.63418073 -0.64119496 -0.27997704 25 0 3605.5279 9.1147594 -2.399363
82 233.20242 237.43665 0.54242703 -0.69401263 -0.1516656 25 0 1838.5522 4.8760768 -1.7201763
83 345.19962 239.82355 0.60174497 -0.38209752 -0.21671179 25 0 3462.7488 9.1764012 -2.406681
84 300.63543 241.36321 0.50668195 -0.93706873 0.74379866 25 0 1041.0278 2.0093346 -0.75763065
85 415.39684 240.6862 0.62089457 -0.5515489 -0.19605659 25 0 10275.374 25.742679 -3.5266343
86 320.20569 242.01229 0.55844537 -0.054593934 -0.20712987 25 0 774.63094 2.1515816 -0.83189456
87 173.82328 248.1016 0.55472463 -0.18034635 0.048352354 25 0 505.80306 1.3366866 -0.31507401
88 233.78968 249.23619 0.64205833 -0.49174763 -0.33645566 25 0 518.30991 1.1422017 -0.14435701
89 24.373414 252.07936 0.62675253 0.1777784 -0.32375796 25 0 342.24721 1.0400792 -0.042666
90 424.43087 252.17652 0.54189874 -0.59676987 -0.33079558 25 0 1310.7869 3.6631104 -1.409625
91 197.42351 265.72421 0.6266816 -0.70464975 -0.29085902 25 0 3697.6395 9.2703677 -2.4177424
92 421.40844 265.61031 0.60958683 -0.60529756 -0.1812106 25 0 5436.9847 13.856328 -2.8541204
93 26.699528 286.20337 0.56674511 -0.22254759 -0.24239689 25 0 1052.5006 2.851141 -1.1375467
94 40.941051 295.33488 0.69121498 -0.60898963 -0.019763505 25 0 658.9852 1.6566605 -0.54808379
95 340.93031 298.31746 0.53521848 -0.42199194 -0.17621716 25 0 3940.5144 11.022673 -2.6057173
96 154.00261 299.35379 0.5772083 -0.29427305 -0.27333764 25 0 642.5125 1.6700136 -0.55680002
97 32.458172 300.41711 0.50277738 0.077558394 -0.25393869 25 0 771.83508 2.2303641 -0.8709394
98 60.693932 300.20123 0.65602981 -0.5086937 -0.26243982 25 0 982.39477 2.4687635 -0.98119873
99 446.59054 303.32403 0.55681736 -0.82617767 -0.052719588 25 0 443.90785 1.1633334 -0.16426048
100 129.91921 309.87068 0.3447889 -0.3078102 -0.15403469 25 0 309.66444 1.0852746 -0.088849109
101 44.159939 315.87818 0.61048834 -0.22078085 -0.084348009 25 0 1078.3467 2.981791 -1.186193
102 187.83397 321.72561 0.73006775 -0.74780513 -0.70055492 25 0 588.3949 1.2416375 -0.23498705
103 419.3044 322.21466 0.59259561 0.032510308 -0.2478248 25 0 728.38107 1.8476868 -0.6665709
104 106.95081 326.40837 0.57081389 -0.35293058 -0.12975448 25 0 2532.4158 6.7963737 -2.0806931
105 299.1109 338.19202 0.53872851 0.30231614 0.27742662 25 0 393.74353 1.0353191 -0.037685545
106 0.29374666 345.9649 0.82075313 -0.10387725 0.14479484 25 0 9525.5033 22.432639 -3.3772009
107 45.974902 347.26002 0.67037242 -0.20617636 -0.0072297784 25 0 833.61906 1.9759082 -0.73941689
108 232.74407 347.12225 0.51746643 -0.4288831 -0.28614111 25 0 631.64709 1.6062947 -0.51456304
109 457.60154 354.08059 0.49358394 0.16276027 0.047369553 25 0 619.76591 1.5068015 -0.44514014
110 329.48153 359.65453 0.58941261 -0.37415924 -0.40214104 25 0 558.01825 1.3578801 -0.33215359
111 208.88203 363.11337 0.51874549 -0.46082327 -0.3503395 25 0 3716.8453 10.406212 -2.5432317
112 350.70424 364.86079 0.45713988 -0.035010361 -0.34013322 25 0 680.88294 1.8980249 -0.69575479
113 267.61647 367.28258 0.56151445 -0.68998228 -0.35275479 25 0 16804.014 44.393755 -4.1183047
114 383.36557 374.54688 0.63383587 -0.79024169 -0.081075704 25 0 1488.1371 3.6216312 -1.3972606
115 195.17269 376.12243 0.54631826 -0.30213858 -0.30146731 25 0 1239.6985 3.3661431 -1.3178314
116 247.19178 377.45914 0.53238976 -0.19897838 -0.10728569 25 0 1947.3266 5.1622197 -1.7820912
117 64.675279 378.46478 0.45837923 0.12377521 -0.13917908 25 0 2962.7186 8.6862316 -2.3470785
118 396.50649 378.88848 0.55559215 -0.120188 -0.34967078 25 0 813.6613 2.1385328 -0.82528977
119 468.42968 381.20174 0.57963464 -0.17970986 -0.21837399 25 0 6953.3983 18.665378 -3.177592
120 334.88219 391.9808 0.52705671 -0.34871483 -0.28651472 25 0 2476.563 6.9484714 -2.1047232
121 43.924484 392.63498 0.5683812 -0.22075225 -0.12252187 25 0 2693.0866 7.3981533 -2.1728083
122 89.583694 394.4655 0.4779961 -0.067952799 -0.385033 25 0 396.58395 1.0210621 -0.022630443
123 113.69444 398.73509 0.55853701 -0.26556466 -0.25505068 25 0 1077.1782 2.7976285 -1.1169751
124 453.57325 401.09691 0.66013314 -0.60971174 -0.225831 25 0 1823.5204 4.4369553 -1.6177126
125 424.17869 401.3856 0.57014214 -0.38863275 0.044416544 25 0 1837.0465 4.7933632 -1.7016009
126 29.075362 403.6062 0.65537887 -0.66284926 -0.15397236 25 0 534.52344 1.300786 -0.28551462
127 215.57973 408.90231 0.55057994 -0.32934529 -0.37924077 25 0 5461.1872 14.602755 -2.911087
128 346.0076 411.13432 0.66853222 0.21595775 -0.10713778 25 0 690.35795 1.5401155 -0.46888326
129 244.72631 416.61605 0.47570457 -0.06536181 -0.29961884 25 0 498.53834 1.171046 -0.1714349
130 381.34844 416.12417 0.59685628 -0.82859164 -0.086275668 25 0 447.12738 1.0264957 -0.028392832
131 242.07805 420.10495 0.56625684 -0.19580756 -0.29257024 25 0 1591.8058 4.2032304 -1.558958
132 74.186513 425.11051 0.56192137 -0.20403807 -0.25329941 25 0 754.15957 2.0164266 -0.76145605
133 98.199655 426.64878 0.63196781 -0.58431232 -0.23632378 25 0 1811.2119 4.3971141 -1.6079193
134 122.48386 445.76377 0.53223451 -0.43148389 -0.061572102 25 0 738.67751 1.7666762 -0.61789237
135 148.83334 444.80674 0.60488297 -0.28867816 -0.31844438 25 0 1843.4128 4.6613214 -1.6712726
136 222.14225 448.30985 0.48275219 -0.14971206 -0.33723364 25 0 822.65852 2.1038827 -0.80755383
137 480.94165 448.49276 0.32237958 -0.16110701 -0.13275529 25 0 60449.835 174.05152 -5.6016945
138 235.2417 452.76432 0.61101262 -0.536928 -0.19432856 25 0 1006.3671 2.3873225 -0.94477772
139 81.32891 454.43584 0.5690782 0.04360645 -0.18347453 25 0 9948.6915 26.538064 -3.5596731
140 467.05167 465.17558 0.61357443 -0.35233242 -0.16353978 25 0 1901.7936 4.893465 -1.7240412
141 301.11379 468.40264 0.61339685 -0.88761521 -0.24719192 25 0 574.07985 1.2154722 -0.21186262
142 352.05495 473.53395 0.60457677 0.048225044 0.063913049 25 0 1045.4724 2.6185642 -1.0451581
143 46.350118 473.8823 0.66077183 -0.38350695 -0.30396806 25 0 5014.9632 12.651254 -2.7553339
144 139.22521 475.36496 0.5018506 -0.006448796 -0.16117075 25 0 900.18499 2.3634511 -0.93386653
145 417.46184 477.27658 0.5225844 -0.76568418 -0.33481139 25 0 60868.174 168.17679 -5.5644151
146 201.03508 483.44807 0.55823715 -0.2761334 -0.12400933 25 0 3806.1264 10.240691 -2.5258232
147 332.53635 485.39655 0.49067282 -0.60283376 -0.30974795 25 0 465.12874 1.1120863 -0.11534621
148 418.98433 484.90303 0.59332171 -0.16073168 -0.17980903 25 0 561.32205 1.2424304 -0.23568021
149 104.37493 487.03762 0.71569463 -0.36248811 -0.65710946 25 0 570.2643 1.226633 -0.22178662
150 251.03983 486.8192 0.61770087 -0.44838841 -0.33124736 25 0 2718.7362 6.9529813 -2.1054277
151 129.07631 492.51685 0.5593845 -0.35229535 -0.097748223 25 0 713.89517 1.679835 -0.5631666
152 54.05422 497.82191 0.59306872 -0.15540209 -0.069228581 25 0 971.37853 2.5044303 -0.99677239
