id xcentroid ycentroid sharpness roundness1 roundness2 npix sky peak flux mag
1 353.34323 7.0460217 0.76070176 0.015681219 -0.13893938 25 0 414 1.1290252 -0.13175906
2 325.81254 9.7300058 0.698535 0.37111804 0.10070177 25 0 837 2.3868042 -0.94454199
3 334.89191 12.05247 0.7814829 0.37596517 -0.022821577 25 0 420 1.1353221 -0.1377977
4 457.24954 13.015068 0.76382986 -0.14343188 -0.22575306 25 0 560 1.7504948 -0.60790204
5 137.54471 17.049719 0.69185444 -0.024663034 -0.25133348 25 0 533 1.5170405 -0.4524929
6 363.28295 18.329787 0.70592738 0.27072709 -0.095713748 25 0 825 2.3328839 -0.9197328
7 52.825114 19.16091 0.76127317 0.10160394 0.017021256 25 0 18328 48.782018 -4.2206494
8 0.423527 20.739529 0.73020718 -0.29808017 0.055208975 25 0 6001 16.572714 -3.0484841
9 495.85533 21.37476 0.65883533 0.22971967 0.092675285 25 0 27291 77.586566 -4.7244663
10 436.72241 21.470478 0.67361242 0.63452375 0.10927238 25 0 675 2.1064978 -0.80890251
11 382.42412 39.793516 0.64460313 0.32285732 -0.1296836 25 0 535 1.6057527 -0.51419664
12 482.20551 39.967816 0.96481595 -0.099185927 0.074579461 25 0 471 1.2150436 -0.21147962
13 155.19994 42.506595 0.54518731 0.069439898 0.18911176 25 0 441 1.4262642 -0.38549994
14 142.12968 46.708201 0.67545628 0.36936002 0.062607927 25 0 714 2.0420995 -0.77519222
15 215.01439 47.766499 0.6662922 0.25070086 -0.0058197197 25 0 1420 3.9672183 -1.4962153
16 234.54285 48.555284 0.52153019 -0.24768296 -0.0712697 25 0 1948 6.1114519 -1.965361
17 375.08132 49.658531 0.59566439 0.56691885 0.084805843 25 0 502 1.6118691 -0.51832442
18 94.796877 50.925466 0.72760926 0.27742015 -0.073712287 25 0 618 1.6720569 -0.55812764
19 352.96793 50.695047 0.29855534 0.46989842 -0.0079412378 25 0 58949 221.85333 -5.8651649
20 139.76769 52.854356 0.69636571 0.25746128 -0.015172529 25 0 6036 16.780789 -3.0620309
21 428.55374 54.197722 0.63851624 0.10270836 -0.091890456 25 0 995 2.9574993 -1.1773116
22 80.799233 60.242007 0.80467388 0.13521942 -0.071380737 25 0 413 1.1619823 -0.1629988
23 275.46066 59.655428 0.51814061 0.090619063 0.02069216 25 0 400 1.2023844 -0.20010837
24 499.10127 60.089798 0.658307 0.50446277 0.021551763 25 0 889 2.9079811 -1.158979
25 322.67993 61.176043 0.71278041 0.068578712 -0.14549535 25 0 1814 4.7174522 -1.6842688
26 170.72906 65.992776 0.63328605 0.12088401 -0.1463766 25 0 405 1.116932 -0.12006685
27 471.681 67.713096 0.68674919 0.57109117 0.085779413 25 0 1513 4.3881163 -1.6056953
28 58.792099 68.910233 0.58585642 -0.061455389 -0.11723454 25 0 316 1.1125524 -0.11580116
29 25.960768 71.761804 0.78746618 0.017969293 0.13884475 25 0 601 1.6595748 -0.54999211
30 377.81185 72.027735 0.67880062 0.18899345 0.13537833 25 0 378 1.1172451 -0.12037111
31 59.904448 73.807758 0.72511615 0.091377034 0.064175429 25 0 784 2.2280631 -0.8698187
32 83.050378 73.679005 0.75970513 -0.35831815 0.026770493 25 0 544 1.418643 -0.37968276
33 461.28565 74.582362 0.59910879 0.031056986 0.066748176 25 0 1448 4.4809464 -1.6284244
34 499.97726 75.330979 0.61982688 0.82258156 0.30108485 25 0 372 1.4294469 -0.38792005
35 26.236291 75.749696 0.76240577 -0.19709382 0.037094429 25 0 496 1.3220192 -0.30309438
36 140.7585 75.641349 0.56430627 0.48018315 0.10599862 25 0 481 1.4134034 -0.37566535
37 446.54209 76.259382 0.58668987 0.64617791 -0.24422626 25 0 506 1.7082237 -0.58136186
38 84.117 78.796856 0.71438775 0.26934803 0.049504102 25 0 2004 5.5734886 -1.8653178
39 497.06578 83.066406 0.69409294 0.5654534 0.006139606 25 0 1056 3.1990459 -1.2625512
40 379.03592 87.280159 0.67945089 0.36218195 0.074723958 25 0 3823 10.627412 -2.5660688
41 148.05029 90.64754 0.56595459 0.33802036 0.14647967 25 0 506 1.5171663 -0.45258297
42 120.47747 94.117303 0.73363665 0.2547916 -0.16255343 25 0 698 1.6925549 -0.57135691
43 172.86586 94.217939 0.67970193 0.28972879 -0.059400346 25 0 519 1.2936128 -0.27951075
44 183.55109 100.90595 0.68490929 -0.022008836 -0.29815504 25 0 591 1.5509081 -0.47646517
45 312.08484 101.57514 0.64445724 0.056210484 0.19228683 25 0 1276 3.4425828 -1.342211
46 315.99983 103.32003 0.65067095 -0.040291104 0.031328969 25 0 1601 4.3367459 -1.5929099
47 214.36791 104.34526 0.68728982 0.65802885 -0.016266627 25 0 1794 4.6449279 -1.6674474
48 144.06444 108.12552 0.72295074 0.25868314 0.077106748 25 0 506 1.2179202 -0.21404706
49 479.92273 108.07861 0.77578826 0.064227491 -0.0042844849 25 0 489 1.446876 -0.40107827
50 82.042212 108.5772 0.65541097 0.21968632 0.1314657 25 0 4083 11.468349 -2.6487522
51 325.07703 110.45424 0.6131037 0.40559741 0.21135516 25 0 389 1.0421264 -0.044801005
52 360.81039 119.77265 0.65993179 0.14752714 0.015000884 25 0 738 2.108085 -0.80972029
53 247.49156 121.569 0.55841362 -0.19030982 -0.026343981 25 0 14674 43.918047 -4.1066075
54 264.89588 121.73941 0.63834938 0.53401985 0.073801254 25 0 1239 3.459848 -1.3476425
55 274.8827 123.09074 0.67178282 0.097879213 -0.02573503 25 0 2212 6.0376054 -1.9521618
56 331.42901 122.85012 0.63937024 0.36633848 -0.18082223 25 0 1200 3.3061353 -1.2983016
57 476.71401 124.52615 0.72555762 0.42807165 0.11771835 25 0 374 1.1299583 -0.13265605
58 126.46196 125.22275 0.71943229 0.53316379 -0.097013525 25 0 603 1.4869873 -0.43076813
59 227.02253 124.71558 0.8230202 0.78384366 0.52349135 25 0 701 1.3864196 -0.35473669
60 181.11246 126.16139 0.64338993 0.43087496 -0.40646199 25 0 508 1.2466542 -0.239365
61 79.118342 126.71812 0.64952589 0.36730538 0.058157328 25 0 692 1.9815253 -0.74249904
62 178.79859 128.3092 0.64173904 -0.045983426 0.039952469 25 0 2247 6.2569428 -1.9909055
63 506.85833 128.4268 0.68568879 0.42741032 0.15067234 25 0 370 1.2513471 -0.24344444
64 11.40623 130.2545 0.72582142 0.26015409 -0.056166353 25 0 516 1.4525167 -0.40530281
65 202.82 133.79629 0.70189264 0.45513274 0.0050208554 25 0 2125 5.5412108 -1.8590117
66 33.936465 135.48138 0.68341019 0.29200321 0.14805195 25 0 1357 3.8579878 -1.4659021
67 6.3144501 136.11194 0.80469612 0.28587602 0.034690407 25 0 573 1.4413359 -0.39691302
68 280.24082 136.93863 0.61318913 0.10988796 -0.1044578 25 0 599 1.677693 -0.56178124
69 422.65185 145.17599 0.6538714 0.073207098 -0.057204995 25 0 12951 36.581825 -3.9081634
70 325.44016 150.86236 0.65373311 0.34515611 -0.14415448 25 0 3064 8.3823556 -2.3084152
71 41.372207 151.74662 0.64107692 -0.21538525 -0.12092508 25 0 780 2.2401611 -0.87569813
72 24.413736 155.72911 0.61045981 -0.2696314 -0.11213015 25 0 634 1.9166655 -0.70636581
73 510.6698 157.0859 0.78794079 -0.033076337 0.13903304 25 0 9275 24.343997 -3.4659797
74 124.09936 165.08633 0.82119944 0.007444207 -0.025631987 25 0 689 1.5866783 -0.5012222
75 412.63113 166.67158 0.63925012 0.57457176 0.0051082545 25 0 50707 143.59475 -5.3928464
76 451.80897 170.09295 0.70400931 0.19442791 0.017750488 25 0 585 1.7472512 -0.60588834
77 233.12401 170.76906 0.57618065 0.28578536 0.085848907 25 0 605 1.7234329 -0.59098595
78 180.16955 174.24538 0.65880714 0.26792823 -0.088376379 25 0 971 2.6054327 -1.0396997
79 60.048698 177.92058 0.73276207 0.21281378 0.10436398 25 0 551 1.4337426 -0.39117795
80 504.88669 178.51184 0.65424739 0.20649795 0.18933619 25 0 6574 18.643852 -3.1763391
81 252.69299 179.26864 0.644349 -0.0093884445 -0.027018017 25 0 1938 5.2045131 -1.7909503
82 372.97491 179.02096 0.62946819 0.24779345 0.086607845 25 0 711 2.1254402 -0.8186222
83 190.82381 179.98044 0.69087184 0.079396504 -0.065126459 25 0 1312 3.4894266 -1.3568852
84 440.11765 181.09627 0.61450283 0.2793817 0.11334797 25 0 389 1.2394634 -0.2330843
85 179.38075 182.62901 0.60529041 0.041562223 -0.020938096 25 0 1608 4.4763411 -1.6273079
86 447.82195 187.66894 0.66087484 0.3675006 0.074222614 25 0 2982 8.4623285 -2.3187247
87 43.410953 188.54803 0.53043969 -0.13222763 -0.1043109 25 0 688 2.1307396 -0.82132597
88 141.62138 188.71591 0.60732939 0.59518142 0.050891977 25 0 1788 4.8294745 -1.7097497
89 437.61144 189.93807 0.62351946 -0.11962343 -0.17022479 25 0 619 1.9800078 -0.74166728
90 509.47571 189.43923 0.6462654 0.45510904 0.010082431 25 0 655 1.932437 -0.71526337
91 253.46604 191.39395 0.67353668 0.54939798 -0.055196073 25 0 1212 3.0965876 -1.2272084
92 448.2615 192.65085 0.59852222 0.045012752 -0.027215866 25 0 890 2.7907556 -1.1143045
93 215.94588 194.2001 0.69841557 0.11976743 -0.010598689 25 0 948 2.35856 -0.93161731
94 98.165274 195.18179 0.73321955 0.30660509 0.00040387586 25 0 48876 131.32741 -5.2958885
95 148.02956 196.37341 0.62437256 0.051068577 0.2278785 25 0 509 1.1855312 -0.18478246
96 447.41441 200.72559 0.64236262 0.089983002 -0.17016699 25 0 339 1.013096 -0.014126453
97 481.55608 204.71321 0.59862056 -0.19970339 0.22563557 25 0 495 1.6516649 -0.54480484
98 194.78714 207.03439 0.71558807 0.19248778 0.0035923086 25 0 766 1.8257021 -0.65357481
99 225.25679 208.40776 0.64313762 0.53460026 0.012676715 25 0 445 1.167768 -0.16839146
100 93.213832 209.18058 0.71190767 -0.080594377 -0.1402969 25 0 792 1.9971997 -0.75105375
101 496.16029 210.62444 0.69454346 0.31835482 0.080031291 25 0 666 1.9830392 -0.74332826
102 39.074411 218.25595 0.74136878 0.99953162 0.035272615 25 0 535 1.2912255 -0.27750522
103 41.23845 219.56085 0.71779335 0.61645051 -0.073550959 25 0 579 1.4363316 -0.39313679
104 452.3514 220.46345 0.57657234 0.073393209 0.15301139 25 0 958 3.0347654 -1.2053128
105 14.459554 221.76132 0.67488901 0.42793282 -0.11861187 25 0 1942 5.3774596 -1.8264429
106 352.98945 222.79324 0.61675692 0.31330846 0.024875489 25 0 1657 4.8705381 -1.7189424
107 283.204 224.93356 0.69208193 0.21073957 0.010952994 25 0 881 2.1978054 -0.85497311
108 177.43813 226.44466 0.66613539 0.65891796 -0.0033427227 25 0 1090 2.8091268 -1.1214284
109 506.07576 229.27375 0.7089041 0.31331897 0.069519864 25 0 5356 14.740159 -2.9212554
110 266.62085 231.71259 0.63281619 0.53794069 -0.026835748 25 0 2941 8.2189661 -2.287043
111 12.025841 233.75105 0.71537013 0.14548461 -0.22803855 25 0 394 1.0047561 -0.0051516026
112 378.79532 233.80729 0.65396315 0.38053068 -0.0069214707 25 0 4919 13.986391 -2.8642641
113 448.90711 234.49662 0.64597828 0.21033134 0.15727355 25 0 14073 39.54627 -3.9927638
114 353.69877 236.11556 0.65518518 -0.02640019 -0.076719494 25 0 1238 3.4753499 -1.3524963
115 207.05844 242.45031 0.70905317 0.61416976 0.21948594 25 0 882 2.1342573 -0.82311696
116 267.15763 243.38332 0.59006961 0.58384636 0.018426163 25 0 822 2.2562807 -0.88348282
117 458.12667 245.90893 0.67900631 0.21664678 0.0045807663 25 0 2176 6.2738035 -1.9938273
118 57.591796 246.76095 0.52438798 -0.081142032 -0.1930898 25 0 377 1.0957719 -0.099300358
119 44.107416 249.25739 0.73437936 0.14417651 0.12304028 25 0 400 1.0649448 -0.068317725
120 454.99668 259.397 0.65816503 0.25460486 0.10191964 25 0 7861 22.152892 -3.3635761
121 230.79654 260.02267 0.68700445 0.22107951 -0.031426368 25 0 5892 16.169185 -3.0217203
122 3.0336033 260.85233 0.72650958 0.25465681 0.04306708 25 0 1326 3.5591315 -1.3783601
123 293.00702 262.60958 0.7085613 0.13162274 0.078111231 25 0 467 1.0331432 -0.035401272
124 13.129693 280.81413 0.72521935 -0.14944167 -0.08878453 25 0 384 1.0232089 -0.024910791
125 60.040843 280.80534 0.73245881 0.1025214 0.030229496 25 0 1922 5.057394 -1.759817
126 242.35082 289.02184 0.60502953 0.25487183 -0.17210331 25 0 422 1.1431084 -0.14521851
127 74.339084 290.09703 0.72833098 0.33483641 -0.029525098 25 0 933 2.2961693 -0.90250975
128 374.53755 292.25518 0.62847626 -0.12492052 -0.077515505 25 0 5380 15.296001 -2.9614448
129 187.38614 293.63806 0.63487245 0.092422151 0.041402114 25 0 924 2.457929 -0.97642332
130 65.878617 295.03415 0.71787813 0.39089041 0.021834242 25 0 1619 4.2436325 -1.5693444
131 94.158243 294.80657 0.69384103 0.31320736 0.029426414 25 0 1448 3.8335389 -1.4589997
132 348.98794 297.09096 0.66963938 0.21463132 -0.013148458 25 0 480 1.4023977 -0.367178
133 480.25551 297.06308 0.70035005 0.10613044 -0.11765292 25 0 777 2.3502959 -0.92780634
134 18.422764 299.98454 0.61531836 -0.13322395 -0.20561172 25 0 477 1.3075103 -0.2911128
135 162.99258 304.38128 0.70304445 0.30556418 0.0045099278 25 0 587 1.443809 -0.39877439
136 425.50236 310.27267 0.74448364 0.27067175 -0.17668759 25 0 444 1.2647036 -0.25497186
137 77.622554 310.42798 0.62083515 0.70461898 0.14433633 25 0 1216 3.3693183 -1.3188551
138 221.07517 315.98133 0.69551087 0.18267427 -0.0071584686 25 0 1062 2.849021 -1.1367391
139 452.96593 315.88547 0.66838071 0.10729908 0.036879155 25 0 1088 3.2940046 -1.2943105
140 140.36972 320.83021 0.66360801 0.1129077 -0.064907289 25 0 3652 10.025089 -2.5027206
141 16.392344 322.5316 0.63771179 0.69044073 0.065032161 25 0 2090 5.8235176 -1.9129635
142 0.79283277 322.42213 0.70546377 0.3267342 0.14553119 25 0 992 2.4571439 -0.97607649
143 189.82845 330.20567 0.47128702 0.15812484 -0.089981869 25 0 348 1.1347464 -0.137247
144 332.64599 332.45543 0.6059312 0.75074708 0.074216299 25 0 573 1.7099205 -0.58243981
145 22.965112 339.73656 0.73406531 0.33647059 0.084200418 25 0 6011 16.191861 -3.0232419
146 290.05472 339.94861 0.75609751 0.34945723 -0.0045115585 25 0 656 1.6298523 -0.53037062
147 382.86377 340.10009 0.75992816 0.059655866 0.023855803 25 0 611 1.6536124 -0.54608433
148 33.154177 340.68396 0.70258621 0.13109613 0.075981315 25 0 14343 39.402662 -3.9888139
149 266.28579 341.24347 0.62803903 0.27085145 -0.00069696832 25 0 963 2.7616867 -1.102936
150 79.492167 341.81849 0.63784942 0.26358537 0.024348261 25 0 1057 2.9189738 -1.1630755
151 491.27791 347.616 0.54901783 0.64649328 0.54961893 25 0 769 2.4461899 -0.97122543
152 363.13778 353.64915 0.60166438 -0.084639942 -0.0679858 25 0 690 2.1062322 -0.80876563
153 242.3822 357.34298 0.6466877 0.5332646 -0.049012055 25 0 5256 14.71558 -2.9194434
154 384.39718 358.76021 0.56754613 -0.062062712 -0.16692353 25 0 967 3.0859083 -1.2234575
155 14.910899 360.09953 0.85253853 -0.14900529 -0.26462663 25 0 596 1.3762597 -0.34675096
156 24.412788 359.63919 0.65230786 0.38203347 0.029820163 25 0 747 1.9436489 -0.72154457
157 301.2592 361.25677 0.64698471 0.38163541 -0.063668798 25 0 26259 74.469498 -4.6799461
158 24.648156 363.52874 0.70713227 0.53063914 0.19008328 25 0 1346 3.3901289 -1.3255405
159 25.565995 366.88917 0.6665686 -0.43881733 -0.079137493 25 0 684 1.9091118 -0.70207842
160 417.09796 368.44432 0.63995175 0.35513733 0.086280345 25 0 1848 5.3896046 -1.8288923
161 228.56574 370.44877 0.6000076 0.017727677 0.01467218 25 0 1458 4.1427588 -1.5432241
162 280.70393 371.47739 0.64681828 0.63993966 0.12131404 25 0 2646 7.4453302 -2.1797099
163 98.280665 373.07805 0.7255104 0.27608967 -0.067095792 25 0 5850 15.640879 -2.9856529
164 430.29645 372.6962 0.664017 -0.13321621 -0.053150741 25 0 1105 3.3128841 -1.3005156
165 141.35185 373.79498 0.61463096 -0.11970881 -0.054242127 25 0 502 1.3847203 -0.35340514
166 502.04919 374.79103 0.70459791 0.13407754 0.053870809 25 0 10303 28.723256 -3.6455842
167 25.418834 376.14076 0.66172437 -0.070446217 -0.24689134 25 0 523 1.4179377 -0.37914291
168 5.7063653 379.86657 0.78344215 0.22042798 -0.081439069 25 0 960 2.5480212 -1.0155076
169 368.5313 385.90623 0.67478284 0.2117652 -0.13692166 25 0 3508 9.8239644 -2.4807169
170 77.467082 387.24627 0.68982233 0.40087957 -0.10327063 25 0 3795 10.344784 -2.5368036
171 123.17996 388.82637 0.66013328 0.3715223 0.06885806 25 0 611 1.6669606 -0.55481333
172 229.8643 390.38721 0.56059966 0.3558029 0.056355784 25 0 559 1.7021261 -0.57747932
173 271.60893 391.12824 0.64475467 0.055405665 0.025153071 25 0 362 1.0571597 -0.060351538
174 486.56414 391.19661 0.77848035 -0.64688135 0.02373686 25 0 704 2.0042474 -0.75487831
175 103.04658 391.97976 0.83558173 0.017920406 -0.23015209 25 0 507 1.1541913 -0.15569447
176 7.7201529 393.35252 0.70109072 0.084486527 0.069947559 25 0 995 2.6166419 -1.0443607
177 147.18321 393.07113 0.73355931 0.12510458 -0.15821103 25 0 1779 4.6943356 -1.6789353
178 457.97171 395.22855 0.70350579 0.19632089 0.010379344 25 0 2745 7.8395225 -2.235724
179 487.37933 394.82302 0.66065755 -0.28543325 -0.090472267 25 0 2107 6.1908934 -1.9793833
180 62.762731 398.18661 0.7133042 -0.055339801 -0.056122324 25 0 660 1.8344104 -0.65874126
181 249.22229 403.04192 0.68995384 0.21175404 -0.076741906 25 0 9045 25.186836 -3.502934
182 379.74104 405.09643 0.77533102 -0.031050503 -0.22943649 25 0 886 2.3760985 -0.9396611
183 415.35187 410.2019 0.6895172 0.24482803 -0.15142776 25 0 559 1.797301 -0.63655202
184 278.27369 410.47338 0.54581464 0.10348759 0.14867907 25 0 565 1.7070807 -0.58063516
185 5.9503346 414.30237 0.71830655 0.25802412 0.04651664 25 0 1081 2.9641374 -1.1797458
186 275.67606 414.26333 0.62865885 0.080606001 -0.044807885 25 0 1986 5.8898387 -1.9252585
187 294.04356 413.90315 0.61790943 -0.55753699 -0.053533994 25 0 326 1.0065929 -0.007134642
188 497.14207 414.88835 0.6653743 0.81203754 0.53207594 25 0 342 1.3088859 -0.29225448
189 107.6635 419.6141 0.69088823 0.6359582 0.054763107 25 0 943 2.5231686 -1.0048657
190 131.64926 421.08394 0.70881083 0.17905554 -0.13164719 25 0 2419 6.5573573 -2.0418221
191 307.58804 430.95123 0.60783201 0.37712014 0.12361404 25 0 349 1.148924 -0.15072829
192 188.42791 432.76545 0.63009557 0.13137234 0.1014298 25 0 360 1.0674952 -0.070914857
193 182.58113 439.05064 0.65713505 0.23042907 -0.27717319 25 0 2200 6.1606885 -1.9740731
194 155.99674 439.92508 0.76434933 0.51576695 0.008892808 25 0 1303 3.422205 -1.335765
195 510.68535 441.20157 0.91543281 0.74755431 0.86660144 25 0 681 1.3550914 -0.32992147
196 255.72326 442.49995 0.58224407 -0.076052926 0.066583611 25 0 985 2.9880186 -1.1884582
197 368.40355 444.24657 0.65570169 0.36133748 -0.096360579 25 0 3246 9.4097795 -2.4339486
198 268.79718 446.89267 0.74395171 -0.17633483 0.027964516 25 0 1299 3.400206 -1.3287631
199 114.92976 448.83774 0.73691172 0.28832293 -0.021172489 25 0 16884 45.254529 -4.1391551
200 500.05604 449.29689 0.71961576 -0.51923873 -0.16307602 25 0 290 1.0896307 -0.093198333
201 500.89132 458.77466 0.7294518 0.23079282 0.016050582 25 0 2505 7.1377 -2.1338957
202 334.88919 462.27924 0.5913881 0.54664148 0.37325098 25 0 556 1.9194326 -0.70793218
203 459.06957 463.59967 0.61263417 -0.4059129 -0.026738382 25 0 290 1.132252 -0.13485777
204 385.88713 467.44763 0.71770966 0.20754223 -0.013687161 25 0 1328 3.6400415 -1.4027658
205 79.96946 468.42584 0.69858958 0.3262685 0.13615355 25 0 6196 16.916779 -3.0707942
206 173.00464 469.49759 0.68865381 0.43610823 0.11598558 25 0 1231 3.4606358 -1.3478897
207 451.56407 470.95744 0.52152476 0.080769743 -0.13705359 25 0 58623 178.46651 -5.6288918
208 314.88924 471.45287 0.65854267 -0.073270947 0.34127489 25 0 301 1.0626224 -0.065947407
209 69.068348 473.53201 0.78827338 0.086890822 0.19110577 25 0 367 1.0343588 -0.036678071
210 234.72042 477.64697 0.71022976 0.4516997 0.0073443882 25 0 5313 14.434338 -2.8984922
211 366.45535 479.29072 0.61947514 -0.40252886 -0.11323916 25 0 527 1.7536242 -0.60984132
212 452.72226 478.7458 0.69218595 0.31156262 0.20504859 25 0 464 1.4602634 -0.41107799
213 284.79504 480.94086 0.73295184 0.16537629 -0.09698855 25 0 3723 10.212179 -2.522796
214 137.93755 481.53442 0.72506413 0.42176282 0.10073235 25 0 502 1.3991167 -0.36463486
215 362.16966 486.01719 0.67176729 0.13134802 -0.09818874 25 0 502 1.5848967 -0.50000237
216 162.68783 486.99132 0.75350348 0.19879065 -0.14068493 25 0 991 2.631917 -1.0506805
217 87.701787 492.29097 0.69345009 0.0773277 -0.035644653 25 0 1204 3.3445326 -1.3108386
218 263.98214 502.01038 0.81975803 0.24714282 0.12745282 25 0 526 1.4233226 -0.38325834
219 174.06108 506.12571 0.70898503 -0.18478725 -0.34868717 25 0 390 1.0754396 -0.078965068
220 91.051909 507.30655 0.6634144 -0.081355802 0.22532267 25 0 342 1.0535879 -0.056676949
221 139.75972 509.02663 0.76257795 0.069656082 -0.037068733 25 0 766 1.9662469 -0.73409515
222 185.20024 509.23141 0.71685088 0.28793466 -0.10583993 25 0 697 1.9204752 -0.70852175
