id xcentroid ycentroid sharpness roundness1 roundness2 npix sky peak flux mag
1 32.377055 0.054967618 0.86778361 -0.36927367 -0.59705906 25 0 3863.4042 9.0968035 -2.397222
2 333.88359 5.7092931 0.49506439 -0.050037958 -0.040537236 25 0 238.37328 1.0933166 -0.096864894
3 293.84689 15.656262 0.74277694 0.15238465 -0.050953374 25 0 653.61392 1.7794583 -0.62571952
4 425.30159 19.137374 0.85561733 -0.063828548 -0.2034541 25 0 606.36241 1.5224837 -0.45638165
5 105.83847 22.886023 0.64242146 0.34605928 -0.46219884 25 0 422.17987 1.2366872 -0.23064963
6 331.36276 24.240575 0.68294939 0.081728078 -0.24743765 25 0 790.54631 2.3370708 -0.92167968
7 20.958363 24.573539 0.62073423 -0.066483408 -0.056339028 25 0 12218.042 34.153553 -3.8335897
8 404.81553 27.441414 0.66336535 0.49111658 -0.11377532 25 0 615.82574 1.7484434 -0.60662892
9 464.05419 27.467651 0.62430377 0.053386769 0.057816234 25 0 23475.522 64.89509 -4.5305296
10 350.48104 45.792577 0.51860813 0.29962175 -0.1450967 25 0 420.83333 1.5813991 -0.49760373
11 450.33956 46.123794 0.75918426 -0.04976392 -0.28628602 25 0 456.63809 1.3111565 -0.29413634
12 123.30149 48.177938 0.77350863 -0.049615403 0.008088022 25 0 430.28539 1.0871667 -0.090740325
13 109.88573 52.44169 0.58167773 0.10095617 -0.099132086 25 0 511.45289 1.6733412 -0.55896124
14 183.05893 53.595865 0.53415198 -0.0019129417 -0.038857914 25 0 807.77676 2.5171178 -1.0022589
15 202.52278 54.342972 0.6376199 0.31412007 -0.25488269 25 0 1847.4555 4.9267363 -1.7313983
16 321.03779 56.594251 0.36463434 0.0086127142 -0.21539532 25 0 58056.194 186.24282 -5.6751988
17 343.11932 55.60139 0.55775283 0.34894157 0.10863738 25 0 333.8677 1.157879 -0.15915791
18 62.750899 56.705382 0.71049446 -0.00059224752 -0.20371188 25 0 582.74395 1.5349335 -0.46522388
19 107.72535 58.552212 0.58821859 0.14219423 -0.10687601 25 0 3956.8558 11.105762 -2.6138709
20 396.65257 60.265431 0.62594265 -0.24409074 -0.27505249 25 0 862.58613 2.5193695 -1.0032297
21 467.13382 66.284878 0.67969198 -0.037170344 -0.12481211 25 0 784.29168 2.2566154 -0.88364387
22 290.62227 66.994685 0.63055139 -0.26449501 -0.37995025 25 0 1432.4978 4.1833462 -1.5538095
23 439.72537 73.992919 0.67885757 0.012909378 -0.19573106 25 0 1601.1459 4.4995769 -1.6329292
24 498.26025 76.213547 0.73580215 0.10562211 -0.15812225 25 0 3714.1114 9.6241771 -2.458409
25 51.065761 79.322024 0.58021671 -0.5920186 -0.34213821 25 0 395.39913 1.3283932 -0.30831659
26 27.821241 79.607494 0.70715458 0.094372488 -0.024164579 25 0 607.74472 1.7225122 -0.59040574
27 429.30088 80.827893 0.72605127 -0.10498048 -0.16011336 25 0 1657.0006 4.3330834 -1.5919926
28 414.59235 82.354433 0.64650965 0.54672231 -0.16605961 25 0 425.88441 1.3098016 -0.2930138
29 468.11763 81.472145 0.64985892 -0.12355792 0.028629796 25 0 366.93218 1.1176365 -0.12075146
30 52.290101 84.482097 0.56085585 0.093607825 -0.00060597894 25 0 1241.9772 3.7886099 -1.4461997
31 465.09857 89.426454 0.64052666 0.2675074 0.017941464 25 0 845.23753 2.4076889 -0.95400091
32 346.99313 93.258667 0.68788128 -0.10866401 -0.13093962 25 0 3378.3182 9.1193656 -2.3999116
33 116.1925 96.301293 0.52611454 0.34653322 0.046471488 25 0 358.1391 1.172702 -0.1729692
34 88.316951 99.948134 0.6652655 -0.39018396 -0.086752041 25 0 540.34404 1.4587435 -0.40994737
35 487.46649 100.34592 0.61018966 -0.46603779 -0.17944052 25 0 18105.43 49.917946 -4.2456418
36 151.37646 106.88329 0.51083148 0.11798538 -0.27283034 25 0 359.61063 1.1436035 -0.14568868
37 279.99766 107.52833 0.63967339 -0.13251626 0.024035473 25 0 1054.7555 2.9718127 -1.1825536
38 284.00308 109.19741 0.62857815 -0.3740658 -0.223232 25 0 1346.9047 3.7874858 -1.4458775
39 182.20539 110.27785 0.64377873 0.040157051 -0.19106519 25 0 1572.1048 4.244075 -1.5694576
40 50.090232 114.26481 0.6644467 -0.19652322 -0.20605736 25 0 3788.1827 10.200654 -2.5215701
41 111.83053 114.07673 0.72454101 -0.26627071 -0.3396152 25 0 407.36719 1.0756408 -0.079168175
42 447.88525 114.46525 0.82102801 0.30593137 -0.045148294 25 0 402.84592 1.1273108 -0.1301092
43 505.62163 116.81028 0.62853737 0.10166332 -0.19815603 25 0 1904.4944 5.3450844 -1.8198864
44 485.83953 120.34036 0.66355546 0.017659352 -0.049104876 25 0 2017.3425 5.582384 -1.8670493
45 328.62011 125.78558 0.69827625 0.16938209 -0.15402998 25 0 510.94731 1.5254848 -0.45851971
46 215.29791 127.54637 0.58527405 0.33490765 -0.021966231 25 0 13352.56 37.144988 -3.9247506
47 232.71203 127.57562 0.57795626 -0.016470103 -0.14133445 25 0 796.76457 2.3380802 -0.92214853
48 242.71817 129.00821 0.63852558 -0.16296314 -0.26479333 25 0 1582.1727 4.3643211 -1.5997917
49 299.39104 128.74332 0.67022261 -0.46402581 -0.24118109 25 0 980.68593 2.6444947 -1.0558568
50 94.256139 130.98031 0.67287696 -0.56631022 -0.30745717 25 0 456.21065 1.2276878 -0.22271983
51 194.68736 130.81751 0.62193124 -0.37257834 -0.31836851 25 0 484.9192 1.3208203 -0.3021093
52 444.92017 130.74244 0.52370261 0.12456914 0.12291977 25 0 352.29928 1.3843927 -0.35314827
53 47.346951 132.29724 0.52276495 -0.15208949 -0.28711364 25 0 401.11675 1.3183916 -0.3001111
54 146.55398 134.24018 0.66554349 0.18175832 -0.32314428 25 0 1764.6738 4.5700475 -1.6498018
55 474.70041 134.81508 0.78079112 -0.043789404 -0.44945884 25 0 381.32253 1.0434567 -0.046186107
56 170.54775 139.5813 0.62890517 -0.67309308 -0.25176036 25 0 1315.9889 3.3965587 -1.3275978
57 2.1658327 140.83629 0.70948348 -0.23344564 -0.17625782 25 0 1244.9024 3.4240086 -1.3363371
58 248.15304 143.08491 0.56487107 -0.2447715 -0.23239151 25 0 362.3527 1.1277289 -0.13051173
59 390.52097 151.3177 0.60264971 -0.47122611 -0.23510794 25 0 9811.9301 27.077379 -3.5815166
60 9.364961 157.15674 0.73920188 0.27132802 -0.12071354 25 0 810.89586 2.1276769 -0.81976418
61 293.41949 156.80323 0.65065775 -0.38299063 -0.2852828 25 0 2595.3812 6.9018279 -2.0974103
62 478.83528 163.43513 0.6522006 -0.081989217 0.005759149 25 0 7400.5599 20.176499 -3.2621145
63 380.44509 172.85501 0.62876103 -0.010504645 -0.33994098 25 0 43659.659 117.87968 -5.1785974
64 419.53529 176.3689 0.65567216 -0.12134201 -0.20876834 25 0 415.8807 1.3064539 -0.29023521
65 200.93842 176.50565 0.59776664 0.15467205 -0.040682979 25 0 476.36641 1.3585149 -0.33266103
66 220.54749 185.01337 0.65379741 -0.2966779 -0.34982693 25 0 1623.2995 4.2564929 -1.5726298
67 340.86372 185.03423 0.58466038 -0.18735576 -0.16343115 25 0 469.75856 1.5667428 -0.48749429
68 472.8166 184.78375 0.68376378 0.076219593 -0.098892449 25 0 6913.2006 18.585864 -3.1729569
69 158.4501 185.82976 0.6231745 -0.23756354 -0.29226449 25 0 833.78401 2.2897517 -0.89947097
70 146.97862 188.36335 0.60090677 -0.33648657 -0.16377523 25 0 1281.4794 3.4576744 -1.3469602
71 11.620362 193.89221 0.69825078 -9.8864011e-06 -0.43204839 25 0 696.82478 1.9502365 -0.72521822
72 109.53986 194.20168 0.69693684 -0.1728036 -0.28485921 25 0 1603.6568 3.936922 -1.487892
73 415.62663 194.01941 0.62468098 -0.27638215 -0.3233127 25 0 2477.4763 6.9147083 -2.0994347
74 405.65423 196.25808 0.52100495 0.088704026 -0.21504872 25 0 401.42102 1.3643701 -0.33733048
75 477.4914 195.9155 0.73015307 -0.070295533 -0.13796148 25 0 762.79784 2.0328824 -0.77028066
76 221.22293 197.27045 0.64598527 0.0065895459 -0.28527072 25 0 1006.8214 2.7466626 -1.0970133
77 416.0629 198.97806 0.75950982 -0.40956001 -0.21403896 25 0 907.15225 2.2963778 -0.90260833
78 183.57567 199.92631 0.59267579 -0.17119568 -0.49735651 25 0 570.97259 1.5353914 -0.46554776
79 66.230016 200.5506 0.62830443 -0.21181551 -0.029784239 25 0 34607.823 94.510283 -4.9386977
80 115.83193 201.98824 0.57146713 -0.13872223 -0.10298064 25 0 433.8889 1.3579429 -0.3322038
81 415.18406 206.84445 0.65558829 -0.24429606 -0.14473372 25 0 367.74894 1.1563089 -0.15768465
82 449.58615 210.90494 0.59533212 -0.17625412 -0.35534133 25 0 464.79989 1.4717131 -0.41955791
83 162.47819 212.88174 0.6907774 -0.55693003 -0.27646955 25 0 492.30928 1.1816019 -0.18117795
84 61.275481 214.70282 0.69760019 -0.45009846 -0.27668595 25 0 538.26627 1.4070014 -0.3707363
85 400.1792 215.28168 0.57875639 -0.23816241 -0.33296652 25 0 282.13496 1.0342961 -0.036612189
86 503.47012 214.66946 0.66064 -0.3490763 -0.15510874 25 0 1416.1108 3.7549262 -1.4365035
87 463.89221 217.01298 0.75037842 -0.29182437 -0.045027551 25 0 790.0474 2.1179086 -0.81476805
88 497.35476 220.80712 0.69655057 -0.088694983 -0.15966447 25 0 3173.4046 8.375705 -2.3075534
89 7.1034095 223.87023 0.53965522 0.5752561 -0.41807139 25 0 315.09907 1.0182225 -0.019606719
90 9.0679584 225.17125 0.67913643 -0.63982373 -0.66878093 25 0 432.33365 1.2859874 -0.27309177
91 420.1015 226.8662 0.66460573 -0.1826273 -0.13761747 25 0 1102.5458 3.0976002 -1.2275634
92 320.79231 228.9091 0.64850105 -0.080834561 -0.21873078 25 0 1377.1945 3.8340616 -1.4591477
93 250.99045 230.75098 0.66038208 -0.018857137 -0.098763958 25 0 617.50839 1.5898803 -0.50341106
94 145.18626 232.12322 0.5949407 0.10788077 -0.31701613 25 0 889.51521 2.5003688 -0.99501017
95 473.99309 235.70132 0.66703454 -0.071135874 -0.072092714 25 0 4551.2214 12.328135 -2.7272434
96 234.2582 237.54417 0.61823369 -0.33543873 -0.061708338 25 0 2335.4077 6.2132523 -1.9832975
97 346.57237 239.87856 0.60515449 -0.21151132 -0.33132709 25 0 3885.9103 10.983372 -2.6018393
98 416.66331 240.68055 0.61302698 0.12850657 -0.13267728 25 0 12274.79 34.110953 -3.8322346
99 321.49426 242.08377 0.61697606 -0.37643281 -0.30252609 25 0 860.893 2.3723928 -0.9379665
100 174.68821 248.29627 0.68048877 0.11134783 -0.10088565 25 0 607.63287 1.5487128 -0.47492721
101 234.59575 249.35143 0.67425022 -0.14991737 -0.3957307 25 0 587.55054 1.484104 -0.42866084
102 425.97133 252.18071 0.68703851 -0.16118665 -0.14016698 25 0 1951.1411 5.2131118 -1.7927426
103 198.32439 265.81047 0.62811564 -0.24630513 -0.21640771 25 0 4356.678 11.758664 -2.675895
104 422.76591 265.6519 0.62798862 0.094982145 -0.088854303 25 0 6678.0739 18.338232 -3.1583936
105 260.75465 268.30294 0.56061261 0.23096746 -0.38877862 25 0 314.1758 1.0150117 -0.016177642
106 326.21087 274.8698 0.66041681 0.31250724 -0.094955801 25 0 417.56349 1.1503208 -0.15204744
107 99.311709 275.97048 0.78694776 0.1042654 -0.32543456 25 0 403.76565 1.0360619 -0.038464281
108 27.932315 286.2778 0.63550845 -0.077695646 -0.17821177 25 0 1375.7605 4.0322184 -1.5138601
109 42.165326 295.49181 0.55627565 0.23221062 0.099896383 25 0 549.47577 1.6284969 -0.52946732
110 342.39239 298.30363 0.64311005 0.047438593 -0.23360633 25 0 4806.4055 12.771724 -2.7656238
111 155.01104 299.2093 0.6160784 0.097842174 -0.23925744 25 0 886.24418 2.4675197 -0.98065157
112 33.638211 300.43621 0.58506013 -0.44937997 -0.052639392 25 0 1006.4241 2.9407046 -1.1711285
113 61.890368 300.14332 0.70046168 -0.1769885 -0.22827688 25 0 1172.6234 3.0643795 -1.2158564
114 316.71361 303.04826 0.66563673 -0.61404602 -0.23370316 25 0 450.96425 1.3109943 -0.294002
115 447.95069 303.14347 0.47982393 0.030444425 0.20389447 25 0 523.5999 1.7149793 -0.58564719
116 131.00569 309.77287 0.78055574 -0.33514399 -0.12543845 25 0 483.80203 1.0414205 -0.044065301
117 45.348845 315.99539 0.68077261 -0.08932001 -0.1646987 25 0 1243.0618 3.3385132 -1.3088828
118 392.99831 316.60818 0.72426728 -0.078158751 -0.14550809 25 0 423.00673 1.0562087 -0.059374385
119 188.84831 321.72794 0.62767975 -0.012529873 -0.1478077 25 0 806.15626 2.122625 -0.81718319
120 420.66198 322.13688 0.69761744 0.014535284 -0.1127457 25 0 1095.895 2.8585194 -1.1403529
121 108.0932 326.31515 0.68969651 0.026576172 -0.12181346 25 0 3261.3625 8.4456414 -2.3165816
122 300.30891 338.51539 0.58373158 -0.12228357 -0.053381199 25 0 509.55417 1.4036404 -0.36813962
123 1.0067523 346.03382 0.70212934 -0.21955505 -0.14159692 25 0 12678.295 33.872575 -3.8246205
124 257.74333 345.81334 0.48338163 -0.61457608 -0.57565082 25 0 398.51544 1.1643642 -0.16522212
125 350.61843 346.27654 0.65643336 -0.035893374 -0.39060994 25 0 462.31524 1.223069 -0.21862743
126 47.134246 347.33084 0.63961913 -0.091900057 -0.08621683 25 0 907.32723 2.417353 -0.95835018
127 233.90375 347.23068 0.6074347 -0.40797768 -0.11723914 25 0 842.99166 2.2385774 -0.87493027
128 458.88754 354.05396 0.68611272 0.43755767 0.23872134 25 0 978.13533 2.2710672 -0.89057496
129 230.18525 356.8268 0.5027971 -0.073482824 -0.034297794 25 0 405.65768 1.1727339 -0.17299871
130 330.63837 359.83026 0.51653944 0.40819636 -0.21893785 25 0 629.04804 1.9172839 -0.70671606
131 210.04093 363.14692 0.69619959 -0.087591988 -0.17100343 25 0 5495.0204 14.311431 -2.8892076
132 352.01869 364.98775 0.71102857 -0.21910437 -0.1413809 25 0 1092.5266 2.7464881 -1.0969443
133 268.78354 367.41119 0.59602316 -0.37882463 -0.16982079 25 0 19125.904 51.919454 -4.2883253
134 384.83649 374.54984 0.60294883 0.22874856 -0.040296597 25 0 1652.9099 4.5367528 -1.6418628
135 196.3702 376.12258 0.66907611 -0.073055037 -0.29910697 25 0 1503.5551 3.7950068 -1.4480314
136 248.42209 377.52977 0.567821 0.4401721 -0.033599862 25 0 2102.3726 5.7380092 -1.8969031
137 65.838097 378.58202 0.62761472 0.13867448 -0.069955252 25 0 4383.4996 12.016266 -2.6994238
138 109.1283 379.36261 0.69767023 0.024629783 -0.16966257 25 0 560.48334 1.2902325 -0.27666992
139 398.00114 378.91966 0.69003888 -0.28391456 -0.16199859 25 0 1253.1262 3.292644 -1.2938619
140 469.56196 381.14441 0.66504758 -0.40058858 -0.23945487 25 0 8430.8845 22.356887 -3.3735283
141 336.17603 392.02886 0.67106328 -0.21437936 -0.23269663 25 0 3365.3979 8.9711655 -2.3821222
142 45.126216 392.7173 0.66003702 -0.11955358 -0.098128982 25 0 3428.0169 9.2687493 -2.4175528
143 90.699857 394.41589 0.62611373 -0.52421486 0.1097496 25 0 537.84578 1.3389507 -0.3169115
144 197.6914 396.16806 0.77429743 -0.053667116 -0.36428543 25 0 624.66858 1.3580059 -0.33225416
145 454.17138 397.69974 0.58122997 -0.97943239 -0.094305598 25 0 580.9635 1.4675251 -0.41646382
146 114.81447 398.77498 0.64008366 0.092323177 -0.17210772 25 0 1409.0514 3.7327074 -1.4300599
147 425.57506 401.51104 0.59246784 -0.63146076 -0.11084685 25 0 2031.8483 5.508601 -1.8526033
148 454.90137 401.12448 0.71660778 -0.2776256 -0.069977856 25 0 2297.4202 5.8355839 -1.9152108
149 30.593579 403.61277 0.53561102 0.30623377 -0.22208994 25 0 446.61017 1.2831095 -0.27065932
150 216.92908 408.88008 0.6708636 -0.097103722 -0.20226747 25 0 7657.5171 20.289163 -3.2681603
151 347.381 411.26838 0.6688236 -0.23842939 -0.38624376 25 0 667.13075 1.5603008 -0.48302084
152 246.07914 416.38764 0.63289358 0.32921527 -0.01146942 25 0 679.56017 1.6932559 -0.57180652
153 382.79367 416.35756 0.7087381 -0.76936973 -0.45976406 25 0 590.50289 1.2916054 -0.27782467
154 243.34263 420.09321 0.73691731 -0.18799815 -0.30738105 25 0 2071.1384 5.0151611 -1.7507122
155 464.76341 420.93221 0.607187 0.14061624 -0.16442531 25 0 454.42909 1.0399177 -0.042497451
156 75.179129 425.13261 0.64274517 0.12317193 -0.11146862 25 0 814.63729 2.1042347 -0.80773543
157 99.303635 426.64869 0.64290174 -0.33680216 -0.13858265 25 0 2040.4041 5.3605276 -1.8230188
158 150.14906 444.81822 0.70414876 -0.12008083 -0.21260653 25 0 2304.9123 5.7685941 -1.902675
159 123.52159 445.68963 0.60993983 0.23275939 -0.24547932 25 0 964.40822 2.2726999 -0.89135524
160 223.3833 448.18971 0.66281079 0.020273063 -0.27844304 25 0 1026.0898 2.4412832 -0.96904539
161 482.18162 448.45828 0.36131084 -0.32988924 -0.15863118 25 0 60829.097 182.32681 -5.6521263
162 335.83938 450.44815 0.60802665 -0.27334499 -0.081777038 25 0 2867.4627 7.8548399 -2.2378433
163 236.42895 452.81992 0.66072409 -0.45656875 -0.19351497 25 0 1223.6679 3.0880657 -1.2242163
164 82.49444 454.42512 0.59408171 0.29998338 -0.22024243 25 0 10464.189 28.582338 -3.6402444
165 467.51841 455.80425 0.9512413 0.093845807 -0.086008941 25 0 628.89296 1.137831 -0.14019441
166 508.87506 463.71588 0.6278951 0.45270129 0.49998107 25 0 386.82268 1.0038032 -0.0041213984
167 468.39525 465.08475 0.70385602 -0.12412651 -0.24558028 25 0 2269.3822 5.6031464 -1.8710799
168 426.53686 469.97768 0.68511224 0.52754639 -0.34164448 25 0 480.53575 1.0234813 -0.025199782
169 47.499024 473.85501 0.67285096 0.0094227338 -0.31961756 25 0 5390.3613 14.103334 -2.8733045
170 353.33461 473.4171 0.63560955 -0.57054457 -0.051596532 25 0 1139.1914 2.7794931 -1.109914
171 140.53322 475.29022 0.65802682 0.1710137 -0.34148375 25 0 1039.617 2.4740444 -0.98351872
172 418.90144 477.30594 0.44306191 -0.31668043 -0.18677939 25 0 60216.647 197.88358 -5.7410244
173 202.42567 483.31453 0.65645244 0.16716953 -0.2438366 25 0 4381.7448 11.281604 -2.6309272
174 333.99488 485.34509 0.63346763 -0.27475288 -0.019545287 25 0 682.23588 1.6329982 -0.53246426
175 420.1515 484.95362 0.77745101 -0.20762076 -0.12251619 25 0 644.98574 1.1918949 -0.19059488
176 105.5657 487.07494 0.61158941 -0.084301027 -0.12150494 25 0 511.32725 1.3194491 -0.30098157
177 252.43777 486.80833 0.68110887 -0.45417655 -0.28336526 25 0 3137.0456 8.0692466 -2.2670825
178 329.70458 492.08271 0.69643724 -0.20565531 -0.23819257 25 0 616.59896 1.4680001 -0.41681524
179 130.19899 492.60785 0.57863389 -0.22813458 -0.045121133 25 0 818.90082 2.1575635 -0.83490897
180 55.239592 497.83211 0.74775769 -0.3279674 -0.14504225 25 0 1303.7966 3.1628609 -1.2502002
181 231.39078 507.82133 0.66859076 -0.31463153 -0.3748775 25 0 488.92486 1.0675378 -0.070958203
