id xcentroid ycentroid sharpness roundness1 roundness2 npix sky peak flux mag
1 253.33696 0.05321141 0.72044301 0.12072146 -0.3662422 25 0 231.14815 1.021404 -0.022993923
2 292.73958 0.36613179 0.70819882 0.63580115 -0.020002186 25 0 249.78843 1.1111385 -0.11442054
3 357.86964 3.23569 0.77286377 0.19597027 0.1497638 25 0 441.65624 1.8078583 -0.64291097
4 330.36634 5.8453594 0.6457606 0.13394881 0.073090742 25 0 824.94012 3.4995018 -1.3600156
5 339.43898 8.2576741 0.66291762 0.48029736 0.052465141 25 0 379.46668 1.671034 -0.55746324
6 461.83459 8.9572204 0.66592059 0.21511161 0.01009896 25 0 646.80019 2.8961114 -1.1545382
7 504.70128 11.386511 0.39767852 -0.3471396 -0.10501315 25 0 179.71697 1.0739108 -0.077420502
8 142.20628 13.379785 0.54733821 0.17551885 0.010442251 25 0 534.97759 2.6474957 -1.0570882
9 367.87928 14.466449 0.69744314 0.033730416 0.20294643 25 0 899.16388 3.7587928 -1.437621
10 57.483268 15.444265 0.59735396 -0.39017756 0.10582657 25 0 12508.731 55.704107 -4.364718
11 4.9442342 17.151114 0.77278483 0.12318706 0.12834122 25 0 7458.7543 30.127598 -3.6974113
12 500.58726 17.328835 0.61413681 0.57771813 -0.042022394 25 0 25110.634 110.72239 -5.1105887
13 441.30037 17.525951 0.57699199 -0.11515258 0.20748123 25 0 700.36025 3.4099842 -1.3318809
14 458.46408 18.980554 0.55494044 -0.31525611 -0.23902528 25 0 286.77257 1.4069227 -0.37067556
15 45.583103 20.670234 0.54561613 -0.47039082 0.32241599 25 0 176.85275 1.0537948 -0.056890157
16 366.88928 22.81875 0.84158898 0.21195607 -0.090873487 25 0 415.98623 1.4714915 -0.41939438
17 368.44876 28.00293 0.53247091 -0.25201882 -0.23305876 25 0 268.88719 1.3427392 -0.31997914
18 10.347593 29.141055 0.76582933 0.047385199 0.14663165 25 0 346.40547 1.4309225 -0.38904025
19 245.96832 32.793523 0.73035345 0.20702328 0.0040630019 25 0 393.98151 1.5878719 -0.50203865
20 458.15681 35.402674 0.76567766 0.68023442 0.23131418 25 0 278.58002 1.1830142 -0.18247486
21 387.22593 35.958072 0.72947544 0.09515185 -0.034544973 25 0 761.30651 3.2275155 -1.2721708
22 486.61964 36.104184 0.72806144 -0.098384741 -0.031755398 25 0 523.39641 2.1271971 -0.81951931
23 159.67196 38.721166 0.63832404 0.51481228 0.12627493 25 0 423.2223 1.860008 -0.67378705
24 146.56047 42.988587 0.68141125 0.12653296 -0.063638528 25 0 626.31756 2.6626358 -1.0632794
25 219.63017 44.029551 0.70808983 0.13136549 -0.053786308 25 0 1417.6428 5.7789541 -1.9046231
26 239.06225 44.809126 0.71979545 0.2027527 0.095755922 25 0 2899.6571 12.090801 -2.7061377
27 452.03461 44.592499 0.65246964 0.20152406 0.22757376 25 0 308.34632 1.4494802 -0.4030307
28 379.75218 45.864853 0.68888997 0.55544858 0.054035736 25 0 622.09345 2.6246896 -1.0476949
29 99.383517 47.156312 0.63677873 0.38072047 0.039216038 25 0 537.62175 2.2978433 -0.90330103
30 282.68613 47.392719 0.70791199 0.026125519 -0.15542996 25 0 357.31351 1.4716355 -0.41950062
31 357.51699 46.920871 0.35342306 0.36426872 0.17680365 25 0 58977.833 315.72556 -6.2482744
32 423.17918 46.48363 0.58357811 -0.19252191 0.15268194 25 0 302.47209 1.5285379 -0.46069054
33 144.35662 49.134597 0.68591809 0.29317472 0.014175489 25 0 5761.3169 24.317615 -3.4648024
34 187.26425 49.82556 0.71382029 0.82510261 0.51705476 25 0 327.7463 1.2036459 -0.20124682
35 433.24999 50.318146 0.66887521 0.57554592 0.048456829 25 0 1174.0248 5.0813782 -1.7649538
36 77.901654 51.588427 0.51492822 0.32711354 0.1441054 25 0 241.35806 1.3436981 -0.32075427
37 266.5289 54.677603 0.54802056 0.13173361 0.16367867 25 0 262.31395 1.3865325 -0.35482512
38 279.98538 55.93964 0.55186753 0.52748227 0.12074026 25 0 461.71171 2.4490154 -0.97247878
39 433.58069 55.960266 0.68046565 0.42837361 0.053874966 25 0 258.10976 1.1163705 -0.11952088
40 503.70501 56.092268 0.62817152 0.12953905 0.07873176 25 0 968.13858 4.348658 -1.5958881
41 85.455921 56.740814 0.60285134 0.19629237 -0.27685464 25 0 237.39262 1.1318561 -0.13447806
42 327.24947 57.31502 0.62742342 0.54108443 0.11413084 25 0 1740.5276 7.8996209 -2.2440156
43 175.28245 62.255538 0.60482911 0.13877658 -0.27121771 25 0 365.89149 1.613077 -0.51913775
44 476.30763 63.753936 0.66789176 0.16800646 0.093446157 25 0 1731.1773 7.4906907 -2.1863047
45 63.346196 65.413102 0.46608652 -0.36869688 -0.01847659 25 0 217.42808 1.1711468 -0.17152832
46 30.650144 68.123887 0.7879238 -0.31954004 -0.12903934 25 0 534.89334 2.0754382 -0.79277452
47 382.44495 68.110272 0.65539155 0.22172372 0.24173229 25 0 327.96527 1.5000678 -0.44027725
48 64.510834 70.376812 0.5872643 0.1887732 0.066348295 25 0 629.3231 2.9513254 -1.1750427
49 87.600544 70.025349 0.7865881 -0.45882718 -0.0022201787 25 0 538.61383 1.9383308 -0.71856972
50 202.50024 70.635732 0.63806782 0.65435042 0.34385546 25 0 318.73783 1.4563706 -0.40817974
51 465.92449 70.758885 0.70302632 0.31744303 0.13766489 25 0 1971.1074 8.4835001 -2.3214377
52 504.7251 71.519747 0.56211707 0.5566851 0.0061183705 25 0 343.08259 1.6756708 -0.56047174
53 30.850879 72.240859 0.82000888 -0.6774105 0.1448641 25 0 557.90311 2.019368 -0.7630387
54 145.39952 72.025105 0.56663543 0.075056348 -0.15396722 25 0 426.01155 1.9955169 -0.75013855
55 451.17528 72.368092 0.59187812 0.50414432 0.16266994 25 0 672.24029 3.1220115 -1.2360862
56 69.801269 74.756748 0.77094959 0.65399475 0.31895622 25 0 326.34437 1.4154941 -0.37727014
57 88.800879 75.196784 0.69121918 0.044098845 0.13332948 25 0 1815.4866 7.7688102 -2.2258863
58 501.73867 79.297349 0.64667234 0.24971408 0.18934016 25 0 1082.0902 4.7311444 -1.6874155
59 383.68402 83.36705 0.63011125 0.76770196 0.21559019 25 0 3229.4423 13.899024 -2.8574608
60 4.0680647 86.280741 0.72588722 0.26445087 0.1520786 25 0 907.6073 3.8461872 -1.462576
61 152.69928 86.996799 0.75228732 -0.14152272 0.1183654 25 0 592.04866 2.4408447 -0.96885038
62 468.03185 88.342481 0.75505192 0.55751081 0.29558717 25 0 327.82222 1.3981004 -0.36384591
63 124.98259 90.614316 0.65750114 -0.081206954 0.014112457 25 0 596.16439 2.4803852 -0.98629781
64 177.7242 90.630046 0.75380605 0.48605273 -0.22172244 25 0 346.19581 1.249518 -0.24185631
65 187.97742 97.318266 0.74479126 0.12114439 0.087640271 25 0 629.1848 2.5436814 -1.0136568
66 316.68085 97.853314 0.7146508 0.050201438 0.040338472 25 0 1442.479 5.8242618 -1.9131022
67 320.63462 99.595239 0.62195981 0.085524325 -0.014104413 25 0 1458.4668 6.4761768 -2.0282967
68 218.87054 100.74205 0.65013559 0.30018936 0.08646313 25 0 1900.8414 8.4219275 -2.3135288
69 484.63228 104.16886 0.70494993 0.15470206 0.2146229 25 0 461.73618 1.973564 -0.73812804
70 86.676741 105.06447 0.70740552 -0.024269657 -0.0067027888 25 0 4132.1519 16.991483 -3.0755782
71 148.75898 104.34488 0.56731566 0.95412703 0.42594451 25 0 417.61533 2.0648561 -0.78722448
72 95.10779 106.08842 0.72235139 -0.14052746 0.17147757 25 0 317.52946 1.3267196 -0.30694784
73 329.95879 106.67701 0.56333561 0.69093499 -0.03913652 25 0 331.49309 1.5634232 -0.4851914
74 365.30763 115.88999 0.66323963 0.15139575 -0.078290199 25 0 665.65705 2.9855042 -1.1875442
75 251.97557 117.94658 0.71797918 0.17933087 0.10488813 25 0 21488.28 90.295798 -4.8891688
76 269.50668 117.93442 0.66476072 0.37384071 0.05523489 25 0 1110.3749 4.573652 -1.6506578
77 279.56765 119.37005 0.60689022 0.55477429 -0.057527565 25 0 1658.6165 7.2221512 -2.1466664
78 336.07189 119.00073 0.71047997 0.19916697 0.10109751 25 0 1462.0431 6.2559199 -1.9907279
79 231.63911 121.19423 0.64653835 -0.19720665 0.076294208 25 0 496.50801 2.0435055 -0.77593953
80 346.63423 121.30451 0.60862601 0.17734064 0.18174311 25 0 241.25407 1.2628102 -0.2533452
81 481.62024 120.24421 0.55587459 0.2490588 0.19429243 25 0 380.31749 1.9160559 -0.70602041
82 131.04876 121.68966 0.67388719 0.18435521 0.060654691 25 0 595.96231 2.6116515 -1.0422881
83 185.75121 122.78792 0.70481863 -0.078427529 0.0068538928 25 0 481.33376 1.9310258 -0.71447017
84 83.769619 123.20477 0.72366425 -0.02135708 -0.069090182 25 0 650.61616 2.7711887 -1.1066652
85 183.41423 124.65144 0.60515395 -0.096955468 0.010191633 25 0 1940.456 8.6698946 -2.3450345
86 510.9784 124.45428 0.69495857 0.10361974 0.87861022 25 0 271.31798 1.2384851 -0.23222694
87 16.053979 126.69139 0.70575571 0.52516547 0.48084442 25 0 465.21697 2.0643073 -0.78693589
88 207.3161 130.06702 0.67797461 0.23486072 -0.016132241 25 0 1993.2117 8.413125 -2.3123934
89 38.706416 131.85523 0.71620233 0.23608358 0.06143279 25 0 1551.3437 6.524143 -2.0363087
90 10.978483 132.55623 0.72253842 0.076231732 0.24471813 25 0 506.33809 2.1760012 -0.84414781
91 284.79741 133.09138 0.68734173 0.20695373 0.050461208 25 0 533.6985 2.2540905 -0.88242836
92 341.01007 138.09114 0.90298268 0.38165553 0.064585546 25 0 278.08508 1.0841257 -0.087699081
93 301.89078 139.71402 0.44101883 0.61597163 0.54284016 25 0 183.85179 1.1129963 -0.11623426
94 9.3986211 141.42736 0.80479571 0.35695252 0.046146035 25 0 230.63737 1.0544939 -0.057610206
95 427.28859 141.25792 0.67008808 0.43703514 0.077798434 25 0 13496.093 57.603906 -4.4011298
96 415.91173 144.27079 0.70253851 0.22606317 0.56019389 25 0 294.48043 1.3143269 -0.2967585
97 330.14157 146.92579 0.68779446 0.1517117 0.07992444 25 0 3653.5352 15.768707 -2.9944902
98 46.012302 148.13534 0.7913128 0.1744604 0.17238237 25 0 1045.1621 4.0991319 -1.5317297
99 125.87976 149.96654 0.78093575 0.15182302 -0.32715512 25 0 321.40043 1.210381 -0.20730524
100 82.873876 149.96353 0.58832026 0.27386519 0.6472052 25 0 198.47017 1.0788089 -0.082361335
101 29.084837 152.18774 0.65127584 0.18553106 0.17464293 25 0 774.77212 3.6254587 -1.3984074
102 128.45633 161.21613 0.78006893 -0.020528693 -0.10401416 25 0 461.89145 1.7283502 -0.59407937
103 417.24907 162.79023 0.65990025 0.16181922 0.088557892 25 0 56288.405 243.87051 -5.9678982
104 456.50849 166.0377 0.48786668 0.33268507 0.022991243 25 0 452.80278 2.4012073 -0.95107415
105 237.5616 166.97712 0.58085813 0.21497497 0.0037706477 25 0 468.00583 2.2733739 -0.8916772
106 184.85618 170.45011 0.68483361 0.94073645 0.13118522 25 0 369.96076 1.4658765 -0.41524349
107 64.593515 174.30924 0.49374359 -0.17154097 0.080555321 25 0 335.80588 1.6621758 -0.55169237
108 257.29036 175.44989 0.62141038 0.55051556 0.14552897 25 0 1815.727 8.0311891 -2.2619496
109 377.48537 175.13249 0.67604438 -0.099611672 0.028518538 25 0 543.60157 2.2736912 -0.89182873
110 509.56891 174.55961 0.61295748 0.49320048 0.12047821 25 0 6131.4228 27.209553 -3.5868035
111 195.41382 176.12542 0.61561829 0.13596801 -0.015436104 25 0 1081.3283 5.0527859 -1.7588272
112 444.76735 177.20258 0.80681637 0.42995206 0.20471082 25 0 478.61254 1.8090979 -0.6436552
113 33.057066 178.24824 0.79543781 0.47668074 0.56209336 25 0 379.36027 1.5607282 -0.48331818
114 183.93299 178.84618 0.7101248 0.13894764 0.10433386 25 0 1908.2708 7.9788197 -2.2548466
115 452.51273 183.83083 0.60467574 -0.096013458 -0.064797445 25 0 2716.7088 12.240882 -2.7195318
116 48.101366 184.82097 0.72043853 0.13391071 0.08593578 25 0 938.04259 4.1067347 -1.5337416
117 146.18387 184.84658 0.72461612 0.38571714 0.15406492 25 0 2174.2204 8.8368149 -2.3657394
118 442.43398 186.03004 0.68212477 0.15821698 -0.09131259 25 0 640.27249 2.9245929 -1.1651636
119 21.728118 187.3413 0.72285592 0.13397109 0.015911181 25 0 286.47469 1.2868634 -0.27383115
120 258.02794 187.58536 0.7100032 0.39597323 0.27657023 25 0 1263.5961 5.2230924 -1.7948193
121 273.92637 188.98256 0.69211743 0.83483641 0.36624869 25 0 244.69429 1.168079 -0.16868058
122 452.94613 188.88484 0.67819864 -0.056838758 0.07399016 25 0 1096.7394 4.7527381 -1.6923597
123 220.47418 190.35656 0.73413367 -0.24507639 -0.031084803 25 0 779.465 2.9156774 -1.1618487
124 102.80342 191.47979 0.66407009 0.029931952 0.2130873 25 0 41187.9 176.4383 -5.6164822
125 152.50207 192.83235 0.64739889 0.11921961 0.21226398 25 0 394.85328 1.6081468 -0.51581425
126 283.89306 196.41577 0.61341049 -0.18808777 0.12489867 25 0 300.92392 1.3150664 -0.29736918
127 451.96345 196.81928 0.70300322 0.16426487 -0.046784138 25 0 499.35453 2.269202 -0.8896829
128 486.315 200.5937 0.54648873 0.22216079 0.0061098339 25 0 583.52034 2.9512085 -1.1749997
129 413.0303 202.45692 0.61890242 0.51893349 0.39253147 25 0 364.18437 1.7738618 -0.62229943
130 199.42814 203.35596 0.63808746 0.75448983 0.14195692 25 0 645.24299 2.8080702 -1.1210199
131 380.12953 202.54023 0.4734341 -0.040736783 0.053885761 25 0 242.454 1.3753256 -0.34601385
132 229.58981 204.56131 0.66482987 0.013801927 -0.10157889 25 0 267.64929 1.0366736 -0.039105065
133 497.73602 203.56656 0.46764119 0.74937857 0.27714482 25 0 206.63154 1.2270519 -0.22215734
134 437.2231 205.10642 0.69441666 0.15121705 0.18535503 25 0 446.62457 1.9143143 -0.7050331
135 97.927958 205.36389 0.56615934 0.63827964 0.32786544 25 0 566.16106 2.8355421 -1.1315902
136 500.80471 206.74689 0.70383823 0.44484187 0.15882831 25 0 772.57395 3.2733468 -1.28748
137 447.16422 209.1908 0.65317987 0.13001027 -0.2970536 25 0 263.08707 1.2269811 -0.22209468
138 155.49702 210.67154 0.83088547 0.21748666 -0.26330766 25 0 291.10119 1.0204398 -0.021968496
139 43.952027 214.54779 0.40027473 -0.27340169 -0.27288531 25 0 243.92228 1.4926976 -0.43492958
140 45.956228 216.10731 0.74983625 0.45313624 -0.095601091 25 0 525.72056 2.1394914 -0.82577635
141 456.94944 216.73375 0.648712 0.10044147 0.11481747 25 0 1273.395 5.8628429 -1.9202706
142 19.19005 218.06781 0.70810289 0.31697111 0.13029013 25 0 2186.2396 9.3956448 -2.4323165
143 357.59806 219.03058 0.65556941 0.032334129 -0.0060641061 25 0 1621.0139 7.0187416 -2.1156481
144 287.82458 221.07806 0.67503133 0.20340416 0.08330593 25 0 851.85473 3.701507 -1.4209464
145 182.00926 222.44959 0.61373288 0.29639576 0.22940304 25 0 947.80693 4.3865523 -1.6053083
146 510.64203 225.38256 0.73338067 -0.13769382 0.2623351 25 0 5048.6883 20.649161 -3.287256
147 251.72246 225.75697 0.78341952 0.18063016 0.037892726 25 0 308.88184 1.1518248 -0.15346607
148 472.01802 226.17727 0.70090369 0.12545147 0.33179047 25 0 252.37262 1.1039242 -0.10734812
149 271.19692 227.86182 0.68430954 0.073277129 0.053335968 25 0 3356.8818 14.361875 -2.8930279
150 16.736567 230.01457 0.7971664 0.13757158 0.11684351 25 0 390.24033 1.5921931 -0.50498937
151 383.46672 229.90898 0.65267008 0.085307104 -0.058381513 25 0 4601.5788 19.764653 -3.239723
152 453.47751 230.53973 0.60456298 0.71870864 0.045596799 25 0 12883.204 56.696939 -4.383899
153 289.33672 231.91073 0.66030534 0.19601308 -0.2758419 25 0 219.7298 1.057578 -0.060780991
154 358.46129 232.1427 0.58642455 0.43339996 -0.087424637 25 0 994.83235 4.6028768 -1.6575734
155 410.67859 233.32542 0.69097763 0.25366547 -0.099441605 25 0 229.13377 1.091592 -0.095150861
156 211.70876 238.59534 0.69321065 0.55517518 0.11318253 25 0 746.50295 3.1495739 -1.2456295
157 271.85285 239.55609 0.60242275 0.44051356 0.14872129 25 0 760.31275 3.5726943 -1.3824896
158 462.7498 242.11127 0.6717334 0.17085288 0.095117524 25 0 2245.4149 9.7452208 -2.4719792
159 62.222002 242.88962 0.75651427 0.040310246 -0.023528616 25 0 482.18054 1.9254385 -0.71132412
160 48.045512 245.56599 0.60472354 -0.69509 -0.58047831 25 0 238.16524 1.1672962 -0.16795266
161 304.65729 248.72268 0.74986289 0.099010329 0.28421704 25 0 214.63184 1.0033079 -0.0035855881
162 82.952662 253.21887 0.65906107 -0.3931483 0.27364344 25 0 300.97955 1.3034238 -0.28771409
163 235.42565 256.09662 0.65639134 0.22768112 -0.046375541 25 0 5400.9493 23.661867 -3.4351225
164 459.6078 255.38443 0.61263497 0.82732761 0.20948461 25 0 6645.3202 28.848406 -3.6503046
165 7.7854397 257.15889 0.73616062 0.11245751 0.13182608 25 0 1298.956 5.5006544 -1.8510359
166 297.59322 258.63756 0.70257693 0.36488329 0.17112269 25 0 438.70734 1.872895 -0.68128355
167 363.07431 264.7954 0.60971945 0.6133581 0.10031726 25 0 403.28115 1.8955416 -0.69433327
168 136.13465 266.54209 0.6029653 -0.49157216 0.16742744 25 0 357.8141 1.6666897 -0.55463685
169 17.856767 277.12335 0.63557253 0.19555604 0.29132188 25 0 278.41085 1.2443236 -0.23733331
170 58.141209 277.04908 0.71829423 0.064845968 0.036307373 25 0 325.23695 1.3719602 -0.34335378
171 64.675851 277.02967 0.68869084 0.14846222 0.010294246 25 0 1578.7634 6.7451835 -2.0724844
172 121.294 278.70493 0.51913755 0.21621089 0.18717186 25 0 247.16289 1.2398978 -0.23346474
173 94.027829 279.8834 0.63765753 0.1627091 0.087594317 25 0 233.21413 1.070971 -0.074444277
174 246.99623 285.18881 0.55385485 -0.36400244 0.33364595 25 0 326.60364 1.5816899 -0.49780334
175 78.876802 286.21516 0.69315914 0.0045863876 0.062774368 25 0 903.17083 3.8939912 -1.4759874
176 2.7131873 287.0032 0.70862072 -0.28966005 -0.01099084 25 0 223.74917 1.0372178 -0.039674951
177 379.28635 288.39909 0.65331145 0.48884087 0.096825223 25 0 5755.4302 24.738012 -3.483412
178 192.01012 289.84097 0.70691242 0.29940662 0.11373218 25 0 1074.3898 4.4639435 -1.6242967
179 70.480576 291.22395 0.59234164 -0.11417371 -0.033842478 25 0 1177.319 5.2720261 -1.8049439
180 98.76717 290.95129 0.71982667 0.10769194 0.093694794 25 0 1385.3575 5.721208 -1.8937193
181 353.57192 293.23468 0.597808 0.17958389 0.065223692 25 0 408.5833 1.8100805 -0.6442447
182 484.9898 293.19334 0.72231016 0.27670618 0.21989931 25 0 938.20311 4.1148347 -1.535881
183 23.132167 295.99141 0.66965074 0.12998836 0.13958521 25 0 595.76949 2.8223657 -1.1265332
184 38.659639 296.23801 0.6588083 0.32632323 -0.25093094 25 0 239.50048 1.0077991 -0.0084349559
185 63.769436 298.36631 0.67224971 0.15715235 0.11494891 25 0 288.27775 1.2425353 -0.23577186
186 167.74969 300.76911 0.51693549 -0.014452883 0.35095636 25 0 430.47609 2.1451228 -0.82863038
187 101.27284 300.60662 0.72037923 0.38915301 0.45374796 25 0 353.19524 1.3096897 -0.29292104
188 430.05366 306.36714 0.76910043 -0.077538811 0.22042254 25 0 439.72769 1.6507661 -0.54421389
189 82.192434 306.67379 0.64900163 -0.039947301 0.16117815 25 0 1407.1695 6.2609834 -1.9916064
190 133.10047 308.79947 0.66953989 -0.42427172 -0.11786081 25 0 295.62345 1.2991888 -0.2841807
191 438.89797 309.86195 0.55482643 0.44705644 0.26987353 25 0 192.62487 1.0289445 -0.030979921
192 225.7906 312.22285 0.59153904 0.25211698 0.11602552 25 0 818.21833 3.7724966 -1.4415722
193 457.60085 312.02952 0.67571521 0.069603793 -0.070905198 25 0 1203.2789 5.1886095 -1.7876275
194 144.97473 316.99019 0.71241373 0.31933464 0.11251776 25 0 4137.8219 17.381841 -3.1002394
195 5.4032402 318.81073 0.66170814 -0.1785789 0.0054568009 25 0 970.52811 4.2465911 -1.5701011
196 21.015132 318.6763 0.7343638 0.24981936 0.20847379 25 0 2673.1654 10.97746 -2.6012547
197 66.891096 321.07196 0.72680561 -0.41743353 0.087624834 25 0 468.70523 1.9938413 -0.7492265
198 194.43566 326.34249 0.62087461 0.54038467 0.21154307 25 0 352.07911 1.6122849 -0.51860446
199 462.23605 326.03896 0.69932798 0.79351829 0.0812356 25 0 269.12916 1.1606143 -0.16171984
200 337.39945 328.57371 0.60112824 -0.13157949 0.053125764 25 0 528.24159 2.346211 -0.92591766
201 500.21693 329.92875 0.56838429 0.27942848 0.40663946 25 0 288.12529 1.5773468 -0.49481799
202 270.129 331.68453 0.5903948 0.010653339 0.019289934 25 0 383.21828 1.9476756 -0.72379158
203 27.563266 335.96737 0.67939771 0.14300881 -0.041033133 25 0 5241.5646 22.189129 -3.3653506
204 294.79559 335.86027 0.62274408 0.3888781 0.05772959 25 0 581.48251 2.7219601 -1.0872044
205 387.35839 336.27555 0.69671905 0.11892346 -0.21464789 25 0 496.57313 1.9550154 -0.72787547
206 37.820552 336.9302 0.73631234 0.19143654 0.090575551 25 0 15259.195 62.894411 -4.4965301
207 270.98474 337.53198 0.55949235 0.26781112 0.17433685 25 0 826.96483 3.983082 -1.5005481
208 84.039412 338.07967 0.73924918 0.030724614 0.14221368 25 0 1227.9137 4.907354 -1.7271185
209 495.89313 343.7816 0.65453026 0.59531774 0.59894793 25 0 1030.4465 4.1701305 -1.5503741
210 266.97877 347.17174 0.69561003 0.21524185 -0.020074774 25 0 391.89512 1.6821664 -0.56467241
211 367.87122 349.67327 0.67292254 0.67132877 0.26801704 25 0 867.79313 3.7562057 -1.4368734
212 25.149554 353.01401 0.72572488 -0.70433156 0.11310408 25 0 327.33051 1.3750275 -0.34577843
213 247.08368 353.46333 0.64428396 0.21835144 0.26363553 25 0 5172.7782 22.286477 -3.3701036
214 54.39627 355.66042 0.3730642 -0.14551824 0.7083539 25 0 259.11769 1.196142 -0.19445687
215 389.09814 354.81167 0.74874897 0.32103543 0.14763589 25 0 1241.8219 5.0269551 -1.7532625
216 19.330874 356.48724 0.44557986 -0.43158227 0.043710443 25 0 310.46789 1.6437813 -0.53961011
217 29.114643 355.99935 0.75785465 -0.28137263 0.12551658 25 0 1028.172 3.982718 -1.5004489
218 500.87956 355.54 0.5880374 -0.13218343 0.2196031 25 0 238.17285 1.0832362 -0.086807917
219 305.98206 357.4218 0.66303314 0.30097102 0.17894586 25 0 27308.97 116.79648 -5.1685744
220 1.8001206 357.94851 0.75373603 0.299803 0.14598064 25 0 1046.5377 4.191957 -1.556042
221 29.356521 359.83862 0.69029011 -0.0076130234 0.099556145 25 0 1452.646 6.0454271 -1.9535675
222 30.260306 363.00487 0.72049304 0.3260831 0.80196182 25 0 606.19606 2.1343995 -0.82318926
223 421.84426 364.56093 0.64839693 0.020335252 0.24894479 25 0 1874.9893 8.0705353 -2.2672559
224 35.626753 364.95954 0.54438867 -0.10025379 0.11950941 25 0 249.01671 1.0311108 -0.033263352
225 487.00539 365.00204 0.71526474 0.24883731 -0.016872675 25 0 430.66283 1.9639425 -0.73282192
226 233.37133 366.44986 0.61128272 -0.12103331 0.17693064 25 0 1453.2916 6.5538801 -2.0412462
227 285.45387 367.63381 0.61923798 -0.22883061 0.014155085 25 0 2630.336 11.504974 -2.6522141
228 102.90866 369.3738 0.69824595 0.17337499 0.17160005 25 0 5572.4085 23.32529 -3.4195676
229 434.97872 368.8729 0.79875897 0.049251392 0.093516529 25 0 1491.9806 5.760798 -1.9012066
230 146.06572 370.10157 0.55167444 0.29091706 0.22088649 25 0 474.18392 2.3688971 -0.93636548
231 506.69609 370.87571 0.69339603 0.18025779 0.045326742 25 0 10402.112 44.227704 -4.114236
232 30.056298 372.29252 0.67100121 0.24138862 0.16009652 25 0 534.71736 2.2470613 -0.87903729
233 10.430694 376.10761 0.67851749 -0.14562282 -0.13017397 25 0 774.44821 3.2289173 -1.2726423
234 483.10257 378.34935 0.60744438 0.48363937 0.33368411 25 0 292.27132 1.329115 -0.3089064
235 453.83338 380.04322 0.59436522 0.20548059 -0.23516044 25 0 241.22503 1.1263847 -0.12921682
236 373.2349 382.01547 0.70554032 0.081944881 0.053220416 25 0 4015.6927 16.864069 -3.0674059
237 33.087926 382.86777 0.6902355 -0.28689393 -0.29272442 25 0 313.92971 1.2909799 -0.27729874
238 82.103144 383.54641 0.66703371 0.48279756 0.26927351 25 0 3783.8303 16.233789 -3.0260497
239 127.82086 385.06565 0.71610423 0.14014786 -0.029173931 25 0 801.71027 3.3961612 -1.3274708
240 234.46865 386.49229 0.54874115 0.47751736 0.062618583 25 0 490.37299 2.2904886 -0.89982032
241 491.27754 387.2953 0.68537043 -0.6292415 0.30694802 25 0 737.34131 3.1277845 -1.238092
242 107.7081 388.34067 0.69572517 -0.24517656 -0.039307742 25 0 413.01601 1.7257761 -0.59246111
243 276.56723 387.21963 0.42174198 0.062601845 0.38398005 25 0 201.24689 1.0106248 -0.011474836
244 12.472163 389.46759 0.61436223 0.67528039 0.078565217 25 0 891.84391 3.9749284 -1.4983233
245 151.89259 389.40091 0.66467861 0.038131231 0.10177064 25 0 1551.2308 6.5561583 -2.0416236
246 462.62978 391.2876 0.64159266 -0.13531138 0.057554663 25 0 2543.3224 11.229374 -2.6258888
247 492.03395 390.83752 0.75099825 0.035287193 0.10264728 25 0 2737.8095 11.19174 -2.622244
248 67.450274 394.58088 0.60942125 0.79346924 0.30632963 25 0 523.41474 2.3206033 -0.91400228
249 395.79807 397.03796 0.62085468 -0.3985663 -0.19051378 25 0 342.26186 1.8306557 -0.65651669
250 253.91093 399.29149 0.68136649 0.14342408 0.10525537 25 0 8798.7547 37.74247 -3.9420758
251 104.46177 399.87085 0.66784099 -0.32075422 -0.23345171 25 0 230.57537 1.0134104 -0.014463445
252 384.36804 401.03658 0.63732379 0.4171759 -0.024734847 25 0 853.3821 3.7804511 -1.4438591
253 180.20803 401.7594 0.51707318 0.31169587 -0.13105767 25 0 253.27626 1.1949672 -0.19338998
254 420.03446 406.19526 0.77697288 0.25279288 0.18856959 25 0 790.89953 3.1545996 -1.2473606
255 283.09174 406.65512 0.60626291 0.46108818 0.10858352 25 0 722.30544 3.40989 -1.3318509
256 29.256695 408.71207 0.41785597 -0.29645087 0.13601582 25 0 199.77419 1.1484598 -0.15028948
257 280.46055 410.45432 0.59234414 0.65371299 0.09392613 25 0 1705.9015 7.5606374 -2.196396
258 298.59231 410.11411 0.62102835 0.58242538 -0.033634088 25 0 348.32077 1.5673242 -0.48789706
259 501.87698 410.51124 0.76166383 0.19125348 0.24535664 25 0 515.99115 1.9535145 -0.72704162
260 10.671643 410.52128 0.65808349 0.72577022 0.24369653 25 0 906.33529 3.8855555 -1.4736328
261 48.92121 414.75111 0.6349581 0.57757087 0.49590586 25 0 329.07563 1.4802012 -0.4258019
262 112.33042 415.83948 0.67866128 0.27924674 0.055452771 25 0 979.56254 4.118088 -1.5367391
263 136.39894 417.27697 0.6442659 0.37293521 -0.0066647698 25 0 2244.6917 9.9343038 -2.4928436
264 312.1891 427.19522 0.60103396 0.25614873 0.25508912 25 0 452.73527 2.1984073 -0.8552704
265 193.17008 428.87947 0.74443983 0.033344503 0.15087436 25 0 426.67665 1.7745226 -0.62270385
266 222.12488 434.18797 0.78607862 0.14783022 0.0076611331 25 0 459.824 1.684955 -0.56647079
267 187.21934 435.28704 0.68861212 0.29974903 0.082829611 25 0 2421.7728 10.233645 -2.5250758
268 160.66402 436.21662 0.71022303 0.18234882 0.075172082 25 0 1197.8647 4.8993573 -1.7253478
269 409.55549 435.81695 0.59856433 0.039546037 -0.13979693 25 0 307.47714 1.3711005 -0.34267324
270 202.13907 436.6388 0.84305367 -0.31898097 0.057007476 25 0 320.59897 1.085053 -0.088627427
271 189.59153 437.74549 0.81965879 0.39756579 0.10483297 25 0 442.62019 1.5781461 -0.49536801
272 260.46069 438.53179 0.50372546 0.76827849 0.042703814 25 0 853.99848 4.1402222 -1.5425591
273 373.0831 440.38175 0.70358324 0.17882287 0.14944613 25 0 3683.6392 15.211443 -2.955426
274 273.61816 443.01139 0.61978899 -0.27085993 -0.16998176 25 0 1218.2424 5.4434825 -1.8396921
275 42.605619 443.65762 0.71055712 -0.12574419 -0.098940919 25 0 372.64838 1.5693155 -0.48927564
276 119.61586 445.07082 0.6806112 0.069587792 -0.022211943 25 0 15601.554 66.604032 -4.5587513
277 504.83304 445.54448 0.66158567 0.13692217 0.30101678 25 0 367.93739 1.6349671 -0.53377254
278 240.54564 452.34209 0.6779745 -0.27903426 0.15389728 25 0 324.31651 1.2843982 -0.27174924
279 491.45264 451.6202 0.76314385 0.2593584 0.053773495 25 0 414.22292 1.7079413 -0.58118232
280 302.28204 452.79203 0.50433143 -0.30350806 0.15768379 25 0 194.2721 1.0455602 -0.048372568
281 505.54522 454.80355 0.63967484 0.19627067 -0.038341957 25 0 2188.948 9.6175789 -2.4576644
282 339.61009 458.63178 0.45210239 -0.51134733 0.11522832 25 0 509.40379 2.6038423 -1.0390367
283 283.10255 458.65122 0.61227647 0.41378416 0.27626481 25 0 281.02455 1.3551686 -0.32998333
284 463.73025 459.48788 0.82494604 0.29225626 0.34486769 25 0 522.18105 1.7604733 -0.61407363
285 359.03612 461.0433 0.78952795 -0.017552308 -0.062935737 25 0 275.70395 1.0410945 -0.043725342
286 508.21908 460.88174 0.74130164 0.50070526 -0.018816843 25 0 277.29242 1.1280265 -0.13079824
287 390.59312 463.51962 0.61997997 -0.20987056 0.086821983 25 0 1262.4481 5.4955881 -1.8500354
288 84.735537 464.66411 0.68724227 0.42464403 0.12634893 25 0 6302.4755 26.760771 -3.5687465
289 177.65786 465.77003 0.64447408 0.37855571 0.086838276 25 0 1215.5146 5.4774389 -1.8464438
290 354.32942 465.98935 0.67096928 -0.42975834 -0.2781986 25 0 343.04813 1.4867985 -0.43063028
291 456.26703 466.96792 0.40730895 0.17013102 0.083387179 25 0 61883.56 346.08379 -6.3479531
292 319.86927 467.83038 0.68003812 0.91485223 0.19921629 25 0 337.95314 1.3552756 -0.33006907
293 433.61101 469.36504 0.50999851 -0.44886175 0.025310823 25 0 323.56145 1.6480622 -0.54243402
294 73.895821 469.85046 0.65459371 0.44128925 -0.013073328 25 0 336.00162 1.4739595 -0.42121388
295 239.52385 473.77065 0.60550024 -0.16876768 -0.061821464 25 0 4713.4408 21.226578 -3.3172
296 371.12794 475.40014 0.60410323 -0.097609621 0.11309983 25 0 693.52036 3.0275976 -1.2027454
297 457.48469 474.51808 0.62825072 -0.50278442 0.026255176 25 0 517.50015 2.0345343 -0.77116255
298 273.75453 476.69326 0.81799764 -0.29847404 -0.069170038 25 0 337.09014 1.3233564 -0.30419209
299 289.48529 477.06048 0.63572963 -0.069165078 -0.11468096 25 0 3215.8215 14.25652 -2.8850338
300 142.66833 477.6445 0.65088078 0.11945903 -0.0092972322 25 0 552.19934 2.4459333 -0.97111153
301 366.83057 482.16075 0.69645286 0.37787885 -0.22473982 25 0 526.92068 2.0358483 -0.77186353
302 167.44246 483.0563 0.63450037 0.33949039 -0.17576389 25 0 842.47374 3.5821924 -1.3853723
303 245.3308 487.39858 0.52613693 0.72330146 0.076036239 25 0 252.59372 1.268835 -0.25851287
304 397.12464 488.169 0.45798134 0.55439606 0.13599707 25 0 229.89096 1.2028419 -0.20052134
305 92.596088 488.51896 0.57134789 -0.30115363 -0.031484362 25 0 996.38914 4.6399592 -1.6662854
306 268.60367 498.08027 0.78748092 0.057487806 -0.19579953 25 0 532.15638 2.1168514 -0.81422594
307 421.31041 498.06035 0.79828231 0.3968548 -0.21990905 25 0 371.9507 1.3650868 -0.33790063
308 433.12846 500.73338 0.80722112 -0.36475678 0.088935242 25 0 279.78789 1.0444769 -0.047247054
309 178.65591 502.35128 0.7713634 0.34514955 -0.15431148 25 0 331.70982 1.2393303 -0.23296768
310 95.743653 503.38477 0.7760423 0.51031509 0.29950716 25 0 368.6606 1.4742848 -0.4214535
311 144.61877 505.07424 0.62481668 -0.33389744 -0.17130001 25 0 591.21401 2.5049121 -0.99698125
312 189.83781 505.18168 0.6936932 0.044163251 -0.095050413 25 0 592.37905 2.6755658 -1.0685391
313 308.66642 507.45801 0.51182336 0.50598343 -0.19645826 25 0 278.33354 1.4155854 -0.37734022
314 145.43187 508.86833 0.66865554 -0.31232451 -0.1924829 25 0 787.8465 3.1940577 -1.2608569
