id xcentroid ycentroid sharpness roundness1 roundness2 npix sky peak flux mag
1 308.58493 1.2218585 0.72605575 0.31205907 -0.5092074 25 0 632 1.6693176 -0.55634744
2 440.1019 4.1981952 0.69447675 0.62093453 -0.05450405 25 0 377 1.254931 -0.24654962
3 120.74875 8.2654118 0.64273901 0.45552831 -0.65750456 25 0 342 1.0542094 -0.057317224
4 35.685399 10.3524 0.62014264 -0.046803517 -0.11207557 25 0 11752 33.562435 -3.8146337
5 346.15343 9.6316903 0.56171049 0.17466238 -0.085639975 25 0 569 1.8982418 -0.69587884
6 419.5558 12.744505 0.61569944 0.28313118 -0.29406702 25 0 487 1.6124465 -0.51871327
7 478.76252 12.690577 0.64196532 0.47307535 -0.11541084 25 0 23201 65.437879 -4.539573
8 365.41842 31.057461 0.55496442 -0.055925774 -0.43317111 25 0 441 1.5700459 -0.48978089
9 125.03672 37.999915 0.67064247 0.19839409 -0.19023277 25 0 561 1.5530902 -0.47799171
10 197.94225 39.011477 0.64538491 0.090182178 -0.2303376 25 0 1147 3.2355198 -1.2748602
11 217.38799 39.831615 0.60546376 0.14039175 -0.22300677 25 0 1978 5.605174 -1.8714727
12 357.98413 41.082848 0.59480233 0.23653401 -0.13333745 25 0 417 1.3065869 -0.29034571
13 77.738709 42.17489 0.62107189 -0.00076520303 -0.2378588 25 0 477 1.4792171 -0.42507978
14 335.94038 41.91818 0.28853861 0.55272087 -0.11127217 25 0 58947 228.66949 -5.8980205
15 122.68023 44.151524 0.61878646 0.070652055 -0.23577497 25 0 4457 12.619459 -2.7526019
16 411.50124 45.466024 0.59468272 0.37295729 -0.2766892 25 0 759 2.3135729 -0.91070796
17 55.546799 46.692346 0.41706382 -0.093457607 -0.34636977 25 0 192 1.0465134 -0.049361975
18 305.59986 52.465268 0.53152004 0.60477071 -0.30868957 25 0 1148 3.4829412 -1.3548654
19 481.94921 51.335965 0.50247765 0.6410919 0.15965355 25 0 447 1.8750877 -0.68255394
20 454.6787 59.033309 0.66751521 0.24360159 -0.38195553 25 0 1146 3.2789348 -1.289332
21 8.9101498 63.092215 0.73128662 -0.23738408 -0.20694461 25 0 339 1.153877 -0.15539883
22 42.787946 65.284554 0.62090459 -0.10638141 -0.14990421 25 0 559 1.7205059 -0.58914039
23 65.932703 64.971188 0.55162334 -0.2503638 -0.39010196 25 0 353 1.2410793 -0.23449879
24 444.19927 66.046335 0.61135016 0.37512946 -0.13363259 25 0 1375 4.1354897 -1.5413174
25 9.0738061 66.985224 0.67587285 0.18638967 -0.30144853 25 0 430 1.4270059 -0.38606442
26 123.74824 67.059979 0.49502079 0.25729205 -0.3948896 25 0 323 1.0512338 -0.05424832
27 429.42181 67.583927 0.58042959 0.61594045 -0.20778386 25 0 369 1.3268347 -0.30704206
28 66.996324 70.020983 0.62349278 0.3157238 -0.18267359 25 0 1494 4.3821027 -1.6042064
29 479.98647 74.459166 0.58756021 0.30452692 0.04291337 25 0 719 2.314283 -0.91104116
30 361.97056 78.569325 0.52163435 0.4415375 -0.071959148 25 0 2532 7.8457109 -2.2365807
31 131.25242 81.986248 0.57983786 -0.11284601 -0.25023657 25 0 427 1.2250083 -0.22034758
32 103.30147 85.582212 0.64919518 0.67892196 0.12353692 25 0 487 1.2914363 -0.27768244
33 502.3372 85.478858 0.59833552 0.63317022 -0.057241308 25 0 16728 48.369958 -4.2114393
34 166.22627 92.320382 0.60986685 0.37504763 -0.1255657 25 0 457 1.1159698 -0.1191311
35 295.02559 92.895693 0.52012277 0.0013341991 -0.27989195 25 0 1090 3.3952137 -1.3271678
36 298.98063 94.562092 0.49736175 0.029871545 -0.16581408 25 0 1102 3.2942668 -1.2943969
37 197.26348 95.721129 0.55000534 0.05521284 -0.19198396 25 0 1440 4.3477953 -1.5956727
38 64.950851 99.915936 0.60762154 0.11515241 -0.20314358 25 0 3735 10.960066 -2.5995329
39 127.03335 99.397854 0.4677385 -0.032355788 -0.21875882 25 0 347 1.1335823 -0.13613263
40 500.53902 105.40044 0.58293199 -0.034886942 -0.11918528 25 0 1510 4.5551051 -1.646246
41 343.47555 110.9382 0.50314339 0.19461943 -0.24224978 25 0 497 1.6224203 -0.52540842
42 230.26626 112.97547 0.59144982 0.13304931 -0.26719176 25 0 14780 43.166926 -4.0878778
43 247.62339 113.0715 0.61853724 0.32540819 -0.21418038 25 0 955 2.3924801 -0.94712083
44 257.68048 114.46714 0.54451145 -0.025984133 -0.14046298 25 0 1460 4.0377045 -1.5153363
45 314.3876 114.03901 0.6046753 -0.040470953 -0.37724075 25 0 960 2.6521837 -1.059009
46 109.27718 116.59354 0.5943864 0.88060495 0.16769606 25 0 425 1.121053 -0.1240654
47 209.86251 116.13036 0.53446818 -0.02557316 -0.37909581 25 0 488 1.4093821 -0.37257186
48 62.121659 118.0924 0.61356583 0.21811484 -0.25308545 25 0 485 1.4547758 -0.40699016
49 161.66686 119.70714 0.58247621 0.4622318 -0.18379303 25 0 1690 4.7951163 -1.7019979
50 489.68866 119.91285 0.66560388 0.26611291 -0.12578208 25 0 319 1.0852582 -0.088832715
51 185.61298 125.14831 0.62436964 -0.011146604 -0.15078476 25 0 1599 4.3010278 -1.5839306
52 16.814186 126.80667 0.66472122 0.31082561 -0.096500654 25 0 1047 2.8895087 -1.15206
53 263.02592 128.37998 0.52502147 0.371276 -0.19676095 25 0 434 1.1651535 -0.16595789
54 405.55844 136.48731 0.55175149 0.68627904 -0.1974959 25 0 8606 25.300129 -3.5078068
55 308.47371 142.04113 0.59620148 0.16395615 -0.3051505 25 0 2570 7.2402469 -2.1493834
56 24.183925 143.06627 0.64744341 0.12751458 -0.23877495 25 0 671 1.9535589 -0.72706626
57 7.1197396 147.14048 0.63181679 0.5421933 -0.0058918893 25 0 580 1.7108095 -0.58300415
58 493.6849 148.52755 0.57277261 -0.046681792 -0.013236761 25 0 5633 16.327299 -3.0322858
59 106.8266 156.39421 0.52319248 0.18578068 -0.21543363 25 0 461 1.2663105 -0.25635053
60 395.58096 157.92624 0.6063229 -0.0087498578 -0.33157972 25 0 40159 111.30028 -5.1162406
61 215.90213 161.97443 0.66872545 0.24650687 -0.00058921959 25 0 623 1.498399 -0.43906872
62 434.6587 161.47888 0.52809818 0.44978203 0.076322235 25 0 358 1.2853407 -0.27254568
63 163.03926 165.47585 0.49247424 0.20515289 -0.10387567 25 0 1312 3.8410269 -1.4611184
64 355.70412 170.34199 0.55427881 0.38359156 -0.086108198 25 0 446 1.2992445 -0.28422718
65 487.78694 169.8146 0.61047182 0.29096323 -0.13452642 25 0 5475 16.149412 -3.0203918
66 173.71224 171.23064 0.6034012 -0.058047702 -0.17731532 25 0 946 2.5443256 -1.0139317
67 235.53352 170.45777 0.55131041 0.83172925 -0.086384508 25 0 1352 3.7690503 -1.4405798
68 422.90622 172.49288 0.62364215 0.098851973 0.091140894 25 0 334 1.0877786 -0.091351248
69 162.11166 173.92876 0.58176124 0.074886184 -0.26252525 25 0 1402 3.8464671 -1.4626551
70 430.66949 179.03712 0.58270685 0.18466061 -0.18552753 25 0 2316 6.8497682 -2.0891897
71 26.30058 179.84044 0.60403745 0.43027516 -0.26861217 25 0 680 1.9593306 -0.73026928
72 124.47309 179.93752 0.57210571 0.27081102 -0.16597577 25 0 1452 4.0496482 -1.5185432
73 420.65668 181.22305 0.62453101 0.33897904 -0.34259076 25 0 489 1.402552 -0.36729744
74 492.54483 180.77804 0.66444703 -0.3191179 -0.28913293 25 0 585 1.7917693 -0.63320525
75 236.23405 182.70965 0.55540439 -0.10467748 -0.11753726 25 0 971 2.7338366 -1.0919314
76 431.15223 184.06093 0.56477553 -0.16354539 -0.26411805 25 0 678 2.1371297 -0.82457718
77 198.70916 185.33443 0.68376304 -0.4305254 -0.28798222 25 0 685 1.5282798 -0.46050721
78 81.000698 186.49375 0.59661105 0.2940581 -0.023710716 25 0 32117 91.992431 -4.9093802
79 464.59482 195.8959 0.53822731 0.093558263 -0.34102319 25 0 425 1.5677667 -0.48820357
80 177.55337 198.34852 0.604234 -0.26054464 -0.33212519 25 0 508 1.1662448 -0.16697432
81 76.179612 200.40572 0.54888142 0.37508708 -0.085180054 25 0 513 1.4835671 -0.42826797
82 479.04935 201.97772 0.64251069 -0.13646738 -0.17429245 25 0 564 1.8479437 -0.66672183
83 510.96166 205.5847 0.84854814 0.26999447 0.45150383 25 0 719 1.8811916 -0.6860826
84 22.037276 209.79371 0.57550433 0.52219445 0.059253558 25 0 347 1.0018982 -0.0020590151
85 24.054561 210.89095 0.62517644 0.7444019 -0.42955206 25 0 465 1.2989837 -0.28400923
86 435.20358 211.98487 0.63215493 0.051876001 -0.22455067 25 0 966 2.8586106 -1.1403875
87 335.80767 214.1921 0.57237366 0.17118533 -0.17597322 25 0 1232 3.5549368 -1.3770797
88 266.1205 216.27955 0.66219024 0.4861498 -0.052843079 25 0 672 1.6032322 -0.51249109
89 160.25347 217.59908 0.58067483 0.16251284 -0.046810947 25 0 863 2.2677355 -0.88898099
90 488.96769 220.63582 0.57146722 0.30933191 -0.065453266 25 0 3691 11.263855 -2.6292176
91 249.44288 222.96188 0.59692698 0.072619058 -0.3679506 25 0 2378 6.5406238 -2.0390479
92 361.63636 225.1058 0.60444238 0.02080702 -0.23319586 25 0 3781 10.775908 -2.5811347
93 431.79026 225.80365 0.55480969 0.29612423 -0.15084037 25 0 11206 34.187695 -3.8346746
94 336.55466 227.40388 0.56257439 -0.20995157 -0.089310591 25 0 817 2.2154376 -0.86364879
95 189.99664 233.76175 0.52226265 0.020780666 -0.38019859 25 0 661 1.8790139 -0.684825
96 249.93754 234.6515 0.53259308 0.09378762 -0.17230843 25 0 712 1.9394457 -0.71919408
97 440.93072 237.31269 0.5292563 0.23644503 -0.11196622 25 0 1463 4.6927405 -1.6785663
98 213.54894 251.29255 0.61231077 -0.10113157 -0.25560425 25 0 4015 10.794489 -2.5830052
99 437.87895 250.71271 0.52511347 0.32920896 -0.08170606 25 0 5507 17.231464 -3.0908054
100 275.50572 253.61543 0.38276745 -0.038970402 -0.27679803 25 0 329 1.1114341 -0.11470932
101 341.43623 259.90248 0.64825257 -0.097226989 -0.30263988 25 0 405 1.0232543 -0.02495891
102 42.875758 272.07071 0.64181391 0.26884193 -0.17871914 25 0 1452 4.0261591 -1.5122273
103 57.144634 281.21578 0.62522333 0.19159925 -0.20570689 25 0 735 1.9240856 -0.710561
104 357.44348 283.58442 0.58178426 0.57666468 -0.20492159 25 0 3994 11.321196 -2.6347308
105 170.10557 284.92103 0.59902507 0.29185069 -0.14793424 25 0 859 2.3078618 -0.90802448
106 48.581553 286.14881 0.60924306 0.012457328 -0.26376401 25 0 1157 3.1977755 -1.2621199
107 76.940407 286.00751 0.61690689 0.37346734 -0.21914064 25 0 1097 2.9500947 -1.1745899
108 331.87903 288.49721 0.58853706 -0.55011601 -0.20736137 25 0 382 1.0748859 -0.078405893
109 463.15791 288.48269 0.57781076 0.095606158 -0.17309447 25 0 497 1.6789164 -0.56257267
110 1.3287382 291.00638 0.75425798 0.31585276 0.10822617 25 0 572 1.4030103 -0.36765218
111 60.42073 301.74371 0.64736083 0.54348322 -0.26695643 25 0 1046 2.7347111 -1.0922786
112 203.85472 307.3364 0.58609257 0.18599273 -0.16750786 25 0 742 1.9158715 -0.70591594
113 435.78405 307.2696 0.61701185 0.061275183 -0.089864683 25 0 880 2.6310434 -1.05032
114 123.18703 311.98927 0.5846994 0.22271577 -0.26183715 25 0 2947 8.6672012 -2.3446972
115 0.12873722 313.92174 0.98320641 0.10598741 0.37310359 25 0 1586 3.4970272 -1.3592475
116 45.236101 316.01284 0.79957232 -0.39589813 0.010359044 25 0 495 1.122876 -0.12582953
117 315.47559 323.78605 0.55385848 0.10928116 -0.38714574 25 0 430 1.2096094 -0.20661292
118 5.7288004 330.99438 0.67996617 0.19272919 -0.22100254 25 0 4569 12.32433 -2.7269083
119 272.89379 331.14706 0.56274321 -0.11713016 -0.089044318 25 0 399 1.0164124 -0.017674886
120 365.59629 331.43239 0.5962367 -0.84634297 -0.36571247 25 0 380 1.0354144 -0.037785462
121 15.944249 331.95187 0.66484889 0.22342549 -0.16416427 25 0 12085 33.83612 -3.8234514
122 62.238238 333.05633 0.66983944 0.11864397 -0.18909177 25 0 963 2.4319355 -0.96488015
123 249.16772 332.50099 0.48010218 0.52906784 0.073029523 25 0 661 1.8909701 -0.69171163
124 474.10053 339.06127 0.61655396 0.34292649 0.24610953 25 0 787 2.3330974 -0.91983219
125 346.04139 345.03927 0.55380799 0.1088364 -0.13657049 25 0 611 1.9681056 -0.73512098
126 225.2566 348.60311 0.53340999 0.090152239 -0.14598231 25 0 3912 11.584979 -2.6597381
127 367.22027 350.03968 0.56367321 0.16684364 -0.35128917 25 0 832 2.5352358 -1.0100459
128 7.2312128 351.02512 0.67698702 -0.30029399 -0.22501279 25 0 781 2.0272601 -0.7672737
129 284.15011 352.63298 0.5192242 0.070631859 -0.17548575 25 0 18236 55.582835 -4.3623517
130 7.6078796 354.79173 0.60909345 -0.21332432 -0.19320274 25 0 1055 2.9497034 -1.1744459
131 8.2005516 358.17339 0.59771788 0.014752553 -0.036247305 25 0 448 1.1772794 -0.17719885
132 399.99025 359.80144 0.56725572 0.10995575 -0.21414954 25 0 1506 4.6905426 -1.6780577
133 211.41879 361.69857 0.60420796 0.62719922 -0.28611656 25 0 1194 3.3031736 -1.2973285
134 263.47634 362.88457 0.61079512 0.12803522 -0.30936483 25 0 2263 6.3020563 -1.9987057
135 81.063273 364.34522 0.61387151 0.25621283 -0.12306248 25 0 4287 12.157649 -2.712124
136 413.15177 364.11279 0.56117247 0.13461651 -0.22863793 25 0 827 2.7232668 -1.0877255
137 124.31892 365.32501 0.56466154 0.16198945 -0.18516859 25 0 407 1.0357145 -0.038100124
138 484.85642 366.16584 0.63798405 0.047478357 -0.14820004 25 0 7948 22.760007 -3.392931
139 8.1650717 367.38723 0.61760423 0.7228223 -0.033526982 25 0 442 1.2518463 -0.24387757
140 351.43767 377.25613 0.57482081 0.33258184 -0.26023987 25 0 2585 7.6859295 -2.214241
141 60.286369 378.49695 0.51975774 0.054297948 -0.073008595 25 0 2587 7.8481584 -2.2369194
142 105.9232 380.19656 0.64939681 0.23690204 -0.11747866 25 0 530 1.2938177 -0.2796827
143 212.59393 381.58434 0.59622918 0.16383754 -0.29877066 25 0 481 1.2738283 -0.26277722
144 129.96514 384.53405 0.54691503 0.32670492 -0.018525328 25 0 1103 3.2233829 -1.2707797
145 470.20002 386.12965 0.62531951 0.11418726 -0.17966764 25 0 1696 5.0011469 -1.747674
146 440.80002 386.47512 0.55005763 0.32000377 -0.040718714 25 0 1749 5.4850522 -1.8479519
147 45.389609 389.44925 0.63328822 0.6779263 -0.057098496 25 0 467 1.2585685 -0.24969217
148 231.98395 394.47267 0.56774902 0.22999829 -0.09019612 25 0 5937 17.182534 -3.087718
149 362.55575 396.53287 0.59614092 -0.010179184 -0.059142602 25 0 509 1.4673253 -0.41631598
150 397.82499 401.53612 0.61613114 -0.20741931 -0.20111204 25 0 342 1.0713871 -0.074866054
151 261.10672 401.8797 0.51594074 0.53999031 -0.16666774 25 0 584 1.8518408 -0.66900913
152 258.46919 405.50988 0.5948623 0.75943145 -0.12905271 25 0 1433 3.980115 -1.499739
153 480.01426 405.90929 0.68508621 0.69352195 -0.26226922 25 0 340 1.0693415 -0.072791026
154 90.635486 410.89516 0.66480982 -0.010859374 -0.34777159 25 0 856 2.2531359 -0.88196846
155 114.54771 412.46461 0.57540512 0.56883289 -0.21484501 25 0 1589 4.4918739 -1.6310689
156 199.92718 429.25286 0.53228703 0.066794449 -0.088189191 25 0 330 1.0206332 -0.022174198
157 165.27865 430.51966 0.56862385 0.58605935 -0.087626013 25 0 1719 4.9885476 -1.7449353
158 138.74713 431.44964 0.59559824 0.067537566 -0.11198505 25 0 789 2.1138354 -0.81267791
159 238.43426 433.87029 0.66699825 0.32149886 -0.35188222 25 0 930 2.4766085 -0.98464339
160 497.56668 433.50104 0.40950432 0.44708767 -0.22418692 25 0 58516 168.73094 -5.5679868
161 351.24408 435.53604 0.54512881 -0.05080834 -0.13873612 25 0 2230 6.6870216 -2.0630818
162 251.79556 438.26943 0.60163261 0.13753002 -0.28324999 25 0 859 2.3779473 -0.94050556
163 97.70849 440.19865 0.64101391 0.040461509 -0.23092473 25 0 12438 34.763832 -3.8528191
164 483.67579 450.08777 0.68784628 -0.092739235 -0.21203091 25 0 1941 5.5482452 -1.8603891
165 317.73514 453.86607 0.62244647 0.34297269 -0.18964677 25 0 606 1.8662258 -0.67741048
166 441.86833 454.81154 0.52514756 -0.087879849 -0.18345668 25 0 254 1.1534047 -0.15495431
167 368.7739 458.70141 0.60922615 0.11591024 -0.11602413 25 0 1011 3.103286 -1.2295545
168 62.806415 459.7955 0.67771258 0.27980585 -0.18824514 25 0 5386 14.734039 -2.9208045
169 155.70938 460.9711 0.67103868 0.28274058 -0.24366067 25 0 1031 2.8003742 -1.1180402
170 434.27421 462.36172 0.44099263 0.26109706 -0.19905886 25 0 58717 198.39363 -5.7438193
171 217.5912 468.94969 0.62724051 -0.081892632 -0.39540898 25 0 4060 11.472499 -2.6491451
172 349.22383 470.77302 0.56145542 -0.78413515 -0.13547245 25 0 452 1.4657179 -0.41512602
173 267.54647 472.28781 0.63557033 -0.18181877 -0.22375718 25 0 2536 6.9048531 -2.0978861
174 120.87012 472.87268 0.54240633 0.10535931 -0.17967009 25 0 352 1.1533483 -0.15490117
175 344.91365 477.48887 0.6614801 -0.13339393 -0.050681923 25 0 335 1.0562099 -0.059375583
176 145.39156 478.15447 0.67310206 0.4216528 -0.329482 25 0 796 2.1406704 -0.82637449
177 70.49845 483.64384 0.67620999 0.4201267 -0.18934655 25 0 866 2.2953127 -0.90210464
178 122.58117 500.26217 0.67269026 -0.55265487 -0.46908348 25 0 516 1.3045281 -0.2886336
179 168.00433 500.45536 0.4446612 0.40751773 -0.10595639 25 0 347 1.2041527 -0.20170388
180 123.61965 503.94885 0.6963888 -0.048116975 -0.42762855 25 0 585 1.4175429 -0.37884051
181 169.95896 507.83865 0.62504823 0.31242335 -0.26047601 25 0 834 2.2936823 -0.90133318
182 44.234896 510.56704 0.76782523 -0.42348347 -0.27507638 25 0 585 1.4312984 -0.38932547
183 167.0631 510.80591 0.86820112 0.22401248 -0.66653708 25 0 630 1.4149721 -0.3768697
184 242.39392 510.78629 0.74458435 -0.23029098 -0.51495776 25 0 1067 2.7923246 -1.1149148
185 253.27963 510.68604 0.79063537 -0.24352433 -0.56535729 25 0 457 1.0964635 -0.099985414
