id xcentroid ycentroid sharpness roundness1 roundness2 npix sky peak flux mag
1 369.42996 0.38970033 0.58145181 0.42035994 -0.30433414 25 0 351.68707 1.6643819 -0.55313244
2 341.89434 2.9576094 0.73429609 0.03423181 0.0311667 25 0 989.68866 4.0200764 -1.5105858
3 351.04919 5.2824497 0.54725328 0.051201708 0.086250645 25 0 339.5795 1.5932396 -0.50570273
4 473.46412 5.9886063 0.61399415 0.0059420261 -0.074156448 25 0 564.72091 2.712307 -1.0833471
5 153.46436 10.502928 0.72974671 -0.47196598 0.039385613 25 0 563.3525 2.2800837 -0.89487699
6 0.072741886 10.812138 0.93310585 -0.14481294 0.33305524 25 0 1072.6943 3.8904772 -1.4750072
7 8.10245 11.117708 0.70745904 -0.025186834 -0.21444998 25 0 576.31509 2.5672487 -1.0236699
8 379.33427 11.611705 0.58348715 0.44798086 0.2527985 25 0 718.13623 3.2456372 -1.2782499
9 68.813745 12.489171 0.6624904 0.27468184 0.2115857 25 0 15058.241 64.793476 -4.5288282
10 16.296808 14.223131 0.65668336 0.092366106 0.024643592 25 0 6071.535 26.902547 -3.5744835
11 452.81019 14.563813 0.6065532 -0.20324468 0.36287006 25 0 778.78849 3.4635731 -1.3488109
12 510.94071 14.229144 0.91604544 0.3260773 0.4846253 25 0 12303.349 44.517471 -4.1213262
13 469.8732 15.909863 0.72858791 0.30868068 0.29403241 25 0 391.7678 1.720894 -0.58938528
14 378.30759 19.902569 0.73216904 -0.095166237 -0.06734565 25 0 412.82358 1.7703275 -0.62013404
15 379.68512 25.188555 0.81303319 -0.093153416 0.27558494 25 0 308.68222 1.1348273 -0.13732445
16 21.868992 26.07069 0.64041563 0.35492253 0.24387057 25 0 411.66732 2.0594743 -0.78439093
17 257.27164 29.960616 0.64151838 0.1553542 0.0024941528 25 0 348.22291 1.5238722 -0.4573714
18 319.98896 30.853559 0.80860139 0.78702049 -0.093193574 25 0 290.29356 1.1093907 -0.11271129
19 398.56588 32.901259 0.70265719 0.22123642 0.10753107 25 0 644.35277 2.6303966 -1.0500531
20 498.29385 32.9966 0.68216893 -0.18753781 -0.24822158 25 0 407.42228 1.6495773 -0.54343171
21 171.19988 36.028205 0.64743358 0.070926767 0.096731755 25 0 498.26857 2.2797605 -0.89472305
22 142.61741 40.041366 0.66827067 -0.60274944 -0.3812722 25 0 291.59263 1.3887463 -0.35655727
23 157.98908 40.026161 0.73910082 0.51021956 0.13399244 25 0 760.99709 3.260407 -1.2831795
24 231.03583 41.073126 0.72204525 0.014423704 0.088497082 25 0 1453.6685 5.9542623 -1.9370699
25 463.34279 41.535373 0.46391265 -0.75656234 -0.28064548 25 0 231.63488 1.1485137 -0.15034049
26 250.54152 41.883616 0.63090165 -0.26284036 -0.14844218 25 0 2310.7996 10.065472 -2.5070853
27 391.23804 42.885 0.72445254 0.27420514 0.10039562 25 0 569.71238 2.1063553 -0.80882909
28 110.65269 44.29338 0.66858714 -0.24269419 0.082591611 25 0 589.29539 2.6548556 -1.0601023
29 294.41252 44.295208 0.75887497 0.34539992 0.20233258 25 0 332.50729 1.3005001 -0.285276
30 369.00738 43.889835 0.28000264 -0.073843585 0.028567342 25 0 59117.88 368.88891 -6.417239
31 155.77124 46.248226 0.70650793 -0.12744073 0.057091735 25 0 5967.6694 24.839942 -3.4878764
32 198.84873 46.628913 0.61436887 -0.42712511 -0.16286808 25 0 310.87789 1.4155999 -0.37735129
33 444.57821 47.187588 0.66143309 -0.29453231 -0.083832666 25 0 1093.9275 4.5066968 -1.6346458
34 89.211073 48.652984 0.90286419 -0.65510596 -0.10446494 25 0 314.27113 1.0746093 -0.078126439
35 278.01695 51.4086 0.80545479 0.44402104 0.3353527 25 0 353.83135 1.3202202 -0.30161597
36 291.50965 52.962452 0.52125827 0.17378844 -0.25123793 25 0 345.65478 1.7704622 -0.62021666
37 445.53735 52.495143 0.58244501 -0.21975011 0.0295155 25 0 251.86618 1.1908497 -0.18964236
38 96.852314 53.660119 0.70916974 -0.25750847 0.053771358 25 0 351.97549 1.407745 -0.37130999
39 338.71498 54.328895 0.69236976 -0.2486296 0.12852015 25 0 1731.5496 7.051613 -2.1207212
40 186.8358 59.358791 0.71530341 0.094779749 0.29174844 25 0 420.6053 1.8039291 -0.64054863
41 487.74035 60.723915 0.67889685 0.1512983 0.088063759 25 0 1775.7015 7.6652028 -2.2113091
42 74.73757 62.314079 0.78963044 0.35443641 0.1279717 25 0 331.70498 1.3196806 -0.30117207
43 42.051434 65.174284 0.7228459 -0.172824 0.16105272 25 0 532.76268 2.2214472 -0.86658999
44 393.66873 65.117351 0.64103553 0.38894176 -0.012361557 25 0 429.56498 1.9371204 -0.71789154
45 75.765402 67.335303 0.73394644 -0.24060845 0.10273753 25 0 785.26819 3.1729174 -1.2536469
46 99.027703 67.277356 0.64634054 -0.077077098 -0.034064906 25 0 451.91593 2.0871234 -0.7988703
47 213.8659 67.200438 0.69386476 0.61789613 0.34779545 25 0 352.61802 1.5216863 -0.45581286
48 477.28622 67.669541 0.66904116 -0.17283175 0.071677522 25 0 1782.5542 7.5750988 -2.1984708
49 42.238348 69.251381 0.77328351 -0.38585554 0.11655241 25 0 577.07823 2.0586972 -0.7839812
50 156.75093 69.053408 0.66370441 0.020453163 -0.13782064 25 0 506.50355 2.2088462 -0.86041368
51 462.59515 69.260114 0.45617522 0.23385544 -0.13709366 25 0 496.22012 2.6963916 -1.0769574
52 213.29109 71.356837 0.67404892 0.43699188 0.079532762 25 0 229.49902 1.0176885 -0.019037137
53 81.110659 71.437572 0.42862239 -0.70625351 0.1462318 25 0 211.2673 1.2120675 -0.20881698
54 100.12294 72.323878 0.65200129 0.027240869 0.082210024 25 0 1764.2456 7.7383621 -2.2216226
55 358.30201 73.258088 0.74348945 0.32502519 0.22410198 25 0 309.10175 1.1457771 -0.14775037
56 169.72484 74.797532 0.78717948 -0.13617596 -0.18234966 25 0 276.80597 1.1026846 -0.10612827
57 6.1805391 77.875357 0.78834565 0.21077638 0.18850993 25 0 460.73773 1.8065673 -0.64213539
58 79.121441 79.916864 0.57239028 0.89203557 0.33745952 25 0 248.14334 1.2225863 -0.21819886
59 395.09844 80.371724 0.65029181 0.13478731 0.13440995 25 0 3684.4965 16.023293 -3.0118794
60 0.070293356 80.383159 0.79950517 0.16013268 0.54238377 25 0 599.11568 2.4502031 -0.97300522
61 15.453876 83.414637 0.43694056 0.6648857 0.043624837 25 0 538.66242 2.9372553 -1.1698543
62 164.13038 84.065589 0.70892073 -0.1925379 -0.07707145 25 0 515.85484 2.0831029 -0.79677678
63 479.64122 85.351211 0.59284477 -0.011415751 0.29173939 25 0 245.86554 1.0152834 -0.016468234
64 136.54501 87.576467 0.48768909 0.53531872 0.19102123 25 0 488.28945 2.5427204 -1.0132465
65 188.9281 87.864776 0.82046596 0.48501725 0.21370337 25 0 394.47656 1.2984614 -0.28357264
66 199.55006 94.295576 0.56061974 0.35131619 -0.39338432 25 0 415.36572 1.8770847 -0.68370966
67 328.11216 94.753149 0.60347427 -0.36989377 0.066522092 25 0 1280.9288 6.0020873 -1.9457558
68 332.05348 96.503313 0.59940579 -0.2579102 0.12635556 25 0 1414.0008 6.4500021 -2.0238996
69 230.3449 97.667522 0.63425471 -0.19010328 0.082862016 25 0 1653.9726 7.0485184 -2.1202446
70 227.19496 99.502173 0.58146687 0.46880504 -0.082131855 25 0 202.3686 1.0040467 -0.0043848157
71 411.41076 99.624879 0.6892994 -0.37986273 -0.047762969 25 0 238.10211 1.104842 -0.10825045
72 496.29382 101.06879 0.58397407 -0.17225459 0.068136133 25 0 450.79437 2.2105142 -0.86123326
73 98.0276 102.11394 0.68041577 -0.046636918 0.034719896 25 0 4063.5356 17.517932 -3.1087071
74 160.22146 101.74201 0.69320626 0.15538373 0.16383107 25 0 442.27986 1.8333961 -0.65814074
75 106.4916 103.21588 0.63024121 0.5936049 0.15785638 25 0 236.82172 1.0243735 -0.026145799
76 341.01365 103.41054 0.67646936 -0.14131958 0.39321543 25 0 369.24991 1.540422 -0.46909926
77 12.061666 104.54549 0.34196561 0.28942216 0.27513625 25 0 139.8085 1.092976 -0.096526597
78 376.70151 112.79631 0.6416804 0.16349005 -0.029017045 25 0 676.99999 3.0908062 -1.2251794
79 263.50914 114.97922 0.63519958 -0.12724312 -0.12913055 25 0 17274.882 75.480365 -4.694585
80 280.86195 115.05965 0.69511468 0.37165467 0.097265782 25 0 1249.0818 5.3328736 -1.8174032
81 502.1475 114.56537 0.70805596 0.78141741 0.47205319 25 0 229.27137 1.0159655 -0.017197407
82 290.95435 116.46543 0.66282415 -0.01492316 0.24368226 25 0 1902.2324 8.1926307 -2.2835584
83 347.49449 115.99178 0.5718209 -0.040382118 -0.1539041 25 0 1167.195 5.5425416 -1.8592724
84 492.73735 117.51119 0.68983242 -0.28601241 0.06899128 25 0 481.68009 2.1180827 -0.81485727
85 242.93169 118.21233 0.71003249 0.16861633 -0.081686947 25 0 575.94914 2.2343693 -0.8728874
86 357.97589 118.49012 0.6157757 0.50831844 0.31409528 25 0 228.38313 1.1642134 -0.16508149
87 142.3761 118.74955 0.593593 -0.23605409 -0.10992839 25 0 508.07797 2.2878297 -0.89855921
88 197.27555 119.36072 0.50013346 -0.26449741 -0.080098412 25 0 366.54538 1.8266498 -0.65413821
89 95.235433 120.30469 0.70272381 0.17118311 -0.071372437 25 0 657.33209 2.862907 -1.1420181
90 194.76183 121.67293 0.65686501 0.16482552 0.069983675 25 0 2272.7129 9.9448881 -2.4939998
91 27.716734 123.68277 0.60937689 -0.5773631 -0.13433356 25 0 387.39751 1.7035765 -0.5784041
92 218.76428 127.13159 0.65974282 -0.068087476 -0.027986388 25 0 1931.0454 8.2969161 -2.2972917
93 50.035296 128.97482 0.7369412 -0.055121904 0.012768758 25 0 1553.2302 6.4821236 -2.0292933
94 22.286961 129.55419 0.52644335 -0.71285722 0.11836354 25 0 349.6175 1.8063198 -0.64198663
95 296.26673 130.24044 0.62563054 0.42388524 0.042539575 25 0 496.21558 2.2710399 -0.89056193
96 313.55502 136.89071 0.5466634 -0.30557794 -0.3674228 25 0 223.92886 1.0874572 -0.091030465
97 438.69104 138.21083 0.66426011 -0.11653792 0.022641057 25 0 13648.332 58.198029 -4.4122707
98 426.98841 141.41885 0.58682518 0.61834049 0.47964897 25 0 273.8048 1.2523937 -0.24435219
99 341.5559 143.98203 0.67108109 -0.19730365 -0.090639478 25 0 3296.6315 13.908097 -2.8581693
100 57.388112 145.26324 0.69767945 -0.0044881885 -0.035380305 25 0 783.49419 3.1838382 -1.2573775
101 137.22091 146.78188 0.72595452 -0.033152044 0.22057468 25 0 375.93489 1.4820257 -0.42713932
102 40.384636 149.24497 0.59920062 0.43311258 -0.038892562 25 0 626.76046 2.9747941 -1.1836423
103 494.93733 148.99408 0.62472041 0.33006324 -0.20333995 25 0 206.56785 1.0742184 -0.077731494
104 140.13722 158.55383 0.70139633 0.40397403 0.30410624 25 0 443.75012 1.8359792 -0.65966941
105 428.64019 159.80436 0.64064681 0.16533615 -0.0065977024 25 0 54491.436 238.22197 -5.9424545
106 467.93268 163.2229 0.73919743 0.084058721 0.12245042 25 0 662.26701 2.662259 -1.0631258
107 249.23519 163.97107 0.7280689 0.13336073 -0.12650239 25 0 601.82728 2.3478422 -0.92667226
108 499.13143 169.46906 0.59892147 -0.60666534 -0.046115243 25 0 194.70791 1.0034099 -0.0036959534
109 76.051633 171.4239 0.76760304 0.30106745 0.28612162 25 0 509.59147 2.0798537 -0.79508194
110 185.30157 171.98319 0.659697 0.024211172 0.27950927 25 0 271.67397 1.1337501 -0.13629331
111 268.73407 172.49997 0.6224648 -0.25106509 0.15224989 25 0 1714.9957 7.2596399 -2.1522877
112 388.95971 172.0393 0.74660593 0.056423838 -0.024226626 25 0 629.14979 2.4776287 -0.98509057
113 206.87195 173.29282 0.71105631 -0.1097884 0.12152623 25 0 1084.3887 4.3582787 -1.5982875
114 456.11253 174.25159 0.90304859 0.37649803 0.11071204 25 0 527.52286 1.8630574 -0.67556557
115 195.33859 175.91322 0.63827664 -0.15011145 -0.046028535 25 0 1699.3651 7.4346608 -2.1781529
116 353.23857 181.04909 0.55265792 0.45961969 -0.17311784 25 0 211.84925 1.07404 -0.07755112
117 463.85113 180.81515 0.68741553 -0.016037101 0.033141828 25 0 3338.7044 14.178641 -2.8790865
118 59.547293 181.96704 0.65961925 0.076120204 -0.12786538 25 0 795.69487 3.3337051 -1.307318
119 157.56159 181.95301 0.62529881 0.19236817 -0.0031238151 25 0 1768.5174 7.6005992 -2.2021196
120 453.85772 183.07013 0.73110482 -0.2010519 0.02388395 25 0 793.1774 3.2851864 -1.2914
121 269.5877 184.58081 0.58618742 -0.48910487 -0.076057526 25 0 1001.5755 4.4780143 -1.6277137
122 464.29214 185.84001 0.66899525 -0.12383483 0.061087709 25 0 1044.3959 4.5122316 -1.6359785
123 232.00797 187.44124 0.66785806 -0.086143158 0.11335491 25 0 680.71561 2.8227495 -1.1266809
124 368.903 188.20135 0.64366503 0.38600545 0.45375283 25 0 277.35797 1.3036687 -0.2879181
125 114.2048 188.51641 0.66455224 -0.13267215 0.18185468 25 0 40401.702 170.69429 -5.5805475
126 163.84585 189.86567 0.80737225 -0.016948026 -0.10908963 25 0 514.87591 1.8004758 -0.63846823
127 295.67087 193.60451 0.36366432 0.38029786 0.12889228 25 0 196.1503 1.3070711 -0.29074799
128 463.24993 193.8293 0.61908908 0.23028976 0.14186161 25 0 410.64236 2.021071 -0.76395392
129 497.71411 197.54018 0.60772965 0.48300951 0.19833413 25 0 637.84178 2.9859727 -1.1877146
130 210.86298 200.28388 0.67560397 -0.18694521 0.14936101 25 0 654.2981 2.6044807 -1.0393028
131 391.83734 199.67314 0.5156254 0.21787547 0.29072573 25 0 229.66592 1.0674123 -0.070830525
132 424.67068 199.5493 0.63023078 0.61030699 0.14828333 25 0 303.09941 1.3523183 -0.32769732
133 241.40719 201.50318 0.83371523 0.10998197 0.13655915 25 0 436.01035 1.557515 -0.48108061
134 448.38125 201.906 0.65053395 -0.11429885 0.040554229 25 0 315.93225 1.4429368 -0.39811831
135 109.3202 202.47544 0.68175771 -0.14931407 0.17762522 25 0 581.52723 2.3439288 -0.92486103
136 190.12611 204.41316 0.51162079 0.34976179 0.37212432 25 0 230.17603 1.2490819 -0.24147727
137 458.26372 206.18402 0.55835791 0.81727675 0.34821834 25 0 260.45844 1.3970477 -0.36302807
138 7.5347735 210.55959 0.56853254 0.38184953 0.066868904 25 0 1699.2435 7.8523741 -2.2375025
139 54.952381 211.5801 0.63097874 0.80108459 0.36976418 25 0 416.82789 1.7182007 -0.58768476
140 57.47265 213.22903 0.71840943 -0.1172763 0.0082819508 25 0 477.60766 1.8230578 -0.65200108
141 468.29282 213.63385 0.61872546 -0.22946052 0.16498689 25 0 1127.5964 5.0261085 -1.7530796
142 30.602969 215.13891 0.66248931 -0.14675446 -0.025763761 25 0 1956.5183 8.5453244 -2.3293214
143 369.05688 215.92468 0.63990505 -0.046853372 0.055973393 25 0 1693.1988 7.7154765 -2.2184069
144 299.30415 218.14325 0.69935391 0.038248139 0.014223006 25 0 845.21093 3.5472107 -1.3747175
145 193.32602 219.56165 0.55299259 0.53872772 -0.01518985 25 0 832.40808 3.7666055 -1.4398753
146 282.68762 224.89842 0.65566535 0.060561125 -0.017585655 25 0 3114.4007 13.599211 -2.8337842
147 28.161372 227.25308 0.80346422 0.09978474 0.095853764 25 0 383.11534 1.4261705 -0.38542859
148 394.81813 226.82022 0.67429069 0.086709209 0.037933058 25 0 5148.6701 22.061988 -3.3591116
149 464.98561 227.43776 0.66157913 0.19571524 0.27950449 25 0 14824.357 62.843267 -4.4956469
150 369.80987 229.13068 0.67949399 -0.054763853 0.013427184 25 0 1250.5891 5.3873345 -1.8284349
151 422.03772 230.66817 0.54364459 -0.95234954 -0.47816025 25 0 184.70987 1.1427932 -0.14491909
152 58.796414 232.63164 0.6227082 -0.43116207 0.086343911 25 0 217.57767 1.0648745 -0.068246118
153 223.2185 235.6851 0.64476361 -0.073762707 0.082108299 25 0 728.50566 3.2594702 -1.2828675
154 283.17852 236.53892 0.55133213 0.10596408 0.21415963 25 0 640.03634 3.0610243 -1.2146669
155 474.12927 239.04669 0.67730776 0.033244907 0.073123169 25 0 2324.9766 9.9631691 -2.4959938
156 73.858821 240.02739 0.6429527 0.38856847 -0.12836483 25 0 347.35383 1.5315731 -0.46284433
157 94.400677 250.51318 0.58147867 0.26472042 0.1098494 25 0 214.85288 1.0449779 -0.047767728
158 471.0596 252.48814 0.64334087 0.25686564 0.20384639 25 0 7768.6888 33.384048 -3.8088475
159 246.87186 253.18826 0.67561659 -0.026201546 0.074171482 25 0 5718.9717 24.518907 -3.4737528
160 19.220851 254.37362 0.65955519 0.40939116 0.11848462 25 0 1010.1006 4.4172149 -1.6128713
161 309.03839 255.64293 0.60045417 0.21501381 0.33183733 25 0 425.46007 1.9211173 -0.70888468
162 374.48516 261.99233 0.72999596 0.20017006 -0.0442498 25 0 474.23019 1.8508607 -0.66843435
163 147.96144 263.68908 0.46570086 -0.29395964 -0.48028997 25 0 258.19219 1.2610779 -0.25185482
164 29.318135 274.44815 0.38921648 0.087503055 0.22876489 25 0 189.97003 1.2439593 -0.23701545
165 76.141966 274.16239 0.71741983 0.20872694 0.073900798 25 0 1776.0452 7.3583455 -2.1669504
166 132.42091 275.61693 0.61292525 0.041339395 -0.20940404 25 0 279.14945 1.2947437 -0.28045953
167 258.45051 282.14889 0.56360613 0.51280309 -0.10711367 25 0 302.95972 1.5978752 -0.50885715
168 14.227017 283.8122 0.80749523 -0.4576354 0.36869179 25 0 293.94543 1.1390483 -0.14135533
169 90.367595 283.29937 0.5589812 -0.58961085 0.16480408 25 0 629.60324 2.8344927 -1.1311883
170 390.70986 285.37592 0.65615971 -0.28134642 0.097328596 25 0 5805.5462 24.798549 -3.4860657
171 2.1174071 286.73938 0.38570435 -0.17883785 -0.31186928 25 0 245.83785 1.4669782 -0.41605917
172 203.38524 286.93915 0.63802626 -0.011209938 -8.8637599e-05 25 0 895.89663 3.9209263 -1.4834717
173 81.909452 288.34412 0.65975298 0.14158284 0.19784559 25 0 1439.5573 6.1246327 -1.9677001
174 110.16956 288.10218 0.68143066 0.14763013 0.049268852 25 0 1340.6198 5.6661364 -1.8832176
175 365.02499 290.17312 0.5989762 -0.20018427 -0.17934792 25 0 433.75842 1.877773 -0.68410773
176 496.32217 290.10982 0.61477915 0.22507805 0.024182765 25 0 777.64728 3.5161575 -1.3651708
177 34.530278 293.34526 0.66601218 -0.24276333 0.10454369 25 0 469.44894 1.9512686 -0.72579263
178 49.759375 293.23953 0.6441145 -0.98597656 -0.0033763375 25 0 271.01036 1.3242692 -0.30494071
179 485.19263 294.04041 0.58637459 0.19895712 0.33376567 25 0 187.85753 1.0249889 -0.026797953
180 112.8308 297.66947 0.70272286 -0.46837551 0.11344617 25 0 306.59213 1.1512271 -0.15290248
181 179.22566 297.79056 0.70330037 -0.18390481 -0.11176695 25 0 531.16963 2.1125542 -0.81201967
182 93.730231 303.79709 0.62351172 0.24420939 0.034117852 25 0 1332.0575 6.0190812 -1.9488255
183 441.51158 303.44165 0.63312785 -0.13514494 0.027159086 25 0 394.75968 1.770422 -0.62019197
184 237.20911 309.23122 0.63556273 -0.047606401 -0.058519763 25 0 890.59425 3.890658 -1.4750576
185 469.04673 309.01952 0.71287735 0.021676735 0.018221304 25 0 1396.6897 5.8690433 -1.9214183
186 156.4033 314.14897 0.6320783 0.15177648 -0.072255387 25 0 3432.9193 14.986043 -2.9392174
187 16.817796 315.92008 0.710358 -0.43008167 -0.062279207 25 0 1017.9856 4.1649666 -1.5490288
188 32.382947 315.87597 0.60992739 0.11107187 -0.20924115 25 0 2026.5966 8.8974909 -2.3731689
189 243.26751 316.83072 0.59225717 0.28206561 0.37020704 25 0 215.98308 1.0776422 -0.081186467
190 78.58831 318.18937 0.76894162 -0.27230686 -0.090274379 25 0 385.84153 1.4584805 -0.4097516
191 16.173782 323.18941 0.74357655 -0.31168393 -0.25064553 25 0 229.67405 1.1122092 -0.11546617
192 205.95941 323.5908 0.56085161 0.15985253 0.23418443 25 0 308.95503 1.5321252 -0.46323563
193 473.6122 322.98804 0.64310902 -0.34425494 -0.024139356 25 0 337.61479 1.5126504 -0.44934641
194 1.4520867 326.0236 0.62062443 -0.32327523 -0.074625225 25 0 833.46551 3.696285 -1.4194136
195 348.70526 325.49528 0.48377252 0.53357328 0.15520773 25 0 456.1276 2.1115866 -0.81152227
196 281.73103 328.38172 0.73111427 0.67109267 0.10901558 25 0 324.92869 1.2546859 -0.24633751
197 39.031305 333.07011 0.70207427 0.073568099 0.059919194 25 0 5794.8417 24.604576 -3.4775397
198 306.16537 332.94749 0.66501578 -0.060586237 -0.18210269 25 0 570.51118 2.4421441 -0.96942822
199 398.98425 333.11611 0.67653795 -0.00015029539 -0.037504928 25 0 567.94657 2.3621414 -0.93326473
200 49.248877 334.03767 0.69057306 -0.010223532 0.016677061 25 0 14266.643 60.561287 -4.4554877
201 282.4156 334.63993 0.53820632 0.69555041 0.034293161 25 0 631.63206 2.9240742 -1.164971
202 95.656431 335.27938 0.56074268 -0.073238898 -0.072846345 25 0 831.27432 3.6696376 -1.4115579
203 507.37083 340.68425 0.53337769 0.03305102 0.54095631 25 0 824.04212 3.6285686 -1.3993383
204 278.53942 343.98504 0.67834179 -0.017801755 -0.14461203 25 0 334.10049 1.3772846 -0.34755925
205 379.22008 346.76323 0.72414362 -0.17901205 -0.032573187 25 0 814.39408 3.2755517 -1.2882111
206 36.544966 350.432 0.47357251 -0.59943131 0.071659909 25 0 207.0147 1.1088891 -0.11222031
207 258.43062 350.52803 0.55988855 0.49428238 -0.0019924686 25 0 4313.9768 19.542702 -3.2274615
208 400.43267 351.79028 0.57699976 0.16429419 -0.19258669 25 0 1012.4781 4.7345347 -1.6881933
209 30.918008 353.39345 0.64245197 0.52347253 0.54616634 25 0 456.9792 1.8586176 -0.67297509
210 40.532483 353.12548 0.65185344 -0.66887626 -0.0022075454 25 0 760.15974 3.288942 -1.2926405
211 65.728327 352.47461 0.34304743 -0.16840415 0.97762022 25 0 212.57822 1.0215035 -0.023099695
212 317.48145 354.41967 0.55401059 0.48213214 -0.018074537 25 0 21485.652 98.228475 -4.9805935
213 13.235532 355.13732 0.67284087 0.0020027945 -0.078677453 25 0 923.65393 3.9671804 -1.4962049
214 175.8317 356.45187 0.75133608 0.16950326 0.59293084 25 0 279.1975 1.1349608 -0.13745218
215 462.05911 356.48944 0.39012097 -0.20456592 -0.0098403337 25 0 178.40073 1.1130622 -0.11629863
216 40.767122 356.9432 0.70044314 -0.12329881 0.05357326 25 0 1512.7842 6.3078636 -1.9997057
217 372.97697 358.88486 0.6356261 0.22655656 0.016240223 25 0 227.88517 1.1991781 -0.19720922
218 41.642137 360.35778 0.74542076 0.24092211 0.60293709 25 0 625.55905 2.4192186 -0.95918778
219 433.2384 361.58217 0.60958604 0.21130921 0.15408232 25 0 1837.8348 8.0104369 -2.2591405
220 498.28657 361.98046 0.66016972 -0.30731068 -0.49680984 25 0 365.53891 1.6420855 -0.53848943
221 244.70816 363.44072 0.63036098 0.55309603 0.16279825 25 0 1508.2318 6.499495 -2.032199
222 296.82954 364.74259 0.68656087 0.066178259 0.060815274 25 0 3153.1178 13.300896 -2.8097023
223 114.42644 366.4115 0.5784947 0.37747912 0.032496855 25 0 4454.8933 20.311751 -3.2693684
224 446.48688 365.8274 0.70207427 -0.5310968 -0.12797561 25 0 1217.2543 4.962875 -1.7393333
225 157.56687 366.98403 0.66755246 -0.85365094 -0.097268259 25 0 477.58134 2.0419125 -0.77509283
226 7.2811266 367.84273 0.63956756 0.53859699 0.098190472 25 0 277.22336 1.2429091 -0.23609838
227 41.598575 369.55459 0.63428166 0.14299082 0.23159066 25 0 411.70617 1.7346999 -0.59806087
228 21.842976 373.16848 0.72797449 -0.075316484 0.079032379 25 0 899.62722 3.784215 -1.4449395
229 494.84969 375.05873 0.71719937 -0.66502733 0.19675158 25 0 286.63358 1.268686 -0.25838538
230 464.96901 377.34068 0.81735229 -0.074862803 -0.10933148 25 0 305.11491 1.1324542 -0.13505166
231 384.69135 379.04995 0.68334128 -0.10964366 -0.038703131 25 0 3876.6565 16.486903 -3.0428477
232 44.655083 380.0299 0.62304449 0.62771951 0.44665792 25 0 264.27942 1.1492391 -0.15102598
233 93.540163 380.54516 0.60372857 0.38871119 0.030708108 25 0 3245.6119 14.59034 -2.9101635
234 139.36038 382.16397 0.67320338 0.18927065 0.21483554 25 0 599.10994 2.5758451 -1.0272994
235 246.03535 383.46072 0.68010827 0.28262572 0.19136084 25 0 685.62485 2.835703 -1.1316519
236 288.0072 384.32894 0.58840914 -0.47791849 0.090725127 25 0 354.49948 1.5928907 -0.50546494
237 119.01631 385.40581 0.74249469 -0.1383163 0.21474933 25 0 406.88595 1.5773901 -0.4948478
238 163.40749 386.45612 0.55729669 0.4343587 0.053672215 25 0 1265.1055 5.9097145 -1.9289162
239 23.850463 386.54956 0.70207628 0.21936372 0.2030914 25 0 1124.9751 4.6036699 -1.6577604
240 474.13974 388.35195 0.68494453 0.042145874 0.13109287 25 0 2849.2593 12.046856 -2.7021843
241 503.42682 387.83756 0.630608 -0.13746497 -0.10058985 25 0 2079.2291 9.1031265 -2.3979764
242 78.902902 391.64659 0.65823848 0.1784589 0.11448804 25 0 660.07986 2.9834344 -1.1867912
243 407.11986 394.03152 0.75032657 0.45715612 -0.12454986 25 0 253.70747 1.1053072 -0.10870751
244 265.43526 396.34993 0.58779757 0.27589703 -0.020810515 25 0 7121.7235 32.147596 -3.7678713
245 395.77527 398.16664 0.74806236 -0.079442706 -0.14361947 25 0 858.39257 3.3735118 -1.3202056
246 191.99479 398.73044 0.87999741 0.34376847 0.10304599 25 0 340.59022 1.205849 -0.20323229
247 431.41621 403.27255 0.57252015 0.20272726 -0.11078749 25 0 633.36261 3.1426987 -1.2432569
248 294.3781 403.77913 0.5780542 0.25397569 -0.21014778 25 0 600.48339 2.6948845 -1.0763504
249 40.952819 405.85921 0.7311327 0.6755387 0.35975988 25 0 258.06055 1.0472319 -0.050107173
250 291.90969 407.51927 0.65375357 -0.08509877 0.23042659 25 0 1953.123 8.1881494 -2.2829644
251 309.97168 406.86493 0.73149143 -0.42293916 0.14525908 25 0 366.4885 1.4702265 -0.4184606
252 22.102321 407.69495 0.7292288 -0.25581623 0.10064571 25 0 1108.6304 4.5028383 -1.6337159
253 60.281885 411.86102 0.84500625 -0.44803909 -0.2804905 25 0 330.00499 1.0741578 -0.077670264
254 123.8681 413.06079 0.6953536 0.10248137 0.12517616 25 0 1103.7112 4.6042421 -1.6578954
255 147.87293 414.46763 0.68021796 -0.17505128 0.18485133 25 0 2336.6593 9.7295668 -2.4702338
256 0.53090592 417.98096 0.65016809 -0.055955563 -0.026904477 25 0 1197.7874 5.3027372 -1.8112503
257 59.61766 417.90674 0.73237069 -0.20507118 -0.26869548 25 0 242.39822 1.0864974 -0.090071724
258 323.65001 424.21836 0.62214874 -0.37055439 -0.13530674 25 0 471.7724 2.1788737 -0.84558015
259 204.39631 426.1048 0.63277809 0.15813749 -0.30144606 25 0 304.31613 1.2844542 -0.27179657
260 233.77265 431.17267 0.4531399 0.28090395 -0.35481864 25 0 299.31639 1.5121369 -0.44897776
261 198.64213 432.43323 0.63449459 -0.17614674 0.083069073 25 0 2171.665 9.4904801 -2.4432205
262 172.06298 433.2833 0.6558955 0.17429461 0.14543253 25 0 1107.5717 4.8088318 -1.705099
263 421.01366 433.14078 0.75448511 0.50618685 0.51766992 25 0 376.73057 1.4810344 -0.42641285
264 201.10439 435.07555 0.70645753 -0.96457208 -0.44808821 25 0 326.22758 1.2426439 -0.23586672
265 271.89353 435.66193 0.67938254 0.18774156 0.11114586 25 0 1252.645 5.3367659 -1.8181954
266 384.43555 437.39811 0.64780187 -0.67135473 -0.10167179 25 0 3043.2935 12.688977 -2.7585665
267 284.99612 440.14508 0.73066987 -0.40587203 0.13531948 25 0 1370.2738 5.3500978 -1.8209043
268 54.116094 440.9379 0.60854561 0.51261572 0.41327214 25 0 351.49519 1.7220624 -0.5901222
269 131.08696 442.14101 0.71236116 0.054559494 0.063844867 25 0 17070.548 71.606106 -4.6373751
270 502.73213 448.75465 0.62179709 0.034077989 0.13243793 25 0 350.40624 1.6188404 -0.52301005
271 251.89579 449.498 0.71462324 0.29376462 0.21088716 25 0 342.60218 1.3177729 -0.2996014
272 419.39878 454.4273 0.52861546 -0.13885863 -0.031572787 25 0 334.89544 1.6261843 -0.52792444
273 351.06524 455.67058 0.81625406 0.21916547 0.096797422 25 0 894.90579 3.2542207 -1.2811175
274 475.04745 456.52154 0.64981713 -0.53664169 0.20307911 25 0 471.90619 1.9991229 -0.75209874
275 370.55888 457.69203 0.70667081 -0.91551348 -0.14625017 25 0 243.64461 1.0568988 -0.060083474
276 402.13017 460.5943 0.61890206 0.26092122 0.17522558 25 0 1298.8358 5.8331472 -1.9147573
277 96.158132 461.77503 0.71837287 -0.06632996 0.075095068 25 0 6761.4856 27.935768 -3.6154015
278 189.13227 462.82562 0.68990271 -0.070388429 -0.027858511 25 0 1314.6852 5.5112505 -1.8531254
279 365.80623 463.3596 0.70883164 -0.038212871 -0.32272085 25 0 356.09985 1.4492837 -0.40288349
280 467.49969 463.92594 0.47837611 -0.062296039 0.0010585373 25 0 61391.186 301.1841 -6.1970801
281 331.17589 465.00239 0.76971834 -0.049075343 -0.1344793 25 0 389.35435 1.5786094 -0.49568668
282 5.0693707 466.30877 0.71069123 -0.12955848 0.11955806 25 0 1263.4814 5.2261627 -1.7954573
283 444.80833 466.33859 0.75442771 0.08639004 0.39219217 25 0 434.20633 1.8719226 -0.68071972
284 85.277533 466.91962 0.65107927 -0.42727848 0.061641529 25 0 320.74227 1.327664 -0.30772048
285 250.9067 470.89647 0.72548009 0.0048968869 0.035774245 25 0 6118.4997 25.25141 -3.5057141
286 382.55041 472.34598 0.67585213 -0.72483392 0.0040741872 25 0 703.45014 3.0039638 -1.1942368
287 468.91061 471.63853 0.7869849 0.19075097 0.21011161 25 0 653.31697 2.3413794 -0.92367947
288 285.08519 474.09703 0.58554216 -0.12836916 0.28603912 25 0 259.01161 1.2600121 -0.25093678
289 301.03218 474.14973 0.70932366 0.015482606 0.045790635 25 0 3840.7149 16.160711 -3.0211511
290 154.22374 474.73277 0.7521475 -0.15056877 0.17149795 25 0 552.8784 2.1853244 -0.8487898
291 378.27085 479.19717 0.66013326 0.52413855 0.16464522 25 0 491.08311 2.1496454 -0.83091707
292 178.90106 480.15519 0.69204407 0.46004411 0.055716579 25 0 992.21236 4.1832139 -1.5537752
293 256.77822 484.64784 0.59277898 -0.68846841 -0.36034934 25 0 220.36164 1.141628 -0.14381156
294 103.91341 485.60886 0.73098682 -0.035091078 0.09144814 25 0 1255.3946 5.0011408 -1.7476727
295 280.12918 495.04476 0.74822299 0.37662767 0.26930279 25 0 534.78586 2.1314496 -0.82168765
296 432.84336 494.92979 0.61049492 -0.068182128 -0.095713475 25 0 271.29213 1.312596 -0.29532765
297 190.0448 499.26074 0.77591293 0.27540351 0.19210467 25 0 410.6666 1.5992712 -0.50980529
298 107.26538 500.33582 0.74054281 0.12292206 0.11663143 25 0 375.187 1.4361617 -0.39300831
299 155.98872 502.3763 0.73996018 -0.35844737 0.15502237 25 0 710.63856 2.7208998 -1.0867814
300 201.39973 502.34418 0.52321742 0.30265809 -0.0067164461 25 0 427.89482 2.0213711 -0.76411511
301 423.29174 503.23415 0.56930203 0.86921641 0.15556062 25 0 207.23354 1.0500561 -0.053031259
302 320.10949 504.57983 0.74231513 0.33283741 0.2144854 25 0 361.07017 1.4171157 -0.37851324
303 156.87323 505.9919 0.65272915 0.1342544 -0.051622307 25 0 834.23389 3.5032817 -1.3611877
304 98.059457 508.36462 0.56508028 -0.15049768 0.20736092 25 0 244.19832 1.1066931 -0.11006798
305 203.30143 509.67842 0.71579542 -0.083840617 0.039220902 25 0 965.72953 3.8762398 -1.4710266
