id xcentroid ycentroid sharpness roundness1 roundness2 npix sky peak flux mag
1 31.470277 0.034732628 0.85803972 -0.3927768 -0.52603901 25 0 2868 5.8767856 -1.9228496
2 292.80611 15.798961 0.57456702 -0.13941888 -0.19961655 25 0 581 1.6470869 -0.54179126
3 424.36363 19.161797 0.58341164 0.11345522 -0.2516879 25 0 298 1.1442643 -0.1463159
4 330.46479 24.482598 0.6073654 0.51514026 -0.15029974 25 0 552 1.5028891 -0.44231737
5 20.057966 24.463942 0.57317381 -0.24558287 -0.046878818 25 0 10495 25.470662 -3.5151006
6 403.78749 27.709247 0.5401852 0.031028182 -0.061262634 25 0 403 1.354625 -0.32954768
7 462.81797 27.63331 0.58391643 0.031467325 -0.15663665 25 0 20519 49.252225 -4.2310646
8 349.64196 46.030946 0.676848 -0.41280632 -0.64211334 25 0 440 1.130693 -0.13336174
9 109.3329 52.299418 0.4987977 -0.47041128 -0.38022783 25 0 395 1.2202229 -0.21609793
10 181.94621 53.534049 0.56107419 -0.20997816 -0.053142239 25 0 980 2.5193951 -1.0032407
11 201.56288 54.519655 0.52747747 0.2966008 -0.20867154 25 0 1517 3.6556006 -1.4073968
12 342.08781 55.825142 0.54720015 -0.31837103 -0.44721575 25 0 363 1.076688 -0.080224667
13 320.06596 56.587907 0.32528436 -0.23597417 -0.2149952 25 0 58172 165.29171 -5.5456277
14 106.92495 58.540618 0.54342682 -0.33721012 -0.073456387 25 0 3682 8.9299693 -2.3771249
15 395.41029 60.362467 0.66026905 -0.55293455 -0.2756797 25 0 720 1.7729646 -0.62175017
16 465.92542 66.52208 0.65565481 -0.24132445 -0.16406303 25 0 588 1.6169099 -0.52171454
17 289.64857 67.194939 0.65484754 -0.41279588 -0.29750827 25 0 1318 2.9468237 -1.1733854
18 438.5791 74.05332 0.59930634 -0.38104909 -0.27615295 25 0 1188 3.0997358 -1.2283117
19 496.92743 76.414616 0.65206842 -0.14270177 -0.062111589 25 0 2750 6.5607023 -2.0423758
20 27.014549 79.463927 0.64245716 -0.42792621 -0.02138864 25 0 431 1.1155417 -0.11871454
21 428.24256 80.871801 0.63010603 -0.15416496 -0.20215376 25 0 1360 3.4758757 -1.3526606
22 413.38947 82.523439 0.57761484 -0.84068019 -0.13165328 25 0 332 1.0537201 -0.056813184
23 51.354539 84.293767 0.59869877 -0.079451577 -0.20753462 25 0 1217 2.9174961 -1.1625257
24 463.96263 89.5289 0.59727222 0.044464313 -0.051249907 25 0 661 1.8171695 -0.64848861
25 345.91188 93.505408 0.53609045 -0.24427973 -0.11431429 25 0 2405 6.0037384 -1.9460544
26 87.564226 99.74749 0.66997451 -0.33391182 -0.15957174 25 0 541 1.1933603 -0.191929
27 486.28755 100.48514 0.60826392 0.21058923 -0.063639817 25 0 16809 38.963301 -3.9766394
28 278.98362 107.64013 0.54466336 -0.47037297 -0.18582298 25 0 1035 2.5814794 -1.0296717
29 283.05225 109.43556 0.60630371 -0.40856981 -0.12820982 25 0 1181 2.6335815 -1.0513669
30 181.31237 110.3019 0.60910816 -0.29602827 -0.26431996 25 0 1454 3.1466071 -1.2446063
31 49.200143 114.22859 0.631912 -0.31162746 -0.28942965 25 0 3387 7.722789 -2.2194354
32 504.29875 116.97026 0.66325888 -0.15240204 -0.19867131 25 0 1783 4.2474355 -1.570317
33 484.51684 120.44086 0.59383987 -0.55227678 -0.17961492 25 0 1433 3.5301924 -1.3694959
34 327.58726 125.69299 0.51125628 -0.067791997 -0.18197057 25 0 429 1.2161035 -0.21242633
35 214.41353 127.51551 0.58076733 -0.63953882 -0.17543121 25 0 12720 29.113439 -3.6602338
36 231.8018 127.67014 0.52876222 -0.073942297 -0.15623844 25 0 858 1.9900761 -0.74717419
37 241.85585 129.05176 0.57158499 -0.46050737 -0.30109768 25 0 1618 3.7870707 -1.4457585
38 298.46697 128.90027 0.61179126 -0.48362133 -0.47860164 25 0 937 2.0400173 -0.77408461
39 145.7218 134.12976 0.58220523 -0.58292027 -0.32136127 25 0 1782 4.0435909 -1.516918
40 169.70753 139.6239 0.52170514 0.067506431 -0.18244199 25 0 1376 3.2278835 -1.2722946
41 1.0803596 140.86235 0.64488404 -0.33836082 -0.21304478 25 0 1178 2.8039976 -1.1194441
42 389.54683 151.40001 0.57302085 0.10795468 -0.28071966 25 0 8681 20.066346 -3.2561708
43 8.4067634 157.25304 0.70050625 -0.47630787 -0.35830872 25 0 586 1.2182318 -0.21432485
44 292.51043 156.89939 0.658849 -0.5535691 -0.40679078 25 0 2608 5.430987 -1.8371969
45 477.57046 163.52884 0.59028652 -0.60764508 -0.097697088 25 0 5623 13.15526 -2.7977486
46 379.40081 172.93436 0.65208318 -0.39283961 -0.33508333 25 0 44933 99.196086 -4.9912363
47 219.59042 185.113 0.61802279 -0.43042024 -0.34055703 25 0 1591 3.4288761 -1.3378795
48 339.83691 185.00085 0.48049632 -0.28656437 -0.65297399 25 0 380 1.0006175 -0.00067027825
49 471.5852 184.84443 0.59654524 -0.056908128 -0.25213243 25 0 5225 12.531796 -2.7450333
50 157.68067 185.65325 0.52073373 -0.05037068 -0.21485335 25 0 781 1.7988145 -0.63746592
51 146.35035 188.31087 0.55789073 -0.12387393 -0.30410588 25 0 1328 3.015584 -1.1984286
52 10.447073 194.0508 0.68451228 -0.3034607 -0.15464232 25 0 707 1.5781603 -0.49537779
53 108.67433 194.17371 0.60915436 -0.32919436 -0.1954781 25 0 1530 3.2554756 -1.2815361
54 414.48971 194.02913 0.60321054 -0.40629103 -0.36185274 25 0 2207 5.2105856 -1.7922163
55 476.18631 195.90724 0.63556285 -0.46327121 -0.31329091 25 0 602 1.6278441 -0.529032
56 220.45356 197.3753 0.54050402 0.018302367 -0.24652491 25 0 864 1.8359939 -0.65967809
57 414.90273 199.0574 0.50235625 -0.59026997 -0.37163296 25 0 658 1.9395695 -0.71926336
58 182.98723 199.84329 0.52624851 -0.044715419 -0.18210978 25 0 592 1.2726027 -0.26173208
59 65.249808 200.65688 0.61485425 -0.45010182 -0.18292681 25 0 33537 77.330965 -4.7208836
60 114.9765 202.01597 0.55747848 -0.56780904 -0.107636 25 0 455 1.0177818 -0.019136695
61 448.36428 210.92997 0.61639267 -0.54547093 -0.48834538 25 0 421 1.1311089 -0.13376101
62 161.65376 212.88363 0.62564165 -0.076691635 -0.6069873 25 0 568 1.0811573 -0.084722225
63 60.201828 214.80008 0.64274574 -0.42608978 -0.39132052 25 0 610 1.2726951 -0.26181094
64 502.21647 214.75287 0.6315446 -0.3922193 -0.12834962 25 0 1268 3.1615731 -1.2497581
65 462.72696 217.05447 0.56673251 -0.43952183 -0.24695846 25 0 449 1.3365204 -0.31493901
66 496.16114 220.82539 0.62949645 -0.26055556 -0.20054639 25 0 2701 6.4976704 -2.0318942
67 418.9914 226.97489 0.56256819 -0.56821304 -0.34358605 25 0 827 2.1076454 -0.80949385
68 319.81774 228.93381 0.54902409 -0.29763851 -0.33848406 25 0 1186 2.8460253 -1.1355969
69 250.0618 230.77893 0.55515172 -0.30063129 -0.33476876 25 0 629 1.3189898 -0.3006036
70 144.34246 232.14214 0.6578693 -0.26663767 -0.27117056 25 0 913 1.7570366 -0.61195205
71 472.74312 235.69302 0.56870721 -0.2112157 -0.20822643 25 0 3431 8.4501102 -2.3171559
72 233.52798 237.57383 0.58632846 -0.85998184 -0.28905466 25 0 2150 4.6380473 -1.6658379
73 345.44857 239.8647 0.56064716 -0.22332468 -0.36582763 25 0 3314 7.8439583 -2.2363382
74 415.56057 240.70846 0.54094701 -0.067917498 -0.27481133 25 0 9812 23.503992 -3.4278541
75 320.47115 242.09339 0.65320522 -0.41515233 -0.32306942 25 0 942 2.0329773 -0.77033131
76 174.05664 248.22694 0.51468484 -0.5100536 -0.39679014 25 0 594 1.2143637 -0.21087195
77 233.94011 249.33199 0.61056446 -0.45796789 -0.13700999 25 0 759 1.5859061 -0.50069364
78 424.77103 252.1973 0.58912795 -0.36966208 -0.38234534 25 0 1417 3.407265 -1.3310148
79 197.65601 265.76516 0.54406425 -0.15048558 -0.28101941 25 0 3942 9.3964135 -2.4324053
80 421.64122 265.64276 0.54284574 0.060950356 -0.18396399 25 0 5249 12.626435 -2.7532019
81 26.925505 286.30281 0.61385383 -0.34824308 -0.20002451 25 0 1292 2.9526729 -1.1755383
82 41.141972 295.43902 0.56173782 -0.32722529 0.031843125 25 0 620 1.4463215 -0.4006621
83 341.39073 298.34256 0.56756165 -0.09369273 -0.2358002 25 0 4226 9.9286432 -2.4922248
84 154.1831 299.42079 0.59594307 -0.057048841 -0.13326422 25 0 826 1.754197 -0.61019592
85 61.054001 300.37382 0.56718645 -0.15303896 -0.27183973 25 0 935 2.1291594 -0.82052042
86 32.688785 300.41455 0.47078853 0.29447371 -0.12009164 25 0 860 2.0842273 -0.79736272
87 446.91366 303.39522 0.67298689 -0.078067732 -0.060593404 25 0 552 1.2996691 -0.28458199
88 44.366992 316.09273 0.63355574 -0.40294832 -0.36037857 25 0 1105 2.371469 -0.93754363
89 276.06525 321.02937 0.53580527 -0.49805444 -0.91882115 25 0 1451 4.0292683 -1.5130655
90 187.9906 321.84953 0.46719115 0.028820722 -0.25801892 25 0 730 1.7758089 -0.62349057
91 419.54322 322.12355 0.60551137 -0.59563673 -0.44394605 25 0 738 1.8192084 -0.64970613
92 107.27256 326.55037 0.55296648 -0.052690618 -0.12772698 25 0 2479 5.692323 -1.8882238
93 0.39967147 346.10631 0.81376484 -0.17528745 0.034274541 25 0 11456 23.363257 -3.4213335
94 256.88914 345.62193 0.56484639 -0.54590478 -0.3881971 25 0 509 1.1636153 -0.16452355
95 349.3485 346.09111 0.56600877 -0.7775819 -0.28313524 25 0 427 1.0533459 -0.056427516
96 233.00023 347.1799 0.54828357 -0.38883187 -0.21750543 25 0 768 1.7397787 -0.60123504
97 46.207953 347.39292 0.61528959 -0.34170833 0.033869128 25 0 809 1.7916277 -0.63311943
98 457.80423 353.97815 0.59824136 -0.15403652 0.29614437 25 0 683 1.5933992 -0.50581146
99 329.87163 359.72875 0.56025565 -0.15865929 -0.040809799 25 0 556 1.2891501 -0.27575872
100 209.0684 363.25737 0.61321866 -0.23012828 -0.23459891 25 0 4630 10.606142 -2.5638936
101 350.94432 364.9382 0.63252583 -0.43146851 -0.22835854 25 0 943 2.1796723 -0.84597801
102 267.97597 367.33527 0.57675147 -0.42211582 -0.23939656 25 0 19167 44.805581 -4.1283303
103 383.76841 374.60493 0.54290865 -0.58115584 -0.036050161 25 0 1279 3.0997065 -1.2283015
104 195.34938 376.22253 0.56955198 -0.27977193 -0.28894532 25 0 1287 2.9314228 -1.1676961
105 247.4605 377.52223 0.54238682 0.24403789 -0.16898355 25 0 1934 4.3335025 -1.5920976
106 65.052762 378.72229 0.61130571 -0.26304617 -0.22434979 25 0 4215 9.7815973 -2.4760244
107 396.8603 378.82995 0.57586881 -0.44401166 -0.21992845 25 0 892 2.253975 -0.88237273
108 468.52416 381.10603 0.64325597 -0.58146828 -0.30903308 25 0 7483 16.94495 -3.0726007
109 335.18075 392.01123 0.59862906 -0.36504233 -0.28976943 25 0 2817 6.5663612 -2.0433119
110 44.262742 392.82451 0.64247118 -0.35203502 -0.26918508 25 0 3049 6.8327349 -2.0864864
111 113.94501 398.85753 0.62434794 -0.35803349 -0.28385628 25 0 1426 3.1634055 -1.2503872
112 424.49582 401.42908 0.59340739 -0.80962789 -0.14582644 25 0 1815 4.3471275 -1.5955059
113 453.81869 401.11359 0.66741768 -0.5398137 -0.23252122 25 0 1846 4.275911 -1.5775716
114 29.42191 403.88894 0.58513376 0.25410642 -0.29880096 25 0 460 1.0592042 -0.062449197
115 215.82062 408.98754 0.6003322 -0.31164888 -0.28340207 25 0 6524 15.245866 -2.9578802
116 346.34164 411.23145 0.57912827 -0.28931307 -0.29637471 25 0 632 1.5094569 -0.44705181
117 245.01809 416.48099 0.51872893 0.092720037 -0.1732501 25 0 532 1.2954687 -0.2810673
118 381.8843 416.27699 0.49282928 -0.24226674 -0.10010418 25 0 386 1.1416612 -0.14384314
119 242.44103 420.15655 0.59770328 -0.20785839 -0.36387423 25 0 1579 3.5865269 -1.3866852
120 74.448918 425.22747 0.67051551 -0.7287954 -0.2436664 25 0 828 1.7453828 -0.60472674
121 98.432659 426.78121 0.66456884 -0.64642196 -0.33802307 25 0 1863 3.9604659 -1.4943657
122 149.22699 444.88385 0.63711104 -0.47078695 -0.32724849 25 0 1946 4.2426653 -1.5690969
123 122.74584 445.6724 0.49817588 0.31147323 -0.12921163 25 0 786 1.8684367 -0.67869597
124 222.53819 448.36812 0.56877159 -0.067099846 -0.39017736 25 0 821 1.8713857 -0.68040824
125 481.0909 448.42214 0.34031859 -0.33662211 -0.20034067 25 0 57902 145.59262 -5.4078484
126 334.96233 450.35166 0.5803965 -0.34565573 -0.17965613 25 0 2522 6.0418395 -1.952923
127 235.47241 452.77254 0.66306096 -0.71084042 -0.210437 25 0 1015 2.1368195 -0.82441961
128 81.593456 454.5636 0.58614702 -0.63771744 -0.14125652 25 0 9936 22.58997 -3.3847891
129 467.32113 465.06856 0.65803464 -0.33623618 -0.2906031 25 0 1797 4.1853784 -1.5543368
130 301.50436 468.34191 0.66714479 -0.71031935 -0.082886315 25 0 527 1.1471382 -0.14903936
131 352.55607 473.54584 0.48961132 0.13263461 -0.24001445 25 0 793 2.0522471 -0.78057415
132 46.679262 473.97357 0.61089719 -0.36696987 -0.35733829 25 0 4710 11.035539 -2.6069838
133 139.58781 475.29478 0.66807579 -0.7483342 -0.30529422 25 0 1021 2.1146539 -0.81309823
134 417.88691 477.27699 0.44145011 -0.57042357 -0.27091352 25 0 58163 158.78709 -5.502038
135 201.39421 483.44914 0.54347008 0.024484238 -0.20604404 25 0 3553 8.5554489 -2.330607
136 333.00371 485.36528 0.67977258 -0.52142453 -0.45036158 25 0 487 1.0343172 -0.036634387
137 251.32655 486.83575 0.65109713 -0.5675546 -0.33719714 25 0 2725 6.0505425 -1.9544858
138 328.561 492.10622 0.64507143 -0.38501828 -0.44790412 25 0 415 1.005451 -0.0059022325
139 129.42645 492.67863 0.6692056 -0.43588359 -0.31735071 25 0 758 1.5352447 -0.465444
140 54.510858 497.85276 0.6632586 -0.23801324 -0.30960905 25 0 978 2.1250761 -0.81843622
