id xcentroid ycentroid sharpness roundness1 roundness2 npix sky peak flux mag
1 295.17597 7.5784767 0.53858907 0.32059756 -0.2216309 25 0 571 1.7175024 -0.5872434
2 426.59759 10.781685 0.53730145 0.15132749 -0.36398465 25 0 373 1.5833546 -0.49894547
3 107.0572 14.650875 0.61492621 0.10517172 -0.19111102 25 0 432 1.4118698 -0.37448663
4 332.56226 16.06256 0.56257994 -0.21623344 -0.35546547 25 0 722 2.3596812 -0.93213334
5 22.178145 16.606841 0.63686124 -0.13036494 -0.1184833 25 0 13918 38.915127 -3.9752961
6 406.11358 19.299549 0.64715174 0.17542069 -0.19037953 25 0 680 2.2137611 -0.86282689
7 465.2105 19.24696 0.70412282 0.17015009 -0.21555009 25 0 29171 76.203841 -4.7049422
8 210.58236 34.32527 0.46880429 0.061106854 -0.47251638 25 0 268 1.0145103 -0.015641159
9 351.86788 37.580743 0.37178477 0.15089092 -0.060545929 25 0 340 1.349685 -0.32558102
10 451.38858 37.901397 0.64878676 0.018730486 -0.43984926 25 0 311 1.2676269 -0.25747864
11 124.77415 40.222041 0.63132539 -0.31461368 -0.50751226 25 0 403 1.1804067 -0.1800792
12 111.42028 44.354371 0.70191666 0.34535113 -0.18153856 25 0 628 1.6989315 -0.5754397
13 184.35145 45.598954 0.54709128 0.19902706 -0.14570892 25 0 985 2.8274731 -1.1284962
14 203.76828 46.33073 0.57889211 -0.1880346 -0.2870329 25 0 2139 6.1159538 -1.9661605
15 344.3523 47.598735 0.61763413 0.40123491 -0.1684315 25 0 448 1.3378453 -0.31601472
16 322.26499 48.461818 0.39062722 0.27701753 -0.32857236 25 0 58356 186.97779 -5.6794751
17 64.279481 48.459444 0.43343439 -0.11206467 -0.12003809 25 0 349 1.3644626 -0.33740409
18 109.10782 50.421332 0.54838882 -0.019861086 -0.046355067 25 0 4399 12.938463 -2.7797067
19 152.12174 51.106562 0.63352311 0.19623591 -0.23622605 25 0 405 1.1233441 -0.12628206
20 397.83337 51.991479 0.62941223 -0.10142804 -0.43574415 25 0 1061 3.2019014 -1.2635199
21 231.3443 56.224351 0.71115097 -0.26413026 -0.2071205 25 0 389 1.0746375 -0.078154981
22 244.72966 57.387491 0.44216754 0.39511368 -0.057367 25 0 303 1.0019287 -0.0020920374
23 468.33419 58.048625 0.70273608 0.069010023 -0.26013521 25 0 884 2.6343032 -1.0516644
24 291.97241 58.909153 0.62071337 -0.13453645 -0.40974488 25 0 1697 4.8857851 -1.7223359
25 441.025 65.664591 0.57137408 -0.052829956 -0.21134922 25 0 1332 4.2074458 -1.5600463
26 499.47817 67.924474 0.73689454 -0.23311846 -0.32602808 25 0 3538 9.1372264 -2.402036
27 29.160614 71.510629 0.55251566 -0.02170242 -0.017894006 25 0 503 1.7388067 -0.60062829
28 52.416374 71.258267 0.78283082 -0.16258761 -0.30524922 25 0 497 1.333284 -0.31230663
29 430.51178 72.519581 0.53190255 -0.40481075 -0.265378 25 0 1187 3.6233233 -1.3977677
30 110.21946 73.29029 0.67964894 0.11607566 -0.45324339 25 0 445 1.1387171 -0.14103956
31 469.21772 73.287903 0.7459448 0.61809796 -0.15173374 25 0 376 1.2507369 -0.24291491
32 415.78881 74.153336 0.61405792 -0.014645693 -0.31417418 25 0 548 1.7685963 -0.61907177
33 53.439369 76.408455 0.61791741 0.22899697 -0.21658879 25 0 1536 4.4081569 -1.6106426
34 466.37535 81.069419 0.74376974 0.0011210952 -0.3271765 25 0 1006 2.7304596 -1.0905894
35 348.3065 85.086513 0.70643644 0.022334807 -0.31536357 25 0 3871 10.008932 -2.5009694
36 117.47274 88.32149 0.71075322 0.18274593 -0.17975877 25 0 507 1.1663886 -0.16710815
37 89.341014 91.947482 0.41839462 -0.63556506 -0.81120065 25 0 523 1.6777609 -0.56182517
38 488.77351 91.998381 0.63796696 -0.042988977 -0.32373643 25 0 22717 63.548726 -4.5077671
39 152.58429 98.779366 0.55303629 0.3448453 -0.10990144 25 0 493 1.3299713 -0.30960569
40 281.32457 99.385291 0.66258208 -0.1279171 -0.24583387 25 0 1392 3.6464183 -1.4046662
41 285.34312 101.08036 0.67141353 -0.1960084 -0.46306968 25 0 1617 4.140419 -1.5426107
42 183.56202 102.15464 0.61114546 -0.28459776 -0.42700823 25 0 1693 4.474776 -1.6269282
43 51.290341 106.2799 0.69353269 0.026684755 -0.24991536 25 0 4754 12.449374 -2.7378688
44 113.50676 105.9324 0.76103659 -0.19618629 -0.56210873 25 0 505 1.1272986 -0.13009744
45 449.23215 105.97295 0.50263505 -0.221134 -0.64207942 25 0 313 1.3193922 -0.30093476
46 294.19521 108.04157 0.77397068 0.23765194 -0.089785419 25 0 522 1.2638398 -0.25423009
47 506.78163 108.52935 0.60558611 -0.058639188 -0.1271016 25 0 1758 5.0347346 -1.7549415
48 487.08212 111.93916 0.68454665 -0.0081880323 -0.20149161 25 0 2327 6.4119465 -2.0174747
49 330.02036 117.55768 0.54409495 0.031847608 -0.087124613 25 0 539 1.5454038 -0.47260495
50 216.55852 119.45274 0.57405247 -0.44485006 -0.24178453 25 0 14772 40.98105 -4.0314577
51 234.13197 119.50077 0.52432271 0.21136902 -0.021504622 25 0 930 2.725333 -1.0885489
52 244.10491 120.9152 0.60185848 -0.079293784 -0.28409227 25 0 2017 5.6540782 -1.8809045
53 300.71644 120.55781 0.45871454 0.28912759 -0.30457479 25 0 971 2.9979978 -1.1920783
54 446.01528 122.35013 0.60486344 0.35653222 -0.03591546 25 0 443 1.5488786 -0.47504342
55 95.678526 122.98465 0.57247328 0.077508247 -0.27274345 25 0 579 1.6646354 -0.5532978
56 196.1944 122.45225 0.59576964 -0.35418908 -0.17559911 25 0 537 1.3075037 -0.29110727
57 48.402549 124.43908 0.60261461 -0.71387963 -0.39297353 25 0 457 1.2562801 -0.24771618
58 149.90552 124.06998 0.5396359 -0.56984392 -0.62590079 25 0 448 1.1685403 -0.16910927
59 148.08668 126.07728 0.65454425 -0.18631725 -0.35915055 25 0 2310 6.1671074 -1.9752038
60 476.04799 126.45165 0.76973239 -0.27586394 0.061065172 25 0 540 1.6170366 -0.52179963
61 171.99573 131.44019 0.50537535 0.19587874 -0.13213456 25 0 1515 4.3769413 -1.6029268
62 3.303042 132.96615 0.69752557 -0.094765016 -0.28047502 25 0 1505 4.0997116 -1.5318833
63 249.36812 134.75768 0.67051374 0.13982078 -0.24797352 25 0 617 1.5329 -0.46378454
64 391.8533 143.03964 0.6233685 -0.082829844 -0.34488645 25 0 13194 37.195666 -3.9262309
65 10.525929 149.28441 0.69620082 -0.030712503 -0.36548391 25 0 807 2.1848412 -0.84854971
66 294.65489 148.61163 0.50336083 0.23311587 -0.26913511 25 0 2543 7.7338461 -2.2209888
67 480.0766 155.0333 0.68210203 -0.040125492 -0.26672103 25 0 8893 24.123652 -3.4561076
68 93.350741 162.73086 0.72898105 -0.066491631 -0.28849341 25 0 538 1.1936324 -0.19217651
69 381.76113 164.53031 0.4889918 0.27483391 -0.21439111 25 0 40118 123.32573 -5.2276343
70 202.26326 168.40108 0.57389937 0.24779463 -0.22730203 25 0 528 1.2961558 -0.28164299
71 421.0856 168.02984 0.6417547 0.010245352 -0.24685843 25 0 551 1.7040549 -0.57870898
72 149.2447 171.95649 0.6733668 -0.1503684 -0.36091369 25 0 742 1.8104276 -0.6444529
73 29.230488 175.3916 0.52525428 -0.12706598 0.1705786 25 0 349 1.1429273 -0.14504656
74 474.0789 176.40062 0.62470602 0.10898805 -0.13529501 25 0 6363 17.849935 -3.1290916
75 221.86562 176.93659 0.58929156 0.016903225 -0.33236092 25 0 1918 5.2740129 -1.805353
76 342.20586 176.84517 0.65497474 -0.16738907 -0.24701743 25 0 564 1.4158648 -0.37755443
77 160.06275 177.5108 0.4845174 0.26775968 -0.11841824 25 0 848 2.5376922 -1.0110974
78 409.222 179.09397 0.61790695 -0.026386732 -0.34209489 25 0 331 1.054736 -0.057859426
79 148.51227 180.20199 0.70941167 0.19251149 -0.33943075 25 0 1782 4.3604918 -1.5988387
80 12.526527 186.02738 0.6830507 -0.099556664 -0.37525906 25 0 831 2.1809005 -0.84658964
81 110.73048 186.19392 0.65508472 0.018037511 -0.25303318 25 0 1931 4.8858527 -1.7223509
82 416.98287 185.63961 0.53160294 -0.04723848 -0.25128873 25 0 2452 7.4360856 -2.178361
83 478.60404 187.48118 0.55444234 -0.31948435 -0.14830627 25 0 490 1.5987752 -0.50946847
84 406.74992 187.95564 0.58199199 -0.15701381 -0.48981335 25 0 570 1.7183969 -0.58780868
85 222.54628 189.11986 0.59626431 -0.30069011 -0.39836015 25 0 1046 2.6707419 -1.0665798
86 417.39266 190.6604 0.67118368 -0.33535293 -0.19372834 25 0 864 2.3648235 -0.93449685
87 185.1524 191.74085 0.52669112 -0.20125331 -0.44350002 25 0 754 2.1304676 -0.82118735
88 67.383325 192.66754 0.65655354 -0.31424312 -0.18221263 25 0 40604 108.42204 -5.0877939
89 117.05077 194.02385 0.67876222 -0.44646077 -0.15430799 25 0 527 1.2150752 -0.21150793
90 450.69319 202.54861 0.53884878 0.1177701 -0.17738946 25 0 449 1.5111344 -0.44825776
91 377.73151 204.30192 0.51829136 0.2222091 0.07843841 25 0 321 1.0632242 -0.066562106
92 163.84965 204.69848 0.45094192 0.036929446 -0.25996748 25 0 590 1.7386144 -0.60050818
93 194.55576 205.99701 0.61793963 -0.77772115 -0.20582752 25 0 431 1.0487163 -0.051645015
94 504.52997 206.3398 0.65093924 -0.59420714 -0.27077124 25 0 1490 4.1314928 -1.5402675
95 62.428169 206.81016 0.81289787 -0.5059918 -0.40616499 25 0 686 1.5046849 -0.4436139
96 465.25505 208.61595 0.54304755 -0.42263312 -0.28208557 25 0 491 1.7094736 -0.58215603
97 498.50659 212.31749 0.62953592 -0.39873881 -0.28235311 25 0 2933 8.0897598 -2.2698391
98 8.5015814 215.65816 0.62470376 0.39486348 -0.086088633 25 0 428 1.1342352 -0.13675781
99 10.628119 217.03242 0.36471772 0.79954183 0.29730496 25 0 324 1.1843796 -0.18372733
100 421.51708 218.45363 0.61758448 -0.48613396 -0.08366276 25 0 874 2.3882144 -0.94518328
101 322.21107 220.57359 0.5024036 -0.071343409 -0.16047234 25 0 1345 4.133349 -1.5407552
102 252.31077 222.52729 0.65182989 -0.14983056 -0.13966439 25 0 768 1.8023988 -0.6396272
103 146.41399 223.99722 0.57472985 -0.087766291 -0.46864531 25 0 1013 2.7495495 -1.0981538
104 475.22295 227.26068 0.64719485 0.087503712 -0.23082235 25 0 4809 13.322142 -2.8114351
105 235.64215 229.35055 0.62758039 -0.34275736 -0.3007729 25 0 2799 7.273367 -2.1543388
106 347.89538 231.56849 0.50284148 0.086233281 -0.20062803 25 0 3733 11.409465 -2.6431632
107 418.05241 232.36183 0.61231852 0.00071084713 -0.19826016 25 0 13594 37.861519 -3.9454951
108 322.88496 233.91974 0.57835118 -0.14298396 -0.36069037 25 0 1117 3.2189683 -1.2692917
109 176.26983 240.03464 0.66361023 -0.026215916 -0.33670043 25 0 869 2.1258278 -0.81882023
110 236.25233 241.0726 0.69951499 -0.082800981 -0.31557396 25 0 953 2.3214523 -0.91439942
111 26.736895 244.20078 0.68906475 -0.201435 -0.36447127 25 0 483 1.2892378 -0.27583254
112 427.23396 243.86504 0.66124611 0.024878269 -0.26123623 25 0 2040 5.548732 -1.8604844
113 424.11422 257.29601 0.60773823 0.01098914 -0.25011112 25 0 7302 20.578281 -3.2835228
114 199.89012 257.57448 0.50274916 0.085627472 -0.21625031 25 0 4241 12.761132 -2.764723
115 261.93708 260.08155 0.6385092 0.090968765 -0.4731044 25 0 484 1.1081926 -0.11153811
116 29.145277 278.25819 0.69709258 0.23789627 -0.15362203 25 0 1738 4.592815 -1.6551974
117 43.358958 287.47128 0.63618715 0.64115863 -0.044989784 25 0 762 1.9906245 -0.74747338
118 211.46617 286.14397 0.64302414 -0.47508115 0.28785555 25 0 443 1.0310325 -0.033180885
119 343.61356 290.02477 0.59863575 -0.19910868 -0.40943495 25 0 5385 15.298362 -2.9616123
120 156.42041 291.24876 0.70372666 0.15514442 -0.34728182 25 0 1050 2.4621863 -0.97830226
121 34.92678 292.44171 0.59806675 0.23628625 -0.097458632 25 0 1277 3.5023654 -1.3609036
122 63.219229 292.25634 0.69106347 0.046324518 -0.19511889 25 0 1337 3.388916 -1.325152
123 318.0727 294.85108 0.57970906 -0.33655365 -0.059452212 25 0 398 1.0877634 -0.091336139
124 449.22061 294.99309 0.71505237 -0.20106573 -0.30649257 25 0 863 2.4237303 -0.96121071
125 132.18799 301.95647 0.69561409 -0.026928862 -0.23163415 25 0 619 1.4934812 -0.43549943
126 46.578541 307.96747 0.66835636 -0.15114733 -0.35910009 25 0 1478 3.917609 -1.4825527
127 394.66567 308.18389 0.78987725 -0.21369417 -0.39170236 25 0 462 1.1364788 -0.1389033
128 190.2087 313.68675 0.6689965 -0.14777876 -0.24341646 25 0 900 2.1026236 -0.80690382
129 422.00567 313.87919 0.58728004 0.31844023 -0.1184822 25 0 980 2.9669056 -1.1807593
130 109.37432 318.30258 0.67787622 0.23838366 -0.27227606 25 0 3684 9.4940947 -2.4436339
131 31.56887 322.17424 0.82853494 -0.14190414 -0.41413519 25 0 514 1.1902064 -0.18905572
132 301.66163 330.19461 0.5597607 -0.40304335 -0.46902145 25 0 555 1.4882927 -0.43172084
133 259.07077 337.54209 0.53348557 0.11665122 -0.16338693 25 0 512 1.4070705 -0.37078965
134 2.1875332 338.0703 0.74861709 -0.0028980093 -0.23856303 25 0 15486 39.365879 -3.9877999
135 351.85927 337.96644 0.68068843 0.14755063 -0.33104413 25 0 543 1.3908747 -0.35822004
136 48.570104 339.3297 0.70182851 -0.030607203 -0.15285709 25 0 1075 2.674191 -1.0679811
137 235.33022 338.99539 0.6654502 -0.15878183 -0.40936105 25 0 980 2.471186 -0.98226358
138 460.19987 345.58507 0.3661111 0.35302261 0.40815789 25 0 554 1.9057026 -0.7001378
139 332.18514 351.62046 0.54275402 0.16000751 -0.21912962 25 0 604 1.7793716 -0.62566664
140 211.40468 355.01528 0.71742459 -0.12385005 -0.37794125 25 0 6095 15.245912 -2.9578835
141 353.37802 356.58312 0.66674094 -0.42648595 -0.14420033 25 0 992 2.562114 -1.0214961
142 270.33129 359.09004 0.67016825 -0.12163625 -0.38476757 25 0 27715 73.361564 -4.6636715
143 386.13101 366.2497 0.64616841 0.041062378 -0.28186782 25 0 1870 5.1114662 -1.7713637
144 197.48164 368.03669 0.62251308 -0.13287763 -0.50849526 25 0 1594 4.2026832 -1.5588166
145 249.67895 369.27804 0.61426011 -0.37522875 -0.35706404 25 0 2743 7.4440373 -2.1795213
146 67.259671 370.54074 0.61615416 -0.140457 -0.091662184 25 0 4823 13.257908 -2.8061875
147 110.4099 371.3397 0.645382 0.1421183 -0.3638444 25 0 554 1.4693686 -0.4178269
148 399.31683 370.58193 0.65529667 -0.39515679 -0.32666164 25 0 1032 2.8214584 -1.1261841
149 471.02254 372.77572 0.62228083 -0.11052113 -0.23804172 25 0 8893 25.292526 -3.5074805
150 337.47952 383.80906 0.59640673 0.035217108 -0.42641269 25 0 3117 8.6871073 -2.347188
151 46.50113 384.71572 0.69235231 -0.35346973 -0.27649662 25 0 3668 9.2944663 -2.4205611
152 92.297285 386.31594 0.58752602 -0.14501978 -0.22422626 25 0 559 1.4361167 -0.39297432
153 199.06045 388.01211 0.54726874 -0.34196974 -0.28322851 25 0 642 1.9369441 -0.71779274
154 116.19547 390.73777 0.661514 -0.22857791 -0.24375406 25 0 1647 4.3721526 -1.6017383
155 426.93145 393.12248 0.62483682 -0.21667536 -0.32690637 25 0 2526 7.2950593 -2.1575721
156 456.30799 392.75094 0.66132299 -0.42218652 -0.25971927 25 0 2081 5.7941668 -1.9074775
157 31.749961 395.64877 0.5968922 0.41808302 -0.091104742 25 0 562 1.5581895 -0.48155071
158 218.21086 400.82284 0.66906506 -0.19586475 -0.27727275 25 0 8550 22.756857 -3.3927807
159 348.67524 402.90113 0.60105443 0.036633917 -0.38361289 25 0 662 1.9278755 -0.71269747
160 247.42247 408.39192 0.63570121 0.67975479 -0.19649073 25 0 679 1.815175 -0.64729627
161 384.11805 408.04931 0.77527715 -0.087541266 -0.32100483 25 0 617 1.5496792 -0.47560448
162 244.67514 412.0235 0.64031045 -0.14438789 -0.38433938 25 0 2048 5.5023534 -1.8513712
163 466.06877 412.55624 0.66308542 0.48395762 0.16048239 25 0 372 1.1305964 -0.13326898
164 76.618934 417.20277 0.57622428 0.00871295 -0.25763626 25 0 931 2.7417453 -1.0950678
165 100.69976 418.67201 0.58997068 0.32177035 -0.24247242 25 0 2089 5.8196243 -1.9122374
166 276.59881 429.0525 0.64729542 -0.79028216 -0.5566206 25 0 435 1.2291947 -0.22405174
167 186.25792 435.61287 0.63223828 -0.20785517 -0.042809749 25 0 420 1.1679646 -0.16857417
168 151.50071 436.7924 0.73534254 -0.41809374 -0.32623381 25 0 2441 5.8912085 -1.925511
169 125.02887 437.65151 0.60396293 0.13482822 -0.20867295 25 0 1048 2.8001672 -1.1179599
170 373.78328 437.8688 0.74245249 -0.057847597 -0.41765851 25 0 389 1.1855596 -0.1848085
171 224.72446 440.19049 0.65609262 -0.23764922 -0.39129558 25 0 1125 2.9862543 -1.187817
172 483.68676 440.14402 0.28368749 -0.22684799 -0.30367729 25 0 58380 186.44615 -5.6763836
173 337.32005 442.11467 0.70615801 -0.019172744 -0.34916749 25 0 3578 9.2775628 -2.4185848
174 237.75874 444.65347 0.63948966 0.061078948 -0.20048564 25 0 1103 2.924261 -1.1650403
175 83.848824 446.45665 0.59230925 -0.034622332 -0.14432062 25 0 13026 36.941877 -3.9187974
176 469.00857 447.28271 0.63397617 -0.56767283 -0.18705328 25 0 290 1.0114804 -0.012393726
177 204.74667 454.01638 0.61078092 0.13600723 -0.22725376 25 0 341 1.0051152 -0.0055395769
178 469.55123 456.70449 0.63685104 0.22726095 -0.44529985 25 0 2110 6.1355992 -1.9696425
179 372.10996 459.05671 0.65603505 0.27033753 -0.26080102 25 0 438 1.4206723 -0.38123481
180 303.63432 460.31204 0.62673018 -0.31777712 -0.19326923 25 0 627 1.761928 -0.61497038
181 427.82597 461.40968 0.62331485 -0.46804028 -0.23117885 25 0 314 1.0266027 -0.028506042
182 354.86955 465.22501 0.6158989 -0.27950279 -0.32932856 25 0 1270 3.6812517 -1.4149888
183 48.993556 465.9748 0.72990727 -0.023583747 -0.28509639 25 0 7054 18.305093 -3.1564298
184 141.89391 467.18045 0.65163845 0.043071918 -0.27255963 25 0 1231 3.2953969 -1.2947693
185 420.28607 468.85456 0.4824526 -0.32278037 -0.38530842 25 0 58470 177.72207 -5.6243534
186 38.15767 471.09085 0.6300388 -0.48287791 -0.46746478 25 0 335 1.0359656 -0.038363378
187 203.57582 475.30385 0.59732412 -0.33158995 -0.31530682 25 0 4538 12.749406 -2.7637249
188 335.31441 477.17608 0.6794578 -0.1510155 -0.2977117 25 0 633 1.7448112 -0.60437108
189 421.62106 476.69362 0.60284078 0.15184966 -0.22190068 25 0 382 1.10201 -0.10546382
190 106.83752 479.1108 0.62865542 0.016321162 -0.28663748 25 0 514 1.418061 -0.37923732
191 253.78843 478.69196 0.56853482 0.070992398 -0.26761792 25 0 2887 8.5213967 -2.326277
192 331.23115 483.99361 0.70269543 -0.27712992 -0.28004535 25 0 500 1.3831996 -0.35221212
193 131.66215 484.60508 0.5215697 0.23190735 -0.19514545 25 0 761 2.2964246 -0.90263046
194 56.630855 489.90175 0.66810565 0.013720724 -0.35999574 25 0 1232 3.4252386 -1.3367271
195 232.72903 499.7772 0.68991226 0.09924285 -0.3986484 25 0 465 1.2336738 -0.22800083
196 59.964334 504.8904 0.68986565 0.0072983934 -0.24059959 25 0 377 1.0332856 -0.035550988
197 108.8417 506.50368 0.58346094 0.043426057 -0.060062976 25 0 513 1.308159 -0.29165131
198 154.09236 506.80927 0.73213626 -0.36561752 -0.50337617 25 0 560 1.3267833 -0.30699996
199 109.75659 510.267 0.6729219 0.11863062 -0.46081389 25 0 820 2.0249264 -0.7660231
