id xcentroid ycentroid sharpness roundness1 roundness2 npix sky peak flux mag
1 507.93265 1.722292 0.6128758 -0.0097185048 -0.34830967 25 0 218 1.1206874 -0.12371119
2 296.99617 7.4810533 0.48643684 0.044422861 -0.21384925 25 0 568 1.9556496 -0.72822761
3 306.08028 9.9815874 0.71391585 -0.20830919 -0.27660789 25 0 554 1.6902549 -0.56988051
4 428.52831 10.909659 0.68577776 0.020287278 -0.30508044 25 0 482 1.5399438 -0.46876217
5 108.84903 14.813891 0.63622984 0.0095731523 -0.22003811 25 0 465 1.4512648 -0.40436667
6 334.38775 16.241609 0.64688448 -0.34982832 -0.3722701 25 0 724 2.1268873 -0.8193612
7 24.119304 16.786353 0.66615876 -0.14328236 -0.15191665 25 0 15065 41.966463 -4.0572559
8 407.92705 19.327149 0.64336828 -0.06095464 -0.21872397 25 0 677 2.2245171 -0.86808935
9 467.10279 19.272147 0.70850985 0.10550028 -0.11641842 25 0 30395 80.492817 -4.7643928
10 353.74603 37.588466 0.59623556 0.16620859 -0.18558795 25 0 456 1.4184883 -0.37956441
11 453.2007 37.89635 0.75025057 0.15006299 -0.058535089 25 0 378 1.2467166 -0.23941937
12 126.41845 40.22263 0.58594382 -0.6130852 -0.16950985 25 0 416 1.2575587 -0.2488207
13 113.45049 44.446932 0.61764215 -0.74812657 -0.2009063 25 0 462 1.2762305 -0.26482283
14 186.12323 45.464806 0.52224984 0.024784531 -0.10841468 25 0 1017 3.1182265 -1.2347692
15 205.56694 46.374021 0.60883461 -0.57517869 -0.23320411 25 0 2098 5.754801 -1.9000758
16 324.05797 48.581826 0.36123822 0.045575565 -0.18462695 25 0 58832 192.9145 -5.7134122
17 346.33786 47.659655 0.47293848 -0.49924256 -0.28698644 25 0 391 1.3690132 -0.34101908
18 66.032885 48.49638 0.61140599 0.027207981 0.00044659728 25 0 518 1.620014 -0.52379691
19 111.026 50.528102 0.55026586 -0.017738317 -0.092593957 25 0 4454 13.283245 -2.8082604
20 153.93709 51.276497 0.67728731 -0.075562182 -0.51620998 25 0 377 1.0001519 -0.00016492947
21 399.75698 52.058757 0.63434566 -0.055077175 -0.33085091 25 0 1014 3.0064509 -1.1951353
22 470.19149 58.048749 0.77473078 -0.053811508 -0.1470138 25 0 1009 2.8157301 -1.1239775
23 293.80181 59.014474 0.65384464 -0.038925481 -0.2440258 25 0 1792 4.9056925 -1.7267508
24 442.8921 65.686296 0.59231819 0.29587471 -0.17598983 25 0 1434 4.4877329 -1.6300675
25 501.32624 67.956469 0.69064765 -0.083539338 -0.19998363 25 0 3632 10.242562 -2.5260215
26 54.135771 71.304017 0.6868653 -0.050366737 -0.23956162 25 0 462 1.3219165 -0.30301003
27 31.191565 71.624562 0.5180566 -0.13660452 -0.023283284 25 0 455 1.5557686 -0.47986252
28 169.18829 71.946133 0.50142357 -0.26876047 -0.32163742 25 0 359 1.167537 -0.16817659
29 112.03627 73.4307 0.57473942 -0.53456499 -0.34309822 25 0 404 1.2077265 -0.2049215
30 432.43615 72.523621 0.59244852 -0.41458008 -0.014304595 25 0 1351 3.9612589 -1.4945831
31 471.15119 73.163351 0.68643575 -0.035206101 -0.029217003 25 0 409 1.4050745 -0.36924839
32 417.58645 74.282821 0.63456426 -0.5218523 -0.33539638 25 0 529 1.5953371 -0.50713116
33 55.348017 76.598143 0.61055146 0.29693894 -0.02691209 25 0 1410 3.9899091 -1.5024075
34 468.31165 81.159975 0.69715253 0.31931949 -0.11757344 25 0 1064 3.0688975 -1.217456
35 350.18936 85.158134 0.68901348 0.0079430743 -0.18159209 25 0 3903 10.520069 -2.5550464
36 119.41183 88.363386 0.65081819 0.29714799 -0.16496886 25 0 494 1.3098102 -0.29302094
37 91.526314 91.959297 0.61774898 0.094642117 -0.21253846 25 0 610 1.739173 -0.60085698
38 144.25385 92.126349 0.55029072 0.15051342 -0.21977856 25 0 400 1.2069926 -0.20426156
39 490.58311 92.054 0.62171907 -0.15760589 -0.25875041 25 0 21274 60.526062 -4.4548561
40 154.62652 98.852775 0.58436059 -0.36792591 -0.19945656 25 0 510 1.401822 -0.36673221
41 283.23396 99.509987 0.57342283 -0.019908171 -0.10684489 25 0 1209 3.4120633 -1.3325427
42 287.20005 101.21485 0.62283567 -0.1475718 -0.27316919 25 0 1562 4.2801748 -1.5786538
43 185.45134 102.27163 0.64474613 0.097694279 -0.27236681 25 0 1771 4.7085978 -1.682229
44 53.298615 106.31509 0.65143994 0.061380298 -0.21826319 25 0 4493 12.254942 -2.7207781
45 115.30452 105.94017 0.5024475 0.12493446 -0.2817972 25 0 405 1.2505947 -0.24279145
46 451.21967 106.02664 0.60520662 0.37327135 -0.20534463 25 0 354 1.2624335 -0.25302131
47 508.62065 108.45365 0.49620243 0.48333793 0.012242727 25 0 1577 5.1550245 -1.7805768
48 488.87966 112.01618 0.68968134 -0.073089781 -0.16030558 25 0 2344 6.5560417 -2.0416043
49 331.79634 117.50151 0.52665332 0.22217779 -0.15457549 25 0 529 1.6002926 -0.51049852
50 218.58149 119.59578 0.56418072 0.54490634 -0.14990394 25 0 13656 38.041082 -3.9506322
51 235.92458 119.56723 0.60355777 -0.0037236675 0.0072521671 25 0 1072 2.8841237 -1.1500347
52 245.98561 121.00376 0.58886505 -0.24424823 -0.26739506 25 0 1981 5.7152096 -1.8925804
53 302.5349 120.63483 0.54113369 0.358301 -0.16876552 25 0 1084 3.0876477 -1.2240694
54 447.87893 122.35358 0.61035633 -0.19529121 -0.022603524 25 0 403 1.3376002 -0.31581579
55 97.663038 123.18931 0.67306039 0.17076757 -0.13404468 25 0 564 1.416613 -0.37812806
56 198.11877 122.68035 0.52607741 0.0096047044 -0.23287233 25 0 500 1.3695984 -0.34148307
57 152.07568 124.07907 0.60586796 -0.43628014 -0.53810189 25 0 518 1.3234583 -0.30427563
58 50.348241 124.51586 0.59320593 -0.58157441 -0.26061206 25 0 423 1.1339472 -0.13648213
59 149.97179 126.13866 0.63905609 -0.32081886 -0.29245619 25 0 2269 6.2323451 -1.9866287
60 173.81224 131.5692 0.49723422 0.10121996 -0.12398671 25 0 1544 4.6330629 -1.6646705
61 5.2928167 133.06148 0.68380113 -0.14341088 -0.18356141 25 0 1399 3.8772585 -1.4713119
62 251.13412 134.83395 0.54174889 -0.053646171 -0.56864719 25 0 454 1.1914927 -0.19022846
63 393.69635 143.08535 0.61376002 -0.13709021 -0.25238073 25 0 12544 35.885085 -3.8872849
64 296.5394 148.60543 0.53634549 0.25421543 -0.16415889 25 0 2638 7.7023034 -2.2165515
65 12.627873 149.37387 0.68963758 0.39128894 0.035361934 25 0 781 2.1063927 -0.80884833
66 481.9399 155.09956 0.66157006 -0.055899527 -0.17636438 25 0 8597 24.008082 -3.4508937
67 95.348697 162.88487 0.60082887 -0.21704305 -0.071059122 25 0 496 1.3047336 -0.28880463
68 383.65393 164.6253 0.53130136 0.22643147 -0.17394997 25 0 44065 132.4584 -5.3051988
69 422.85105 168.09288 0.64715118 -0.037637746 -0.18812055 25 0 558 1.7173615 -0.58715432
70 204.238 168.47928 0.48110127 -0.37232996 -0.11179641 25 0 486 1.362976 -0.33622049
71 151.36603 171.94016 0.58193589 -0.44705305 -0.50912178 25 0 626 1.6100144 -0.5170744
72 476.01498 176.47184 0.63548176 0.031998355 -0.00094582459 25 0 6387 17.838198 -3.1283774
73 223.77567 177.03127 0.6207556 -0.13063567 -0.24482634 25 0 1972 5.3045438 -1.8116201
74 344.09309 176.81932 0.44803261 -0.18423834 -0.19028115 25 0 482 1.7031094 -0.57810637
75 161.93947 177.62623 0.53359606 -0.19495051 -0.29495924 25 0 871 2.4112764 -0.95561747
76 411.3968 178.96776 0.72972998 0.020958156 -0.44734702 25 0 413 1.142534 -0.14467284
77 150.50886 180.35846 0.62208305 0.21216113 -0.25668465 25 0 1610 4.2353393 -1.5672205
78 14.482404 186.20423 0.65623765 -0.4786956 -0.39148502 25 0 779 2.1355822 -0.82379072
79 112.78778 186.31928 0.62962376 -0.037022687 -0.12614576 25 0 1930 5.1456999 -1.7786111
80 418.88292 185.65393 0.54958773 -0.022068487 -0.12224301 25 0 2507 7.692283 -2.2151381
81 480.61136 187.60074 0.56175636 -0.80436713 -0.0713 25 0 548 1.8340037 -0.65850053
82 408.78382 187.94835 0.5948544 -0.074222035 -0.16307057 25 0 667 2.0917903 -0.80129537
83 224.50176 189.24735 0.60250233 -0.32648241 -0.22959182 25 0 1089 2.8081222 -1.12104
84 419.35613 190.71237 0.58142207 -0.59974094 -0.27450215 25 0 858 2.6616825 -1.0628906
85 187.07393 191.87651 0.5234555 -0.059323015 -0.19445676 25 0 766 2.1905214 -0.85136874
86 69.373716 192.79729 0.65257443 -0.25258469 -0.20942069 25 0 41920 115.09311 -5.1526233
87 119.0202 194.14549 0.64569814 -0.16908816 -0.045200248 25 0 537 1.33209 -0.31133391
88 452.71741 202.54079 0.53703148 0.5770144 -0.087364509 25 0 462 1.5829339 -0.49865693
89 165.80422 204.73722 0.50498288 0.10008223 -0.25838547 25 0 580 1.6553183 -0.54720378
90 196.33112 205.88373 0.6907237 0.29607177 -0.12451115 25 0 504 1.1642918 -0.16515461
91 506.52271 206.27519 0.65926177 0.23171431 -0.27826904 25 0 1543 4.4591624 -1.6231332
92 64.465484 206.87024 0.65165445 -0.1894691 -0.19079273 25 0 706 1.9109748 -0.70313741
93 467.08339 208.78444 0.57352166 0.058641223 -0.034941926 25 0 576 1.9622163 -0.7318672
94 500.51681 212.34616 0.64649414 0.3363568 -0.21317838 25 0 2915 8.0451401 -2.263834
95 10.169898 216.13796 0.59795554 0.54852743 -0.33412729 25 0 438 1.3057342 -0.28963693
96 12.514742 217.30819 0.48232562 0.35868201 -0.32299674 25 0 324 1.0704659 -0.073932063
97 423.37709 218.46429 0.5457441 -0.35147726 -0.061669376 25 0 867 2.6350734 -1.0519818
98 324.04927 220.68109 0.55864077 -0.17693869 -0.14045452 25 0 1374 3.9556523 -1.4930453
99 254.23163 222.67118 0.5246175 -0.12651189 -0.12741574 25 0 720 2.0298988 -0.76868595
100 148.60233 224.02167 0.66723032 -0.061637974 -0.34501488 25 0 1100 2.7210443 -1.086839
101 477.18115 227.27397 0.64641089 0.083323339 -0.13052602 25 0 4735 13.284888 -2.8083947
102 237.52575 229.50244 0.56101196 -0.57565484 -0.17848964 25 0 2480 6.7936242 -2.0802538
103 349.79386 231.60105 0.50721609 0.10762994 -0.13665123 25 0 3827 12.022661 -2.7000015
104 419.95811 232.37695 0.62468127 -0.10784292 -0.12185783 25 0 13950 38.946799 -3.9761794
105 324.80828 233.91281 0.56819993 -0.21414569 -0.33765218 25 0 1045 3.0279007 -1.2028541
106 178.2794 240.12339 0.61069918 -0.16913778 -0.46719547 25 0 772 1.9752866 -0.73907531
107 238.23927 241.14932 0.56624287 -0.059772053 -0.30993846 25 0 836 2.4426555 -0.96965557
108 429.15925 243.91216 0.6449781 -0.05089014 -0.18425846 25 0 2080 5.8811117 -1.9236486
109 426.01847 257.34063 0.63566681 -0.039979433 -0.13069984 25 0 7546 20.875027 -3.2990676
110 201.785 257.67647 0.52316192 0.078620716 -0.17478041 25 0 4448 13.416992 -2.8191379
111 263.6651 260.1126 0.63183971 0.21397391 -0.082635674 25 0 516 1.2572147 -0.24852361
112 329.33747 266.51984 0.51239907 0.58536067 0.098602665 25 0 386 1.1436814 -0.14576266
113 31.099593 278.4186 0.65407546 0.19938891 -0.010017809 25 0 1590 4.3147875 -1.5873985
114 213.01716 286.13212 0.52812888 0.51261667 -0.00134296 25 0 396 1.0976866 -0.10119589
115 45.396375 287.6147 0.5626975 -0.14300754 -0.059714458 25 0 738 2.1535897 -0.83290743
116 345.63284 290.09254 0.63240811 -0.25472179 -0.2348448 25 0 5755 16.080313 -3.0157362
117 158.29284 291.21494 0.6370862 0.10636739 -0.31465189 25 0 1018 2.6028308 -1.0386148
118 65.073698 292.42248 0.64232275 0.15935113 -0.18488392 25 0 1262 3.3560026 -1.3145557
119 36.937063 292.51633 0.54911104 0.46641513 -0.019943881 25 0 1162 3.3644627 -1.3172893
120 320.00635 294.81921 0.66531223 -0.16909044 -0.26449204 25 0 492 1.3126489 -0.29537147
121 451.24299 295.09371 0.71274213 -0.13246189 -0.30262023 25 0 819 2.3177054 -0.91264558
122 134.24354 301.99807 0.69950044 -0.077359712 -0.097122936 25 0 609 1.4247177 -0.38432203
123 48.552219 308.09326 0.65766475 -0.29209539 -0.34569067 25 0 1393 3.7247427 -1.4277407
124 396.48627 308.1819 0.55150747 -0.0035175665 -0.42904441 25 0 344 1.1511293 -0.15281026
125 192.11704 313.71075 0.59916731 -0.12904855 -0.17260346 25 0 885 2.3843487 -0.94342444
126 423.88717 313.90292 0.68974773 -0.26866585 -0.055237 25 0 1095 2.9568151 -1.1770604
127 111.41384 318.52535 0.60627054 0.5014339 -0.10890296 25 0 3136 8.4990022 -2.3234199
128 33.377042 322.29289 0.68939569 0.4449084 -0.19854407 25 0 450 1.1396849 -0.14196201
129 303.60498 330.16356 0.61268727 -0.5501817 -0.23188803 25 0 566 1.4935311 -0.43553571
130 4.1762998 338.22122 0.69056473 0.058191839 -0.18013266 25 0 13702 36.748364 -3.913095
131 261.05676 337.54106 0.47593969 -0.18822518 -0.14315519 25 0 464 1.4447835 -0.39950696
132 353.68311 338.00044 0.56683807 0.17045278 -0.17749914 25 0 457 1.3843624 -0.35312446
133 237.21465 339.00752 0.61678997 -0.10768799 -0.29242904 25 0 992 2.717852 -1.0855645
134 50.398958 339.32 0.54079176 -0.42995164 -0.0061209496 25 0 820 2.369725 -0.93674486
135 462.17076 345.60478 0.71737345 0.49002489 0.16126168 25 0 854 2.1635732 -0.837929
136 233.29961 348.80892 0.67431062 0.18775907 -0.1540429 25 0 456 1.0585917 -0.061821202
137 334.23817 351.36308 0.45977504 -0.42518007 -0.10718897 25 0 541 1.8043739 -0.64081634
138 213.36874 355.10124 0.66764302 -0.053386029 -0.30095705 25 0 5719 15.236393 -2.9572054
139 355.37625 356.61974 0.58251832 -0.31154316 -0.047976545 25 0 1005 2.9331919 -1.1683512
140 272.25435 359.1426 0.64275061 -0.068394978 -0.27739114 25 0 26827 73.766365 -4.669646
141 388.1767 366.29033 0.63100882 -0.0090972558 -0.13899363 25 0 1986 5.7008031 -1.8898401
142 199.54546 368.10675 0.63420568 -0.44161679 -0.30387209 25 0 1631 4.3683112 -1.6007839
143 251.58871 369.35867 0.60611775 -0.44866099 -0.23447344 25 0 2567 6.9693337 -2.1079781
144 69.288146 370.72614 0.64661687 -0.21240538 -0.1775923 25 0 5149 14.111116 -2.8739034
145 112.69506 371.62553 0.50305758 0.1099391 -0.37915462 25 0 408 1.120295 -0.12333101
146 401.44495 370.61556 0.63159201 -0.52082113 -0.20182536 25 0 945 2.6264081 -1.0484055
147 472.88884 372.77144 0.6344298 -0.059209863 -0.12476623 25 0 9173 26.12115 -3.5424808
148 339.53003 383.79858 0.56801712 0.062004108 -0.27008838 25 0 3050 8.9541969 -2.3800666
149 48.461357 384.86655 0.69724261 -0.30147573 -0.27249716 25 0 4043 10.638224 -2.5671728
150 94.596982 386.79889 0.70550287 0.38663029 -0.4586744 25 0 584 1.355936 -0.33059799
151 200.98056 387.98386 0.67007308 0.22685561 -0.37368949 25 0 700 1.7823341 -0.62747276
152 242.82527 388.96656 0.4857989 -0.33162925 -0.27123703 25 0 356 1.0668659 -0.07027457
153 74.030652 389.63555 0.62784973 0.080192277 -0.052166675 25 0 425 1.0911368 -0.094697967
154 118.14144 390.82232 0.6323668 -0.17981765 -0.17242186 25 0 1565 4.2869727 -1.5803768
155 428.94426 393.13179 0.66152937 -0.1570953 -0.19862254 25 0 2673 7.5280097 -2.1917004
156 458.23424 392.75382 0.64578942 -0.36297494 -0.17327526 25 0 2078 5.9313535 -1.9328845
157 33.765008 395.89951 0.68802154 -0.19925852 -0.15684863 25 0 676 1.7186658 -0.58797861
158 220.1897 400.9014 0.63982679 -0.19324848 -0.24227259 25 0 8453 23.506719 -3.4279801
159 350.60623 402.99659 0.61987954 -0.016403859 -0.3098865 25 0 724 2.1394925 -0.82577692
160 249.23126 408.38727 0.62527163 0.61452854 -0.14769723 25 0 722 2.0013696 -0.75331825
161 386.20361 408.03005 0.64822421 -0.40543011 -0.1841688 25 0 571 1.6959883 -0.57355713
162 246.6246 412.0646 0.63917677 -0.20287494 -0.33043182 25 0 2051 5.5370706 -1.8582001
163 264.90936 411.87517 0.54160444 0.35910624 -0.050608833 25 0 359 1.173268 -0.17349304
164 468.01412 412.68684 0.67459385 0.1932533 0.068646833 25 0 375 1.1375448 -0.13992124
165 78.647698 417.31845 0.64602306 -0.25294779 -0.16246491 25 0 862 2.165996 -0.83914413
166 102.64558 418.7548 0.60688659 0.16464317 -0.23069062 25 0 2208 6.2538115 -1.990362
167 278.38305 428.98043 0.74739036 -0.05064201 -0.08554076 25 0 545 1.3452834 -0.32203448
168 188.47726 435.7989 0.53742008 -0.39203524 -0.26157448 25 0 365 1.1303729 -0.13305437
169 153.54169 436.86561 0.69272058 -0.34176071 -0.33847022 25 0 2331 5.9985461 -1.945115
170 127.01876 437.76855 0.64285983 0.011095573 -0.1172758 25 0 1144 3.1256089 -1.2373366
171 375.69634 437.92587 0.67454801 0.21031012 -0.23062299 25 0 341 1.0894548 -0.093023091
172 226.65388 440.19254 0.65283254 -0.22259686 -0.23860759 25 0 1145 3.0063749 -1.1951078
173 485.67665 440.0692 0.2623537 -0.20048155 -0.20051674 25 0 58257 200.55776 -5.7555987
174 339.34791 442.12223 0.65289167 -0.1791841 -0.28248383 25 0 3390 9.387473 -2.4313718
175 8.7589264 445.18435 0.73290618 0.50482456 -0.37520974 25 0 393 1.1244174 -0.12731887
176 239.71443 444.66822 0.64970749 -0.37418118 -0.2137166 25 0 1083 2.7710944 -1.1066283
177 85.859114 446.47287 0.56837309 0.237651 -0.035214382 25 0 12493 36.565218 -3.9076704
178 206.72045 454.07016 0.61526686 -0.75287386 0.064063763 25 0 360 1.0417606 -0.044419846
179 471.6778 456.63312 0.59109716 0.016190631 -0.10180948 25 0 1892 5.7699159 -1.9029237
180 305.80328 460.2419 0.61417465 -0.31190282 -0.30907781 25 0 679 1.9272378 -0.71233828
181 356.80515 465.24887 0.66778574 -0.33650307 -0.2081508 25 0 1403 3.9773232 -1.4989772
182 50.950595 466.09782 0.72441125 -0.079119511 -0.20195233 25 0 7122 18.795594 -3.1851402
183 144.01244 467.30638 0.67371679 -0.046682115 -0.16594175 25 0 1278 3.39954 -1.3285504
184 422.36849 468.87698 0.46462059 -0.37898369 -0.24838505 25 0 58417 184.5463 -5.6652634
185 286.04422 469.69413 0.55359389 -0.19829984 -0.27680035 25 0 327 1.1524821 -0.15408547
186 205.64682 475.34955 0.62897184 -0.42577099 -0.19927111 25 0 4761 13.162013 -2.7983058
187 337.28824 477.23262 0.67149247 -0.45041129 -0.29446097 25 0 646 1.828126 -0.6550153
188 423.49926 476.78755 0.60167492 -0.20600656 -0.31665193 25 0 456 1.3994464 -0.36489065
189 108.98922 479.22543 0.6512639 -0.027795005 -0.20138306 25 0 555 1.4788398 -0.42480281
190 255.65178 478.72592 0.60679045 0.11765963 -0.19683059 25 0 3041 8.6825379 -2.3466167
191 333.0036 484.04057 0.75048723 -0.13655259 -0.2180798 25 0 514 1.3814512 -0.35083884
192 133.60444 484.82535 0.64846014 0.3695745 -0.19768384 25 0 890 2.4086843 -0.95444973
193 58.688949 490.0027 0.70526111 -0.14434315 -0.27143991 25 0 1260 3.4007744 -1.3289446
194 144.89665 503.64877 0.60820555 -0.092412379 0.012323701 25 0 370 1.0447901 -0.047572636
195 61.84482 504.97834 0.84003311 -0.19315451 -0.24431867 25 0 504 1.2168445 -0.21308773
196 110.60381 506.65304 0.70000935 -0.55898504 -0.16526608 25 0 611 1.4613767 -0.41190545
197 156.14674 506.83335 0.67639166 -0.37644225 -0.34420472 25 0 586 1.476013 -0.42272546
198 111.55802 510.37853 0.53635344 0.49017797 -0.41948951 25 0 696 2.0012695 -0.75326395
