id xcentroid ycentroid sharpness roundness1 roundness2 npix sky peak flux mag
1 481.32886 1.9650437 0.65057568 -0.4403787 -0.22592937 25 0 570 1.7430017 -0.60324453
2 161.73847 6.4624225 0.65843038 -0.40166114 0.26139517 25 0 458 1.1940325 -0.19254036
3 7.8162933 6.894612 0.82151015 0.3691911 0.11699654 25 0 1087 2.6171835 -1.0445854
4 16.151998 7.060811 0.71117273 -0.23905062 0.16916158 25 0 394 1.1765448 -0.17652122
5 387.2688 7.305332 0.66161612 -0.26473705 0.18575489 25 0 698 1.8389142 -0.66140367
6 76.828536 8.4875665 0.68403822 0.21696748 0.22014884 25 0 14911 36.4149 -3.9031978
7 24.416908 10.259206 0.64231334 0.067426436 -0.028147053 25 0 5403 14.054052 -2.8695039
8 460.82162 10.516563 0.6300273 0.1814794 0.34779996 25 0 656 1.9911382 -0.74775351
9 6.4585848 11.846893 0.71496466 -0.34407209 -0.0808257 25 0 3739 8.9197744 -2.3758847
10 478.1478 11.927615 0.6101559 -0.095682856 0.0004020155 25 0 213 1.0258204 -0.027678348
11 406.41275 28.814304 0.63607785 -0.28721545 -0.15110535 25 0 516 1.4857465 -0.4298618
12 179.12972 31.95524 0.88193924 -0.041010273 0.095203782 25 0 570 1.1210501 -0.12406256
13 165.94206 35.927129 0.72012784 0.06436315 0.22879269 25 0 695 1.6836097 -0.56560354
14 239.01317 37.004642 0.79167992 -0.20568844 0.056937128 25 0 1790 4.0287202 -1.5129178
15 258.53321 37.839185 0.66182234 -0.34898476 -0.082692732 25 0 2509 6.0938941 -1.9622373
16 398.99629 38.7274 0.75676912 -0.2724682 0.15460112 25 0 553 1.3368285 -0.31518922
17 118.89587 40.363361 0.73605333 -0.0287866 0.3488865 25 0 646 1.4853693 -0.42958608
18 376.93564 39.758781 0.34179699 -0.19703364 0.040670596 25 0 58589 191.55373 -5.7057265
19 5.6551726 41.197817 0.7752618 -0.49236583 0.001429409 25 0 616 1.5470098 -0.47373265
20 163.78744 42.183956 0.75690902 -0.13268305 0.056582143 25 0 6574 15.074303 -2.9455931
21 452.74143 43.118011 0.77640451 -0.14950848 0.029914007 25 0 1249 2.9959215 -1.1913261
22 346.59283 50.10487 0.70085443 -0.26186604 -0.087877572 25 0 1820 4.2961544 -1.5826997
23 495.78868 56.670573 0.67581469 0.17789483 0.13167779 25 0 1590 4.1891469 -1.555314
24 50.051369 61.226772 0.76663103 -0.084067951 0.12622873 25 0 528 1.3230891 -0.30397275
25 3.9268247 62.277096 0.71901762 -0.090762817 0.090513432 25 0 2207 5.3628879 -1.8234968
26 83.871678 63.481872 0.6119418 -0.11027739 0.28280582 25 0 682 1.7915349 -0.63306316
27 107.01177 63.100412 0.82810056 -0.30457774 0.10301586 25 0 601 1.3110877 -0.29407932
28 485.39262 63.656315 0.71732717 -0.33105135 0.093339703 25 0 1663 4.1154639 -1.536047
29 50.323359 65.289597 0.56408952 -0.30385449 0.036653875 25 0 426 1.2233102 -0.21884152
30 164.80158 65.124441 0.64436042 0.24415216 0.18296017 25 0 583 1.5116246 -0.44860988
31 470.78093 65.315234 0.72853823 -0.1578804 0.039383939 25 0 670 1.8303243 -0.65632013
32 108.17695 68.327572 0.71528394 0.2126646 0.13746574 25 0 1964 4.6665303 -1.6724852
33 14.327737 74.061537 0.73710718 -0.17357833 -0.070759047 25 0 430 1.1313134 -0.13395733
34 403.09068 76.309356 0.70888822 0.11097332 0.14946907 25 0 4067 9.8009057 -2.4781655
35 7.5040781 76.530441 0.62695131 0.17849215 -0.015403374 25 0 611 1.6539405 -0.54629972
36 23.606842 79.327032 0.7776141 -0.44024449 0.080325793 25 0 800 1.7902573 -0.63228862
37 172.15524 80.023387 0.80357488 -0.20403743 0.019661572 25 0 733 1.5224098 -0.45632894
38 197.02515 83.599936 0.70769881 0.1199087 0.17992287 25 0 517 1.0996702 -0.10315611
39 144.54525 83.61408 0.67953033 -0.62896976 0.0023518631 25 0 623 1.3319696 -0.31123581
40 207.52356 90.246644 0.55486769 0.14466003 -0.034076811 25 0 551 1.4436432 -0.39864969
41 336.06922 90.6683 0.74204253 -0.19769994 0.18922215 25 0 1671 3.7702538 -1.4409265
42 340.04403 92.520171 0.64765297 -0.20374233 0.21360563 25 0 1594 3.8256059 -1.4567506
43 4.6463252 94.296448 0.75968304 -0.36035887 0.045596104 25 0 2214 5.0681392 -1.7621213
44 238.37814 93.665208 0.72615424 -0.35442858 0.019420723 25 0 1906 4.1747016 -1.5515636
45 504.34636 96.979517 0.75979944 -0.43014621 0.11568433 25 0 384 1.1263649 -0.12919775
46 106.09732 98.081665 0.7423932 -0.093544351 0.020541473 25 0 4196 9.7253831 -2.4697668
47 168.0191 97.679189 0.81022397 -0.35004644 0.070761839 25 0 598 1.221368 -0.21711634
48 384.80341 108.74964 0.74553485 0.30444982 0.15235241 25 0 798 1.7494875 -0.60727714
49 271.3742 110.90123 0.72563228 -0.22664878 -0.040644628 25 0 20547 48.036662 -4.2039321
50 288.80641 110.93883 0.85644855 0.23574269 0.11932638 25 0 1535 3.0035454 -1.1940855
51 298.87233 112.27587 0.76114006 -0.048670126 0.14556267 25 0 2539 5.6383887 -1.8778875
52 355.62287 111.85649 0.65488185 -0.36783436 -0.22020951 25 0 1258 2.9795343 -1.185371
53 501.05736 113.25224 0.84885044 -0.077083591 0.27022383 25 0 457 1.1341474 -0.13667379
54 251.04356 114.05931 0.73919729 0.26408986 0.0930172 25 0 698 1.4116373 -0.37430784
55 150.67053 114.87016 0.65657648 -0.40177118 -0.019923107 25 0 579 1.372345 -0.34365823
56 205.62508 115.29258 0.70825217 -0.060459717 -0.023176123 25 0 566 1.1961171 -0.19443428
57 103.39087 116.2333 0.78309071 -0.07435183 -0.17238454 25 0 630 1.2794832 -0.26758646
58 202.78966 117.67669 0.71964986 0.11157105 0.10739419 25 0 2495 5.7402543 -1.8973278
59 35.744028 119.76808 0.56651763 0.13000877 0.054238007 25 0 418 1.1650398 -0.16585194
60 226.73674 123.06391 0.81440349 -0.11562735 -0.0087401014 25 0 2684 5.7268094 -1.8947818
61 58.149387 124.99579 0.73671104 -0.093018481 0.038672621 25 0 1554 3.7174238 -1.4256052
62 304.24196 126.32007 0.80966365 -0.0055733827 0.251793 25 0 704 1.3158435 -0.2980106
63 446.86033 134.14199 0.73815756 -0.0075963489 0.083535791 25 0 15156 35.536228 -3.8766783
64 349.54741 139.92596 0.66805589 -0.05402103 -0.097017829 25 0 3443 8.3324965 -2.3019379
65 65.558413 141.26162 0.58042281 0.37736398 0.015804624 25 0 719 1.8236687 -0.65236488
66 48.404391 145.28869 0.67262153 -0.52482554 -0.12978501 25 0 673 1.5868277 -0.50132443
67 148.14048 154.4031 0.65548056 0.31734872 0.086592709 25 0 497 1.1177202 -0.12083271
68 436.81848 155.712 0.71224193 0.18154476 0.13411664 25 0 59853 142.64691 -5.3856559
69 475.95798 159.15238 0.69272396 -0.33856702 0.019938835 25 0 648 1.7828649 -0.62779608
70 257.10266 160.03819 0.73123409 0.17070018 0.06791686 25 0 771 1.6457137 -0.54088571
71 204.01145 163.35643 0.60926609 0.40090403 0.093729981 25 0 709 1.6163881 -0.52136408
72 84.301657 167.30425 0.90070794 0.15233392 -0.0057024165 25 0 608 1.1373206 -0.13970727
73 276.75738 168.42631 0.68202518 -0.24857422 0.14240933 25 0 2111 4.8756963 -1.7200916
74 397.16566 168.03282 0.68556122 -0.13753232 -0.062044916 25 0 704 1.7450426 -0.60451506
75 214.79063 169.09241 0.71114457 -0.20261973 0.01302048 25 0 1260 2.8613412 -1.1414241
76 464.32253 170.30513 0.83718681 0.12807367 0.011629307 25 0 487 1.1484708 -0.15029987
77 203.34364 171.79599 0.73501202 -0.24614642 -0.03887028 25 0 2004 4.4419852 -1.6189428
78 6.4114617 176.60086 0.73594136 -0.77306278 -0.12914882 25 0 703 1.5072057 -0.44543129
79 471.98264 176.68257 0.7372948 0.070501276 0.16123969 25 0 3253 7.6834957 -2.2138971
80 67.657268 177.92516 0.68240882 0.071461841 -0.1272699 25 0 898 2.0752399 -0.79267077
81 165.52591 177.83735 0.60605329 0.19556965 -0.0091194472 25 0 1814 4.3940606 -1.6071651
82 461.93221 179.02218 0.81958337 0.13170239 0.053755018 25 0 873 2.0060427 -0.75585041
83 277.46957 180.51337 0.66518459 -0.88654802 -0.02074524 25 0 1169 2.5558869 -1.0188541
84 472.40213 181.72563 0.64815285 -0.35173738 0.019031085 25 0 901 2.4095734 -0.95485041
85 240.01716 183.31693 0.79614301 0.014706481 0.15867195 25 0 1083 2.2684197 -0.88930852
86 122.2641 184.51582 0.62608289 0.30192359 0.17932934 25 0 39161 99.722373 -4.9969815
87 171.82369 185.50845 0.73501513 0.69701396 0.14500756 25 0 578 1.1912721 -0.19002744
88 471.4458 189.74197 0.63296286 -0.09467427 0.15592087 25 0 409 1.1879138 -0.18696233
89 505.75237 193.49548 0.69381666 -0.033206723 0.033793792 25 0 624 1.6458332 -0.54096458
90 218.71112 196.21733 0.6667842 -0.09394452 -0.011996111 25 0 780 1.7851733 -0.62920094
91 117.32525 198.50924 0.56864109 0.71313525 0.27960704 25 0 601 1.4319829 -0.38984457
92 15.588209 206.43172 0.582704 0.35057511 0.1617398 25 0 1763 4.5495114 -1.6449119
93 63.314159 207.74427 0.77562528 0.53807112 0.23417042 25 0 521 1.027515 -0.029470459
94 65.40365 209.01037 0.73423009 0.20257147 0.18016593 25 0 528 1.0462153 -0.049052642
95 476.48142 209.54245 0.56473093 0.45798931 0.074775973 25 0 910 2.5261374 -1.0061424
96 38.726162 211.04347 0.76060592 -0.10008456 -0.085311565 25 0 2292 5.1233247 -1.7738797
97 377.12046 211.86717 0.79444853 -0.00038802381 0.11937729 25 0 2043 4.4542066 -1.6219259
98 307.23129 214.0284 0.72537497 0.13408825 -0.030680458 25 0 1043 2.3138393 -0.91083299
99 201.32526 215.58798 0.59169084 0.5039126 -0.090448252 25 0 966 2.2375179 -0.8744163
100 290.72696 220.7849 0.71137442 0.1399018 0.064653789 25 0 3535 8.3052688 -2.2983842
101 36.224818 223.28178 0.85402469 0.76876811 0.46783428 25 0 603 1.2404588 -0.2339559
102 402.92891 222.73781 0.72608635 0.038758496 0.15881205 25 0 5534 13.069705 -2.7906645
103 473.16426 223.51845 0.63599638 0.28700485 0.22358538 25 0 14053 35.433815 -3.8735448
104 377.94138 225.10144 0.76759563 -0.074998889 0.081837055 25 0 1490 3.3878243 -1.3248022
105 231.08674 231.58227 0.66660969 -0.049893541 0.24640563 25 0 953 2.2272792 -0.86943664
106 291.25466 232.51542 0.72531957 -0.12092035 0.27436712 25 0 1009 2.1476155 -0.8298913
107 482.38394 234.96575 0.70835626 0.069214982 -0.058379337 25 0 2224 5.4690494 -1.8447796
108 81.571557 236.21397 0.70169142 -0.32079729 -0.23326243 25 0 507 1.1110995 -0.11438234
109 479.22226 248.34876 0.64971974 0.25013247 0.13849852 25 0 7668 19.208885 -3.2087554
110 254.91467 249.16496 0.7635763 -0.047386969 0.095871122 25 0 6760 15.402985 -2.9690122
111 27.347965 250.22253 0.65023598 0.15342352 0.050481557 25 0 1105 2.6361149 -1.0524108
112 317.02252 251.42948 0.84232177 -0.072918349 0.34698787 25 0 601 1.1467142 -0.14863801
113 382.72978 257.99309 0.7246746 -0.072345141 -0.19251492 25 0 527 1.2428972 -0.23608798
114 84.182732 270.08362 0.73201838 -0.14339086 -0.070244926 25 0 1816 4.154777 -1.5463693
115 98.328157 279.23688 0.62642012 -0.72658756 -0.22302187 25 0 764 1.7179685 -0.58753798
116 398.91762 281.32059 0.73661937 -0.060752352 0.1415775 25 0 6780 15.894936 -3.003147
117 211.67107 282.87057 0.62991495 0.11477847 -0.087020402 25 0 1011 2.415096 -0.95733598
118 90.016 284.20585 0.78779197 0.020396387 0.13870012 25 0 1678 3.594596 -1.3891252
119 118.24415 283.97865 0.76165286 -0.058641825 0.068111572 25 0 1550 3.4629798 -1.3486249
120 373.18761 285.98996 0.685856 0.058634577 0.051219139 25 0 525 1.3459652 -0.32258456
121 504.50289 286.0668 0.67716891 -0.27459386 -0.21126488 25 0 723 1.9347247 -0.71654792
122 42.685566 289.23432 0.66455469 -0.11162393 -0.13156366 25 0 570 1.3521467 -0.32755957
123 187.31492 293.57416 0.61822434 0.11181561 0.26503036 25 0 603 1.5066435 -0.44502628
124 101.725 299.79372 0.70087488 0.11623731 -0.0096115649 25 0 1528 3.5131679 -1.3642473
125 6.2299938 304.13113 0.78319955 0.090969235 0.031842195 25 0 744 1.516665 -0.45222419
126 245.20043 305.15233 0.73741188 0.045119065 0.053422001 25 0 1040 2.2554613 -0.88308847
127 477.2623 304.83693 0.77145703 -0.0058458379 0.044160893 25 0 1207 2.9358796 -1.1693456
128 164.53948 309.97178 0.66225683 -0.19675093 -0.13271294 25 0 3523 8.4305424 -2.3146388
129 25.03369 311.9431 0.7560501 -0.24967827 -0.017061614 25 0 1152 2.5137578 -1.0008086
130 40.544084 311.7966 0.65350682 -0.019206894 -0.083806466 25 0 2229 5.3948347 -1.8299454
131 356.93051 321.49323 0.69819495 0.06083733 0.19160684 25 0 618 1.4461959 -0.40056783
132 9.5701119 321.99201 0.69420188 0.12162711 -0.15328019 25 0 871 1.9786386 -0.7409162
133 47.112315 329.03053 0.75766356 -0.021486766 0.040627869 25 0 6039 13.863747 -2.8547015
134 314.14578 328.81137 0.7209138 0.22940213 0.19439168 25 0 662 1.5795588 -0.49633947
135 407.0267 329.12718 0.80290815 -0.47334917 0.02229159 25 0 593 1.4241939 -0.38392283
136 57.333932 330.0234 0.71092175 -0.12696208 -0.031064464 25 0 13957 33.297907 -3.8060423
137 290.39787 330.45682 0.56026522 0.20939749 0.00065075234 25 0 800 2.0706403 -0.79026167
138 103.52453 330.95661 0.70927295 -0.34598954 -0.011359846 25 0 1025 2.1894763 -0.85085062
139 286.5014 340.07647 0.74551431 -0.25971154 -0.26194145 25 0 503 1.1403626 -0.14260742
140 387.35782 342.65538 0.59255704 -0.22084446 0.11950008 25 0 698 1.9357312 -0.71711261
141 266.44729 346.53236 0.62243508 -0.68365666 0.0246439 25 0 4525 10.909529 -2.594515
142 408.7242 347.76525 0.7081012 0.097124891 0.088380154 25 0 1099 2.7266504 -1.0890737
143 39.196564 349.42617 0.58818742 0.48900019 0.063959302 25 0 386 1.0647351 -0.068103957
144 48.69506 349.01765 0.7868414 -0.14295234 0.024995073 25 0 1013 2.150829 -0.83151471
145 325.55247 350.40814 0.52918082 0.49561364 -0.011721308 25 0 19701 53.202225 -4.3148245
146 21.241149 351.06718 0.75415354 -0.11555316 -0.020677909 25 0 886 2.0162979 -0.76138675
147 48.864375 352.85844 0.72993015 -0.39274162 0.10397691 25 0 1578 3.6466474 -1.4047344
148 441.5869 357.53477 0.53300055 0.35958384 0.011211606 25 0 1388 4.0162756 -1.5095588
149 506.81299 358.0524 0.86893369 -0.14270384 -0.029898644 25 0 385 1.0011676 -0.0012669942
150 252.86242 359.55103 0.7052436 -0.19746725 0.21792748 25 0 1652 3.7948422 -1.4479843
151 304.87593 360.67001 0.74818588 0.11829545 0.15356245 25 0 3373 7.8257859 -2.2338199
152 122.4944 362.38719 0.55712737 0.28922797 0.025841702 25 0 4195 11.254584 -2.6283236
153 454.64356 361.74263 0.67172177 0.19681344 -0.0071709772 25 0 1135 3.1026679 -1.2293382
154 165.59327 363.14514 0.79425672 -0.27501513 -0.065681325 25 0 595 1.208544 -0.20565615
155 49.443494 365.20737 0.73274822 -0.43955432 0.020842687 25 0 526 1.206051 -0.2034142
156 29.898829 369.21992 0.78074784 -0.13288777 0.2255216 25 0 880 2.0071438 -0.75644623
157 392.93739 374.96568 0.77557447 0.0096384192 0.090908382 25 0 4384 10.127724 -2.5137796
158 101.63261 376.43696 0.61454424 0.38439552 0.15551588 25 0 3162 7.9616308 -2.2525051
159 147.44979 378.13141 0.62297411 0.11599901 0.16129576 25 0 530 1.3252458 -0.30574109
160 254.10384 379.40602 0.72376768 0.07052713 0.35001049 25 0 620 1.4280586 -0.38686509
161 510.96753 380.26366 0.82973948 -0.37017231 0.35206572 25 0 661 1.5808887 -0.49725326
162 171.40981 382.33318 0.58797433 0.2528733 0.037261918 25 0 1291 3.4060429 -1.3306253
163 31.943695 382.39417 0.7143763 0.17824396 0.23655213 25 0 1036 2.5255868 -1.0059058
164 482.41332 384.19897 0.65226834 -0.0033125851 -0.047265734 25 0 2450 6.4134335 -2.0177265
165 87.035833 387.60424 0.65851941 0.27777282 0.37224694 25 0 568 1.4241119 -0.38386027
166 273.48855 392.1562 0.61417271 0.029272054 -0.10008191 25 0 7319 18.822774 -3.1867091
167 404.08019 394.09192 0.70271197 -0.032847046 0.11179763 25 0 869 2.3354022 -0.92090423
168 439.42242 398.97865 0.75344749 0.027323482 -0.059719089 25 0 516 1.3218482 -0.30295398
169 302.51308 399.69637 0.47099514 0.55603809 0.042886567 25 0 500 1.5862884 -0.50095538
170 299.92954 403.31277 0.72545928 0.018775467 0.14750757 25 0 2238 5.3430372 -1.8194705
171 30.195482 403.64812 0.72916017 -0.20502983 0.099630029 25 0 1026 2.4656555 -0.97983098
172 131.91714 408.8242 0.75124267 0.22885962 -0.0051780447 25 0 1161 2.7257865 -1.0887296
173 155.93051 410.26435 0.76411896 -0.041833633 0.095486357 25 0 2695 6.2230054 -1.9850004
174 8.6302193 413.82175 0.70598881 -0.094745129 -0.065129412 25 0 1315 3.2148897 -1.2679152
175 331.91487 420.15083 0.81745425 -0.30401626 0.11446357 25 0 474 1.1504692 -0.15218754
176 241.54028 427.21401 0.78827293 -0.53571743 -0.063662852 25 0 466 1.097112 -0.10062737
177 206.72436 428.22556 0.74737004 -0.15120819 0.054493322 25 0 2499 5.7867254 -1.9060822
178 180.21777 429.15189 0.70021838 0.30440055 0.08292324 25 0 1143 2.8620779 -1.1417036
179 280.05773 431.55438 0.74948746 0.18609512 0.21782834 25 0 1184 2.7981872 -1.1171919
180 392.75167 433.34516 0.73017557 -0.13063434 0.12302783 25 0 3541 8.4800888 -2.321001
181 293.13048 436.04897 0.73698075 -0.080896968 0.17265754 25 0 1395 3.4141841 -1.3332174
182 139.19087 438.06785 0.72537178 -0.01667609 0.040489164 25 0 16243 38.571223 -3.9656585
183 359.15307 451.58547 0.82649542 0.02277894 0.20609614 25 0 735 1.7408215 -0.60188561
184 410.3363 456.52977 0.56506771 0.35360043 0.15416403 25 0 1018 3.0647086 -1.215973
185 104.24258 457.69797 0.75967258 -0.26391057 0.10296986 25 0 6582 15.09367 -2.9469871
186 197.18066 458.74403 0.76118409 -0.17195198 0.06763833 25 0 1332 3.1428844 -1.243321
187 475.80163 459.84874 0.44820869 0.046263841 0.12442465 25 0 58135 179.19458 -5.6333122
188 13.158303 462.13836 0.7740066 -0.17906162 0.071104249 25 0 1244 2.9173049 -1.1624545
189 259.04117 466.80038 0.80374181 -0.036275284 0.14020294 25 0 6486 14.494078 -2.9029765
190 390.80507 468.4763 0.76470798 -0.19528827 0.12924661 25 0 556 1.4126103 -0.37505593
191 477.19822 467.75215 0.75110514 -0.28242307 0.010045236 25 0 452 1.3057374 -0.28963961
192 309.14759 470.06256 0.76199471 -0.0031581763 0.024028207 25 0 3943 9.3671397 -2.4290175
193 162.28637 470.67065 0.75966977 -0.18148302 0.26895265 25 0 441 1.1105067 -0.11380293
194 386.49192 475.28355 0.69157064 -0.19750366 0.1390731 25 0 362 1.1163724 -0.11952275
195 186.95224 476.10435 0.80736859 0.0045312469 0.045032067 25 0 1062 2.4419636 -0.96934795
196 112.03503 481.51422 0.72166437 0.11944787 0.22566448 25 0 1114 2.622514 -1.0467945
197 288.33756 491.10534 0.63254773 0.31462657 -0.050486814 25 0 362 1.1247191 -0.12761017
198 164.08937 498.06936 0.7655336 -0.43256666 0.13506969 25 0 688 1.6901649 -0.56982267
199 209.43741 498.23569 0.7393711 -0.35711114 -0.20893614 25 0 470 1.1582026 -0.15946135
200 165.03642 501.82254 0.69885584 -0.043469106 0.18568177 25 0 815 2.0327222 -0.77019508
201 211.43005 505.55872 0.72187806 -0.56047928 0.04956671 25 0 785 1.8393778 -0.66167736
202 38.972558 509.56486 0.73345029 -0.024293741 0.25435553 25 0 694 1.5874952 -0.50178106
203 85.860395 508.70188 0.79968809 -0.0084029109 0.32400273 25 0 689 1.5472663 -0.47391269
204 208.9099 509.73477 0.65057801 -0.077392547 0.42208618 25 0 949 2.3402913 -0.92317478
205 284.06199 508.77938 0.74536105 0.011285265 0.09914432 25 0 1324 3.1211725 -1.2357944
206 294.96831 508.75099 0.79993026 0.45793375 0.094843308 25 0 564 1.279941 -0.26797491
