id xcentroid ycentroid sharpness roundness1 roundness2 npix sky peak flux mag
1 312.78047 3.773696 0.58034059 0.67418282 -0.25713911 25 0 723 2.333803 -0.92016048
2 444.33164 6.8284377 0.61609533 0.29911576 -0.16015557 25 0 509 1.8601268 -0.67385637
3 124.73016 11.13989 0.67380025 0.14253184 0.035220071 25 0 546 1.6778809 -0.56190284
4 350.3185 12.40436 0.6456709 0.49936639 -0.088415419 25 0 773 2.2617485 -0.88611077
5 39.865584 13.13386 0.72771978 0.12078693 -0.089340474 25 0 17208 47.731548 -4.1970138
6 482.81788 15.247991 0.65886123 0.19630865 -0.091964769 25 0 27763 80.305298 -4.7618605
7 423.84212 15.325209 0.51721443 0.70643207 0.1818707 25 0 501 1.9411682 -0.72015792
8 369.49034 33.863134 0.57998535 0.31406364 -0.20964807 25 0 561 1.8540416 -0.67029871
9 469.16346 33.866245 0.69746693 0.041632294 -0.19570815 25 0 398 1.4329935 -0.39061058
10 142.23391 36.380333 0.61481153 0.37827656 -0.14770575 25 0 425 1.247144 -0.23979151
11 129.14886 40.668888 0.57182301 0.2792425 -0.069036392 25 0 595 1.9972949 -0.75110547
12 202.07121 41.688877 0.60849397 0.12893559 -0.16640339 25 0 1246 3.7111748 -1.4237785
13 221.4174 42.585313 0.61274252 0.70702621 -0.10886217 25 0 2100 6.0519169 -1.9547324
14 362.23534 43.666803 0.66155013 -0.041635063 -0.018895261 25 0 500 1.4945919 -0.43630656
15 81.966698 44.98398 0.78673801 -0.25583442 -0.27061437 25 0 650 1.7671259 -0.61816873
16 265.15738 45.041464 0.67309762 -0.67497138 -0.190047 25 0 365 1.0034923 -0.0037851315
17 339.99759 44.622382 0.32162484 0.3945744 -0.12696768 25 0 58869 217.55164 -5.8439059
18 126.82382 46.907171 0.68599687 0.21013798 -0.12654143 25 0 5898 16.68 -3.0554901
19 415.57207 48.12017 0.61252906 0.28299775 -0.24739184 25 0 974 3.0860692 -1.2235142
20 486.04487 54.044247 0.65725742 0.14448682 -0.0083189551 25 0 864 2.8980051 -1.1552479
21 309.67011 55.083701 0.65551301 0.10264489 -0.21515331 25 0 1706 4.8593173 -1.7164382
22 157.78495 59.934659 0.76240927 0.00194472 -0.34985101 25 0 435 1.027603 -0.029563427
23 458.67278 61.710906 0.63608386 0.53004226 -0.13239491 25 0 1477 4.5132569 -1.6362251
24 45.852257 63.009672 0.7113034 -0.14704787 -0.07851569 25 0 351 1.136787 -0.13919773
25 13.046043 65.789989 0.7404859 -0.16771636 -0.027198471 25 0 464 1.359207 -0.333214
26 364.82406 65.987519 0.80932187 0.27393579 -0.33399358 25 0 409 1.0426588 -0.045355579
27 46.966996 67.946083 0.73749129 0.24511938 -0.017996512 25 0 800 2.2462223 -0.87863185
28 70.046382 67.579732 0.60358872 -0.26862661 0.052732459 25 0 383 1.2112554 -0.20808935
29 448.32254 68.538079 0.56767737 0.13181147 0.027160255 25 0 1384 4.5629499 -1.6481143
30 486.95417 69.290236 0.6724825 0.59766656 -0.025480473 25 0 374 1.3676162 -0.33991062
31 13.275269 69.694828 0.67107631 -0.10340077 -0.037789658 25 0 467 1.4248467 -0.38442034
32 127.87651 69.686997 0.72900737 0.51866781 -0.062669775 25 0 478 1.2101174 -0.2070688
33 433.52558 70.348907 0.53195371 0.018134448 -0.1735477 25 0 475 1.736268 -0.59904193
34 71.274383 72.825283 0.65759412 0.068631778 -0.16135906 25 0 1733 5.0718115 -1.7629078
35 484.10501 77.057208 0.66176272 0.50634221 -0.053896123 25 0 973 3.0421075 -1.2079364
36 366.04375 81.253884 0.64439301 0.32326807 -0.088697284 25 0 3614 10.537907 -2.5568859
37 135.25 84.70832 0.67637023 0.22138777 -0.36508876 25 0 462 1.1674636 -0.16810835
38 107.59244 88.083809 0.72242461 0.38650729 -0.32598828 25 0 625 1.5789279 -0.49590572
39 506.57649 88.014806 0.67157342 0.16558378 -0.25033996 25 0 21757 61.14387 -4.4658823
40 170.57714 94.935063 0.62522463 -0.022945182 -0.45391189 25 0 539 1.4732958 -0.42072487
41 299.21191 95.47545 0.53829354 -0.066862 -0.050708085 25 0 1129 3.3588849 -1.3154878
42 303.08698 97.365148 0.57335866 0.01509061 -0.16833171 25 0 1423 4.2229531 -1.5640406
43 201.3781 98.377788 0.63722975 0.62653315 -0.14526496 25 0 1673 4.596033 -1.6559579
44 131.08544 102.16318 0.69346014 0.32515127 -0.18521799 25 0 494 1.1892214 -0.18815679
45 467.10428 101.88409 0.63274358 0.14536298 -0.057344701 25 0 403 1.4821744 -0.42724829
46 69.163044 102.63091 0.60249445 0.060861093 -0.08699217 25 0 3879 11.456839 -2.647662
47 77.333666 103.96388 0.70520396 -0.099025406 -0.21778156 25 0 339 1.008078 -0.0087353027
48 312.13682 104.27212 0.61966092 -0.21743954 -0.53231433 25 0 403 1.0873678 -0.090941206
49 504.78405 107.98025 0.67880263 0.1708902 -0.070580215 25 0 2355 6.9711785 -2.1082655
50 347.7414 113.77068 0.59398747 0.28970283 -0.084308128 25 0 602 1.7339946 -0.59761933
51 234.48607 115.62138 0.55388062 -0.15736696 -0.138207 25 0 14906 45.48335 -4.1446311
52 251.91748 115.81802 0.66935803 0.22314044 -0.064273396 25 0 1210 3.2801096 -1.2897209
53 261.86205 117.16212 0.64405561 0.092877036 -0.17759791 25 0 2125 6.003785 -1.9460628
54 318.47617 116.79624 0.62819411 0.27220798 -0.17405229 25 0 1239 3.5032494 -1.3611776
55 463.58033 118.26264 0.600041 0.16550782 -0.23403858 25 0 367 1.273378 -0.26239331
56 113.5002 119.4 0.67204167 -0.21277103 -0.087224546 25 0 541 1.4335346 -0.39102044
57 214.02363 118.83429 0.49673361 0.46759611 -0.30188382 25 0 543 1.637379 -0.53537302
58 167.90156 120.25 0.6468118 0.26559997 -0.45174635 25 0 509 1.3527434 -0.32803857
59 66.301312 120.80418 0.62205898 -0.18565658 -0.26663975 25 0 610 1.8581985 -0.67273027
60 165.76007 122.35068 0.59683224 -0.17360904 -0.10051603 25 0 2045 5.9317854 -1.9329636
61 493.88493 122.36524 0.62170499 0.7878272 0.30521374 25 0 361 1.3672564 -0.33962493
62 189.74502 127.80361 0.61198196 0.24111266 -0.1437701 25 0 1849 5.4211948 -1.8352375
63 21.075927 129.38961 0.70019109 0.43725697 0.02230461 25 0 1392 3.9242965 -1.4844045
64 267.18355 131.01687 0.74584777 0.066052698 -0.23187216 25 0 663 1.6128009 -0.5189519
65 409.6017 139.06071 0.64512726 0.12417631 -0.1918905 25 0 12714 36.575672 -3.9079808
66 398.06706 142.2104 0.67021453 -0.25048881 -0.12701934 25 0 330 1.0699322 -0.073390644
67 312.46807 144.82782 0.63770934 0.2816394 -0.25988238 25 0 3017 8.3897185 -2.3093685
68 28.462512 145.60716 0.60284269 -0.286736 -0.053870546 25 0 756 2.3290902 -0.91796577
69 11.573391 149.78391 0.69643807 0.21953307 -0.35092666 25 0 683 1.8929608 -0.69285405
70 497.84779 151.10191 0.68368217 0.16856584 -0.071292435 25 0 8812 25.290121 -3.5073773
71 111.12979 159.089 0.66807327 -0.045699943 -0.25242311 25 0 623 1.6657311 -0.55401225
72 399.58307 160.62811 0.6044727 0.57921933 -0.089532919 25 0 47185 138.89904 -5.3567481
73 438.72178 164.11675 0.56125589 0.34693552 0.052081916 25 0 541 2.000011 -0.75258098
74 220.11824 164.82519 0.55917513 0.16714599 -0.20297769 25 0 570 1.5640148 -0.48560212
75 167.18051 168.21541 0.60925992 0.1939212 -0.23518715 25 0 1256 3.6537331 -1.406842
76 47.11906 171.77706 0.60899254 0.22109819 -0.17610806 25 0 414 1.2593991 -0.25040842
77 491.89091 172.48947 0.63542849 0.15715971 0.071802266 25 0 6392 18.660714 -3.1773206
78 239.67068 173.15184 0.605928 0.101637 -0.22602072 25 0 1906 5.6107464 -1.8725516
79 359.78971 172.91467 0.62054021 0.37173723 -0.095430941 25 0 621 1.8351773 -0.65919505
80 177.79656 173.91919 0.5751479 0.34386055 -0.14613589 25 0 1038 3.0605114 -1.214485
81 427.12674 175.11772 0.6377266 0.093594424 -0.16681005 25 0 402 1.3755702 -0.34620689
82 166.32638 176.57727 0.5915719 0.7147757 0.0018301122 25 0 1464 4.0573981 -1.5206191
83 434.79544 181.63676 0.6323777 0.40835459 -0.035815038 25 0 2771 8.1583056 -2.2789999
84 30.525593 182.43272 0.7013795 0.97334455 0.02821843 25 0 781 2.0688798 -0.78933814
85 128.71037 182.55607 0.57239802 0.93428692 0.13175655 25 0 1683 4.8346406 -1.7109105
86 424.64646 183.94685 0.6211122 0.31441173 0.0072481758 25 0 649 2.1142348 -0.81288304
87 496.5773 183.56341 0.5809904 0.73547633 0.051916354 25 0 624 2.1648057 -0.83854729
88 4.0502747 184.76204 0.64413965 0.29988186 -0.059722397 25 0 328 1.0274861 -0.029439851
89 240.46488 185.3474 0.6027536 0.28769556 -0.19186512 25 0 1137 3.1911747 -1.2598765
90 435.33709 186.67018 0.64024709 -0.12079707 -0.17352446 25 0 875 2.5803082 -1.029179
91 202.80016 188.02951 0.62470077 0.10666904 -0.10798327 25 0 922 2.6488111 -1.0576275
92 85.317407 189.0498 0.67267899 0.20228258 -0.16642299 25 0 43924 125.16376 -5.2436965
93 134.95013 190.28888 0.66704644 0.53245293 0.013561881 25 0 496 1.167096 -0.16776646
94 434.29579 194.61955 0.58627649 -0.0072573573 -0.025690076 25 0 366 1.3387828 -0.31677532
95 468.51694 198.55681 0.62344942 0.55014525 -0.08750002 25 0 546 1.7677654 -0.61856157
96 181.84569 200.97832 0.6670957 -0.18738661 -0.21433422 25 0 708 1.79578 -0.63563283
97 212.15541 201.96982 0.60541302 0.072022065 -0.1028293 25 0 464 1.2096483 -0.2066478
98 80.449068 203.01365 0.62370256 0.48647089 -0.13928833 25 0 636 1.7174767 -0.58722715
99 483.20725 204.56093 0.62023009 -0.00078239429 0.044103562 25 0 576 1.923164 -0.7100408
100 26.189979 212.19489 0.65997449 0.4734503 -0.48783079 25 0 473 1.334821 -0.3135576
101 28.481206 213.86326 0.68739279 0.55602191 -0.28064271 25 0 561 1.6021231 -0.51173967
102 439.35821 214.44823 0.54206342 -0.027330827 0.059116906 25 0 899 2.9450115 -1.1727175
103 1.5987289 215.68291 0.72219102 0.52045451 -0.044805601 25 0 2036 5.4087352 -1.8327393
104 340.00483 216.81671 0.63027284 0.32810207 -0.19316103 25 0 1560 4.5381899 -1.6422067
105 270.19135 218.88576 0.6632208 0.3573448 -0.19810897 25 0 827 2.1807657 -0.84652252
106 164.39226 220.21918 0.61281154 0.46717849 -0.22807556 25 0 1117 3.0365489 -1.2059507
107 493.14171 223.23358 0.65625817 0.29785378 -0.091592319 25 0 4974 14.504551 -2.9037607
108 253.57148 225.51873 0.58816228 0.7143855 -0.060460072 25 0 2645 7.6880382 -2.2145388
109 365.72018 227.72282 0.63147052 0.3589964 -0.11218142 25 0 4649 13.593317 -2.8333136
110 435.86407 228.43335 0.61073191 0.14429956 0.01014384 25 0 13539 39.859637 -4.0013334
111 340.72243 230.05579 0.65149997 0.15555498 -0.19665932 25 0 1171 3.244419 -1.2778423
112 505.03627 230.22568 0.51565338 0.26276094 -0.14794319 25 0 240 1.0656582 -0.069044866
113 194.09025 236.34115 0.61092768 0.37468885 -0.14271266 25 0 720 1.8873321 -0.68962082
114 254.06475 237.24882 0.678315 0.3877613 -0.075756044 25 0 919 2.3686471 -0.93625092
115 445.13321 239.96694 0.63989411 0.15646682 -0.15234454 25 0 2136 6.468985 -2.0270904
116 44.716484 240.73958 0.57743237 0.1807291 -0.12422452 25 0 404 1.1536814 -0.15521473
117 441.96141 253.42222 0.59974602 0.25116016 -0.0034496605 25 0 7027 21.035677 -3.3073912
118 217.72698 253.87673 0.63460995 0.22086387 -0.19188285 25 0 5277 15.2595 -2.9588507
119 279.846 256.29517 0.58113479 0.14878048 -0.03417438 25 0 491 1.3779384 -0.34807454
120 345.47022 262.62931 0.59296107 -0.41033489 -0.031409279 25 0 367 1.0108434 -0.011709716
121 118.50237 264.25546 0.60407932 0.17551225 -0.46513541 25 0 391 1.0328426 -0.035085306
122 47.081386 274.67764 0.65768761 0.25378892 -0.017329305 25 0 1661 4.812224 -1.7058646
123 103.36137 276.35248 0.72952254 0.2245321 -0.2643093 25 0 436 1.0620606 -0.065373195
124 61.428506 283.89375 0.67516114 0.099699523 -0.17196131 25 0 859 2.3024741 -0.90548689
125 361.5727 286.17419 0.64954374 -0.066135184 -0.18793918 25 0 5763 16.454683 -3.0407238
126 174.34755 287.48721 0.53830312 -0.20521426 0.01191901 25 0 797 2.2782729 -0.89401434
127 52.896578 288.83276 0.67765501 0.3156722 -0.025128406 25 0 1578 4.4058075 -1.6100638
128 81.225501 288.54203 0.55548769 0.13013286 -0.024668672 25 0 1139 3.3469387 -1.3116194
129 335.93355 290.94601 0.68930658 0.1905315 -0.16881752 25 0 567 1.5973759 -0.50851783
130 467.26938 291.02933 0.62705982 0.11867489 -0.18404356 25 0 689 2.2371682 -0.87424661
131 5.49861 293.7957 0.59102108 -0.16490005 -0.19569072 25 0 437 1.278513 -0.2667629
132 150.23636 298.26418 0.69763707 0.40088626 -0.16721725 25 0 593 1.4048716 -0.36909161
133 64.541386 304.41218 0.55213721 -0.19970371 -0.084340422 25 0 1133 3.3758348 -1.320953
134 208.1022 309.93169 0.60246449 0.13286999 -0.22545253 25 0 916 2.5991201 -1.0370659
135 439.97536 309.86 0.64809768 0.11299188 -0.091464478 25 0 1108 3.450364 -1.3446623
136 127.41202 314.63162 0.60249366 0.056819534 -0.092198377 25 0 3196 9.230073 -2.4130128
137 3.4185612 316.36117 0.69891858 0.56407415 -0.13256094 25 0 2382 6.3877445 -2.0133688
138 176.8593 324.34779 0.7384171 -0.50569706 -0.093622687 25 0 439 1.0311238 -0.033277039
139 319.52516 326.42863 0.51571933 -0.25663116 -0.24545727 25 0 493 1.5942862 -0.50641573
140 9.9313496 333.62513 0.6698044 0.38615221 0.018648802 25 0 5180 14.694034 -2.9178526
141 277.13052 333.68864 0.44521985 0.043643794 -0.1967846 25 0 428 1.5087786 -0.44656378
142 369.69345 334.07887 0.67521994 0.1685503 -0.074278354 25 0 524 1.5281334 -0.46040314
143 20.154941 334.55526 0.6265389 0.18843403 0.053740366 25 0 12227 35.952754 -3.8893304
144 253.23942 335.29148 0.63757039 0.32323903 -0.23499093 25 0 954 2.7928718 -1.1151275
145 66.416647 335.71105 0.6419429 -0.073596562 -0.10785586 25 0 1024 2.8396708 -1.13317
146 478.23674 341.58813 0.42368971 0.58389121 0.44897257 25 0 633 2.2757679 -0.89281993
147 249.22033 344.98501 0.69429349 0.25750652 0.038829236 25 0 434 1.0616224 -0.064925218
148 350.16232 347.55377 0.59265549 0.14578089 -0.068417871 25 0 659 1.9190887 -0.70773764
149 7.4239 350.88106 0.58582854 -0.2847907 -0.0080695788 25 0 285 1.0136509 -0.014721009
150 229.36539 351.25776 0.64025488 0.3919285 -0.16314041 25 0 5428 15.675785 -2.9880733
151 11.346233 353.70155 0.63801395 0.12250162 0.10935569 25 0 822 2.3376746 -0.92196014
152 371.41618 352.6213 0.59798717 -0.17512679 -0.19942429 25 0 940 2.7988513 -1.1174496
153 1.7773357 353.96304 0.64094692 0.51906034 -0.042933012 25 0 511 1.3159192 -0.29807307
154 288.25162 355.25612 0.61771814 0.32426664 -0.16879386 25 0 25156 74.17323 -4.675618
155 11.635193 357.36058 0.64899801 0.7186981 0.21406303 25 0 1198 3.2251672 -1.2713806
156 12.692794 360.85644 0.681974 -0.77341764 -0.17285947 25 0 649 1.740886 -0.60192583
157 404.10269 362.32949 0.60277274 0.18416291 -0.069821937 25 0 1835 5.6749952 -1.8849137
158 215.51129 364.34439 0.56656407 -0.26207044 -0.16211229 25 0 1408 4.2161165 -1.5622815
159 267.67569 365.43867 0.59053534 0.59718422 0.0056856158 25 0 2461 7.236905 -2.1488822
160 85.273266 367.00294 0.69588713 0.20765068 -0.2097941 25 0 5663 15.726146 -2.9915558
161 417.39178 366.70343 0.64440757 -0.33687921 -0.25186732 25 0 1024 3.0782979 -1.2207766
162 128.36565 367.78641 0.66308715 0.50534517 -0.22281668 25 0 504 1.3099044 -0.29309897
163 489.01521 368.80738 0.68799447 0.12869764 -0.0597372 25 0 10093 28.960994 -3.6545336
164 12.342785 370.07304 0.71706096 0.25509391 -0.16546527 25 0 554 1.4375284 -0.39404111
165 355.42761 379.92819 0.65946577 0.068862092 -0.30634067 25 0 3353 9.5247344 -2.4471322
166 64.455604 381.16024 0.68050643 0.33715776 -0.20034993 25 0 3735 10.325182 -2.5347442
167 110.17248 382.83447 0.68578592 0.28407247 -0.16835032 25 0 672 1.8760779 -0.68312717
168 216.87445 384.18966 0.65718085 0.30133256 -0.10872925 25 0 710 1.9875336 -0.74578618
169 473.47774 385.17716 0.61351455 -0.51161184 -0.10028563 25 0 598 2.0540747 -0.7815406
170 89.837512 385.87906 0.65135846 0.68466625 0.040088592 25 0 468 1.406906 -0.37066267
171 134.18825 387.05219 0.65095736 0.19594047 -0.21793659 25 0 1616 4.6466637 -1.6678531
172 444.91453 389.1727 0.68224809 0.050484538 -0.075477977 25 0 2760 8.1196624 -2.2738449
173 474.31391 388.8088 0.68422354 -0.11745899 -0.12159596 25 0 2099 6.0441492 -1.9533379
174 49.768377 392.17366 0.73423419 0.19336848 -0.1541747 25 0 666 1.7093344 -0.5820676
175 236.22823 397.04466 0.66025744 0.13216154 -0.21791407 25 0 8545 24.696718 -3.4815981
176 366.66576 399.07563 0.66300281 -0.02689928 -0.21924493 25 0 801 2.4289475 -0.9635453
177 402.09093 404.10803 0.64501304 0.1584234 -0.033944794 25 0 606 1.9786917 -0.74094531
178 265.40027 404.48133 0.44840756 0.15546223 -0.11968816 25 0 489 1.7297246 -0.59494241
179 262.63286 408.22489 0.65549556 -0.027001254 -0.20610096 25 0 2026 5.7779431 -1.9044332
180 280.56765 408.00161 0.65490126 0.076798711 -0.16292889 25 0 365 1.1138338 -0.11705102
181 484.42994 408.48331 0.58375385 0.42993116 0.25187126 25 0 331 1.2495869 -0.24191619
182 94.646986 413.55193 0.67415334 0.48082358 -0.14510265 25 0 889 2.3688993 -0.93636648
183 118.64047 415.05844 0.66096278 0.098071068 -0.25244683 25 0 2387 6.8780514 -2.0936635
184 294.4877 425.16178 0.61849467 0.26222863 -0.016267471 25 0 389 1.2067248 -0.20402059
185 204.37398 432.0434 0.63047973 0.1151228 -0.26116953 25 0 391 1.177901 -0.177772
186 169.5779 433.05252 0.67645763 0.047705696 -0.34530914 25 0 2327 6.5084312 -2.0336908
187 142.95226 433.97226 0.66707693 0.4048317 -0.087229055 25 0 1165 3.3497245 -1.3125227
188 391.80965 433.84011 0.59636888 0.17330055 -0.17897621 25 0 296 1.0614035 -0.064701274
189 242.66987 436.53412 0.5628341 -0.28297443 -0.021563747 25 0 908 2.714014 -1.0840302
190 501.77771 436.09724 0.24267452 0.13633773 -0.072953279 25 0 58099 220.33316 -5.8576997
191 355.27056 438.17716 0.67710255 0.24058467 -0.2014731 25 0 3430 9.7588275 -2.4734941
192 255.79686 440.98691 0.71450599 -0.38882758 -0.1196416 25 0 1319 3.5468133 -1.3745958
193 101.87774 442.8502 0.72093222 0.27571961 -0.14918375 25 0 16629 45.695284 -4.1496785
194 487.84219 452.73968 0.67532961 0.20218184 -0.059056808 25 0 2269 6.7732377 -2.0769908
195 390.10113 455.12142 0.65184358 -0.21550658 -0.24537427 25 0 297 1.0887027 -0.092273247
196 321.64849 456.50088 0.60764334 0.045598468 -0.042633406 25 0 574 1.7381051 -0.60019011
197 445.96775 457.41957 0.55434949 0.40859789 0.043454236 25 0 271 1.0871999 -0.090773463
198 372.79222 461.34635 0.67641905 -0.15722409 -0.15054128 25 0 1316 3.8007627 -1.4496769
199 66.959042 462.42025 0.66006771 0.23972043 -0.0014154561 25 0 5958 17.080735 -3.0812664
200 159.9838 463.4725 0.58181077 0.35094757 -0.044264372 25 0 1048 3.1133215 -1.2330599
201 438.43376 464.82522 0.48626854 -0.0029732658 -0.15517225 25 0 58494 189.2906 -5.6928226
202 221.71057 471.5748 0.64757653 0.4713167 -0.054180959 25 0 4801 13.870174 -2.8552047
203 353.28421 473.22503 0.72897645 -0.13282643 -0.083147518 25 0 646 1.8652999 -0.67687164
204 439.54825 472.703 0.58999339 0.17660542 0.023949042 25 0 403 1.4564662 -0.40825105
205 124.87264 475.71638 0.54413901 0.59234787 0.32986408 25 0 360 1.171996 -0.17231529
206 271.76028 474.92593 0.6960972 0.13959546 -0.22649997 25 0 3486 9.8801364 -2.4869074
207 349.04335 479.97425 0.67173225 0.25555253 -0.28807073 25 0 487 1.594675 -0.50668047
208 149.62588 480.981 0.6946844 0.20534225 -0.25041412 25 0 951 2.7015193 -1.0790202
209 74.732274 486.38227 0.62053362 0.16850426 -0.088033367 25 0 1023 3.0479214 -1.2100094
210 250.88999 495.84184 0.69868073 0.68224967 -0.13771712 25 0 485 1.5281524 -0.46041665
211 508.121 497.97295 0.76832267 0.012772007 -0.58838421 25 0 331 1.1683156 -0.16890046
212 78.140003 501.2073 0.74990069 0.37300833 -0.19066445 25 0 422 1.1557873 -0.15719479
213 126.66245 502.8284 0.7205924 -0.45772807 -0.23626813 25 0 667 1.7825981 -0.62763359
214 172.093 503.12109 0.73022153 0.27507155 -0.25719516 25 0 564 1.4409761 -0.39664196
215 127.73977 506.7319 0.73685453 0.15265449 -0.20430606 25 0 853 2.2098409 -0.86090251
216 174.08851 510.39324 0.58918165 0.29451466 -0.21553863 25 0 819 2.3946382 -0.94809978
