id xcentroid ycentroid sharpness roundness1 roundness2 npix sky peak flux mag
1 309.50487 1.0362733 0.62167354 -0.40542044 -0.43338464 25 0 498 1.4628654 -0.41301089
2 440.82783 3.9755756 0.62598369 0.13390951 -0.028609784 25 0 397 1.517962 -0.45315223
3 121.33989 8.125854 0.75819799 0.37581484 -0.14987722 25 0 412 1.1026066 -0.10605148
4 346.86736 9.449002 0.52945489 0.17589355 0.046634715 25 0 481 1.6699286 -0.55674473
5 36.549825 10.111484 0.65643366 0.23312786 -0.22979516 25 0 10544 29.113153 -3.6602231
6 420.41845 12.503522 0.58370359 0.85259583 -0.041485845 25 0 432 1.4315419 -0.38951012
7 479.61726 12.28784 0.64164215 0.58370948 -0.24065411 25 0 18543 50.360208 -4.2552188
8 366.24523 30.70235 0.6024806 0.10501297 -0.0066242561 25 0 377 1.1527441 -0.15433225
9 125.76944 37.689998 0.48260402 0.1868664 0.051153742 25 0 365 1.3388807 -0.31685472
10 198.65438 38.756259 0.58596625 0.36019204 -0.039926031 25 0 948 2.7973513 -1.1168675
11 218.10956 39.618078 0.58537591 0.22935125 0.043576611 25 0 1738 4.9904734 -1.7453544
12 358.79327 40.797181 0.63554395 0.52100059 0.11966579 25 0 412 1.2236564 -0.21914875
13 78.656479 42.019231 0.6709064 -0.44204751 -0.22921852 25 0 392 1.134244 -0.13676622
14 336.6257 41.647638 0.39643258 0.60433425 -0.081196241 25 0 58746 197.34705 -5.7380766
15 123.40248 43.942745 0.64717748 0.11430519 -0.27699579 25 0 3777 10.354326 -2.5378046
16 412.23269 45.148383 0.6990054 0.35947862 -0.14579856 25 0 841 2.441489 -0.96913694
17 482.55165 51.238751 0.58344753 0.28007277 -0.14316756 25 0 515 1.7844997 -0.62879117
18 306.29641 52.120317 0.58271993 0.18283024 -0.25486392 25 0 1231 3.6212657 -1.397151
19 455.39431 58.7414 0.5701309 0.085193665 -0.12759114 25 0 1012 3.2293237 -1.272779
20 43.490681 65.032196 0.64655896 -0.3543081 -0.19587121 25 0 465 1.3899409 -0.35749084
21 444.8995 65.738096 0.54800267 0.56462851 0.059391018 25 0 1088 3.5754252 -1.3833192
22 9.8433614 66.792147 0.50398488 0.0098877412 0.2246573 25 0 246 1.0238481 -0.025588868
23 430.13907 67.26841 0.60494516 0.45368251 -0.31546667 25 0 420 1.4450928 -0.39973933
24 67.784637 69.890213 0.66450096 0.21794624 -0.17026102 25 0 1322 3.6754089 -1.4132642
25 480.65426 74.241364 0.61606221 0.34871596 -0.10391173 25 0 646 2.0792632 -0.79477369
26 362.61171 78.341439 0.56531823 -0.0061801008 -0.13615247 25 0 2330 6.8480427 -2.0889162
27 131.7006 81.72324 0.57632951 0.4768706 -0.13814571 25 0 376 1.0096179 -0.010392629
28 104.08107 85.205815 0.6089784 0.5150861 0.11885051 25 0 483 1.3247453 -0.30533098
29 503.11383 85.10961 0.63569749 0.32711018 -0.086855615 25 0 17480 49.800305 -4.24308
30 167.19514 92.019457 0.59333438 0.56522794 -0.14443315 25 0 438 1.2084127 -0.20553822
31 295.71215 92.66335 0.57543401 0.30155436 -0.080231178 25 0 954 2.7423836 -1.0953205
32 299.69381 94.267395 0.56065554 0.33648858 0.048951444 25 0 922 2.513682 -1.0007759
33 198.05992 95.469411 0.50893951 0.4381744 0.03403776 25 0 1098 3.2555231 -1.2815519
34 65.69414 99.717037 0.62375225 0.33657887 -0.077769215 25 0 3009 8.3909411 -2.3095267
35 501.43929 105.07268 0.63110722 0.21154043 -0.10480576 25 0 1529 4.5383576 -1.6422468
36 344.31704 110.78991 0.54130933 0.14517946 -0.25791805 25 0 426 1.214633 -0.21111265
37 231.03611 112.75591 0.56256111 0.26097987 -0.085844235 25 0 12440 37.063177 -3.9223566
38 248.46698 112.82816 0.58058036 0.081549968 -0.19112484 25 0 824 2.0558653 -0.78248665
39 258.57784 114.19184 0.58638631 0.36936418 -0.25863244 25 0 1343 3.6542795 -1.4070044
40 315.13569 113.89934 0.4913541 0.067216675 -0.17539345 25 0 852 2.6223806 -1.0467393
41 460.40807 115.62108 0.48637916 0.70364192 -0.037722816 25 0 255 1.0302231 -0.032328253
42 210.68346 115.95378 0.60982907 -0.15247055 -0.23083244 25 0 465 1.1248217 -0.12770924
43 62.851072 117.93398 0.71685124 0.78517563 -0.07253169 25 0 452 1.1950736 -0.19348663
44 162.51466 119.51297 0.57524151 0.71662876 -0.13284536 25 0 1348 3.6686898 -1.4112775
45 186.41336 124.88083 0.58806331 0.14774843 -0.24076865 25 0 1407 3.9064545 -1.4794569
46 17.678952 126.33041 0.6179124 0.64215808 0.088933551 25 0 791 2.2543517 -0.88255417
47 263.89551 128.27832 0.59779447 0.41038687 -0.20235892 25 0 443 1.0399433 -0.04252417
48 406.29267 136.18447 0.58215367 0.3987638 -0.16829407 25 0 8906 25.965911 -3.5360089
49 309.10154 141.8805 0.57722306 0.20268404 -0.11450872 25 0 2278 6.5640792 -2.0429345
50 24.973197 142.788 0.74448531 0.35433956 -0.044179445 25 0 697 1.8240361 -0.65258356
51 8.0300096 146.70025 0.75911724 0.19019511 -0.004409836 25 0 515 1.2800543 -0.26807102
52 494.5621 148.13281 0.61189823 0.31784908 -0.26200418 25 0 5445 15.45587 -2.9727337
53 107.7081 156.17969 0.57573225 0.66210711 0.022045336 25 0 427 1.1793399 -0.1790975
54 396.24427 157.7329 0.55473209 0.1567229 -0.12335778 25 0 35830 106.36728 -5.0670201
55 435.44067 161.06633 0.60101393 0.028538662 -0.27615219 25 0 382 1.2270759 -0.22217853
56 216.62524 161.73871 0.49680423 0.26156678 -0.26492674 25 0 398 1.2096847 -0.20668049
57 163.7072 165.25891 0.61970991 0.066045136 -0.12503157 25 0 898 2.2006087 -0.85635708
58 236.33517 170.15136 0.59042302 0.30668686 -0.16978245 25 0 1422 3.8338813 -1.4590967
59 356.50071 169.80846 0.65207104 0.16088227 -0.39850543 25 0 445 1.1761625 -0.17616834
60 488.49656 169.52841 0.60915474 0.7112378 -0.041267071 25 0 4310 12.07149 -2.7044022
61 174.56093 170.95659 0.63295956 0.052395322 -0.24101254 25 0 765 1.953017 -0.72676505
62 162.99372 173.55816 0.54911149 0.35012051 -0.015683099 25 0 1096 2.9361771 -1.1694556
63 431.50458 178.7288 0.54043691 -0.022287082 -0.21608143 25 0 1806 5.4146521 -1.8339264
64 27.013478 179.48192 0.52751495 0.17227785 0.065304356 25 0 539 1.6805966 -0.56365869
65 125.32795 179.66304 0.59793269 0.33321878 0.029748055 25 0 1352 3.5108278 -1.3635238
66 421.28977 181.01084 0.59791789 -0.06921406 -0.090503304 25 0 530 1.6764127 -0.56095235
67 493.35521 180.56899 0.57291533 0.18401911 -0.13664086 25 0 481 1.6325179 -0.53214489
68 236.95991 182.47467 0.54371133 0.25959858 0.030928557 25 0 771 1.9306547 -0.71426154
69 431.8266 183.84431 0.6400195 0.23025945 0.0092966511 25 0 680 1.9945916 -0.74963497
70 199.55525 184.98486 0.54285348 0.18083715 -0.28413791 25 0 555 1.4971098 -0.43813411
71 81.80172 186.14606 0.64266945 0.14452303 -0.092196702 25 0 32412 91.059224 -4.8983099
72 465.25434 195.62063 0.51183624 -0.29353628 -0.037581436 25 0 313 1.0956214 -0.099151226
73 76.891717 200.14657 0.63277927 0.11523993 -0.21449962 25 0 445 1.1000644 -0.10354525
74 479.68185 201.79488 0.6756109 0.25097816 -0.012983109 25 0 472 1.4391543 -0.39526838
75 435.86299 211.75309 0.46581668 0.37828574 -0.13250268 25 0 661 2.4679586 -0.98084467
76 336.52736 213.95031 0.59635932 0.28752617 -0.18889806 25 0 1126 3.1370149 -1.2412914
77 266.80404 215.96861 0.61952537 0.58557691 -0.1581432 25 0 609 1.507768 -0.44583632
78 160.82868 217.33243 0.58207742 0.086682607 -0.1090603 25 0 773 1.9893818 -0.74679536
79 489.65619 220.42754 0.56858506 -0.0016938623 -0.010303906 25 0 2999 8.7612887 -2.35642
80 250.26915 222.6607 0.54100012 0.17987686 -0.1049005 25 0 2044 5.846739 -1.9172843
81 362.38548 224.74746 0.53489588 0.029285198 -0.14112392 25 0 3024 8.9864533 -2.3839708
82 432.47275 225.46702 0.55653521 0.77226117 -0.046391954 25 0 8492 24.300637 -3.4640441
83 337.28329 227.14982 0.6096964 0.48823699 -0.13787297 25 0 867 2.3578417 -0.93128661
84 190.61903 233.44149 0.53602987 0.17946748 -0.15066545 25 0 518 1.3112402 -0.29420561
85 250.74109 234.46455 0.53365184 0.29429569 -0.29732312 25 0 571 1.5919106 -0.5047967
86 441.58395 237.04136 0.60888415 0.18412765 -0.16657341 25 0 1355 3.9624318 -1.4949045
87 214.442 250.94664 0.60028216 0.12261528 -0.21531991 25 0 3755 10.398106 -2.5423856
88 438.55285 250.3756 0.56236034 0.8204129 0.030406508 25 0 4351 12.36824 -2.7307697
89 115.25796 261.19068 0.44780309 0.40308635 -0.034227384 25 0 314 1.0247614 -0.026556883
90 43.603661 271.82314 0.69033526 0.2847061 -0.13111034 25 0 1251 3.3011999 -1.2966796
91 57.960221 280.99604 0.67335681 0.21828927 -0.019241187 25 0 707 1.7708309 -0.62044272
92 358.18639 283.21381 0.56918995 0.30580732 -0.13910873 25 0 3901 11.441936 -2.6462488
93 171.04527 284.51391 0.56895977 0.43280546 -0.13439894 25 0 683 1.7610369 -0.61442114
94 49.415436 285.94648 0.64782323 0.13544651 -0.34450116 25 0 987 2.6267028 -1.0485273
95 77.713093 285.69936 0.61804639 0.3232484 -0.17006005 25 0 962 2.5475091 -1.0152894
96 463.83185 288.19652 0.58997657 0.09748764 -0.25470252 25 0 465 1.5417963 -0.4700675
97 61.201515 301.39696 0.63472571 0.62290832 -0.0029215483 25 0 995 2.5987625 -1.0369165
98 204.70748 307.02007 0.58435878 0.24263856 -0.064006191 25 0 662 1.6904516 -0.57000685
99 436.55676 306.94033 0.60596075 -0.10095888 -0.26393594 25 0 656 1.9267356 -0.71205533
100 123.95706 311.72923 0.60657193 0.3476742 -0.087975091 25 0 2660 7.5216905 -2.1907887
101 0.35928289 313.48452 0.74832824 0.42109159 0.30387532 25 0 1682 4.3356336 -1.5926314
102 316.19199 323.29733 0.58613572 0.52024334 0.00023798274 25 0 411 1.1190244 -0.12209888
103 6.4989086 330.59807 0.63704796 0.65148037 -0.081525824 25 0 3514 9.6118261 -2.4570148
104 273.48086 330.73992 0.63803719 0.17876838 -0.25840293 25 0 416 1.0769638 -0.080502807
105 16.74869 331.52952 0.63867669 0.54366898 0.060660834 25 0 9134 25.10493 -3.4993975
106 249.73342 332.21617 0.56932017 0.21440155 -0.17435813 25 0 672 1.9025334 -0.69833075
107 63.03241 332.81395 0.6693481 0.23830663 -0.082680161 25 0 867 2.3034995 -0.9059703
108 474.75587 338.53334 0.51796617 0.78101483 0.42571668 25 0 555 1.8137739 -0.64645787
109 346.70493 344.70028 0.55511498 0.092377022 -0.25694507 25 0 456 1.3045167 -0.28862412
110 225.9348 348.35483 0.56015285 0.23220842 -0.07967439 25 0 3792 11.178551 -2.6209638
111 367.93757 349.72681 0.54931622 0.39253335 -0.15233375 25 0 754 2.2924221 -0.90073646
112 8.0832737 350.5724 0.58197803 0.02955173 0.31948489 25 0 595 1.5958121 -0.50745437
113 284.81217 352.33891 0.56932265 0.064578644 -0.11778057 25 0 17238 49.43105 -4.2349996
114 8.1973588 354.46884 0.68353668 0.4307051 0.19960973 25 0 1042 2.6466735 -1.0567509
115 9.185258 357.77166 0.72978973 -0.59346537 0.1567567 25 0 542 1.256508 -0.24791316
116 400.59378 359.32192 0.53971995 0.74808423 0.12218298 25 0 1082 3.3334852 -1.3072463
117 212.21797 361.24252 0.61031046 0.40641859 -0.1298829 25 0 1223 3.4031054 -1.3296885
118 264.25665 362.60418 0.49611927 0.62469485 0.053292108 25 0 1652 5.0375515 -1.7555488
119 81.755495 364.02685 0.6332512 0.16033014 -0.16146881 25 0 4063 11.423596 -2.6445071
120 413.75466 363.78331 0.58189026 0.2207011 -0.087326757 25 0 726 2.295074 -0.90199171
121 124.95194 364.79955 0.57437156 0.1314993 -0.083250894 25 0 417 1.1519915 -0.15362315
122 485.48134 365.80416 0.62163467 0.27963131 -0.17049074 25 0 6399 18.134582 -3.1462689
123 9.0742752 367.14161 0.64094933 0.39804854 0.19280121 25 0 412 1.0667926 -0.070199994
124 352.07699 376.92107 0.58073807 0.09763465 -0.16642893 25 0 2529 7.5783877 -2.1989421
125 60.966362 378.22134 0.59378313 0.24469011 -0.11054193 25 0 2714 7.870698 -2.2400331
126 106.71362 379.8279 0.64823472 0.33720118 -0.34198963 25 0 510 1.3565701 -0.33110562
127 213.40078 381.21204 0.63926033 0.79567632 0.18521161 25 0 514 1.30962 -0.29286323
128 469.99541 382.22693 0.64398469 -0.81763568 -0.17997515 25 0 415 1.2854889 -0.27267081
129 130.72218 384.14025 0.60605029 0.026406642 -0.23136441 25 0 1155 3.3403419 -1.3094773
130 441.56996 386.16799 0.63481852 0.18454325 -0.2873218 25 0 1713 4.8444207 -1.7131046
131 470.79889 385.81009 0.6040824 0.078153482 -0.11081248 25 0 1440 4.3810009 -1.6039333
132 46.460985 388.98584 0.59541662 0.52762179 -0.11585805 25 0 487 1.3990357 -0.36457203
133 232.7832 394.07779 0.59835806 0.096293681 -0.16418813 25 0 5986 17.292229 -3.0946274
134 363.46553 396.05404 0.54894234 -0.17767743 -0.37010497 25 0 474 1.5711321 -0.49053179
135 398.66135 401.12403 0.62903148 0.43915768 -0.25426793 25 0 318 1.0572668 -0.060461507
136 261.87381 401.44079 0.50365968 0.63436608 0.17598103 25 0 466 1.4836221 -0.42830823
137 259.22968 405.25108 0.55917696 0.37474865 -0.12305314 25 0 1388 4.1434888 -1.5434154
138 91.265549 410.57779 0.60003231 0.091648162 -0.029982284 25 0 649 1.7670145 -0.61810029
139 115.25391 412.09245 0.67153429 0.2768982 -0.19882276 25 0 1894 5.112957 -1.7716803
140 166.04182 430.15198 0.66144129 0.2238447 -0.15517686 25 0 1870 5.1783401 -1.7854764
141 139.42579 430.97686 0.55896354 0.43424064 -0.23849918 25 0 714 2.0299917 -0.76873567
142 239.23623 433.50902 0.50603993 0.58251037 0.0019899766 25 0 713 2.2238135 -0.8677459
143 498.16104 433.15232 0.27282051 0.3085041 -0.051280141 25 0 58488 216.47374 -5.8385131
144 351.81036 435.24704 0.54514579 -0.022279189 -0.19919811 25 0 2193 6.8798679 -2.0939503
145 252.41555 437.90359 0.60075376 -0.08106171 -0.085507032 25 0 897 2.6317701 -1.0506199
146 98.555482 439.79661 0.6117442 -0.10945504 -0.25314533 25 0 10105 28.410179 -3.6336849
147 484.39589 449.73547 0.60283181 -0.0835144 -0.16719068 25 0 1457 4.426071 -1.6150459
148 318.4476 453.39385 0.50887806 0.59307663 0.0035005374 25 0 411 1.4977371 -0.43858896
149 369.47014 458.35725 0.61469715 0.56186749 -0.20674665 25 0 854 2.4649165 -0.97950554
150 63.579465 459.36734 0.63766626 0.58500093 -0.20060071 25 0 4018 10.995291 -2.6030168
151 156.57469 460.60893 0.57228378 -0.50728681 -0.21588716 25 0 727 2.0703698 -0.79011983
152 434.88055 461.96485 0.48126741 0.12064498 -0.1968673 25 0 58511 191.29371 -5.7042517
153 218.30494 468.53995 0.57675834 -0.038027095 -0.082030781 25 0 3394 9.9768828 -2.4974872
154 349.95737 470.32255 0.63310723 0.051410495 -0.21018618 25 0 390 1.1931621 -0.19174867
155 121.6537 472.32008 0.40151194 0.19368731 -0.14968454 25 0 266 1.1062321 -0.10961567
156 268.38572 471.88128 0.61270981 -0.022223138 -0.22446183 25 0 2376 6.9046002 -2.0978463
157 345.57295 476.94382 0.6077488 -0.25058067 -0.30649271 25 0 323 1.1371852 -0.13957802
158 146.33764 477.91034 0.59421182 -0.038616227 -0.22360262 25 0 681 2.0475508 -0.77808671
159 71.274792 483.24487 0.77560715 0.17859639 -0.16733902 25 0 964 2.4181882 -0.95872523
160 123.26974 500.06375 0.64731298 0.1993844 0.017676595 25 0 507 1.4252126 -0.38469913
161 168.67358 500.11055 0.59945758 0.36092971 -0.23424871 25 0 363 1.0324106 -0.034631171
162 124.24175 503.63895 0.6532986 0.064380235 -0.20697247 25 0 509 1.2921397 -0.27827368
163 170.57219 507.47916 0.60316413 -0.0050770148 0.031734045 25 0 545 1.4493599 -0.40294058
164 44.94001 510.30606 0.69631577 -0.16063952 -0.11485329 25 0 470 1.2065978 -0.20390634
165 168.03689 510.82023 0.85670417 -0.1751986 -0.65344062 25 0 715 1.6587414 -0.54944673
166 243.16358 510.55868 0.6524257 0.28836306 -0.28870111 25 0 922 2.5334446 -1.0092785
167 253.92481 510.45835 0.63830773 -0.10216126 -0.29462335 25 0 355 1.0054261 -0.0058753865
