id xcentroid ycentroid sharpness roundness1 roundness2 npix sky peak flux mag
1 348.22689 4.5739523 0.69916175 0.28761678 -0.39723047 25 0 261.99108 1.0955185 -0.099049324
2 320.8054 7.1306288 0.74613886 0.32714601 -0.038914494 25 0 784.96159 3.050847 -1.2110511
3 329.82703 9.6090708 0.50198775 0.077377434 0.042943432 25 0 306.67558 1.6478936 -0.54232291
4 452.23045 10.404615 0.68394562 0.6040453 -0.0025350438 25 0 493.3301 1.987909 -0.74599127
5 132.65755 14.833558 0.80058897 0.60085949 0.037307141 25 0 557.22792 2.0904037 -0.80057542
6 358.4 15.741642 0.60283758 0.26012191 0.084899486 25 0 711.72547 3.1951747 -1.2612365
7 47.815713 16.655756 0.72113542 0.41940751 0.033409769 25 0 15103.008 60.559192 -4.4554502
8 431.7933 18.796843 0.73882173 0.3118923 -0.069535423 25 0 831.91182 3.3820758 -1.3229583
9 490.87055 18.745067 0.67859921 0.44836314 -0.0013498489 25 0 28015.884 116.18685 -5.1628924
10 357.49321 24.191503 0.64204692 0.33931637 -0.2956512 25 0 287.69217 1.2310032 -0.22564798
11 0.80352184 30.308665 0.66567883 -0.51746467 0.14335701 25 0 329.51814 1.5665069 -0.48733079
12 236.40109 34.200156 0.91544074 0.37089777 -0.53339437 25 0 374.19639 1.1844399 -0.18378256
13 377.60006 37.161242 0.67437333 0.70964891 -0.34834905 25 0 516.38301 2.0835353 -0.79700216
14 477.06148 37.152578 0.78562106 0.42807293 0.11504298 25 0 447.59619 1.6951043 -0.57299104
15 150.27018 40.077469 0.65271761 0.072834578 -0.090580931 25 0 481.55644 2.029255 -0.76834157
16 137.05287 44.262742 0.64337508 0.43323777 -0.12642784 25 0 640.40396 2.8554421 -1.1391834
17 209.97508 45.275655 0.70473174 0.24056609 -0.0053411235 25 0 1302.8504 5.2924659 -1.8091452
18 229.52425 46.011477 0.66281297 0.22769818 -0.24460348 25 0 2223.0762 9.1379391 -2.4021206
19 442.29653 45.794259 0.77296235 -0.37153845 -0.67223037 25 0 280.86809 1.0939463 -0.097490049
20 369.96671 47.18874 0.73392853 0.45998177 -0.0089474742 25 0 589.79862 2.3108632 -0.90943558
21 348.01619 48.115475 0.27680952 0.57890947 -0.047912374 25 0 59058.176 342.66055 -6.3371603
22 413.78168 47.703245 0.58513241 0.56983146 -0.098476557 25 0 230.80685 1.1431525 -0.14526045
23 89.850715 48.561442 0.71253496 0.031177361 -0.061293964 25 0 557.41762 2.2753899 -0.89263955
24 273.51056 48.531199 0.8666562 0.90578586 -0.23551274 25 0 332.12364 1.2020393 -0.19979669
25 134.74746 50.515503 0.57647023 0.060043634 0.043687308 25 0 4343.7165 19.342576 -3.2162858
26 177.84514 51.082549 0.54808766 0.54839795 -0.19365651 25 0 292.52453 1.3151027 -0.29739918
27 423.66321 51.533022 0.63918006 0.92072724 0.055726707 25 0 896.93952 3.7255242 -1.4279685
28 257.1122 55.910158 0.75289432 -0.09559577 -0.23813056 25 0 353.31752 1.4418734 -0.39731781
29 270.55817 57.148283 0.57984156 0.53289071 -0.2363797 25 0 349.5575 1.6396656 -0.53688819
30 424.20252 56.872643 0.74712722 0.10698599 -0.16105681 25 0 283.13803 1.1169258 -0.12006081
31 75.989278 57.608872 0.59258332 0.39798241 0.33327284 25 0 219.79738 1.0063052 -0.0068243247
32 494.02581 57.53402 0.56071747 0.08071944 0.11934459 25 0 740.31286 3.5089878 -1.3629547
33 317.75351 58.549679 0.66031836 0.6561376 0.037557006 25 0 1376.3504 5.5760136 -1.8658096
34 165.75258 63.667217 0.70632286 0.69636665 -0.19858786 25 0 324.97243 1.3639801 -0.33702012
35 466.6326 65.171392 0.6323322 0.2446581 -0.13202545 25 0 1504.6351 6.5661741 -2.043281
36 53.979257 66.519285 0.74188516 -0.33973082 0.28284884 25 0 285.97507 1.0746629 -0.078180668
37 20.954822 69.303404 0.70269835 -0.22262131 0.13835624 25 0 525.73196 2.3274119 -0.91718315
38 372.82256 69.274878 0.49228006 0.74793763 0.15012577 25 0 240.55367 1.3850392 -0.35365514
39 78.000596 71.22944 0.83968061 0.38044624 0.15242748 25 0 536.74414 1.97819 -0.74066998
40 54.825135 71.583852 0.73674439 0.44607534 0.17714579 25 0 644.96014 2.5305328 -1.0080299
41 192.82832 71.593365 0.64555789 0.20561445 -0.2114787 25 0 337.18487 1.4292613 -0.38777912
42 456.26203 72.068557 0.69449249 0.33591619 -0.1278661 25 0 1734.6403 7.1268418 -2.1322428
43 21.256178 73.322379 0.88898372 -0.0095919 -0.091761204 25 0 561.7058 1.9565005 -0.72869993
44 135.67545 73.173908 0.69550217 -0.053200588 -0.3947415 25 0 430.94619 1.789203 -0.63164907
45 494.95612 72.72931 0.66327585 0.36831546 -0.0032175644 25 0 463.52881 1.9732322 -0.73794549
46 441.54048 73.838233 0.79281907 0.67445675 0.028849313 25 0 624.67489 2.3021499 -0.90533402
47 59.973847 75.847668 0.77567632 0.80507918 0.03213346 25 0 315.48426 1.2410404 -0.23446484
48 79.170127 76.415531 0.68105712 0.33287016 0.055634785 25 0 1630.2288 6.7889402 -2.079505
49 492.10301 80.443465 0.60293464 0.53468177 0.17077719 25 0 868.25548 3.7129077 -1.4242854
50 374.03346 84.662914 0.64455046 0.33230814 -0.020886921 25 0 3271.9067 13.965283 -2.8626243
51 143.0924 88.150159 0.69374265 0.56131949 -0.023686944 25 0 521.79234 2.1772355 -0.84476351
52 115.44505 91.74743 0.49206597 0.091527144 -0.2466976 25 0 415.15414 1.9468175 -0.72331311
53 168.09275 91.904853 0.70012575 0.58059395 -0.27320866 25 0 359.03375 1.3845269 -0.35325353
54 178.54417 98.362486 0.42717625 -0.10798291 -0.15865955 25 0 355.96543 1.9454089 -0.72252722
55 307.01613 99.02603 0.73888077 0.049006137 -0.06927843 25 0 1415.5756 5.6301812 -1.8763059
56 311.06904 100.83777 0.68134963 0.043574553 -0.065726724 25 0 1520.0637 6.1985142 -1.980719
57 209.3703 101.9466 0.666863 0.12249664 -0.23022556 25 0 1709.9017 7.129092 -2.1325856
58 206.47714 103.61536 0.55007615 0.18501235 -0.92939196 25 0 195.42997 1.0514464 -0.054467838
59 475.14175 105.35273 0.60500079 0.2436052 -0.12132864 25 0 388.48622 1.8251464 -0.65324424
60 77.028479 106.23117 0.70839751 0.21980131 -0.054982303 25 0 4166.9106 16.688381 -3.0560355
61 139.19206 105.96491 0.52030164 0.61007492 -0.055685407 25 0 366.61082 2.051271 -0.78005763
62 85.327901 107.42756 0.68888752 0.56672821 0.25243841 25 0 262.75819 1.084108 -0.08768142
63 320.07227 107.77932 0.63217155 0.25757929 -0.23963715 25 0 393.61974 1.8729088 -0.68129157
64 355.66176 117.24613 0.68808904 0.22188642 -0.020188948 25 0 649.09089 2.8504847 -1.1372968
65 242.40129 119.15672 0.69161976 0.39476313 -0.13258839 25 0 17493.403 71.017969 -4.6284206
66 259.74917 119.27793 0.57104009 0.65855806 0.14186778 25 0 939.49602 4.1905385 -1.5556746
67 326.50528 120.2852 0.66392975 0.57634389 -0.19227823 25 0 1104.5439 4.5249984 -1.6390461
68 269.90616 120.61621 0.66867152 0.44873087 0.0058536403 25 0 1847.1728 7.550391 -2.1949236
69 222.01294 122.41561 0.71251392 0.043271814 -0.16847261 25 0 520.50973 2.0245841 -0.76583954
70 471.71897 121.83349 0.75683506 0.48992653 -0.034552097 25 0 518.06022 2.0650919 -0.78734844
71 121.34766 122.73506 0.59608169 -0.16613826 -0.12753882 25 0 434.8754 1.9063515 -0.70050742
72 176.55537 123.63474 0.66298168 0.148515 0.65206215 25 0 303.61865 1.2120104 -0.20876582
73 74.138117 124.39563 0.67159124 -0.016830247 0.0442961 25 0 518.01601 2.1418591 -0.82697723
74 173.75177 125.92172 0.66848229 0.26854595 -0.082088037 25 0 2081.1398 8.7598149 -2.3562373
75 501.64829 126.00359 0.78387137 0.35673976 -0.068552574 25 0 473.14061 1.8131763 -0.64610006
76 6.5462552 127.77432 0.80088133 0.2243326 -0.094945313 25 0 416.78491 1.5601185 -0.48289396
77 197.64321 131.38527 0.59501152 0.072639795 -0.037878138 25 0 1564.1919 6.704301 -2.0658838
78 1.381171 133.75625 0.65862625 0.85101343 0.21327761 25 0 325.05108 1.4890086 -0.43224302
79 29.038524 133.04143 0.74487508 0.18240304 -0.015699542 25 0 1507.0493 6.0437084 -1.9532588
80 275.32335 134.50135 0.46608663 0.17011561 0.10148659 25 0 396.99592 2.0018917 -0.75360145
81 482.40763 138.59201 0.78559692 -0.56238058 0.11698805 25 0 214.49604 1.0733304 -0.076833584
82 292.32217 140.40895 0.54044102 0.36417473 -0.65467059 25 0 206.48616 1.5959107 -0.50752146
83 417.64255 142.6318 0.6506868 0.65572609 -0.023494135 25 0 11417.443 47.204064 -4.1849485
84 406.04554 145.90676 0.55531825 0.78139462 0.39131553 25 0 250.78617 1.4179611 -0.37916081
85 320.55394 148.24968 0.65080125 0.48017387 -0.19544487 25 0 2761.508 11.366648 -2.639081
86 36.314833 149.21536 0.73299615 0.34014816 -0.049242166 25 0 832.99726 3.2552627 -1.2814651
87 19.445155 153.35581 0.72334924 0.50679625 -0.14305215 25 0 559.44061 2.1741363 -0.8432169
88 505.82339 154.49178 0.64449246 0.64837503 0.12474354 25 0 7255.771 30.480048 -3.7100391
89 118.97912 162.74781 0.48952416 0.67489875 0.2330962 25 0 362.90425 1.8797872 -0.68527171
90 407.48846 164.18446 0.61129116 0.037795853 -0.18547921 25 0 46017.32 196.57975 -5.7338469
91 228.09292 168.10997 0.62440249 0.18966353 0.011595483 25 0 471.15876 1.9689623 -0.7355935
92 446.74055 167.59491 0.71667536 0.59784003 0.08015827 25 0 479.79091 1.8379799 -0.66085192
93 175.09408 171.67284 0.60883594 0.31725254 0.032938038 25 0 1038.4443 4.4870213 -1.6298953
94 54.985558 175.26518 0.78582249 0.029724078 0.17940024 25 0 450.12364 1.7802306 -0.62619068
95 163.68415 175.65584 0.6814554 0.40465776 0.12137145 25 0 246.48976 1.0499686 -0.052940749
96 367.92546 176.43058 0.58622699 0.29319987 0.14414831 25 0 527.3955 2.516205 -1.001865
97 499.8515 175.88482 0.70016492 0.35177162 -0.03619222 25 0 7316.3189 30.059515 -3.6949549
98 185.73805 177.53036 0.5328061 0.12609202 0.065187378 25 0 780.79925 3.7219685 -1.4269317
99 247.6977 176.73869 0.6667579 0.61593726 0.0018319284 25 0 1795.075 7.4413345 -2.1791271
100 23.049446 179.32879 0.5918351 -0.70513306 -0.62010098 25 0 213.55885 1.1067901 -0.11016319
101 435.24195 178.50604 0.49103951 0.22526862 -0.050587146 25 0 292.90762 1.5342004 -0.46470523
102 174.21498 179.9984 0.69609826 0.28813463 -0.093413352 25 0 1778.942 7.2373968 -2.148956
103 442.70623 185.19427 0.6339624 0.13335778 -0.12009834 25 0 2684.1354 11.429884 -2.6451045
104 38.350341 186.00874 0.71191731 0.23426048 -0.01690112 25 0 829.79254 3.3627395 -1.3167331
105 136.51946 186.07703 0.61724708 0.12200832 -0.17216145 25 0 1600.7899 6.6321132 -2.0541298
106 504.66945 186.87833 0.65825874 -0.16535407 -0.42050791 25 0 696.5695 2.968404 -1.1813075
107 11.971597 188.56051 0.60651387 0.66909082 0.19096242 25 0 272.36631 1.3623988 -0.33576065
108 248.51088 188.85547 0.56246155 0.017561182 -0.26434262 25 0 969.76426 4.4215271 -1.6139307
109 443.14026 190.20451 0.68612072 0.082742519 0.019393008 25 0 990.91061 4.245966 -1.5699413
110 210.93409 191.60613 0.65279603 0.54467657 0.085504181 25 0 702.63727 2.8543232 -1.1387579
111 93.198914 192.52465 0.59637396 0.17048925 0.078039076 25 0 34096.946 149.49748 -5.4365847
112 142.96981 193.67127 0.65880723 0.15616813 0.12041971 25 0 424.34273 1.7463257 -0.60531314
113 274.46231 197.81503 0.46326599 0.039405301 0.035494489 25 0 188.7043 1.1061583 -0.10954325
114 441.97377 198.09391 0.76294343 0.38918006 -0.12758903 25 0 402.60994 1.660831 -0.55081361
115 476.414 202.12519 0.6117968 0.4188685 -0.27516378 25 0 542.46846 2.4684544 -0.98106277
116 370.45623 203.93424 0.54101842 -0.33567664 -0.26576825 25 0 225.99376 1.234134 -0.22840583
117 403.75998 203.79893 0.7447442 0.13996588 -0.14032309 25 0 292.06177 1.1324115 -0.13501068
118 189.83324 204.38645 0.64728085 0.33005037 0.15939905 25 0 580.00669 2.482757 -0.98733553
119 220.10285 205.82855 0.5913096 0.37611021 0.16765021 25 0 284.30098 1.3660361 -0.33865548
120 88.156166 206.67427 0.68077347 0.042716568 -0.029862812 25 0 586.543 2.4262858 -0.96235488
121 427.24816 206.49736 0.64176927 0.57889871 -0.25586219 25 0 240.71231 1.1781241 -0.17797758
122 490.97746 208.13641 0.69176018 0.53463416 -0.015292213 25 0 721.53236 3.1469086 -1.2447103
123 437.08952 210.54187 0.59182742 0.2427125 -0.076097645 25 0 226.92411 1.0453726 -0.048177817
124 33.865 215.89042 0.58408008 0.59353768 -0.32387299 25 0 293.85805 1.4262977 -0.38552549
125 242.90985 215.95133 0.60207352 -0.77277998 -0.2132108 25 0 213.29896 1.2019473 -0.19971356
126 36.370806 217.12282 0.59963314 0.70780091 -0.51559807 25 0 419.09048 1.8114955 -0.64509316
127 447.1861 217.9816 0.64151917 0.47401561 -0.034783951 25 0 1056.2171 4.5171477 -1.6371607
128 9.4161874 219.15298 0.63713798 -0.090051185 -0.2046202 25 0 1686.9519 7.295276 -2.1576043
129 347.92177 220.33253 0.6415217 0.41930993 0.065829977 25 0 1456.0323 6.1228166 -1.9673781
130 278.15084 222.31102 0.65460238 0.52222578 -0.11644276 25 0 713.22577 2.9813426 -1.1860297
131 172.43727 223.65494 0.59443572 0.018557351 -0.19383161 25 0 907.0133 3.9280565 -1.4854443
132 501.04007 226.71661 0.66209548 0.29568596 0.011157617 25 0 4914.6906 20.776841 -3.2939488
133 261.63017 229.03211 0.63755867 0.25440424 -0.28631863 25 0 2617.1198 11.016916 -2.6051501
134 7.096516 231.27941 0.56235891 0.55661956 0.094009568 25 0 332.47742 1.7324732 -0.59666633
135 373.7152 231.21335 0.63576266 0.16538595 -0.1004484 25 0 4338.1254 18.735666 -3.1816728
136 443.82734 231.82846 0.68045338 0.38221317 -0.054734772 25 0 15028.09 62.423953 -4.4883782
137 348.77556 233.42413 0.62516348 0.63274438 0.043695793 25 0 969.80214 4.1202927 -1.5373202
138 173.79623 236.80348 0.64208506 0.55855597 -0.09251004 25 0 225.62512 1.0206529 -0.022195149
139 202.05489 239.87134 0.65629408 0.22539808 -0.12684777 25 0 691.81732 2.8829728 -1.1496014
140 262.1677 240.77537 0.68423682 0.25861849 -0.026834662 25 0 827.01641 3.468849 -1.3504635
141 453.0001 243.34061 0.62939448 0.27351773 0.012630126 25 0 1954.2556 8.4932193 -2.3226808
142 52.632589 244.0585 0.67543141 -0.23247083 -0.30728316 25 0 375.27449 1.6441099 -0.53982708
143 39.058275 246.76259 0.52567582 0.18871339 0.025946854 25 0 285.50348 1.5650488 -0.48631968
144 225.71178 257.41121 0.58014838 0.068997704 -0.060458607 25 0 4210.2436 18.516538 -3.1688995
145 449.89871 256.77132 0.68456114 0.36575928 -0.014663928 25 0 8006.2535 33.044201 -3.7977381
146 287.9077 259.81074 0.73569027 0.15730978 -0.15744179 25 0 444.79886 1.812125 -0.64547039
147 353.3456 266.01144 0.62060968 0.63098131 -0.1199304 25 0 362.67429 1.5994657 -0.50993733
148 126.5835 267.76169 0.62937504 0.59687951 0.05875597 25 0 334.37453 1.5013734 -0.44122181
149 8.2626458 278.04347 0.67345528 0.48352194 0.48809781 25 0 264.47366 1.2035086 -0.201123
150 48.161959 278.5608 0.64992302 0.4193119 0.17918548 25 0 253.96843 1.1608032 -0.16189653
151 54.961093 278.18899 0.71676238 0.21775803 -0.038332203 25 0 1638.8854 6.7142395 -2.0674921
152 111.4109 279.88372 0.70405863 0.16982551 -0.4373778 25 0 311.76992 1.182501 -0.18200383
153 237.08142 286.3404 0.60054692 0.69357772 -0.20442325 25 0 326.46986 1.5574767 -0.48105387
154 506.14811 286.23758 0.55816611 -0.42907466 -0.21750392 25 0 256.59216 1.4672387 -0.41625195
155 69.232245 287.47466 0.74498631 0.64873098 0.10460786 25 0 785.61946 2.9583935 -1.1776399
156 369.53143 289.65245 0.66985428 0.59968579 -0.099093371 25 0 5109.8709 20.653071 -3.2874616
157 182.3055 290.97213 0.61657778 0.40414969 -0.13428985 25 0 933.23441 4.1682405 -1.5498819
158 60.772529 292.36733 0.66753757 0.12073986 -0.021562423 25 0 1260.8317 5.2040042 -1.7908441
159 89.058401 292.08415 0.70081008 0.35695518 -0.024249514 25 0 1358.2154 5.6584726 -1.881748
160 343.87447 294.53642 0.52733338 0.67252258 0.044077669 25 0 370.04271 1.692062 -0.57104065
161 475.07127 294.35645 0.67805803 0.28880212 0.038025603 25 0 739.23035 3.1610275 -1.2495707
162 13.266481 297.17713 0.71666933 0.34269375 -0.16752102 25 0 426.04268 1.6464025 -0.54134003
163 28.627549 297.43797 0.4098354 0.64860705 0.28049177 25 0 161.93943 1.0215917 -0.023193348
164 91.536656 301.69287 0.68273172 0.2353702 0.4811634 25 0 298.61372 1.1597719 -0.16093144
165 158.20161 301.71985 0.7221523 0.18134726 0.020536128 25 0 524.5132 2.0865975 -0.79859668
166 72.454577 307.90575 0.63145979 0.39704164 -0.22772877 25 0 1176.1744 4.9615021 -1.7390329
167 420.26618 307.60578 0.70621207 0.10129566 0.15092237 25 0 381.54086 1.5473885 -0.47399839
168 216.03602 313.43324 0.53045909 0.25958182 -0.019236006 25 0 715.24701 3.3905443 -1.3256735
169 447.76641 313.1905 0.65615043 -0.11187629 -0.0043834589 25 0 1096.262 4.7783278 -1.6981899
170 135.31375 318.14007 0.67547561 0.40468959 -0.09484971 25 0 3479.4982 14.34987 -2.8921199
171 11.282566 319.88422 0.67651535 0.19490673 -0.096099758 25 0 2261.2998 9.4796827 -2.4419845
172 57.221761 322.33318 0.76636936 -0.063933977 -0.088725091 25 0 407.6393 1.4598043 -0.41073658
173 452.49245 327.0798 0.49276137 0.42911463 0.62144696 25 0 205.73097 1.0764184 -0.079952831
174 184.72224 327.7267 0.59719698 0.26962433 0.062178907 25 0 279.50833 1.163494 -0.16441039
175 327.60019 329.9638 0.57024131 0.29440331 -0.14519908 25 0 488.40863 2.2338189 -0.87261989
176 490.34883 331.80951 0.52185857 0.18057968 0.23459548 25 0 205.04714 1.1785027 -0.17832642
177 260.48582 332.7114 0.52415211 0.63963693 -0.046125534 25 0 258.7194 1.3457625 -0.32242103
178 17.831864 337.13846 0.70071216 0.28722409 -0.036268327 25 0 5197.8059 21.34825 -3.3234057
179 285.06501 337.21877 0.68244516 0.31032585 -0.057230496 25 0 547.05223 2.182239 -0.84725576
180 377.40968 337.53011 0.48424146 -0.01909039 -0.19077832 25 0 303.94631 1.5263291 -0.45912045
181 28.048656 338.07798 0.71361095 0.24095734 -0.054712805 25 0 13688.209 55.510689 -4.3609415
182 74.283886 339.2191 0.67641397 0.37973377 -0.082330013 25 0 943.04819 3.7172909 -1.4255664
183 261.29976 338.66007 0.56169415 0.325355 0.034140757 25 0 733.93552 3.2238248 -1.2709286
184 486.11682 345.0296 0.66442884 0.5841786 0.36644343 25 0 1006.4658 4.0798501 -1.5266105
185 257.22952 348.38187 0.35675983 -0.095713879 -0.19843497 25 0 223.90035 1.4350835 -0.39219296
186 358.05116 350.97778 0.68147745 0.076130351 0.0046525091 25 0 788.82795 3.2425822 -1.2772275
187 472.93657 353.49507 0.71675055 0.21938433 -0.20210802 25 0 267.88676 1.1291898 -0.13191735
188 237.42248 354.75296 0.59839607 0.085859318 -0.13095585 25 0 4651.9646 20.392986 -3.2737021
189 379.20306 356.01954 0.71060902 0.3314743 -0.13758158 25 0 1181.7508 4.8313149 -1.7101634
190 19.36535 357.04736 0.76438619 -0.14000006 -0.18735178 25 0 964.101 3.657626 -1.4079983
191 490.89467 356.87929 0.56387195 0.19691297 -0.21986178 25 0 344.94587 1.7766547 -0.62400756
192 9.8663702 357.38213 0.77606328 0.48537302 0.40652902 25 0 500.9392 1.8511574 -0.66860836
193 296.32854 358.66855 0.59254131 0.11147682 -0.064523209 25 0 22671.064 99.356475 -4.9929904
194 19.543572 360.98941 0.70625286 -0.19539475 -0.00059761362 25 0 1251.4295 4.8264871 -1.7090779
195 154.80434 360.70465 0.63187282 0.38530137 -0.18650252 25 0 270.25139 1.1634602 -0.16437883
196 441.06814 360.91864 0.8822167 0.25513904 -0.40538113 25 0 355.11616 1.3243699 -0.30502324
197 20.280998 364.44178 0.42682417 0.44857925 0.47274512 25 0 413.79109 2.0660781 -0.78786681
198 356.02257 365.11182 0.69214466 -0.2847061 -0.04583899 25 0 248.11891 1.072404 -0.075896053
199 25.912879 366.2658 0.60976871 -0.35206256 -0.2178693 25 0 259.9207 1.0546273 -0.057747558
200 412.01399 365.7657 0.70909227 0.30201342 -0.040672039 25 0 2177.1186 8.8312377 -2.3650539
201 477.35219 366.42588 0.63445397 -0.28562119 -0.14775247 25 0 288.52627 1.2514444 -0.24352886
202 223.64558 367.84577 0.68855451 0.53413272 -0.15015837 25 0 1551.2284 6.2669969 -1.9926487
203 275.66532 368.98886 0.63674504 0.2082294 -0.16365229 25 0 2723.4909 11.817725 -2.6813347
204 93.156504 370.5264 0.64477118 0.52545134 0.11395333 25 0 4659.9156 19.70207 -3.2362796
205 425.14763 370.13568 0.7713902 0.16318084 -0.12491254 25 0 1268.0147 4.7539765 -1.6926426
206 136.36403 371.28444 0.72507862 0.44130103 -0.20975418 25 0 490.51006 1.7723283 -0.62136043
207 496.90133 372.18152 0.72361113 0.18232937 -0.015106969 25 0 10415.485 42.165662 -4.0623973
208 20.158657 373.59357 0.59912411 -0.40375288 0.0015236756 25 0 437.58978 1.9225376 -0.70968709
209 0.63749468 377.22948 0.60334701 -0.12870328 -0.065821258 25 0 665.91313 2.9579183 -1.1774654
210 473.52486 379.91019 0.48346101 0.2745381 -0.10552387 25 0 260.08049 1.5296121 -0.46145328
211 443.74779 381.56632 0.61896821 0.13721087 -0.020604268 25 0 316.91476 1.4576961 -0.40916745
212 363.4955 383.24826 0.6607767 0.48827123 -0.15647326 25 0 3193.1994 13.161316 -2.7982483
213 23.22864 384.00746 0.43821546 0.36111494 -0.15442242 25 0 231.39317 1.288975 -0.27561122
214 72.321395 384.59341 0.58763367 0.077980633 -0.01049565 25 0 3123.2251 13.834582 -2.8524151
215 118.23295 386.33636 0.73329054 0.47813659 0.11953992 25 0 588.16634 2.0791087 -0.79469299
216 224.96049 387.81814 0.73130339 0.46743503 -0.033488636 25 0 678.71595 2.6314909 -1.0505047
217 481.42451 388.871 0.60519894 -0.30831605 0.18164317 25 0 531.14699 2.0673753 -0.7885483
218 97.854116 389.48763 0.68391661 0.4024509 0.12063771 25 0 354.68949 1.3351061 -0.31378948
219 266.74668 388.62784 0.69083857 0.6318546 0.24853133 25 0 283.18952 1.1858299 -0.18505599
220 2.6190748 390.67637 0.75393283 0.72490111 0.048905924 25 0 995.66518 3.7087006 -1.4230544
221 142.23089 390.49955 0.57543851 0.12941896 0.033669498 25 0 1223.1731 5.3446875 -1.8198058
222 482.17199 392.14074 0.70614911 0.23848982 -0.017797526 25 0 2267.7418 9.1425533 -2.4026688
223 452.82667 392.55568 0.67057046 0.4123085 0.067687309 25 0 2557.1487 10.517269 -2.5547575
224 57.611454 395.61899 0.53692374 0.4055725 -0.093208081 25 0 474.66212 2.1745881 -0.84344253
225 244.17005 400.60136 0.61460442 0.60271869 0.12534081 25 0 6718.0768 28.506386 -3.6373554
226 94.869501 401.00533 0.75987881 0.39221575 0.18587477 25 0 276.81352 1.0218633 -0.023482012
227 374.59856 402.48668 0.57213442 -0.12243142 0.022334387 25 0 595.94167 2.6268233 -1.0485772
228 170.97251 403.1586 0.60525944 0.077001404 -0.27408493 25 0 300.61137 1.2704953 -0.25993268
229 273.23725 407.92379 0.69215594 0.70504545 -0.00051576803 25 0 707.2198 2.8088086 -1.1213054
230 410.01106 407.3141 0.65414285 0.34143747 0.24939288 25 0 526.19253 2.1177391 -0.81468111
231 20.036303 410.09948 0.68754518 0.60784023 0.20038391 25 0 270.10352 1.047312 -0.050190155
232 288.82068 411.34153 0.52796064 0.40935278 0.26575342 25 0 291.9007 1.4269955 -0.38605652
233 1.0040905 411.77464 0.78736273 0.32649826 0.070104049 25 0 1079.7444 4.0886915 -1.5289609
234 270.69114 411.66895 0.64344841 0.71932477 -0.039804901 25 0 1800.5368 7.5671814 -2.1973354
235 492.03828 411.93746 0.74414672 0.6392374 0.10541897 25 0 523.2342 1.9639688 -0.73283644
236 102.60151 417.11219 0.63453801 0.26962569 -0.13381521 25 0 893.90845 3.79874 -1.4490989
237 126.78683 418.49895 0.64522528 0.58496773 0.12365857 25 0 2036.3541 8.4121093 -2.3122623
238 182.94165 430.16099 0.41702298 -0.074677074 -0.36844945 25 0 225.075 1.1795887 -0.17932647
239 212.16887 435.18947 0.46740729 0.24836557 0.093711996 25 0 319.034 1.6317363 -0.53162495
240 177.42276 436.61439 0.66170707 0.6744115 -0.17655424 25 0 1878.355 7.4384375 -2.1787043
241 151.09672 437.36931 0.57096209 0.41370792 0.12492356 25 0 917.92269 4.1262737 -1.5388951
242 192.38511 438.00895 0.60935155 0.17971051 -0.28444876 25 0 287.06961 1.2081208 -0.20527593
243 179.78234 439.09768 0.4756268 -0.7136638 -0.41671507 25 0 262.6548 1.2499342 -0.24221789
244 250.73808 439.93239 0.75701171 0.22255518 -0.09254521 25 0 1290.8215 4.9947427 -1.7462828
245 509.6545 439.51827 0.37307896 0.49368744 0.049063618 25 0 61515.768 286.55192 -6.1430083
246 363.24362 441.60183 0.64048144 0.036901751 0.0095553191 25 0 3105.6962 13.100838 -2.7932477
247 263.76391 444.29923 0.53873663 -0.24670563 0.26921206 25 0 913.06594 3.928321 -1.4855174
248 32.798252 444.70593 0.55704811 -0.012349772 -0.15768297 25 0 332.08792 1.513841 -0.45020065
249 109.87775 446.3333 0.66503358 0.20410774 -0.016884079 25 0 13910.921 58.074802 -4.4099693
250 494.84083 446.72404 0.74337917 0.56683447 0.027414509 25 0 402.99729 1.5241199 -0.45754784
251 481.36292 452.89323 0.53623752 0.32043273 0.04618858 25 0 293.55708 1.4094538 -0.37262715
252 230.61299 453.9266 0.72897269 0.38909359 -0.11678409 25 0 400.5361 1.618273 -0.52262949
253 495.76734 456.07128 0.7388014 0.12324561 -0.077653874 25 0 2489.0951 9.9492925 -2.4944805
254 398.02376 458.64343 0.45892325 0.47610776 0.39096412 25 0 293.76529 1.5369813 -0.46667148
255 329.81238 459.84296 0.73082231 0.11318276 -0.18744343 25 0 744.53874 2.8319925 -1.1302302
256 453.84614 460.98363 0.71333391 0.34563214 -0.16356286 25 0 465.40838 1.7100066 -0.58249446
257 348.96269 462.07069 0.66973335 0.035748855 -0.14440501 25 0 248.02984 1.0540424 -0.057145193
258 498.15752 462.43814 0.82267742 0.079532705 0.08527632 25 0 303.83102 1.0653513 -0.068732089
259 380.7797 464.75489 0.7151108 0.28878836 -0.075874114 25 0 1461.6833 5.8641702 -1.9205164
260 74.96483 465.92228 0.75036291 0.19796381 -0.04652862 25 0 6810.7709 26.825925 -3.5713868
261 167.91802 467.00429 0.73186343 0.27651033 -0.14952248 25 0 1283.6093 5.0317915 -1.7543066
262 446.37407 468.3789 0.43854269 0.50824107 -0.068169066 25 0 61028.08 307.07731 -6.2181193
263 309.97808 469.02916 0.81587106 0.47834666 -0.096837416 25 0 434.67476 1.5935842 -0.50593752
264 63.886645 470.9627 0.6795306 -0.15105802 -0.11188855 25 0 302.15715 1.2069934 -0.20426222
265 423.33493 470.52006 0.60797992 -0.04212109 0.15532251 25 0 259.94525 1.0295756 -0.031645638
266 264.01718 474.40136 0.38045889 0.14866077 0.044972506 25 0 187.38041 1.0144817 -0.015610568
267 229.6355 475.06888 0.69499096 0.088210706 -0.15552978 25 0 5196.0228 21.087824 -3.3100794
268 447.58925 475.85864 0.73263022 0.038803837 -0.02720017 25 0 573.71567 1.9711374 -0.73679225
269 361.27978 476.70202 0.56851285 -0.73632239 -0.041106484 25 0 554.12818 2.3914574 -0.94665662
270 263.72474 478.21188 0.64094133 0.0055018718 -0.076513247 25 0 290.65269 1.1509924 -0.1526811
271 279.71433 478.30778 0.64082657 0.044234965 -0.087733879 25 0 2970.5015 12.537396 -2.7455184
272 132.92722 478.93709 0.62259207 0.21267096 -0.081921728 25 0 501.23715 2.1300966 -0.82099826
273 356.85012 483.43703 0.56917073 0.51344117 0.09032155 25 0 422.95312 1.8209018 -0.65071632
274 157.58797 484.52277 0.54896256 0.07482845 0.006665692 25 0 706.33226 3.1433777 -1.2434914
275 235.56132 488.7397 0.45710331 0.066636647 0.061184407 25 0 217.81154 1.0412037 -0.043839282
276 82.733714 489.86823 0.76276534 0.060926185 -0.11877944 25 0 1235.9683 4.7078953 -1.682067
277 258.89748 499.26953 0.67814631 -0.082976671 -0.38269933 25 0 456.49546 1.8379854 -0.66085512
278 411.3834 499.13786 0.64482312 0.30978493 -0.28357954 25 0 286.78146 1.1708566 -0.17125923
279 168.94713 503.34493 0.59773336 0.47877148 0.21004768 25 0 325.18359 1.3422065 -0.31954834
280 85.890251 504.70127 0.60373197 0.19914691 0.36239427 25 0 341.71395 1.5384721 -0.46772409
281 134.72473 506.52431 0.54892732 -0.560122 0.11224088 25 0 487.40124 2.0709697 -0.79043434
282 180.04352 506.39061 0.52855344 0.24721586 -0.036910159 25 0 426.39919 2.0367123 -0.77232419
283 298.88245 508.90313 0.74994439 0.50058851 -0.11252876 25 0 313.99411 1.0360835 -0.038486858
284 350.27745 508.43653 0.53412847 0.062721851 0.47737663 25 0 218.83399 1.0393187 -0.041871903
285 135.62228 510.13675 0.62340998 -0.25846564 -0.22592423 25 0 692.05795 2.8703414 -1.1448339
