id xcentroid ycentroid sharpness roundness1 roundness2 npix sky peak flux mag
1 357.54562 3.3004119 0.50699555 -0.32463838 -0.10801703 25 0 267 1.0149088 -0.0160675
2 330.12088 6.0814286 0.69508313 0.21324118 0.077491495 25 0 967 2.7448416 -1.0962932
3 338.95125 8.4321458 0.67736984 0.26860219 -0.047383303 25 0 401 1.1557977 -0.15720453
4 461.51922 9.1388614 0.61862397 0.59552646 -0.072991225 25 0 436 1.6106761 -0.51752056
5 141.9689 13.486146 0.68014646 0.5917747 0.31504071 25 0 531 1.562947 -0.48486062
6 367.54963 14.638394 0.62640991 0.58704756 0.048225758 25 0 776 2.4312233 -0.96456212
7 57.047887 15.42376 0.67835504 0.22707493 0.28943747 25 0 14774 41.050284 -4.0332904
8 4.442777 17.138061 0.62527592 -0.13906247 -0.12377734 25 0 5232 15.423398 -2.9704502
9 441.00858 17.739101 0.76497653 0.18565232 0.14351509 25 0 821 2.4042982 -0.95247083
10 500.18153 17.459388 0.66033651 0.17970131 0.24238285 25 0 26364 73.601424 -4.6672155
11 366.83453 23.196883 0.66909786 -0.052826112 0.12872884 25 0 351 1.1521741 -0.15379523
12 10.028175 28.917587 0.65372773 -0.064947317 -0.26501708 25 0 256 1.0751651 -0.078687865
13 245.58373 32.906574 0.66830522 -0.32943271 -0.027141087 25 0 389 1.0960915 -0.099617061
14 386.98652 36.215523 0.63783906 0.33306594 0.12035957 25 0 620 1.9679001 -0.7350076
15 486.47102 36.131531 0.73805421 0.12023796 -0.041572904 25 0 414 1.3662792 -0.33884867
16 159.40661 38.918685 0.62132919 -0.07687939 -0.22780787 25 0 406 1.1495373 -0.15130766
17 146.19874 43.12834 0.68316108 0.029196126 0.072762392 25 0 734 1.9854283 -0.74463553
18 219.23349 44.125261 0.6812345 0.28165075 0.06494038 25 0 1436 3.9823847 -1.500358
19 238.67846 44.940123 0.6585956 0.15905512 -0.10669051 25 0 2675 7.595756 -2.2014275
20 379.51856 45.931415 0.68335706 0.0029089486 -0.31606875 25 0 553 1.6192192 -0.52326411
21 98.983547 47.340231 0.77852946 0.022350143 0.24523591 25 0 624 1.6276697 -0.52891568
22 357.38531 47.033269 0.32415575 0.41307104 0.13972784 25 0 58773 212.12127 -5.8164606
23 144.03812 49.289424 0.72148414 0.23986938 0.074870064 25 0 6287 16.910424 -3.0703862
24 432.86098 50.470921 0.6835669 0.21220604 0.34020462 25 0 1087 3.1872214 -1.2585306
25 279.66675 56.062244 0.55060689 0.066731726 -0.1404983 25 0 457 1.3669182 -0.3393563
26 503.31922 56.224617 0.73262811 0.43026227 0.038199967 25 0 823 2.3768104 -0.93998634
27 327.04548 57.529029 0.620235 0.25635106 0.15497075 25 0 1659 4.721221 -1.6851358
28 174.99163 62.171498 0.68294974 0.53955003 -0.17528296 25 0 498 1.3248217 -0.30539356
29 476.01373 63.911925 0.73086854 0.25040681 0.035322847 25 0 1899 5.3829338 -1.8275476
30 62.953393 65.265666 0.70094062 0.112942 -0.078477717 25 0 357 1.0236121 -0.025338552
31 30.187902 68.192954 0.79637816 -0.2546957 0.0044410542 25 0 533 1.4434984 -0.39854076
32 382.11751 68.249319 0.67213745 0.093067515 0.10661081 25 0 371 1.0372541 -0.039712851
33 64.101368 70.388837 0.65342908 0.50722259 0.10026509 25 0 726 2.2026087 -0.85734337
34 87.175891 70.144118 0.70766049 0.14821229 0.21800733 25 0 606 1.7619675 -0.61499472
35 465.53096 70.873949 0.59528181 0.15767658 -0.093212157 25 0 1488 4.6625061 -1.6715485
36 30.429852 72.281162 0.4857416 -0.50273206 0.098727903 25 0 374 1.442812 -0.39802438
37 145.00601 72.137883 0.6623219 0.12062299 -0.12861704 25 0 477 1.3041276 -0.28830024
38 504.33995 71.457313 0.71562731 -0.34482292 0.13400047 25 0 358 1.176329 -0.17632198
39 450.82643 72.435479 0.60241016 0.30244425 0.22215558 25 0 575 1.9072739 -0.70103266
40 88.358258 75.238167 0.72026844 0.41424508 0.0026409426 25 0 1888 4.9998999 -1.7474033
41 501.38345 79.288429 0.70308567 0.55754984 0.11316974 25 0 1014 2.9120924 -1.1605129
42 383.42927 83.457701 0.56930859 -0.2226636 0.078560469 25 0 3004 8.8715959 -2.3700044
43 3.7127218 86.367857 0.65282067 -0.053887935 0.20821077 25 0 791 2.3356654 -0.92102655
44 152.21054 86.984786 0.70937493 0.25937529 0.18799203 25 0 519 1.2388155 -0.23251658
45 124.67911 90.618851 0.61114139 0.49112697 0.11448238 25 0 664 1.8248476 -0.6530665
46 187.68727 97.375555 0.56198186 -0.20728126 -0.044474578 25 0 484 1.3757592 -0.34635609
47 316.52964 97.852438 0.61409473 -0.22860118 -0.084439741 25 0 1353 3.8666774 -1.4683449
48 320.3841 99.592722 0.62614486 -0.26812496 0.012271573 25 0 1539 4.3149203 -1.5874319
49 218.65229 100.85481 0.62698334 0.29543204 -0.051565296 25 0 1844 5.2088874 -1.7918624
50 148.29989 104.91952 0.54511169 0.90205283 0.31621612 25 0 390 1.133253 -0.13581719
51 484.56915 104.20663 0.69617045 0.37682954 0.078975081 25 0 302 1.0157443 -0.016960985
52 86.323541 105.07427 0.69404787 0.14207722 -0.080467834 25 0 4109 11.06072 -2.6094585
53 329.38665 106.64463 0.70425414 0.25663245 0.12508947 25 0 436 1.1160028 -0.11916319
54 365.05454 115.97799 0.69001249 0.14533501 0.11710579 25 0 736 1.9386293 -0.71873695
55 251.73237 118.11312 0.64730519 0.10737704 -0.019741015 25 0 18473 52.449177 -4.2993467
56 269.14969 118.14437 0.72981299 0.27879885 0.059067149 25 0 1262 3.0350805 -1.2054255
57 279.20691 119.56144 0.69097864 0.49718182 0.17755098 25 0 2038 5.2829854 -1.8071985
58 335.87936 119.12694 0.67003458 0.078245377 0.031529866 25 0 1466 4.0243945 -1.5117514
59 231.34264 121.21122 0.65976243 0.48069123 -0.15036571 25 0 666 1.75718 -0.61204062
60 481.06763 120.69074 0.69908348 -0.044706886 0.079590593 25 0 429 1.370379 -0.34210177
61 130.62894 121.64291 0.66189772 0.62861499 -0.19802027 25 0 586 1.475603 -0.42242382
62 83.469785 123.21121 0.65307475 0.5445188 -0.0062706933 25 0 570 1.493983 -0.43586411
63 183.09865 124.78505 0.69028133 0.1245289 0.10964706 25 0 2490 6.7447443 -2.0724137
64 511.02306 124.65337 0.74424711 0.70413701 0.43969456 25 0 367 1.113625 -0.1168474
65 15.69179 126.71787 0.59403804 0.70553709 0.13684384 25 0 426 1.329902 -0.3095491
66 207.07403 130.18265 0.73776432 0.23243369 0.041226881 25 0 2332 5.9507714 -1.9364332
67 38.367745 131.90822 0.70325092 0.073988651 0.038753729 25 0 1418 3.9229918 -1.4840435
68 10.581331 132.49453 0.63211393 0.54009378 0.33224108 25 0 365 1.0981093 -0.10161392
69 284.47969 133.27437 0.63631087 0.66347019 -0.081427354 25 0 570 1.3698882 -0.34171282
70 426.94211 141.33877 0.68063293 0.2682019 0.12398542 25 0 13680 37.672842 -3.9400709
71 329.85484 147.07994 0.67960416 0.129903 0.013538404 25 0 3668 10.131243 -2.5141569
72 45.569932 148.15829 0.58535434 0.050304245 -0.10459863 25 0 734 2.2283314 -0.86994946
73 28.648865 152.28466 0.65731814 -0.049957828 0.080775928 25 0 659 1.860754 -0.67422241
74 128.39818 161.4913 0.59419288 0.36087105 0.075878063 25 0 539 1.3623755 -0.33574209
75 416.93514 162.88332 0.68864392 0.30084371 0.067789198 25 0 59857 165.26348 -5.5454423
76 456.17051 166.22997 0.61188257 0.17163854 0.16024767 25 0 641 2.0590156 -0.78414909
77 237.61246 167.02995 0.5318884 0.20201737 -0.24608009 25 0 550 1.5502241 -0.47598621
78 184.37355 170.60002 0.70155272 0.4797478 -0.077472456 25 0 489 1.0771559 -0.080696455
79 64.268282 174.40195 0.80522704 0.70832947 0.32201791 25 0 483 1.1082527 -0.11159702
80 377.22678 175.11606 0.64022253 0.44078115 0.042326905 25 0 612 1.7565523 -0.6116527
81 509.25899 174.56144 0.65787751 0.059345759 0.18487642 25 0 6686 18.804778 -3.1856705
82 195.17284 176.31128 0.7351956 0.23417199 0.12245684 25 0 1214 2.9357697 -1.169305
83 257.07612 175.41859 0.6507661 0.22760728 0.21228912 25 0 1925 5.1795967 -1.7857399
84 444.44403 177.34527 0.72760619 0.39650304 -0.0023430873 25 0 437 1.2396028 -0.23320635
85 183.61349 178.94655 0.657421 0.036863675 -0.11717444 25 0 1765 4.6880822 -1.677488
86 452.06789 183.8775 0.71770816 0.1048343 0.034365397 25 0 3386 9.1549341 -2.4041381
87 47.683831 184.98412 0.62703701 0.23533924 -0.018500645 25 0 839 2.3740411 -0.9387206
88 145.88937 184.99652 0.69316624 0.36276553 0.08029317 25 0 2280 6.1161904 -1.9662025
89 441.92883 186.17347 0.7270534 0.22943144 0.10666349 25 0 760 2.2153791 -0.86362015
90 257.75451 187.75562 0.60910876 0.49201925 -0.060728126 25 0 1263 3.5268053 -1.3684537
91 452.55557 188.87328 0.67975959 -0.079466608 -0.055463809 25 0 917 2.5745178 -1.0267397
92 220.22283 190.48276 0.71512622 0.58551687 0.0051028657 25 0 824 1.9458252 -0.72275955
93 102.55171 191.57975 0.62698357 0.81593769 0.048959085 25 0 34527 95.332938 -4.9481074
94 152.23971 192.68198 0.70328939 0.23842985 0.0764836 25 0 602 1.5172924 -0.45267322
95 451.3657 196.87605 0.60615053 -0.028915071 -0.14570092 25 0 324 1.0415892 -0.044241179
96 485.94549 200.7231 0.75440039 0.12188275 0.21282414 25 0 719 1.9336549 -0.71594743
97 412.86223 202.47603 0.60694816 0.068840248 0.1293056 25 0 328 1.0064166 -0.006944452
98 199.20923 203.41475 0.75727415 0.50781027 0.030043846 25 0 773 1.8216987 -0.65119138
99 379.87308 202.39775 0.6396354 0.045554801 0.34554761 25 0 377 1.0327947 -0.035034993
100 436.82226 205.01587 0.71174851 0.0204017 0.485671 25 0 371 1.1128141 -0.11605655
101 97.614329 205.56372 0.54925372 0.48921547 0.003206564 25 0 569 1.5737021 -0.49230628
102 500.44835 206.83932 0.76477798 -0.16941873 -0.049581542 25 0 691 1.8577454 -0.67246551
103 43.255203 214.79388 0.64844929 0.37016986 -0.18268303 25 0 457 1.0801578 -0.083717978
104 45.565476 216.17295 0.73418787 0.047169701 -0.34526962 25 0 546 1.2987688 -0.28382959
105 456.37422 216.67324 0.62111062 0.63229586 -0.23577671 25 0 1056 3.1741141 -1.2540563
106 18.89419 218.14054 0.72122199 0.25276926 0.092198333 25 0 2261 6.0354357 -1.9517716
107 357.35374 219.00285 0.71015275 0.12837448 -0.089346765 25 0 1861 4.9381065 -1.7339011
108 287.5257 221.09224 0.65802296 0.57221036 0.014020106 25 0 820 2.1804399 -0.84636028
109 181.80842 222.72073 0.66332125 0.6152413 0.073497979 25 0 1188 3.1442394 -1.243789
110 510.37933 225.53459 0.62848459 0.77163502 0.19221463 25 0 4345 12.59468 -2.7504679
111 270.92546 227.93695 0.68559751 0.28976493 0.050342546 25 0 3524 9.6340851 -2.4595262
112 383.12461 229.95034 0.70907117 0.20904738 0.049108356 25 0 5421 14.723467 -2.9200252
113 453.23883 230.52338 0.64088412 0.03066735 0.15833154 25 0 14287 40.604648 -4.0214394
114 358.0321 232.35006 0.71667434 0.39872849 0.12873257 25 0 1308 3.4393636 -1.3411952
115 211.48497 238.66782 0.52728917 0.54729565 -0.10255441 25 0 653 1.881195 -0.68608457
116 271.51094 239.58184 0.55214946 0.04431544 -0.042683451 25 0 778 2.2240042 -0.86783901
117 462.4721 242.13628 0.62713974 0.25143958 -0.091242512 25 0 1937 5.6850396 -1.8868337
118 61.853127 243.21491 0.71173146 0.35438249 0.037537781 25 0 517 1.3231931 -0.30405805
119 235.12959 256.28202 0.68051834 0.34743647 0.068900429 25 0 5623 15.308391 -2.9623239
120 459.40101 255.48131 0.57564404 -0.19640409 0.11959122 25 0 6511 19.228738 -3.209877
121 7.3666478 257.35059 0.6978733 0.44500835 0.045049603 25 0 1149 3.007196 -1.1954043
122 297.18718 258.51092 0.78146518 -0.0026786229 0.18100725 25 0 481 1.0364123 -0.038831391
123 362.8575 264.98742 0.72450444 0.40862957 0.043804766 25 0 541 1.4383755 -0.39468067
124 17.573537 277.28369 0.52311786 0.22462881 -0.10432267 25 0 305 1.0080942 -0.0087527444
125 64.409825 277.17279 0.72083016 0.2694484 -0.10640316 25 0 1691 4.3148585 -1.5874164
126 120.7852 278.84746 0.78340776 0.14790529 -0.10834169 25 0 501 1.1479358 -0.14979402
127 78.702068 286.22082 0.650184 0.57499862 0.30140223 25 0 770 1.951469 -0.72590414
128 378.96182 288.50406 0.64471867 0.26067845 0.1852078 25 0 5735 16.229638 -3.0257721
129 191.71141 289.88271 0.61590647 0.34712938 -0.041553519 25 0 985 2.7282974 -1.0897293
130 70.245598 291.34131 0.67189856 0.40773518 0.064615389 25 0 1492 4.0555573 -1.5201264
131 98.582843 291.04789 0.62129096 0.18783708 -0.15836596 25 0 1234 3.4625566 -1.3484922
132 353.41881 293.2778 0.68436566 0.15675737 0.083607449 25 0 454 1.1496225 -0.15138811
133 484.71464 293.33276 0.70348741 -0.028467373 0.049012004 25 0 740 2.1584939 -0.83537705
134 22.888501 296.20215 0.71585263 0.19939566 0.11494186 25 0 580 1.515636 -0.45148727
135 167.53747 300.65842 0.61831656 0.36801522 -0.13742609 25 0 488 1.2445004 -0.23748762
136 81.997679 306.79451 0.71718882 0.24502331 0.087557568 25 0 1574 4.2042074 -1.5592103
137 429.99277 306.33796 0.70672983 0.57438027 0.25688106 25 0 366 1.0761638 -0.079695927
138 225.50359 312.27409 0.63794891 0.53743949 -0.11305016 25 0 889 2.4127223 -0.95626835
139 457.38671 312.11329 0.7186214 0.15981924 -0.084674368 25 0 1126 3.1569755 -1.248178
140 144.66663 317.10659 0.65772319 0.075459315 -0.063585569 25 0 3724 10.220586 -2.5236895
141 5.1195155 318.88331 0.80737365 0.049902699 -0.070499633 25 0 1147 2.6939478 -1.075973
142 20.762681 318.8416 0.7274009 0.32769133 0.012584189 25 0 2672 7.0721982 -2.1238861
143 66.599539 321.13137 0.62470412 0.014852489 -0.29770232 25 0 426 1.1082077 -0.11155293
144 194.04173 326.56478 0.5698747 -0.026111611 0.15830555 25 0 379 1.0184198 -0.01981704
145 337.05655 328.66556 0.68511081 0.34367244 0.10240534 25 0 657 1.8217398 -0.65121586
146 27.286259 336.0416 0.73822634 0.23098065 0.014163256 25 0 5665 14.848631 -2.929216
147 294.4638 336.04987 0.72691821 -0.051011871 -0.090353456 25 0 613 1.6247458 -0.52696359
148 387.09639 336.23355 0.69992562 0.041927907 -0.080300158 25 0 544 1.5318401 -0.46303362
149 37.428479 337.04094 0.62697327 0.015532137 -0.15120769 25 0 12185 35.043995 -3.861534
150 83.843014 338.16893 0.70663521 -0.18293766 0.03160413 25 0 1173 3.0371776 -1.2061755
151 270.66694 337.47736 0.54571697 0.69210797 0.10606826 25 0 812 2.4411806 -0.96899976
152 495.63412 343.88032 0.58852586 0.39007782 0.41198691 25 0 772 2.3488676 -0.92714633
153 266.94358 347.46448 0.6200423 0.22831411 0.29333049 25 0 410 1.1411116 -0.14332027
154 367.48615 349.88606 0.66066304 0.31532552 -0.065989783 25 0 659 1.8510256 -0.66853108
155 246.79575 353.5439 0.63482549 0.44123948 0.12520609 25 0 5212 14.720356 -2.9197958
156 388.69455 354.95109 0.68324606 0.070824558 -0.087654553 25 0 1102 3.1797985 -1.255999
157 28.856869 356.07752 0.76890042 -0.28367249 0.031643966 25 0 1053 2.6533181 -1.0594733
158 1.4736259 357.9628 0.58292271 0.047088018 0.057073059 25 0 881 2.5418548 -1.0128768
159 305.70548 357.42972 0.62224579 0.67159414 0.13424109 25 0 23600 66.233143 -4.5526884
160 29.066254 359.90398 0.75679316 0.020733366 0.16193329 25 0 1682 4.3919273 -1.6066379
161 29.958175 363.14063 0.88381251 0.52263922 0.51523548 25 0 697 1.4068837 -0.37064547
162 421.4852 364.58942 0.60009945 0.52521991 -0.064164997 25 0 1661 4.98999 -1.7452492
163 486.99258 365.12683 0.69952743 0.47300695 0.1617876 25 0 300 1.1258668 -0.12871752
164 233.02044 366.51531 0.63843012 0.27339051 0.15640053 25 0 1676 4.8058982 -1.7044364
165 285.08779 367.7397 0.71558866 0.1473424 0.094128614 25 0 3284 8.7891623 -2.3598687
166 102.60137 369.40911 0.58950357 -0.091431418 0.01609551 25 0 4448 12.950241 -2.7806946
167 434.71306 368.93937 0.700628 0.092803389 -0.00012106569 25 0 1215 3.5514778 -1.3760228
168 145.80502 370.08065 0.61123488 0.038763498 -0.16976219 25 0 582 1.7428119 -0.60312628
169 506.45864 370.93365 0.68770752 -0.036904311 -0.1042493 25 0 9387 26.024529 -3.5384572
170 29.835726 372.24754 0.71001417 0.31354401 0.53690783 25 0 490 1.3046493 -0.28873446
171 10.07786 376.1844 0.80748302 0.20709671 0.17122073 25 0 838 1.9851558 -0.74448649
172 373.00252 382.17658 0.73256295 0.095064519 0.011522222 25 0 4186 11.315533 -2.6341876
173 81.914631 383.51176 0.67937572 0.46980655 0.20578007 25 0 3737 10.253955 -2.5272285
174 127.66123 385.1046 0.63453822 0.14605583 -0.17251634 25 0 573 1.5827657 -0.49854157
175 234.37171 386.65511 0.60460731 0.65142168 -0.12151474 25 0 554 1.5505803 -0.47623567
176 491.06058 387.39337 0.70664517 -0.71087876 0.17744879 25 0 647 2.0125869 -0.75938659
177 12.102651 389.52962 0.70053725 0.600965 0.3480744 25 0 1014 2.7550789 -1.1003351
178 151.62479 389.36918 0.65403621 0.63232668 -0.11810443 25 0 1352 3.6749575 -1.4131308
179 462.43482 391.3771 0.67005304 0.47914429 0.026512562 25 0 2396 6.8837867 -2.0945685
180 491.75572 390.90121 0.70996053 0.089279159 0.020230126 25 0 2269 6.4333225 -2.0210883
181 67.222911 394.47927 0.70825289 -0.40564685 0.16822268 25 0 540 1.3870557 -0.35523473
182 253.62841 399.36544 0.59990226 -0.095746471 -0.017769176 25 0 7213 20.948525 -3.3028836
183 384.12676 401.23552 0.70150033 0.36375838 0.15850397 25 0 832 2.4565044 -0.97579385
184 419.57244 406.23722 0.5848999 0.069696212 0.1100787 25 0 422 1.4781415 -0.42429006
185 282.8563 406.86223 0.66713633 0.12719162 -0.06360017 25 0 780 2.2078993 -0.85994816
186 298.5577 410.06026 0.68682657 0.013280875 -0.038853541 25 0 340 1.0544073 -0.057521002
187 10.382042 410.7893 0.64256262 0.049594425 -0.047870439 25 0 916 2.6065806 -1.0401779
188 280.14631 410.47167 0.62336283 0.26802136 0.2002006 25 0 1868 5.3561309 -1.822128
189 501.63063 410.72143 0.49678015 0.66737825 0.098829494 25 0 294 1.256183 -0.24763232
190 112.12039 415.90474 0.76488398 0.31392868 0.05803108 25 0 1109 2.8736088 -1.1460691
191 136.1383 417.4492 0.64854977 0.32465676 0.086441617 25 0 2242 6.2982736 -1.9980538
192 311.97806 427.08303 0.45256925 0.21979742 0.3101269 25 0 283 1.1634451 -0.16436478
193 192.94623 429.12443 0.80715258 -0.11697445 0.055845453 25 0 466 1.199232 -0.19725805
194 186.90157 435.41663 0.64397174 0.19457077 0.1274897 25 0 2154 6.0711313 -1.9581741
195 160.57483 436.26081 0.66366625 0.28211732 -0.1120389 25 0 980 2.7413236 -1.0949008
196 260.21833 438.63533 0.67650263 0.13435672 0.17529217 25 0 1143 3.2724518 -1.2871832
197 372.7966 440.44676 0.6387006 0.036247638 0.14782003 25 0 3052 8.7493024 -2.3549336
198 273.33848 443.14551 0.7228065 0.15994341 0.0029828558 25 0 1297 3.4410995 -1.3417431
199 119.39981 445.09237 0.71145994 0.24215843 -0.082171708 25 0 15530 41.631674 -4.0485597
200 505.35587 454.88177 0.71571425 -0.031723468 -0.060430691 25 0 2319 6.5666605 -2.0433614
201 339.2985 458.61707 0.66791825 -0.0054523827 -0.058783359 25 0 639 1.9115159 -0.70344482
202 463.23168 459.68605 0.62587275 -0.24978572 -0.068936421 25 0 282 1.0808219 -0.084385358
203 390.38505 463.42327 0.62449968 -0.43007577 0.16589813 25 0 1115 3.3745042 -1.3205249
204 84.528749 464.69067 0.648811 -0.25443012 -0.091717727 25 0 5450 15.183285 -2.9534144
205 177.49505 465.8012 0.70387038 -0.37626092 -0.12168195 25 0 1138 3.1154868 -1.2338148
206 455.82254 467.10491 0.3991134 0.16225992 0.04839555 25 0 58337 214.05864 -5.8263319
207 239.19707 473.84658 0.72877635 0.084115405 0.020298737 25 0 5722 15.423884 -2.9704844
208 370.85296 475.41702 0.63834644 -0.048001497 0.22820345 25 0 583 1.9144646 -0.70511835
209 457.03788 474.67974 0.63141481 0.0017800825 0.11396965 25 0 415 1.5191728 -0.45401793
210 289.2873 477.10923 0.71828047 0.24778188 -0.042030439 25 0 3583 9.7703975 -2.4747806
211 142.62129 477.46916 0.65445499 -0.62316873 0.0025027598 25 0 341 1.0423099 -0.044992149
212 366.61532 482.32699 0.68284383 -0.29848221 0.054033794 25 0 438 1.453246 -0.40584783
213 167.16883 483.08957 0.77814779 0.40450833 -0.11907844 25 0 991 2.5967251 -1.036065
214 92.182564 488.53072 0.70357855 0.15117598 0.16489266 25 0 1145 3.1479613 -1.2450734
215 268.26659 498.04363 0.64530008 -0.51848975 -0.62762075 25 0 351 1.1354823 -0.13795094
216 178.53342 502.15262 0.64371909 -0.69493689 -0.26247281 25 0 343 1.0458083 -0.048630168
217 144.2894 505.17223 0.81841039 0.066586762 0.057461205 25 0 584 1.4091062 -0.37235929
218 189.59902 505.3277 0.62658156 0.073262792 0.096290609 25 0 439 1.3428529 -0.3200711
219 145.23876 508.94415 0.6193717 -0.082127413 0.13504072 25 0 751 2.1361201 -0.82406419
