id xcentroid ycentroid sharpness roundness1 roundness2 npix sky peak flux mag
1 501.07171 0.12661688 0.63468874 0.018197407 -0.3158316 25 0 340.34021 1.419178 -0.38009221
2 505.26208 2.2644963 0.5241801 -0.13636435 0.20466392 25 0 255.62462 1.2460922 -0.2388754
3 283.79225 4.4396156 0.76843964 0.46674734 0.29267452 25 0 2661.921 8.8411801 -2.3662756
4 294.51709 8.2424373 0.60890199 -0.34419692 -0.29635523 25 0 661.13206 2.4787707 -0.98559087
5 303.44793 10.704529 0.63872055 -0.34300603 -0.1943244 25 0 305.77155 1.1459146 -0.1478806
6 425.96633 11.625899 0.63596493 0.42708236 -0.0986154 25 0 486.57525 1.771931 -0.62111701
7 106.58299 15.332749 0.62461318 -0.15703353 -0.38243502 25 0 510.31942 1.7160018 -0.58629433
8 21.597569 17.315343 0.66901473 -0.35223086 -0.18902352 25 0 14753.749 49.370706 -4.2336734
9 332.13692 16.965645 0.67658691 -0.11387584 -0.11999724 25 0 941.92772 3.3882292 -1.324932
10 405.5233 20.09419 0.68940441 0.11366383 -0.25639653 25 0 775.69217 2.7163434 -1.0849617
11 464.69303 20.018244 0.68711369 -0.042936086 -0.26788153 25 0 30929.996 103.32857 -5.035551
12 422.70382 21.570606 0.34098921 0.27582655 0.28045485 25 0 168.28375 1.019949 -0.021446088
13 331.32092 25.383752 0.61568823 -0.048142772 -0.13053355 25 0 251.96442 1.0412882 -0.043927417
14 210.16818 35.06601 0.71546916 -0.064438133 -0.30613212 25 0 399.74767 1.2977566 -0.28298309
15 351.28104 38.415015 0.66646017 0.5147892 -0.079621622 25 0 550.34192 1.8587634 -0.67306031
16 450.89885 38.531786 0.57216314 0.40952033 0.12157988 25 0 351.44862 1.498411 -0.43907737
17 123.92969 40.830861 0.64207929 0.12924868 -0.18961736 25 0 517.63658 1.979844 -0.7415774
18 110.83456 45.079879 0.67418832 0.15685183 -0.31438694 25 0 655.99275 2.3021946 -0.90535509
19 183.72758 46.209584 0.63862922 -0.1088902 -0.28188272 25 0 1210.3996 4.3056435 -1.5850952
20 203.18971 47.040225 0.66442381 -0.019315921 -0.28049171 25 0 2548.7683 8.6316286 -2.3402319
21 416.16867 47.076328 0.71683266 -0.085094785 -0.36117501 25 0 319.49272 1.2372495 -0.2311432
22 343.79704 48.384447 0.60099454 -0.29691965 -0.097393743 25 0 435.14365 1.7645858 -0.61660693
23 63.648819 49.16564 0.749998 -0.2930845 -0.18912672 25 0 631.71723 2.0290867 -0.76825152
24 321.85144 49.287815 0.31962979 -0.1290989 -0.21430072 25 0 58208.67 252.76331 -6.0067851
25 247.13922 49.590834 0.40687801 -0.032494811 -0.44604335 25 0 210.60615 1.0680274 -0.071455962
26 108.58688 51.217596 0.70427681 0.13068251 -0.35589559 25 0 5290.151 16.710261 -3.0574581
27 151.45699 51.932217 0.69507521 -0.072946348 -0.37984646 25 0 405.31474 1.2955371 -0.28112463
28 397.39367 52.787432 0.62101691 -0.19575751 -0.22608119 25 0 987.23225 3.509799 -1.3632056
29 230.76165 56.759334 0.53963897 0.52396095 -0.11116614 25 0 236.68281 1.1015733 -0.10503347
30 49.846101 58.274358 0.55088385 -0.15365654 -0.63424656 25 0 235.77152 1.0151531 -0.01632884
31 244.04571 58.19578 0.61018431 0.24674384 -0.26119167 25 0 357.68366 1.3986516 -0.36427387
32 467.77408 58.852789 0.66877841 0.15715359 -0.23790236 25 0 957.283 3.3420682 -1.3100383
33 291.45191 59.639573 0.60898697 -0.4229273 -0.22545914 25 0 1448.6574 5.1014491 -1.7692339
34 139.16332 64.33361 0.59271919 0.053297926 -0.053926749 25 0 366.23819 1.4411057 -0.39673957
35 440.42065 66.411716 0.67674968 0.4808344 -0.1492241 25 0 1573.9981 5.3030219 -1.8113086
36 27.388396 67.182337 0.78451198 -0.20979077 -0.028086168 25 0 319.31652 1.1012012 -0.10466669
37 498.94075 68.709883 0.67046067 0.13458981 -0.09115228 25 0 3712.2779 12.630587 -2.7535589
38 346.673 70.621964 0.57349711 -0.15587405 -0.066051735 25 0 219.63839 1.0011724 -0.0012721767
39 28.561475 72.214019 0.71799425 -0.23519269 -0.25167048 25 0 791.04437 2.6869505 -1.0731492
40 51.740654 71.930043 0.70501256 -0.65911685 -0.2390416 25 0 513.12485 1.7759805 -0.62359548
41 166.37097 72.410784 0.56608923 0.83261921 0.21182472 25 0 287.34421 1.1749126 -0.17501392
42 430.0418 73.297529 0.65904122 0.22835439 -0.12138908 25 0 1687.106 5.8572686 -1.9192379
43 109.4637 74.142862 0.63221737 -0.20535649 -0.44099539 25 0 436.45484 1.6349264 -0.53374553
44 468.62614 73.9682 0.69835758 -0.055731908 -0.42769929 25 0 460.27442 1.6302968 -0.53066672
45 415.25599 75.064493 0.67752018 -0.26123764 -0.2146469 25 0 680.79893 2.4957977 -0.99302345
46 52.899503 77.11763 0.69179631 -0.023224788 -0.15485504 25 0 1946.6935 6.6965269 -2.064624
47 311.0769 78.829609 0.78303279 -0.00031103696 -0.10205099 25 0 295.56644 1.0498172 -0.052784192
48 465.92161 81.900846 0.68899964 0.14294078 -0.12718002 25 0 1123.5116 3.7499737 -1.4350706
49 347.72396 85.902611 0.61683307 -0.0047413682 -0.29068182 25 0 3316.5617 11.908256 -2.6896204
50 116.94612 89.077301 0.70919315 -0.46450606 -0.46403426 25 0 566.09314 1.8812148 -0.68609595
51 432.18627 91.028741 0.53222626 0.080671668 -0.18053023 25 0 298.41156 1.3269659 -0.30714939
52 89.16142 92.411324 0.5483005 -0.39374487 0.13058229 25 0 481.72437 1.8133428 -0.64619976
53 141.83657 92.76228 0.60121282 -0.14256947 -0.38566017 25 0 319.94277 1.1469235 -0.1488361
54 488.22091 92.814853 0.70052309 -0.053682925 -0.14668449 25 0 25707.484 85.062583 -4.8243464
55 152.17352 99.569161 0.53807111 0.10105223 0.13746182 25 0 443.74004 1.6997353 -0.57595323
56 280.70474 100.18426 0.66091961 -0.28573636 -0.37059174 25 0 1326.9277 4.644241 -1.6672869
57 284.73458 101.92072 0.59885303 -0.2773903 -0.28129084 25 0 1481.0218 5.4339953 -1.8377981
58 183.05421 102.90786 0.64513964 -0.097140193 -0.28536725 25 0 1881.1157 6.5185636 -2.0353798
59 50.816018 106.95475 0.67922408 -0.14753031 -0.27819998 25 0 4817.7698 16.084287 -3.0160045
60 112.64996 106.5962 0.5443362 -0.0060451217 -0.33766317 25 0 351.40104 1.3846237 -0.35332943
61 448.80264 106.83298 0.65754199 -0.0073162186 -0.28690771 25 0 400.78745 1.5349719 -0.46525111
62 293.89864 108.975 0.61211785 -0.18900144 0.076520088 25 0 296.02724 1.1446619 -0.14669308
63 506.22045 109.23017 0.69817611 0.25060818 -0.15061073 25 0 2421.5879 8.0141538 -2.2596442
64 486.50988 112.71016 0.64361432 -0.27573937 -0.18535309 25 0 2062.0732 7.0486154 -2.1202595
65 329.1048 118.30191 0.58246088 -0.5052445 -0.45754748 25 0 472.005 1.9132207 -0.7044127
66 216.08634 120.18087 0.64598219 -0.024465867 -0.22801031 25 0 18446.582 64.078422 -4.5167795
67 233.4194 120.26212 0.63759308 0.7423358 0.057574028 25 0 973.30323 3.1196156 -1.2352527
68 300.20481 121.43643 0.65645111 0.39699607 0.028198688 25 0 1194.7082 4.0268484 -1.5124132
69 243.49281 121.71089 0.58977021 0.28778013 -0.2358714 25 0 1658.4829 5.8616827 -1.9200558
70 195.40273 123.3737 0.54141643 -0.46585363 -0.41963768 25 0 405.67442 1.4401927 -0.39605152
71 445.48034 123.10454 0.58348035 -0.64109743 -0.51663979 25 0 431.59981 1.7283792 -0.59409761
72 95.039433 123.65386 0.53179636 -0.039424315 -0.16891682 25 0 494.59213 2.073416 -0.79171612
73 149.97775 125.35989 0.60713899 0.23333593 0.35937581 25 0 354.85824 1.2627469 -0.25329075
74 47.803041 125.06032 0.74265957 -0.21949955 -0.40816088 25 0 699.75444 2.285273 -0.89734523
75 147.46974 126.8125 0.68557974 -0.2187687 -0.26044039 25 0 2128.7819 6.8668512 -2.0918941
76 475.36617 127.29162 0.74265644 -0.070404204 -0.26932296 25 0 388.09471 1.3020138 -0.28653894
77 171.42648 132.2794 0.65244069 0.26744604 -0.23818556 25 0 1746.7368 5.9030899 -1.9276985
78 2.7515695 133.68982 0.6874308 0.1966319 -0.18016849 25 0 1306.1747 4.3562073 -1.5977713
79 248.7871 135.55768 0.50196446 0.27103488 -0.32742528 25 0 405.04609 1.6705225 -0.55713082
80 391.31031 143.83796 0.66122557 -0.18571583 -0.24157859 25 0 13007.092 43.773337 -4.1030242
81 379.65847 146.8512 0.55577414 -0.50988823 -0.55141618 25 0 203.44467 1.0226242 -0.024290146
82 294.15473 149.41684 0.62485351 0.18484752 -0.11585044 25 0 2929.3377 10.230006 -2.5246897
83 9.9655179 149.99721 0.76449501 0.0076016759 -0.20636258 25 0 968.86091 3.1670921 -1.2516517
84 479.4756 155.84819 0.62959496 0.086584372 -0.29593019 25 0 7848.1562 27.18358 -3.5857666
85 92.859964 163.45012 0.70796654 -0.16865454 0.20821264 25 0 450.44011 1.433844 -0.39125477
86 381.22256 165.42626 0.61841336 0.24674967 -0.1161988 25 0 48991.799 168.73628 -5.5680211
87 201.73258 169.22729 0.64980208 -0.20890277 -0.35540375 25 0 559.88442 1.8149093 -0.64713731
88 420.45646 168.87232 0.62780555 -0.25282519 -0.25138045 25 0 493.68992 1.8576456 -0.67240713
89 148.82645 172.53573 0.66483948 0.33946378 -0.05284998 25 0 534.81822 1.6146402 -0.52018941
90 28.650643 176.16934 0.69546155 -0.19336036 -0.42160181 25 0 428.10709 1.5215722 -0.45573138
91 137.70183 176.4117 0.66115589 -0.36946059 0.12196406 25 0 268.64411 1.0169654 -0.018265464
92 473.46144 177.22797 0.61363871 -0.3330629 -0.3063544 25 0 6291.3227 22.046456 -3.358347
93 159.48801 178.33089 0.65318669 0.37756289 -0.17104557 25 0 958.36367 3.1655093 -1.251109
94 221.31956 177.70769 0.61939279 -0.29768445 -0.22535788 25 0 1734.3023 5.9028347 -1.9276516
95 341.40362 177.60576 0.56894972 0.4173066 -0.46803404 25 0 407.65503 1.5569736 -0.48070312
96 408.68965 179.59867 0.61350093 0.10939483 -0.15184662 25 0 284.61345 1.1962621 -0.19456585
97 147.98079 180.99562 0.64341066 -0.20436076 -0.32238167 25 0 1792.5696 6.2809373 -1.9950611
98 416.48648 186.49267 0.60915904 0.48509909 -0.14800347 25 0 2356.6436 7.917309 -2.246444
99 12.12858 186.74423 0.70040879 -0.18590069 -0.19284796 25 0 852.65349 2.817538 -1.1246745
100 102.49597 186.97819 0.86285042 0.0041970888 -0.6672681 25 0 1610.0598 4.4278656 -1.6154861
101 110.29103 186.90838 0.69456449 0.19263921 -0.1154012 25 0 1989.6739 6.5216348 -2.0358912
102 478.2345 188.37529 0.6466952 0.4001679 -0.025260936 25 0 801.08228 2.9229319 -1.1645468
103 406.27728 188.69015 0.5860908 -0.17602494 -0.18704387 25 0 511.47374 1.9323717 -0.71522666
104 222.05168 189.83601 0.57483537 -0.10091203 -0.28943126 25 0 1101.8569 4.097471 -1.5312897
105 416.80569 191.4794 0.58779221 -0.4939601 -0.040080263 25 0 760.58684 2.781908 -1.1108569
106 184.66649 192.48669 0.62703582 0.48767121 -0.28139271 25 0 666.45892 2.2616537 -0.88606525
107 66.846836 193.42569 0.60925312 -0.093141763 -0.087285085 25 0 37777.8 133.38276 -5.3127492
108 116.28243 194.72201 0.66185104 0.63643675 -0.27467918 25 0 434.0618 1.4185267 -0.37959376
109 247.80989 198.87983 0.55282862 -0.3636837 -0.0037219253 25 0 320.80061 1.215896 -0.21224106
110 415.72666 199.55077 0.52311757 0.37473112 -0.10102007 25 0 240.05148 1.1369239 -0.13932847
111 450.25352 203.32187 0.62507569 0.53339095 -0.018323429 25 0 550.73542 2.0999068 -0.80550005
112 163.3123 205.4749 0.58191358 0.59115632 -0.19248289 25 0 539.86812 2.0104634 -0.75824042
113 377.37645 204.7582 0.58976818 0.51042485 -0.050577409 25 0 271.39759 1.1125252 -0.11577464
114 193.94639 206.72731 0.54288526 0.10845727 0.12233661 25 0 291.09026 1.022577 -0.024240096
115 504.06281 207.10402 0.72089969 0.01167342 -0.1283324 25 0 1918.6408 6.2460153 -1.9890076
116 61.900134 207.44507 0.55115833 0.21770468 0.081634926 25 0 524.98621 2.1239997 -0.81788615
117 401.35613 207.74496 0.6182569 0.15973195 0.069906721 25 0 299.24246 1.1533291 -0.15488314
118 464.68329 209.53067 0.58815094 -0.21557486 0.04084553 25 0 615.49433 2.4309789 -0.96445297
119 410.88607 211.7905 0.57233908 -0.21680814 -0.08632646 25 0 221.18397 1.0494882 -0.052443862
120 498.04036 213.16131 0.69431236 0.05068063 -0.13938562 25 0 3717.4556 12.514912 -2.7435695
121 8.3148872 216.63001 0.61038859 0.33340604 -0.8943543 25 0 330.73259 1.2824188 -0.27007465
122 9.8832638 217.90537 0.71125474 0.5411997 -0.30053224 25 0 574.01279 1.9599718 -0.73062455
123 420.8407 219.36823 0.6063577 0.0020819026 -0.087132796 25 0 1031.2399 3.6739063 -1.4128202
124 321.6168 221.36513 0.64606629 0.18567653 -0.43138093 25 0 1365.2491 4.5248262 -1.6390048
125 251.70602 223.28206 0.49503408 -0.21857067 -0.25391612 25 0 600.47204 2.3110953 -0.90954466
126 146.00433 224.67023 0.58588367 -0.0070474479 -0.12724853 25 0 939.78785 3.3656864 -1.3176841
127 488.99504 225.34998 0.78275049 -0.14855669 -0.3033071 25 0 328.68606 1.1983793 -0.19648571
128 474.66962 228.09307 0.6608121 -0.19529423 -0.2559014 25 0 5188.8281 17.840308 -3.1285059
129 435.61121 228.66072 0.65340127 0.26886133 -0.1252462 25 0 257.17068 1.0312789 -0.033440318
130 235.16436 230.07728 0.6649047 -0.05485524 -0.28269877 25 0 3136.868 10.568745 -2.5600586
131 347.38535 232.32105 0.62810705 0.18710016 -0.22556679 25 0 4356.5474 15.083104 -2.9462268
132 417.49744 233.14842 0.68448891 0.045498547 -0.32381588 25 0 14732.394 47.751591 -4.1974696
133 322.40822 234.55759 0.58474954 -0.22492327 -0.22344139 25 0 907.85781 3.2421393 -1.2770792
134 486.68525 235.0668 0.71518526 -0.18978341 -0.1994557 25 0 326.89831 1.2066537 -0.20395662
135 175.806 240.79728 0.6553178 0.096404128 -0.096022013 25 0 750.15565 2.5458348 -1.0145756
136 235.66788 241.75394 0.6009661 0.051204146 -0.24201706 25 0 740.49194 2.6724234 -1.0672631
137 26.149038 244.9258 0.72938624 -0.45425928 -0.355063 25 0 469.11526 1.6391991 -0.53657925
138 426.68645 244.7037 0.59628683 0.1146532 -0.218597 25 0 1894.785 6.950352 -2.105017
139 481.02457 256.00125 0.68129628 0.37320215 -0.36390212 25 0 289.55044 1.0273707 -0.029317918
140 199.36067 258.29996 0.64658169 0.23027228 -0.21252095 25 0 5030.5345 17.017754 -3.0772556
141 423.5543 258.16203 0.6786877 0.032661611 -0.35043152 25 0 7486.1373 24.213822 -3.4601584
142 261.55081 260.82481 0.61191157 -0.68985394 -0.57451671 25 0 377.73473 1.4099045 -0.37297423
143 326.88326 267.24851 0.57345547 0.32408691 -0.24161486 25 0 352.81152 1.3260278 -0.3063816
144 100.28068 268.41677 0.58343804 -0.17496257 -0.29175408 25 0 342.97541 1.2391195 -0.23278298
145 21.876633 279.05382 0.68204511 -0.49378326 -0.12803344 25 0 303.73261 1.064936 -0.068308803
146 28.58504 279.00934 0.6468 0.016716931 -0.26438966 25 0 1575.3724 5.549835 -1.8607002
147 85.034321 280.38833 0.54659979 0.027625313 0.019359579 25 0 308.43171 1.2750322 -0.26380288
148 496.95255 283.89737 0.42144802 -0.44417607 -0.33147025 25 0 199.88872 1.0868166 -0.090390696
149 210.8242 287.25242 0.48809941 -0.34853761 -0.30712004 25 0 318.28986 1.3005015 -0.28527712
150 42.873837 288.20752 0.67891229 -0.16503612 -0.1590907 25 0 880.12632 3.0122751 -1.1972366
151 343.16963 290.78616 0.62496644 -0.15883774 -0.15671499 25 0 5793.3105 20.41953 -3.2751143
152 155.85433 291.93964 0.62343378 -0.015976427 -0.26824031 25 0 1006.2287 3.6108391 -1.3940203
153 34.43067 293.08837 0.71813278 0.041861708 -0.29829879 25 0 1426.6421 4.5377379 -1.6420985
154 62.689865 292.98821 0.64537864 0.022251058 -0.35434927 25 0 1286.9615 4.4474551 -1.6202789
155 317.52705 295.4881 0.4621798 0.4511824 -0.35292784 25 0 337.96864 1.5199298 -0.45455886
156 448.69135 295.91474 0.66087178 0.21769112 -0.40343681 25 0 696.26925 2.3759035 -0.939572
157 65.045524 302.82478 0.80544511 -0.61422043 -0.21688692 25 0 395.7085 1.0871439 -0.09071763
158 131.77431 302.77037 0.64097815 0.051706276 -0.052803133 25 0 552.40896 1.9075022 -0.70116261
159 46.222088 308.63411 0.66304481 -0.21906656 -0.080894722 25 0 1373.5026 4.6397169 -1.6662287
160 393.917 309.04985 0.59540989 -0.19154843 -0.049866608 25 0 475.69922 1.8823441 -0.68674752
161 189.67229 314.32428 0.59293629 0.35296932 -0.3586002 25 0 711.92938 2.3756846 -0.93947195
162 421.35212 314.46625 0.61110712 0.21150765 -0.19686472 25 0 888.83392 3.0907595 -1.225163
163 108.8135 319.10436 0.65987098 -0.086216337 -0.24032174 25 0 3836.9446 13.059232 -2.7897941
164 30.877238 323.06011 0.74340884 0.171081 -0.22171986 25 0 470.869 1.547553 -0.47411382
165 158.26601 328.63091 0.43137557 0.39564397 0.24197305 25 0 305.14914 1.2578326 -0.24905712
166 301.2048 330.96405 0.65002153 -0.42420191 -0.29390173 25 0 666.45809 2.2517869 -0.88131824
167 233.91922 333.76754 0.52879011 0.39036587 -0.020124353 25 0 295.48616 1.0334895 -0.035765213
168 258.45829 338.12568 0.65906789 0.18373839 -0.27414598 25 0 549.25718 1.7611295 -0.61447825
169 1.6004094 338.84316 0.69259081 0.090445352 -0.24496972 25 0 13513.215 44.895679 -4.1305114
170 351.52332 338.59607 0.54353195 -0.23693563 -0.14610753 25 0 400.66077 1.5407002 -0.46929533
171 48.023284 340.02439 0.71227026 -0.26242268 -0.1340109 25 0 1211.6799 3.9756082 -1.4985089
172 234.72045 339.57033 0.60597774 0.1801482 -0.08616634 25 0 857.93695 2.8961555 -1.1545547
173 459.61572 346.45297 0.7181769 -0.066328023 -0.0079671575 25 0 946.03788 2.7225632 -1.0874449
174 230.86087 349.35394 0.60115152 0.012848271 -0.10754297 25 0 416.84539 1.4332778 -0.39082595
175 331.66958 352.18557 0.63373063 -0.33543689 -0.20837358 25 0 770.20143 2.52393 -1.0051933
176 210.84846 355.80655 0.651285 0.056072081 -0.22243618 25 0 5755.6615 19.647374 -3.2332613
177 352.87237 357.31298 0.68632313 -0.0271587 -0.17228776 25 0 1235.3498 4.0265865 -1.5123426
178 464.54005 358.22134 0.55486097 -0.17791431 -0.30151747 25 0 307.65835 1.0452423 -0.048042427
179 269.72627 359.80896 0.61907178 0.012951733 -0.30256818 25 0 25448.145 88.832196 -4.871426
180 385.62186 366.96562 0.64849666 -0.048749347 -0.34543742 25 0 2058.7104 6.97544 -2.108929
181 197.06597 368.8136 0.66670151 -0.11713855 -0.19498003 25 0 1799.0199 5.835175 -1.9151347
182 249.17172 370.02255 0.67326948 -0.029907805 -0.27345955 25 0 3152.5176 10.617205 -2.5650256
183 66.680385 371.38884 0.62964039 -0.27061822 -0.14069638 25 0 4863.0685 16.56683 -3.0480985
184 398.82299 371.28125 0.67198554 -0.093962118 -0.22862332 25 0 1168.1044 3.8648589 -1.4678341
185 81.730168 372.13202 0.53381328 0.18602639 -0.22613998 25 0 267.39382 1.0307193 -0.032851034
186 110.01653 372.19053 0.73578616 -0.28758744 -0.29141897 25 0 597.95508 1.7842651 -0.62864843
187 470.56759 373.4914 0.61051759 -0.6822289 -0.15170772 25 0 7676.6274 25.719822 -3.5256699
188 446.98741 381.0496 0.61928758 -0.20920411 -0.052040983 25 0 295.00349 1.0204357 -0.021964068
189 337.07077 384.57129 0.56626006 0.1258133 -0.024984051 25 0 3008.5441 10.74023 -2.5775339
190 46.00948 385.43732 0.62497249 0.18005347 0.039879817 25 0 3431.6994 11.645251 -2.6653722
191 91.719249 387.12836 0.74020374 0.12063107 -0.38786147 25 0 678.77353 2.0538518 -0.78142275
192 198.47527 388.75872 0.62605021 -0.30675417 -0.28590638 25 0 642.93728 2.0221897 -0.76455474
193 71.512288 390.28973 0.72857081 0.056543457 -0.13279357 25 0 526.61699 1.6057528 -0.51419671
194 455.11811 389.9143 0.66086333 -0.65933666 0.075159947 25 0 710.95977 2.296616 -0.90272098
195 115.65571 391.37598 0.56383134 0.35800807 -0.10063031 25 0 1282.049 4.4563624 -1.6224512
196 487.52575 391.99442 0.66765095 -0.4578387 -0.38752652 25 0 392.33807 1.3761746 -0.34668388
197 426.4997 393.83105 0.71684066 -0.35102009 -0.26295733 25 0 2737.3671 8.5576862 -2.3308909
198 455.82838 393.38913 0.55313045 0.14146525 0.067418197 25 0 1851.2435 6.6244408 -2.0528731
199 31.350038 396.36021 0.49430403 -0.092603325 -0.15588218 25 0 497.31893 2.0048653 -0.75521302
200 217.60552 401.53762 0.58381687 0.38915314 -0.17384318 25 0 6829.5766 23.880633 -3.4451146
201 246.92993 401.95829 0.42851407 -0.17914218 -0.051129178 25 0 222.97163 1.078386 -0.081935575
202 144.43829 403.92941 0.67716902 -0.1134277 -0.28008932 25 0 341.53156 1.0253759 -0.027207727
203 348.25039 403.62952 0.66755205 -0.14789925 -0.30626698 25 0 783.42963 2.3649616 -0.93456024
204 246.68431 409.11681 0.66494273 0.23427877 -0.33344446 25 0 771.05956 2.5193935 -1.00324
205 383.60863 408.89566 0.58527482 0.093227021 -0.41293932 25 0 528.42499 1.7538668 -0.60999151
206 244.0531 412.75985 0.64009185 0.019940156 -0.20722075 25 0 2162.4739 7.3564815 -2.1666754
207 465.72292 413.27624 0.73168282 -0.14116095 -0.46243781 25 0 503.14892 1.4866409 -0.43051518
208 76.103886 418.00801 0.75026149 0.17684553 -0.20551503 25 0 1221.6129 3.7567658 -1.4370353
209 100.15312 419.40531 0.66812902 0.12843057 -0.13342766 25 0 2401.8685 7.8319865 -2.2346798
210 275.80134 429.69379 0.67948658 0.1557788 -0.12205361 25 0 474.51276 1.4902096 -0.43311839
211 156.87041 431.23522 0.61719411 -0.48489246 -0.20091914 25 0 443.20472 1.41967 -0.38046849
212 185.5089 436.38123 0.47831175 0.52661882 -0.17929666 25 0 314.63817 1.0650273 -0.068401859
213 124.47197 438.37281 0.74918088 0.37085046 -0.18138957 25 0 1163.0175 3.3467362 -1.3115537
214 150.89184 437.41803 0.57337864 0.33589775 0.004635282 25 0 2017.1032 7.0816739 -2.1253398
215 372.88877 438.7201 0.52438043 0.1824319 -0.4855252 25 0 306.73354 1.0235027 -0.025222527
216 152.59411 440.15446 0.58404654 -0.060212351 -0.60070635 25 0 361.57756 1.1382161 -0.1405618
217 224.15709 440.87555 0.71253795 -0.075421089 -0.24280109 25 0 1363.7534 4.2100611 -1.560721
218 483.1316 440.85616 0.24761402 -0.076366134 -0.097185697 25 0 60844.824 272.33428 -6.0877558
219 336.7939 442.86555 0.69357272 -0.06080416 -0.28942531 25 0 3681.0278 12.033346 -2.700966
220 237.22657 445.31337 0.61492576 -0.086052456 -0.0053288026 25 0 1202.6157 3.9989524 -1.5048656
221 6.4422327 445.88803 0.72589515 -0.17012234 -0.23355874 25 0 414.78966 1.2127008 -0.20938416
222 83.319728 447.15614 0.73127641 0.090574328 -0.24284864 25 0 17106.813 54.778928 -4.3465338
223 468.59685 448.01195 0.55731538 -0.37670644 -0.634975 25 0 360.86777 1.2064928 -0.20381185
224 454.84366 454.22047 0.73457524 0.22191471 -0.29330174 25 0 430.73246 1.2552509 -0.24682636
225 204.02606 454.8031 0.77383926 0.022249689 0.36013579 25 0 438.45339 1.1867184 -0.18586915
226 469.24097 457.48981 0.58073481 0.51609509 0.073153895 25 0 2025.4536 7.0343659 -2.1180624
227 371.43552 459.86785 0.71699657 -0.42415526 -0.61218593 25 0 386.74914 1.1700483 -0.17050949
228 303.1853 461.00647 0.66299695 -0.28296313 -0.1815469 25 0 832.75519 2.712155 -1.0832863
229 427.45895 462.27748 0.56933473 0.39749633 -0.2579937 25 0 439.57652 1.5274933 -0.45994826
230 354.43982 465.98198 0.73798289 -0.27768585 -0.29380675 25 0 1576.9323 4.794663 -1.7018952
231 48.418299 466.75903 0.70075694 -0.21799927 -0.21311154 25 0 6308.8249 20.606508 -3.285011
232 141.34157 468.00501 0.75255841 -0.043606693 -0.27606036 25 0 1594.5797 4.8101953 -1.7054068
233 283.3583 470.24697 0.73354909 0.36285988 -0.19306867 25 0 430.85692 1.170729 -0.17114096
234 419.77722 469.50879 0.43212223 0.12683943 -0.1971776 25 0 60655.318 245.88506 -5.9768303
235 37.387344 472.08871 0.72782068 -0.32391371 -0.4457428 25 0 387.18595 1.1448453 -0.146867
236 397.28735 471.99605 0.79939105 0.0058686003 -0.50083895 25 0 480.14593 1.2310786 -0.22571443
237 203.0892 476.03262 0.72258205 -0.064510958 -0.24725599 25 0 6177.305 20.064719 -3.2560827
238 334.78061 477.9476 0.62176179 -0.49591495 -0.23495154 25 0 684.54594 2.2645698 -0.88746426
239 421.13722 477.31292 0.53487446 -0.48469968 0.090636863 25 0 499.09812 1.5686102 -0.48878759
240 237.14616 479.11698 0.77304 0.090943 -0.15152065 25 0 375.58912 1.0071307 -0.0077145862
241 253.15704 479.4722 0.61775334 0.20299488 -0.066200884 25 0 3192.7967 11.094696 -2.6127885
242 106.26168 479.95741 0.76510091 -0.24008379 -0.23382619 25 0 666.32945 1.8714781 -0.68046188
243 330.58943 484.60992 0.4482795 0.19545765 -0.20354704 25 0 382.55721 1.4271435 -0.38616912
244 131.05671 485.29378 0.59763313 0.35486672 -0.22537638 25 0 904.64748 3.0451442 -1.2090197
245 208.65747 489.68855 0.83106916 -0.082797642 -0.28727901 25 0 417.09983 1.0863465 -0.089920914
246 56.088419 490.66406 0.62999309 0.11760001 -0.1354666 25 0 1219.1756 4.2513527 -1.5713178
247 232.32454 500.27397 0.35470145 -0.55017602 0.088433072 25 0 290.73356 1.1175597 -0.12067686
248 142.25073 504.1601 0.46474159 0.48483372 0.11567997 25 0 292.716 1.0566606 -0.059838833
249 59.282944 505.53361 0.72975668 -0.39647264 -0.46141379 25 0 381.93435 1.1513377 -0.15300682
250 108.13176 507.31048 0.66352765 -0.50066243 -0.36930654 25 0 671.23 2.1605783 -0.83642503
251 153.40783 507.59316 0.6262582 0.35246713 -0.26249641 25 0 481.35819 1.4068629 -0.37062947
252 272.03251 509.97282 0.63754834 0.11384423 -0.27523634 25 0 394.01451 1.3732384 -0.34436487
253 108.98846 510.73981 0.88360787 -0.46246119 -0.42119202 25 0 1032.374 2.8407857 -1.1335962
