id xcentroid ycentroid sharpness roundness1 roundness2 npix sky peak flux mag
1 309.01111 0.98369191 0.59579896 0.39140181 -0.17687328 25 0 574.73122 2.459525 -0.97712808
2 440.38959 4.1433877 0.66435153 0.38645256 -0.070813928 25 0 412.61068 1.629396 -0.53006662
3 120.67553 8.445779 0.60038143 0.32064301 -0.051087082 25 0 335.16515 1.3220801 -0.30314443
4 36.002457 10.340386 0.69260506 0.26162223 0.0052445622 25 0 12251.889 46.257063 -4.1629451
5 346.535 9.6327928 0.58848996 0.17730872 -0.11647793 25 0 509.35463 2.134364 -0.8231712
6 419.8194 12.757959 0.66686503 0.39500921 -0.29719627 25 0 592.98779 2.3049268 -0.90664286
7 479.02705 12.507542 0.59223585 0.4266478 0.062891561 25 0 18930.057 76.635289 -4.711072
8 345.58449 18.01566 0.51922063 0.45072457 -0.0027307813 25 0 189.22083 1.0370978 -0.039549333
9 224.50204 27.892813 0.67985426 0.64791056 -0.011289422 25 0 278.47461 1.0624626 -0.065784155
10 365.62731 31.117957 0.64304157 0.031816686 -0.26294255 25 0 493.51083 2.0064006 -0.75604412
11 465.18668 30.929256 0.65616534 0.20978987 -0.26132379 25 0 373.63154 1.6229448 -0.52575937
12 138.3025 33.790379 0.61628036 0.33050555 0.033527518 25 0 350.71282 1.3041045 -0.28828099
13 125.08542 38.006898 0.65443072 0.30083068 -0.050728099 25 0 543.79821 2.1278979 -0.81987696
14 198.11373 39.092262 0.61936637 0.36341153 -0.18771653 25 0 994.85539 4.1170135 -1.5364557
15 217.52817 39.997718 0.66613866 0.12185022 -0.25923036 25 0 1831.2616 6.9474959 -2.1045707
16 358.23844 40.94311 0.76028042 0.20497728 -0.20415512 25 0 417.51801 1.5731421 -0.4919199
17 77.852718 42.167724 0.6799374 0.14899929 0.1563675 25 0 461.81555 1.8439664 -0.66438249
18 336.13062 41.860609 0.3374113 0.31310271 -0.12490162 25 0 58740.742 303.50162 -6.2054025
19 261.44916 42.727692 0.79018532 0.69999476 -0.21177578 25 0 282.99391 1.0737968 -0.077305278
20 122.92283 44.137631 0.67012212 0.14728884 -0.11008156 25 0 4353.2087 16.719692 -3.0580707
21 411.59499 45.478913 0.57642545 0.00036545506 -0.026915344 25 0 689.34387 2.8824535 -1.1494058
22 56.437597 46.453451 0.6157614 0.82147613 0.26120086 25 0 215.87108 1.0127729 -0.013780204
23 64.255018 51.389078 0.68033486 0.40582864 0.17897655 25 0 242.37719 1.0329381 -0.035185731
24 258.55063 51.249139 0.58394913 -0.0075740649 -0.1817727 25 0 291.71841 1.2602118 -0.25110885
25 482.12429 51.38153 0.62748567 0.31297044 -0.035197608 25 0 698.20881 2.8283934 -1.1288495
26 305.80247 52.514738 0.54963384 0.090079276 -0.0072484575 25 0 981.74329 4.1221111 -1.5377992
27 153.88004 56.98775 0.69864759 -0.57850518 -0.07665761 25 0 302.64323 1.2395828 -0.23318886
28 454.69194 58.994318 0.67607929 0.30449798 -0.17904968 25 0 1329.1029 5.1396713 -1.7773384
29 9.262904 62.890932 0.79292887 -0.10048952 -0.030475829 25 0 342.23719 1.2722685 -0.26144692
30 43.079458 65.11384 0.78132562 0.088527886 -0.21513937 25 0 652.53706 2.4280969 -0.96316503
31 66.338734 64.790188 0.67345126 -0.01103578 0.061490768 25 0 364.0759 1.4937765 -0.43571404
32 444.47169 65.936759 0.64023304 0.019542322 -0.16915134 25 0 1205.5941 4.7959093 -1.7021774
33 483.14937 66.929736 0.30817615 0.60995548 0.42054737 25 0 170.51846 1.0924331 -0.095987089
34 9.4892032 67.111294 0.59928234 -0.1806059 -0.34182076 25 0 340.6889 1.6551779 -0.54711167
35 123.91401 66.923862 0.51964559 -0.15146209 -0.019716257 25 0 277.88723 1.2943139 -0.28009901
36 429.71285 67.497293 0.55538512 0.73515933 0.0077674819 25 0 421.43492 1.8678524 -0.67835637
37 67.395461 69.993926 0.65078573 0.17790428 -0.20422225 25 0 1302.4112 5.1155546 -1.7722318
38 480.14136 74.505258 0.564303 0.49741318 0.012991614 25 0 693.28175 3.0580025 -1.2135946
39 362.23621 78.554728 0.54171185 0.069094491 -0.095218277 25 0 2156.5217 9.1571262 -2.404398
40 131.26747 82.219776 0.74333888 0.31299888 -0.30062616 25 0 340.30675 1.1605883 -0.16169548
41 103.52659 85.636602 0.57508109 -0.055397427 -0.005739802 25 0 401.43215 1.6829303 -0.56516535
42 502.68496 85.366031 0.63855669 0.64186571 -0.19770319 25 0 14834.572 56.229377 -4.3749082
43 166.52553 92.079854 0.60088169 0.51698346 -0.11831297 25 0 393.76898 1.6943243 -0.57249133
44 295.27491 92.915848 0.66638465 -0.17984927 -0.25184228 25 0 1045.4511 4.0789248 -1.5263642
45 299.26051 94.674756 0.55518111 -0.24698929 -0.26876932 25 0 1020.571 4.3448728 -1.5949427
46 197.39808 95.735949 0.62485337 0.43330322 -0.29270748 25 0 1128.0256 4.2811933 -1.5789121
47 127.14474 99.566349 0.73185128 0.19167807 0.060238077 25 0 315.09016 1.0959847 -0.099511274
48 463.11389 99.515429 0.69442936 0.60109481 -0.0035236982 25 0 368.89428 1.4647275 -0.4143921
49 65.270904 99.892429 0.67681203 -0.0014212896 -0.13180512 25 0 3549.4501 13.45293 -2.8220422
50 73.388569 100.91493 0.48435492 0.11507184 -0.56909689 25 0 202.13643 1.0467935 -0.049652593
51 308.22952 101.61206 0.4921087 -0.1355979 0.036451533 25 0 257.30405 1.527119 -0.45968221
52 500.87319 105.29974 0.69031623 0.21258023 0.0080558126 25 0 1812.2887 6.8294218 -2.0859598
53 343.85115 110.92007 0.54268059 0.4260508 -0.22336379 25 0 401.6765 1.9300157 -0.71390208
54 230.46265 113.00156 0.63514871 0.1252046 -0.27720733 25 0 12560.716 48.188341 -4.2073549
55 247.93861 112.89231 0.67458124 0.17023406 -0.057781239 25 0 847.75199 3.1625759 -1.2501024
56 258.01186 114.39422 0.61093289 0.29108195 -0.031666423 25 0 1364.0108 5.3107872 -1.8128972
57 314.6051 114.20305 0.59107652 0.15794616 -0.17258536 25 0 796.57521 3.201278 -1.2633085
58 210.31299 116.14611 0.63103664 -0.1025653 -0.087268599 25 0 343.55767 1.3184312 -0.30014367
59 459.73826 115.90519 0.57236334 0.15667423 -0.39007439 25 0 249.30226 1.030935 -0.033078258
60 503.78549 116.02945 0.56727299 0.14294966 -0.15599889 25 0 226.23846 1.1625351 -0.16351516
61 109.614 116.56787 0.62663352 0.54726501 -0.1334636 25 0 407.60954 1.6913506 -0.57058411
62 164.57102 117.44963 0.59055871 0.64602879 0.44333488 25 0 329.47954 1.3591859 -0.33319716
63 62.362286 117.88555 0.65935662 -0.11763747 -0.19863208 25 0 494.74098 1.9519143 -0.72615188
64 161.90921 119.58322 0.57709777 0.4187217 -0.032345065 25 0 1465.4227 6.0406944 -1.9527172
65 489.78174 119.79847 0.64081534 -0.10862839 -0.36645769 25 0 353.49423 1.5796603 -0.49640926
66 185.88605 125.01223 0.68084835 0.069818884 -0.18076343 25 0 1520.7987 5.7141515 -1.8923794
67 17.217295 126.68221 0.62969561 -0.090860878 -0.22341878 25 0 948.65966 3.9368636 -1.4878759
68 263.45857 128.31735 0.75153682 0.44528801 -0.16700912 25 0 431.34745 1.5175345 -0.45284644
69 405.7542 136.43687 0.61033343 0.073554107 -0.047954453 25 0 8529.6647 33.181689 -3.8022462
70 308.6399 142.09345 0.62381489 0.13530383 -0.26104051 25 0 2175.8374 8.4839133 -2.3214906
71 24.576502 142.95626 0.61809174 -0.10426248 -0.21927768 25 0 569.84232 2.3682924 -0.93608831
72 7.3969967 146.94212 0.65747689 0.11331942 -0.060786263 25 0 451.1335 1.7813461 -0.62687075
73 493.92431 148.46511 0.63772204 0.23768975 0.069254337 25 0 5864.5979 22.780729 -3.393919
74 107.34677 156.26343 0.54281039 0.6049775 -0.045230335 25 0 330.06892 1.572311 -0.4913461
75 395.6772 158.01936 0.61230786 0.17172595 -0.19595797 25 0 38396.563 152.65496 -5.4592773
76 435.07675 161.40006 0.63795921 0.2320966 -0.31885227 25 0 358.6916 1.609514 -0.51673687
77 216.16089 161.73197 0.66760295 0.36023603 -0.015954658 25 0 402.11703 1.4541387 -0.4065146
78 163.25082 165.46312 0.5671606 0.37304075 -0.096205908 25 0 1279.0323 5.2550614 -1.8014445
79 466.01135 167.34194 0.55396384 0.9499993 0.69417835 25 0 177.60367 1.0109672 -0.011842684
80 43.103903 169.13202 0.59824411 0.49921456 0.11822598 25 0 323.66113 1.5047861 -0.44368694
81 235.80193 170.40841 0.58590202 0.18112148 -0.04771833 25 0 1259.8002 4.973983 -1.7417607
82 356.10986 170.10521 0.62164092 0.032349181 -0.18316584 25 0 380.10841 1.6030552 -0.51237122
83 487.99965 169.70755 0.6267429 0.2451703 -0.01407314 25 0 5172.173 20.673425 -3.2885311
84 173.90382 171.15101 0.69104651 0.43265425 -0.1614703 25 0 748.06027 2.5615416 -1.0212535
85 162.5231 173.77924 0.60464698 -0.15202569 -0.23905423 25 0 1101.8767 4.3008007 -1.5838733
86 430.8979 179.02507 0.64487918 0.048464356 -0.16619981 25 0 2245.5949 8.8245419 -2.3642304
87 26.472492 179.8012 0.60807648 -0.038413059 -0.052767762 25 0 556.91995 2.3394281 -0.92277427
88 124.83245 179.8561 0.60716659 0.46005428 -0.078685962 25 0 1350.7062 5.4410487 -1.8392065
89 420.92735 181.28575 0.62341001 -0.14028692 -0.2791801 25 0 448.97885 1.9774784 -0.74027939
90 492.62121 180.85442 0.6094769 0.14173154 -0.33692754 25 0 590.31224 2.4280752 -0.96315535
91 236.55657 182.5691 0.54350535 0.70144022 -0.068294329 25 0 654.84444 2.6737372 -1.0677968
92 431.38542 184.02679 0.72031319 -0.07118336 -0.23453912 25 0 741.73648 2.7628737 -1.1034026
93 199.08139 185.28483 0.62599702 0.56627438 0.064710751 25 0 598.98752 2.4108872 -0.95544225
94 81.385743 186.28887 0.66993419 0.45290248 -0.12633355 25 0 31372.397 118.7592 -5.1866681
95 131.24909 187.45032 0.2980509 0.38363031 0.16871282 25 0 189.60178 1.1313518 -0.13399416
96 430.30068 192.0455 0.66383149 0.072747703 -0.071762094 25 0 279.41897 1.1573543 -0.15866578
97 464.67882 195.75104 0.6751054 0.017085445 0.060919172 25 0 466.96791 1.7549854 -0.61068379
98 177.85311 198.20702 0.62871493 0.28343172 0.11080487 25 0 439.59027 1.5923959 -0.50512763
99 76.528286 200.33323 0.5472262 0.70842321 -0.18933319 25 0 375.27809 1.5847098 -0.49987436
100 415.80779 200.2186 0.60335914 0.50735258 -0.02822415 25 0 223.9038 1.0464638 -0.049310556
101 479.24104 201.95514 0.74755326 0.10463963 -0.048275735 25 0 579.96222 2.1689395 -0.8406186
102 510.98325 205.73927 0.97209458 -0.08186219 0.6436426 25 0 346.81841 1.1145619 -0.11776047
103 24.400949 210.68065 0.7125434 0.57834523 -0.46595429 25 0 358.89341 1.4106139 -0.37352039
104 435.42613 211.86297 0.56716132 0.26311093 -0.17913135 25 0 781.38365 3.4431676 -1.3423954
105 336.19255 213.98001 0.62233852 0.048433468 -0.16870815 25 0 1202.9993 4.9533925 -1.7372569
106 266.48287 216.11853 0.61393752 -0.065214422 -0.36615428 25 0 493.23005 1.9247811 -0.71095338
107 160.48402 217.34836 0.63730829 0.71368003 0.024616547 25 0 669.28881 2.540354 -1.0122356
108 489.23481 220.47599 0.58860311 0.17876512 0.068680936 25 0 3164.5101 12.557387 -2.7472482
109 249.7442 222.83668 0.63798225 0.29364341 -0.19079592 25 0 2149.7352 8.3644595 -2.3060947
110 361.96551 224.94491 0.59827843 0.16612857 -0.17321664 25 0 3455.5481 14.195578 -2.8803827
111 432.05194 225.59938 0.59245695 0.27686862 -0.0060212641 25 0 10095.255 40.731121 -4.0248159
112 336.79992 227.40112 0.59160559 0.10266807 -0.15940705 25 0 803.35502 3.3406919 -1.3095911
113 501.2221 227.52499 0.39628793 0.46119766 0.36248916 25 0 154.12495 1.007978 -0.0086276872
114 190.37849 233.46795 0.54549311 -0.062065439 0.11654234 25 0 449.09775 1.7928184 -0.63384076
115 250.33973 234.54722 0.54411292 0.324247 -0.17249488 25 0 473.26585 2.0166464 -0.7615744
116 441.23783 237.07697 0.66406691 0.1724932 -0.093858416 25 0 1610.7757 6.2949791 -1.9974857
117 40.591314 237.84466 0.78689519 0.037342869 -0.25720631 25 0 382.345 1.4237892 -0.38361422
118 213.92679 251.12104 0.62230731 0.1884193 -0.16825029 25 0 3895.5014 15.525034 -2.9775814
119 438.12169 250.47435 0.54922117 0.21788577 0.055662572 25 0 4878.3362 20.178896 -3.2622435
120 276.08904 253.33765 0.87243551 0.32607953 -0.049642372 25 0 391.45098 1.2240406 -0.21948953
121 341.56217 259.72296 0.58984793 0.50409224 0.095813058 25 0 271.74378 1.1432058 -0.14531101
122 114.78509 261.4281 0.57954973 0.25191413 0.061513402 25 0 255.11772 1.0245332 -0.026315089
123 36.457336 272.28219 0.52147855 0.053265721 0.21706273 25 0 205.15713 1.0487214 -0.051650346
124 43.235482 271.99736 0.6849208 0.054638775 -0.11424422 25 0 1296.8972 4.9835541 -1.7438479
125 225.67396 280.03874 0.71367523 0.60325879 -0.25502885 25 0 263.64229 1.0334672 -0.035741787
126 57.533065 281.11077 0.79552044 0.27680559 -0.25571423 25 0 713.55838 2.5107598 -0.99951291
127 357.72496 283.45751 0.57656306 -0.0065528276 -0.022587449 25 0 3709.4173 14.794911 -2.9252809
128 170.46581 284.7714 0.54726949 -0.10726419 -0.27494269 25 0 643.4656 2.7465121 -1.0969538
129 48.898437 286.1996 0.67163114 0.38656202 -0.0057675705 25 0 994.20369 3.7643148 -1.4392148
130 77.261456 285.90709 0.67806674 0.088101932 -0.24195288 25 0 1042.3017 4.1254508 -1.5386785
131 332.24533 288.33179 0.57701671 -0.059167182 -0.21820106 25 0 319.15295 1.246232 -0.23899722
132 463.47919 288.26578 0.64692555 0.53051172 -0.1377381 25 0 554.00143 2.1439013 -0.82801196
133 1.7078203 290.98229 0.74681121 0.13799113 -0.0032683395 25 0 384.94272 1.3172192 -0.29914516
134 146.35192 295.4753 0.57756514 -0.39553795 -0.054695729 25 0 346.32914 1.3282541 -0.3082029
135 60.773352 301.54517 0.687406 0.70243433 0.022698535 25 0 933.38063 3.298749 -1.2958732
136 408.65313 301.7289 0.51925322 -0.3778396 -0.20442967 25 0 274.3966 1.218905 -0.21492468
137 204.17308 307.05449 0.6523549 0.2325046 -0.091430554 25 0 675.16098 2.5777363 -1.0280962
138 436.00505 307.08786 0.68426257 0.21204289 -0.20921323 25 0 901.17441 3.445242 -1.3430493
139 123.49996 311.91177 0.65535751 0.019915637 -0.2927043 25 0 2641.2947 9.9870025 -2.4985879
140 0.1129829 313.72275 0.89033696 0.12888291 0.34252758 25 0 1569.1203 5.2919516 -1.8090396
141 45.240478 315.79731 0.59859945 0.14512212 -0.1327242 25 0 291.78972 1.2067668 -0.20405837
142 440.57416 320.96579 0.40646861 0.48251996 -0.15448809 25 0 198.5917 1.0198529 -0.021343786
143 315.8248 323.68347 0.54028395 0.64998237 -0.10836662 25 0 342.89341 1.4106329 -0.37353504
144 6.0921646 330.84551 0.70104596 0.22960268 -0.10106467 25 0 4229.2497 15.986046 -3.0093526
145 273.1195 330.92525 0.58300237 0.14460532 -0.17719948 25 0 458.35734 1.9844685 -0.74411054
146 366.01049 331.15996 0.56366818 0.37111265 0.1105569 25 0 412.08243 1.7568761 -0.61185281
147 16.333972 331.80119 0.64752632 0.080105686 -0.11445957 25 0 9795.2649 38.170449 -3.9543182
148 249.3744 332.43622 0.59995718 0.54746427 -0.13925423 25 0 571.93603 2.1852754 -0.84876543
149 62.692697 332.88177 0.67836479 -0.18073626 -0.33816674 25 0 742.99991 2.6033495 -1.0388312
150 474.29954 338.84512 0.60338404 0.726565 0.31966367 25 0 699.02705 2.5796072 -1.028884
151 346.28656 344.74345 0.61649894 -0.10329802 -0.22012477 25 0 586.10807 2.4347427 -0.96613269
152 225.52022 348.53695 0.60652159 0.70935573 -0.097185609 25 0 3329.046 12.723414 -2.7615091
153 367.62966 349.91729 0.59233526 0.013435926 -0.26580825 25 0 694.98089 2.8430822 -1.1344735
154 7.6268887 350.91242 0.79987525 0.29374006 -0.038034685 25 0 799.21945 2.6694761 -1.0660651
155 479.32381 350.62276 0.56497723 0.24916491 0.15687065 25 0 258.83237 1.1201151 -0.12315664
156 284.41897 352.49238 0.58558942 0.65930182 -0.10641874 25 0 16264.345 64.164482 -4.5182367
157 7.7729393 354.67967 0.74644604 0.16401774 -0.026490653 25 0 1083.0081 3.6907935 -1.4177994
158 142.89033 354.66209 0.5819796 0.35371007 -0.17509789 25 0 242.4211 1.0742811 -0.077794791
159 8.9766545 358.20631 0.70795199 0.078872595 0.084832434 25 0 570.57222 2.0924417 -0.8016334
160 400.25677 359.47976 0.51459378 0.066456264 0.066924476 25 0 1146.0476 4.9592324 -1.7385361
161 465.5087 359.97404 0.80488185 -0.25249351 0.015164916 25 0 392.8653 1.3461407 -0.32272618
162 211.79094 361.53411 0.54931632 0.46818687 -0.047297561 25 0 935.95753 3.6633264 -1.4096891
163 263.86319 362.70594 0.58893281 0.30810135 -0.05995076 25 0 1989.8513 8.119054 -2.2737636
164 81.311485 364.189 0.69175974 0.37733436 -0.16648122 25 0 4207.5664 15.749078 -2.9931378
165 413.49985 363.90017 0.63259653 -0.16446451 -0.18819474 25 0 764.80883 2.8195048 -1.1254321
166 124.2616 365.0097 0.92130753 0.5332842 0.074262865 25 0 453.82306 1.1690169 -0.16955199
167 485.09599 365.94652 0.68516548 0.11169334 -0.063415074 25 0 7989.7009 30.624611 -3.7151764
168 8.7008717 367.37883 0.74384278 -0.28055244 -0.27415514 25 0 348.68288 1.1554699 -0.15689659
169 351.61915 377.11766 0.64648087 0.040085082 -0.21401555 25 0 2703.095 10.421354 -2.5448104
170 60.569259 378.39113 0.65032628 0.56459669 -0.19039097 25 0 2573.9839 9.6729353 -2.4638957
171 106.3116 380.05858 0.70282257 0.52057852 -0.16741052 25 0 503.48485 1.7754596 -0.623277
172 212.99429 381.52777 0.5815412 -0.066087797 -0.056098946 25 0 464.21988 1.7354069 -0.5985033
173 469.61682 382.66864 0.50943528 -0.69976084 0.29213642 25 0 414.34869 1.7816799 -0.62707422
174 86.115324 383.07612 0.55568404 -0.058870711 -0.22455578 25 0 301.26891 1.1325182 -0.13511294
175 130.30667 384.2848 0.65165913 0.28950989 -0.11861903 25 0 1096.4118 4.0144634 -1.5090688
176 502.02958 384.12543 0.5506868 -0.0070740318 -0.13549266 25 0 272.31434 1.3485633 -0.32467835
177 441.08439 386.34072 0.63031368 0.25944449 0.024894559 25 0 1914.9835 7.4742788 -2.1839232
178 470.53859 385.99789 0.67775247 -0.14074243 -0.26250369 25 0 1599.7766 5.8227891 -1.9128276
179 45.843528 389.47778 0.46159192 0.27357216 0.068605089 25 0 362.16248 1.6144789 -0.5200809
180 232.33814 394.24992 0.64055068 0.34422431 -0.16447595 25 0 5930.1601 22.867638 -3.3980533
181 362.87666 396.32643 0.60636217 -0.09104318 -0.11483527 25 0 577.51854 2.2183223 -0.86506162
182 261.53218 401.79081 0.51313394 0.41492212 -0.34951287 25 0 491.31325 2.0478638 -0.77825269
183 398.34151 401.1085 0.30415885 -0.046959876 0.31107182 25 0 247.54757 1.3938118 -0.36051036
184 258.78398 405.52567 0.55442177 0.078776494 -0.012863103 25 0 1280.8878 5.1792457 -1.7856663
185 276.84998 405.13832 0.61575815 0.18268396 -0.16214283 25 0 253.99301 1.0401262 -0.042715139
186 480.32023 405.80158 0.4677472 0.93100556 0.39671165 25 0 309.27749 1.4843533 -0.42884317
187 90.793085 410.85261 0.61507015 0.31696179 -0.16181739 25 0 820.50374 3.2501875 -1.279771
188 114.83343 412.27433 0.64093878 0.090566227 -0.13762287 25 0 1776.8247 6.7085929 -2.0665786
189 290.39193 422.37706 0.54158529 -0.009934943 -0.08967271 25 0 283.69849 1.1552865 -0.15672422
190 171.50387 423.77175 0.61636 -0.36102601 -0.49395046 25 0 300.80459 1.0909912 -0.094553133
191 200.5663 429.13556 0.57752702 0.12330264 -0.40238932 25 0 268.25028 1.0889696 -0.092539344
192 165.54066 430.37006 0.56922646 -0.19066461 -0.16089533 25 0 1417.5263 5.5032135 -1.8515409
193 139.12351 431.16472 0.60815633 0.40440259 -0.11304729 25 0 853.29178 3.3683015 -1.3185274
194 497.91665 433.46004 0.31701995 0.14873572 -0.095053604 25 0 61101.514 282.44221 -6.127324
195 238.90555 433.654 0.56809151 0.61126073 -0.043492558 25 0 811.34184 3.3697784 -1.3190034
196 351.47338 435.52078 0.58088061 0.66810309 -0.117025 25 0 2022.3743 8.0031567 -2.2581533
197 251.95231 438.06531 0.63413247 0.090212112 0.1373192 25 0 903.71942 3.3632993 -1.3169138
198 98.056507 439.96624 0.70287472 0.196293 -0.15532228 25 0 12608.335 47.29478 -4.187033
199 469.79173 446.83052 0.61765033 0.2770513 -0.16412729 25 0 274.64824 1.0918712 -0.09542848
200 483.92079 449.98142 0.70724673 0.22805612 -0.14016905 25 0 1953.0514 7.2209603 -2.1464874
201 386.10094 452.39647 0.49845516 0.089276759 0.28367821 25 0 243.85029 1.132277 -0.13488172
202 317.87256 453.62998 0.68030319 -0.024117769 -0.053826209 25 0 557.59628 1.9475148 -0.72370192
203 442.11794 454.83662 0.69523321 0.29173751 0.34665541 25 0 365.33831 1.3930222 -0.35989506
204 369.05196 458.60155 0.58934297 0.26295439 -0.044959683 25 0 957.0779 3.8072354 -1.4515243
205 63.15162 459.51808 0.60914915 0.19383465 0.043005008 25 0 4102.7392 16.262049 -3.0279381
206 156.14112 460.73644 0.63940891 0.1367159 -0.16787189 25 0 885.57709 3.314658 -1.3010968
207 332.83709 461.28229 0.64948578 0.12574731 0.14535859 25 0 266.43569 1.0032061 -0.0034753998
208 434.59165 462.2016 0.58359991 0.25304961 -0.2809464 25 0 60897.034 240.78524 -5.9540747
209 52.10007 464.59951 0.64114861 -0.3093618 -0.044540488 25 0 266.5109 1.0465693 -0.049419949
210 411.41383 464.19229 0.34633751 0.48288976 0.27115785 25 0 193.90759 1.1106946 -0.11398665
211 217.84382 468.86398 0.69587544 0.23359011 -0.18701294 25 0 4237.403 15.674279 -2.9879689
212 435.72237 469.98671 0.60464009 -0.14906704 -0.35179678 25 0 467.46063 1.6684799 -0.55580244
213 349.484 470.7105 0.51929769 -0.91640252 -0.17422628 25 0 408.80861 1.5714505 -0.49075176
214 267.91633 472.14798 0.66731125 0.1018152 -0.20332677 25 0 2617.497 9.9142379 -2.4906483
215 121.04955 472.65639 0.67773978 0.059526244 0.0065982953 25 0 371.65214 1.2998895 -0.28476613
216 345.12776 477.3205 0.67818962 0.74491606 -0.18116243 25 0 420.09455 1.5276968 -0.46009289
217 145.9052 478.0117 0.67053126 0.42909455 -0.088835693 25 0 765.54398 2.9947163 -1.1908892
218 221.18581 477.75834 0.93342801 -0.30722391 0.063370664 25 0 552.39582 1.7357304 -0.59870568
219 70.841652 483.36487 0.58031987 0.80545128 0.16630697 25 0 814.86767 3.2704898 -1.286532
220 247.24091 493.16094 0.64130725 0.40127273 -0.147358 25 0 386.86068 1.4154002 -0.37719812
221 157.11987 497.10522 0.69489503 0.29948764 -0.17025817 25 0 305.20314 1.0573844 -0.060582255
222 122.98226 500.17093 0.71968865 -0.19250914 -0.14521697 25 0 572.11542 1.9581262 -0.72960171
223 168.23326 500.1947 0.58505278 0.17020296 -0.17756044 25 0 404.04941 1.6945982 -0.57266684
224 123.84546 503.85438 0.703333 0.083099326 -0.03311245 25 0 661.04619 2.3189947 -0.91324937
225 170.15259 507.51538 0.54289081 0.59277717 -0.086854642 25 0 546.9631 2.1030338 -0.80711565
226 44.545135 510.37519 0.64851668 -0.51004438 -0.28914582 25 0 411.36664 1.5120354 -0.44890493
227 167.55778 510.80924 0.79400151 -0.052968689 -0.56485851 25 0 517.44388 1.7478009 -0.60622992
228 242.64091 510.56788 0.700109 0.382379 -0.33445921 25 0 860.2526 3.2018931 -1.2635171
229 253.62573 510.46065 0.70589763 0.20396577 -0.29218996 25 0 382.12214 1.357085 -0.33151765
