id xcentroid ycentroid sharpness roundness1 roundness2 npix sky peak flux mag
1 357.74168 3.1348861 0.65543889 0.067233504 0.07208725 25 0 317.20771 1.3990597 -0.36459058
2 330.40894 5.619327 0.57323267 0.67721819 -0.11014872 25 0 672.00838 2.9863304 -1.1878446
3 339.63641 8.1079219 0.58656604 0.5108199 -0.26479702 25 0 298.7519 1.3253246 -0.30580564
4 461.91274 8.7959992 0.65700355 0.77119176 0.32605411 25 0 566.95429 2.5338228 -1.0094406
5 142.34081 13.004772 0.68089208 -0.13446832 -0.027052901 25 0 567.85792 2.3293805 -0.9181011
6 367.8742 14.191012 0.67456225 0.18790873 -0.061943507 25 0 920.26034 4.0031548 -1.506006
7 57.469411 15.215145 0.65324917 0.31897182 -0.054321412 25 0 14130.702 60.772957 -4.4592759
8 4.9217492 16.859564 0.75157136 0.13377603 0.0518629 25 0 7180.4065 29.431732 -3.6720395
9 441.41242 17.310139 0.57578186 0.55849466 -0.017515347 25 0 683.94005 3.15367 -1.2470406
10 500.44145 17.179593 0.57833735 -0.030054434 -0.12027281 25 0 23986.207 108.8584 -5.0921549
11 458.74051 18.853842 0.6834652 -0.11864757 -0.12723739 25 0 305.24499 1.2807465 -0.26865798
12 366.97426 22.468898 0.69376699 0.23271487 -0.051001394 25 0 387.26936 1.677148 -0.56142849
13 368.22 27.88398 0.41774993 -0.90547509 -0.55023759 25 0 233.32571 1.3258977 -0.30627506
14 10.539689 28.926386 0.49447726 -0.74410009 -0.28056165 25 0 210.76678 1.1737736 -0.17396085
15 245.84775 32.418672 0.71186983 0.091062237 0.050124206 25 0 314.84276 1.1924643 -0.19111343
16 387.25893 35.568856 0.69189845 0.33381223 0.10621261 25 0 645.80328 2.6850902 -1.0723972
17 486.87212 35.808747 0.56162652 0.76428219 0.51799644 25 0 427.00764 2.2174806 -0.86464956
18 159.72576 38.498672 0.57641715 0.82190452 0.22438107 25 0 394.88147 1.8027793 -0.63985642
19 146.60572 42.624236 0.70147058 0.18063382 -0.1765758 25 0 613.02726 2.3544961 -0.92974493
20 219.55975 43.809271 0.59772599 0.46356955 -0.13441134 25 0 1094.0735 4.8027945 -1.703735
21 452.2413 44.478583 0.63432525 0.51737037 0.57599817 25 0 280.06161 1.252445 -0.24439664
22 239.02801 44.535435 0.63469506 0.20969367 0.12975681 25 0 2416.1549 10.602668 -2.5635379
23 379.7767 45.651257 0.61319757 0.71067646 0.15357532 25 0 515.60997 2.3508936 -0.92808244
24 423.25958 46.38238 0.37572932 -0.085774896 0.29106508 25 0 164.88769 1.0035511 -0.0038487621
25 99.392436 47.044891 0.62538026 0.19580095 -0.00041562706 25 0 530.29286 2.320266 -0.91384445
26 282.83564 47.110396 0.71909273 -0.41258759 -0.4035586 25 0 368.90663 1.5160319 -0.45177083
27 357.57404 46.553911 0.41284313 0.57387654 0.058519279 25 0 58865.336 289.56131 -6.1543513
28 144.43141 48.853358 0.63437117 -0.075626811 -0.071213777 25 0 5170.8225 22.64689 -3.3875214
29 187.29792 49.246154 0.6718611 0.21197519 -0.097878738 25 0 402.85113 1.7400202 -0.60138571
30 433.26305 49.978244 0.66651776 -0.012665819 -0.039058245 25 0 1178.8473 5.114296 -1.7719646
31 78.037559 51.386849 0.74231473 -0.18157427 0.0076650348 25 0 305.4238 1.2768685 -0.26536547
32 266.6021 54.373145 0.44037551 0.051487918 0.33819246 25 0 227.34345 1.2608769 -0.25168169
33 85.555803 56.165038 0.58503107 0.5110895 -0.084265323 25 0 237.91565 1.0850868 -0.088661242
34 279.87827 55.736928 0.59465981 0.46796694 0.011668061 25 0 369.44469 1.6666572 -0.55461572
35 433.88034 55.505803 0.39389018 0.60752694 0.266483 25 0 186.46016 1.0767206 -0.080257527
36 503.65878 55.918468 0.66307812 0.35533482 -0.025226985 25 0 939.83129 3.9601452 -1.4942778
37 327.34645 57.002656 0.61732883 0.16978291 -0.0089160615 25 0 1627.7706 7.2004644 -2.1434013
38 175.26439 62.093368 0.42682254 0.038418377 -0.42340106 25 0 241.78195 1.3002412 -0.28505979
39 476.30926 63.546483 0.62003671 0.74702894 0.17173307 25 0 1421.5803 5.9945041 -1.9443832
40 63.59853 64.993979 0.6458239 -0.35452095 0.018795915 25 0 272.48197 1.1721483 -0.17245641
41 382.28352 68.060269 0.46268863 0.62815246 0.33928325 25 0 216.42894 1.3327637 -0.31188289
42 30.575403 67.833937 0.76095255 -0.11719947 -0.049678313 25 0 505.21018 2.0245866 -0.76584087
43 64.485005 69.936704 0.58547871 0.063991675 0.040743043 25 0 661.1398 3.18027 -1.25616
44 87.64314 69.74684 0.60135293 -0.34060242 0.008783054 25 0 420.38953 1.9234707 -0.71021395
45 202.70075 70.19485 0.63812507 0.13390918 -0.071647183 25 0 377.20934 1.8270531 -0.65437792
46 465.96163 70.425736 0.57942241 0.41010058 0.2847507 25 0 1451.721 6.7432321 -2.0721703
47 504.67336 71.035384 0.66244345 0.092796711 0.051509288 25 0 508.77178 2.3275245 -0.91723566
48 30.822896 71.951746 0.70838559 -0.58212338 -0.06747669 25 0 529.40172 2.2967261 -0.90277303
49 145.41142 71.632375 0.69750923 0.11112684 0.05425247 25 0 439.26691 1.9473857 -0.72362994
50 451.24092 72.102039 0.68942319 0.49306118 -0.068426707 25 0 761.20502 3.2923164 -1.2937539
51 69.676444 74.327649 0.55109037 0.56316478 0.26148693 25 0 261.05559 1.5366364 -0.46642776
52 88.757708 74.902617 0.65422532 0.2560008 -0.025610963 25 0 1794.3429 7.8792965 -2.2412186
53 346.85485 75.959155 0.35397016 -0.1706538 -0.12019344 25 0 183.6353 1.2343386 -0.22858579
54 158.30712 76.988139 0.66220444 -0.41747683 -0.3447804 25 0 298.12934 1.3619792 -0.33542619
55 501.79051 79.027361 0.66841587 0.21870199 0.086718966 25 0 1153.6629 5.0053048 -1.7485763
56 383.60864 83.219291 0.60820006 0.028885153 -0.019802836 25 0 3217.4206 14.231982 -2.8831635
57 4.0394267 85.971366 0.76148531 0.41772966 0.083828164 25 0 984.02682 4.0215946 -1.5109957
58 152.81853 86.5082 0.57657708 0.42641708 0.2031874 25 0 437.24917 2.2399119 -0.87557735
59 468.2248 88.254282 0.76674065 0.164069 0.02677758 25 0 356.31041 1.5340734 -0.46461537
60 125.16265 90.1361 0.75786438 0.15321821 0.012795687 25 0 738.77212 2.9404849 -1.1710474
61 177.66006 90.207547 0.60222767 0.22997125 -0.12589757 25 0 342.95211 1.4325551 -0.39027835
62 188.02274 97.023991 0.7146719 0.44473348 0.14501703 25 0 523.99036 2.0491613 -0.77894038
63 316.71013 97.447589 0.59969931 0.2588673 0.07485904 25 0 1086.9626 4.7379522 -1.6889767
64 320.58794 99.309641 0.54908719 -0.44592676 -0.042150272 25 0 1259.6366 5.7236655 -1.8941856
65 218.92065 100.46365 0.60500014 0.2615272 0.12195249 25 0 1654.3861 7.2973843 -2.157918
66 399.97069 102.58832 0.74687919 0.6222261 0.41286661 25 0 257.80973 1.1030844 -0.10652181
67 148.72187 104.33088 0.62523615 -0.31766569 0.13028404 25 0 424.15361 1.9653422 -0.73359543
68 484.73838 103.86118 0.59872377 0.27448062 0.0439232 25 0 404.69355 1.8520884 -0.6691543
69 86.645425 104.68932 0.66241589 0.39011125 -0.0010241268 25 0 3667.038 15.466049 -2.9734484
70 94.842782 105.79366 0.64856239 0.67430837 0.12689183 25 0 243.7558 1.0034589 -0.0037489831
71 329.59284 106.37534 0.59589369 -0.33638018 0.25078852 25 0 271.31166 1.2271667 -0.22225889
72 365.38874 115.51492 0.63555712 -0.10753456 0.25571943 25 0 542.14756 2.320982 -0.91417945
73 252.03497 117.67083 0.64776306 0.22611971 0.091927167 25 0 17623.423 76.717473 -4.7122357
74 269.50097 117.59569 0.56818366 -0.18468834 -0.032327303 25 0 930.35107 4.0603925 -1.52142
75 279.51717 119.07065 0.64003597 0.15970303 -0.12356028 25 0 1818.1638 7.7586786 -2.2244694
76 336.18068 118.63806 0.62992346 0.063828963 0.10133919 25 0 1193.8161 5.3556467 -1.8220298
77 481.53261 120.207 0.49640847 0.069447181 0.038156114 25 0 354.84207 1.9185356 -0.70742464
78 131.0526 121.38589 0.66372859 0.27921988 0.11610422 25 0 564.69151 2.4141686 -0.95691899
79 231.65786 120.92077 0.56964414 0.29155922 0.025157265 25 0 498.11544 2.2178582 -0.86483444
80 185.96244 122.56715 0.76832105 -0.73829616 -0.49849977 25 0 453.49179 1.6010422 -0.51100696
81 83.850014 122.78376 0.62818124 0.27772099 0.011143835 25 0 599.84397 2.6583895 -1.0615465
82 183.42214 124.3734 0.63234148 0.5629549 -0.033405723 25 0 1868.3919 7.9740602 -2.2541988
83 510.89781 124.03164 0.85998573 0.22929011 0.5078418 25 0 385.45734 1.5365889 -0.46639426
84 16.108399 126.26243 0.76631157 -0.04816468 -0.26389228 25 0 535.04484 2.1986286 -0.85537969
85 207.40141 129.77416 0.59905416 0.071151604 -0.043520972 25 0 1698.5312 7.7027046 -2.2166081
86 10.974128 132.36195 0.81036504 0.18449023 0.007231337 25 0 489.02289 1.8240199 -0.6525739
87 38.66139 131.47697 0.64002765 0.65629343 0.14274588 25 0 1186.3201 5.1663122 -1.7829516
88 284.8582 133.01782 0.78180949 0.22710031 -0.052167706 25 0 594.03393 2.2464302 -0.87873233
89 301.84227 139.44871 0.70457746 0.42750274 -0.077592074 25 0 232.1514 1.0102681 -0.011091548
90 427.3381 141.00788 0.6472308 0.21868616 -0.03366594 25 0 12858.335 55.495445 -4.3606433
91 415.90472 144.12731 0.65540059 -0.30576729 0.30782032 25 0 293.169 1.4117459 -0.37439132
92 330.15073 146.66459 0.64100419 0.15133701 0.072275715 25 0 3159.1737 13.791968 -2.8490656
93 45.914649 147.80346 0.74404533 0.18540242 0.061515221 25 0 940.3311 3.93792 -1.4881672
94 83.170634 150.15728 0.54039867 0.34814982 0.33482387 25 0 221.35689 1.1651834 -0.1659857
95 125.5849 149.59063 0.57659957 0.23709251 0.06481828 25 0 286.55592 1.3613904 -0.33495672
96 28.843807 151.90117 0.69264685 0.095815562 0.077308198 25 0 701.10263 2.9546944 -1.1762814
97 483.41949 151.65986 0.55847361 -0.15066236 -0.30176338 25 0 174.62331 1.0094636 -0.010226611
98 128.62912 161.16963 0.62223622 0.22075903 0.045051291 25 0 470.34722 2.1248635 -0.8183276
99 417.30641 162.50793 0.5804339 0.011388278 0.126197 25 0 45514.78 203.27271 -5.7701977
100 456.47328 165.90112 0.54520875 0.22025566 -0.19972247 25 0 475.6144 2.3617347 -0.9330778
101 237.72573 166.7538 0.56935311 0.40906961 0.084444562 25 0 519.27462 2.4451425 -0.97076044
102 150.28218 169.43601 0.76936557 0.21051771 0.36089591 25 0 267.47474 1.1606813 -0.16178247
103 184.80413 170.12001 0.66279654 0.13299197 0.028933304 25 0 423.94338 1.70047 -0.57642247
104 64.597762 174.02021 0.43726572 0.33550912 -0.0077593389 25 0 335.47674 1.8684115 -0.67868135
105 173.76445 173.85088 0.60716026 -0.14320022 0.020937272 25 0 263.47462 1.3391579 -0.3170795
106 509.52991 174.28686 0.57775088 -0.14924668 -0.012544253 25 0 5974.5564 27.36345 -3.5929271
107 257.3214 175.08637 0.60098336 0.27141971 0.012297221 25 0 1744.1482 7.7524371 -2.2235956
108 377.66521 174.88148 0.55871605 0.38891979 -0.14123139 25 0 475.35165 2.2051781 -0.85860917
109 195.49731 175.95915 0.64527947 -0.032197146 -0.23056002 25 0 997.54603 4.2668766 -1.5752752
110 302.41426 175.76532 0.62586582 0.25061116 0.0030040337 25 0 198.52423 1.0878907 -0.091463179
111 444.84688 177.07004 0.62279465 0.41297578 0.054778279 25 0 403.67281 1.8969108 -0.69511729
112 183.92462 178.53963 0.64819063 0.39164533 0.1648384 25 0 1667.4765 7.1917204 -2.142082
113 175.08511 182.67677 0.94656483 0.70006817 0.21732698 25 0 312.01249 1.104034 -0.10745613
114 452.37806 183.61595 0.56110203 0.43551095 -0.14164911 25 0 2251.2019 10.043452 -2.5047076
115 48.066338 184.51635 0.70659084 0.17332126 0.080429364 25 0 797.23181 3.2287843 -1.2725976
116 146.26729 184.55723 0.59935217 0.085125543 0.1623293 25 0 1682.0543 7.4409353 -2.1790688
117 442.48787 185.87717 0.52601992 -0.24566084 -0.23886278 25 0 507.08437 2.6391644 -1.0536661
118 21.491679 187.06045 0.48396891 0.21224805 -0.0045514649 25 0 190.05532 1.1720165 -0.17233431
119 257.97279 187.2888 0.6514885 0.28483361 0.019384349 25 0 1173.4281 4.9122079 -1.7281918
120 452.97157 188.58041 0.68593593 0.04882404 0.11141679 25 0 940.57448 3.9225103 -1.4839102
121 220.55511 190.01623 0.57069556 0.15551902 -0.13832206 25 0 653.9161 3.0042528 -1.1943412
122 262.05095 189.55711 0.57759693 -0.55458913 -0.26660987 25 0 227.48982 1.1303189 -0.13300244
123 102.84391 191.15996 0.6766275 0.11228215 0.027576119 25 0 43416.964 186.05516 -5.6741043
124 152.33154 192.38653 0.5768464 0.83695178 -0.02337033 25 0 327.96292 1.4639078 -0.41378432
125 283.81196 196.2377 0.75175406 -0.18260538 0.073036877 25 0 323.26725 1.2759191 -0.26455782
126 451.9943 196.49576 0.65251524 0.023818795 0.16008387 25 0 360.76881 1.5930316 -0.50556095
127 423.22588 199.51899 0.51615955 0.39553834 -0.053294957 25 0 198.85402 1.2027569 -0.20044463
128 486.2823 200.46438 0.6691198 -0.049905237 0.14921894 25 0 569.98251 2.2976576 -0.90321328
129 380.36433 202.21652 0.61620085 0.24644174 -0.058950395 25 0 283.18546 1.2708951 -0.2602743
130 413.36681 202.23266 0.69613498 0.41047046 -0.018679219 25 0 333.87645 1.4058596 -0.36985487
131 199.4028 202.88586 0.55978508 -0.1003259 -0.14814035 25 0 564.88821 2.5693647 -1.0245644
132 229.87519 204.1391 0.79718625 0.47033412 -0.13388835 25 0 477.50423 1.8156678 -0.64759101
133 97.988747 205.22655 0.61531481 0.12268485 0.19647127 25 0 650.82581 3.1000459 -1.2284203
134 437.33927 204.98698 0.66946255 -0.008912712 -0.16697285 25 0 377.13019 1.6262012 -0.52793569
135 178.90756 207.01641 0.33536155 -0.46675561 -0.17059124 25 0 193.23808 1.3280099 -0.30800327
136 500.89521 206.62927 0.57868982 0.44398806 0.044769451 25 0 644.13527 3.0558064 -1.2128146
137 446.75702 208.89444 0.87005855 0.082136596 -0.32337149 25 0 360.75425 1.267209 -0.25712062
138 43.57228 214.18791 0.54884363 0.29153171 -0.05409498 25 0 363.3131 1.7620806 -0.61506444
139 46.101243 215.65092 0.71792686 0.67057437 0.074375603 25 0 546.08943 2.309762 -0.90891807
140 457.0023 216.44664 0.60998889 0.12630228 0.16309568 25 0 1043.7543 4.7055008 -1.6815146
141 19.169826 217.71337 0.65762692 0.20793388 0.15147604 25 0 2031.8853 9.0199737 -2.3880132
142 357.66642 218.7087 0.64491764 0.33302062 0.019524631 25 0 1482.1423 6.3300192 -2.0035126
143 287.80967 220.70201 0.61890519 0.30415953 0.037219648 25 0 675.8796 2.9409365 -1.1712141
144 181.97887 222.27762 0.62988841 0.38893792 0.23222145 25 0 1089.8884 4.8876092 -1.7227412
145 381.97259 222.43608 0.35776548 -0.046589812 -0.040142533 25 0 141.2136 1.0498637 -0.052832309
146 510.59211 225.13435 0.73674515 -0.075178336 0.16996666 25 0 4957.3774 20.214972 -3.2641829
147 251.86672 225.5162 0.58125813 0.8328761 0.14495048 25 0 249.01425 1.2499814 -0.24225888
148 271.23213 227.45664 0.55740421 0.079018353 0.166661 25 0 2484.6656 11.36205 -2.6386418
149 16.69873 229.93779 0.75757352 -0.0551215 -0.17747947 25 0 380.05567 1.6019548 -0.51162562
150 383.38266 229.60724 0.57639985 0.61504466 -0.10281973 25 0 3732.3366 16.780809 -3.0620322
151 453.55662 230.28775 0.59156236 -0.1005101 -0.045359034 25 0 12722.668 56.517551 -4.3804583
152 358.44735 231.93372 0.55521888 0.128575 -0.078451124 25 0 960.90178 4.4513374 -1.6212263
153 410.79612 233.30287 0.59270044 0.0073496798 -0.13607833 25 0 217.57416 1.1094893 -0.11280781
154 211.6607 238.29262 0.61188081 -0.083821754 -0.16512934 25 0 713.79086 3.2005845 -1.2630732
155 271.73244 239.25256 0.60672005 -0.086688348 -0.030367671 25 0 739.87036 3.3527245 -1.3134947
156 462.83104 241.77191 0.67554105 0.3687183 0.068736764 25 0 2106.2816 8.9463975 -2.3791205
157 62.147704 242.77797 0.78676804 -0.58022877 0.010348888 25 0 407.36697 1.4970157 -0.43806592
158 83.015089 253.26482 0.5144199 -0.42391178 0.045601401 25 0 216.15995 1.2010954 -0.19894375
159 459.61729 255.20331 0.61006788 0.032527902 -0.028370826 25 0 7104.065 31.429508 -3.743344
160 235.42336 255.87405 0.63308714 0.044687143 -0.078083265 25 0 4852.7172 21.088396 -3.3101089
161 7.7776037 256.93174 0.72397521 0.084882903 0.017100565 25 0 1158.1519 4.8305577 -1.7099932
162 297.51533 258.35783 0.55630836 0.87331393 0.22783156 25 0 357.27699 1.7070767 -0.58063257
163 363.09318 264.60474 0.61083547 0.76409562 0.28569754 25 0 366.97336 1.6370468 -0.53515275
164 136.31734 266.06613 0.65653023 0.21050511 -0.15911318 25 0 380.6262 1.7157726 -0.58614931
165 17.872435 276.94873 0.83285458 0.18336507 -0.069079913 25 0 328.4551 1.2913668 -0.27762407
166 58.095537 276.98975 0.84385717 0.18857457 -0.23453367 25 0 425.693 1.7333465 -0.59721346
167 64.736221 276.81967 0.68295227 0.22204615 0.036187894 25 0 1548.8448 6.5792997 -2.0454492
168 121.09376 278.40137 0.58295942 0.63712563 0.33286778 25 0 320.08564 1.5208075 -0.45518562
169 246.68296 285.09486 0.43079093 -0.15777891 -0.17372972 25 0 226.39536 1.4469728 -0.40115089
170 79.001395 285.91098 0.73859055 0.07766892 -0.044031991 25 0 913.57643 3.7279776 -1.4286832
171 379.37096 288.06286 0.6427495 0.20188785 -0.033409628 25 0 5705.875 24.848015 -3.4882292
172 191.88566 289.53007 0.64529777 0.16243936 0.20343353 25 0 860.79919 3.712593 -1.4241934
173 70.627216 290.84629 0.54920636 -0.046162642 -0.20705614 25 0 1027.0816 4.7882296 -1.7004374
174 98.733224 290.69153 0.62258439 0.47855651 0.021149681 25 0 1124.4575 4.9950022 -1.7463392
175 353.67783 292.89407 0.69617865 0.12545322 0.09770653 25 0 423.32971 1.731893 -0.59630267
176 485.01136 292.90491 0.7101396 0.10115051 -0.025827637 25 0 918.32619 3.9301367 -1.4860192
177 23.103388 295.81612 0.66707263 0.16103265 0.049279132 25 0 495.6877 2.1544488 -0.83334044
178 63.611913 298.26235 0.52979848 0.7011846 0.39346814 25 0 217.85513 1.0519781 -0.05501671
179 167.88732 300.31892 0.62987536 -0.068255365 0.34901211 25 0 443.96996 1.9413001 -0.72023167
180 82.179613 306.49336 0.65184094 0.74898616 0.21111358 25 0 1261.1757 5.3766639 -1.8262822
181 430.2415 306.19362 0.61007098 0.17701736 -0.022935943 25 0 415.0399 1.9695101 -0.73589552
182 132.94928 308.46268 0.65133279 -0.38094881 0.22293311 25 0 261.18942 1.1252445 -0.12811725
183 225.65583 311.93854 0.6245907 0.26089092 -0.10027463 25 0 827.5503 3.6845823 -1.4159706
184 457.71092 311.79997 0.70401005 0.51973981 0.043208875 25 0 1149.9116 4.8049647 -1.7042255
185 144.95941 316.75417 0.64951888 0.26311209 0.067075914 25 0 3680.1517 16.215788 -3.0248451
186 21.00538 318.50803 0.64228449 0.33357537 0.23357406 25 0 2187.5445 9.4804414 -2.4420714
187 5.3872181 318.43086 0.51668606 -0.15433465 0.15162621 25 0 697.29305 3.2562192 -1.2817841
188 66.895625 320.78352 0.60100423 -0.48520989 -0.053231979 25 0 313.07233 1.3362912 -0.31475274
189 194.68177 326.10534 0.60338695 -0.37613586 -0.39082826 25 0 322.0873 1.5469163 -0.47366703
190 462.23222 325.56842 0.70814915 0.16833722 0.19320011 25 0 274.00483 1.0893402 -0.092908809
191 337.35069 328.31927 0.58193998 0.612391 0.065342174 25 0 537.82516 2.4491788 -0.97255122
192 500.22506 329.86536 0.78902302 0.36631484 0.35838416 25 0 258.86039 1.0196532 -0.021131268
193 270.104 331.01683 0.59162216 0.35139433 0.124753 25 0 315.14088 1.5719743 -0.49111363
194 27.50573 335.662 0.60636664 0.54448464 -0.023556269 25 0 4288.8775 18.892427 -3.1907194
195 294.71004 335.58849 0.54376485 0.82958207 0.12654096 25 0 433.63513 2.0073341 -0.75654916
196 387.41447 335.98137 0.69680748 -0.14745603 -0.37504255 25 0 501.3406 2.1131439 -0.81232268
197 37.796201 336.6132 0.66563827 0.40187066 0.12234319 25 0 12724.928 54.51706 -4.3413311
198 270.92596 337.22958 0.60051841 0.30266607 -0.0099955794 25 0 831.53789 3.7514432 -1.4354959
199 84.054726 337.7865 0.68274635 0.065603684 0.11562966 25 0 1141.5786 4.7071867 -1.6819036
200 495.9083 343.54244 0.71823298 0.318588 0.39580714 25 0 1040.8201 3.9630845 -1.4950833
201 266.8881 346.91106 0.63935198 0.60019472 -0.06487558 25 0 353.62479 1.5585259 -0.48178509
202 367.86218 349.574 0.62157517 0.48838087 0.092326617 25 0 681.24031 3.0357484 -1.2056644
203 483.07587 352.03263 0.72331516 -0.17807109 -0.099275172 25 0 261.7823 1.0645802 -0.067946005
204 25.219556 352.71267 0.73334346 -0.21078553 0.18718876 25 0 284.12542 1.1418706 -0.14404225
205 246.99599 353.28418 0.62061273 0.26199957 0.030944996 25 0 5168.9208 22.86355 -3.3978591
206 389.14391 354.44978 0.64473774 0.041154055 0.11044372 25 0 1017.0643 4.3113709 -1.5865385
207 500.58626 355.25353 0.58574908 0.2174676 -0.25517134 25 0 305.49146 1.5099556 -0.44741045
208 19.648322 356.02953 0.58526154 0.075245564 -0.2899895 25 0 397.58865 1.8103415 -0.64440129
209 29.183981 355.58853 0.69432636 -0.30440173 0.35000935 25 0 812.24068 3.0813299 -1.2218455
210 305.93622 357.19229 0.65112559 0.2156645 0.011161338 25 0 27050.298 117.16103 -5.171958
211 1.8117651 357.56592 0.70664361 0.20841146 0.018936505 25 0 882.74238 3.4379046 -1.3407346
212 243.19951 358.65573 0.7168718 0.16629905 0.73062161 25 0 240.6319 1.0430187 -0.045730201
213 164.31339 359.12134 0.53153442 0.60798005 0.11558918 25 0 266.78073 1.2194458 -0.21540628
214 450.69869 359.28967 0.63003061 -0.40629087 0.25572426 25 0 248.9454 1.1446895 -0.14671923
215 29.329923 359.44176 0.63500624 0.017327786 0.29040696 25 0 1151.6314 4.7745513 -1.6973314
216 30.248886 362.83397 0.68490763 0.19217994 0.48270156 25 0 575.96154 2.3174975 -0.91254816
217 421.90037 364.26548 0.66646071 -0.0042879369 0.082272266 25 0 2064.7922 8.8306663 -2.3649837
218 487.26662 364.80141 0.57569438 0.12390322 0.10410015 25 0 346.45783 1.815685 -0.64760127
219 233.36033 366.25974 0.58269979 0.52143493 -0.0024035281 25 0 1448.2807 6.5651708 -2.0431151
220 285.38938 367.52983 0.60532106 0.7087135 0.1120718 25 0 2436.3229 10.677149 -2.5711382
221 102.87742 369.027 0.6753847 0.19309666 0.031295341 25 0 5478.5022 23.384218 -3.4223071
222 435.06775 368.55491 0.6351846 0.088175941 0.15419259 25 0 1131.3242 5.0019458 -1.7478475
223 146.00864 369.70177 0.65861129 0.2351465 0.14557334 25 0 526.58166 2.2735338 -0.89175354
224 506.75364 370.59266 0.66461583 0.4016114 0.11202494 25 0 9512.2246 40.605965 -4.0214746
225 30.040211 372.12282 0.70833033 0.22801724 0.077998167 25 0 586.25518 2.2932643 -0.90113528
226 10.420891 375.86095 0.64864329 -0.13727314 -0.13148002 25 0 710.00248 3.0347858 -1.2053201
227 483.38161 378.331 0.49290761 0.95099638 0.41752104 25 0 214.34512 1.2194627 -0.21542127
228 373.30052 381.84471 0.6483261 0.087572233 0.0188875 25 0 3544.7035 15.37144 -2.9667864
229 33.167716 382.70211 0.73361778 -0.18969301 -0.067590913 25 0 294.65519 1.0580491 -0.061264595
230 82.091167 383.18089 0.68827447 0.33079595 0.056033596 25 0 3981.37 16.693981 -3.0563998
231 127.78936 384.74275 0.6632243 0.34160652 -0.031095937 25 0 590.54658 2.4037166 -0.95220815
232 234.54689 386.39032 0.61436027 -0.2424183 -0.095606167 25 0 514.6235 2.194373 -0.85327613
233 276.28112 387.1306 0.62583712 -0.045434692 0.0023633036 25 0 276.03819 1.2628382 -0.25336924
234 491.38132 387.17773 0.71883689 -0.65270703 0.18661525 25 0 763.13117 3.057966 -1.2135816
235 107.7182 387.79264 0.64080943 0.48243712 0.096715435 25 0 364.85295 1.4020311 -0.36689411
236 12.408726 389.20767 0.70453247 0.50551179 -0.025295231 25 0 988.51353 4.0395483 -1.515832
237 151.84061 389.14007 0.69027912 0.16180815 -0.029746971 25 0 1652.9343 6.8985658 -2.096897
238 462.66412 391.04433 0.68621851 -0.12859053 -0.04456859 25 0 2757.749 11.809176 -2.6805489
239 492.05918 390.58898 0.65567535 0.020299385 0.20169454 25 0 2214.769 9.5918145 -2.4547519
240 67.479708 394.32143 0.55606171 0.4049353 -0.024575917 25 0 514.09672 2.4984135 -0.9941608
241 395.80587 397.1321 0.82846304 -0.26210906 -0.33851629 25 0 323.42073 1.241268 -0.23466393
242 253.91488 399.04492 0.66195451 0.16504301 -0.021969721 25 0 8435.9577 36.445574 -3.904112
243 104.85281 399.59958 0.67995646 0.7589784 -0.0070665993 25 0 254.40739 1.0977852 -0.10129343
244 180.26921 401.76661 0.68248293 0.66112125 0.19276473 25 0 254.29049 1.0027329 -0.0029631509
245 384.39552 400.9397 0.66044474 0.1092827 -0.069017372 25 0 776.45291 3.1974697 -1.2620161
246 419.94008 406.04222 0.74749244 0.23130837 -0.053106278 25 0 683.13993 2.7345941 -1.0922322
247 282.99728 406.495 0.5931375 0.32493721 0.23566925 25 0 651.3305 2.8389651 -1.1329002
248 10.749853 410.32519 0.67235301 -0.20789032 0.03627833 25 0 932.75256 3.8069239 -1.4514355
249 280.44817 410.18636 0.59698312 0.33432389 -0.10379207 25 0 1829.2789 8.3028434 -2.2980671
250 298.54068 409.97037 0.56249334 0.33942361 -0.22686595 25 0 281.45212 1.3311185 -0.31054183
251 501.90712 410.4733 0.68566789 -0.10495772 0.33826079 25 0 511.54348 2.1357174 -0.82385947
252 112.3663 415.62043 0.62675488 -0.010741591 0.041143643 25 0 810.38097 3.4632111 -1.3486974
253 136.38074 417.06018 0.65841608 0.1722495 -0.089704581 25 0 2206.1779 9.4476901 -2.4383141
254 312.21581 427.17044 0.64980375 0.19351724 0.16226218 25 0 472.70212 2.2120088 -0.8619671
255 193.24743 428.69596 0.71454299 0.23803068 0.35572674 25 0 417.33864 1.6538795 -0.54625966
256 222.04414 433.93811 0.73151342 0.48101625 0.11656912 25 0 453.46597 1.7469364 -0.60569272
257 187.19374 435.13518 0.68837942 0.2812047 0.034748655 25 0 2442.549 10.190476 -2.5204862
258 160.59402 435.97127 0.59064962 0.52351323 -0.063659082 25 0 971.84764 4.2678235 -1.5755161
259 409.51307 435.98059 0.4060295 -0.035374397 0.20353809 25 0 255.28831 1.514238 -0.45048536
260 202.08406 436.62242 0.66889047 0.15405209 0.16916117 25 0 302.1979 1.2247761 -0.22014173
261 189.35651 437.20374 0.68379359 0.41681452 0.13601202 25 0 332.4668 1.4133699 -0.37563963
262 260.35696 438.37517 0.57594531 -0.2982262 -0.13072151 25 0 921.00976 4.2005032 -1.5582533
263 373.09414 440.17318 0.6830721 0.1686977 0.067659595 25 0 3721.4777 15.693661 -2.9893107
264 42.559315 443.34105 0.6230935 -0.13223892 -0.17434832 25 0 324.19824 1.3456907 -0.32236313
265 273.6811 442.78861 0.59971821 -0.23690699 -0.25480508 25 0 1093.4202 4.8314389 -1.7101912
266 119.55036 444.89723 0.64654363 0.1783357 -0.13896732 25 0 13991.039 60.365037 -4.4519637
267 504.88494 445.44389 0.62038836 0.21553661 0.36841875 25 0 332.57231 1.4672084 -0.4162295
268 491.21472 451.56618 0.6919801 0.047688691 0.33619837 25 0 342.43683 1.5027302 -0.44220257
269 240.48825 451.96995 0.61874785 -0.2193217 -0.11244155 25 0 274.21544 1.1213633 -0.12436586
270 301.90804 452.61839 0.63336872 0.84740468 -0.017232149 25 0 238.83904 1.0036879 -0.003996761
271 505.66137 454.6096 0.61817318 0.29412805 0.020198188 25 0 2014.9707 9.0024362 -2.3859001
272 407.89996 457.30952 0.63371507 0.63140432 0.28164813 25 0 322.20042 1.4779994 -0.42418565
273 339.59559 458.43557 0.58132459 -0.16223709 -0.023618824 25 0 611.14916 2.7076736 -1.0814908
274 463.73823 459.40717 0.64557994 -0.0021452303 0.2397781 25 0 360.31825 1.434428 -0.39169686
275 390.67322 463.29834 0.67559297 0.058758701 0.068770498 25 0 1341.8729 5.4347747 -1.8379539
276 84.67585 464.42117 0.62090943 0.61230112 0.12072609 25 0 5149.4427 22.467597 -3.3788916
277 177.60213 465.58624 0.6583995 0.61399128 0.007782267 25 0 1157.3664 4.9029076 -1.7261343
278 456.27051 466.7888 0.40765107 0.049176299 0.058130021 25 0 61358.298 335.91486 -6.315573
279 319.70371 467.59838 0.80099026 0.18871626 -0.034684368 25 0 390.19123 1.4664775 -0.41568852
280 433.32211 469.26317 0.75284386 0.25940007 0.19370217 25 0 361.46806 1.4102501 -0.37324034
281 73.81504 469.61225 0.7588057 0.48949227 0.12880665 25 0 366.96168 1.3688597 -0.34089737
282 273.94696 473.27741 0.72376267 0.7298719 0.2423068 25 0 265.35681 1.0551569 -0.058292571
283 239.5046 473.5168 0.57664117 -0.41654598 0.017998239 25 0 4268.2446 19.331647 -3.2156721
284 371.16531 475.21384 0.62056305 -0.25775643 -0.20614208 25 0 633.58923 2.8186434 -1.1251003
285 457.59679 474.55955 0.6685059 -0.39336099 0.013915274 25 0 522.43358 2.0396187 -0.77387247
286 273.68738 476.58516 0.48956736 0.26088634 0.38219065 25 0 265.49596 1.3098828 -0.29308107
287 289.50458 476.83718 0.61813736 0.2137398 -0.12444242 25 0 2951.4724 12.923228 -2.7784275
288 142.46153 477.70877 0.52512514 0.52577022 -0.0089757209 25 0 413.91776 2.1275175 -0.81968283
289 367.02932 482.06657 0.62637906 0.1718568 -0.11517709 25 0 550.32072 2.351088 -0.92817221
290 167.33265 482.8325 0.61295764 0.011531117 -0.1144707 25 0 834.0626 3.6729916 -1.4125498
291 245.06108 487.24876 0.68682567 0.50950549 0.23108694 25 0 285.65034 1.1111078 -0.11439045
292 92.400614 488.34469 0.64579084 0.59750564 -0.04105632 25 0 1023.6727 4.2587446 -1.573204
293 268.81562 497.9054 0.64818717 0.20422516 -0.19681368 25 0 424.83322 1.8767407 -0.68351069
294 421.18273 497.89288 0.50468465 0.018001865 0.10654568 25 0 276.18932 1.5279721 -0.46028855
295 178.69244 501.90517 0.7604857 0.34420064 -0.28436593 25 0 432.43685 1.6176617 -0.52221928
296 95.496851 503.36957 0.76834386 -0.21721653 0.10282038 25 0 354.25739 1.3091627 -0.29248403
297 144.4606 504.95241 0.65945874 -0.69945692 -0.11656305 25 0 631.23934 2.570904 -1.0252147
298 189.83601 504.98437 0.70904682 0.36702934 -0.04853788 25 0 552.80866 2.262626 -0.88653192
299 308.68434 507.26132 0.60677267 0.2076899 0.079634562 25 0 272.85734 1.0551197 -0.058254299
300 145.47776 508.61497 0.5843268 -0.34257872 -0.046020417 25 0 654.48632 2.7999456 -1.117874
