id xcentroid ycentroid sharpness roundness1 roundness2 npix sky peak flux mag
1 298.0912 24.079771 0.6875569 0.011365108 0.057117988 25 0 521.75641 1.2688876 -0.25855791
2 504.07966 25.045572 0.81612196 -0.3023753 0.033836321 25 0 519.16147 1.0529139 -0.055982181
3 371.3046 27.398972 0.62559566 0.37717171 0.11199434 25 0 425.46322 1.1439384 -0.14600659
4 430.41259 27.469096 0.57372413 -0.71835027 -0.074029894 25 0 15000.088 33.697354 -3.8189895
5 76.895798 51.984218 0.78989395 -0.16256105 0.11869176 25 0 515.96689 1.1302806 -0.13296566
6 149.85329 53.020856 0.61437587 -0.1260726 0.038757392 25 0 773.82896 1.8469348 -0.66612891
7 169.23091 53.984916 0.6295767 -0.38329768 -0.14122035 25 0 1522.0787 3.522937 -1.3672622
8 29.668081 56.184219 0.76673517 -0.55814769 -0.22485526 25 0 454.8196 1.1024655 -0.10591256
9 287.76941 56.307361 0.37622831 -0.32557795 -0.082952072 25 0 57756.31 159.40164 -5.506232
10 74.612442 58.235376 0.67644237 -0.4851497 -0.17977077 25 0 3383.2905 7.1041932 -2.1287869
11 363.32825 60.111191 0.71190681 -0.15636115 -0.1854969 25 0 720.39039 1.6886486 -0.5688482
12 433.63163 66.2499 0.41398567 0.47812399 -0.29162247 25 0 362.63693 1.2213276 -0.21708042
13 506.48969 66.090575 0.52837659 -0.36297711 -0.25266484 25 0 1031.8891 2.6128829 -1.0427999
14 257.68773 66.741914 0.65431836 -0.63608165 -0.38081238 25 0 911.05032 2.0977384 -0.8043783
15 406.35841 73.843807 0.62305331 -0.52926904 -0.24574707 25 0 970.38277 2.3488987 -0.92716072
16 464.77017 76.197576 0.71284671 -0.28950721 -0.045072487 25 0 2810.308 6.11123 -1.9653216
17 396.12938 80.436596 0.61374888 -0.090988037 0.1092695 25 0 1046.3593 2.6269372 -1.0486242
18 19.179212 84.126311 0.65880577 -0.41466455 -0.3364451 25 0 1186.487 2.7049836 -1.0804116
19 431.82832 89.38021 0.5909001 -0.14391746 0.017724335 25 0 617.29722 1.6146369 -0.52018719
20 313.62998 93.167903 0.67541249 -0.47098129 -0.20739693 25 0 2281.3293 5.0638047 -1.7611924
21 453.99124 100.33252 0.69157578 -0.18143406 -0.018288492 25 0 16743.55 35.73614 -3.8827691
22 246.75133 107.34685 0.61093682 -0.69689457 -0.10072963 25 0 796.97094 1.9181453 -0.70720377
23 250.73387 108.98716 0.65998732 -0.4663482 -0.18012163 25 0 1076.7942 2.4205446 -0.95978273
24 148.99179 110.01182 0.74373304 -0.12726353 -0.034237012 25 0 1317.2608 2.6059191 -1.0399023
25 16.9956 113.9414 0.69611029 -0.29270211 -0.21073139 25 0 2592.1645 5.5457215 -1.8598951
26 472.01848 116.90574 0.66409489 -0.31090175 -0.1389539 25 0 1632.6017 3.7290787 -1.4290039
27 452.30494 120.26385 0.65554631 -0.052378355 -0.082916271 25 0 1470.6299 3.3061608 -1.2983099
28 182.05114 127.20926 0.6448988 -0.15464436 -0.031658207 25 0 11960.018 26.207285 -3.5460551
29 199.54399 127.33318 0.63250267 -0.51874969 -0.090457395 25 0 606.3346 1.333467 -0.31245571
30 209.66554 128.83498 0.60095616 -0.80859478 -0.38086826 25 0 1078.318 2.3909752 -0.94643769
31 266.20224 128.55332 0.57403343 -0.52335066 -0.09444327 25 0 682.77031 1.6990348 -0.57550566
32 113.45206 133.86544 0.64601444 -0.46615734 -0.26494257 25 0 1390.0566 2.9889169 -1.1887846
33 480.57896 135.75692 0.68986376 0.063202322 -0.079556081 25 0 1270.3931 2.7949526 -1.1159361
34 137.44094 139.30308 0.60077212 -0.7927586 -0.20767092 25 0 1068.4353 2.3331706 -0.91986623
35 357.07186 151.20979 0.68525188 -0.23284649 -0.10130136 25 0 9237.8827 19.853971 -3.2446184
36 260.09713 156.54841 0.56965083 -0.46757665 -0.023458065 25 0 1714.7978 3.8988377 -1.4773379
37 445.40873 163.23972 0.6633562 -0.5874571 -0.22142324 25 0 5401.0209 11.641064 -2.6649816
38 347.07416 172.71453 0.65712469 -0.27060299 -0.07279825 25 0 36520.109 79.38923 -4.749404
39 114.63546 179.76544 0.57417208 -0.13779058 -0.11992354 25 0 897.22999 2.0888211 -0.79975311
40 439.57913 184.64091 0.61587814 -0.65716967 0.067689755 25 0 4086.1304 9.0422939 -2.3906965
41 125.38422 185.38206 0.47039876 0.14882534 -0.10196525 25 0 516.50527 1.3146218 -0.29700204
42 187.35011 184.78188 0.68442877 -0.64327777 -0.1758448 25 0 1212.6996 2.5137834 -1.0008196
43 113.834 188.12966 0.67861873 -0.45742976 -0.23465683 25 0 1217.6266 2.564226 -1.0223908
44 76.537419 193.93912 0.705099 -0.23110594 -0.19232534 25 0 1221.5959 2.4208823 -0.95993418
45 382.25477 193.89817 0.66206927 -0.38084831 -0.18291826 25 0 1990.1326 4.4124077 -1.6116891
46 444.14722 195.82331 0.61477624 -0.5648898 -0.11205475 25 0 454.45547 1.2258476 -0.22109117
47 187.92256 197.05295 0.69710335 -0.086694598 -0.17928172 25 0 834.1708 1.6951393 -0.57301349
48 382.44043 198.92753 0.53817883 -0.38861466 -0.22205927 25 0 514.89005 1.43055 -0.38875764
49 33.079031 200.47232 0.62267976 -0.027701857 0.033214208 25 0 26311.504 58.48618 -4.4176331
50 470.0194 214.59352 0.62298777 0.040255084 0.13489343 25 0 1035.7385 2.4051058 -0.95283547
51 28.026861 214.80262 0.62774538 -0.5328825 -0.13256603 25 0 409.2445 1.0499802 -0.05295276
52 430.7976 216.89828 0.61732254 -0.3752532 -0.089844632 25 0 416.00013 1.0471 -0.049970422
53 463.99803 220.5633 0.62153769 -0.04980432 0.040643136 25 0 2126.0002 4.8366447 -1.7113605
54 386.46914 226.72276 0.56079007 0.073508751 -0.051200556 25 0 618.18567 1.5225334 -0.45641708
55 287.56225 228.74006 0.58643596 0.36342589 -0.11342748 25 0 856.59073 1.9967474 -0.7508078
56 111.87169 231.83257 0.69990034 0.047717831 -0.042777504 25 0 724.43974 1.3901384 -0.35764509
57 440.71129 235.54439 0.65045262 -0.52557285 0.031056536 25 0 3046.7658 6.5555051 -2.0415154
58 201.15063 237.21033 0.61494482 -0.20888023 -0.13329008 25 0 1930.9394 4.2335632 -1.5667651
59 313.26122 239.72045 0.61361629 -0.34984348 -0.14447091 25 0 2883.0908 6.4396016 -2.0221475
60 383.24849 240.54434 0.60522995 -0.4888084 -0.033857832 25 0 8892.4644 19.864829 -3.2452121
61 288.37968 242.00213 0.57216136 -0.50749985 -0.38867003 25 0 657.32377 1.6892744 -0.5692505
62 141.43967 247.99351 0.70274567 -0.20292741 0.043611388 25 0 513.14473 1.0597984 -0.063058189
63 201.47467 249.02657 0.78014317 -0.030068991 -0.26816731 25 0 610.69988 1.1444047 -0.14644911
64 392.4475 252.09509 0.67404851 -0.32367071 -0.19122753 25 0 1412.9485 3.0513526 -1.211231
65 165.08877 265.50621 0.60827873 -0.23115114 0.014925532 25 0 3156.3248 6.9304389 -2.1019018
66 389.30175 265.58207 0.59901314 -0.5185219 -0.066424581 25 0 4622.1967 10.306929 -2.5328232
67 490.07155 266.94985 0.72179363 -0.051603486 -0.1011223 25 0 1436.6579 3.0810407 -1.2217436
68 8.856616 295.15584 0.76514763 -0.32439112 0.079211432 25 0 545.45212 1.1268218 -0.12963813
69 309.09536 298.20079 0.63884761 -0.18340764 -0.13576399 25 0 3873.199 8.545901 -2.3293946
70 121.79456 299.03268 0.62865358 -0.035897972 -0.34911479 25 0 628.98047 1.2908824 -0.27721668
71 0.44995507 300.18007 0.57335578 -0.60646797 -0.18414301 25 0 690.3963 1.700559 -0.57647924
72 28.688895 300.05445 0.58853826 -0.081916407 -0.20045023 25 0 781.46793 1.9259682 -0.71162276
73 414.59071 303.35751 0.69641342 -0.53359641 0.03370185 25 0 611.0969 1.2784642 -0.26672141
74 12.10638 315.75447 0.6518974 -0.53960777 -0.10743471 25 0 842.87635 1.9002185 -0.69700884
75 155.46312 321.64942 0.46236389 0.36860835 0.026234211 25 0 465.61977 1.1267256 -0.12954538
76 387.25633 322.0164 0.58887528 0.0036665209 -0.15593399 25 0 686.66526 1.5135304 -0.44997789
77 74.898484 326.18036 0.65717911 -0.22160721 -0.14230842 25 0 2415.1297 5.2873381 -1.8080927
78 503.85546 336.47375 0.68266269 -0.06270144 0.08585312 25 0 1267.8568 2.6686873 -1.0657442
79 14.082404 347.07679 0.70774144 -0.067575797 -0.058637875 25 0 795.50168 1.646764 -0.54157843
80 200.48047 347.09381 0.61331529 -0.7621295 -0.36387731 25 0 597.838 1.1561758 -0.15755965
81 425.49119 353.87145 0.6439919 0.31261288 0.2864725 25 0 713.43595 1.2838162 -0.27125716
82 297.63523 359.48977 0.51476547 0.33183451 -0.0074529177 25 0 483.37044 1.0565459 -0.059720931
83 176.64953 362.97746 0.65556526 -0.35859728 -0.26584685 25 0 3671.9814 7.6765963 -2.2129218
84 318.74866 364.68021 0.6808451 0.14383411 0.022597024 25 0 789.54831 1.4976474 -0.43852398
85 235.65463 367.1957 0.65778729 -0.51694252 -0.21627685 25 0 15782.119 32.879924 -3.792327
86 351.4565 374.39479 0.55831825 -0.60906396 0.0053497695 25 0 1104.1868 2.2946646 -0.90179802
87 162.87418 376.05048 0.68351666 -0.25720379 -0.083415981 25 0 1216.8032 2.3672206 -0.93559681
88 215.1835 377.26003 0.6205615 -0.061731944 -0.094879264 25 0 1926.3197 4.0924491 -1.5299582
89 32.864027 378.3931 0.63886421 -0.35892744 -0.043375868 25 0 3310.9771 7.1688158 -2.1386186
90 504.04517 377.78787 0.83566253 -0.0091431606 -0.03643635 25 0 603.7257 1.0354613 -0.037834684
91 364.67047 378.83172 0.68578342 -0.24353496 -0.2301361 25 0 938.59532 1.8898869 -0.69108955
92 436.15327 381.05482 0.69065986 -0.25114636 -0.10479787 25 0 7437.9 15.848171 -2.9999479
93 12.000801 392.65485 0.57156155 0.0034188979 0.1280036 25 0 2191.9785 5.1742913 -1.7846272
94 302.98545 391.79858 0.67010129 -0.2517111 -0.089434399 25 0 2600.9555 5.3549933 -1.8218973
95 81.483951 398.62215 0.63052038 0.27355809 -0.27497673 25 0 862.26985 1.6393608 -0.53668635
96 392.18996 401.33731 0.63477538 0.066046259 -0.036860107 25 0 1864.0835 3.9596753 -1.4941489
97 421.39662 400.93558 0.67460919 -0.30468718 -0.25853099 25 0 1577.7857 3.1522619 -1.2465557
98 183.45182 408.86937 0.6393164 -0.58797673 -0.31724206 25 0 5163.9916 10.851097 -2.5886842
99 314.02069 411.03684 0.75809503 -0.20629885 -0.26741267 25 0 684.60874 1.1477847 -0.14965109
100 210.04338 420.03701 0.68479202 -0.19854275 -0.116341 25 0 1555.0312 3.0154984 -1.1983978
101 497.05783 422.55314 0.63430942 -0.15569782 0.12757965 25 0 1851.8613 3.9379371 -1.4881719
102 42.157783 425.07176 0.66760066 -0.075156042 -0.080406064 25 0 678.94383 1.3348737 -0.31360043
103 66.192067 426.59407 0.57997094 0.041201633 0.071739221 25 0 1346.8713 2.8884198 -1.1516508
104 90.303177 445.46784 0.60383689 0.4675371 0.0062415605 25 0 659.28213 1.1971846 -0.19540284
105 116.81093 444.73786 0.63779654 -0.030512427 -0.27456189 25 0 1436.2802 2.8121475 -1.1225952
106 190.03018 448.16399 0.73880087 -0.53113196 -0.20937284 25 0 1005.9396 1.7586825 -0.61296859
107 448.88497 448.35264 0.29231476 -0.34245422 -0.10754801 25 0 59215.016 161.94309 -5.5234061
108 302.67964 450.12441 0.69426326 -0.48868202 -0.22810492 25 0 2351.9525 4.5992527 -1.6567182
109 202.96688 452.59829 0.58483741 -0.25624486 0.050141535 25 0 819.07301 1.4454764 -0.40002749
110 49.444265 454.20357 0.60882331 -0.16012872 -0.25792344 25 0 8721.1719 19.219082 -3.2093316
111 434.80389 464.96611 0.69833473 -0.33823843 -0.12241526 25 0 1848.5382 3.6498107 -1.4056758
112 320.30924 473.29397 0.53590878 -0.108429 -0.30413033 25 0 931.46229 1.9689607 -0.73559263
113 14.424421 473.70361 0.65537237 0.11817087 -0.20895931 25 0 3671.7198 7.6237311 -2.2054189
114 107.36554 475.07626 0.497273 -0.37186677 -0.44565372 25 0 770.39401 1.661889 -0.55150504
115 385.58479 477.0321 0.58955501 -0.3570604 -0.21103724 25 0 59605.151 134.65552 -5.3230604
116 169.02924 483.21583 0.72098732 -0.14451761 -0.064497707 25 0 4290.7062 8.5692089 -2.3323518
117 218.98778 486.70796 0.62737396 -0.25326617 -0.084600339 25 0 2211.9694 4.5306798 -1.6404084
118 97.004222 492.35788 0.52856115 -0.021255741 0.14540179 25 0 601.87294 1.2622154 -0.25283368
119 22.125678 497.50766 0.60561803 -0.058964037 0.02536549 25 0 779.52596 1.7174614 -0.58721748
