id xcentroid ycentroid sharpness roundness1 roundness2 npix sky peak flux mag
1 3.1547771 -0.11729855 0.91986795 -0.0090845536 -0.28757007 25 0 1378 2.4515894 -0.97361933
2 264.85138 15.347603 0.71168757 -0.58525518 -0.19239403 25 0 536 1.1208837 -0.12390139
3 302.09602 24.091125 0.75963873 -0.085537961 -0.25432389 25 0 838 1.7607379 -0.61423675
4 508.37648 25.197035 0.8142528 -0.021453115 -0.1122918 25 0 390 1.0755751 -0.079101888
5 375.40497 27.482178 0.58027775 -0.56846843 -0.21220913 25 0 336 1.0386074 -0.041128502
6 434.50024 27.420134 0.64997423 -0.6177328 -0.17769691 25 0 18928 36.321644 -3.9004138
7 153.96225 53.284907 0.74662954 -0.20350527 -0.07697453 25 0 1174 2.1947376 -0.8534565
8 173.23433 54.121292 0.69583738 -0.2215543 -0.26943964 25 0 2012 3.8105004 -1.452455
9 291.88074 56.269365 0.35601005 -0.11971056 -0.10234391 25 0 57935 148.74476 -5.4311042
10 78.48079 58.212139 0.67033981 -0.59422758 -0.30233497 25 0 3841 7.3300103 -2.1627615
11 367.46549 60.00638 0.69025121 0.050078849 -0.25528631 25 0 846 1.8213992 -0.65101285
12 437.61107 66.194014 0.70528428 -0.66215924 -0.36655689 25 0 548 1.3287289 -0.30859097
13 510.74293 65.966549 0.82989554 -0.42363717 -0.19135786 25 0 1457 2.7242639 -1.0881229
14 261.4162 66.824896 0.7180047 -0.65299843 -0.42059503 25 0 1239 2.2626248 -0.88653135
15 410.23938 73.712621 0.68422516 -0.23509758 -0.16419993 25 0 1121 2.3466181 -0.92610602
16 468.96344 76.082674 0.7811478 -0.0070345317 -0.082477704 25 0 3480 6.5707852 -2.0440432
17 399.9548 80.466552 0.57416142 0.039052988 0.051554363 25 0 1044 2.4142682 -0.95696379
18 22.716916 84.118136 0.69505046 -0.5577072 -0.2701491 25 0 1237 2.4593007 -0.9770291
19 435.67261 89.294781 0.64837568 -0.21017631 -0.10343739 25 0 604 1.4292265 -0.38775262
20 317.78272 93.073176 0.72403329 -0.23415432 -0.17873774 25 0 3144 5.9663546 -1.9392727
21 458.12053 100.23724 0.76488413 -0.00092786661 -0.058719528 25 0 21979 39.661699 -3.9959283
22 250.51135 107.34827 0.65098898 -0.55794163 -0.23455099 25 0 1091 2.1636091 -0.837947
23 254.66049 109.07653 0.72898302 -0.41646161 -0.2461445 25 0 1455 2.5857914 -1.0314837
24 153.11624 110.01089 0.70764243 -0.16719341 -0.17635033 25 0 1579 2.7723244 -1.1071101
25 20.567736 113.99969 0.67914327 -0.33421238 -0.33582272 25 0 2771 5.3392596 -1.8187026
26 476.19945 116.82072 0.69133561 -0.17420417 -0.088229958 25 0 1710 3.597963 -1.3901417
27 456.4209 120.26349 0.7046621 -0.030098067 -0.23944087 25 0 1673 3.3457267 -1.3112261
28 186.08425 127.18646 0.7356432 -0.084928546 -0.12732813 25 0 16835 30.631072 -3.7154055
29 203.44377 127.33003 0.70382197 0.95285921 0.011517261 25 0 824 1.2653311 -0.25551042
30 213.56599 128.80214 0.65911383 -0.71283896 -0.37552006 25 0 1449 2.6145399 -1.0434882
31 270.01278 128.5465 0.51191282 -0.14281651 0.0030556883 25 0 870 1.8990034 -0.69631435
32 117.42902 133.85269 0.65126923 -0.4001495 -0.31688456 25 0 1703 3.1730552 -1.2536941
33 484.87411 135.63987 0.66608644 0.13029513 -0.065388117 25 0 1418 3.0723307 -1.2186699
34 141.31962 139.38987 0.63454082 0.31406359 -0.1054281 25 0 1396 2.5714426 -1.0254421
35 361.30459 151.04538 0.69920418 -0.23937429 -0.25777774 25 0 10506 19.621531 -3.2318322
36 263.93539 156.55538 0.62672777 -0.010656627 0.010059457 25 0 2472 4.7469817 -1.6910439
37 449.54986 163.16933 0.68512009 -0.066484405 -0.28097997 25 0 6380 12.184358 -2.7145067
38 351.23463 172.57336 0.61745958 -0.38913537 -0.071331425 25 0 37860 74.429761 -4.6793666
39 118.58171 179.80322 0.66800466 -0.29391738 -0.32204867 25 0 1144 1.9139883 -0.70484821
40 129.23859 185.44091 0.71198947 0.0015643338 -0.15565724 25 0 860 1.3628177 -0.33609438
41 191.18153 184.80951 0.704046 -0.21880123 -0.22300314 25 0 1585 2.6914382 -1.074961
42 443.46224 184.47191 0.57678142 -0.62834335 -0.034461269 25 0 4426 9.2221227 -2.4120772
43 117.84108 188.10399 0.73654331 -0.4079851 -0.22918289 25 0 1665 2.8607718 -1.141208
44 80.140078 193.97179 0.73083883 -0.044250616 -0.104017 25 0 1825 3.2373369 -1.2754698
45 386.30206 193.74898 0.68413101 -0.57508021 -0.18746969 25 0 2333 4.4601457 -1.6233726
46 376.22566 195.97644 0.73092568 0.16882795 -0.10777571 25 0 525 1.0253877 -0.027220303
47 448.02541 195.67205 0.8948067 -0.21990304 -0.10965331 25 0 789 1.4377403 -0.3942011
48 191.83033 197.0221 0.68808976 -0.16062604 -0.23769919 25 0 1094 1.8534597 -0.66995786
49 386.66031 198.73739 0.68697263 -0.34261734 -0.1599786 25 0 684 1.3239653 -0.3046915
50 36.655871 200.44165 0.65292368 -0.45555579 -0.081467738 25 0 30722 58.796298 -4.423375
51 154.40802 199.78719 0.75960545 0.21783398 0.12350706 25 0 692 1.0074123 -0.0080181003
52 420.2508 210.73632 0.74839731 0.034612121 -0.02431072 25 0 525 1.065158 -0.068535041
53 474.11649 214.51352 0.68552659 0.16238001 0.069887786 25 0 1216 2.5801011 -1.0290918
54 434.42363 216.87317 0.62963559 -0.012195369 -0.37916209 25 0 464 1.0882692 -0.09184084
55 468.06216 220.4698 0.60551193 -0.11172269 0.073022317 25 0 2113 4.4615764 -1.6237208
56 390.63392 226.67788 0.60038678 0.35122219 -0.24590534 25 0 840 1.8156084 -0.64755543
57 291.39674 228.55102 0.62037854 -0.55714902 -0.033807767 25 0 1143 2.1069921 -0.80915728
58 115.77056 231.82202 0.70959417 -0.069343633 -0.25724611 25 0 880 1.459758 -0.41070214
59 444.52275 235.53271 0.63164325 -0.6856912 -0.062175834 25 0 3112 6.1076026 -1.9646769
60 204.93051 237.30539 0.67901131 -0.20241918 -0.095645202 25 0 2541 4.6056727 -1.6582327
61 317.16375 239.48235 0.62788749 -0.25059745 0.036585294 25 0 3500 6.8468746 -2.0887309
62 387.39721 240.50932 0.6036405 0.22165195 -0.070141155 25 0 9577 18.988729 -3.1962398
63 292.0175 241.84172 0.7584982 -0.35174135 -0.13296128 25 0 1195 2.0072891 -0.75652484
64 145.46007 247.95861 0.64817335 0.19602437 -0.2119465 25 0 677 1.1496314 -0.15139655
65 205.52569 248.97522 0.66370566 -0.55078013 -0.44127326 25 0 738 1.2567404 -0.24811391
66 396.53142 251.95955 0.74510004 -0.13112481 -0.24954404 25 0 1699 3.0215733 -1.2005828
67 393.47556 265.45421 0.58821987 0.14870518 -0.19656908 25 0 4868 9.6613805 -2.462598
68 169.18841 265.43333 0.6014376 -0.32114999 0.025037035 25 0 3791 7.3436233 -2.164776
69 494.19318 266.90601 0.75871329 -0.2115178 0.017932398 25 0 1404 2.6961454 -1.0768583
70 12.770513 295.07077 0.64709832 -0.12585703 -0.17090193 25 0 651 1.2601244 -0.25103358
71 312.84564 298.01021 0.74557291 -0.21255856 -0.15657814 25 0 5587 10.145927 -2.5157294
72 125.77513 299.01949 0.69420392 -0.29373544 -0.19373677 25 0 943 1.6646279 -0.55329291
73 4.425321 300.07302 0.74606832 0.12733274 -0.25170645 25 0 1130 1.9895311 -0.74687684
74 32.627715 299.99806 0.75811884 -0.37453198 -0.41665795 25 0 1037 1.7273054 -0.5934228
75 418.58166 303.16505 0.72736687 -0.42212401 -0.12985627 25 0 622 1.2253306 -0.22063318
76 16.031772 315.57523 0.65000581 -0.30131831 0.041310935 25 0 1122 2.2524588 -0.88164215
77 159.30961 321.5526 0.53726089 -0.79338951 -0.27488971 25 0 629 1.0350966 -0.03745223
78 391.43004 321.90382 0.72386556 -0.45054237 -0.2531877 25 0 915 1.6755733 -0.56040855
79 78.439109 326.14626 0.70165573 -0.49327762 -0.39442246 25 0 2768 4.9378666 -1.7338484
80 508.03381 336.45682 0.70788724 -0.087601276 0.045821908 25 0 1259 2.4379431 -0.96755891
81 270.85938 338.14665 0.56493517 -0.090289341 -0.20061104 25 0 536 1.0581768 -0.061395625
82 17.847341 347.00148 0.80036322 -0.35851057 0.029603487 25 0 902 1.4532395 -0.405843
83 204.394 346.89557 0.6925609 -0.38503068 -0.13948196 25 0 818 1.3301914 -0.30978538
84 429.45075 353.87609 0.44307104 0.33155744 0.17291044 25 0 497 1.1789962 -0.17878104
85 301.12733 359.57788 0.65238932 0.11974331 -0.15139613 25 0 553 1.0176176 -0.018961577
86 180.44476 362.89651 0.64375265 -0.13077061 -0.32643451 25 0 3958 7.3141785 -2.1604139
87 322.58424 364.74877 0.49919689 -0.53394361 -0.20878751 25 0 685 1.4586471 -0.4098756
88 239.37617 367.09762 0.66578328 -0.30508513 -0.32502332 25 0 19478 36.618613 -3.9092547
89 355.43409 374.37332 0.59392806 0.17602442 -0.1331119 25 0 1395 2.79305 -1.1151968
90 166.84348 375.83868 0.70585706 -0.1155807 -0.23488381 25 0 1518 2.6843351 -1.0720918
91 218.82296 377.18787 0.69770293 -0.2902682 -0.16372877 25 0 2538 4.583193 -1.6529204
92 36.539657 378.29485 0.68341203 -0.59798904 -0.24499802 25 0 3838 7.0978011 -2.1278096
93 368.63858 378.53198 0.60813655 0.16187644 -0.015729225 25 0 849 1.7333258 -0.59720053
94 440.26736 380.93042 0.74010467 -0.32651491 -0.19065496 25 0 8656 15.973108 -3.0084736
95 15.889441 392.37944 0.72179906 -0.20275383 -0.025115428 25 0 3092 5.6207424 -1.8744842
96 306.6202 391.77917 0.66380183 -0.091407086 -0.21153649 25 0 2877 5.4952111 -1.8499609
97 424.71468 397.24503 0.75980785 -0.88575396 -0.13379865 25 0 595 1.1539312 -0.15544975
98 85.448248 398.45018 0.59699543 -0.53631973 -0.10145343 25 0 947 1.7096274 -0.5822537
99 396.25111 401.14268 0.7465821 -0.20281539 -0.17952659 25 0 2357 4.3423235 -1.5943054
100 425.42556 400.84008 0.67877389 -0.24512484 -0.26874998 25 0 1592 3.1147226 -1.2335484
101 187.31664 408.65405 0.66048829 -0.49085996 -0.14308664 25 0 6109 11.405864 -2.6428205
102 317.85511 411.13665 0.73051877 0.062401763 -0.12856774 25 0 686 1.2332118 -0.22759414
103 216.31032 416.46439 0.66363712 0.78297678 0.052542669 25 0 611 1.0302008 -0.032304692
104 213.83239 419.91672 0.75296987 -0.0018592182 -0.065422555 25 0 1827 3.1181167 -1.2347309
105 501.28383 422.49506 0.62549271 0.11082164 -0.0041849676 25 0 1741 3.6100599 -1.393786
106 45.955119 424.95806 0.69034483 -0.10448681 -0.081632423 25 0 863 1.6993785 -0.57572531
107 69.911578 426.32951 0.68422904 -0.2454344 -0.057287659 25 0 1945 3.6846401 -1.4159877
108 94.121353 445.42655 0.64624719 0.15492277 0.019206135 25 0 917 1.7562291 -0.61145292
109 120.50338 444.61737 0.63128364 -0.56976056 -0.19571856 25 0 1595 2.8764398 -1.1471382
110 193.75284 448.1007 0.84309176 -0.33505581 -0.24973678 25 0 1231 1.9315558 -0.71476815
111 452.97361 448.41025 0.31525946 -0.26829086 -0.15785797 25 0 57590 141.87334 -5.379752
112 306.42231 450.15302 0.70999566 -0.13726844 -0.25421083 25 0 2686 4.8608176 -1.7167733
113 206.81473 452.56285 0.63924764 -0.30358347 -0.057514046 25 0 934 1.698474 -0.57514723
114 53.073904 454.08975 0.78123456 -0.14031759 -0.18401828 25 0 14054 24.92274 -3.4914895
115 439.04031 464.98208 0.76442097 -0.16367544 -0.11791632 25 0 2095 3.9028626 -1.4784582
116 272.65956 468.39975 0.75286275 -0.50310526 -0.197232 25 0 635 1.0677287 -0.071152279
117 323.9096 473.28077 0.7044816 -0.19480168 -0.089987061 25 0 1227 2.3644364 -0.9343191
118 18.203947 473.62615 0.69215914 -0.2012159 -0.027719908 25 0 4788 9.1356709 -2.4018511
119 110.98618 474.99325 0.8389127 -0.017643047 -0.14581289 25 0 1270 2.0491965 -0.77895902
120 389.51369 477.05068 0.60076215 -0.36502651 -0.32917988 25 0 57656 113.08937 -5.1335544
121 172.6861 483.12467 0.76093074 -0.20276791 -0.18874654 25 0 5232 9.3180442 -2.4233119
122 222.80785 486.53504 0.58674245 0.14981245 0.008332495 25 0 2365 4.7813144 -1.6988683
123 100.83008 492.40342 0.77378519 -0.16256181 0.12900346 25 0 754 1.1736252 -0.17382356
124 25.781608 497.57271 0.60441278 0.066818772 -0.01099104 25 0 774 1.6097619 -0.51690411
