id xcentroid ycentroid sharpness roundness1 roundness2 npix sky peak flux mag
1 324.68846 6.4030558 0.65303953 0.17825631 0.021049771 25 0 740 2.1279507 -0.81990391
2 456.01136 9.4790461 0.54773087 0.32196971 0.12822089 25 0 389 1.5326782 -0.46362748
3 136.41817 13.78715 0.53669057 0.3315755 -0.074718118 25 0 414 1.3581302 -0.33235351
4 362.09687 14.815524 0.62686846 0.16378787 -0.026548887 25 0 879 2.7405518 -1.094595
5 51.630727 15.840216 0.69641374 0.20772418 -0.081536003 25 0 15368 42.596442 -4.0734333
6 0.022221927 17.525306 0.89744427 0.45159712 0.50041973 25 0 2810 6.9527323 -2.1053888
7 435.57408 18.019228 0.62367964 -0.018947811 -0.25302851 25 0 633 2.0897256 -0.80022317
8 494.68692 17.861897 0.68375135 0.32120735 -0.048458407 25 0 28996 81.08471 -4.7723474
9 240.25178 33.155407 0.62098862 0.15435971 0.12611051 25 0 409 1.2329149 -0.22733277
10 381.39815 36.380381 0.57814828 0.3916364 0.040141201 25 0 516 1.7396966 -0.60118376
11 480.95451 36.577928 0.58258012 -0.073247296 0.094443632 25 0 292 1.2409932 -0.23442354
12 153.91386 39.247672 0.69170306 0.41313407 0.02412185 25 0 534 1.459996 -0.41087919
13 140.83967 43.354591 0.64131429 0.27174076 0.077069609 25 0 670 1.9638528 -0.7327723
14 213.87978 44.507344 0.63461752 -0.036556169 0.059162367 25 0 1218 3.3566091 -1.3147519
15 233.34379 45.28675 0.69031248 0.34217372 -0.041118054 25 0 2678 7.2789175 -2.155167
16 373.99308 46.305422 0.5852334 0.16212216 0.11555996 25 0 496 1.6523861 -0.54527882
17 351.82898 47.382713 0.32805214 0.12296393 -0.016312911 25 0 58963 205.13852 -5.780118
18 93.537314 47.774338 0.67324399 0.53756637 -0.10545058 25 0 563 1.6988579 -0.57539264
19 277.22808 47.900634 0.53562569 -0.31932443 -0.25396546 25 0 339 1.0789114 -0.082464428
20 138.6098 49.544879 0.65183505 0.57404534 0.029449506 25 0 5177 14.470194 -2.9011859
21 427.47625 50.855803 0.59889076 0.56191855 -0.14146809 25 0 965 3.0317872 -1.2042468
22 72.033885 51.964213 0.74200295 0.36578097 0.035957376 25 0 332 1.0103863 -0.011218611
23 261.04409 55.111642 0.66529082 0.72337338 0.16503516 25 0 376 1.0882433 -0.091814998
24 274.26276 56.249065 0.66208454 0.40675055 0.076143109 25 0 435 1.1422098 -0.14436473
25 79.773574 56.893 0.74083586 0.46289347 0.203792 25 0 345 1.0207922 -0.022343351
26 497.87891 56.671873 0.65089055 0.46745908 -0.0026085127 25 0 757 2.5212158 -1.0040251
27 321.5117 57.761261 0.62573055 0.38866965 -0.12165046 25 0 1665 4.7397095 -1.6893793
28 470.47146 64.266339 0.59281864 -0.098295239 -0.096084298 25 0 1364 4.3161345 -1.5877374
29 24.792535 68.589557 0.7193472 -0.12045994 0.19040358 25 0 440 1.3295673 -0.30927579
30 58.788507 70.649419 0.68635412 0.588377 0.008562942 25 0 754 2.09126 -0.8010201
31 81.808998 70.294126 0.329438 -0.17444612 0.4182861 25 0 280 1.2103328 -0.20726197
32 460.13593 71.123212 0.70402286 0.17108407 -0.038262356 25 0 1888 5.4786672 -1.8466873
33 139.59574 72.461986 0.54294678 -0.16998521 -0.070352726 25 0 417 1.3248167 -0.30538945
34 498.84771 71.880295 0.62297473 0.10629306 -0.17242924 25 0 354 1.3973472 -0.36326085
35 25.083874 72.436656 0.68284597 -0.11477536 0.27735738 25 0 439 1.327723 -0.3077687
36 445.45262 72.736013 0.6614613 0.27727219 0.074988237 25 0 565 1.7399172 -0.60132146
37 82.962844 75.460289 0.62700622 0.25226533 0.14090027 25 0 1576 4.6041178 -1.6578661
38 495.97134 79.598506 0.61218723 0.46212578 0.12703665 25 0 940 3.0882687 -1.2242877
39 377.90115 83.838105 0.62684828 0.29975047 -0.030727523 25 0 3764 11.196291 -2.6226854
40 146.91307 87.426256 0.58261844 0.072774912 0.2487663 25 0 513 1.466118 -0.41542231
41 119.28073 90.966532 0.76141045 -0.024137285 -0.16645807 25 0 821 2.0673534 -0.7885368
42 171.91408 91.128 0.66758669 0.26061761 -0.1827738 25 0 401 1.0129751 -0.013996899
43 182.29278 97.766513 0.64060818 0.17502851 -0.093277639 25 0 562 1.473876 -0.42115235
44 310.91753 98.145773 0.67499492 -0.17179194 -0.061875783 25 0 1484 4.0155921 -1.509374
45 314.91626 99.998703 0.63532944 -0.24363133 -0.15042565 25 0 1733 4.9247261 -1.7309552
46 213.1947 101.18849 0.65588235 0.39097604 -0.081640887 25 0 1976 5.4719792 -1.8453611
47 80.892763 105.46021 0.66146075 0.043417955 0.049824462 25 0 3909 10.791815 -2.5827362
48 143.12579 105.07346 0.67805596 0.044996495 -0.11711163 25 0 536 1.4541704 -0.40653827
49 478.99017 104.50864 0.5394348 0.23357995 0.27387612 25 0 315 1.2366018 -0.23057471
50 323.96355 106.98251 0.69637658 0.4231653 0.12436134 25 0 422 1.0786377 -0.082188953
51 359.61532 116.35753 0.52631395 -0.13803892 0.031519412 25 0 575 1.8222456 -0.65151726
52 246.26179 118.43316 0.64577955 0.50029886 0.031216256 25 0 17441 48.971712 -4.2248632
53 263.71559 118.42508 0.59241265 0.62200234 0.12845073 25 0 1037 2.8641242 -1.1424796
54 330.37558 119.47075 0.66675841 0.67813005 -0.024467067 25 0 1233 3.2664192 -1.2851798
55 273.79328 119.86145 0.6776807 0.19297266 -0.11416951 25 0 2184 5.8647684 -1.9206272
56 475.54236 121.09781 0.70486189 0.45751467 -0.16891447 25 0 432 1.302754 -0.28715602
57 125.24872 122.08537 0.74361994 0.0056434277 -0.21965259 25 0 678 1.6997071 -0.57593524
58 226.12244 121.89852 0.49098224 0.86282581 -0.0092696445 25 0 559 1.5735072 -0.49217186
59 78.136314 123.47852 0.65225275 -0.32931254 0.01595126 25 0 559 1.4525687 -0.40534172
60 177.67571 125.10118 0.6043748 -0.1292952 -0.15691172 25 0 2078 6.0662896 -1.9573078
61 505.63188 125.16503 0.71760677 -0.093263309 -0.23652908 25 0 434 1.418384 -0.37948459
62 10.256496 126.8322 0.65130612 -0.11109797 -0.039981261 25 0 466 1.361628 -0.3351462
63 201.63443 130.41234 0.58179399 0.67468327 0.10187424 25 0 1652 4.7055213 -1.6815194
64 32.860308 132.19605 0.69522666 0.12330325 -0.081412627 25 0 1391 3.829759 -1.4579286
65 5.1502425 132.79729 0.79474851 -0.057688817 0.13403865 25 0 508 1.2029118 -0.20058448
66 279.15851 133.77373 0.67058978 -0.12240186 0.0280245 25 0 610 1.4712737 -0.41923368
67 421.39445 141.80257 0.59553769 0.31516288 -0.20014999 25 0 11103 32.34331 -3.7744612
68 409.99979 145.02025 0.68216822 0.45695978 0.36465009 25 0 408 1.2390035 -0.23268134
69 324.41818 147.42644 0.62185853 0.58336656 -0.072819347 25 0 2986 8.4001168 -2.3107133
70 40.216374 148.49053 0.61062907 -0.20499624 0.10823547 25 0 733 2.1654664 -0.83887863
71 120.07063 150.24803 0.62563698 -0.18873166 -0.096846067 25 0 363 1.0110979 -0.011983003
72 23.335546 152.50938 0.72817496 0.63458712 0.11922119 25 0 677 1.7592983 -0.61334872
73 509.7104 153.69136 0.65411823 0.25512206 0.034945092 25 0 8279 23.858008 -3.4440855
74 123.04862 161.80211 0.7395764 0.43565803 0.12645193 25 0 617 1.4728192 -0.42037362
75 411.48018 163.30186 0.64783868 0.46322072 -0.12382975 25 0 50926 141.46924 -5.376655
76 231.99245 167.42676 0.68085404 0.07316159 0.09318899 25 0 613 1.4547879 -0.40699918
77 450.63733 166.7792 0.54734737 0.13631279 0.010640743 25 0 441 1.4319742 -0.38983798
78 179.13461 170.88748 0.70897978 0.076978532 -0.14255522 25 0 779 1.8863684 -0.68906628
79 503.72658 175.00309 0.69182656 0.1277746 -0.04102372 25 0 7520 21.161887 -3.313886
80 251.52636 175.8402 0.6329194 0.33876314 -0.11897856 25 0 1852 4.99055 -1.745371
81 371.76335 175.56203 0.61928559 0.17872986 -0.0219877 25 0 590 1.5704242 -0.49004246
82 189.71265 176.69636 0.66728611 0.1942682 -0.043172758 25 0 1053 2.7115558 -1.0830464
83 438.97475 177.62914 0.63571865 0.045607213 0.10478303 25 0 443 1.4088169 -0.37213638
84 178.20048 179.22541 0.65808675 0.28081976 -0.065035962 25 0 1786 4.8741141 -1.7197392
85 446.6124 184.31511 0.62818867 -0.19876102 -0.085767572 25 0 2651 7.5715966 -2.1979687
86 42.305242 185.23093 0.70916419 0.42340385 0.002416671 25 0 897 2.3206599 -0.91402874
87 140.63343 185.25309 0.65262953 0.44072816 -0.15804115 25 0 1830 4.8735984 -1.7196243
88 508.46589 186.06443 0.72679403 0.17013918 -0.21386204 25 0 874 2.4774681 -0.98502017
89 436.52178 186.4567 0.54503272 0.58230308 0.062229655 25 0 527 1.760785 -0.61426581
90 252.28661 188.01725 0.64650199 0.071269159 -0.079807891 25 0 1258 3.4498818 -1.3445105
91 447.12125 189.32059 0.68099022 -0.28734388 0.13347245 25 0 921 2.640808 -1.054342
92 214.8721 190.80226 0.66907567 0.24814953 -0.11483974 25 0 889 2.279154 -0.89443417
93 97.118348 191.73292 0.66704713 0.14633929 0.033119336 25 0 44645 126.88675 -5.2585406
94 146.7886 193.09678 0.56357383 0.045984522 -0.068137864 25 0 494 1.3603301 -0.33411075
95 446.36847 197.23627 0.63430433 -0.29786286 -0.21474197 25 0 373 1.211215 -0.20805306
96 480.38975 201.17271 0.69283036 0.32928832 -0.10030685 25 0 688 2.092918 -0.80188054
97 407.43484 203.00648 0.63397403 0.0030455925 -0.028098347 25 0 332 1.0013421 -0.0014561613
98 193.80441 203.72992 0.63129699 0.3207802 0.031581348 25 0 661 1.6074544 -0.51534666
99 92.216307 205.81071 0.67027607 -0.013153981 0.1211992 25 0 737 1.9755043 -0.73919495
100 495.0337 207.27441 0.71984842 -0.23818089 0.00043761342 25 0 674 2.0390268 -0.77355731
101 38.167863 215.03816 0.63582665 0.70958794 -0.31086658 25 0 495 1.3392559 -0.31715896
102 40.346628 216.21423 0.64947021 0.25846252 -0.013466082 25 0 501 1.2869291 -0.27388658
103 451.12855 217.16483 0.73533318 0.42260916 0.022670898 25 0 1236 3.3134016 -1.3006852
104 13.458009 218.47936 0.65669058 0.57784654 0.01970946 25 0 1867 5.1775019 -1.7853007
105 351.9112 219.47598 0.57262539 0.09574393 0.052469756 25 0 1392 4.1301589 -1.5399169
106 282.08014 221.62698 0.52568253 0.31600868 0.22813449 25 0 708 2.0165822 -0.76153983
107 176.27757 223.02756 0.64010864 0.15744464 -0.071781159 25 0 1124 2.9232743 -1.1646739
108 504.97277 225.85039 0.68982367 0.19525774 0.018002976 25 0 5337 14.974597 -2.9383878
109 265.59726 228.30308 0.62841306 0.48124782 -0.1451112 25 0 2877 8.0131096 -2.2595027
110 377.60579 230.36936 0.5850438 -0.16783373 -0.043797661 25 0 4122 12.229667 -2.7185365
111 447.76246 230.9976 0.66565143 0.12037427 -0.083561834 25 0 15572 44.119872 -4.1115856
112 352.65325 232.61432 0.61926748 0.3562563 -0.033389111 25 0 1075 3.1000804 -1.2284324
113 205.96736 239.03514 0.70315878 -0.054040591 -0.20530447 25 0 911 2.2789569 -0.89434028
114 266.04278 239.98303 0.59823104 -0.00057484505 -0.096209738 25 0 900 2.4968708 -0.99349015
115 457.00958 242.47871 0.58851025 0.22779419 0.1560615 25 0 1819 5.6264974 -1.8755953
116 56.41564 243.55706 0.58719359 0.61311724 -0.12947922 25 0 405 1.1516622 -0.1533128
117 453.87495 255.92755 0.63442073 0.19316325 -0.026241991 25 0 7870 23.094741 -3.4087828
118 1.9634611 257.52265 0.67432416 0.36206215 0.18879049 25 0 1088 2.8693607 -1.1444629
119 229.6591 256.55936 0.60163432 0.53150737 0.011241266 25 0 4719 13.621189 -2.8355376
120 291.72394 259.01934 0.78089883 0.30636468 0.082324732 25 0 563 1.3546408 -0.32956036
121 357.21785 265.29663 0.58922134 0.048111438 -0.059852943 25 0 393 1.1528936 -0.15447312
122 59.006673 277.36834 0.62544099 0.31455645 0.22957552 25 0 1482 4.2081378 -1.5602249
123 115.44762 278.98741 0.8050274 0.25758842 -0.15466291 25 0 469 1.0848933 -0.088467568
124 241.07753 285.64378 0.62105173 0.51744667 0.11971245 25 0 389 1.0701482 -0.073609765
125 73.304434 286.66118 0.62099612 -0.015414119 0.074311098 25 0 854 2.3353466 -0.92087838
126 373.44539 288.78771 0.62852528 0.31946836 -0.15949753 25 0 5342 15.202613 -2.9547956
127 186.20134 290.23601 0.66739773 0.18711821 -0.15775614 25 0 981 2.6325241 -1.0509309
128 93.063542 291.34116 0.63744012 0.19366445 -0.038052897 25 0 1262 3.4918828 -1.3576491
129 64.832158 291.50469 0.64722719 0.54346565 0.1164277 25 0 1315 3.5002446 -1.360246
130 347.91864 293.44382 0.656053 0.64141401 -0.021315751 25 0 396 1.0852154 -0.088789905
131 479.13429 293.44865 0.61640544 0.13725304 0.096141846 25 0 599 1.9667403 -0.73436753
132 17.437274 296.26759 0.4493713 -0.40526794 0.29316024 25 0 350 1.1534063 -0.15495576
133 162.06711 300.9306 0.67901616 0.32421212 -0.19059439 25 0 619 1.5744259 -0.49280553
134 76.587969 307.08847 0.66731303 0.16077736 -0.18863873 25 0 1375 3.7441017 -1.4333691
135 424.35263 307.04841 0.68008444 0.12882438 -0.14652766 25 0 400 1.2656035 -0.25574414
136 451.77392 312.4316 0.68308967 -0.030301625 0.063440377 25 0 1040 3.0485212 -1.210223
137 220.12072 312.59793 0.52387946 0.46298649 0.077247496 25 0 792 2.4243322 -0.96148034
138 139.22872 317.42485 0.6285929 0.47501083 0.042072878 25 0 3403 9.6177199 -2.4576803
139 15.305432 319.08191 0.70562612 0.23485006 -0.06771055 25 0 2617 7.1623028 -2.1376317
140 61.328492 321.53978 0.70166456 0.18263287 0.052458662 25 0 429 1.0693454 -0.072795023
141 331.44554 329.09225 0.58487298 0.16104491 -0.2739514 25 0 548 1.693527 -0.57198033
142 21.838592 336.42514 0.67169492 0.075541756 0.095074089 25 0 5166 14.411468 -2.8967706
143 288.97431 336.2633 0.68774142 0.043339197 -0.1112726 25 0 589 1.532495 -0.46349767
144 32.061326 337.34467 0.72429315 0.29180817 0.088054715 25 0 14796 39.905675 -4.0025867
145 381.6928 336.67197 0.64741908 -0.055441567 -0.04303355 25 0 517 1.5866518 -0.50120409
146 78.403133 338.51657 0.61885981 0.40000698 0.14039594 25 0 962 2.5913671 -1.0338223
147 265.19762 337.88174 0.67296614 0.16503272 0.0054028266 25 0 1054 2.8921315 -1.1530451
148 490.10987 344.14292 0.7350543 0.44949508 0.3498515 25 0 1090 2.9743094 -1.1834654
149 261.13244 347.42 0.5231284 0.17459441 0.23646924 25 0 355 1.1183386 -0.12143329
150 362.02105 350.19567 0.69468068 0.24890762 -0.10824628 25 0 862 2.4345486 -0.96604611
151 241.32899 353.87975 0.65678111 0.024023692 -0.11466387 25 0 5863 16.53981 -3.0463263
152 383.30909 355.21158 0.68762033 0.34171417 -0.077653115 25 0 1153 3.2949252 -1.2946139
153 23.370295 356.4815 0.6614792 -0.13558982 -0.0086591031 25 0 799 2.1557114 -0.83397657
154 494.92507 355.7866 0.68095675 0.32594942 0.42569443 25 0 284 1.0937731 -0.097318144
155 13.738293 356.73181 0.68051144 0.19636616 0.11546197 25 0 519 1.4057435 -0.36976524
156 300.20308 357.78868 0.63438912 0.095183049 -0.064536715 25 0 27168 78.779243 -4.7410295
157 23.501522 360.22716 0.66096822 -0.22059194 0.020200799 25 0 1329 3.60129 -1.3911452
158 24.650492 363.5946 0.73954981 0.05697153 0.047806967 25 0 628 1.5051551 -0.44395311
159 416.03144 364.86795 0.70265174 -0.017039318 -0.069075055 25 0 2268 6.4642693 -2.0262986
160 227.4905 366.94158 0.69044843 0.12062889 -0.21862186 25 0 1728 4.5954192 -1.6558128
161 279.53695 368.11984 0.63679491 -0.067978741 -0.15156395 25 0 2824 8.114324 -2.2731309
162 429.15249 369.18041 0.73272761 -0.027216782 -0.062277548 25 0 1149 3.2065468 -1.265094
163 97.219778 369.72032 0.6830818 0.11996784 -0.0075656714 25 0 5464 15.145992 -2.9507443
164 140.49044 370.58811 0.89871279 0.46167522 -0.14280345 25 0 735 1.5823533 -0.49825866
165 500.90693 371.22699 0.72369125 0.01285264 0.016483197 25 0 10589 29.078848 -3.658943
166 24.19638 372.77064 0.58549267 0.34475513 0.14250346 25 0 474 1.3229964 -0.30389665
167 4.592301 376.55944 0.52513534 -0.17665576 0.18407696 25 0 611 1.9681678 -0.73515531
168 367.56068 382.50616 0.57538026 0.71301667 -0.049517041 25 0 2805 8.3863892 -2.3089375
169 76.464691 383.86663 0.66811844 0.011545261 -0.14984138 25 0 3842 10.655261 -2.5689102
170 122.00559 385.47574 0.71112003 0.31674518 0.026108071 25 0 629 1.6413721 -0.5380176
171 228.97891 386.87749 0.68210014 0.03986914 -0.18032356 25 0 669 1.8024484 -0.63965709
172 485.49149 388.29456 0.39628386 -0.89120526 0.55519352 25 0 270 1.3552937 -0.33008356
173 101.76886 388.68197 0.60258831 0.34486187 -0.07230465 25 0 407 1.2173967 -0.21358029
174 6.6073664 389.87611 0.70136235 0.25261732 -0.11497308 25 0 1163 3.2091276 -1.2659675
175 146.1624 389.72255 0.65603034 0.18002121 0.0073728076 25 0 1597 4.5136444 -1.6363183
176 486.21875 391.26078 0.68038175 0.28683402 0.011902116 25 0 2137 6.1986872 -1.9807493
177 456.89899 391.74673 0.67687132 0.1721479 -0.0032814209 25 0 2612 7.6577049 -2.2102466
178 61.679649 394.83021 0.64739686 0.031621924 -0.19789828 25 0 614 1.7572284 -0.61207051
179 248.16806 399.59336 0.61026035 0.093082323 0.015362944 25 0 7626 22.392681 -3.3752653
180 378.50958 401.72588 0.52722435 -0.30217961 0.078148809 25 0 558 1.9371469 -0.71790637
181 277.24257 407.0966 0.74252846 0.51349651 -0.10037501 25 0 825 2.1779108 -0.84510022
182 414.07243 406.54197 0.69063508 0.048813716 -0.019882072 25 0 515 1.5863488 -0.50099674
183 4.9787678 410.95927 0.78631085 0.22065377 -0.021223802 25 0 1162 2.9187463 -1.1629909
184 274.60118 410.80857 0.68268549 0.25108316 -0.12609663 25 0 2100 5.804736 -1.9094562
185 496.14576 411.06785 0.70143506 -0.052546177 -0.1179857 25 0 441 1.4647582 -0.41441482
186 106.64946 416.34485 0.61072125 0.031946542 -0.054725598 25 0 851 2.4725359 -0.98285653
187 130.64818 417.71126 0.66366775 0.36020479 -0.049565209 25 0 2294 6.5457358 -2.0398962
188 306.31643 427.78317 0.55454043 0.62766759 -0.42945453 25 0 318 1.1238018 -0.12672436
189 216.22057 434.60237 0.64493627 0.62170265 0.15121285 25 0 371 1.1279677 -0.13074164
190 181.57526 435.61986 0.56463235 -0.21775192 -0.14045366 25 0 1876 5.710843 -1.8917506
191 154.97347 436.58298 0.63063775 0.60183427 0.16511767 25 0 1033 3.0312436 -1.2040521
192 510.72495 438.29598 0.882579 0.60882505 0.92869455 25 0 2070 4.2518904 -1.5714552
193 254.70297 438.97668 0.73228556 0.13839537 -0.11280715 25 0 1211 3.2288246 -1.2726111
194 367.31555 440.80884 0.66537089 -0.084180639 -0.11026992 25 0 3332 9.5728124 -2.4525989
195 267.68274 443.32874 0.61182302 0.50856063 0.20118582 25 0 984 2.8449664 -1.1351929
196 113.84715 445.45183 0.65052362 0.11465748 0.074176552 25 0 14186 40.2841 -4.0128342
197 499.01019 445.95322 0.73678581 -0.17988722 -0.12238118 25 0 312 1.1158606 -0.11902484
198 499.73806 455.21033 0.71258756 -0.034632434 0.0051547097 25 0 2299 6.6281394 -2.0534791
199 402.24976 457.76382 0.65973212 -0.32648639 0.032584507 25 0 313 1.1759759 -0.17599601
200 333.81647 459.01066 0.68743394 -0.18860026 -0.2101888 25 0 709 2.104895 -0.8080761
201 457.81792 460.20181 0.6361427 0.41937355 0.27907511 25 0 402 1.5053931 -0.44412482
202 384.84832 463.89227 0.68284416 0.13287653 -0.09183145 25 0 1442 4.313393 -1.5870476
203 78.943847 465.04991 0.7494515 0.12288798 -0.045833639 25 0 7345 19.723175 -3.2374421
204 171.90835 466.13832 0.73639944 0.2883798 0.033092309 25 0 1403 3.824569 -1.4564562
205 450.44973 467.54542 0.49292672 0.59697196 -0.04314928 25 0 58733 183.82783 -5.6610281
206 233.6461 474.16572 0.66626623 -0.096539044 -0.095510877 25 0 5167 14.65722 -2.915129
207 451.54056 475.15986 0.62151642 -0.23575407 -0.07968771 25 0 384 1.3855231 -0.35403441
208 365.34219 475.87479 0.5369055 -0.59474908 -0.31857898 25 0 450 1.6574566 -0.54860539
209 283.80489 477.50464 0.58693357 -0.087193578 0.022660445 25 0 2871 8.7761885 -2.3582649
210 136.85196 478.09323 0.74144088 0.29305153 0.13399617 25 0 536 1.4641616 -0.41397256
211 361.15797 482.62074 0.65473744 -0.0027481561 -0.077406209 25 0 419 1.3516871 -0.32719043
212 161.68521 483.40159 0.63154364 0.64125131 0.076483843 25 0 798 2.3664585 -0.93524722
213 171.94318 488.49554 0.98113462 0.29455949 0.47809988 25 0 837 1.9918416 -0.74813702
214 86.722468 488.94332 0.74542432 0.21160237 -0.082692482 25 0 1257 3.4563376 -1.3465404
215 262.94525 498.22245 0.58212983 0.318076 0.26651309 25 0 343 1.2068994 -0.20417772
216 90.013511 503.5596 0.87674606 0.19871233 0.070598353 25 0 433 1.0780742 -0.081621626
217 138.62994 505.50413 0.67782617 0.42134206 0.23808978 25 0 616 1.6696116 -0.55653864
218 184.07792 505.6881 0.59649739 0.20688903 -0.070175956 25 0 543 1.7867566 -0.63016349
219 139.69557 509.42028 0.66381345 -0.21449726 -0.083909736 25 0 755 2.0180996 -0.76235651
