id xcentroid ycentroid sharpness roundness1 roundness2 npix sky peak flux mag
1 33.185642 0.002751316 0.90859367 -0.47430751 -0.62499268 25 0 1118.3761 2.5661048 -1.023186
2 334.44419 5.008721 0.60844276 -0.12515125 -0.52289472 25 0 351.77988 1.3239611 -0.30468806
3 505.25456 9.2293434 0.70509633 0.044369564 -0.050099578 25 0 408.02006 1.271606 -0.26088143
4 294.60689 15.098366 0.68311754 -0.0050950174 -0.46464976 25 0 656.08223 1.9537012 -0.72714536
5 426.25678 18.541952 0.48943007 0.036641248 -0.056477188 25 0 306.9782 1.1551064 -0.15655498
6 106.59768 22.296211 0.55365317 -0.1547061 -0.35319278 25 0 448.05937 1.533979 -0.46454851
7 21.611515 24.051466 0.64531722 -0.34388962 -0.36336166 25 0 12816.625 35.483639 -3.8750704
8 332.06198 23.729975 0.56618624 0.018539131 -0.044005558 25 0 673.29417 2.2365233 -0.87393357
9 405.52509 26.984238 0.71885872 -0.052059654 -0.41492674 25 0 682.32941 1.8264551 -0.65402251
10 464.43999 26.979679 0.60830786 -0.14177844 -0.40373436 25 0 22634.519 63.137443 -4.5007175
11 422.54809 28.44577 0.65066009 -0.36515135 -0.18708916 25 0 278.37698 1.0183636 -0.01975719
12 210.02154 41.764999 0.62677416 -0.13972287 -0.16225403 25 0 338.02219 1.054763 -0.057887266
13 351.11347 45.33461 0.61279073 -0.17322063 -0.35246975 25 0 442.37965 1.3807994 -0.35032644
14 124.12004 47.709163 0.58195927 -0.35739937 -0.38631067 25 0 318.92495 1.023146 -0.024844007
15 110.9082 51.91203 0.65502503 -0.31409236 -0.42995249 25 0 467.4253 1.1844353 -0.18377835
16 183.65768 52.871865 0.57637019 -0.41085072 -0.40262713 25 0 974.5485 2.9065312 -1.1584375
17 203.24451 53.830309 0.66202733 -0.26680293 -0.21422506 25 0 2156.9686 5.9187387 -1.9305729
18 343.77959 55.164577 0.52586177 0.1466141 -0.26698272 25 0 378.41741 1.5188423 -0.45378174
19 63.398847 56.124499 0.49788321 -0.28586562 -0.4929059 25 0 393.6694 1.4183633 -0.37946868
20 321.79608 55.976812 0.31340493 -0.066095281 -0.16727279 25 0 58032.006 208.79731 -5.7993123
21 108.48072 57.960107 0.57819735 -0.24396536 -0.41127367 25 0 4048.9929 11.548465 -2.6563106
22 397.34376 59.662779 0.66096965 -0.36727725 -0.14487872 25 0 849.29828 2.4215947 -0.96025365
23 291.3266 66.588735 0.5678598 0.17291171 -0.11168453 25 0 1134.3196 3.5039423 -1.3613924
24 467.74692 65.768813 0.57184184 0.23103204 -0.090962013 25 0 631.8845 1.8901041 -0.6912143
25 440.30495 73.307806 0.64841108 0.20192175 -0.13315401 25 0 1383.3251 3.9279772 -1.4854224
26 498.77877 75.704406 0.61868322 0.027932795 -0.12065749 25 0 3183.0663 9.3385328 -2.4256966
27 52.032464 78.691237 0.46116276 -0.42218511 0.031615734 25 0 293.32328 1.0532779 -0.056357414
28 28.44969 78.973551 0.63115122 -0.40357997 -0.34590981 25 0 519.48161 1.5259556 -0.45885476
29 429.91537 80.221914 0.64191601 -0.17348245 -0.21344412 25 0 1590.7391 4.6940529 -1.6788699
30 109.40045 80.784189 0.66521602 0.044660263 -0.11263401 25 0 430.07622 1.1700324 -0.17049476
31 415.06623 81.926961 0.67982134 -0.37886369 -0.16383167 25 0 605.37535 1.8701651 -0.67969985
32 52.954187 83.83402 0.64098338 -0.20019785 -0.26879427 25 0 1494.4743 4.2156647 -1.5621652
33 465.71055 88.86514 0.64159519 0.077951479 -0.28491635 25 0 818.79726 2.3265928 -0.91680093
34 347.63908 92.813472 0.59101233 -0.14270479 -0.34959868 25 0 2868.1957 8.4534249 -2.3175818
35 116.85937 95.932162 0.5406317 -0.42533807 -0.12859835 25 0 383.35708 1.2039753 -0.20154395
36 89.21799 99.194813 0.65130584 -0.31362792 -0.30312547 25 0 591.9288 1.6197481 -0.52361867
37 488.1091 99.84258 0.68485626 -0.14909534 -0.16070664 25 0 22898.249 61.873704 -4.4787653
38 152.11611 106.01378 0.82315122 -0.54677003 -0.35799602 25 0 559.8035 1.2642064 -0.25454495
39 280.46174 106.99014 0.60562325 -0.41047435 -0.49932721 25 0 1050.1645 3.1074984 -1.2310273
40 284.52513 108.69804 0.51696932 -0.1832017 -0.33815812 25 0 1049.574 3.2538955 -1.281009
41 182.87984 109.60393 0.53505557 0.025205173 -0.12485397 25 0 1250.002 3.6811408 -1.4149561
42 112.66411 113.26919 0.54497701 -0.80137908 -0.23287347 25 0 389.67206 1.3489665 -0.32500292
43 50.770253 113.6157 0.53380065 -0.060197709 -0.23181143 25 0 2893.5693 8.4957785 -2.323008
44 506.17424 116.32099 0.69665049 0.12790902 -0.13108082 25 0 2140.3798 5.7327495 -1.8959074
45 486.41359 119.78903 0.73240161 -0.38296319 -0.14753528 25 0 2124.4401 5.439131 -1.8388238
46 329.40829 125.13082 0.56126724 -0.052884331 -0.37119909 25 0 446.01695 1.5754342 -0.49350067
47 216.00181 126.94488 0.60694198 -0.2363767 -0.31435891 25 0 15574.332 44.604968 -4.1234581
48 233.32105 127.08068 0.77289032 0.031492169 -0.28729843 25 0 1068.5516 2.5714408 -1.0254413
49 243.40377 128.49529 0.62633106 0.32052933 -0.15037548 25 0 1502.2097 4.0737966 -1.5249983
50 300.03161 128.26937 0.70227215 -0.1210281 -0.2177375 25 0 1134.2514 2.9898982 -1.189141
51 95.146966 130.45785 0.63929362 0.057433358 -0.13617434 25 0 474.46769 1.2701968 -0.25967758
52 195.46749 130.29914 0.68760417 -0.48701208 -0.29826125 25 0 440.76725 1.0024753 -0.0026842516
53 445.37324 129.99464 0.90267421 -0.16605709 0.14477879 25 0 478.21087 1.1195964 -0.1226537
54 149.93476 131.82346 0.60979027 -0.70729371 -0.15402218 25 0 419.36592 1.214464 -0.21096166
55 47.774463 131.84287 0.67644841 -0.50129269 -0.44492655 25 0 481.31465 1.3566398 -0.33116142
56 147.43046 133.47779 0.58420168 -0.64126463 -0.16835056 25 0 1468.0823 3.9761603 -1.4986597
57 475.40025 134.26823 0.71304479 0.059504464 -0.25575122 25 0 435.27837 1.3300482 -0.30966841
58 171.30389 139.03161 0.70899669 -0.23961982 -0.41473595 25 0 1684.2889 4.2567414 -1.5726932
59 2.8141038 140.31164 0.63212152 -0.45666867 -0.20918299 25 0 1060.9931 3.0246404 -1.2016844
60 248.64816 142.48101 0.54068125 -0.10779911 -0.17255223 25 0 350.97289 1.1711816 -0.17156065
61 391.18446 150.79409 0.66762596 -0.24713516 -0.20450359 25 0 11662.324 31.355092 -3.7407702
62 294.01684 156.21795 0.64006385 -0.20127832 -0.27152123 25 0 2690.9911 7.4972831 -2.1872598
63 10.089494 156.54417 0.61682051 -0.21942806 -0.23569543 25 0 619.61806 1.7615638 -0.61474591
64 479.39651 162.92642 0.72115579 -0.2386327 -0.22388443 25 0 8185.655 21.229222 -3.3173352
65 381.11678 172.30505 0.6597287 -0.070999429 -0.1930635 25 0 48029.943 129.25526 -5.2786205
66 201.62165 176.07192 0.54705987 -0.23541186 -0.34650775 25 0 432.94597 1.3108155 -0.29385396
67 420.24387 175.78136 0.62649382 -0.089386223 -0.22402216 25 0 436.67335 1.3899516 -0.35749916
68 221.26656 184.58722 0.54592487 0.019957111 -0.10836682 25 0 1256.5254 3.5759563 -1.3834805
69 473.43989 184.23477 0.6783298 0.098801229 -0.22814778 25 0 6312.4491 16.879802 -3.0684184
70 159.49716 185.12346 0.65193702 -0.48645318 -0.3998626 25 0 820.17525 2.1140279 -0.81277678
71 147.93693 187.68237 0.56490748 -0.31133487 -0.28323595 25 0 1283.6055 3.6540689 -1.4069418
72 12.114027 193.45984 0.65199635 0.022728812 -0.20581401 25 0 584.95794 1.5520943 -0.47729523
73 416.34585 193.39012 0.63502305 0.037841611 -0.19484719 25 0 2413.3757 6.618048 -2.0518248
74 110.2229 193.65065 0.56898719 -0.095574396 -0.10605659 25 0 1474.4773 4.1952006 -1.5568818
75 406.04974 195.66711 0.64112483 0.30032687 -0.083772518 25 0 496.49903 1.4954517 -0.43693097
76 478.0659 195.47064 0.57762205 0.11174436 -0.044185824 25 0 654.21512 2.0910377 -0.80090468
77 221.82027 196.6465 0.53001424 -0.33568712 -0.41977962 25 0 802.72476 2.3299457 -0.9183645
78 416.62134 198.40295 0.66998327 -0.78577682 -0.1945434 25 0 741.70542 1.9990937 -0.75208289
79 184.42158 199.25069 0.72808366 -0.17210577 -0.35225654 25 0 660.65912 1.6240602 -0.52650531
80 66.782114 200.0293 0.59452053 -0.27272594 -0.33527784 25 0 34399.973 99.495818 -4.9945121
81 415.76779 206.26758 0.69054272 -0.29241438 -0.2898058 25 0 355.1109 1.091959 -0.09551588
82 450.05487 210.27901 0.76969315 -0.4189794 -0.24027161 25 0 547.13553 1.3639566 -0.33700139
83 163.48192 212.09677 0.60455614 -0.043995103 -0.33771533 25 0 545.37997 1.4759533 -0.42268153
84 61.980667 214.0763 0.62518187 -0.051367323 -0.28398712 25 0 464.61118 1.2663834 -0.25641298
85 503.92759 214.17443 0.68826501 -0.12294793 -0.12146885 25 0 1785.0753 4.9848855 -1.744138
86 464.45728 216.57392 0.602403 -0.77048734 -0.090455867 25 0 462.02276 1.4738242 -0.42111424
87 497.85962 220.22366 0.69363303 -0.23093451 -0.17787261 25 0 3168.7918 8.4321111 -2.3148408
88 420.70604 226.29169 0.67240371 -0.23658779 -0.29724868 25 0 1025.8354 2.8484371 -1.1365166
89 321.49409 228.35496 0.64093697 0.15008312 -0.29839729 25 0 1235.4435 3.2748728 -1.2879861
90 251.58983 230.18622 0.63552358 -0.19209385 -0.41959891 25 0 613.32276 1.6645829 -0.55326354
91 145.93454 231.60434 0.55392627 0.23265923 -0.076328863 25 0 720.62879 2.0291327 -0.76827614
92 474.53153 235.11637 0.71578975 -0.092824912 -0.32997633 25 0 4454.2406 11.277933 -2.6305738
93 234.98231 236.89596 0.63609886 -0.29265024 -0.29555415 25 0 2631.501 7.1993467 -2.1432327
94 347.25977 239.23649 0.63611975 -0.1602312 -0.26861635 25 0 4074.804 11.323943 -2.6349942
95 417.33087 240.09925 0.70919327 -0.18753624 -0.27882925 25 0 14219.377 36.683156 -3.9111667
96 322.13775 241.38596 0.54476102 -0.027805907 0.046174954 25 0 827.47101 2.5332554 -1.0091974
97 373.7758 242.92672 0.35811171 -0.45462767 0.11353169 25 0 207.8786 1.0365922 -0.039019862
98 175.45594 247.61998 0.6116454 -0.93841059 -0.2762186 25 0 557.71583 1.4856753 -0.42980972
99 235.51052 248.72213 0.79146637 -0.81945325 -0.3189559 25 0 680.11027 1.4984904 -0.4391349
100 426.49657 251.46154 0.49790307 0.52438596 -0.12242335 25 0 1302.7236 3.9888155 -1.5021099
101 22.231371 263.56068 0.83481337 -0.10515161 0.14521923 25 0 1961.9043 4.9677943 -1.740409
102 199.21542 265.13971 0.63895086 -0.19163837 -0.31636068 25 0 4496.7481 12.320768 -2.7265944
103 423.41582 265.03013 0.69638639 -0.28521179 -0.3258406 25 0 7330.836 19.027471 -3.1984527
104 261.21987 267.63673 0.72245243 0.11273001 -0.029595446 25 0 400.02792 1.1269497 -0.12976135
105 326.60618 274.2911 0.49630851 -0.2442587 -0.59775839 25 0 289.92142 1.0593054 -0.062553006
106 28.540992 285.72126 0.43154275 -0.66798545 -0.095793367 25 0 834.75132 2.9066571 -1.1584845
107 42.75541 294.74164 0.53896409 -0.41712162 -0.40659446 25 0 554.95042 1.7198284 -0.58871281
108 342.98048 297.62407 0.56457343 -0.15210715 -0.14187669 25 0 4615.3986 13.543481 -2.8293257
109 155.58156 298.65205 0.51391941 0.12737321 -0.33511493 25 0 638.16682 1.9130227 -0.70430028
110 34.414334 299.77561 0.58443512 -0.39862569 -0.27905309 25 0 1037.8174 3.033616 -1.2049015
111 62.630353 299.63069 0.6584013 -0.66618104 -0.33337104 25 0 946.21733 2.494568 -0.99248839
112 448.50799 302.69839 0.51212011 -0.041936874 -0.4465452 25 0 555.38083 1.773844 -0.62228857
113 65.067879 309.47098 0.57834691 -0.26290907 -0.37858272 25 0 338.99922 1.0040282 -0.0043648266
114 46.098218 315.30059 0.62368744 -0.10787107 -0.20400719 25 0 1080.0623 3.0043272 -1.1943681
115 189.40143 321.14911 0.60904898 -0.06299087 -0.24524663 25 0 762.55271 2.1089246 -0.81015264
116 421.32395 321.3959 0.61192705 -0.39679187 -0.032515969 25 0 877.49616 2.4025878 -0.95169818
117 108.73269 325.81096 0.56067333 -0.12731814 -0.31307223 25 0 2741.128 7.9566776 -2.2518294
118 300.83213 337.88228 0.54473461 -0.22714055 -0.33643085 25 0 443.17564 1.2743521 -0.26322358
119 1.5549775 345.42431 0.62949332 -0.60786472 -0.22311697 25 0 9749.0958 26.143652 -3.5434156
120 258.42991 344.99374 0.70039311 -0.50361927 -0.32592004 25 0 522.98703 1.233908 -0.22820692
121 47.829093 346.67359 0.54853715 -0.16713178 -0.23152298 25 0 859.43645 2.6868646 -1.0731144
122 234.5013 346.42464 0.54655351 -0.81119416 -0.14278701 25 0 666.56835 1.8797774 -0.68526605
123 459.62599 353.28596 0.63884829 -0.024702359 0.098939901 25 0 887.02824 2.2133473 -0.86262393
124 331.35441 359.08316 0.64210646 -0.19475961 -0.38932242 25 0 691.89025 1.7460023 -0.60511202
125 210.53791 362.62615 0.53655848 -0.71129532 -0.19295569 25 0 3556.7276 9.8161704 -2.4798552
126 352.71512 364.19082 0.62276755 -0.44515122 -0.15793975 25 0 962.29167 2.5743402 -1.0266648
127 464.35767 365.03955 0.63596553 0.088664669 -0.070266599 25 0 386.42484 1.0166721 -0.017952265
128 269.56755 366.67934 0.67148324 -0.73787152 -0.38448781 25 0 20787.434 52.276705 -4.2957705
129 385.47687 373.94524 0.74250358 -0.38385699 -0.33511546 25 0 1943.8319 4.6836401 -1.6764588
130 196.78769 375.54864 0.49642629 -0.037763165 -0.24779219 25 0 1204.324 3.5376484 -1.3717867
131 248.95994 376.82074 0.62853587 -0.15601265 -0.24302411 25 0 2668.8617 7.2753225 -2.1546306
132 66.621518 377.95461 0.63113426 -0.28101994 -0.38130522 25 0 4543.8885 12.538975 -2.7456551
133 398.61945 378.16488 0.63211308 -0.51391743 -0.25625075 25 0 1067.5222 2.9334943 -1.1684631
134 109.8212 378.89735 0.64054002 -0.13274461 -0.07640581 25 0 537.55323 1.4241543 -0.3838926
135 470.35738 380.39996 0.60248946 -0.56780487 -0.012486169 25 0 7366.1577 20.301711 -3.2688316
136 336.8445 391.34696 0.60952291 -0.48935298 -0.26676735 25 0 2917.9796 8.0252676 -2.2611488
137 45.858086 392.0687 0.64634279 -0.20718701 -0.28860435 25 0 3628.1264 10.176103 -2.5189537
138 91.402941 393.82767 0.55340744 0.10783275 -0.53547612 25 0 508.15669 1.4008659 -0.3659914
139 198.10063 395.28291 0.55469346 -0.074332691 0.16293399 25 0 466.83002 1.1846384 -0.18396449
140 454.79512 396.90065 0.72334986 -0.77071136 -0.02345442 25 0 718.59189 1.6277435 -0.52896494
141 115.51972 398.06078 0.61935783 -0.29744244 -0.42712175 25 0 1341.2197 3.6261953 -1.398628
142 455.66853 400.45333 0.70383815 -0.60238733 -0.11962461 25 0 2015.1642 4.8996355 -1.7254094
143 426.24321 400.76985 0.69155556 -0.44634218 -0.23877386 25 0 2664.1511 7.0312413 -2.11758
144 31.091027 402.95829 0.70405331 0.25867508 -0.35384297 25 0 558.88754 1.4095597 -0.37270865
145 217.40084 408.37635 0.60638787 -0.0040469832 -0.23887766 25 0 6304.0002 17.031905 -3.0781581
146 348.12293 410.54746 0.62346216 -0.035059181 -0.0017608789 25 0 664.86029 1.6507167 -0.54418135
147 246.40767 415.96706 0.61127399 -0.010825693 -0.50322877 25 0 644.90769 1.7058508 -0.57985258
148 383.36636 415.68041 0.67585252 -0.45809776 -0.36621319 25 0 583.04143 1.4345319 -0.39177556
149 243.82419 419.56344 0.56647448 0.056940494 -0.23590782 25 0 1576.1928 4.3779027 -1.6031653
150 465.36902 420.2258 0.67672394 0.21135166 -0.29058708 25 0 507.4981 1.1747183 -0.17483432
151 76.097931 424.45061 0.69854276 -0.31642742 -0.063459914 25 0 853.82884 1.9815151 -0.74249349
152 100.0434 426.04367 0.68786111 -0.18996406 -0.2919469 25 0 2481.1107 6.4602503 -2.0256234
153 156.75897 437.78134 0.6195052 -0.18507006 -0.2291864 25 0 418.18352 1.0769395 -0.080478284
154 185.40455 443.01573 0.77286568 -0.079884643 -0.18517227 25 0 577.35668 1.234926 -0.2291023
155 150.77188 444.23585 0.64887682 -0.40508019 -0.31801733 25 0 2090.2555 5.3347233 -1.8177798
156 124.29652 445.08938 0.65404451 0.068111785 -0.44078123 25 0 1108.5802 2.7441987 -1.0960389
157 223.89386 447.66424 0.55660651 -0.19110721 -0.25779047 25 0 957.25717 2.5822641 -1.0300016
158 483.02554 447.85123 0.24827036 -0.29700089 -0.080135148 25 0 60495.414 222.59824 -5.8688043
159 336.51948 449.78905 0.70468688 -0.64846992 -0.33965965 25 0 3104.4482 7.7291872 -2.2203346
160 6.2229675 452.26541 0.73705044 -0.17304536 -0.05629464 25 0 410.83494 1.0210247 -0.022590623
161 237.06409 452.13749 0.62265453 -0.46469095 -0.19588959 25 0 1164.3287 3.0852111 -1.2232122
162 83.286988 453.83582 0.71856399 -0.32360917 -0.29828406 25 0 14351.764 36.669231 -3.9107545
163 468.17836 455.22658 0.6998021 -0.22600072 -0.11349191 25 0 612.69064 1.4720023 -0.41977123
164 469.11904 464.48605 0.63213366 -0.027396192 -0.070869129 25 0 2101.3249 5.5545764 -1.8616274
165 302.96439 467.91335 0.69393043 -0.078123013 -0.26680875 25 0 764.27243 1.8207911 -0.65065028
166 427.05372 469.08427 0.64268106 -0.070357154 -0.11056082 25 0 603.08774 1.4890395 -0.43226556
167 48.323749 473.39129 0.65212761 0.17861488 -0.17673807 25 0 5353.3899 14.377838 -2.894234
168 354.03786 472.9112 0.65951405 -0.22764455 -0.34536891 25 0 1324.4245 3.4523556 -1.3452888
169 141.17274 474.65057 0.70846269 -0.350357 -0.15794426 25 0 1227.8276 2.8807114 -1.1487494
170 419.47821 476.48254 0.54042804 0.24356262 -0.21430409 25 0 61132.223 170.18858 -5.5773261
171 202.85657 482.78047 0.64868852 -0.24314489 -0.27752648 25 0 4756.7489 12.776959 -2.7660688
172 420.8851 484.29448 0.67731824 -0.32697554 0.0079030205 25 0 594.67265 1.2985307 -0.28363058
173 334.47634 484.84296 0.71272034 -0.89959421 -0.26386988 25 0 547.24584 1.0959356 -0.099462586
174 106.3121 486.50039 0.52281835 0.55050034 -0.017150823 25 0 430.24378 1.2041801 -0.2017286
175 252.94654 486.21153 0.62939576 -0.39965543 -0.26419708 25 0 3060.9455 8.399635 -2.310651
176 130.99632 492.04793 0.66542002 -0.25586635 -0.27564853 25 0 1004.9199 2.5912819 -1.0337866
177 330.16749 491.4762 0.50322989 -0.24357703 0.077005099 25 0 507.78285 1.3637346 -0.33682463
178 56.039053 497.27522 0.65835685 0.16636545 -0.25862851 25 0 1026.1593 2.5839787 -1.0307223
179 231.99572 507.20107 0.55762339 -0.12161495 -0.19829874 25 0 477.99535 1.2282668 -0.22323177
