id xcentroid ycentroid sharpness roundness1 roundness2 npix sky peak flux mag
1 351.9553 1.1095995 0.60867997 0.47774715 -0.00053819326 25 0 431.99738 2.0654068 -0.78751399
2 474.58388 1.9655933 0.55140003 0.31008329 -0.16697188 25 0 503.73576 2.4447447 -0.97058378
3 154.79052 6.3298819 0.70783398 -0.0060405946 0.18747963 25 0 628.58633 2.6458482 -1.0564123
4 0.91375063 6.8398202 0.75643167 0.36547745 0.23465738 25 0 1184.6026 4.6442705 -1.6672938
5 9.1176656 7.0192082 0.78306104 -0.055086046 -0.031802973 25 0 592.59136 2.2704095 -0.8902605
6 380.53347 7.6021626 0.49179957 -0.29958177 0.19498569 25 0 612.74291 3.0141053 -1.197896
7 69.984228 8.4938556 0.72748869 0.14729798 0.24525841 25 0 16230.413 64.750508 -4.528108
8 17.41803 10.162459 0.67766894 -0.34709027 -0.16226139 25 0 5632.1906 23.269121 -3.41695
9 453.90506 10.524655 0.57700063 0.34241158 0.33403326 25 0 714.21532 3.2786352 -1.2892327
10 510.84266 10.343348 0.99008183 0.34586779 0.87027837 25 0 579.95719 1.7015365 -0.5771032
11 0.07181778 11.738806 0.94970058 0.25359763 0.39915272 25 0 3658.4582 12.698309 -2.7593648
12 471.05427 12.00472 0.80281771 -0.21746804 0.32843857 25 0 404.03936 1.4846952 -0.42909327
13 379.52287 15.88807 0.65482259 -0.039504603 0.082012279 25 0 311.81905 1.3245629 -0.30518143
14 380.91215 20.769596 0.5650551 0.10062136 0.22499029 25 0 230.88925 1.1255413 -0.12840355
15 23.043906 22.143748 0.8762926 -0.009217708 0.043927199 25 0 423.04406 1.4766633 -0.42320369
16 258.55926 25.66703 0.67634928 0.47597302 0.080639209 25 0 313.27767 1.2992374 -0.28422128
17 470.87125 28.335433 0.67410194 0.1789342 -0.0023639427 25 0 268.42809 1.2545208 -0.24619463
18 399.81412 28.917385 0.68491169 -0.12148869 0.059758512 25 0 709.24568 2.9477244 -1.1737172
19 499.50491 28.971068 0.64738035 0.092345673 -0.054510288 25 0 426.9997 1.8623721 -0.67516615
20 171.96077 31.802668 0.46585979 0.26053755 -0.44342777 25 0 309.82959 1.7981445 -0.63706145
21 143.73629 36.025036 0.74685423 0.36988652 0.15070098 25 0 269.94336 1.0836209 -0.087193405
22 159.20534 35.967552 0.70672176 0.048268782 0.034605944 25 0 738.91739 3.0389417 -1.2068059
23 232.2435 36.976185 0.71509103 -0.040534876 0.0045547246 25 0 1466.9843 6.0612068 -1.9563978
24 251.64809 37.814744 0.6954638 0.15327807 0.017521545 25 0 2631.1158 10.832449 -2.5868167
25 464.67445 37.564729 0.6896534 -0.16756212 -0.092657842 25 0 289.32119 1.1215913 -0.12458657
26 392.26574 38.847543 0.60798292 0.220265 0.11314021 25 0 570.99465 2.5658259 -1.023068
27 111.87094 40.373214 0.80715483 0.16064415 0.091865569 25 0 657.50408 2.4207747 -0.95988592
28 295.7069 40.269806 0.72966237 -0.064265877 0.18114334 25 0 337.59939 1.339141 -0.31706576
29 370.24174 39.911431 0.30909928 -0.034720711 0.12007577 25 0 58410.348 336.55845 -6.3176512
30 435.87545 39.440964 0.72192722 0.35420687 0.33125475 25 0 302.08452 1.1736043 -0.17380422
31 156.94048 42.195996 0.73484508 0.05365202 0.10133901 25 0 6425.5253 25.869908 -3.5319872
32 200.10978 42.811863 0.64539547 0.6865403 -0.31565442 25 0 307.49733 1.235614 -0.22970702
33 445.87312 43.277115 0.74605269 0.1281807 0.084949034 25 0 1227.237 4.7470178 -1.6910521
34 279.32109 47.657183 0.74965505 -0.19130104 0.14993962 25 0 310.90147 1.2619016 -0.2525637
35 98.148329 49.423296 0.7637743 0.50171126 0.23818502 25 0 340.64464 1.2118298 -0.20860405
36 292.66197 48.765995 0.54377265 -0.13886198 -0.0091037934 25 0 386.78145 1.9098137 -0.70247753
37 446.34277 47.991422 0.44891968 0.57685768 0.69084143 25 0 191.456 1.0255891 -0.027433466
38 339.92122 50.258021 0.74625919 0.16382948 0.21667221 25 0 1955.0111 7.7538039 -2.223787
39 187.97714 55.063934 0.8066405 -0.32129681 0.21940409 25 0 469.89137 1.8689011 -0.67896578
40 488.95635 56.770932 0.73366023 0.32161025 0.13960417 25 0 1912.9061 7.6294524 -2.2062334
41 75.975342 58.464864 0.68987614 -0.083805523 0.090639256 25 0 332.61463 1.2931713 -0.27914018
42 43.145865 61.280549 0.64419938 0.074401821 0.25752025 25 0 460.31287 2.0137294 -0.76000276
43 394.89109 60.963726 0.71489259 0.32325269 -0.11875957 25 0 449.81581 1.8918103 -0.69219398
44 77.027469 63.456432 0.66381034 0.037161203 0.26181097 25 0 735.24045 3.1579364 -1.2485085
45 100.10999 63.016836 0.6999583 0.0076652698 0.097760052 25 0 491.03897 2.0064648 -0.75607884
46 215.19962 63.430609 0.58866875 0.78118067 0.11641769 25 0 284.03613 1.343064 -0.32024179
47 478.48113 63.735394 0.58932806 0.4557994 -0.10062096 25 0 1510.6394 6.6052664 -2.0497258
48 43.428433 65.136977 0.65662971 0.25443243 0.25076933 25 0 491.96511 2.0675235 -0.78862611
49 157.98481 65.067119 0.73872665 -0.33876335 0.11721952 25 0 520.36352 2.1179238 -0.81477583
50 463.8069 65.457849 0.69800706 0.072833826 0.20009721 25 0 705.45001 2.7656673 -1.1044998
51 101.30787 68.274696 0.70690097 0.16891866 0.0428857 25 0 1789.1133 7.2843382 -2.1559753
52 359.51925 69.118462 0.65216823 -0.54152396 -0.10808956 25 0 301.94873 1.2792233 -0.26736588
53 7.4245947 73.948465 0.67968083 0.14014586 -0.047148624 25 0 415.36004 1.8521947 -0.66921656
54 396.32608 76.482118 0.60788421 0.62498363 0.17083001 25 0 3117.6584 13.568811 -2.8313545
55 0.85810564 76.554209 0.62567766 0.45692119 0.17364318 25 0 721.97099 3.2349155 -1.2746573
56 16.694692 79.339292 0.79043382 0.038467029 0.014648396 25 0 891.38585 3.2645186 -1.2845479
57 165.34891 79.92955 0.69085662 -0.1053468 -0.15659533 25 0 627.99152 2.6824083 -1.0713122
58 480.88614 81.371529 0.70075415 -0.44428694 -0.39907039 25 0 346.98491 1.4682339 -0.41698812
59 137.67203 83.564227 0.57598738 0.23176566 0.11915569 25 0 548.5485 2.6015041 -1.0380613
60 190.15207 83.66418 0.72398352 -0.15123145 -0.080123194 25 0 396.71038 1.5365598 -0.46637367
61 200.69687 90.306354 0.76547807 -0.1131814 0.11165783 25 0 599.76178 2.3120253 -0.90998147
62 329.32703 90.796137 0.67038187 -0.40036751 -0.03517232 25 0 1417.3963 5.9584663 -1.9378362
63 333.34793 92.532454 0.63610724 -0.47322993 0.085112251 25 0 1483.6433 6.3724498 -2.0107661
64 231.52703 93.725239 0.62172321 0.35207805 -0.14931111 25 0 1674.3352 7.3254246 -2.162082
65 497.47876 97.143389 0.61593739 0.37196119 0.031523542 25 0 412.25211 1.9002654 -0.69703563
66 99.203176 98.010389 0.68073416 -0.028215798 0.010467214 25 0 3713.4595 15.494543 -2.975447
67 161.25982 97.64365 0.54803162 -0.16679812 0.077932964 25 0 414.73479 2.0226126 -0.76478175
68 342.16715 99.403192 0.65524508 -0.23712967 0.23013594 25 0 309.34949 1.195731 -0.19408374
69 377.98918 108.84827 0.76823351 -0.028883262 0.11042019 25 0 867.33973 3.3884189 -1.3249927
70 264.63487 110.9695 0.68138032 0.040572764 -0.032737991 25 0 18926.413 78.624617 -4.7388964
71 282.0881 110.96455 0.7159204 0.3544944 0.20464754 25 0 1258.7748 5.0105005 -1.7497028
72 292.12238 112.39147 0.67914437 0.26825918 0.1904983 25 0 2034.8358 8.4231564 -2.3136872
73 348.74885 111.9913 0.70094522 0.12119941 0.099927325 25 0 1358.1988 5.6194423 -1.874233
74 494.02617 113.58911 0.75405324 0.27572781 0.36887844 25 0 560.35708 2.2144696 -0.8631743
75 244.35485 114.19638 0.68207695 0.43033574 -0.085004343 25 0 629.40543 2.6277323 -1.0489528
76 359.2827 114.42139 0.66144072 0.45232687 0.12656866 25 0 253.79461 1.1690262 -0.16956059
77 143.62726 114.70483 0.54595756 0.33544263 0.058664431 25 0 478.14308 2.3281103 -0.91750889
78 198.68424 115.45784 0.68835338 -0.10326388 -0.12631016 25 0 524.00635 2.1430375 -0.82757443
79 96.426817 116.16237 0.65677094 -0.14400849 -0.032246473 25 0 556.05079 2.3743201 -0.93884819
80 195.9904 117.73077 0.70159751 0.18681282 0.14905482 25 0 2434.7503 9.9992839 -2.4999222
81 28.678731 119.40793 0.73752304 0.33104977 0.12941361 25 0 459.6556 1.8661856 -0.67738706
82 219.96363 123.1082 0.74117147 0.14246948 0.11933971 25 0 2277.5094 9.0995586 -2.3975508
83 51.221631 124.88268 0.74014078 0.067695848 0.04040949 25 0 1533.3135 6.2571741 -1.9909456
84 23.417488 125.56797 0.57120179 0.24253791 -0.12346206 25 0 353.63243 1.6553623 -0.54723267
85 297.2749 126.25342 0.58840118 0.30828467 -0.14739267 25 0 484.90828 2.1234721 -0.81761642
86 314.09941 132.75663 0.43655406 0.52447266 -0.26352918 25 0 203.86049 1.1960773 -0.19439817
87 21.846812 133.96702 0.53741991 0.35413881 -0.11327255 25 0 184.90266 1.0856441 -0.089218643
88 439.96706 134.25393 0.71206077 0.19103478 0.15635349 25 0 14651.157 59.529972 -4.4368392
89 428.36801 137.17695 0.59317034 0.080975465 -0.021835926 25 0 318.36838 1.4973851 -0.43833378
90 342.81004 139.9889 0.6985683 0.076456208 0.076226505 25 0 3608.5619 14.896437 -2.932706
91 58.513595 141.08473 0.59844923 -0.35175127 -0.11903197 25 0 722.22702 3.2576349 -1.282256
92 138.49553 143.02298 0.60823066 0.23416914 -0.23944555 25 0 270.45991 1.248092 -0.24061651
93 41.592149 145.26261 0.69833777 -0.13489054 -0.052346027 25 0 701.78086 2.8816011 -1.1490846
94 141.33032 154.48353 0.59891176 0.17310592 0.26419179 25 0 392.70325 1.7589183 -0.61311415
95 429.93898 155.79208 0.69803362 0.21818956 0.12783693 25 0 59870.467 246.7598 -5.980686
96 299.86711 158.61814 0.62290809 0.33327526 -0.12078775 25 0 268.9983 1.13815 -0.14049875
97 469.06329 159.28637 0.65026633 0.37949926 0.17795031 25 0 679.16279 3.1804496 -1.2562213
98 250.45354 160.00532 0.62339838 -0.072774609 -0.092700545 25 0 513.41666 2.2495747 -0.88025103
99 197.36114 163.63312 0.48711851 0.5439757 0.0020504743 25 0 489.87895 2.3035375 -0.90598823
100 77.193803 167.47736 0.70001885 0.53188136 0.22296811 25 0 409.14448 1.6906363 -0.57012546
101 269.95514 168.53792 0.67280507 0.26930161 0.28556721 25 0 1844.0475 7.4812127 -2.18493
102 390.35214 168.08131 0.57734706 -0.28647272 -0.12752377 25 0 541.08441 2.6256661 -1.0480988
103 208.05437 169.32816 0.69022646 0.16059993 0.33640417 25 0 1098.8687 4.475537 -1.6271129
104 457.51724 170.43284 0.67690878 0.13982936 0.0070262018 25 0 323.15213 1.3312075 -0.3106144
105 45.467598 171.04749 0.49851843 -0.82116011 -0.30729608 25 0 243.98536 1.4369453 -0.39360056
106 196.46079 171.92998 0.58546986 -0.0043512037 -0.16400123 25 0 1468.356 6.5167795 -2.0350826
107 65.728271 173.11774 0.59373564 -0.33123035 -0.084354872 25 0 215.3278 1.0006721 -0.00072944435
108 0.11362425 176.37343 0.94386829 0.5261767 0.46937664 25 0 624.73482 2.1541309 -0.83318024
109 465.1352 176.77387 0.72652304 -0.013583899 0.13495607 25 0 3348.2732 13.40551 -2.8182083
110 60.566051 177.83221 0.78731941 0.28572875 0.059421137 25 0 866.34771 3.182921 -1.2570647
111 158.86547 177.9817 0.75608416 0.38131271 0.15660855 25 0 2241.8134 8.6100133 -2.3375096
112 455.02288 179.0972 0.70484217 0.068557379 0.19380017 25 0 759.11706 3.2268987 -1.2719633
113 34.207581 180.10887 0.66609007 -0.38715357 0.08169821 25 0 270.89873 1.2494448 -0.24179269
114 270.68433 180.58416 0.67997699 0.27867294 0.082902354 25 0 1164.0083 4.7720455 -1.6967614
115 465.51853 181.85136 0.66589733 -0.090956397 -0.096858375 25 0 968.62613 4.0006839 -1.5053356
116 233.1263 183.33082 0.71528238 0.28934694 0.19691644 25 0 898.00561 3.5347682 -1.3709024
117 115.49663 184.57915 0.55016626 0.66442758 0.11025561 25 0 31478.242 142.23854 -5.3825432
118 165.24194 185.77623 0.67942147 -0.03107295 0.23054346 25 0 466.46572 1.9023873 -0.69824733
119 296.63009 189.37626 0.75620375 -0.39152707 -0.16376822 25 0 379.17141 1.4268134 -0.38591795
120 417.87854 189.0414 0.64510275 -0.66925043 -0.33466898 25 0 205.7862 1.0753289 -0.078853343
121 464.62699 189.73836 0.76734197 0.01249709 0.040094039 25 0 408.12006 1.5467015 -0.47351628
122 498.95078 193.6296 0.76547801 0.3966131 0.2686737 25 0 760.161 2.93586 -1.1693384
123 212.05323 196.37665 0.75685402 0.31407378 0.35087355 25 0 731.68311 2.8152622 -1.1237971
124 392.96677 195.63808 0.5958559 -0.38841017 -0.14682086 25 0 307.04707 1.4332763 -0.3908248
125 425.94631 195.63377 0.76491359 0.46170082 0.35036372 25 0 369.51433 1.4192974 -0.38018351
126 242.41677 197.69888 0.44547065 -0.28549446 -0.13255095 25 0 259.21714 1.3629522 -0.33620152
127 510.34048 196.93204 0.71644085 -0.98552682 -0.040891694 25 0 262.95908 1.1019495 -0.10540427
128 449.92843 198.11912 0.79772484 -0.083172171 0.041749725 25 0 492.52674 1.8963959 -0.69482252
129 110.57364 198.54725 0.57526603 -0.18883558 -0.061839124 25 0 450.296 1.9170601 -0.70658931
130 459.71112 202.44222 0.51425531 0.26987409 0.031227263 25 0 273.88158 1.2885715 -0.27527133
131 167.9961 204.19014 0.67962966 -0.52597812 -0.29106535 25 0 246.37285 1.0862583 -0.089832762
132 8.726384 206.49469 0.63135799 0.4786692 0.18780866 25 0 1929.6794 8.3064163 -2.2985342
133 56.263045 207.58568 0.77195301 0.53666798 0.15211177 25 0 425.38047 1.612418 -0.5186941
134 58.416051 209.26001 0.76706036 0.099394121 0.042404627 25 0 491.83903 1.8948574 -0.69394131
135 469.70025 209.56758 0.65459649 0.49120152 0.24720073 25 0 1066.863 4.4303413 -1.616093
136 31.839724 211.07038 0.77795265 0.039935708 0.060711807 25 0 2351.2065 9.1274595 -2.4008748
137 370.21 211.98504 0.69337601 0.29639657 0.086373798 25 0 1783.7022 7.403155 -2.1735421
138 475.53961 212.9852 0.85851103 -0.18919096 -0.46002548 25 0 1808.6652 7.0348073 -2.1181305
139 300.53838 214.09878 0.6816614 0.29954771 0.045574178 25 0 756.53903 3.0558981 -1.2128472
140 194.64238 215.54329 0.62262146 0.36082213 0.072488758 25 0 902.3703 3.7990892 -1.4491987
141 264.7238 219.01331 0.78486272 0.53359034 0.25400437 25 0 288.61861 1.0383432 -0.040852273
142 484.40894 218.8109 0.74905813 -0.056715647 0.072331972 25 0 279.09264 1.0991458 -0.10263823
143 283.88503 220.92365 0.71094741 0.16715393 0.096617014 25 0 3534.8238 14.510205 -2.9041839
144 29.50178 223.26151 0.61932879 -0.11571976 -0.34160122 25 0 320.43251 1.5334036 -0.46414117
145 396.06692 222.83732 0.70041429 0.19893256 0.1228817 25 0 5169.4757 21.304214 -3.3211638
146 466.28301 223.53968 0.60874677 0.55369347 0.19697904 25 0 13036.628 56.436648 -4.378903
147 371.03636 225.22075 0.74831485 0.07578223 0.17206658 25 0 1313.807 5.0792332 -1.7644954
148 196.29973 228.83051 0.32943527 0.55603556 0.10396354 25 0 140.3075 1.11565 -0.11881991
149 224.49239 231.57188 0.71389278 -0.19253989 0.039973118 25 0 712.75694 2.6871526 -1.0732308
150 284.35038 232.55773 0.51468654 0.51437497 -0.024604505 25 0 596.46922 2.798725 -1.1174006
151 475.41089 234.98115 0.5891123 -0.058323442 -0.14701195 25 0 1820.8951 8.1501109 -2.2779088
152 74.751087 235.98171 0.75478324 0.10406802 0.2006464 25 0 499.75255 2.0068814 -0.75630426
153 61.147096 238.71875 0.50188197 0.15684988 0.15063589 25 0 219.44652 1.1498481 -0.1516012
154 472.36953 248.45431 0.5986635 0.55730351 0.1233905 25 0 6805.2326 29.681195 -3.6812035
155 248.07676 249.22788 0.68959898 0.20354906 0.12922275 25 0 5822.6712 24.3701 -3.4671433
156 20.514391 250.17123 0.63615666 0.31440669 0.033402503 25 0 962.01475 4.1465263 -1.5442111
157 310.18308 251.19301 0.55483468 0.38028971 0.46042871 25 0 349.53011 1.6919655 -0.57097877
158 375.72452 257.93976 0.68446182 -0.010929509 0.093182218 25 0 431.14768 1.8691174 -0.67909146
159 148.90856 259.64828 0.67041941 0.68186926 0.64620649 25 0 381.67597 1.5985943 -0.50934567
160 30.434469 270.29995 0.67563979 -0.20610905 -0.14365756 25 0 288.30246 1.2009928 -0.19885102
161 77.358474 270.0983 0.67272993 0.051393685 -0.020010015 25 0 1576.4665 6.6840182 -2.0625941
162 133.81742 271.64378 0.70730657 0.40073996 -0.035274319 25 0 362.06535 1.4978794 -0.43869214
163 259.3608 277.9143 0.4218641 -0.20211291 -0.40086418 25 0 253.66543 1.5671237 -0.48775819
164 91.608738 279.14833 0.71456761 -0.19419265 -0.04066239 25 0 857.03848 3.3252114 -1.3045482
165 391.90812 281.36431 0.70231134 0.057783483 0.17334693 25 0 6223.2871 25.35864 -3.5103149
166 3.5184371 282.67253 0.50253148 0.96595385 0.20928323 25 0 300.72634 1.5148666 -0.45093596
167 204.62655 282.85845 0.65335223 0.11165289 0.023239358 25 0 955.2858 4.1939882 -1.556568
168 83.230415 284.22889 0.67053263 0.24644559 0.080632244 25 0 1409.2254 5.9522962 -1.9367113
169 111.43715 284.01942 0.70337112 0.088294454 -0.075819799 25 0 1214.7335 4.9166366 -1.7291703
170 366.30687 286.22879 0.69667405 0.61150494 -0.022888608 25 0 432.44204 1.6837748 -0.56571004
171 497.66508 286.15652 0.69848293 0.19872659 0.041205359 25 0 825.93621 3.3332879 -1.3071821
172 35.84734 289.12505 0.62331776 0.0057485803 0.07273076 25 0 554.98021 2.6800826 -1.0703704
173 50.803748 289.02677 0.51500792 0.39468296 -0.014877796 25 0 245.59715 1.2785918 -0.26682982
174 76.843321 291.57233 0.87808656 -0.62768339 0.0034993799 25 0 284.4015 1.0440765 -0.046830826
175 180.38197 293.73356 0.52064269 0.45337738 0.043795172 25 0 400.43997 2.0953427 -0.80313765
176 442.88937 299.32541 0.64429813 -0.24669018 0.065936136 25 0 413.15949 1.69541 -0.57318687
177 94.886948 299.73167 0.69350399 0.27233129 0.1435108 25 0 1375.5172 5.7058042 -1.8907922
178 145.78934 301.82258 0.68958543 -0.11905795 0.080118529 25 0 294.70681 1.2070612 -0.2043232
179 238.4521 305.20292 0.65209881 0.34117807 0.034396918 25 0 794.01212 3.2271701 -1.2720546
180 470.43767 304.96248 0.70429673 -0.38069864 -0.11580012 25 0 1152.0591 4.7476273 -1.6911916
181 157.63173 310.02976 0.69335349 -0.0491692 -0.031803958 25 0 3702.3525 15.108411 -2.9480469
182 18.011148 311.86526 0.76624654 0.013598208 0.025351337 25 0 1131.4605 4.3318021 -1.5916715
183 33.670404 311.73508 0.65686908 0.2549626 0.076574472 25 0 2311.0917 10.063109 -2.5068304
184 244.84609 313.00278 0.61217466 0.071472365 -0.14241031 25 0 236.60577 1.1558702 -0.15727268
185 79.58463 313.84436 0.55510048 -0.33897339 -0.038213464 25 0 354.01632 1.8103099 -0.64438232
186 207.10808 319.66646 0.64132559 0.33770048 0.11416456 25 0 408.63685 1.8401372 -0.66212554
187 2.6716342 321.8129 0.74088103 0.15691257 -0.078687782 25 0 907.51615 3.5679488 -1.3810465
188 349.80465 321.57739 0.63698507 0.34896371 0.10999545 25 0 674.25223 3.040471 -1.2073522
189 282.71286 324.50216 0.78565759 0.038961608 0.25182438 25 0 318.60336 1.2236137 -0.21911085
190 40.24822 328.97807 0.71549188 0.036746086 -0.0036413618 25 0 5514.9444 22.304899 -3.3710006
191 307.31265 328.89338 0.66521779 0.047498116 0.028110592 25 0 546.05268 2.3423383 -0.92412404
192 400.1867 329.18174 0.68692801 0.20912769 -0.075091759 25 0 575.33873 2.4021845 -0.9515159
193 50.53773 329.98364 0.6543284 -0.13951704 -0.13902892 25 0 12070.044 50.644583 -4.2613325
194 96.718805 331.15004 0.79994886 -0.27415252 0.18621943 25 0 1054.1211 3.721661 -1.426842
195 283.54885 330.39041 0.56375012 0.77862493 0.063672425 25 0 719.12217 3.1532358 -1.2468911
196 508.64335 336.83378 0.5507971 0.7411539 0.56226429 25 0 807.42613 3.2577729 -1.282302
197 279.74553 340.2042 0.4803026 -0.21545362 -0.013066568 25 0 306.45883 1.668368 -0.5557296
198 380.54417 342.67957 0.5382712 -0.3365667 -0.10340826 25 0 642.57688 2.937624 -1.1699905
199 495.52331 345.25749 0.67138268 -0.26384528 -0.095148376 25 0 213.59962 1.1285431 -0.13129538
200 259.71043 346.55884 0.61899422 0.48720208 0.13408597 25 0 4949.8851 21.3894 -3.3254965
201 401.78825 347.82857 0.67128639 0.21793537 0.030797638 25 0 1176.7163 4.9525903 -1.737081
202 32.082552 349.41346 0.6196531 0.35208914 0.20521852 25 0 465.5359 1.946085 -0.72290449
203 41.766961 349.00823 0.71972841 -0.40542703 0.10957739 25 0 934.55249 3.8052061 -1.4509455
204 318.54193 350.53151 0.60135545 -0.32524459 0.082594967 25 0 20878.879 87.536009 -4.8554669
205 14.467531 350.92748 0.64707699 0.011419166 -0.16884233 25 0 796.49854 3.3849809 -1.3238906
206 177.32064 352.4678 0.40936477 0.3081433 0.24066581 25 0 197.9095 1.2734763 -0.26247718
207 463.32809 352.87054 0.52531288 0.45520266 0.67506643 25 0 199.67126 1.1117478 -0.11501574
208 42.026722 352.86987 0.77140515 0.027438377 0.17707954 25 0 1673.1492 6.4517033 -2.024186
209 373.98456 354.79602 0.61870881 -0.45726037 0.052366382 25 0 226.95347 1.2228398 -0.21842388
210 42.942982 356.24592 0.76114006 0.30622537 0.68634978 25 0 600.04099 2.0856272 -0.79809172
211 48.26731 357.73236 0.58075688 -0.20625705 -0.14142834 25 0 289.92456 1.4234869 -0.38338368
212 434.5284 357.40716 0.60560238 -0.48234243 0.12390686 25 0 1633.8936 7.0232365 -2.1163432
213 499.80163 358.05252 0.71562509 0.17598706 0.054986193 25 0 398.02535 1.5956827 -0.50736632
214 245.96664 359.52607 0.68782777 0.3267859 0.20262602 25 0 1598.2082 6.33864 -2.0049902
215 298.00085 360.79656 0.71088889 0.16313102 0.14122908 25 0 3129.5991 12.842118 -2.7715916
216 115.60704 362.51009 0.63030539 -0.30357338 0.12163287 25 0 4412.5121 18.554077 -3.1710984
217 447.69655 361.87706 0.72140383 0.26000918 0.099668229 25 0 1338.2819 5.4982445 -1.8505601
218 158.78394 363.21584 0.76423031 0.13675526 0.11353003 25 0 601.75062 2.2979669 -0.90335941
219 8.4603476 363.74634 0.53411557 0.36335973 -0.048640376 25 0 189.48615 1.0930716 -0.09662154
220 42.813766 365.34352 0.61308647 0.5337563 0.15957089 25 0 455.06475 2.1379089 -0.824973
221 23.131499 369.21399 0.7153123 0.026248087 0.11051609 25 0 795.87867 3.2921282 -1.2936919
222 496.02693 371.48192 0.72251109 0.52810244 0.26640477 25 0 273.35934 1.155203 -0.15664575
223 385.90425 375.0671 0.73890047 0.022003435 0.074299986 25 0 4245.1206 17.015264 -3.0770967
224 94.831205 376.51186 0.68930289 0.34559212 0.221079 25 0 3745.801 15.237079 -2.9572543
225 140.46792 378.10675 0.61995156 -0.20806424 -0.17234519 25 0 564.37099 2.4855681 -0.98856415
226 247.16898 379.58995 0.5134868 0.36084736 0.23260861 25 0 508.01333 2.5562786 -1.0190204
227 504.06231 380.2979 0.68751025 -0.68976006 0.18364023 25 0 699.28215 2.9331835 -1.1683481
228 120.24217 381.35267 0.59089197 0.52214464 0.26425745 25 0 381.24661 1.7475247 -0.60605829
229 164.48394 382.45877 0.61771621 -0.32875657 0.014580901 25 0 1210.859 5.1933547 -1.78862
230 25.089386 382.5253 0.70395658 -0.0018135329 0.22667957 25 0 946.47353 3.7937607 -1.4476748
231 475.46428 384.3231 0.6054322 0.30225141 -0.0028197105 25 0 2294.8143 10.185816 -2.5199896
232 504.82004 383.84766 0.74448873 0.072980443 0.064562949 25 0 2561.2602 10.407418 -2.5433575
233 80.259384 387.46261 0.66024729 0.32002635 0.073713681 25 0 503.65345 2.0627956 -0.78614048
234 408.33834 390.39556 0.46656186 0.017304985 -0.16759781 25 0 184.71654 1.1337931 -0.13633452
235 266.53094 392.32941 0.64000177 -0.30311446 -0.035840297 25 0 7048.3516 29.322043 -3.6679856
236 397.05621 394.24615 0.74443061 0.10004067 0.15974386 25 0 916.56099 3.5587285 -1.3782371
237 193.28234 394.80623 0.82820779 0.24339474 0.19384066 25 0 320.83279 1.1923015 -0.19096526
238 432.58188 399.24567 0.51942035 0.40274709 -0.20161758 25 0 509.45391 2.5656709 -1.0230024
239 295.6529 399.69177 0.73603113 0.3724582 0.033392534 25 0 750.9865 2.9703262 -1.1820103
240 42.321092 401.7426 0.53389749 -0.020530176 -0.063169619 25 0 241.9065 1.2785134 -0.26676322
241 293.01145 403.5177 0.6307525 0.25581034 0.24799719 25 0 1894.2416 8.0889497 -2.2697303
242 311.24681 403.06013 0.8165954 0.19905424 0.087857994 25 0 452.32411 1.718461 -0.58784919
243 23.457532 403.66233 0.64762717 -0.41247178 0.047734974 25 0 857.76334 3.49739 -1.3593601
244 124.99624 408.94567 0.76131819 0.14057514 0.091615664 25 0 1046.7988 4.0943828 -1.5304711
245 149.1002 410.43377 0.65271906 0.25049959 0.19747633 25 0 2321.1735 9.9919108 -2.4991214
246 1.8555033 413.88549 0.72381794 0.19704174 0.089899731 25 0 1409.1026 5.7445771 -1.8981451
247 324.90662 420.28143 0.65324014 0.57089562 0.12346997 25 0 436.79052 1.955725 -0.72826947
248 205.77032 421.78098 0.60484272 -0.02428574 -0.10311795 25 0 388.42909 1.8459743 -0.66556411
249 234.83095 427.54008 0.55572423 0.54131899 0.22822609 25 0 340.175 1.5267516 -0.45942095
250 199.94835 428.44416 0.6737399 0.21357331 0.18948034 25 0 2310.5848 9.6128901 -2.4571349
251 173.47437 429.3737 0.62756328 0.59171958 0.065841857 25 0 954.74734 4.1930691 -1.55633
252 422.15524 429.38913 0.75280006 -0.097822215 0.25482205 25 0 417.34157 1.6115915 -0.51813741
253 214.75099 429.78906 0.78859029 0.067423953 0.28525781 25 0 316.69936 1.226755 -0.22189456
254 202.03523 430.94645 0.69803061 -0.094961241 -0.48292764 25 0 366.12889 1.3690279 -0.34103076
255 273.1075 431.61102 0.65817635 0.17636946 0.18260762 25 0 1150.0073 4.7857415 -1.6998731
256 385.69976 433.52755 0.65571466 -0.21779456 0.1465154 25 0 3146.5487 13.0349 -2.7877693
257 286.1658 436.08127 0.75256134 -0.26087539 0.12446816 25 0 1389.3208 5.3099771 -1.8127316
258 55.190564 436.5948 0.45972986 -0.20149234 -0.34071992 25 0 231.95042 1.4063461 -0.37023055
259 132.32654 438.13581 0.68053676 0.1536021 -0.01587629 25 0 15125.327 63.268508 -4.502969
260 504.18135 444.75334 0.72472174 0.49106327 -0.010934372 25 0 472.11812 1.9529022 -0.72670123
261 253.09903 445.47739 0.64369977 0.1351467 0.19118101 25 0 346.21433 1.6860884 -0.56720083
262 294.29408 449.10552 0.78751374 0.27906816 0.37796059 25 0 260.92159 1.0679454 -0.07137264
263 420.74453 450.2267 0.69795498 0.064568017 0.079608262 25 0 326.40383 1.2198003 -0.21572186
264 352.3161 451.55661 0.72936771 -0.35532492 0.19164364 25 0 719.57914 2.8375529 -1.1323599
265 476.36699 452.38528 0.5466973 -0.33265522 0.22855718 25 0 339.93917 1.5789236 -0.49590281
266 371.54387 453.92897 0.64475514 0.040644936 0.027589487 25 0 251.81641 1.1657436 -0.16650762
267 403.33138 456.41243 0.63936183 -0.3623481 0.16450578 25 0 1219.6898 5.2021103 -1.7904489
268 97.40774 457.77504 0.69379526 -0.19552007 -0.040740169 25 0 5935.1275 24.044721 -3.4525494
269 190.46443 458.81214 0.64653617 -0.12717912 -0.044949562 25 0 1160.7437 4.9678217 -1.740415
270 367.16797 459.35629 0.555115 0.040772305 -0.11865841 25 0 327.52955 1.6058949 -0.51429281
271 468.78901 459.98669 0.42410356 0.073050506 0.082418023 25 0 60492.508 325.21304 -6.2804199
272 332.30887 461.17126 0.74891282 -0.24972319 -0.26492625 25 0 382.35276 1.4304433 -0.38867659
273 6.3058123 462.31871 0.66717837 0.44708581 0.10914479 25 0 1136.9777 4.9174018 -1.7293392
274 446.05409 462.48368 0.63678738 0.056293968 0.048090942 25 0 351.86919 1.6983766 -0.57508501
275 86.353618 462.97932 0.64113711 -0.1780484 -0.16805361 25 0 271.18889 1.1707736 -0.17118233
276 286.20847 466.33816 0.64486973 -0.42441702 0.20305441 25 0 270.987 1.1851895 -0.18446945
277 252.09976 466.86169 0.75557148 0.016939499 0.050244588 25 0 6361.5909 25.283769 -3.5071045
278 470.08808 467.77979 0.73291984 -0.19652287 -0.045656552 25 0 618.8863 2.3050546 -0.90670302
279 383.76279 468.48806 0.5673357 -0.20521223 0.053887364 25 0 577.08034 2.7043892 -1.080173
280 86.284709 469.99226 0.61798436 -0.36943294 -0.46439869 25 0 267.35685 1.2466696 -0.23937842
281 302.15531 470.09899 0.75140794 0.0071201932 0.047449148 25 0 3953.4535 15.634829 -2.9852329
282 155.38863 470.50791 0.61939299 0.029794798 0.18096739 25 0 432.68328 1.8092089 -0.6437218
283 379.41538 475.1593 0.46854732 0.15359129 -0.028542234 25 0 410.5778 2.1831076 -0.84768785
284 180.21138 476.17488 0.65105429 0.31408521 0.042677713 25 0 958.39608 4.1838428 -1.5539384
285 257.92266 480.43436 0.66915174 -0.27975815 0.11224808 25 0 270.59696 1.2176868 -0.21383896
286 105.16905 481.71006 0.81747567 -0.027320135 0.063050697 25 0 1318.3609 4.7430897 -1.6901534
287 281.18709 491.3458 0.6331638 -0.02126582 0.064429131 25 0 441.36888 1.890625 -0.69151347
288 433.99922 490.89308 0.52102499 -0.062295854 0.075395195 25 0 280.39605 1.34414 -0.32111125
289 191.19936 495.25595 0.60316867 0.34496448 -0.042447293 25 0 338.39629 1.4540552 -0.40645221
290 157.25842 498.32956 0.61897815 -0.38664951 -0.12751905 25 0 580.32249 2.5194441 -1.0032618
291 202.63077 498.33648 0.63421484 -0.39111745 -0.10596798 25 0 454.06271 1.9339032 -0.71608681
292 321.18896 500.5447 0.90734798 -0.24911458 -0.20727602 25 0 390.48327 1.3140217 -0.29650634
293 158.13129 502.00173 0.72603149 -0.16967547 0.0070092129 25 0 809.44374 3.1044749 -1.2299704
294 204.44946 505.62343 0.50538787 0.5472966 -0.036862768 25 0 688.22478 3.2853723 -1.2914615
295 78.841707 508.83762 0.74837615 -0.24548095 0.040481472 25 0 654.08813 2.50742 -0.99806771
296 277.13366 508.86856 0.73297933 0.11776303 0.049867257 25 0 1378.7526 5.460012 -1.842984
297 287.95733 508.70894 0.6754079 0.043056332 0.12877745 25 0 568.78295 2.2753472 -0.8926192
298 32.024174 509.42189 0.67653668 0.34072677 0.28946071 25 0 687.73808 2.8242506 -1.1272581
299 201.9951 509.59877 0.68338667 0.3108091 0.16708068 25 0 990.25733 4.0573165 -1.5205972
300 425.6905 509.86607 0.5516675 -0.056649193 -0.069964184 25 0 277.22747 1.3819008 -0.35119214
