id xcentroid ycentroid sharpness roundness1 roundness2 npix sky peak flux mag
1 260.0942 14.810266 0.85837367 -0.33436665 -0.25389924 25 0 568 1.0978334 -0.10134108
2 297.71415 23.570712 0.61401275 -0.30319225 0.22563339 25 0 476 1.1789071 -0.17869899
3 371.04946 26.546654 0.75709147 -0.01928317 0.094744427 25 0 452 1.0455173 -0.048328057
4 429.96258 26.729521 0.6784028 -0.28288815 -0.13001209 25 0 19036 36.578792 -3.9080734
5 149.8327 52.382507 0.66768254 -0.61086188 -0.23245786 25 0 798 1.5052684 -0.44403485
6 169.19145 53.234382 0.65640489 -0.34166162 -0.2972536 25 0 1751 3.4512434 -1.344939
7 287.47114 55.50142 0.46465675 -0.70180508 -0.17237431 25 0 57910 124.03337 -5.2338463
8 74.589954 57.197859 0.65641422 -0.60859338 -0.32238558 25 0 3453 6.7068123 -2.0662904
9 363.0545 59.34396 0.7724288 0.0017865232 -0.024712862 25 0 828 1.6453801 -0.54066561
10 506.29938 65.15493 0.7293166 -0.23018726 -0.23651109 25 0 1128 2.411114 -0.95554436
11 257.06156 66.036965 0.68065862 -0.49643862 -0.20685791 25 0 1158 2.2729725 -0.89148544
12 433.16022 65.382608 0.5167898 -0.26490877 0.017966799 25 0 328 1.0237855 -0.025522439
13 405.57127 73.022796 0.62635174 -0.60492859 -0.33446428 25 0 982 2.1978267 -0.85498361
14 464.36162 75.360034 0.60499451 0.079850221 -0.11887712 25 0 2123 4.6671937 -1.6726396
15 395.33883 79.871484 0.69734887 -0.51081634 -0.26868605 25 0 1129 2.3850565 -0.94374667
16 18.964349 83.134292 0.63684971 -0.32661005 -0.28182259 25 0 1075 2.2557747 -0.8832393
17 431.00857 88.525736 0.58068087 -0.098634616 0.021630267 25 0 527 1.3897046 -0.3573062
18 313.30848 92.488351 0.60232344 -0.013570466 -0.03331986 25 0 2263 4.7424205 -1.6900002
19 453.54722 99.435382 0.62347168 -0.73890578 -0.16078628 25 0 13473 26.40757 -3.5543211
20 246.6147 106.39347 0.56936922 -0.83955762 -0.26203977 25 0 801 1.6322559 -0.53197064
21 250.51705 108.03233 0.65382315 -0.81114592 -0.32133945 25 0 1136 2.179086 -0.84568592
22 148.96071 108.97168 0.6685675 -0.63398679 -0.3122109 25 0 1356 2.5238289 -1.0051498
23 16.78484 112.95542 0.66390201 -0.5123299 -0.28530081 25 0 2518 4.9585896 -1.7383954
24 471.62732 115.98667 0.68237106 -0.26366092 -0.20553798 25 0 1427 2.9712642 -1.1823532
25 451.88775 119.44967 0.62279755 -0.31290454 -0.002916402 25 0 1315 2.9035172 -1.157311
26 181.98034 126.2942 0.66795593 -0.30268656 -0.10453186 25 0 13936 27.013404 -3.5789483
27 199.45634 126.44967 0.47563016 -0.77568593 -0.11507243 25 0 648 1.3357578 -0.31431929
28 209.45591 127.79618 0.5857803 -0.21603057 -0.32068365 25 0 1381 2.8081138 -1.1210368
29 265.8987 127.69146 0.69598744 -0.40720587 -0.29112576 25 0 969 1.7924453 -0.63361479
30 113.42659 132.94594 0.72245667 -0.52721379 -0.33785625 25 0 1720 3.059608 -1.2141645
31 480.34872 134.86899 0.66582465 -0.68272038 -0.30583201 25 0 1189 2.6050022 -1.0395202
32 137.35322 138.30123 0.59010153 -0.78641828 -0.27710028 25 0 1165 2.2011944 -0.85664602
33 356.93873 150.25857 0.68125702 -0.35261887 -0.15189699 25 0 9205 17.498295 -3.1074893
34 259.88107 155.62413 0.59884847 -0.18786323 -0.10462588 25 0 1987 3.8628332 -1.4672649
35 444.88199 162.42123 0.654942 -0.25809712 0.013231165 25 0 5614 11.170296 -2.6201617
36 346.85441 171.76169 0.65941062 -0.22914697 -0.15048138 25 0 38319 74.282117 -4.6772107
37 114.57178 178.74405 0.62554387 -0.40551354 -0.26834629 25 0 1036 1.9591398 -0.73016358
38 187.13212 183.80568 0.69799783 -0.46389531 -0.18028469 25 0 1519 2.6459394 -1.0564497
39 438.89258 183.73781 0.66354727 -0.18994571 -0.064011634 25 0 5116 10.171049 -2.5184143
40 113.69594 187.11323 0.67702823 -0.56089704 -0.36551839 25 0 1365 2.5059991 -0.99745229
41 76.301251 193.02888 0.69471866 -0.43325407 -0.22660303 25 0 1497 2.6549342 -1.0601344
42 381.94388 192.86111 0.66859888 -0.32424873 -0.23114132 25 0 2079 4.0655746 -1.5228048
43 371.79173 195.03664 0.7335518 -0.16700005 -0.24355383 25 0 507 1.0146314 -0.015770787
44 443.47093 194.91537 0.65260799 -0.25216345 -0.34772873 25 0 439 1.0673924 -0.070810257
45 187.86256 195.95377 0.65251923 -0.37896786 -0.36026412 25 0 959 1.673526 -0.55908117
46 382.41273 197.91354 0.64890922 -0.73655545 -0.37945654 25 0 631 1.2873796 -0.27426653
47 32.901203 199.50339 0.62842023 -0.36526958 0.0068391917 25 0 28272 56.470017 -4.3795448
48 469.48191 213.66089 0.62691497 0.04128615 -0.21918903 25 0 985 2.1990411 -0.85558337
49 463.62185 219.74104 0.6775858 -0.76781292 -0.28979134 25 0 2079 4.0546455 -1.5198822
50 386.54192 225.79052 0.64911802 -0.52102672 -0.51626433 25 0 706 1.3457039 -0.32237377
51 287.2589 227.63248 0.6381793 -0.53081355 -0.19243316 25 0 1086 1.921693 -0.70921005
52 111.87015 230.91705 0.68713465 -0.4196711 -0.22260161 25 0 897 1.5869336 -0.50139692
53 440.02379 234.58272 0.63032846 -0.34397979 -0.079052739 25 0 3086 6.1445416 -1.9712237
54 200.92491 236.24716 0.66663715 -0.36123314 -0.14454251 25 0 2445 4.6469157 -1.667912
55 313.09032 238.53929 0.60184662 -0.29692641 -0.043880955 25 0 3038 6.0609091 -1.9563444
56 382.97405 239.50132 0.58861317 -0.24774045 -0.052941135 25 0 8852 17.874856 -3.1306064
57 288.0826 240.83578 0.67728201 -0.30091541 -0.31352339 25 0 924 1.714388 -0.58527278
58 141.43333 246.95435 0.5986424 -0.59943636 -0.61060839 25 0 600 1.0166715 -0.017951672
59 200.87448 247.46932 0.66418157 0.72878975 -0.17022702 25 0 695 1.1100691 -0.11337499
60 392.24908 251.05007 0.71559695 -0.39805187 -0.23631006 25 0 1537 2.8764096 -1.1471268
61 389.02025 264.59971 0.58469338 -0.19677958 0.036903396 25 0 4485 9.0413067 -2.390578
62 165.03258 264.51584 0.59526241 -0.38743806 -0.097937464 25 0 3418 6.6533251 -2.0575969
63 489.68284 266.07463 0.67558669 -0.27499857 -0.15988353 25 0 1151 2.4857699 -0.98865233
64 8.8470797 294.16404 0.71272134 -0.22733206 -0.21439379 25 0 596 1.0358705 -0.038263683
65 308.894 296.94411 0.71839831 -0.31258522 -0.15070764 25 0 5197 9.746507 -2.4721225
66 121.63393 298.0245 0.69566156 -0.61570773 -0.41083531 25 0 767 1.2499213 -0.24220665
67 0.60790958 299.12339 0.58501606 -0.25653604 0.021204951 25 0 874 1.8124388 -0.6456584
68 28.608214 298.97941 0.67415722 -0.092989264 -0.33760647 25 0 896 1.6623884 -0.55183125
69 414.14394 302.213 0.59782956 -0.086218243 -0.12989029 25 0 541 1.2762698 -0.26485621
70 12.120598 314.60826 0.63343706 -0.37193643 -0.078441325 25 0 943 1.8605574 -0.67410768
71 155.52425 320.53799 0.56175323 -0.78842652 -0.22376375 25 0 603 1.0564882 -0.059661643
72 386.84353 320.96678 0.6904685 -0.31778214 -0.2262681 25 0 831 1.6235306 -0.5261512
73 74.788322 325.10185 0.65132048 -0.61793839 -0.35667232 25 0 2612 5.0124977 -1.7501355
74 503.62025 335.48385 0.55994771 -0.8716295 -0.31275872 25 0 857 2.0165034 -0.76149741
75 14.000838 345.98748 0.75138335 -0.28398109 -0.025801785 25 0 914 1.6521246 -0.54510701
76 200.58249 346.02156 0.8221647 -0.46740796 -0.37792815 25 0 835 1.2130539 -0.20970024
77 425.03031 352.75811 0.72467568 0.089009509 0.35530165 25 0 664 1.1238138 -0.12673595
78 176.54049 361.90777 0.62065093 -0.44312616 -0.41467894 25 0 3597 6.8641097 -2.0914605
79 318.5768 363.60735 0.6426869 -0.81234714 -0.095345798 25 0 699 1.2660699 -0.25614422
80 235.18637 366.17499 0.64990308 -0.48403634 -0.31389286 25 0 16905 32.211078 -3.7700131
81 351.58664 373.19818 0.59547146 -0.31916745 -0.37903667 25 0 1289 2.7211645 -1.086887
82 162.87258 374.91409 0.73493358 -0.48729957 -0.24867426 25 0 1302 2.1913851 -0.85179674
83 214.84019 376.20389 0.64007558 -0.7138067 -0.36819363 25 0 2055 3.865465 -1.4680044
84 32.757992 377.26774 0.69949511 -0.46127728 -0.13473855 25 0 3933 7.4602642 -2.1818855
85 435.95515 379.93698 0.72450414 -0.25982713 -0.11176577 25 0 7831 14.794177 -2.925227
86 11.936867 391.51305 0.58910651 -0.36500675 -0.092014807 25 0 2218 4.5632668 -1.6481896
87 302.52358 390.64872 0.58561984 -0.15060461 -0.31757181 25 0 2074 4.0266594 -1.5123622
88 81.648866 397.55416 0.63236641 -0.85440289 -0.24116959 25 0 864 1.5895598 -0.50319216
89 391.99553 400.1317 0.69442045 -0.49105815 -0.13574457 25 0 2065 4.0478606 -1.5180639
90 421.13164 399.94869 0.747512 -0.38291015 -0.15636004 25 0 1756 3.3408476 -1.3096417
91 183.28891 407.71749 0.68020181 -0.71968973 -0.28757157 25 0 5548 10.221389 -2.5237748
92 313.74606 409.9262 0.69893461 0.24697759 -0.15072474 25 0 625 1.169902 -0.17037372
93 209.76484 418.92704 0.69597364 -0.40324135 -0.25020244 25 0 1589 2.8147038 -1.1235818
94 496.93186 421.64253 0.59438519 -0.328327 0.10959406 25 0 1490 3.2090437 -1.2659391
95 42.17536 424.00986 0.80522688 -0.24117752 -0.21685628 25 0 842 1.4567034 -0.40842782
96 66.245579 425.45271 0.54666582 -0.058302151 -0.069266613 25 0 1485 3.2331672 -1.2740704
97 90.429762 444.48749 0.59145383 0.089215986 -0.09415069 25 0 710 1.40423 -0.3685956
98 116.66367 443.55836 0.562511 -0.20170373 -0.16401087 25 0 1281 2.4756963 -0.98424342
99 189.86195 447.02148 0.67029158 -0.36359175 -0.26591005 25 0 943 1.7373803 -0.59973723
100 448.79632 447.32575 0.32637995 -0.56877 -0.16072854 25 0 57615 139.07087 -5.3580904
101 302.26421 449.22023 0.68114027 -0.16583879 -0.17059985 25 0 2500 4.7735568 -1.6971052
102 202.81839 451.61043 0.58843563 -0.38445829 -0.075389375 25 0 875 1.76332 -0.61582782
103 49.314611 453.19405 0.68467627 -0.24064293 -0.23347435 25 0 10634 20.277062 -3.2675126
104 434.82074 463.85106 0.67450342 -0.28120576 -0.10027518 25 0 1675 3.4096615 -1.3317782
105 319.8208 472.42361 0.61961576 -0.59482669 -0.10157496 25 0 967 2.0216728 -0.76427715
106 14.390088 472.67654 0.6208895 -0.65210357 -0.27583766 25 0 3710 7.4838415 -2.1853115
107 107.16948 474.05004 0.77200301 -0.30289058 -0.29660785 25 0 1045 1.7663371 -0.61768399
108 385.44045 475.89038 0.62722255 -0.3883147 -0.3433035 25 0 58652 112.98608 -5.1325623
109 168.7863 482.12364 0.6954763 -0.440381 -0.24217025 25 0 4152 7.8633168 -2.2390144
110 218.71978 485.55377 0.5817674 -0.19299756 -0.17975437 25 0 2046 4.0525873 -1.519331
111 97.035142 491.58729 0.78935328 -0.35133762 -0.071414826 25 0 665 1.0185249 -0.019929178
112 21.965245 496.52233 0.60495065 -0.35614228 -0.26465619 25 0 615 1.3195521 -0.30106639
