id xcentroid ycentroid sharpness roundness1 roundness2 npix sky peak flux mag
1 343.05164 2.504228 0.6615123 0.073874368 0.040312315 25 0 715 1.9285057 -0.71305233
2 474.46993 5.348844 0.46531999 0.57520466 0.15773264 25 0 276 1.1669247 -0.16760707
3 0.93646428 10.433439 0.67076656 -0.090281644 0.2121455 25 0 860 2.495711 -0.99298573
4 9.5375546 10.865238 0.57187825 0.3484293 0.32513204 25 0 302 1.2403893 -0.23389501
5 154.97894 10.047205 0.72431728 -0.16953276 0.067410648 25 0 604 1.5901451 -0.50359189
6 380.49276 11.004283 0.59677867 -0.13865902 -0.03075649 25 0 706 2.1437472 -0.82793393
7 70.09784 12.083972 0.7290793 0.048412841 0.080195306 25 0 16917 42.962508 -4.0827241
8 17.594568 13.709394 0.63079382 0.20952099 -0.016673323 25 0 5043 13.905873 -2.8579956
9 454.0168 14.210329 0.68341198 0.012482546 0.026878501 25 0 755 2.2798313 -0.89475676
10 511.18578 13.650882 0.77706291 0.64747586 0.80890978 25 0 399 1.086578 -0.090152307
11 0.089773457 15.276199 0.87989683 0.23000131 0.40551404 25 0 3450 7.9783544 -2.2547833
12 399.94241 32.41617 0.52422929 0.47821547 0.26384346 25 0 482 1.6287638 -0.52964526
13 159.39069 39.675302 0.70893343 -0.41502755 -0.18587333 25 0 612 1.4573052 -0.40887628
14 232.44258 40.644219 0.6218565 -0.11841524 0.063299978 25 0 1074 2.6715185 -1.0668955
15 251.86552 41.484498 0.65461235 -0.032277902 0.19408863 25 0 2371 6.1070215 -1.9645736
16 392.25345 42.354695 0.5930104 0.48225295 0.0081906312 25 0 453 1.3770103 -0.34734297
17 370.29089 43.398446 0.3708993 0.38271346 0.14390229 25 0 58704 182.27666 -5.6518277
18 112.20253 43.877933 0.69306146 0.090651125 0.13929253 25 0 579 1.5233239 -0.45698064
19 157.15776 45.824574 0.69070399 0.027278979 0.095344723 25 0 5708 14.761411 -2.9228197
20 445.95812 46.731245 0.68974752 0.28712246 0.17145851 25 0 1050 2.8501435 -1.1371668
21 292.68437 52.373515 0.55933305 -0.067875555 0.33275671 25 0 423 1.1832319 -0.18267468
22 339.94997 53.806297 0.61309804 0.18063501 0.14877516 25 0 1688 4.7089188 -1.682303
23 488.98303 60.315403 0.63253293 0.10185385 0.13396919 25 0 1500 4.3799823 -1.6036809
24 43.371674 64.734694 0.75421091 -0.62282523 0.12914309 25 0 437 1.1008464 -0.10431679
25 77.114407 66.915035 0.7374215 -0.25787367 0.0132358 25 0 777 1.9349566 -0.71667808
26 100.34911 66.625998 0.72399272 -0.69173471 0.049702214 25 0 452 1.1176447 -0.12075938
27 478.54394 67.242062 0.63485193 -0.28389706 -0.0082961867 25 0 1434 4.0528261 -1.5193949
28 43.630007 68.786454 0.62713121 -0.20934197 -0.076138407 25 0 458 1.347868 -0.32411844
29 158.10094 68.731984 0.52978288 0.23262348 0.089768739 25 0 375 1.0173994 -0.01872869
30 463.90379 68.917288 0.63144679 0.16709118 0.3791539 25 0 557 1.7767453 -0.62406296
31 101.41984 71.821589 0.63974705 0.1167202 -0.11473462 25 0 1535 4.0536142 -1.519606
32 0.94727219 80.0719 0.65814296 0.17351479 0.18335957 25 0 793 2.2185913 -0.86519327
33 396.35372 79.939902 0.63881073 0.063670973 -0.00066933269 25 0 3477 9.2970967 -2.4208684
34 16.855881 82.917529 0.64605313 0.090244248 0.060857482 25 0 798 2.30072 -0.9046594
35 165.65031 83.525328 0.51256726 -0.52084601 -0.020434452 25 0 445 1.242226 -0.23550154
36 137.94351 87.097568 0.72641331 0.073335601 -0.0017500893 25 0 699 1.6033544 -0.51257384
37 200.90588 93.752288 0.69815007 -0.3288889 -0.063995654 25 0 668 1.5669582 -0.48764351
38 329.46163 94.296073 0.57794429 -0.00020614591 -0.036778677 25 0 1162 3.0287854 -1.2031712
39 333.35713 96.138873 0.67319781 -0.12185799 -0.010815327 25 0 1557 3.8380718 -1.4602827
40 231.71752 97.231736 0.61473188 -0.017528003 0.022609775 25 0 1734 4.5389803 -1.6423957
41 161.56961 101.15102 0.56274669 0.11662612 -0.018007837 25 0 434 1.1361881 -0.13862563
42 497.48117 100.7445 0.6578581 0.57452383 -0.13990158 25 0 315 1.043594 -0.04632898
43 99.488144 101.61211 0.58755996 -0.46594588 -0.039597027 25 0 2883 7.6142042 -2.2040613
44 378.01768 112.3939 0.64380042 0.043536084 0.19303786 25 0 704 1.9121627 -0.70381213
45 264.76489 114.49186 0.63221427 -0.13892795 0.18384234 25 0 16097 41.97213 -4.0574025
46 282.22375 114.41614 0.63195341 -0.053095244 0.35183984 25 0 1003 2.4125231 -0.95617871
47 292.2208 115.81918 0.655713 0.032074155 0.019302673 25 0 1984 5.0430937 -1.7567426
48 348.7953 115.38164 0.60307201 0.34636267 0.1752636 25 0 1120 2.9388421 -1.1704406
49 493.93697 117.0424 0.66257859 0.19869441 0.1795784 25 0 393 1.2961314 -0.28162256
50 143.77732 118.22255 0.63343422 0.020163087 -0.024155373 25 0 565 1.4130947 -0.37542817
51 244.26541 117.66757 0.42211376 0.81563644 -0.21399156 25 0 423 1.1895295 -0.18843805
52 198.46815 119.15054 0.73856006 -0.54626172 -0.35533959 25 0 588 1.2497978 -0.24209936
53 96.557577 119.69941 0.54060919 0.33837648 0.011943432 25 0 536 1.4714469 -0.41936147
54 196.18017 121.13299 0.62874963 0.078564243 0.086626012 25 0 2188 5.7658552 -1.9021593
55 28.833093 123.23174 0.61707523 0.04954464 0.23765814 25 0 507 1.5352853 -0.46547276
56 220.15678 126.47828 0.66295106 0.12837293 0.17636802 25 0 1767 4.3467845 -1.5954203
57 51.395023 128.44669 0.59588525 0.47111633 0.075151755 25 0 1090 2.9423804 -1.171747
58 23.919523 129.18839 0.72653762 0.18451829 0.49484665 25 0 439 1.0611312 -0.064422712
59 297.66691 129.76996 0.50370709 -0.44196221 -0.17932201 25 0 454 1.2531306 -0.24499088
60 439.98656 137.79738 0.65498005 0.18704846 0.13703325 25 0 13196 35.260464 -3.86822
61 342.88411 143.43002 0.60661757 0.27620952 0.26310524 25 0 2840 7.518853 -2.190379
62 58.635995 144.68046 0.5268892 0.19542629 -0.0041844522 25 0 732 2.09144 -0.80111353
63 41.723185 148.72826 0.6568228 0.29173488 -0.034276447 25 0 660 1.7335742 -0.59735607
64 141.4499 157.99597 0.60720509 0.32258111 -0.033454001 25 0 487 1.1985961 -0.19668214
65 429.94385 159.34243 0.64790075 0.15598952 0.16471761 25 0 51468 135.1529 -5.3270635
66 250.49721 163.60007 0.49529722 0.89988101 0.21436406 25 0 475 1.1734535 -0.1736647
67 469.15383 162.64279 0.65494212 0.1516184 0.11667091 25 0 444 1.3434663 -0.32056691
68 270.12412 171.91942 0.66318385 -0.064393237 0.070419873 25 0 2121 5.4756509 -1.8460894
69 390.41195 171.64345 0.59524463 -0.0041111864 0.14525875 25 0 516 1.419433 -0.38028724
70 208.28537 172.76044 0.67975586 -0.09379125 0.0023439402 25 0 1120 2.6643664 -1.0639849
71 196.65593 175.4075 0.64580119 -0.1949552 0.077733129 25 0 1631 3.9611491 -1.494553
72 0.25111256 180.10282 0.93415142 0.5191053 0.51355395 25 0 733 1.530309 -0.46194785
73 465.10739 180.31078 0.65480029 0.2406225 0.12560955 25 0 2862 7.5422296 -2.1937494
74 60.73045 181.40525 0.69221927 0.022509285 0.040323183 25 0 840 2.0066532 -0.75618079
75 158.9952 181.51439 0.65493326 0.21208323 0.26505906 25 0 1891 4.7251288 -1.6860341
76 454.99712 182.57952 0.64930258 0.10645714 0.10855968 25 0 605 1.6816206 -0.56432005
77 270.841 184.14194 0.69019513 -0.04267956 0.01418244 25 0 1319 3.2262313 -1.2717388
78 465.62422 185.30831 0.51511259 0.13946599 0.081212639 25 0 709 2.1160022 -0.81379027
79 233.40728 186.83392 0.67060078 0.084356155 -0.015886843 25 0 811 1.8538885 -0.67020904
80 115.57966 187.98574 0.6285196 -0.0087228633 -0.049251043 25 0 38933 104.76837 -5.0505755
81 165.24005 189.09644 0.66854613 0.72393753 0.1088067 25 0 542 1.2419043 -0.23522036
82 499.02253 197.0807 0.74406305 0.17152652 0.11998518 25 0 605 1.5221386 -0.45613549
83 212.31726 199.90244 0.63371259 0.084803096 -0.023117788 25 0 713 1.6962888 -0.5737495
84 110.67331 201.961 0.66892304 0.20837971 0.020601626 25 0 685 1.6391177 -0.53652533
85 8.830796 210.08699 0.66529638 0.18055245 0.1670896 25 0 2202 5.8952109 -1.9262484
86 58.62714 212.75074 0.57453653 0.41741599 -0.08693209 25 0 509 1.2813095 -0.26913509
87 469.53354 213.20942 0.57417362 -0.18926255 -0.0059752274 25 0 874 2.4301327 -0.96407496
88 31.922559 214.60274 0.64443432 0.24660739 0.20632858 25 0 1869 4.8065346 -1.7045802
89 370.32867 215.58118 0.59576796 0.47858747 0.17631854 25 0 1360 3.5518479 -1.3761359
90 300.55668 217.56206 0.57596167 0.72653774 -0.006589598 25 0 679 1.6098874 -0.51698876
91 194.80977 219.22208 0.6203453 0.095894278 0.064414819 25 0 1066 2.6771071 -1.0691644
92 284.00617 224.35927 0.65514948 0.15441947 0.19236833 25 0 2970 7.4975817 -2.187303
93 396.13308 226.38667 0.64718953 0.27389294 0.15929124 25 0 4406 11.445505 -2.6465874
94 466.23413 226.99937 0.65141861 0.089399163 0.057529285 25 0 14558 38.939812 -3.9759846
95 371.12552 228.70577 0.65455796 -0.10998843 0.14558285 25 0 1130 2.9014176 -1.1565256
96 224.722 235.59848 0.489476 0.87273737 0.49786098 25 0 626 1.7238212 -0.59123057
97 284.46834 236.03768 0.58272706 -0.19108484 -0.1164539 25 0 742 1.8414424 -0.66289537
98 475.48959 238.60548 0.52181457 0.68974141 0.088360281 25 0 1395 4.1178966 -1.5366886
99 472.34513 251.86878 0.63665528 -0.0037314836 0.030968876 25 0 7236 19.32279 -3.2151746
100 248.1824 252.68835 0.63713457 -0.0067489201 0.11709694 25 0 5050 13.259299 -2.8063014
101 20.457994 253.84428 0.57129426 0.26774148 -0.081953286 25 0 931 2.5338993 -1.0094734
102 310.4407 254.97257 0.64075216 0.093971287 -0.34780147 25 0 507 1.2459257 -0.23873032
103 375.85394 261.33657 0.74815533 0.29668756 0.15924272 25 0 432 1.0073449 -0.0079455056
104 30.788935 273.90102 0.74476114 0.50853054 -0.10034261 25 0 442 1.0024904 -0.0027005617
105 77.388672 273.65658 0.55119643 0.33212542 -0.098879025 25 0 1287 3.516553 -1.3652929
106 91.74962 282.74954 0.61150393 0.7931137 0.15327575 25 0 823 2.0747138 -0.7923955
107 391.99926 284.78686 0.65855388 0.1465917 0.12712333 25 0 5910 15.705216 -2.9901098
108 204.74547 286.43756 0.6242027 -0.17857876 0.1629495 25 0 923 2.2685604 -0.88937589
109 83.33089 287.78734 0.64493098 -0.021349135 0.028930576 25 0 1309 3.2465996 -1.2785718
110 111.55734 287.45059 0.56114653 0.66909643 0.1473554 25 0 1030 2.8128254 -1.1228569
111 366.41731 289.52443 0.69854201 -0.21571186 0.33966669 25 0 420 1.1074688 -0.11082873
112 497.68113 289.62354 0.67377601 0.51642524 0.091318218 25 0 664 1.827657 -0.65473672
113 35.851744 292.57528 0.69193582 0.32376379 0.30808484 25 0 582 1.3623134 -0.3356926
114 180.48371 297.10216 0.71952817 -0.37052993 -0.27123558 25 0 634 1.3888134 -0.35660971
115 95.108005 303.33326 0.67695898 0.026339641 0.13611513 25 0 1387 3.4050219 -1.3302998
116 442.78859 302.78132 0.6720316 -0.057358326 0.060526195 25 0 352 1.0603426 -0.063615554
117 0.25207604 307.53196 0.79022093 0.13817556 0.567461 25 0 521 1.2282409 -0.22320888
118 470.39253 308.42 0.6039193 0.33926578 0.069939557 25 0 859 2.5619763 -1.0214378
119 238.48245 308.7624 0.59330891 0.09082442 -0.23990754 25 0 794 2.0678409 -0.78879281
120 157.82819 313.52447 0.61095222 0.40291127 0.1801789 25 0 3230 8.5369432 -2.328256
121 18.126133 315.38646 0.75088701 0.033258957 0.12505654 25 0 995 2.2825877 -0.89606868
122 33.840549 315.29527 0.69592478 -0.12849665 0.11504084 25 0 2369 5.9247974 -1.9316838
123 207.04187 323.06498 0.50557071 0.20386302 0.19084069 25 0 372 1.0819178 -0.085485711
124 2.731618 325.45966 0.70873735 0.0238917 0.24536488 25 0 842 1.9357423 -0.71711884
125 350.01172 325.07041 0.68261643 -0.019890247 0.21460439 25 0 617 1.5625087 -0.48455614
126 307.58572 332.4558 0.52320568 0.66125722 -0.1235822 25 0 442 1.3561431 -0.33076379
127 400.16177 332.76301 0.53034588 0.67809485 0.32733938 25 0 355 1.1690361 -0.16956983
128 40.441054 332.50936 0.6053627 -0.33251505 0.084343337 25 0 4049 10.639294 -2.567282
129 50.583987 333.49742 0.57075765 0.51005272 0.12374461 25 0 10198 28.305489 -3.6296766
130 283.776 334.00186 0.66283855 0.095408769 0.092344093 25 0 959 2.3950526 -0.94828762
131 96.899638 334.59177 0.66388143 -0.018584855 0.16964765 25 0 1093 2.8976137 -1.1551012
132 508.59098 340.26194 0.67774108 0.097743607 0.22085963 25 0 854 2.2035287 -0.85779677
133 380.58229 346.2594 0.62657789 0.055780824 -0.22440714 25 0 676 1.9234549 -0.71020504
134 259.83307 350.06574 0.64406571 0.082767045 0.065081572 25 0 5489 14.715079 -2.9194065
135 401.81067 351.23769 0.6714808 0.06357387 0.16591137 25 0 1079 2.8832246 -1.1496962
136 32.456191 353.00049 0.59012454 -0.50852935 -0.30619588 25 0 465 1.2957903 -0.28133681
137 41.870215 352.53471 0.6589648 -0.0066028166 0.6099665 25 0 760 1.8012229 -0.63891862
138 318.73177 353.88316 0.65420237 0.13643135 0.019304456 25 0 25936 68.16908 -4.5839686
139 14.445597 354.62388 0.53903674 0.51875067 -0.043737452 25 0 665 1.9529561 -0.72673122
140 42.1025 356.48509 0.69413202 0.20258323 0.3578199 25 0 1268 3.0036028 -1.1941062
141 43.197273 359.73637 0.76603197 -0.75515317 0.18248795 25 0 588 1.2948226 -0.28052568
142 434.562 360.92527 0.61384772 -0.012012612 -0.0097394425 25 0 1732 4.9593101 -1.7385532
143 246.06386 363.04422 0.65784063 0.021041419 0.066739032 25 0 1679 4.4184131 -1.6131658
144 298.12587 364.1681 0.66491023 0.15849847 0.095314703 25 0 2816 7.4598613 -2.1818269
145 447.74605 365.32353 0.66447513 -0.18778867 0.1364004 25 0 1020 2.9010334 -1.1563818
146 115.74012 365.90467 0.65184621 0.15672684 0.014083037 25 0 5023 13.286134 -2.8084966
147 158.88003 366.59174 0.57802047 0.46795882 0.089129769 25 0 556 1.5956013 -0.50731097
148 42.802758 368.93555 0.86536046 0.22396355 0.010252975 25 0 550 1.156086 -0.15747532
149 23.17904 372.74068 0.69644645 -0.001671872 0.22010455 25 0 731 1.823581 -0.65231266
150 386.01495 378.58229 0.65659131 0.18824161 0.28153856 25 0 3203 8.4352235 -2.3152415
151 94.946811 380.0577 0.70356103 0.036669047 0.060490093 25 0 3997 10.168508 -2.5181431
152 140.60352 381.63801 0.50012962 0.10897617 -0.21665254 25 0 442 1.2906056 -0.27698385
153 247.5081 383.0233 0.54206332 -0.17697603 -0.094525846 25 0 529 1.5737741 -0.49235596
154 503.95714 383.89392 0.57971558 -0.65283013 0.52607313 25 0 447 1.4902519 -0.4331492
155 25.226668 386.0359 0.66913242 -0.010165849 0.082143135 25 0 1089 2.9496022 -1.1744086
156 164.61227 385.89011 0.65704218 0.039879814 -0.061235698 25 0 1436 3.7565112 -1.4369617
157 504.66826 387.23125 0.66807388 -0.26316818 0.038970406 25 0 1937 5.2138798 -1.7929025
158 475.43931 387.6874 0.68987183 -0.25452793 -0.012389777 25 0 2251 5.8301664 -1.9142024
159 80.250868 390.99527 0.60278837 -0.034149539 -0.10717077 25 0 573 1.6473713 -0.54197873
160 266.69167 395.73352 0.64466525 0.30983021 0.037866112 25 0 7267 19.079165 -3.2013984
161 397.11315 397.63645 0.69948509 0.14063115 0.06242128 25 0 724 2.0108154 -0.75843049
162 295.76626 403.21252 0.70027334 0.27661744 0.00054900883 25 0 688 1.768818 -0.6192079
163 432.62627 402.50945 0.63870688 0.54707081 0.13956246 25 0 447 1.4436984 -0.39869119
164 23.447529 407.18802 0.65275712 -0.12586277 -0.059562948 25 0 848 2.1745665 -0.84343176
165 293.10667 406.87168 0.67282565 0.15971991 0.068399107 25 0 1974 5.2330071 -1.7968783
166 125.17822 412.48712 0.65156036 0.016353353 0.1915311 25 0 809 2.0662186 -0.78794069
167 149.22788 413.8559 0.6620415 -0.059452326 0.037568903 25 0 2320 6.1924185 -1.9796507
168 1.8642106 417.42515 0.66794258 0.10601632 0.27970965 25 0 1234 3.2158722 -1.2682469
169 324.95927 423.85231 0.67974262 0.49053394 -0.025412264 25 0 400 1.2175323 -0.21370124
170 199.98121 431.87042 0.65654655 0.041376842 0.068732693 25 0 2321 6.207469 -1.9822864
171 173.6031 432.79317 0.64396039 -0.37241125 -0.14695179 25 0 909 2.3858453 -0.94410571
172 273.28246 435.04095 0.71477511 0.11900462 0.047380553 25 0 1077 2.7617844 -1.1029744
173 385.83413 436.82233 0.67469567 0.10569307 0.057854374 25 0 3275 8.7986684 -2.3610424
174 286.24256 439.43939 0.63398122 -0.3573632 0.15060489 25 0 908 2.3934108 -0.94754312
175 132.43434 441.6025 0.60948365 -0.30573765 0.027237002 25 0 11807 31.439417 -3.7436862
176 352.32643 455.01956 0.71039169 0.066335421 -0.033994189 25 0 693 1.9823521 -0.74295201
177 403.44196 459.9448 0.67409341 -0.037047193 -0.083786477 25 0 1184 3.3171148 -1.3019013
178 97.481317 461.25403 0.62764745 -0.32973034 -0.069199881 25 0 5058 13.417007 -2.8191391
179 190.54498 462.3115 0.60157933 0.31764837 0.059981019 25 0 963 2.698042 -1.0776218
180 468.82267 463.4667 0.49700587 -0.13000901 0.11041756 25 0 58461 170.06004 -5.5765057
181 6.5463886 465.7668 0.65197015 -0.22809291 -0.057686601 25 0 1014 2.8003708 -1.1180389
182 252.19831 470.28476 0.64566253 0.21927937 0.0755865 25 0 4618 12.349779 -2.7291479
183 470.06268 471.20948 0.68122363 -0.1433375 0.036627541 25 0 400 1.2386081 -0.23233482
184 383.9071 471.79643 0.62993189 -0.097550234 0.095471068 25 0 595 1.9298136 -0.71378841
185 155.43099 474.2793 0.4132582 0.70127566 0.20110174 25 0 286 1.0751611 -0.078683906
186 302.32727 473.49221 0.61663496 -0.23016546 0.10102815 25 0 2665 7.2527198 -2.1512522
187 379.63909 478.65437 0.47653146 0.39285963 -0.0092611065 25 0 277 1.1913368 -0.19008639
188 180.19787 479.6349 0.67133597 0.0049727613 0.1486771 25 0 826 2.2726966 -0.89135363
189 105.29418 485.13938 0.69706721 0.23682732 0.076628057 25 0 1074 2.6808407 -1.0706775
190 281.461 494.70997 0.50303449 -0.048198789 0.043229382 25 0 288 1.0612939 -0.064589185
191 157.26867 501.73739 0.67162465 -0.074725265 0.34407978 25 0 554 1.3967184 -0.36277213
192 202.6295 501.7902 0.64607967 -0.26235848 -0.035442675 25 0 428 1.2485999 -0.24105822
193 158.09371 505.35707 0.70704094 0.22999846 0.035440784 25 0 710 1.6927293 -0.57146875
194 204.51624 509.19876 0.70133442 -0.34883465 -0.11966016 25 0 851 2.026658 -0.76695117
