id xcentroid ycentroid sharpness roundness1 roundness2 npix sky peak flux mag
1 474.73876 1.956733 0.58729195 0.024826846 -0.30233399 25 0 481 1.645544 -0.54077374
2 0.98304371 6.9360581 0.7865809 0.28914062 0.25709495 25 0 1090 2.7569658 -1.1010784
3 9.5097692 7.1401944 0.54982494 -0.22242558 -0.38720582 25 0 335 1.3177506 -0.29958308
4 155.03409 6.3055196 0.60042402 0.10004642 0.45796348 25 0 458 1.3345857 -0.31336619
5 380.78227 7.5265258 0.59726498 0.38702884 0.2443434 25 0 689 1.9965913 -0.75072292
6 70.120677 8.5793848 0.74479274 -0.11467701 0.21418486 25 0 16046 38.652269 -3.9679375
7 17.630683 10.24055 0.71858056 -0.35014031 0.018022296 25 0 5849 14.661881 -2.9154742
8 454.14995 10.634754 0.59425005 0.35490111 0.36848902 25 0 579 1.8390249 -0.66146905
9 0.068579318 11.764021 0.92624758 0.18107078 0.37121036 25 0 3717 8.1809246 -2.282006
10 399.92486 28.997223 0.65518422 -0.3019142 0.077991201 25 0 606 1.696083 -0.57361773
11 172.38237 31.931024 0.54609792 0.44233354 -0.29027659 25 0 393 1.1241747 -0.12708454
12 159.25127 36.076815 0.60508693 0.18612773 0.088019274 25 0 614 1.7117591 -0.58360663
13 232.34767 36.99727 0.67463064 -0.18506415 0.020508428 25 0 1252 3.1243476 -1.2368984
14 251.80892 37.885647 0.73205205 0.029466507 0.092170987 25 0 2803 6.8003459 -2.0813275
15 392.45138 38.771185 0.66100683 -0.003924397 -0.057688758 25 0 465 1.285679 -0.27283135
16 111.9884 40.443033 0.62177377 0.33030538 0.18857877 25 0 553 1.6167811 -0.52162809
17 370.43965 39.893671 0.34976807 -0.16271405 0.18379931 25 0 58675 189.8699 -5.6961403
18 157.06285 42.196084 0.7132092 0.048653475 0.13140005 25 0 6285 15.774363 -2.9948796
19 445.97853 43.130187 0.74645797 -0.08836505 0.055950575 25 0 1233 3.2204787 -1.2698011
20 292.6057 48.940681 0.68067955 0.17005674 -0.012715576 25 0 456 1.1187795 -0.12186127
21 340.11745 50.333196 0.63322958 0.11156928 0.19826483 25 0 1676 4.4146714 -1.612246
22 489.06244 56.633147 0.74925857 0.13639947 0.23373349 25 0 1592 3.9818913 -1.5002235
23 43.401835 61.241932 0.62870793 0.064677926 0.13096073 25 0 399 1.2331457 -0.22753595
24 77.171091 63.425796 0.62016706 0.0825464 0.32757489 25 0 597 1.6029824 -0.51232188
25 100.29207 62.972367 0.71474694 -0.00512416 0.16115451 25 0 483 1.1650807 -0.16589006
26 478.67051 63.504373 0.54877444 0.17924102 0.094734223 25 0 1274 3.9367653 -1.4878488
27 43.465912 65.267967 0.74104633 -0.7185294 -0.039614293 25 0 464 1.2318658 -0.2264085
28 158.05221 65.130411 0.60042012 0.11344582 -0.041155605 25 0 493 1.2841214 -0.27151517
29 463.95756 65.415548 0.7128754 0.44562296 0.31337847 25 0 612 1.6868779 -0.56770912
30 101.55886 68.243437 0.6031374 0.14516174 -0.04675502 25 0 1505 4.0267432 -1.5123848
31 7.771354 74.082072 0.86705546 -0.20195156 0.11327249 25 0 449 1.0549831 -0.05811372
32 396.54706 76.376763 0.54817887 0.34212625 -0.030886895 25 0 2908 8.1527346 -2.2782583
33 0.90398067 76.519108 0.71466681 -0.03892419 0.23106872 25 0 791 2.0642894 -0.78692645
34 16.911912 79.517101 0.68710707 0.094983078 0.28769817 25 0 779 2.1089353 -0.81015813
35 165.62273 79.988222 0.5116572 -0.1526786 -0.14981435 25 0 432 1.2125632 -0.20926095
36 137.73195 83.569189 0.69714502 0.11420913 -0.053749633 25 0 653 1.532925 -0.46380224
37 200.87791 90.283903 0.73492481 -0.53417392 0.24159552 25 0 574 1.2284657 -0.22340758
38 329.46983 90.725472 0.61796983 -0.37572639 0.047667871 25 0 1267 3.1626079 -1.2501134
39 333.44082 92.527763 0.63480023 -0.66010182 0.12268248 25 0 1408 3.4369506 -1.3404332
40 231.69183 93.679745 0.63771471 0.26276408 0.081547066 25 0 1802 4.5308511 -1.6404495
41 99.491752 98.13476 0.60542344 -0.17670986 -0.10492423 25 0 3112 8.1717093 -2.2807823
42 161.27913 97.769694 0.62116335 0.21946328 0.13450417 25 0 495 1.209213 -0.20625701
43 378.06974 108.53186 0.57948803 -0.063843707 0.31308192 25 0 621 1.7328341 -0.59689244
44 264.78167 110.91089 0.6970779 0.013777445 0.055072671 25 0 19906 50.2492 -4.2528229
45 282.17472 110.96003 0.67386727 0.24804136 0.20588068 25 0 1257 2.983039 -1.1866473
46 292.2769 112.39686 0.63311582 0.19159425 0.16712803 25 0 1935 4.8879629 -1.7228198
47 348.90496 111.86574 0.71421158 0.008714391 0.081419498 25 0 1494 3.6199502 -1.3967565
48 143.64371 114.76615 0.45830433 -0.12548237 0.42721611 25 0 439 1.3038246 -0.28804795
49 244.26875 114.24638 0.70963532 0.30630286 0.11818352 25 0 658 1.4116259 -0.37429908
50 198.81611 115.46617 0.70866289 -0.29356253 0.17584689 25 0 549 1.1543573 -0.15585062
51 96.540652 116.25623 0.73118499 -0.3792533 -0.027032161 25 0 601 1.3283214 -0.30825792
52 196.15018 117.637 0.70148804 -0.10994494 0.11822799 25 0 2421 5.8666006 -1.9209663
53 28.913548 119.73031 0.70601599 -0.11087092 0.40478175 25 0 511 1.320111 -0.30152609
54 220.16478 123.12022 0.68249118 0.11067687 0.096389771 25 0 2061 5.0600994 -1.7603976
55 23.851684 125.66682 0.52763656 -0.10941665 0.19737269 25 0 353 1.1173485 -0.12047158
56 51.373183 124.97485 0.68774707 -0.18382819 -0.037786638 25 0 1322 3.3091421 -1.2992885
57 297.58364 126.25334 0.69161976 -0.10440726 -0.10427545 25 0 581 1.2959761 -0.2814925
58 440.11363 134.22562 0.66738978 0.11844304 0.11355804 25 0 13458 34.823715 -3.8546877
59 342.93231 139.88124 0.70883059 0.024404589 0.10494321 25 0 3763 9.3362788 -2.4254345
60 58.643449 141.11155 0.79448951 -0.26247671 -0.090221829 25 0 920 2.0756911 -0.79290679
61 41.852252 145.15268 0.65956357 -0.16178806 0.15547846 25 0 729 1.9196308 -0.70804429
62 430.0788 155.7528 0.68900878 0.062944852 0.15804248 25 0 57050 143.91142 -5.3952382
63 469.29838 159.20582 0.78970497 0.20754891 0.25366632 25 0 605 1.5074603 -0.44561474
64 250.4894 159.78505 0.67832653 0.23543825 0.084926771 25 0 624 1.3315147 -0.31086493
65 197.56583 163.53426 0.66736599 -0.2353371 0.10543331 25 0 637 1.3241312 -0.30482752
66 270.08837 168.48797 0.63835321 0.15884911 0.2298741 25 0 1944 4.8402869 -1.7121778
67 390.41359 168.03978 0.67087142 -0.037556661 -0.12226168 25 0 601 1.5253391 -0.458416
68 208.26708 169.2354 0.62319874 0.17978143 0.18340653 25 0 1090 2.6491934 -1.0577842
69 457.39992 170.20807 0.59118351 -0.030043659 0.19002888 25 0 342 1.0485051 -0.051426376
70 196.72037 171.82149 0.71841417 0.096884455 0.045692828 25 0 1911 4.4067257 -1.61029
71 0.12929626 176.33297 0.95304358 0.25797495 0.38545591 25 0 776 1.6076608 -0.51548605
72 465.23302 176.79135 0.69830045 -0.19732936 0.076228151 25 0 3112 7.7587078 -2.2244735
73 60.88744 177.92838 0.69601022 0.084004189 0.189934 25 0 970 2.3800679 -0.94147338
74 158.99384 177.97149 0.72936892 0.42378143 0.24233936 25 0 2211 5.1534341 -1.7802418
75 455.21723 179.06026 0.63501957 0.34303272 0.092319824 25 0 655 1.8603188 -0.67396841
76 270.79014 180.63506 0.65227514 -0.033709498 0.10909244 25 0 1274 3.082356 -1.222207
77 465.67485 181.72452 0.64710049 -0.18431759 -0.028437391 25 0 869 2.3439009 -0.92484809
78 233.37357 183.36687 0.57709232 0.30995169 0.10209307 25 0 791 1.9945401 -0.74960695
79 115.54522 184.50858 0.64994186 -0.50565031 0.11507817 25 0 35664 88.855348 -4.8717089
80 165.28797 185.76404 0.67347655 -0.15351185 0.092588748 25 0 518 1.0771894 -0.08073013
81 464.74698 189.7255 0.66488557 0.22342008 0.28278558 25 0 372 1.0905484 -0.094112412
82 499.02871 193.50811 0.67786476 -0.11968487 0.3128234 25 0 613 1.7087253 -0.58168064
83 212.30761 196.27462 0.66451838 0.38328539 0.26217516 25 0 721 1.6697409 -0.55662271
84 450.03519 197.91154 0.61495099 0.31605436 -0.11505326 25 0 328 1.0336794 -0.035964644
85 110.65886 198.41783 0.54736275 0.5826721 0.25020578 25 0 582 1.4880766 -0.43156321
86 8.8396553 206.46924 0.66818175 0.36568856 0.24014348 25 0 1973 4.9389089 -1.7340775
87 58.675182 209.00524 0.61133977 0.35333088 -0.066440282 25 0 485 1.1669075 -0.16759104
88 469.69476 209.46266 0.67939333 0.33586577 0.20099675 25 0 1031 2.6678785 -1.0654151
89 31.946555 211.09504 0.71419631 0.0055898597 0.101692 25 0 2233 5.5724372 -1.865113
90 370.37745 211.88183 0.57655467 -0.056767901 -0.20532363 25 0 1394 3.7245067 -1.4276719
91 300.53791 213.94397 0.71361097 -0.16051714 -0.0062722646 25 0 888 2.0264397 -0.76683422
92 194.85534 215.60596 0.63735494 0.327712 0.22345422 25 0 1169 2.8808921 -1.1488175
93 284.0294 220.8055 0.72023432 0.0057020893 0.13162924 25 0 3512 8.420749 -2.3133768
94 396.24242 222.79539 0.70119714 -0.10635658 0.084202908 25 0 4973 12.387149 -2.7324284
95 466.47125 223.50557 0.53203964 0.49175648 0.10185943 25 0 10942 30.696611 -3.7177261
96 371.20515 225.16633 0.66531273 0.14699614 0.016337089 25 0 1179 2.9425903 -1.1718245
97 224.48392 231.58312 0.64579044 0.39278282 0.088443397 25 0 699 1.5629875 -0.48488874
98 284.63315 232.34318 0.49415797 0.72237581 0.27702554 25 0 656 1.7698187 -0.61982193
99 475.57934 234.94559 0.69412255 0.009354774 -0.03806892 25 0 2030 5.2032476 -1.7906862
100 75.073107 236.28825 0.82216186 0.0073719851 0.18689242 25 0 533 1.0345728 -0.036902595
101 472.43066 248.30305 0.64614091 -0.42486528 -0.028494412 25 0 6713 16.910184 -3.0703708
102 248.21052 249.16384 0.66512582 0.10473309 0.063628671 25 0 5579 14.293324 -2.8878331
103 20.503277 250.25962 0.67576719 -0.20098284 0.11991829 25 0 1071 2.5916781 -1.0339527
104 375.89873 257.84883 0.7416508 -0.047082724 0.15256519 25 0 536 1.2619467 -0.25260252
105 148.91203 259.75387 0.7103679 0.031616037 0.072518924 25 0 499 1.06862 -0.072058284
106 77.454627 270.12592 0.67526576 -0.35451862 -0.065068845 25 0 1520 3.7045567 -1.4218406
107 91.764197 279.31507 0.66122476 0.088816817 0.21061705 25 0 812 1.837766 -0.66072551
108 392.08701 281.28354 0.68140101 0.080795389 0.17383232 25 0 6222 15.876343 -3.0018761
109 204.79207 282.92549 0.65463231 0.0051487081 0.18435952 25 0 1001 2.4796696 -0.98598454
110 83.329388 284.30678 0.57529941 0.66159986 0.090438247 25 0 1154 2.9747956 -1.1836428
111 111.58635 284.00516 0.67135913 -0.20551303 -0.01999203 25 0 1324 3.2389909 -1.2760243
112 366.36677 286.19594 0.60653508 -0.16442808 -0.057151879 25 0 399 1.0930818 -0.096631698
113 497.79513 285.9806 0.69577939 -0.18067255 7.711024e-05 25 0 744 2.0783737 -0.7943091
114 35.967987 289.37789 0.73549649 -0.022911501 0.11352005 25 0 564 1.3129513 -0.29562151
115 180.78591 293.69383 0.53616634 -0.026322895 -0.1886137 25 0 513 1.3631096 -0.33632691
116 95.042984 299.83879 0.73992708 -0.25769101 0.028793806 25 0 1617 3.814761 -1.4536683
117 0.2714461 304.01411 0.93437467 0.37192403 0.43439991 25 0 620 1.3025134 -0.28695553
118 238.53848 305.17718 0.59310989 -0.42427397 -0.033087698 25 0 885 2.3334498 -0.91999617
119 470.53164 304.8712 0.611268 -0.39037327 -0.21159362 25 0 852 2.4727838 -0.98296538
120 157.81606 310.03432 0.71719752 -0.0582093 0.03442467 25 0 3964 9.6543154 -2.4618037
121 18.161589 311.91833 0.78609367 -0.13984305 0.042330024 25 0 1146 2.5155404 -1.0015782
122 33.838781 311.86124 0.72463267 0.093147691 0.1371502 25 0 2566 6.2218723 -1.9848027
123 79.82464 314.33066 0.71333259 0.049237979 0.26198063 25 0 498 1.1512313 -0.1529065
124 2.7016144 322.04968 0.79331788 -0.07918405 0.14699065 25 0 996 2.1085201 -0.80994436
125 350.10559 321.4759 0.75134047 -0.22509001 0.14593438 25 0 593 1.3208973 -0.30217263
126 40.447535 329.12572 0.6331679 0.022481976 -0.073765953 25 0 4531 11.79915 -2.6796268
127 307.4892 328.88118 0.58289838 -0.36492967 -0.20944418 25 0 528 1.4483913 -0.40221479
128 400.28597 329.22271 0.64767258 0.086315019 0.083794474 25 0 456 1.2512919 -0.24339657
129 50.622753 330.08932 0.70431704 -0.19189182 0.0046602576 25 0 13277 32.960427 -3.7949821
130 283.69009 330.46901 0.60535282 -0.29950169 0.24317703 25 0 909 2.4339854 -0.96579491
131 96.907372 331.23935 0.65913671 -0.22269748 0.13560257 25 0 1071 2.6869671 -1.0731559
132 508.72499 336.52219 0.52265623 0.74657977 0.57855723 25 0 700 2.0229929 -0.76498591
133 279.90977 340.23934 0.67191484 0.014452344 0.11996535 25 0 470 1.2357532 -0.22982937
134 380.70179 342.72071 0.70216091 0.28967329 0.073887633 25 0 766 2.0327415 -0.77020539
135 259.85569 346.49571 0.66640637 0.21470032 0.22450189 25 0 5308 13.363884 -2.8148318
136 401.89658 347.76727 0.73583575 0.14992714 0.13001667 25 0 1210 3.0294624 -1.2034139
137 41.886749 349.14604 0.75287991 -0.29741725 0.14280244 25 0 979 2.2951138 -0.90201056
138 32.251318 349.6111 0.68060093 -0.58777967 0.24665442 25 0 482 1.2355528 -0.22965329
139 318.78566 350.52182 0.64261494 -0.11515171 0.20457279 25 0 23959 60.872357 -4.4610503
140 14.593161 351.04276 0.78727073 -0.0069660558 -0.035946985 25 0 905 1.9586967 -0.72991798
141 42.148417 352.95529 0.70493121 -0.15074072 0.090723724 25 0 1551 3.8975903 -1.4769905
142 43.133439 356.21108 0.58255567 -0.73660639 0.37158235 25 0 518 1.4441371 -0.39902103
143 434.65932 357.40607 0.69508784 -0.36915466 0.09782164 25 0 1912 4.9437903 -1.7351501
144 246.08019 359.49369 0.64965445 0.17624399 0.28552357 25 0 1547 3.9859662 -1.501334
145 298.20753 360.82939 0.73085314 -0.094302335 0.098699256 25 0 3218 7.8931604 -2.2431273
146 115.7977 362.49449 0.67198075 -0.20349658 0.18796943 25 0 4987 12.569083 -2.748259
147 447.88848 361.7252 0.72246642 0.20992776 0.08713433 25 0 1179 3.0989047 -1.2280206
148 159.0376 363.28109 0.77175342 0.14184643 0.0042408731 25 0 641 1.4242398 -0.38395782
149 42.860852 365.38876 0.60082828 0.34435514 0.286362 25 0 425 1.1486425 -0.15046216
150 23.281936 369.34833 0.64176776 0.085814153 0.24869946 25 0 680 1.7642765 -0.61641665
151 386.0789 374.95594 0.73914533 -0.018489761 0.12897573 25 0 3912 9.7031919 -2.4672866
152 94.983216 376.57891 0.69042205 0.11391386 0.20811013 25 0 3824 9.550741 -2.4500927
153 140.68267 378.22239 0.67025024 -0.35072499 -0.16819004 25 0 601 1.487086 -0.43084024
154 247.52093 379.42723 0.47328856 -0.59593619 0.12918539 25 0 451 1.3033998 -0.2876941
155 504.13891 380.17192 0.76256274 -0.44957558 0.57973405 25 0 619 1.6193866 -0.52337638
156 164.79786 382.52421 0.65656975 -0.32920334 0.18061855 25 0 1385 3.4750555 -1.3524044
157 25.175133 382.67685 0.68617836 -0.31260005 0.16030523 25 0 1006 2.5724058 -1.0258487
158 475.46832 384.10504 0.66245829 -0.34851342 -0.089163067 25 0 2320 6.1409547 -1.9705897
159 504.85091 383.57906 0.65301109 0.2520522 0.21671107 25 0 1911 5.1589926 -1.7814123
160 80.287272 387.73492 0.53509436 0.31830314 0.29610306 25 0 424 1.2296385 -0.22444364
161 266.78983 392.29539 0.70165632 -0.10632517 0.10562688 25 0 8282 20.534139 -3.2811913
162 397.31915 394.05306 0.65149615 -0.0052388471 -0.038575813 25 0 730 2.1520103 -0.83211088
163 432.67692 399.14972 0.71848299 -0.24042553 0.0092011841 25 0 498 1.4897281 -0.43276751
164 295.88324 399.57896 0.72442367 0.32681422 0.25449495 25 0 727 1.7798406 -0.62595274
165 293.21958 403.39328 0.59967451 0.30605693 0.096380561 25 0 1742 4.7506767 -1.6918887
166 23.367567 403.74486 0.53698122 0.23023646 -0.076109568 25 0 720 2.1386798 -0.82536442
167 125.26854 408.97457 0.70077679 -0.024863247 0.018138789 25 0 1003 2.4975935 -0.99380437
168 149.28707 410.43172 0.598707 0.30073571 0.1863915 25 0 2014 5.5213424 -1.8551117
169 1.9386402 413.90261 0.72166669 -0.040590675 0.10428383 25 0 1397 3.4238568 -1.336289
170 324.91654 420.2279 0.66519212 0.42908562 0.093173363 25 0 366 1.0883689 -0.09194029
171 206.14933 421.97849 0.62684233 0.0042454297 -0.056722689 25 0 377 1.138345 -0.1406848
172 200.11435 428.36207 0.6464958 0.17089107 0.1543442 25 0 2208 5.7884486 -1.9064055
173 173.62796 429.20964 0.64577692 -0.15313086 -0.088700052 25 0 925 2.4016788 -0.95128732
174 273.26241 431.48032 0.65541447 -0.20516272 0.19370641 25 0 964 2.5450745 -1.0142513
175 385.86862 433.16627 0.71028356 -0.027594752 0.11357219 25 0 3509 8.9072715 -2.3743617
176 286.37976 435.98119 0.66871976 -0.26611959 0.14467651 25 0 1113 2.958459 -1.1776639
177 132.47623 438.11665 0.67892349 -0.28132455 -0.1079664 25 0 13531 33.70442 -3.8192172
178 504.15205 444.20953 0.52438486 -0.086459884 0.14104183 25 0 198 1.0367033 -0.039136226
179 420.8283 450.03455 0.74480056 -0.22139325 -0.067862289 25 0 315 1.019217 -0.020666627
180 352.40456 451.47841 0.56975978 0.12246365 0.035284165 25 0 510 1.6524532 -0.54532293
181 403.44583 456.31448 0.57030451 -0.33523679 -0.0016374554 25 0 1015 3.1645029 -1.2507637
182 97.5683 457.74055 0.63680495 0.088862762 -0.014322171 25 0 5335 14.019838 -2.8668575
183 190.51537 458.72325 0.63023751 0.15857226 -0.081047771 25 0 990 2.7263963 -1.0889725
184 468.95806 459.72476 0.45440941 0.051376015 0.17030539 25 0 58322 182.14962 -5.6510707
185 6.5102567 462.2111 0.60401991 0.085913521 -0.12350787 25 0 890 2.4916834 -0.99123217
186 252.23943 466.66078 0.70639243 -0.22737159 0.13691626 25 0 5092 12.717951 -2.7610429
187 470.34087 467.54109 0.57111165 -0.018900208 0.4691674 25 0 265 1.0088528 -0.009569547
188 383.94005 468.27164 0.59480721 -0.49251039 0.051721202 25 0 536 1.7688489 -0.61922683
189 302.34728 469.89401 0.67519372 -0.11704072 0.038388005 25 0 3039 7.7780584 -2.227178
190 155.59045 470.70082 0.61467179 -0.13376187 -0.14802392 25 0 386 1.1518102 -0.15345231
191 379.66306 475.04534 0.65083653 0.2902509 0.1115046 25 0 390 1.3077693 -0.29132783
192 180.37624 476.0735 0.61317348 -0.093099036 -0.19694407 25 0 750 2.1913006 -0.8517549
193 105.35717 481.57452 0.63657169 -0.52124268 0.14541964 25 0 898 2.3593034 -0.93195948
194 281.43107 491.00897 0.50759676 0.35045654 -0.012582506 25 0 270 1.0072589 -0.0078527857
195 157.43971 498.03409 0.56975536 -0.32837452 -0.13847387 25 0 491 1.5376027 -0.46711031
196 202.73173 498.18605 0.73881867 0.18931502 0.079084096 25 0 506 1.327934 -0.30794124
197 158.37521 501.83708 0.60330292 -0.30436993 0.019151462 25 0 681 1.9285344 -0.71306848
198 204.69075 505.6076 0.63795744 -0.019014716 0.14785811 25 0 709 1.897215 -0.69529136
199 288.10477 508.61567 0.66118419 0.25931861 0.40841145 25 0 420 1.1171806 -0.12030842
200 32.242841 509.49098 0.65103712 0.23861114 0.19283042 25 0 589 1.5343992 -0.46484589
201 79.164652 508.79666 0.77285328 -0.29466467 0.15396309 25 0 617 1.4578164 -0.40925709
202 202.15633 509.87129 0.61539419 -0.037190147 0.42354524 25 0 818 2.1410968 -0.82659077
203 277.20907 508.7416 0.65470705 -0.12298295 -0.0096741053 25 0 1100 2.9249435 -1.1652937
