id xcentroid ycentroid sharpness roundness1 roundness2 npix sky peak flux mag
1 436.96595 1.6449158 0.54716127 0.038098349 -0.16574281 25 0 1514 4.6828259 -1.67627
2 42.446122 2.6435744 0.58741881 0.1718771 -0.28943936 25 0 4724 12.38988 -2.7326677
3 303.90611 18.869288 0.60704274 -0.011584422 -0.38107922 25 0 680 2.0308572 -0.76919847
4 435.30508 22.335096 0.64026875 0.25157499 -0.27161111 25 0 396 1.3031555 -0.28749062
5 115.69134 25.925843 0.47949847 0.045665141 -0.29484769 25 0 352 1.333225 -0.31225861
6 341.41877 27.518572 0.59555892 0.25806647 -0.16204043 25 0 562 1.7004923 -0.5764367
7 31.008265 27.838268 0.61529454 -0.1558777 -0.22985663 25 0 13814 37.471088 -3.9342408
8 414.78421 30.615925 0.65016927 -0.13076016 -0.24139355 25 0 532 1.6065411 -0.5147296
9 473.88584 30.560532 0.55435775 0.19461688 -0.10543953 25 0 21260 58.478618 -4.4174928
10 432.0373 32.165844 0.55692956 -0.27084629 -0.35931567 25 0 184 1.0159255 -0.01715467
11 360.61762 48.872641 0.71039173 -0.14038747 -0.27062012 25 0 536 1.4395765 -0.39558686
12 133.2369 51.483254 0.39194387 -0.45496893 -0.16953438 25 0 325 1.1557945 -0.15720155
13 120.12315 55.972745 0.48691321 0.27658151 0.087664392 25 0 431 1.3061316 -0.28996731
14 193.0914 56.733566 0.56157763 -0.36674687 -0.28492887 25 0 1011 2.6192168 -1.0454286
15 212.39743 57.580326 0.51831082 0.38181726 -0.31849326 25 0 1691 4.5699223 -1.649772
16 353.05682 58.891833 0.63754967 -0.24700954 -0.31453814 25 0 442 1.2121878 -0.20892478
17 72.875579 59.783793 0.55444113 -0.070823818 -0.3725679 25 0 460 1.4127756 -0.37518295
18 331.06071 59.580297 0.31386887 -0.033840727 -0.22765804 25 0 58602 183.28783 -5.6578341
19 117.80177 61.74628 0.54127545 -0.016056381 -0.25497941 25 0 4288 12.083137 -2.7054492
20 406.56097 63.379781 0.52632041 -0.3059325 -0.17866147 25 0 727 2.2442549 -0.87768045
21 477.05822 69.373655 0.60277897 0.041404658 -0.12580192 25 0 626 2.0046899 -0.755118
22 300.67832 70.15663 0.57057906 -0.22634239 -0.36249799 25 0 1340 3.6013921 -1.391176
23 449.5855 77.015248 0.57722242 -0.050018271 -0.36093695 25 0 1233 3.557397 -1.3778308
24 508.01893 79.281606 0.61513103 0.065395587 -0.093819569 25 0 3036 8.3785629 -2.3079238
25 61.169524 82.537318 0.55480688 0.11536533 0.10078864 25 0 355 1.1251047 -0.12798239
26 37.95175 82.791751 0.52816376 -0.42890509 -0.32536391 25 0 518 1.6649694 -0.55351562
27 439.35175 83.786608 0.5466108 -0.29911048 -0.28550211 25 0 1164 3.5102792 -1.3633541
28 424.48878 85.520995 0.45384189 -0.35012513 -0.099256094 25 0 318 1.1430666 -0.14517883
29 477.8482 84.602322 0.42580482 -0.089080116 0.0033887062 25 0 208 1.0802771 -0.08383793
30 62.237292 87.600649 0.54162942 -0.31508334 -0.17489877 25 0 1292 3.63719 -1.401915
31 475.04218 92.457492 0.58831237 0.11895137 -0.02744546 25 0 764 2.3409436 -0.92347738
32 356.99184 96.355168 0.56531645 -0.040378968 -0.14983466 25 0 2823 7.6688774 -2.2118295
33 126.26508 99.539007 0.55944461 0.29326567 -0.26026517 25 0 436 1.1850624 -0.18435303
34 98.36445 103.15973 0.52011062 -0.59653027 -0.49215752 25 0 493 1.4152561 -0.37708761
35 497.39369 103.38811 0.61006996 0.35935043 -0.13949331 25 0 18647 48.489685 -4.2141234
36 161.39795 109.98545 0.67144339 -0.16718126 -0.38322063 25 0 514 1.1799986 -0.17970369
37 290.03826 110.64633 0.48621322 -0.44377509 -0.21951846 25 0 1038 2.9900655 -1.1892018
38 294.01071 112.43227 0.58221355 -0.2695775 -0.24238092 25 0 1283 3.2912059 -1.2933876
39 192.29958 113.57188 0.47957648 0.29110012 -0.14007883 25 0 1236 3.2865544 -1.2918521
40 60.131698 117.55148 0.55000046 -0.048490426 -0.099067273 25 0 3260 8.674352 -2.3455926
41 122.24601 117.15624 0.64371354 -0.49085116 -0.54263034 25 0 459 1.0587482 -0.061981713
42 457.99584 117.27925 0.53617869 0.28621548 -0.27372922 25 0 299 1.0603824 -0.063656304
43 495.59283 123.30795 0.57831913 -0.26044407 -0.1297624 25 0 1720 4.9791064 -1.7428785
44 338.65517 128.87581 0.54795393 0.019953559 -0.39873591 25 0 521 1.4714075 -0.41933238
45 225.43889 130.70567 0.58690152 -0.38069528 -0.25695761 25 0 14611 37.515088 -3.9355149
46 242.80917 130.76916 0.59607941 0.11859548 -0.21386697 25 0 975 2.3427998 -0.92433792
47 252.80055 132.15469 0.51704397 -0.12548556 -0.27898131 25 0 1608 4.4308313 -1.616213
48 309.30929 131.89498 0.55076255 0.17007293 -0.41089148 25 0 941 2.5665849 -1.0233891
49 104.35477 134.15076 0.56089972 -0.3321837 -0.44614855 25 0 489 1.1584072 -0.15965315
50 204.9891 134.08701 0.49376434 0.28221212 -0.18912151 25 0 466 1.2251335 -0.22045856
51 57.232365 135.65401 0.60093839 -0.47746916 -0.29970042 25 0 478 1.170182 -0.1706335
52 156.82317 137.31655 0.54494261 -0.32499767 -0.21124395 25 0 1721 4.5498586 -1.6449948
53 484.51628 138.1398 0.58532554 -0.39606383 0.59313601 25 0 330 1.2252473 -0.22055939
54 180.63899 142.81611 0.47470133 -0.059381811 -0.35445338 25 0 1373 3.7970692 -1.4486213
55 12.117169 144.19617 0.56656902 -0.11546513 -0.24853975 25 0 1111 3.1288584 -1.2384648
56 258.10805 146.18163 0.38529055 -0.25568803 -0.1697613 25 0 363 1.0374853 -0.039954879
57 400.49279 154.33116 0.55838678 -0.43933809 -0.28640249 25 0 9384 24.605128 -3.4775641
58 19.500087 160.55184 0.6309428 0.1755587 -0.19117635 25 0 547 1.3474566 -0.32378696
59 303.4905 159.89392 0.62301899 -0.38019985 -0.40191471 25 0 2735 6.7477822 -2.0729026
60 2.3159564 164.6383 0.54746038 0.34393516 -0.085480776 25 0 494 1.2898586 -0.27635526
61 488.72517 166.36791 0.58612144 -0.23543278 -0.11504347 25 0 6530 17.479004 -3.1062917
62 12.06589 168.56838 0.89899051 0.40271972 0.37857411 25 0 4101 9.1422332 -2.4026307
63 102.13213 174.0771 0.42107463 -0.37488734 -0.38432961 25 0 364 1.0658002 -0.069189538
64 390.53449 175.86479 0.63307135 -0.40268812 -0.35963053 25 0 44229 107.68335 -5.0803714
65 429.5977 179.23302 0.3950674 0.34134218 0.088790254 25 0 271 1.0304098 -0.032524943
66 158.02555 183.2094 0.53760508 -0.33586018 -0.51672018 25 0 551 1.2755751 -0.26426511
67 230.58502 188.23197 0.60000724 -0.40456044 -0.2938839 25 0 1678 4.1203628 -1.5373386
68 350.80298 188.08579 0.55325327 -0.11991112 -0.23229347 25 0 474 1.3072325 -0.29088212
69 482.75764 187.69006 0.544 0.13159815 -0.14324027 25 0 5413 15.475455 -2.9741086
70 168.76033 188.87468 0.53181783 -0.26769057 -0.2380229 25 0 892 2.2725237 -0.89127103
71 157.22654 191.58799 0.53251762 0.15287935 -0.081655668 25 0 1284 3.1785251 -1.2555641
72 21.460065 197.25634 0.67516617 -0.046048449 -0.39361273 25 0 747 1.785678 -0.62950788
73 119.52363 197.56128 0.55803066 -0.44933065 -0.15320956 25 0 1374 3.3248705 -1.3044368
74 425.58079 196.95545 0.56484646 -0.15538279 -0.36181056 25 0 2244 6.1011801 -1.9635346
75 415.59374 199.15543 0.52327212 -0.48276705 -0.20258341 25 0 481 1.5246623 -0.45793414
76 487.35092 198.81971 0.66115252 -0.48578889 -0.2273458 25 0 600 1.7204447 -0.58910178
77 231.33972 200.50222 0.56884482 0.11619498 -0.22473225 25 0 925 2.1016731 -0.8064129
78 426.10638 201.90857 0.4611917 -0.21482189 -0.19809948 25 0 656 2.3150243 -0.91138887
79 193.79888 203.07249 0.47558693 -0.39857605 -0.33609095 25 0 637 1.7516963 -0.608647
80 76.210332 203.90922 0.59020118 -0.17462895 -0.25924094 25 0 37187 100.10935 -5.0011866
81 425.14734 209.87358 0.53505162 -0.081565856 -0.1174289 25 0 280 1.0348061 -0.037147456
82 459.33149 213.80883 0.57022983 -0.43508999 -0.45159074 25 0 430 1.4316456 -0.38958884
83 172.66001 216.01606 0.58190337 -0.038911404 -0.3709901 25 0 569 1.318952 -0.30057247
84 71.36606 218.08472 0.55370344 0.14171019 -0.28158428 25 0 556 1.4352274 -0.39230178
85 473.96004 219.93734 0.48223114 0.060051446 -0.2242013 25 0 460 1.6868007 -0.56765945
86 507.30047 223.63663 0.61785902 -0.29147752 -0.11459728 25 0 2688 7.0506125 -2.1205671
87 17.092976 227.1266 0.62652841 0.74800219 -0.27661007 25 0 484 1.2367366 -0.23069308
88 19.276931 228.17528 0.57714879 0.44906578 -0.27511904 25 0 399 1.0790047 -0.082558326
89 430.03546 229.89549 0.59600559 -0.11118882 -0.23329405 25 0 927 2.4993575 -0.99457096
90 330.72254 231.93999 0.50099614 -0.00098052753 -0.2071885 25 0 1213 3.4265443 -1.3371409
91 260.93276 233.71139 0.54657701 0.070842837 -0.082504264 25 0 658 1.4452019 -0.39982129
92 155.22306 235.27059 0.50479227 0.30572559 -0.18638863 25 0 891 2.3279577 -0.91743769
93 483.93712 238.52759 0.51539841 0.066618407 -0.059684476 25 0 3486 10.017685 -2.5019185
94 244.4631 240.57825 0.55460363 -0.57790082 -0.31644423 25 0 2252 5.5984372 -1.870167
95 356.5883 242.88573 0.63444248 -0.36506097 -0.35158441 25 0 3819 9.3132814 -2.4227568
96 426.68734 243.65036 0.50409519 0.10730799 -0.1903148 25 0 10615 30.081182 -3.6957372
97 331.64982 245.10381 0.55789851 0.0022479629 -0.4679963 25 0 888 2.3279606 -0.91743908
98 184.93075 251.46011 0.58955715 -0.0017789034 -0.27286725 25 0 637 1.4694652 -0.41789827
99 245.00933 252.34457 0.49325909 0.0057046166 -0.031699776 25 0 715 1.853921 -0.67022805
100 435.92186 255.15997 0.55054474 -0.14520635 -0.21265003 25 0 1607 4.5783034 -1.6517614
101 208.52816 268.88201 0.49800364 -0.13603653 -0.33295091 25 0 3885 10.718762 -2.5753616
102 432.75276 268.59606 0.48270105 0.12849419 -0.16776317 25 0 5245 14.990224 -2.9395203
103 37.899428 289.54492 0.55486445 -0.029812521 -0.0027302348 25 0 1216 3.2508114 -1.2799794
104 52.039157 298.71824 0.57975383 -0.02504568 -0.15356887 25 0 681 1.6552781 -0.54717741
105 352.43165 301.29559 0.54722256 0.10324009 -0.2255709 25 0 4470 12.174387 -2.7136177
106 165.12559 302.48737 0.45904368 0.098233261 -0.18720982 25 0 698 1.8860571 -0.68888711
107 71.895362 303.46461 0.55202622 -0.19225161 -0.14140985 25 0 1042 2.7317564 -1.0911049
108 43.788247 303.66721 0.56232543 0.35355229 -0.19024614 25 0 1097 2.8088021 -1.1213028
109 458.05388 306.3224 0.60825324 0.028714037 -0.11207132 25 0 620 1.7897346 -0.6319716
110 141.04094 313.29781 0.5563302 -0.66785705 -0.29289832 25 0 502 1.2412267 -0.23462778
111 55.458587 319.15863 0.62347351 -0.13287817 -0.40351078 25 0 1219 2.9360992 -1.1694268
112 403.06029 319.40182 0.40351211 -0.29628596 -0.022270638 25 0 254 1.0479973 -0.05090041
113 198.76806 324.90546 0.5098326 -0.35174848 -0.39916437 25 0 707 1.8012208 -0.63891738
114 430.65137 325.0709 0.58419606 -0.20547558 -0.29252143 25 0 815 2.2835422 -0.8965226
115 118.12925 329.53048 0.52603056 -0.19938226 -0.15387283 25 0 2706 7.3231659 -2.1617472
116 310.35835 341.47102 0.60280867 -0.47986661 -0.056693434 25 0 513 1.2509648 -0.24311273
117 0.86411426 348.30147 0.58856333 -0.28113249 -0.082467044 25 0 4428 12.181637 -2.7142641
118 11.053477 349.26335 0.60738089 -0.047689672 -0.1873541 25 0 11646 30.974879 -3.7275241
119 267.57378 348.7315 0.45585043 0.15374925 -0.30231179 25 0 418 1.2069405 -0.20421469
120 360.48156 349.19482 0.66064337 -0.33455309 -0.1247242 25 0 439 1.0808337 -0.0843972
121 243.90095 350.27639 0.53636123 -0.56407838 -0.29560705 25 0 755 1.8823517 -0.68675192
122 57.236076 350.47448 0.61560586 -0.17236575 -0.091170538 25 0 911 2.2273082 -0.86945077
123 468.91734 356.95021 0.52209217 0.18438623 0.2275061 25 0 721 2.0024092 -0.75388207
124 239.8442 360.01347 0.42063128 -0.017229327 -0.43674642 25 0 385 1.0677971 -0.071221803
125 340.86604 362.74255 0.49856921 -0.10129086 -0.22232168 25 0 568 1.6974781 -0.57451045
126 220.05675 366.28399 0.52520075 -0.12446073 -0.27917397 25 0 4203 11.511024 -2.6527849
127 2.3381886 368.17915 0.68005163 -0.51518445 -0.28829755 25 0 822 1.9516745 -0.72601847
128 362.07182 367.82054 0.61641144 -0.25258255 -0.27495672 25 0 921 2.4482079 -0.97212074
129 278.83796 370.46022 0.53630586 -0.34723278 -0.18470074 25 0 19112 50.864023 -4.2660268
130 2.4261339 372.05255 0.67110357 -0.59017175 -0.35166241 25 0 1279 3.0876707 -1.2240774
131 3.4866934 375.41529 0.61963374 -0.43038332 -0.14838489 25 0 539 1.3124594 -0.29521471
132 394.76557 377.43971 0.48574146 0.065263141 -0.10152016 25 0 1289 3.7463174 -1.4340114
133 206.30069 379.27556 0.56205766 -0.12871509 -0.3551591 25 0 1350 3.5576153 -1.3778975
134 258.32763 380.57291 0.59042625 -0.52587313 -0.25049134 25 0 2247 5.5667876 -1.8640116
135 76.052666 381.81837 0.6062959 -0.11850847 -0.25593383 25 0 4700 12.402247 -2.7337509
136 407.98559 381.89 0.55395151 -0.14563526 -0.36359815 25 0 878 2.5136735 -1.0007722
137 479.58368 384.05719 0.60977301 -0.32005787 -0.2598552 25 0 7966 21.055448 -3.3084112
138 3.1636683 384.72333 0.49824195 -0.24697273 -0.29852724 25 0 372 1.1060949 -0.10948096
139 346.24326 395.0336 0.58057787 -0.18329181 -0.28859378 25 0 3058 8.3076751 -2.2986988
140 55.277466 395.90295 0.63898539 -0.23788528 -0.32941463 25 0 3413 8.6413296 -2.3414514
141 100.87016 397.63396 0.5863419 0.10118308 -0.27844404 25 0 522 1.2008792 -0.19874828
142 207.59614 399.10289 0.69683826 -0.17461351 -0.61130297 25 0 605 1.2245179 -0.21991288
143 464.21966 400.55005 0.57746819 -0.93159737 0.12000919 25 0 450 1.326219 -0.30653812
144 124.85012 401.95209 0.5001989 -0.24303571 -0.36862314 25 0 1268 3.6887175 -1.4171885
145 435.62868 404.39023 0.58479415 -0.75080401 -0.15517062 25 0 1938 5.1341287 -1.7761669
146 464.90715 403.9974 0.59059758 -0.3796872 -0.23952365 25 0 1799 5.0192931 -1.7516064
147 40.494764 406.88835 0.64535238 0.017411821 -0.41572811 25 0 548 1.2994372 -0.28438821
148 226.81139 412.04783 0.54951667 -0.3055381 -0.37409272 25 0 6715 18.478519 -3.1666679
149 357.32445 414.2784 0.59774163 -0.065220899 -0.39232887 25 0 604 1.6192955 -0.52331529
150 255.99247 419.57294 0.46207331 -0.0022260578 -0.41699969 25 0 514 1.5043596 -0.44337917
151 392.80654 419.30201 0.55041231 -0.34808567 -0.28505683 25 0 476 1.5202383 -0.45477916
152 253.32831 423.22916 0.56915352 0.019705712 -0.29428545 25 0 1689 4.5409343 -1.6428631
153 85.4899 428.35439 0.61380607 0.42356309 -0.26527342 25 0 775 1.83759 -0.66062154
154 109.50164 429.84784 0.68159893 -0.40453411 -0.33546387 25 0 2085 4.8717484 -1.7192121
155 285.12653 440.07175 0.6008279 0.080450771 -0.11946034 25 0 394 1.0377032 -0.040182918
156 194.98446 446.86999 0.48167084 -0.38303546 -0.32830067 25 0 414 1.1834307 -0.18285711
157 160.20131 447.98681 0.56930454 -0.22063126 -0.31986159 25 0 1943 5.20896 -1.7918776
158 133.58936 448.80432 0.59243917 -0.016171315 -0.45292849 25 0 905 2.2263431 -0.86898025
159 233.44488 451.31623 0.58028663 -0.012685628 -0.32240711 25 0 902 2.371421 -0.93752164
160 492.19038 451.40971 0.30661618 -0.27261569 -0.26065707 25 0 58227 164.63914 -5.5413327
161 345.9854 453.36522 0.55941594 -0.21968228 -0.16606148 25 0 2667 7.3816521 -2.1703839
162 246.4809 455.88898 0.6389035 -0.57698093 -0.1979393 25 0 1060 2.539424 -1.011838
163 92.569975 457.5901 0.54869426 0.22694844 -0.26774029 25 0 10879 29.327845 -3.6682004
164 478.46228 467.9747 0.65264753 -0.4192372 -0.35033816 25 0 1998 5.3175387 -1.8142767
165 312.35833 471.49589 0.49215781 0.47259978 -0.11376662 25 0 508 1.5176597 -0.45293603
166 363.45358 476.43785 0.65207372 -0.64543566 -0.19559896 25 0 1123 2.8884555 -1.1516642
167 57.786289 477.04551 0.65374937 -0.15952578 -0.2875625 25 0 5902 15.240942 -2.9575295
168 150.68088 478.39763 0.60499603 -0.46821681 -0.14219121 25 0 1037 2.6097853 -1.0415119
169 428.94349 480.21105 0.38453045 -0.35296733 -0.29137098 25 0 58358 192.46466 -5.7108775
170 212.3427 486.56427 0.50097902 0.23889071 -0.15223525 25 0 3589 10.043106 -2.5046701
171 343.91864 488.49427 0.58652072 -0.56527047 -0.18129436 25 0 513 1.5093327 -0.44696247
172 430.04424 487.83763 0.52729048 -0.45106931 -0.625969 25 0 332 1.0211212 -0.022693279
173 115.66308 490.25723 0.71910815 -0.64547224 -0.48895202 25 0 505 1.1196665 -0.1227217
174 262.3992 489.85726 0.66195682 -0.43122675 -0.34433788 25 0 3032 7.4992067 -2.1875383
175 339.78789 495.09777 0.59059542 -0.03614437 -0.21334538 25 0 380 1.0519496 -0.054987368
176 140.52918 495.69743 0.64757667 -0.45908319 -0.37498305 25 0 842 1.9922457 -0.74835724
177 65.528738 500.95546 0.73930072 -0.16745763 -0.43809433 25 0 1129 2.6112694 -1.0421292
178 241.50081 510.55928 0.60768481 0.31500051 -0.57504565 25 0 400 1.0006012 -0.00065258557
