id xcentroid ycentroid sharpness roundness1 roundness2 npix sky peak flux mag
1 327.48752 2.2471419 0.3431822 -0.0029283196 -0.29855924 25 0 228.26882 1.6252266 -0.52728479
2 300.16833 4.7196242 0.66849462 0.034306305 -0.19232232 25 0 804.7119 3.1387923 -1.2419064
3 309.25472 7.1097702 0.68981609 0.78720061 -0.032671053 25 0 375.27013 1.5869522 -0.5014096
4 431.69903 8.0780273 0.59024612 -0.032208927 -0.32575686 25 0 560.76278 2.4612313 -0.97788108
5 112.30912 11.958402 0.54543506 -0.32909924 -0.30923384 25 0 494.41961 2.1402006 -0.82613622
6 337.64957 13.420964 0.53682235 -0.072479625 -0.12600136 25 0 630.07141 2.8681251 -1.1439952
7 27.404029 13.914555 0.6742932 -0.035410891 -0.22689479 25 0 16038.235 62.675553 -4.4927454
8 470.34398 16.386968 0.66464326 0.55106309 -0.075905197 25 0 27655.869 106.08818 -5.0641675
9 411.15017 16.477782 0.58684365 -0.08901969 0.0080785271 25 0 657.41765 2.7254877 -1.0886105
10 428.43778 17.853019 0.60720778 -0.35109429 -0.092191013 25 0 235.3796 1.0587554 -0.061989051
11 336.6912 21.816068 0.56751964 0.1304439 -0.057000396 25 0 257.43654 1.1645302 -0.16537693
12 338.23471 26.960486 0.65074947 0.13265114 -0.33758135 25 0 262.2792 1.1402497 -0.14249995
13 215.74942 31.300056 0.56197087 -0.22922403 -0.18208909 25 0 301.22748 1.3726569 -0.34390498
14 356.99424 34.75675 0.67565198 0.051102442 -0.032755778 25 0 605.71388 2.3613247 -0.93288926
15 456.39399 34.958954 0.66589249 -0.088226911 -0.2852743 25 0 384.62495 1.5959611 -0.50755578
16 129.68016 37.479972 0.54243319 -0.024382129 0.062550296 25 0 352.91559 1.5315376 -0.46281913
17 116.50067 41.592613 0.58518986 0.76102921 -0.04734656 25 0 507.20121 2.0805232 -0.79543141
18 189.45146 42.648883 0.59784453 -0.15693799 -0.18408233 25 0 1079.394 4.3990948 -1.6084083
19 208.85931 43.411992 0.55612778 0.47273736 0.050154584 25 0 2062.5316 8.7696903 -2.3574606
20 421.87747 43.6442 0.54533975 0.14012987 -0.17357631 25 0 265.3808 1.4519394 -0.40487119
21 327.37064 45.686033 0.45491792 0.66490633 -0.083499033 25 0 58916.706 248.3406 -5.9876193
22 349.52955 44.772078 0.59797739 0.16381138 -0.18907939 25 0 516.7662 2.3009869 -0.90478538
23 392.96424 45.473561 0.56416437 0.35128066 0.12417763 25 0 252.08536 1.2200146 -0.21591259
24 69.409449 45.707479 0.56742572 0.055879031 -0.27537543 25 0 539.60726 2.5245409 -1.005456
25 252.8184 45.952174 0.46487107 -0.38421154 -0.11064005 25 0 237.18636 1.1721725 -0.1724788
26 114.3255 47.682209 0.59435446 -0.099014486 -0.14698515 25 0 5022.53 20.628193 -3.286153
27 157.27519 48.050044 0.50854594 0.63880989 -0.29723349 25 0 347.47556 1.6671632 -0.5549453
28 402.99534 49.16637 0.64268431 0.15092487 -0.18739299 25 0 1119.4707 4.625524 -1.6629024
29 236.4094 53.31176 0.73797421 0.32682935 -0.044502218 25 0 351.91658 1.3740663 -0.34501926
30 403.44178 54.727026 0.33927871 0.85455143 0.022576537 25 0 159.03471 1.0303843 -0.032498036
31 55.340528 54.920803 0.52087112 0.69360551 0.041926509 25 0 220.14522 1.1441837 -0.14623935
32 249.84634 54.607988 0.60788148 0.25076787 -0.14143019 25 0 344.61956 1.499323 -0.43973804
33 473.46865 55.184301 0.6320818 0.22912339 -0.33334431 25 0 886.639 3.711554 -1.4238895
34 297.11413 56.066046 0.64323947 0.15844017 -0.20149802 25 0 1741.5266 7.0462269 -2.1198916
35 145.07019 60.739569 0.727673 0.23884246 -0.12957105 25 0 390.04418 1.3457974 -0.32244925
36 446.09642 62.821707 0.67923183 0.21184205 -0.17802484 25 0 1755.0486 6.791067 -2.079845
37 33.453268 63.834857 0.67286666 -0.14162761 -0.0337647 25 0 310.3017 1.3418421 -0.31925357
38 504.49031 65.096035 0.66041767 0.023832968 -0.20399927 25 0 3523.4521 13.648089 -2.8376796
39 0.69416174 66.809548 0.66902803 0.087879318 0.14674501 25 0 426.76215 1.8828035 -0.6870125
40 352.34512 66.978587 0.46508527 -0.58659843 -0.028178839 25 0 189.22495 1.0257517 -0.027605616
41 57.521971 68.48653 0.66222176 0.34492791 -0.072175788 25 0 448.32748 1.777458 -0.62449835
42 34.319269 68.768798 0.6733503 -0.20849739 -0.11002968 25 0 682.75863 2.6695339 -1.0660886
43 172.33015 69.171282 0.69115629 -0.05168803 -0.0995507 25 0 305.87424 1.1520814 -0.15370789
44 435.66389 69.676554 0.66414077 0.41826141 -0.12791862 25 0 1646.2276 6.4759243 -2.0282544
45 474.41317 70.558207 0.437901 0.77825701 0.13477219 25 0 323.90516 1.7378737 -0.60004552
46 0.65452035 70.43396 0.64465631 0.23473548 0.067783926 25 0 468.20612 1.9916312 -0.74802229
47 115.25659 70.520329 0.59448173 -0.37726532 -0.14571086 25 0 351.97316 1.2878981 -0.27470375
48 420.8824 71.330672 0.65340316 0.17323949 -0.054685088 25 0 589.77086 2.3875893 -0.94489905
49 39.542817 72.823677 0.66658282 0.014427286 -0.47570576 25 0 231.0499 1.0172379 -0.018556342
50 58.642332 73.739217 0.66216912 0.42516544 -0.12732378 25 0 1791.6003 7.0736973 -2.1241162
51 316.69434 75.181056 0.60949588 -0.54851336 -0.16594672 25 0 244.48914 1.1633508 -0.16427671
52 471.39331 78.234658 0.6700687 0.59601301 -0.10220358 25 0 1018.9631 3.8061313 -1.4512094
53 353.48836 82.228071 0.64134993 0.29255259 -0.26277131 25 0 3343.905 13.133839 -2.7959792
54 122.40081 85.726499 0.46715499 -0.41686053 -0.11298243 25 0 340.20347 1.6634148 -0.55250143
55 438.12967 87.532445 0.4055106 -0.091151536 -0.13514392 25 0 159.24925 1.0880781 -0.091650211
56 94.975819 89.014878 0.64353059 -0.0047583978 -0.21757468 25 0 701.16603 2.9133595 -1.1609852
57 147.52612 89.234242 0.64650629 0.35091709 -0.24413262 25 0 371.79729 1.4200514 -0.38076016
58 493.85104 89.240907 0.65766665 0.14746224 -0.10129508 25 0 23948.071 93.615852 -4.9283735
59 157.66798 95.978952 0.57300946 0.12457374 -0.3150634 25 0 493.57539 2.1705243 -0.84141165
60 286.54486 96.481262 0.517735 -0.61855958 -0.22414277 25 0 1005.4655 4.3085723 -1.5858335
61 290.49464 98.303488 0.61470502 0.3234549 -0.27971854 25 0 1396.4195 5.6273137 -1.8757528
62 188.70032 99.419264 0.61803605 -0.1454876 -0.097874552 25 0 1594.6537 6.1361956 -1.969748
63 118.60517 103.07985 0.61690508 -0.48047108 -0.041128102 25 0 406.81588 1.7866684 -0.6301099
64 454.3876 103.27631 0.71480881 0.28235635 -0.18737184 25 0 461.04772 1.7861322 -0.62978403
65 56.467139 103.49532 0.58238005 0.66319034 -0.13473095 25 0 3624.611 14.527132 -2.9054497
66 64.509208 104.84891 0.57909276 0.15714866 -0.26627888 25 0 245.94022 1.0536262 -0.056716373
67 299.58236 105.3081 0.59213751 0.45462718 -0.46264071 25 0 288.87681 1.2710412 -0.26039908
68 510.99997 105.42417 0.85001585 0.25368158 0.39287968 25 0 1097.888 3.9222812 -1.4838468
69 492.18818 109.15254 0.66600089 0.29411729 -0.076130978 25 0 2356.5768 9.2252193 -2.4124417
70 335.07831 114.80981 0.55770106 0.2170353 -0.14544931 25 0 609.47567 2.8378804 -1.1324852
71 221.7811 116.63856 0.57291164 0.36674136 -0.10495703 25 0 15774.195 66.034713 -4.5494307
72 239.21792 116.7825 0.59243375 0.17218751 -0.076900981 25 0 1001.9901 4.0870723 -1.5285308
73 249.25619 118.12742 0.64951275 0.20518725 -0.22230842 25 0 2013.9233 7.9225326 -2.2471601
74 305.90993 117.84665 0.62611705 0.33424079 -0.18399298 25 0 1249.9928 5.1872898 -1.7873513
75 451.16407 119.50364 0.47555618 0.60314838 -0.033443826 25 0 364.07478 1.776821 -0.62410919
76 100.82122 120.2248 0.59274521 0.10343363 -0.024703456 25 0 502.82716 2.2400389 -0.87563892
77 201.46312 119.6938 0.62431972 0.13475626 -0.27608901 25 0 543.8369 2.1742299 -0.84326367
78 495.31224 119.99147 0.8369606 -0.27992346 -0.073828885 25 0 358.68992 1.1844207 -0.18376498
79 155.56494 121.27041 0.66533777 -0.18001932 -0.22670959 25 0 498.38239 1.9844077 -0.74407724
80 53.673201 121.69786 0.60396972 0.58733562 -0.086090494 25 0 585.58712 2.5185815 -1.00289
81 153.11306 123.29752 0.60439159 0.22660427 -0.12144236 25 0 2022.2407 8.17531 -2.2812606
82 481.14046 123.59757 0.59147248 0.053898644 0.19279222 25 0 425.93378 1.9032402 -0.69873403
83 177.15751 128.71665 0.55621716 0.08664627 -0.16329885 25 0 1673.7714 7.1590721 -2.1371418
84 8.5326004 130.24354 0.68553981 0.30280137 -0.22624718 25 0 1283.6835 4.928899 -1.7318748
85 254.56267 132.08458 0.63049121 -0.21018825 -0.65639613 25 0 436.10956 1.6638269 -0.55277037
86 474.62887 134.4332 0.5480812 0.011400367 -0.18712985 25 0 184.69086 1.0703921 -0.073857228
87 397.02369 140.2027 0.63340585 0.19998691 -0.13895367 25 0 12867.354 51.185246 -4.272862
88 385.45905 143.18531 0.59043477 0.13403593 -0.35788815 25 0 206.76418 1.0143145 -0.015431567
89 299.85843 145.83869 0.59393869 0.21368523 -0.22323401 25 0 2950.6345 12.131505 -2.7097867
90 15.747422 146.51395 0.60059446 0.52171746 0.080021011 25 0 754.87117 3.1844072 -1.2575715
91 485.24456 152.14459 0.67209877 0.262365 -0.14168104 25 0 8640.0951 33.4856 -3.8121452
92 98.370117 159.90638 0.79521537 -0.090987689 -0.28688752 25 0 576.87491 1.9017451 -0.69788078
93 386.94811 161.78644 0.60111397 0.22069751 -0.13274593 25 0 52176.811 214.63786 -5.8292658
94 426.22829 165.18902 0.6785136 -0.052906989 -0.23896036 25 0 647.89423 2.6006627 -1.0377101
95 207.54066 165.62358 0.54162645 0.69107719 0.088322494 25 0 420.05097 1.7830234 -0.62789263
96 154.5974 169.07007 0.63919772 -0.024552896 -0.50422137 25 0 777.42721 3.0619111 -1.2149814
97 457.21869 171.46995 0.71750035 0.7223332 0.14888635 25 0 254.61252 1.131428 -0.13406727
98 34.389959 172.69926 0.665595 0.28821095 0.10400094 25 0 387.80431 1.6776454 -0.56175044
99 479.29173 173.56839 0.61036498 0.60762813 0.046768556 25 0 6044.4841 24.07153 -3.4537592
100 227.05757 174.13018 0.5884018 0.1163581 -0.18931735 25 0 1823.4642 7.6239988 -2.2054571
101 347.49142 173.97643 0.70894091 -0.33149882 -0.42768919 25 0 487.93202 1.7981837 -0.63708517
102 165.19647 174.87186 0.57694474 -0.22101452 -0.23264801 25 0 949.04993 3.9491401 -1.4912564
103 414.65807 176.21273 0.65045148 0.45405515 -0.18933735 25 0 289.42078 1.2120795 -0.20882775
104 153.66828 177.43033 0.5156173 0.46858699 -0.08882381 25 0 1290.4885 5.4634813 -1.8436737
105 23.115437 178.71184 0.48588252 0.78029638 -0.0080992997 25 0 195.44698 1.1139753 -0.11718889
106 17.872676 183.35238 0.613068 0.19663511 -0.082397623 25 0 772.77789 3.1464096 -1.2445382
107 115.91115 183.53794 0.62378699 0.3573808 0.051515255 25 0 1740.1378 6.7768056 -2.0775626
108 422.16407 182.8553 0.62351935 0.010347057 -0.16119366 25 0 2920.7017 11.921796 -2.6908542
109 412.02266 185.0323 0.73469391 0.2256859 0.0779633 25 0 726.40702 2.776111 -1.1085921
110 483.9556 184.56119 0.59634861 -0.016706424 -0.21068285 25 0 724.7358 3.0662233 -1.2165095
111 227.74457 186.35521 0.56519294 -0.11726244 -0.16116884 25 0 1006.3112 4.1523942 -1.5457464
112 422.60657 187.87405 0.69104843 -0.136582 -0.15115601 25 0 944.50149 3.5703344 -1.3817722
113 190.36505 188.94015 0.6126568 -0.2537616 -0.46828511 25 0 686.03127 2.7337305 -1.0918892
114 72.578766 189.95802 0.6591403 0.10419312 -0.24502052 25 0 41287.683 160.34738 -5.5126547
115 122.24327 191.24399 0.68788135 0.31856489 -0.017746143 25 0 413.68433 1.4945101 -0.4362471
116 421.61777 195.86524 0.78448718 0.22987471 -0.23338753 25 0 356.62085 1.2739345 -0.26286775
117 455.93001 199.66394 0.49809275 0.59179796 -0.075703448 25 0 502.36721 2.3374207 -0.92184223
118 350.0649 201.56745 0.51236895 0.44123988 -0.057234164 25 0 222.2331 1.1047877 -0.10819712
119 383.04376 201.59882 0.45034137 -0.25134973 -0.3855624 25 0 217.46366 1.2729152 -0.26199872
120 169.24225 201.89159 0.6069233 0.23682707 -0.32208137 25 0 617.59162 2.5004824 -0.99505952
121 199.64012 203.13186 0.72681002 0.13794035 -0.24602345 25 0 411.52924 1.4342123 -0.39153362
122 509.83622 203.36604 0.62525188 -0.068268551 -0.017360505 25 0 1618.5828 6.6451401 -2.0562603
123 67.773272 203.96994 0.66928502 0.44101384 -0.13438125 25 0 605.95106 2.2459466 -0.87849856
124 406.97126 204.15188 0.66418248 -0.051429792 -0.24051583 25 0 314.23565 1.3043684 -0.28850065
125 470.42547 205.65383 0.5925813 -0.26181629 -0.21270079 25 0 529.18259 2.1893204 -0.85077329
126 503.73562 209.51065 0.59745582 -0.033716581 0.019231008 25 0 2931.8875 11.716002 -2.6719486
127 13.885186 213.58032 0.49427412 0.96037764 -0.48481489 25 0 321.73736 1.4752078 -0.42213303
128 335.86768 215.29671 0.47782286 0.028082179 -0.28761332 25 0 189.65792 1.1006492 -0.10412227
129 426.5269 215.68995 0.65503768 0.54822677 -0.17436607 25 0 1030.5665 3.9355005 -1.4874999
130 327.43239 217.87687 0.60911027 -0.041509699 -0.24051014 25 0 1461.2453 5.8537079 -1.9185776
131 257.53171 219.80894 0.55433897 -0.17853975 -0.31384241 25 0 603.29462 2.5577346 -1.0196387
132 151.76662 221.14089 0.60723278 0.27613677 -0.14218807 25 0 1002.9057 3.974926 -1.4983226
133 494.74081 221.69922 0.34819784 -0.068826758 -0.088688709 25 0 154.82045 1.0545192 -0.057636196
134 480.43261 224.40823 0.60715069 0.52534874 -0.12643964 25 0 4416.8674 17.805307 -3.1263737
135 441.80567 225.23313 0.4950147 -0.43842802 0.014171883 25 0 177.88612 1.0662748 -0.069672893
136 240.91079 226.5941 0.55549545 0.18862309 -0.08402228 25 0 2587.6542 10.880668 -2.5916389
137 353.15235 228.78679 0.60009415 0.077827653 -0.17597427 25 0 4373.2452 17.878733 -3.1308418
138 423.18708 229.59189 0.57809245 0.48090179 0.042283158 25 0 12261.133 49.412205 -4.2345856
139 328.16371 231.11088 0.56690619 0.16553398 -0.13127996 25 0 1072.7986 4.7253809 -1.6860921
140 492.58842 231.55541 0.4901674 -0.31355461 -0.14335576 25 0 275.88642 1.4918863 -0.43433928
141 153.15551 233.98643 0.65757591 -0.59451657 -0.2612054 25 0 308.00831 1.3270863 -0.30724793
142 181.53508 237.28636 0.655764 0.088590089 -0.23596932 25 0 695.78231 2.648577 -1.0575315
143 241.49359 238.33095 0.67615148 0.4023901 -0.27137046 25 0 760.45452 2.6905057 -1.0745848
144 31.916408 241.53055 0.58830542 0.028287982 -0.035829614 25 0 370.8849 1.6594019 -0.54987895
145 432.40598 241.02862 0.62707412 0.14630405 -0.2200169 25 0 1962.8164 7.8320104 -2.2346831
146 18.257279 244.07189 0.4447249 -0.1186967 -0.55357431 25 0 222.49422 1.2685332 -0.25825463
147 52.792464 251.75463 0.59474599 -0.40891179 -0.1245148 25 0 222.8953 1.0488199 -0.051752254
148 486.67486 252.26903 0.47618119 -0.036544212 -0.1024869 25 0 269.57983 1.4511677 -0.40429402
149 429.26183 254.4677 0.60391347 0.46133874 -0.063876252 25 0 6993.4604 27.953579 -3.6160935
150 205.13838 254.82952 0.56833473 0.085467002 -0.17236285 25 0 4852.0722 20.746098 -3.292341
151 267.18515 257.40352 0.55319003 0.27941557 -0.35474663 25 0 299.05465 1.1088113 -0.11214413
152 332.8298 263.86068 0.64052577 0.072742096 -0.18424147 25 0 406.05349 1.739904 -0.60131323
153 105.97115 265.20621 0.65631815 0.052871098 -0.20493697 25 0 382.25392 1.4696991 -0.41807107
154 498.94592 275.15364 0.68881393 -0.094709457 -0.2075745 25 0 247.11299 1.1531338 -0.15469926
155 27.461263 275.84653 0.65077136 -0.022065324 -0.22607254 25 0 242.45905 1.0904318 -0.093996234
156 34.284121 275.58206 0.6443981 0.59710336 -0.21101629 25 0 1354.9769 5.238816 -1.7980829
157 90.665218 277.2184 0.59145643 -0.32872055 -0.068100585 25 0 361.66702 1.5702239 -0.48990394
158 216.54541 283.87456 0.56343922 0.16067077 -0.1781053 25 0 333.7849 1.390448 -0.35788685
159 485.71895 284.19292 0.63093338 0.20170206 -0.20865634 25 0 237.33994 1.0160319 -0.017268368
160 48.647894 284.78279 0.67896896 0.032705576 -0.2154896 25 0 787.73191 2.9715367 -1.1824528
161 348.93189 287.21013 0.60470227 0.047726961 -0.18052304 25 0 5479.4154 22.308274 -3.3711649
162 161.62568 288.48286 0.60205229 -0.4324071 -0.1294533 25 0 786.67047 3.0140141 -1.1978632
163 40.235271 289.74652 0.6408945 0.11900561 -0.095263245 25 0 1383.3268 5.5613666 -1.8629538
164 68.459131 289.50821 0.66145046 0.79858174 -0.14227012 25 0 1035.5775 3.8291172 -1.4577467
165 323.26837 291.97749 0.54543656 0.12864926 -0.21560247 25 0 426.44345 1.8330342 -0.65792639
166 454.58975 292.07781 0.61865897 0.037070145 -0.31238675 25 0 772.17997 3.3365268 -1.3082365
167 8.0962184 294.43203 0.49012782 0.41554057 0.080092763 25 0 178.94575 1.0156514 -0.016861682
168 33.609008 297.0165 0.77314986 -0.49758407 -0.041884957 25 0 316.69755 1.1582606 -0.15951567
169 71.092441 299.16465 0.62180328 -0.49475208 -0.09881035 25 0 310.79996 1.1681716 -0.16876663
170 137.6243 299.17261 0.74272617 0.075223608 -0.27337838 25 0 518.97174 1.8494081 -0.6675819
171 51.922726 305.25441 0.64907487 0.1254497 -0.14910695 25 0 1397.6914 5.5268498 -1.8561942
172 399.7079 305.44166 0.40049898 -0.4673721 -0.056150873 25 0 309.46996 1.6693042 -0.55633869
173 195.49617 310.91994 0.55774074 -0.022851951 -0.37060471 25 0 760.17496 3.2397991 -1.2762952
174 427.1906 310.83938 0.61608721 -0.019706393 -0.18419406 25 0 1131.31 4.7225255 -1.6854358
175 114.62797 315.5633 0.60358405 0.58259784 -0.083355401 25 0 3127.1031 12.440437 -2.7370891
176 36.586431 319.42644 0.5571516 0.62432166 -0.27032946 25 0 317.96188 1.386838 -0.35506434
177 164.17923 325.16998 0.61688512 0.00821429 -0.41970797 25 0 385.12517 1.6110649 -0.51778257
178 431.55092 325.00429 0.597094 0.29546772 -0.093370224 25 0 278.09273 1.1254435 -0.12830925
179 306.93448 327.46957 0.57742346 -0.015618904 -0.07983939 25 0 566.92823 2.3461804 -0.92590353
180 239.72967 330.22598 0.74192163 -0.051472986 -0.10810133 25 0 335.65827 1.080088 -0.083647864
181 7.4695849 335.49999 0.64250425 0.70194855 -0.066986022 25 0 11392.083 43.801166 -4.1037142
182 264.32622 334.71847 0.48205998 -0.1804233 -0.18962643 25 0 467.76114 2.1757248 -0.8440099
183 357.02394 335.04534 0.63115686 0.19400748 -0.0054307911 25 0 574.19524 2.3279673 -0.91744219
184 240.59212 336.14131 0.62711657 0.08056848 -0.25869124 25 0 834.00643 3.2082814 -1.2656811
185 53.739354 336.69365 0.66935035 0.23969138 -0.17517623 25 0 1026.3223 3.9325417 -1.4866833
186 465.47775 342.72087 0.43235676 0.65909715 0.23450419 25 0 734.06032 3.0816409 -1.2219551
187 236.61879 345.99277 0.58838599 -0.042425313 -0.18745939 25 0 352.3931 1.389016 -0.35676813
188 337.39386 348.66239 0.58158574 -0.38720047 -0.24325663 25 0 623.73213 2.51718 -1.0022857
189 452.37061 351.40128 0.65944024 0.20857136 -0.16917011 25 0 271.62522 1.025482 -0.027320131
190 216.66593 352.31445 0.62513935 -0.11305837 -0.16299303 25 0 5191.7677 20.238383 -3.2654395
191 358.65149 353.73042 0.64306911 0.15586384 -0.12648141 25 0 1121.9713 4.3804287 -1.6037915
192 470.42872 354.70245 0.55076086 -0.48257993 -0.29458187 25 0 371.91773 1.6632965 -0.55242418
193 275.50955 356.29281 0.60935891 -0.2201544 -0.26727629 25 0 22882.231 88.067165 -4.862035
194 0.0561268 358.63418 0.7752809 -0.2605466 0.58625234 25 0 461.02695 1.6712141 -0.55758025
195 133.80511 358.2382 0.69884262 0.9504636 0.14749006 25 0 323.02494 1.1516703 -0.15332042
196 420.1397 358.87151 0.46433761 -0.28168898 -0.2799426 25 0 208.92832 1.0861331 -0.089707643
197 0.39047523 361.91875 0.80721912 -0.51336323 0.17563053 25 0 593.49827 2.0359719 -0.77192947
198 391.30602 363.399 0.5884366 0.39305601 -0.10063949 25 0 1696.4206 6.7736748 -2.0770609
199 456.56749 364.01249 0.67207037 -0.017869989 -0.1673767 25 0 415.34039 1.6723382 -0.55831029
200 202.97627 365.2969 0.65905419 0.17578474 -0.094017558 25 0 1691.7614 6.4624456 -2.0259923
201 255.01912 366.43282 0.55019575 0.19827014 0.036645465 25 0 2392.9482 9.9292196 -2.4922878
202 72.500756 367.9413 0.69306992 0.16023736 -0.26641182 25 0 5240.9823 19.343474 -3.2163362
203 404.51441 367.77338 0.63606133 0.26260856 -0.30248319 25 0 1159.1421 4.6120842 -1.6597431
204 115.80801 368.76459 0.65161218 0.52571911 0.021633518 25 0 568.6004 2.1359887 -0.82399736
205 476.2895 369.80687 0.65264538 -0.069057205 -0.12509123 25 0 9974.9987 39.115956 -3.9808849
206 0.2206812 370.95123 0.91761017 -0.10209382 0.21113164 25 0 557.45317 1.7975722 -0.63671588
207 452.86538 377.73065 0.50936837 -0.5197382 -0.44964806 25 0 239.4716 1.1558692 -0.15727169
208 422.9853 379.25055 0.64154005 0.075982387 -0.025114732 25 0 350.57399 1.3412507 -0.31877491
209 342.79517 380.93726 0.61673385 0.076373541 -0.20700525 25 0 3480.9476 14.120048 -2.8745904
210 2.9706734 381.32151 0.7171108 0.24551151 0.19845511 25 0 313.16971 1.1625016 -0.16348387
211 51.719009 382.07746 0.71133312 0.10042646 -0.22499403 25 0 4232.6489 15.80682 -2.9971113
212 97.532378 383.82706 0.5511197 0.27127172 -0.19178041 25 0 549.78683 2.221555 -0.86664266
213 204.31484 385.29673 0.58252098 0.20915193 -0.07092287 25 0 579.25838 2.2097446 -0.86085519
214 245.94422 386.05763 0.59157577 0.24490721 -0.18285686 25 0 350.10211 1.3421116 -0.31947159
215 460.79547 386.26646 0.65531449 -0.86019192 -0.021323741 25 0 694.83016 2.5704686 -1.0250308
216 77.144032 386.93564 0.66769279 0.10347229 -0.32034152 25 0 419.11122 1.5671229 -0.48775761
217 121.55633 388.00427 0.72611041 -0.058987654 -0.36914377 25 0 1586.9274 5.4774579 -1.8464476
218 493.38258 388.13684 0.56515366 0.042740231 -0.4578735 25 0 297.34421 1.2735562 -0.26254529
219 432.16101 390.24155 0.65239034 0.064903467 -0.11678382 25 0 2779.9893 10.972077 -2.6007221
220 461.57467 389.86111 0.66061475 -0.36915591 -0.29165735 25 0 2197.6524 8.266453 -2.293298
221 36.978182 392.93337 0.67519539 -0.030537003 -0.20718958 25 0 665.62559 2.4778482 -0.98518675
222 223.48599 398.08381 0.66667647 -0.078109469 -0.33330409 25 0 8002.6004 30.029811 -3.6938815
223 353.9489 400.08845 0.60641015 0.094728856 -0.28805386 25 0 783.6863 3.282416 -1.290484
224 150.34771 400.26691 0.51491456 -0.34495719 0.13125218 25 0 261.25625 1.0899134 -0.093479957
225 389.40941 405.05901 0.58970464 0.19347111 -0.21964246 25 0 631.66336 2.6544225 -1.0599251
226 249.95113 409.23925 0.62525666 0.27946323 -0.18796654 25 0 2073.8475 8.2106641 -2.2859457
227 268.20238 408.97659 0.48508556 -0.094672306 -0.19535204 25 0 302.33707 1.3012275 -0.28588311
228 471.33061 409.67439 0.5185195 0.36031096 -0.0070034615 25 0 462.85338 2.0134811 -0.75986889
229 18.472055 413.13407 0.66502504 0.58805788 -0.40069592 25 0 305.02153 1.1334284 -0.1359852
230 81.955006 414.46754 0.63186406 0.35907739 -0.060526281 25 0 935.53399 3.4904399 -1.3572004
231 106.04506 415.94391 0.68489244 0.14953151 -0.1626634 25 0 2624.9961 9.9766671 -2.4974637
232 281.94806 426.11104 0.6460384 0.034531777 -0.15001345 25 0 400.34051 1.3840166 -0.35285322
233 162.8399 427.51081 0.5915848 0.17299146 -0.068543766 25 0 343.39919 1.1998536 -0.19782069
234 191.59339 433.03321 0.70286786 0.53727538 -0.26317734 25 0 382.84082 1.277574 -0.26596514
235 156.81269 434.05389 0.66220262 0.14437119 -0.20167163 25 0 2493.59 9.6765398 -2.4643002
236 130.262 434.92236 0.69476167 0.085921282 -0.19391932 25 0 1283.5723 4.5959685 -1.6559426
237 379.16508 434.9615 0.85870384 0.11319665 -0.25545124 25 0 447.4826 1.280259 -0.26824456
238 159.42099 436.88766 0.5962991 0.13376388 -0.34835595 25 0 358.34683 1.2684645 -0.25819582
239 230.03188 437.432 0.5521313 0.041560213 -0.082935898 25 0 1023.2564 4.3027366 -1.5843619
240 488.94572 437.29038 0.25681686 0.18588294 -0.013992008 25 0 61122.429 309.15179 -6.2254294
241 342.607 439.25613 0.62672768 0.28445812 -0.29773387 25 0 3145.4448 12.17595 -2.7137571
242 12.187368 442.20896 0.74498738 0.54889977 -0.16649403 25 0 463.38685 1.5198499 -0.45450178
243 243.05551 441.88662 0.62193736 -0.019467381 -0.062875244 25 0 1195.9971 4.7016334 -1.6806219
244 89.25679 443.66467 0.64128425 0.025796214 -0.097909736 25 0 14930.519 59.003181 -4.4271886
245 474.07313 444.34624 0.57994227 -0.084996184 0.32417671 25 0 359.47527 1.388532 -0.35638971
246 460.76893 450.65516 0.47708365 0.14664226 -0.22456232 25 0 320.51345 1.4331591 -0.390736
247 475.08936 453.86984 0.69017954 0.069109122 -0.13319817 25 0 2625.8218 10.032621 -2.503536
248 377.5037 456.23781 0.58364447 -0.24216429 -0.31954911 25 0 388.23335 1.5013349 -0.44119396
249 309.05814 457.43531 0.61331822 0.17864937 0.041452043 25 0 737.96398 2.8436548 -1.1346922
250 433.26473 458.65523 0.61936226 -0.1022686 -0.0391491 25 0 484.12773 1.8156326 -0.64756993
251 360.07611 462.36633 0.61787319 0.13928924 -0.099519683 25 0 1414.8609 5.6758288 -1.8850732
252 496.74536 461.75284 0.70152799 0.67367966 -0.00075452449 25 0 304.56992 1.1006894 -0.10416194
253 54.296385 463.22271 0.71106701 0.30029149 -0.18941813 25 0 6635.3616 24.741928 -3.4835838
254 147.24758 464.5362 0.6462275 0.38438498 -0.069112296 25 0 1179.1024 4.4650374 -1.6245627
255 425.54741 465.99582 0.49382227 0.026774289 -0.19499556 25 0 61375.27 265.35679 -6.0595755
256 289.29256 466.66676 0.6721805 -0.54843292 -0.010580741 25 0 342.84662 1.1525945 -0.15419136
257 402.70876 468.42354 0.64815942 0.076238732 -0.11410253 25 0 374.30278 1.4370239 -0.39366001
258 43.502334 468.18809 0.3215631 -0.3164988 0.12827697 25 0 220.10556 1.1443697 -0.14641589
259 208.99292 472.44932 0.56936431 0.27561959 0.021798134 25 0 4441.0141 18.218721 -3.1512947
260 340.55501 474.21782 0.70732247 -0.23634778 -0.35719475 25 0 694.49628 2.509296 -0.99887973
261 426.72476 473.7886 0.67075378 -0.097499965 -0.36201504 25 0 614.30665 2.089134 -0.79991574
262 112.295 476.43146 0.72713815 0.1073514 -0.060655726 25 0 560.5307 1.8882595 -0.69015419
263 259.05773 475.87341 0.65028512 0.10947914 -0.16953473 25 0 3544.3538 13.875864 -2.8556501
264 336.37429 480.89625 0.7430339 0.20765781 -0.35610083 25 0 599.51001 2.0845341 -0.7975225
265 137.01482 481.79471 0.72630648 -0.16205954 -0.267643 25 0 1040.8393 3.6332439 -1.4007364
266 214.6807 486.10997 0.60564022 0.49067753 -0.12934208 25 0 312.69349 1.1037346 -0.10716163
267 61.999227 487.20074 0.71883729 0.38781656 -0.1789742 25 0 1312.2708 4.7295007 -1.6870382
268 238.24289 496.93875 0.60358675 0.01225831 -0.31592707 25 0 503.71089 1.9932786 -0.74891999
269 495.4738 498.90996 0.66177331 -0.27059931 -0.34669972 25 0 320.61553 1.1063377 -0.10971927
270 148.12535 500.87076 0.79322307 0.27240193 -0.59837664 25 0 376.79328 1.1586076 -0.15984093
271 65.248751 502.14237 0.77167786 0.19605805 -0.23352766 25 0 455.58938 1.4970123 -0.43806341
272 114.05303 503.76362 0.6079341 -0.38655465 -0.083908214 25 0 667.00643 2.6431161 -1.0552906
273 159.41062 504.0347 0.61672554 0.043809531 -0.3090104 25 0 561.55924 2.239876 -0.87555992
274 114.96234 507.58977 0.58589267 0.014256687 -0.085360997 25 0 731.44997 2.8242438 -1.1272554
275 161.25839 510.78523 0.91047955 -0.26725027 -0.54483064 25 0 930.35728 2.8233306 -1.1269043
