id xcentroid ycentroid sharpness roundness1 roundness2 npix sky peak flux mag
1 336.26159 3.1748861 0.53232631 0.16048007 0.22116108 25 0 685 2.2387987 -0.8750376
2 467.65859 6.2878157 0.61601133 0.11556215 0.071900006 25 0 406 1.3657919 -0.33846132
3 2.4760549 11.232971 0.55757998 0.4022501 0.14463709 25 0 318 1.2562533 -0.24769303
4 147.98206 10.675273 0.53945721 0.65838159 0.21255771 25 0 442 1.4213526 -0.38175457
5 373.75688 11.840402 0.59636311 0.26772581 0.10391773 25 0 751 2.3812049 -0.94199191
6 63.189997 12.743394 0.65319884 -0.056429982 0.12365083 25 0 14549 40.374354 -4.015264
7 10.747078 14.422574 0.67257527 -0.1726984 0.18964197 25 0 5223 14.145403 -2.8765383
8 447.07476 14.911267 0.57173308 0.087996901 0.040496186 25 0 646 2.234959 -0.87317388
9 506.38388 14.675778 0.60038439 -0.11361942 0.074817099 25 0 23290 65.815046 -4.545813
10 392.96122 33.343399 0.56337208 -0.055343262 0.056526241 25 0 521 1.6730771 -0.55878989
11 165.65707 36.029753 0.63396475 0.15364123 -0.30389449 25 0 465 1.2732697 -0.262301
12 152.33357 40.254417 0.53581175 0.13062465 -0.043292092 25 0 501 1.6044691 -0.51332841
13 225.51607 41.337862 0.61657993 0.44947658 -0.03798737 25 0 1051 2.7146642 -1.0842903
14 244.93824 42.165525 0.61363054 0.1912121 0.15461036 25 0 2400 6.8766771 -2.0934466
15 457.83809 41.978096 0.72800388 0.31136651 0.024170942 25 0 285 1.0123086 -0.013282363
16 385.52372 43.179791 0.41647674 0.23132059 0.14829269 25 0 336 1.2971755 -0.28249681
17 363.46968 44.174981 0.35589773 0.25872237 0.13402365 25 0 58814 193.08814 -5.714389
18 105.29528 44.590224 0.67518894 0.018955368 0.13315179 25 0 530 1.4681835 -0.41695086
19 150.15767 46.512493 0.60438288 0.33932964 0.22842818 25 0 4773 13.359171 -2.8144488
20 439.08032 47.620851 0.60980193 0.24550733 0.17447324 25 0 940 2.9325081 -1.168098
21 285.81529 53.219842 0.63908104 0.29261882 0.21228163 25 0 456 1.2291143 -0.2239807
22 509.66379 53.557779 0.43410918 0.52857901 0.14157346 25 0 464 1.8799123 -0.68534398
23 333.18829 54.627597 0.61115459 0.044446739 0.092378767 25 0 1562 4.3607768 -1.5989096
24 482.12692 61.189001 0.56957433 0.24029694 0.18441813 25 0 1418 4.6354745 -1.6652355
25 93.417516 67.33034 0.4575945 0.15942887 0.05895446 25 0 368 1.3272229 -0.30735964
26 70.229788 67.500032 0.61658441 -0.12159826 0.21453001 25 0 580 1.7114133 -0.58338723
27 471.69931 68.059397 0.59745568 -0.0061106129 0.022370946 25 0 1465 4.4541588 -1.6219142
28 151.20872 69.286714 0.69892038 -0.1747035 0.12904702 25 0 484 1.18599 -0.18520254
29 510.63906 68.700527 0.6868591 -0.44840581 -0.082586052 25 0 355 1.0672034 -0.070617982
30 36.575247 69.419241 0.59292366 0.067536947 0.21202549 25 0 386 1.1500878 -0.15182746
31 456.96544 69.666517 0.60566239 0.48347695 0.23140367 25 0 478 1.5481102 -0.47450465
32 94.495711 72.535641 0.62923202 -0.55312474 0.06716103 25 0 1390 3.6312302 -1.4001345
33 507.51168 76.520472 0.57488473 0.84224281 0.20134944 25 0 707 2.2161852 -0.86401512
34 0.76788289 78.16222 0.59041186 -0.14428358 0.16189996 25 0 420 1.3768866 -0.34724545
35 389.55742 80.71614 0.5888155 -0.18751165 -0.039548824 25 0 2967 8.3276156 -2.3013017
36 9.9543144 83.502236 0.65969681 0.081311933 0.2727142 25 0 744 2.1528982 -0.83255873
37 158.33448 84.304716 0.50989593 -0.36941927 -0.16300835 25 0 413 1.2301697 -0.22491254
38 130.89858 87.794793 0.60340387 0.091029976 0.065814067 25 0 638 1.7376788 -0.59992374
39 193.93479 94.505185 0.60853355 0.28611359 0.097569484 25 0 533 1.3793326 -0.34917248
40 322.56155 95.132285 0.60282234 -0.12962599 -0.052741064 25 0 1294 3.4901662 -1.3571153
41 326.5831 96.838299 0.5675255 -0.28405702 -0.19365012 25 0 1367 3.7795505 -1.4436004
42 224.84908 98.050919 0.59533297 0.48785179 0.16728787 25 0 1813 5.2204054 -1.7942606
43 92.53874 102.28006 0.5239512 0.19698475 -0.05575488 25 0 2797 8.2242811 -2.2877449
44 154.47536 101.82668 0.51858972 0.35271604 -0.090383818 25 0 366 1.0189261 -0.020356762
45 371.14439 113.17734 0.60650769 0.18208119 0.12447887 25 0 626 1.7287861 -0.59435318
46 257.88641 115.3265 0.61483208 0.053514601 0.14861655 25 0 16798 46.965974 -4.1794583
47 275.19543 115.38469 0.59985499 0.84528166 0.3695227 25 0 1013 2.4607609 -0.97767353
48 341.98555 116.32301 0.63271159 0.027078958 0.1214392 25 0 1239 3.2582425 -1.2824585
49 285.42665 116.77031 0.60089331 -0.28577864 -0.030016595 25 0 1768 4.6421153 -1.6667898
50 237.52848 118.63122 0.567444 -0.51682842 0.069010584 25 0 526 1.3888044 -0.35660272
51 487.2523 117.91504 0.59067696 -0.14020837 0.015372179 25 0 423 1.4046625 -0.36893
52 136.82364 118.86177 0.66507832 0.5353321 0.035863844 25 0 546 1.3169473 -0.29892097
53 89.715627 120.50706 0.64335647 0.20111876 0.17492077 25 0 558 1.3301291 -0.30973446
54 190.94397 120.147 0.67624141 -0.58440401 -0.41163809 25 0 495 1.1329785 -0.13555416
55 189.22613 122.0285 0.60651917 0.11268257 0.067879459 25 0 2128 5.8830969 -1.924015
56 21.828913 123.91851 0.75210328 0.11506685 0.016312691 25 0 546 1.3959563 -0.36217952
57 213.23636 127.47824 0.56053364 0.44016305 0.12972346 25 0 1603 4.4398955 -1.6184319
58 44.433839 129.14524 0.61022237 -0.39861205 -0.12883576 25 0 1118 3.1096215 -1.2317688
59 16.778061 129.73458 0.55883727 0.34286031 0.19770939 25 0 399 1.2696685 -0.25922589
60 290.6688 130.68857 0.60991063 0.42614758 0.18966436 25 0 464 1.0404132 -0.043014673
61 433.11576 138.51472 0.61387367 0.091387474 0.23041888 25 0 11775 32.774224 -3.788831
62 335.99093 144.29817 0.6123598 0.10046842 0.12946174 25 0 3106 8.6351115 -2.3406699
63 51.751865 145.46587 0.62349828 -0.19459254 0.16405363 25 0 727 1.8994015 -0.69654192
64 34.868502 149.47175 0.69215582 0.050431551 0.30139266 25 0 666 1.6861915 -0.56726727
65 134.61075 158.70974 0.69342083 -0.47321599 -0.19017821 25 0 483 1.0306414 -0.032768987
66 423.07099 160.06527 0.61246426 0.13784395 0.09819522 25 0 52934 151.4255 -5.4504975
67 462.39439 163.71368 0.49981574 0.76205886 0.31657097 25 0 421 1.4776308 -0.42391484
68 243.67888 164.27927 0.49768483 -0.11671743 -0.11628609 25 0 468 1.154894 -0.15635529
69 383.41752 172.36322 0.49186778 0.37123555 0.1350024 25 0 479 1.5195592 -0.45429407
70 263.20639 172.66254 0.56826761 -0.085191173 0.075421158 25 0 1751 4.9020339 -1.7259408
71 201.35719 173.45097 0.6480563 -0.24457684 0.091581887 25 0 972 2.364203 -0.93421189
72 450.69984 174.62977 0.62199663 -0.26868053 0.071365307 25 0 321 1.0424028 -0.045088912
73 189.74242 176.12804 0.59994109 0.010494187 0.055581663 25 0 1692 4.658692 -1.67066
74 458.26229 181.1479 0.61617976 0.14093875 0.049427343 25 0 2831 8.1335909 -2.2757058
75 53.887637 182.27787 0.64074814 -0.14513398 -0.01046013 25 0 895 2.4527567 -0.97413616
76 152.05458 182.20591 0.62166248 0.1974562 0.14951377 25 0 1898 5.0158081 -1.7508523
77 448.0934 183.50399 0.65644997 0.62443831 0.33357507 25 0 562 1.5557817 -0.47987167
78 263.94197 184.90033 0.5854003 0.19155882 0.21100717 25 0 1179 3.2195666 -1.2694935
79 458.73636 186.0841 0.62454644 -0.32725965 0.0090615046 25 0 904 2.6699271 -1.0662485
80 226.47952 187.68533 0.5136581 0.01875062 0.05438218 25 0 650 1.7516476 -0.60861685
81 108.62263 188.72127 0.58389301 0.28820411 0.058057348 25 0 35747 103.05892 -5.0327139
82 158.30278 189.91637 0.52259092 0.21078109 0.029263498 25 0 479 1.2965655 -0.28198617
83 457.658 194.22442 0.68534515 -0.08085806 0.15343186 25 0 461 1.4061199 -0.37005587
84 492.08804 197.94187 0.66345024 0.14146283 0.12278197 25 0 656 1.9590041 -0.73008835
85 205.24071 200.50445 0.62527291 0.20977952 0.22973528 25 0 654 1.5718206 -0.49100741
86 103.74204 202.77415 0.62871784 0.051679836 0.11933601 25 0 655 1.6915663 -0.57072254
87 506.45552 204.19608 0.4870767 -0.21623169 -0.046495956 25 0 469 1.6438823 -0.5396768
88 1.8979505 210.80777 0.64207759 0.14916821 0.1743028 25 0 2181 6.05082 -1.9545356
89 49.84936 211.8302 0.57632488 0.15171963 -0.32155351 25 0 402 1.0277781 -0.029748391
90 51.828681 213.14077 0.69453328 0.70362878 0.23505338 25 0 531 1.2735961 -0.26257927
91 462.72644 214.01149 0.65855095 -0.010385661 0.02873465 25 0 1102 3.1501746 -1.2458366
92 25.036922 215.39709 0.63563901 0.22852625 0.19193455 25 0 1896 5.2106597 -1.7922318
93 363.58748 216.22566 0.5506911 0.16833626 -0.083259257 25 0 1317 3.7951238 -1.4480649
94 293.79814 218.37436 0.50785492 0.090013524 -0.13344121 25 0 594 1.602656 -0.51210081
95 187.87343 219.82628 0.57319871 0.3633684 0.038767271 25 0 1019 2.8461075 -1.1356283
96 277.04982 225.11234 0.59015031 0.13376026 0.10122242 25 0 2975 8.5414834 -2.3288332
97 389.31055 227.16665 0.59228684 0.16056796 0.034049093 25 0 4255 12.191512 -2.7151439
98 459.48886 227.78431 0.59549016 -0.21632246 -0.039486229 25 0 12392 34.893693 -3.8568673
99 364.2105 229.40404 0.59876735 -0.14725341 0.22492461 25 0 967 2.6293378 -1.049616
100 217.65601 235.84135 0.52962656 0.3643717 0.24966343 25 0 613 1.6150106 -0.52043844
101 277.63639 236.83865 0.57919804 0.25675576 0.043798761 25 0 756 1.9469069 -0.72336296
102 468.579 239.2996 0.60980111 -0.30666102 0.0320438 25 0 1707 4.7797714 -1.6985178
103 68.057171 240.3722 0.58455566 0.2526318 0.10606877 25 0 394 1.0153318 -0.016519999
104 241.30328 253.42434 0.55448236 0.46901855 0.11910062 25 0 4332 12.514571 -2.7435399
105 465.45391 252.70174 0.55372891 0.35703319 -0.015267083 25 0 6147 17.947896 -3.1350338
106 13.593293 254.4444 0.62759641 -0.29025319 0.11671979 25 0 936 2.3702237 -0.93697332
107 303.25013 255.84952 0.74869104 0.4899802 0.38577861 25 0 529 1.2101948 -0.20713819
108 368.92671 262.10486 0.67478011 0.067707448 0.10605577 25 0 409 1.0518025 -0.054835502
109 70.459916 274.33873 0.57894824 -0.33784997 0.013388402 25 0 1304 3.5390034 -1.3722024
110 84.671216 283.50007 0.59304224 0.079775096 0.1949702 25 0 741 1.9001267 -0.69695641
111 385.11955 285.61933 0.63000214 -0.01726342 0.16838902 25 0 5507 15.336191 -2.9642938
112 197.8292 286.98506 0.58510496 0.12970212 0.10918238 25 0 985 2.7625631 -1.1032805
113 76.36483 288.46715 0.52682933 0.34894687 0.10330665 25 0 1081 3.1037264 -1.2297086
114 104.47066 288.29474 0.5551333 -0.17415841 -0.07609301 25 0 1006 2.7507024 -1.098609
115 359.38114 290.36753 0.50893425 0.11966222 -0.041434383 25 0 357 1.0429095 -0.04561658
116 490.76125 290.50541 0.533979 -0.10264146 0.27054057 25 0 542 1.9281283 -0.71283982
117 28.901422 293.48064 0.58103342 0.20411237 0.1736395 25 0 483 1.3074216 -0.29103912
118 173.73397 297.7596 0.61984802 0.62633032 0.23463297 25 0 516 1.3032227 -0.28754663
119 88.075144 303.8898 0.60435686 0.095095582 -0.0012231862 25 0 1353 3.7659988 -1.4397004
120 435.89592 303.79942 0.65217139 0.26081068 0.20517912 25 0 330 1.0132333 -0.014273603
121 231.54273 309.49264 0.57798023 -0.51317976 0.052313268 25 0 732 1.8970704 -0.69520862
122 463.46189 309.23511 0.60272124 -0.26904138 -0.035782768 25 0 876 2.6906581 -1.0746463
123 150.81287 314.25279 0.62911211 -0.017846917 0.12634238 25 0 3334 8.9963782 -2.3851693
124 11.161132 316.06004 0.69122545 0.09271886 0.070272476 25 0 1023 2.6267488 -1.0485464
125 26.876172 316.02246 0.62727109 0.14225386 0.07690354 25 0 2300 6.4239039 -2.0194976
126 200.34089 323.58914 0.56560289 -0.26145582 -0.024394458 25 0 361 1.0510988 -0.054108871
127 343.15706 325.85398 0.62146512 0.13506428 0.12389267 25 0 598 1.7548045 -0.61057185
128 33.427438 333.23378 0.55871054 0.29139796 0.027122289 25 0 4049 11.893305 -2.6882564
129 300.70156 333.02422 0.5510797 -0.091610608 -0.078537831 25 0 453 1.3007895 -0.28551755
130 43.560387 334.21126 0.61303728 -0.21411569 0.00074759355 25 0 11277 31.385689 -3.7418292
131 393.36221 333.35158 0.63512483 -0.35429101 0.15637654 25 0 424 1.2181304 -0.21423446
132 89.914947 335.2785 0.68096501 -0.13441783 0.14118452 25 0 1026 2.5095698 -0.99899819
133 276.88413 334.72215 0.64885722 0.50912671 0.13217868 25 0 891 2.2940801 -0.90152144
134 501.81194 341.05105 0.58367112 0.14074278 0.49860434 25 0 793 2.4066161 -0.95351706
135 373.74441 346.97792 0.64334853 0.14571832 -0.065215809 25 0 782 2.2039256 -0.85799234
136 252.93808 350.75991 0.61395653 0.13164913 0.10916737 25 0 5365 15.329168 -2.9637965
137 394.95627 352.11976 0.6220945 0.18056752 0.11920606 25 0 1059 3.1454297 -1.2442
138 34.964173 353.18985 0.70141343 -0.25925819 0.18503487 25 0 867 2.1818242 -0.84704939
139 7.6289051 355.24977 0.618808 -0.051730181 0.089575268 25 0 891 2.5225019 -1.0045787
140 311.84089 354.72283 0.60371137 0.23504379 0.094613337 25 0 24209 68.956003 -4.5964302
141 35.134827 357.0602 0.66604993 -0.073304426 0.22794036 25 0 1426 3.8067327 -1.4513809
142 36.200799 360.16467 0.6667825 -0.24396316 0.50901313 25 0 526 1.3470202 -0.32343524
143 427.66373 361.71084 0.58567308 0.24337831 0.086320568 25 0 1722 5.1481661 -1.7791314
144 239.20525 363.75768 0.59640843 0.10274712 0.089902402 25 0 1497 4.3518118 -1.5966753
145 291.31301 365.01544 0.5956789 0.0072195102 0.024901859 25 0 2676 7.7755464 -2.2268273
146 440.86838 366.08747 0.73582828 -0.088944779 0.081703095 25 0 1215 3.2660802 -1.2850671
147 108.72503 366.53227 0.57037761 0.41900236 0.16095882 25 0 4188 12.151978 -2.7116175
148 152.02111 367.29774 0.4980413 -0.0019932285 0.095137603 25 0 424 1.2515272 -0.24360076
149 511.03427 368.07269 0.98636572 0.67059762 0.41041718 25 0 808 1.8469745 -0.66615224
150 35.905532 369.48867 0.63695388 0.27855754 0.21408349 25 0 520 1.4420082 -0.39741933
151 16.141151 373.52387 0.54965102 0.62059656 0.2175188 25 0 599 1.8394082 -0.6616953
152 379.15716 379.35886 0.60866411 0.19749238 0.1581079 25 0 3199 9.1780177 -2.4068722
153 87.933491 380.67482 0.62609489 0.24050423 0.17146377 25 0 3491 9.8222475 -2.4805272
154 133.71114 382.32512 0.61856567 -0.071454002 -0.15348283 25 0 565 1.5116698 -0.44864233
155 240.54805 383.75524 0.5186632 0.16481117 -0.12827896 25 0 513 1.6392572 -0.53661774
156 497.11407 384.8321 0.53240111 -0.53579461 0.42633097 25 0 434 1.629572 -0.53018387
157 18.119636 386.68202 0.66899387 -0.013661038 0.24212357 25 0 970 2.5530019 -1.0176279
158 157.69287 386.54292 0.61529618 0.33227903 0.18630734 25 0 1317 3.5669232 -1.3807344
159 468.50046 388.61104 0.61361767 -0.63647211 0.15195861 25 0 1875 5.2892936 -1.8084942
160 497.89519 388.112 0.68580782 -0.047583462 0.12505985 25 0 2133 5.9406175 -1.934579
161 73.140995 391.62824 0.64369532 -0.13282263 0.1560185 25 0 556 1.4548004 -0.40700855
162 259.84808 396.5453 0.6098744 0.3161328 0.18944335 25 0 7189 20.286352 -3.2680099
163 390.25139 398.42022 0.52758203 0.41499835 0.030298513 25 0 552 1.8284626 -0.6552152
164 288.9201 404.04295 0.61057828 0.31869396 0.18681744 25 0 692 2.0284617 -0.76791703
165 425.70501 403.46693 0.57082484 0.21360526 0.20372806 25 0 427 1.5413123 -0.46972661
166 16.521965 407.84618 0.60832727 -0.3414159 -0.02388101 25 0 784 2.1608438 -0.83655844
167 286.33371 407.69148 0.56465113 -0.17847756 0.047082856 25 0 1676 4.9655792 -1.7399248
168 507.89644 407.79342 0.49837085 0.46196457 0.2117595 25 0 301 1.3223605 -0.30337468
169 118.14012 413.21087 0.56611548 0.33347781 0.21001464 25 0 812 2.4606832 -0.97763926
170 142.24106 414.60332 0.59357202 0.49066807 0.25555741 25 0 1936 5.4915211 -1.8492316
171 318.03494 424.53047 0.53699678 -0.22522139 0.1507673 25 0 362 1.2948523 -0.28055062
172 227.83519 431.34293 0.51620276 -0.027601026 0.059513671 25 0 327 1.1260779 -0.12892114
173 166.52907 433.6324 0.62904661 -0.29642937 0.15288314 25 0 835 2.2289402 -0.87024602
174 193.09976 432.49126 0.60614981 0.15904241 0.23698017 25 0 1930 5.3202791 -1.814836
175 266.44017 435.86777 0.63758279 -0.10402792 0.029632785 25 0 974 2.6967271 -1.0770925
176 378.92186 437.57267 0.62216202 0.15915479 0.20629991 25 0 2954 8.4067765 -2.3115737
177 279.49126 440.31875 0.51294193 0.17714923 0.25672916 25 0 839 2.5907496 -1.0335636
178 125.5396 442.3577 0.52737312 0.44002856 -0.010688754 25 0 10873 32.687409 -3.7859512
179 510.96656 452.11669 0.82965164 0.1239227 0.37998153 25 0 1593 4.1198686 -1.5372084
180 345.43107 455.77043 0.64614842 0.17723678 -0.030979047 25 0 503 1.4792034 -0.42506971
181 396.46333 460.7067 0.51790575 0.12780212 -0.08763624 25 0 943 3.0840553 -1.2228054
182 90.462425 461.98604 0.58828355 -0.00053006293 -0.070861745 25 0 4994 14.368743 -2.893547
183 183.5137 463.05117 0.60206397 -0.28293777 -0.12104844 25 0 984 2.7981407 -1.1171739
184 462.0738 464.2688 0.4323713 0.046532302 0.10750975 25 0 58655 195.42463 -5.7274483
185 0.074126825 466.34113 0.83923907 0.20527577 0.52182411 25 0 701 1.7644975 -0.61655259
186 245.3804 471.06052 0.61418487 0.0020203972 -0.0246662 25 0 4634 13.264512 -2.8067282
187 377.04996 472.57173 0.7717561 -0.33526626 -0.069822593 25 0 572 1.5373302 -0.46691792
188 295.49892 474.35901 0.55166947 0.40430418 -0.011908001 25 0 2455 7.3478806 -2.1654052
189 148.30886 474.95825 0.53981614 -0.28076102 -0.16226554 25 0 323 1.1031369 -0.10657351
190 372.68862 479.28942 0.66836019 -0.14111741 -0.01574064 25 0 413 1.3007384 -0.28547488
191 173.30123 480.32177 0.52033487 -0.21492419 0.25887906 25 0 626 2.0469441 -0.77776496
192 98.211626 485.9116 0.63653711 -0.071370272 0.093599604 25 0 1071 3.0846013 -1.2229976
193 150.46219 502.63958 0.47886089 0.086123428 0.093706766 25 0 411 1.3049526 -0.28898683
194 195.6627 502.49589 0.61227243 0.29548049 0.15475042 25 0 380 1.0567025 -0.059881862
195 151.21397 506.16428 0.5663118 0.27503329 0.13737892 25 0 653 1.8880765 -0.69004894
196 197.79149 509.89517 0.62495506 -0.13301795 -0.089602804 25 0 872 2.4986377 -0.99425822
