id xcentroid ycentroid sharpness roundness1 roundness2 npix sky peak flux mag
1 328.04877 1.1365613 0.69649239 0.36328038 -0.012213557 25 0 293.21919 1.0685086 -0.071945013
2 300.54981 3.8642821 0.6924809 0.22389358 -0.34995638 25 0 856.22147 3.2919786 -1.2936425
3 309.79841 6.1928994 0.54397275 0.26398682 -0.16737595 25 0 313.43321 1.3915737 -0.3587655
4 432.00943 7.1108295 0.60096378 0.17612283 -0.11842142 25 0 592.04511 2.6429068 -1.0552046
5 112.38211 11.242487 0.60300449 0.30512639 -0.13696704 25 0 494.31044 2.0588011 -0.78403597
6 338.02265 12.510632 0.53222459 0.31218754 -0.013872689 25 0 671.84773 2.9373983 -1.1699071
7 27.471569 13.237761 0.65469069 -0.26487674 -0.18943917 25 0 14067.109 53.13058 -4.3133614
8 411.52808 15.688029 0.59534186 0.52519036 -0.18694817 25 0 660.44422 2.8088668 -1.1213279
9 470.66447 15.471692 0.60803511 0.69188265 0.035823548 25 0 24159.091 93.768915 -4.9301472
10 428.72857 17.261279 0.56221045 0.71082864 0.13126473 25 0 303.33471 1.5378245 -0.46726696
11 337.21101 20.865169 0.62707328 -0.041150858 -0.085819535 25 0 319.04804 1.3670806 -0.33948531
12 338.33548 26.069145 0.54803104 -0.23358804 -0.3554172 25 0 216.7118 1.0864019 -0.089976315
13 216.17443 30.709846 0.64216906 -0.34913115 -0.27328463 25 0 299.11413 1.1818578 -0.18141305
14 357.34269 33.918054 0.64847739 -0.13918311 -0.35933573 25 0 599.59238 2.2677578 -0.88899167
15 456.9027 34.09059 0.56409332 -0.42251715 -0.29837676 25 0 415.57573 1.9977491 -0.75135238
16 129.89515 36.829406 0.49457868 0.20722255 -0.04365064 25 0 395.15602 1.8886299 -0.69036715
17 116.6727 40.838576 0.62748246 0.34495642 -0.20221917 25 0 556.94584 2.2211259 -0.86643295
18 189.70978 41.891929 0.62498343 0.34497418 -0.10283053 25 0 1221.6915 4.9387396 -1.7340403
19 209.22252 42.707057 0.61023669 -0.016436675 -0.15520128 25 0 2355.1665 9.5117039 -2.4456458
20 422.066 42.580712 0.68553697 -0.1671936 0.14102316 25 0 269.15654 1.01773 -0.019081458
21 349.7527 43.930557 0.66155512 0.37471712 -0.072714402 25 0 617.32988 2.4378926 -0.96753644
22 69.570196 45.054599 0.60319159 -0.39277788 -0.31371522 25 0 484.47611 2.0023637 -0.75385742
23 253.15359 45.084792 0.63515383 0.13695567 -0.096448331 25 0 302.0635 1.2213523 -0.21710236
24 327.81238 44.8003 0.31039824 0.48470996 -0.053401778 25 0 58809.481 302.00435 -6.200033
25 114.49834 46.98991 0.65482239 -0.026044022 -0.26693053 25 0 5258.0052 19.924157 -3.2484499
26 157.4222 47.766502 0.56022636 0.66730721 -0.52517174 25 0 278.04574 1.1067499 -0.11012374
27 403.53004 48.389521 0.64814126 0.63159338 -0.16649359 25 0 979.2501 3.7828301 -1.4445421
28 236.79083 52.518118 0.37705191 -0.061807606 0.18208134 25 0 191.16911 1.1153269 -0.11850549
29 55.376025 54.364874 0.65981046 -0.30951246 0.033267151 25 0 274.51842 1.1976789 -0.19585095
30 250.19913 53.976467 0.64205786 -0.13401017 -0.068019671 25 0 335.92075 1.2733345 -0.26235626
31 404.05975 53.742287 0.61173084 0.38297427 -0.13883032 25 0 274.12656 1.1726471 -0.17291836
32 473.78653 54.381309 0.53305996 -0.046078186 0.087812734 25 0 754.64478 3.4173452 -1.3342221
33 297.4218 55.295188 0.59608857 0.34591835 -0.15404237 25 0 1503.3584 6.1311179 -1.9688492
34 145.32278 60.058126 0.56670345 -0.20654414 -0.29728871 25 0 345.93515 1.6119901 -0.51840591
35 446.49913 61.916241 0.65395891 0.15664717 -0.21803579 25 0 1522.0297 5.8174573 -1.911833
36 33.669658 62.899662 0.6428386 0.01642238 -0.19796295 25 0 261.07662 1.0686836 -0.072122832
37 504.9203 64.233443 0.65942607 0.15021386 -0.08266403 25 0 3659.3812 14.183453 -2.879455
38 0.63846165 65.852105 0.74796478 -0.042780927 0.059578109 25 0 509.6272 1.940551 -0.71981265
39 352.44278 66.096342 0.77477183 -0.084046454 -0.022540134 25 0 316.54363 1.2001965 -0.19813093
40 34.468856 68.067804 0.61732649 0.1961449 -0.31106862 25 0 629.65317 2.6639086 -1.0637983
41 57.60261 67.74585 0.76581901 -0.0087774329 0.054334691 25 0 453.29437 1.5453966 -0.47259987
42 172.4163 68.437368 0.69928902 -0.036528357 -0.21559361 25 0 314.57019 1.1504889 -0.15220607
43 436.05042 68.837781 0.6771184 0.13992341 -0.091946352 25 0 1831.522 7.1079446 -2.1293601
44 0.95374574 69.772032 0.79667028 -0.42900458 -0.082597514 25 0 515.16909 1.8335254 -0.65821733
45 115.62305 69.638612 0.56003656 -0.55109065 -0.28982831 25 0 385.11478 1.6552789 -0.54717796
46 421.32555 70.357894 0.59438111 0.56764051 -0.23911825 25 0 562.198 2.4344071 -0.96598302
47 474.7106 69.511491 0.63413485 0.42339395 0.1058373 25 0 378.4277 1.517661 -0.45293693
48 58.828629 72.957666 0.70014441 0.14203802 -0.079697866 25 0 1982.0497 7.4779324 -2.1844538
49 317.39106 74.323678 0.52698887 0.51176498 0.11682295 25 0 231.0393 1.2115162 -0.20832305
50 471.83919 77.516711 0.61922136 0.30034723 0.062061602 25 0 921.69566 3.7191932 -1.4261218
51 353.71511 81.528007 0.5554554 -0.070552565 -0.024872424 25 0 2777.6943 11.238285 -2.6267501
52 122.71376 84.787564 0.67672999 0.087906229 -0.19068548 25 0 534.02911 2.075572 -0.79284449
53 438.63931 86.58499 0.45638116 0.41361097 -0.080090003 25 0 197.31431 1.1162074 -0.11936226
54 95.135014 88.210963 0.69813184 0.36245573 -0.012013444 25 0 620.31925 2.214362 -0.86312153
55 147.78171 88.598806 0.5658543 0.51424174 -0.066664036 25 0 327.28466 1.3883854 -0.35627511
56 494.23959 88.290746 0.6529967 0.43485 -0.056829846 25 0 22813.093 87.194878 -4.8512274
57 158.02939 95.105021 0.65666207 -0.26158329 -0.40754618 25 0 529.56508 1.9827081 -0.74314695
58 286.80482 95.731578 0.58878562 0.089292141 -0.18836511 25 0 1191.3018 4.8439571 -1.7130007
59 290.74268 97.352142 0.55928891 0.19891336 0.052171527 25 0 1195.0267 4.7547627 -1.6928221
60 189.06571 98.547612 0.55342121 0.1855799 -0.062106967 25 0 1439.5513 5.8000996 -1.9085886
61 118.90206 102.4693 0.71096482 -0.12188883 0.18361856 25 0 425.43731 1.4738104 -0.42110406
62 454.80203 102.34122 0.65345933 -0.58078379 -0.20570699 25 0 371.29755 1.4726586 -0.42025522
63 56.767192 102.75568 0.64078055 0.17128439 -0.1428778 25 0 4206.936 16.093144 -3.0166023
64 64.932249 104.12947 0.69275569 0.45173482 -0.0048322379 25 0 272.90838 1.0345752 -0.036905167
65 299.74158 104.3742 0.64238811 0.32427475 -0.10873384 25 0 331.33411 1.3991328 -0.36464736
66 511.04555 104.38374 0.89108821 0.83314389 0.74021029 25 0 494.58829 1.6736512 -0.5591624
67 492.4108 108.29149 0.56606921 -0.16367482 -0.20203812 25 0 1913.5775 7.7847341 -2.2281095
68 335.37731 113.90523 0.62373885 0.14772384 -0.1813637 25 0 570.517 2.3114776 -0.90972421
69 222.08069 115.84272 0.59868824 0.076857834 -0.13863863 25 0 16766.887 67.531037 -4.5737585
70 239.39908 115.90529 0.62798348 0.20864406 -0.21701203 25 0 961.40256 3.6057936 -1.3925022
71 249.45547 117.36178 0.58300915 -0.30056658 -0.14254281 25 0 1578.5719 6.0875474 -1.9611059
72 306.21064 116.96223 0.57180058 0.19809416 -0.13949954 25 0 1151.2498 5.1479899 -1.7790942
73 101.12342 119.45303 0.60063068 0.40781674 0.059626663 25 0 469.18726 1.921523 -0.70911394
74 201.7488 118.98372 0.50492709 0.022299032 -0.32357771 25 0 485.92045 2.1092265 -0.81030805
75 451.57187 118.53605 0.54099862 0.66877147 -0.054921925 25 0 391.60068 1.9128815 -0.70422019
76 495.51385 118.90451 0.62698586 0.5169911 -0.26093635 25 0 266.73419 1.1651074 -0.16591494
77 155.68804 120.70323 0.61196046 -0.32920597 -0.3779802 25 0 395.53289 1.4869435 -0.43073617
78 53.871448 120.93333 0.60176488 -0.016034134 -0.13342703 25 0 649.42027 2.8597725 -1.1408287
79 153.45004 122.57168 0.58349552 0.68432903 -0.051612062 25 0 1677.8455 6.4170281 -2.0183348
80 481.54371 122.80798 0.58926321 0.28143448 -0.056858933 25 0 335.31217 1.4801287 -0.42574872
81 177.40782 127.92777 0.62471361 0.081049613 -0.195426 25 0 1739.5147 6.6973702 -2.0647608
82 8.7229185 129.46383 0.6499048 0.57505249 0.068105175 25 0 1166.0428 4.486382 -1.6297406
83 254.97627 131.12719 0.59879164 -0.14009294 -0.32947226 25 0 422.82193 1.680488 -0.56358854
84 271.74336 137.30027 0.26282778 0.58927598 0.48501811 25 0 145.62372 1.0012044 -0.0013068407
85 397.4598 139.2969 0.61919265 0.41507132 -0.18131449 25 0 11520.492 44.437023 -4.1193624
86 385.99549 142.4074 0.6466029 -0.04426543 -0.054485343 25 0 246.83087 1.0584964 -0.061723473
87 300.28862 144.96096 0.61063633 -0.0078430309 -0.17464979 25 0 2904.6758 11.524617 -2.6540663
88 16.027339 145.86799 0.68382207 -0.055719636 -0.14083777 25 0 951.22694 3.7159679 -1.4251799
89 95.863822 147.83076 0.69764405 0.47205316 0.05715768 25 0 328.81558 1.2347829 -0.22897648
90 -0.030178676 150.06863 0.8115253 0.26861633 -0.052712002 25 0 362.68478 1.4520408 -0.40494705
91 485.53572 151.30946 0.57678099 -0.17859263 -0.096976199 25 0 6997.3769 28.01936 -3.6186455
92 326.91784 158.41588 0.67526867 0.66658485 -0.033744181 25 0 216.65662 1.0150602 -0.016229488
93 98.746231 159.10356 0.68481806 0.043582999 -0.21738115 25 0 599.76225 2.2381729 -0.8747341
94 387.41505 160.83646 0.59622337 -0.013092235 -0.18692871 25 0 48030.909 188.71636 -5.6895239
95 426.48899 164.3449 0.61170424 -0.08375783 -0.22998099 25 0 466.74806 1.9080397 -0.70146854
96 207.71829 164.85673 0.5586542 0.15793351 -0.28559377 25 0 465.04783 1.9013586 -0.69766009
97 154.75152 168.31235 0.61970328 0.2347143 -0.2567844 25 0 884.30374 3.26752 -1.2855456
98 34.649375 171.9848 0.558182 0.27233578 -0.07583655 25 0 364.19083 1.6679444 -0.55545392
99 227.37215 173.27757 0.58755354 0.21893998 -0.18802873 25 0 1647.0614 6.516873 -2.0350981
100 347.56642 173.18856 0.57680375 -0.28741153 -0.2779684 25 0 495.05912 2.1597015 -0.83598435
101 479.60238 172.63771 0.59437625 0.54102424 -0.02719627 25 0 6055.7202 24.093408 -3.4547456
102 165.6268 173.94257 0.55765457 -0.084716583 -0.37340105 25 0 815.41073 3.1876273 -1.2586688
103 414.99189 175.22274 0.58195272 0.1529111 -0.011640387 25 0 337.24292 1.547548 -0.47411035
104 3.0046327 175.86298 0.73300291 0.10388508 -0.3106213 25 0 281.38722 1.044137 -0.046893765
105 153.95304 176.51635 0.56229599 0.34388111 0.0063781545 25 0 1439.6337 5.9031108 -1.9277023
106 144.82011 180.50539 0.519313 0.61323613 -0.016946726 25 0 217.87547 1.0180482 -0.019420837
107 422.49447 181.89848 0.60697575 0.12923853 -0.24028017 25 0 2606.4822 10.357211 -2.5381071
108 18.141593 182.55892 0.55120783 0.1265847 0.17254994 25 0 714.14399 3.1272643 -1.2379115
109 116.28258 182.56522 0.51698056 0.26021551 0.040765085 25 0 1510.0611 6.4935945 -2.0312129
110 412.41984 184.24608 0.57772414 -0.23052052 -0.25563755 25 0 479.22797 2.0959991 -0.80347772
111 484.41721 183.66494 0.64279527 0.26941774 -0.064384156 25 0 746.27283 2.9699336 -1.1818668
112 228.059 185.53154 0.52899713 0.28168896 0.040740822 25 0 883.65367 3.6201125 -1.3968052
113 423.02634 186.89903 0.53556932 -0.17019092 -0.093806896 25 0 829.25913 3.7685192 -1.4404268
114 190.63217 188.07878 0.57983162 -0.28380375 -0.22227959 25 0 685.01798 2.7061598 -1.0808836
115 72.850261 189.14125 0.63035981 0.093082819 -0.11183568 25 0 40557.844 160.12214 -5.5111285
116 327.57896 188.64242 0.58439416 -0.4884618 -0.061222453 25 0 216.01028 1.020499 -0.022031474
117 122.6299 190.3918 0.8586248 0.71415363 -0.20231603 25 0 483.76948 1.4796073 -0.42536616
118 254.01444 194.31535 0.59273962 0.38846961 0.13791628 25 0 308.21006 1.2918844 -0.27805917
119 422.21075 194.87452 0.37217087 -0.020394338 -0.18073245 25 0 234.40041 1.2622982 -0.25290488
120 456.28171 198.70103 0.64036029 -0.11523243 -0.08252718 25 0 579.81882 2.3686294 -0.93624278
121 350.18185 200.49515 0.60498628 0.70382151 0.13816311 25 0 274.72172 1.2113238 -0.20815067
122 169.47505 201.11765 0.57888166 0.054373587 -0.15234647 25 0 545.10992 2.1434439 -0.82778032
123 199.65325 202.44469 0.62099742 0.19235329 0.090300124 25 0 327.85062 1.1862887 -0.18547599
124 510.20149 202.49101 0.59354596 0.54633207 0.09338152 25 0 1456.803 5.9287936 -1.9324158
125 67.964391 203.17901 0.64585352 -0.26917679 -0.11493298 25 0 658.73427 2.7109064 -1.0827863
126 407.29832 203.00775 0.54049265 -0.10199438 -0.20173201 25 0 251.78643 1.2022962 -0.20002871
127 470.81413 204.767 0.59135483 0.43552288 0.0089697753 25 0 628.69321 2.7210783 -1.0868526
128 416.92111 207.06155 0.35789897 0.64561026 0.71585094 25 0 196.81238 1.2194837 -0.21544002
129 504.24121 208.47504 0.58239805 0.056345228 0.08703735 25 0 2768.93 11.0691 -2.6102807
130 13.676508 212.23451 0.66722528 0.57013389 -0.33156142 25 0 393.23731 1.5791986 -0.49609188
131 15.85298 213.62885 0.69229946 0.26544588 -0.36113967 25 0 540.49204 2.140147 -0.82610901
132 426.97497 214.71847 0.5966045 0.24815763 -0.22056099 25 0 988.39988 3.9620351 -1.4947958
133 327.60564 216.92244 0.59494671 0.26554709 -0.17184231 25 0 1412.5816 5.6502281 -1.880165
134 257.79651 219.02131 0.5722155 0.099627793 -0.22366096 25 0 661.78973 2.792217 -1.1148729
135 151.98808 220.34204 0.64713119 0.25763679 0.047805345 25 0 1054.2669 3.9114259 -1.4808378
136 494.95208 220.64297 0.5878923 0.021829994 -0.13258715 25 0 238.39667 1.1849043 -0.18420822
137 480.81804 223.51523 0.58848235 0.03767849 0.027215879 25 0 4108.4078 16.200448 -3.0238176
138 442.07221 224.17136 0.68119757 -0.26872696 0.09605439 25 0 280.87768 1.277438 -0.26584961
139 241.27207 225.71865 0.56182645 -0.035147598 -0.15736403 25 0 2592.8148 10.680536 -2.5714827
140 353.49935 227.80566 0.59935484 -0.059949479 -0.2358501 25 0 4066.5767 15.898519 -3.0033917
141 423.59716 228.52479 0.56011318 0.62024772 -0.039018273 25 0 11696.161 47.041093 -4.1811935
142 328.49558 230.16746 0.60636924 0.24496819 -0.31113205 25 0 914.86341 3.5160689 -1.3651434
143 492.97461 230.34072 0.62781022 -0.10132452 0.074276606 25 0 284.80205 1.1637161 -0.16461764
144 181.69714 236.405 0.59682186 0.43520124 -0.086383231 25 0 599.81468 2.318055 -0.91280935
145 241.79126 237.57795 0.55448563 0.079756182 -0.020885676 25 0 683.86566 2.7967289 -1.1166259
146 432.84142 240.09051 0.62916614 0.1840998 -0.10627456 25 0 2057.4086 8.0903979 -2.2699247
147 32.255562 240.7424 0.70511624 -0.036476958 -0.21900057 25 0 401.5095 1.5396947 -0.46858652
148 487.19279 251.44143 0.75279675 0.63849665 -0.10078197 25 0 314.72272 1.1255006 -0.12836433
149 205.49205 253.98721 0.61626504 -0.00017889777 -0.28182635 25 0 4847.4915 18.866795 -3.1892453
150 429.71218 253.39741 0.54484509 0.66305696 0.070834807 25 0 6150.8465 25.083524 -3.4984714
151 267.47779 256.42782 0.56705908 0.41719097 -0.045053324 25 0 333.95186 1.3997173 -0.36510084
152 332.95811 262.73319 0.6315798 0.019145107 -0.10639936 25 0 368.4631 1.561016 -0.4835184
153 106.23311 264.34512 0.64742191 0.39947032 0.017214844 25 0 397.49411 1.5591462 -0.48221709
154 27.799632 274.98884 0.54743106 0.086660526 0.0016157684 25 0 225.65117 1.1298084 -0.13251201
155 34.56666 274.81809 0.67240106 0.16635458 -0.22085051 25 0 1527.3031 5.8130696 -1.9110138
156 91.055279 276.40878 0.58380693 0.34366528 0.16384208 25 0 259.67275 1.0420637 -0.044735621
157 216.9032 283.04579 0.79241045 0.51245357 -0.12162169 25 0 419.79614 1.3371546 -0.31545403
158 485.96819 283.20206 0.77392616 -0.23920312 0.0081456379 25 0 271.60028 1.0122541 -0.013223909
159 48.880706 284.03238 0.68694037 -0.041390964 -0.23114049 25 0 895.21324 3.4407428 -1.3416305
160 349.27076 286.32054 0.5918362 0.31134128 -0.12649235 25 0 5306.7293 21.346022 -3.3232924
161 161.9531 287.65576 0.5526961 -0.012306463 0.0046085776 25 0 794.36804 3.2768156 -1.28863
162 40.557391 288.95139 0.67320391 0.027916366 -0.24759956 25 0 1293.7815 4.7799718 -1.6985633
163 68.639752 288.75031 0.68734018 0.15182949 -0.20067811 25 0 1280.2867 4.7333811 -1.6879287
164 323.63343 290.92234 0.82735192 0.088293883 -0.27766083 25 0 465.8028 1.4421683 -0.3975399
165 454.95893 291.1997 0.57136494 -0.095741326 -0.15914545 25 0 694.30783 2.9883816 -1.1885901
166 8.3186826 294.04529 0.67110594 0.32722331 -0.31445824 25 0 239.28014 1.0459544 -0.048781891
167 137.58947 298.39411 0.61252232 0.088117292 -0.21517968 25 0 498.34011 1.9317253 -0.7148634
168 71.047948 298.53343 0.73929858 -0.10945765 0.28412832 25 0 305.96461 1.0407287 -0.043343776
169 52.113431 304.51371 0.63223474 0.35940827 0.11992052 25 0 1211.5634 4.6016851 -1.6572922
170 400.20463 304.46918 0.5517646 0.21964218 -0.13953909 25 0 350.97219 1.5607281 -0.48331811
171 195.68573 310.07785 0.65056115 -0.40004224 -0.34323647 25 0 847.91226 3.1858418 -1.2580605
172 427.65011 310.01548 0.63491974 0.046281069 -0.14223599 25 0 1066.4785 4.137639 -1.5418815
173 114.91054 314.78495 0.62310125 0.23721052 -0.10668672 25 0 3557.1214 13.903969 -2.857847
174 37.015041 318.64383 0.76890643 0.17782412 -0.13204433 25 0 387.15462 1.313452 -0.2960355
175 164.47142 324.3262 0.61548584 0.044718059 -0.6674428 25 0 316.9122 1.1397067 -0.14198278
176 432.2 323.97309 0.6171309 -0.10140991 -0.046383927 25 0 299.44875 1.2324472 -0.22692081
177 307.2414 326.54408 0.46875039 0.038074918 -0.21844899 25 0 456.62475 2.1426012 -0.82735334
178 239.90536 329.31463 0.53548339 0.19168688 0.11280973 25 0 329.49173 1.4923811 -0.43469931
179 264.59966 333.89588 0.58695944 0.0838041 -0.25498202 25 0 613.4789 2.5618967 -1.021404
180 357.5571 334.20149 0.52756466 0.17285197 -0.056499593 25 0 449.47366 1.937508 -0.71810876
181 7.7491469 334.5984 0.67246939 0.45001212 -0.0065664296 25 0 12771.504 47.92122 -4.2013197
182 240.80295 335.39676 0.58264653 0.014804416 0.070196828 25 0 810.00209 3.2481256 -1.279082
183 53.991585 335.78677 0.69682818 -0.14367781 -0.14281861 25 0 1108.2108 4.0249966 -1.5119138
184 465.90635 341.8112 0.4878218 0.55519507 0.3787592 25 0 844.94103 3.3776361 -1.3215321
185 236.94168 345.23752 0.66361019 0.49035504 -0.034882755 25 0 340.12499 1.1010804 -0.10454759
186 337.85518 347.78539 0.52716302 0.24945272 -0.035892449 25 0 710.90584 3.164868 -1.250889
187 216.94183 351.51378 0.56007768 0.090763904 0.013512881 25 0 4587.3128 18.440242 -3.1644165
188 358.96519 352.81273 0.50334809 0.098219332 -0.12453931 25 0 991.45896 4.5808627 -1.6523682
189 470.71545 353.50753 0.47635308 0.71848327 -0.0018103918 25 0 288.74321 1.4308786 -0.38900695
190 275.86605 355.52382 0.5663419 0.095966461 -0.017000398 25 0 21976.187 86.784341 -4.8461034
191 0.11271187 357.54595 0.99907341 0.32357503 0.82393647 25 0 838.03947 2.3554317 -0.93017627
192 420.26023 357.73212 0.57256095 -0.064778508 -0.28090067 25 0 223.16144 1.058953 -0.062191678
193 0.45312131 360.94736 0.80656699 -0.33872386 0.23250197 25 0 615.06611 1.9648786 -0.73333928
194 391.70565 362.45819 0.56369311 0.42348801 -0.0013607357 25 0 1615.5634 6.3280511 -2.003175
195 457.25756 363.08788 0.57753295 -0.13844352 -0.3697412 25 0 318.77231 1.1490149 -0.15081411
196 203.21192 364.5552 0.54441079 0.40655191 -0.041589679 25 0 1371.4165 5.562906 -1.8632543
197 255.37248 365.61849 0.55727474 -0.17208387 -0.067412161 25 0 2398.3677 9.7227316 -2.4694707
198 72.8212 367.0711 0.6874931 0.063045341 -0.13072659 25 0 5677.4245 21.224495 -3.3170934
199 404.94503 366.84892 0.60186827 -0.033379222 -0.13812522 25 0 1147.826 4.639712 -1.6662276
200 115.94418 367.91562 0.70664975 -0.11265591 -0.35400761 25 0 523.85752 1.7898033 -0.63201325
201 476.67724 368.93872 0.6248744 0.040548648 -0.13672635 25 0 9356.4705 36.901575 -3.9176123
202 0.36425442 369.94762 0.86923564 -0.14956063 0.12267296 25 0 515.45605 1.6487776 -0.54290517
203 453.31033 376.81434 0.55664225 0.27238017 0.17338625 25 0 251.79645 1.096461 -0.099982928
204 423.31903 378.32075 0.55674954 0.40277077 -0.2296646 25 0 280.32382 1.2322561 -0.22675246
205 343.20265 380.08323 0.58125555 0.12941873 -0.17780831 25 0 3210.0312 13.110939 -2.7940845
206 52.031792 381.20249 0.70541783 0.13853572 -0.10605538 25 0 4212.0938 15.538337 -2.9785114
207 97.73132 382.87803 0.59466489 0.30508992 -0.25142602 25 0 613.55984 2.3564535 -0.93064717
208 204.65253 384.37712 0.56574639 0.81008803 -0.18132842 25 0 562.59823 2.2614327 -0.88595918
209 246.34235 385.27856 0.6149571 0.0037808838 -0.0064775487 25 0 317.64949 1.0721003 -0.075588578
210 461.16703 385.31517 0.54970178 -0.57126588 0.0031091522 25 0 680.77031 2.8344522 -1.1311729
211 77.592937 386.02385 0.60626925 0.32117249 -0.23881092 25 0 466.94116 1.8587047 -0.673026
212 121.80023 387.25386 0.61825048 0.11813736 -0.083026089 25 0 1453.6351 5.5778153 -1.8661603
213 493.76598 387.19055 0.65835516 -0.1316429 -0.18862182 25 0 366.78341 1.3537924 -0.32888021
214 432.62166 389.36778 0.64434959 -0.31901811 -0.048610551 25 0 2427.9182 8.9515296 -2.3797431
215 461.97705 388.99615 0.67249589 -0.1100923 -0.10401054 25 0 2348.0447 8.940072 -2.3783525
216 37.340982 392.16363 0.66462729 0.28048765 -0.091949609 25 0 632.86607 2.4033283 -0.95203275
217 223.75311 397.21289 0.6010749 -0.015285351 -0.14575455 25 0 7607.1396 30.219986 -3.7007357
218 354.3969 399.20204 0.64286983 0.26743535 -0.21053006 25 0 764.52096 2.7565004 -1.1008952
219 389.78033 404.36777 0.56092895 0.038201478 0.032174669 25 0 492.55162 1.9080909 -0.70149765
220 252.92775 404.70977 0.64363316 0.61421103 -0.060771699 25 0 699.84372 2.540167 -1.0121557
221 250.22692 408.41312 0.59884813 0.43569558 -0.0096129193 25 0 1857.8695 7.2036169 -2.1438765
222 268.54946 407.9176 0.56356057 0.21123631 0.012204739 25 0 342.10492 1.3351971 -0.31386344
223 471.92958 408.55044 0.49452834 0.58486174 0.34288551 25 0 379.21909 1.5207687 -0.45515791
224 82.382786 413.63414 0.61606506 -0.086642196 -0.041693805 25 0 905.32558 3.4779548 -1.3533098
225 106.3664 415.10116 0.68209 0.1559474 -0.19236911 25 0 2448.0623 9.0241284 -2.3885132
226 281.94012 425.22245 0.68579046 -0.15529015 -0.11432303 25 0 476.67549 1.6104718 -0.5173828
227 163.07325 426.76388 0.64407861 0.22878961 -0.065064858 25 0 349.12635 1.1537016 -0.15523376
228 191.7511 432.05266 0.65154509 -0.16535231 -0.25356751 25 0 454.47387 1.67812 -0.56205756
229 157.14063 433.17036 0.63349909 0.27577931 -0.13651196 25 0 2246.8489 8.6380461 -2.3410388
230 130.57434 434.07113 0.6786008 0.076480404 -0.21812597 25 0 1146.7853 4.0613742 -1.5216825
231 379.17391 434.31263 0.63026735 0.080043047 -0.037959033 25 0 382.28113 1.3567565 -0.33125477
232 171.94461 434.69804 0.59685895 0.64996271 -0.072241602 25 0 283.61167 1.0314892 -0.033661706
233 159.3679 435.57824 0.61303051 0.63097928 -0.15685714 25 0 348.80632 1.1188723 -0.12195132
234 489.2978 436.37035 0.33549803 0.14619881 -0.1591305 25 0 61137.712 265.13437 -6.0586651
235 230.36813 436.53798 0.56378995 -0.26759851 -0.11038218 25 0 1004.9635 3.99392 -1.5034984
236 342.94787 438.42238 0.58466506 -0.012599169 -0.039865555 25 0 3099.1468 12.463065 -2.7390622
237 243.36771 441.02234 0.6674946 -0.11788354 -0.091277013 25 0 1304.0389 4.6274837 -1.6633622
238 12.721639 441.59006 0.63377276 0.63058671 0.131343 25 0 374.0852 1.5041002 -0.44319194
239 89.504807 442.88917 0.66138262 0.18249815 -0.26169938 25 0 14462.74 54.419611 -4.3393886
240 474.58244 443.65421 0.45712582 -0.079630412 0.083332325 25 0 293.37707 1.3162041 -0.29830806
241 461.3038 449.89661 0.72157461 -0.20935067 -0.061020959 25 0 423.32229 1.5233462 -0.45699656
242 210.47357 450.45145 0.60128358 -0.10432736 -0.47679734 25 0 268.86685 1.011388 -0.012294466
243 475.58684 452.9488 0.65495531 -0.1806018 -0.30958459 25 0 2191.5298 8.1564521 -2.2787532
244 377.76753 455.26002 0.42974826 0.53329742 0.15305744 25 0 256.16105 1.0421395 -0.04481466
245 309.54361 456.55707 0.46745244 -0.1069349 -0.12221172 25 0 536.77506 2.2132918 -0.86259669
246 433.66701 457.72885 0.57120781 0.85785132 -0.047769418 25 0 448.22647 1.7287562 -0.5943344
247 328.81418 458.73461 0.56987435 0.38966696 -0.030217496 25 0 285.87691 1.1163755 -0.11952572
248 497.2056 460.8726 0.8436967 0.13765546 -0.6107167 25 0 335.53808 1.0975704 -0.10108093
249 360.45833 461.45565 0.58504352 0.49860616 -0.12355942 25 0 1127.9899 4.2266732 -1.5649967
250 54.604442 462.42604 0.62233278 0.75145483 0.00017508747 25 0 5216.6059 19.811386 -3.2422872
251 147.54456 463.62062 0.63568915 0.5044338 -0.11129247 25 0 1095.1969 3.9334526 -1.4869348
252 324.35542 464.33109 0.61287571 0.0090488781 -0.045850577 25 0 312.3687 1.0126322 -0.013629319
253 426.06686 465.17266 0.36458934 0.031887804 -0.16875213 25 0 60702.174 314.48065 -6.2439848
254 289.41073 465.78833 0.58902903 -0.2302658 -0.25206285 25 0 366.62742 1.3725827 -0.34384629
255 43.622126 467.49066 0.6128749 0.66344602 0.092627069 25 0 311.00681 1.1654395 -0.16622432
256 209.32124 471.69465 0.63025394 -0.077459297 -0.12603793 25 0 4982.3393 19.300055 -3.2138964
257 340.89734 473.56011 0.61252098 -0.16664753 -0.054399429 25 0 625.95316 2.3043888 -0.90638937
258 427.34116 472.9005 0.64888297 -0.24743796 -0.023009763 25 0 561.96941 1.852146 -0.66918803
259 112.60048 475.67023 0.36097061 -0.34135081 0.26126978 25 0 325.53358 1.5337597 -0.46439333
260 243.53798 475.06355 0.53102844 0.3311536 -0.26007365 25 0 269.60718 1.0102129 -0.01103228
261 259.3887 475.03208 0.66474184 -0.011368442 -0.22820589 25 0 3420.0233 12.76216 -2.7648105
262 336.7402 480.22452 0.53499723 0.036792429 -0.12209669 25 0 457.40931 1.9551959 -0.72797567
263 137.44445 480.95332 0.65651531 0.10968808 -0.34020079 25 0 923.17781 3.297437 -1.2954413
264 62.260902 486.32365 0.72991383 0.44011952 -0.039601269 25 0 1202.8417 4.1670415 -1.5495696
265 238.52129 495.83196 0.60004331 -0.13070595 -0.37671162 25 0 434.99925 1.6138319 -0.51964571
266 391.06225 495.9964 0.73527342 0.39604121 -0.21130774 25 0 347.13245 1.1386011 -0.14092902
267 495.89008 498.25058 0.74768268 -0.080095179 -0.19955499 25 0 394.91257 1.2879217 -0.27472364
268 149.34773 499.90246 0.51596893 0.037888161 -0.98722931 25 0 277.13339 1.1518928 -0.15353012
269 65.720087 501.34409 0.52455758 -0.88576016 -0.29791587 25 0 327.28364 1.3369589 -0.31529517
270 114.35153 502.99525 0.7060789 -0.27371215 -0.22189226 25 0 711.91352 2.4512375 -0.9734635
271 159.61607 503.20027 0.61850278 -0.13898508 -0.1464077 25 0 506.67183 1.7572139 -0.61206159
272 115.34578 506.76889 0.64382767 -0.47127423 -0.28381694 25 0 780.95005 2.8798118 -1.1484103
273 161.7062 510.41804 0.54776763 -0.098819631 -0.035194512 25 0 774.18078 3.1014458 -1.2289105
