id xcentroid ycentroid sharpness roundness1 roundness2 npix sky peak flux mag
1 1.812668 -0.058596124 0.8205267 8.2529389e-05 -0.28475805 25 0 1470 3.0444563 -1.2087744
2 263.12025 15.652908 0.64937625 -0.32943341 -0.23323077 25 0 434 1.0344604 -0.036784716
3 300.56856 24.373734 0.68258714 -0.43787263 -0.25933712 25 0 586 1.383054 -0.35209784
4 506.98523 25.172741 0.80175628 -0.27373105 -0.32966907 25 0 392 1.1256007 -0.12846091
5 374.00352 27.605666 0.61670799 -0.19552644 0.0060351641 25 0 405 1.1320724 -0.13468547
6 433.25544 27.570984 0.61826487 -0.48939991 -0.087396161 25 0 17944 37.456852 -3.9338282
7 152.5664 53.479593 0.55880621 0.17595371 -0.32581328 25 0 680 1.550301 -0.4760401
8 171.905 54.245359 0.69822792 -0.42472049 -0.22008361 25 0 2013 3.9753048 -1.4984261
9 290.34765 56.474119 0.43881206 -0.683535 -0.19860605 25 0 57793 134.27315 -5.3199729
10 77.333098 58.363283 0.62578033 -0.17334042 -0.18841293 25 0 3594 7.5064848 -2.1885915
11 366.0928 60.368004 0.69037788 -0.16588018 -0.028691336 25 0 665 1.4909441 -0.4336534
12 436.51821 66.377118 0.58450088 0.061740313 -0.31345922 25 0 435 1.2888369 -0.27549488
13 509.38498 66.137549 0.69803189 -0.18244182 -0.2270434 25 0 1271 2.8984744 -1.1554237
14 259.99092 67.017982 0.69292569 -0.44432335 -0.26632364 25 0 1362 2.7674128 -1.1051849
15 408.93699 74.045765 0.70324226 -0.2887809 -0.25204954 25 0 1209 2.6427031 -1.0551209
16 467.56469 76.31052 0.60932306 0.077038472 -0.21991326 25 0 2197 5.0160216 -1.7508985
17 398.59329 80.865431 0.63492672 -0.60100649 -0.37660923 25 0 1056 2.4182582 -0.95875667
18 21.795656 84.105066 0.75476151 -0.36160888 -0.25942354 25 0 1415 2.8821143 -1.149278
19 434.27098 89.519852 0.5126041 -0.49612417 -0.26657073 25 0 439 1.2911933 -0.27747815
20 316.34955 93.423287 0.64632631 0.012957581 -0.17688653 25 0 2385 4.8995593 -1.7253925
21 456.73849 100.47359 0.64436547 -0.49332875 -0.049857981 25 0 15551 31.814249 -3.7565542
22 249.29652 107.66764 0.5814603 -0.10217416 0.049903284 25 0 878 1.8176631 -0.64878346
23 253.27467 109.26678 0.64322774 -0.18497655 -0.24335979 25 0 1200 2.3480646 -0.9267751
24 151.68494 110.10631 0.72305536 -0.42260095 -0.29210884 25 0 1499 2.709217 -1.0821095
25 19.591156 113.98146 0.72067257 -0.51331455 -0.39266469 25 0 2773 5.3982783 -1.8306382
26 474.73734 116.97942 0.7579059 -0.24110615 -0.19066075 25 0 1766 3.5799598 -1.3846954
27 455.06511 120.38301 0.67077783 -0.084745623 -0.038386521 25 0 1531 3.2748513 -1.287979
28 297.89231 125.72374 0.70468474 -0.40627134 -0.23410219 25 0 530 1.0516519 -0.054680058
29 184.84981 127.48279 0.62432569 -0.40489129 -0.09118595 25 0 12976 26.644958 -3.5640376
30 202.13867 127.62108 0.59032287 -0.32273433 -0.15359333 25 0 823 1.6177088 -0.52225087
31 212.27968 128.99909 0.71501537 -0.40673025 -0.28311604 25 0 1733 3.2378983 -1.275658
32 268.62217 128.82371 0.72113338 -0.12022975 -0.2605117 25 0 1031 1.918075 -0.70716395
33 116.10936 134.00169 0.69227653 -0.40684317 -0.2461542 25 0 1850 3.6385119 -1.4023095
34 483.30989 135.8897 0.71706482 -0.59212607 -0.25482685 25 0 1428 3.0155268 -1.198408
35 140.10883 139.59301 0.54561299 0.024656471 0.065495836 25 0 1216 2.4834705 -0.98764751
36 359.86395 151.39059 0.64638404 -0.38910495 -0.14578385 25 0 9151 18.551989 -3.1709762
37 262.61832 156.78025 0.62979146 -0.25803229 -0.28684052 25 0 2234 4.5124463 -1.6360301
38 447.97041 163.46711 0.6799944 -0.16478286 0.025692736 25 0 6332 12.81578 -2.7693626
39 349.78623 172.90366 0.68545838 -0.31550938 -0.25124656 25 0 41808 82.452937 -4.7905153
40 388.86141 176.36724 0.6207303 -0.32119808 -0.042408515 25 0 394 1.0182751 -0.019662856
41 117.48092 179.93042 0.67211656 -0.70806934 -0.53792587 25 0 1028 1.8444153 -0.66464677
42 189.87141 185.03683 0.67803763 -0.54827767 -0.29457096 25 0 1635 3.1562472 -1.2479275
43 441.97273 184.78842 0.6899931 -0.2755546 -0.14680803 25 0 5439 11.069881 -2.6103574
44 128.1402 185.59172 0.65202001 -0.19640496 -0.10819152 25 0 835 1.4994737 -0.4398471
45 116.53572 188.23141 0.65911569 -0.66016329 -0.45910156 25 0 1273 2.3594991 -0.93204955
46 79.013585 194.08507 0.7511263 -0.19060066 -0.18824117 25 0 1702 3.06888 -1.2174498
47 384.84583 194.03085 0.69730946 -0.33916007 -0.24710666 25 0 2456 4.961027 -1.738929
48 374.86932 196.15337 0.64501009 -0.29341527 -0.41158807 25 0 484 1.0714215 -0.074900863
49 446.61674 195.83737 0.5268842 -0.032505541 -0.55934469 25 0 443 1.2385604 -0.23229302
50 190.55974 197.03848 0.672627 -0.66399137 -0.37290452 25 0 972 1.7291978 -0.59461166
51 385.15001 199.05394 0.67735213 -0.5109426 -0.33703716 25 0 764 1.6265418 -0.52816306
52 35.652981 200.55751 0.63472786 -0.57811535 -0.029514107 25 0 28088 56.677338 -4.3835236
53 153.15238 199.91794 0.56359838 -0.38541173 -0.2309383 25 0 673 1.3842709 -0.35305273
54 418.91117 210.92764 0.68662507 -0.0035864095 -0.046142202 25 0 471 1.0561108 -0.059273698
55 472.53687 214.74684 0.6088176 0.13656808 -0.18649405 25 0 1041 2.342915 -0.92439135
56 433.07099 216.97315 0.75990489 -0.2053942 -0.32877458 25 0 512 1.1021823 -0.10563353
57 466.50211 220.84431 0.61502136 -0.59498956 -0.27435846 25 0 2296 5.0772366 -1.7640685
58 389.31592 226.85292 0.66079506 -0.44173085 -0.44617854 25 0 817 1.7597136 -0.613605
59 289.94136 228.89243 0.66720951 -0.46753617 -0.32167323 25 0 1230 2.396538 -0.94896079
60 220.42081 230.81774 0.73627065 -0.3623594 -0.11895743 25 0 740 1.2112894 -0.20811979
61 114.56663 231.984 0.68032201 -0.24851491 -0.35234734 25 0 824 1.3891766 -0.35689366
62 443.10126 235.71788 0.69407284 -0.38360746 -0.10110196 25 0 3734 7.3572275 -2.1667855
63 203.81563 237.47549 0.60377612 -0.43653104 -0.15840557 25 0 2097 4.1987125 -1.5577903
64 315.77983 239.80056 0.67304085 -0.24421528 -0.22414928 25 0 3755 7.4668121 -2.1828381
65 385.86377 240.66809 0.62267201 -0.22301475 -0.18305264 25 0 10000 20.565188 -3.2828317
66 290.79251 241.99012 0.71694431 -0.36179622 -0.30567187 25 0 956 1.7823794 -0.62750038
67 144.22588 248.03867 0.68873988 -0.36853989 -0.31444256 25 0 665 1.1359666 -0.13841387
68 204.37541 249.0499 0.5732773 -0.29266535 -0.19368571 25 0 667 1.2420235 -0.23532453
69 395.03888 252.17042 0.72958192 -0.2073209 -0.23413672 25 0 1770 3.4344713 -1.3396497
70 167.80109 265.63552 0.62414118 -0.11883852 -0.19339817 25 0 3857 7.7422121 -2.2221627
71 391.89528 265.625 0.60726892 -0.26309473 -0.14259599 25 0 4971 10.28362 -2.5303651
72 492.70302 267.18454 0.71493959 -0.34988668 -0.21540683 25 0 1285 2.7189262 -1.0859935
73 11.399377 295.37153 0.68427427 -0.84291188 -0.41072557 25 0 577 1.1039307 -0.10735457
74 311.48366 298.19963 0.69284482 -0.69924316 -0.32786257 25 0 4454 8.5414457 -2.3288285
75 124.46015 299.05413 0.62249087 -0.83068049 -0.37694578 25 0 735 1.3713167 -0.34284439
76 3.1536896 300.21748 0.69006355 0.0059368738 -0.36215655 25 0 1105 2.1728791 -0.84258888
77 31.3343 300.02185 0.67118028 -0.27266914 -0.30677876 25 0 937 1.8667679 -0.67772582
78 417.18458 303.22571 0.78696077 -0.20078415 -0.22156207 25 0 612 1.1360788 -0.13852116
79 14.756335 315.82204 0.733383 0.012192647 -0.14484693 25 0 1110 2.073696 -0.79186272
80 157.83983 321.66989 0.57678679 -0.27122764 -0.067416556 25 0 674 1.2920083 -0.27816324
81 389.83068 322.09567 0.69443064 -0.34048961 -0.21198196 25 0 903 1.7896096 -0.63189573
82 77.549072 326.268 0.64699377 -0.072383667 -0.33372227 25 0 2612 5.1441545 -1.778285
83 506.62441 336.62866 0.60488349 -0.87070149 -0.27062876 25 0 1044 2.4157048 -0.95760964
84 16.608815 347.21525 0.77158808 -0.51569302 -0.25801806 25 0 778 1.3361241 -0.31461698
85 203.29863 347.09933 0.82303973 0.16276584 -0.24994502 25 0 853 1.3117414 -0.29462053
86 428.10832 353.98918 0.76212496 0.12405233 0.26447309 25 0 748 1.3440047 -0.32100197
87 299.86291 359.66052 0.49534779 -0.081822982 0.14603042 25 0 457 1.0988373 -0.10233349
88 179.18664 363.11727 0.67872632 -0.32330866 -0.28662916 25 0 4364 8.4704932 -2.3197717
89 321.27825 364.79607 0.56779551 -0.49877358 -0.27311799 25 0 832 1.8497171 -0.66776326
90 238.23757 367.23659 0.66510822 -0.31270125 -0.30774323 25 0 18982 37.455315 -3.9337836
91 354.01129 374.57424 0.54662387 -0.24578597 -0.0039410692 25 0 1252 2.8156554 -1.1239488
92 165.51385 376.11392 0.69677457 -0.27323494 -0.40418395 25 0 1298 2.2844763 -0.89696665
93 217.66771 377.31669 0.6767495 -0.52448578 -0.19681266 25 0 2243 4.2758446 -1.5775548
94 35.388234 378.57175 0.57784902 0.18161675 -0.091652862 25 0 3075 6.4182994 -2.0185499
95 506.82003 377.99161 0.72852427 -0.36861933 -0.19235304 25 0 532 1.2249789 -0.22032153
96 367.12186 378.83884 0.69556831 -0.39784487 -0.29162138 25 0 974 1.8734188 -0.68158717
97 438.9079 381.11239 0.74861926 -0.32534161 -0.1891886 25 0 8436 16.257249 -3.0276176
98 305.33142 391.93124 0.67394499 -0.49649872 -0.35390725 25 0 2879 5.7145633 -1.8924576
99 14.581865 392.52586 0.58054876 0.21715331 -0.16921564 25 0 2232 4.6588976 -1.6707079
100 60.371731 394.32836 0.68802673 -0.10574095 -0.17635438 25 0 518 1.0142964 -0.015412244
101 84.156285 398.65151 0.67894906 -0.53669419 -0.19445783 25 0 1127 2.097864 -0.80444332
102 394.76271 401.38783 0.70663779 -0.48874389 -0.1378451 25 0 1941 3.732189 -1.4299091
103 424.16521 401.10721 0.72234577 -0.35257381 -0.17408477 25 0 1737 3.4404914 -1.3415512
104 185.97298 408.90338 0.69762255 -0.31685055 -0.23773708 25 0 6581 12.82708 -2.7703195
105 316.48869 411.2473 0.7313099 -0.083093073 -0.39071154 25 0 599 1.0059009 -0.0063879476
106 215.17745 416.30421 0.54827379 0.44202434 -0.35615226 25 0 574 1.2152618 -0.21167466
107 212.48136 420.07441 0.70934929 -0.21229297 -0.40292429 25 0 1670 3.1082157 -1.2312779
108 499.7647 422.5493 0.6232176 0.20011078 -0.049008913 25 0 1757 3.8656001 -1.4680423
109 44.747587 425.13328 0.69704618 -0.004960351 -0.22269505 25 0 701 1.3691782 -0.34114998
110 68.752017 426.4395 0.60954202 0.02546872 -0.065829168 25 0 1529 3.1254174 -1.2372701
111 119.51218 444.64664 0.6299795 -0.60227711 -0.28767255 25 0 1516 2.9020329 -1.1567558
112 92.864766 445.52151 0.59044745 0.15494128 -0.012861958 25 0 729 1.4587286 -0.40993622
113 192.7152 448.07459 0.81764323 -0.52165419 -0.2908813 25 0 1108 1.8704599 -0.67987101
114 451.52094 448.53874 0.4409658 -0.80429519 -0.28582543 25 0 57692 121.00287 -5.2069892
115 305.11406 450.24098 0.67773436 -0.23380435 -0.21512267 25 0 2664 5.3071665 -1.8121568
116 205.67709 452.70249 0.66258694 -0.3514284 -0.20142628 25 0 871 1.5784129 -0.49555156
117 51.896316 454.28186 0.70124979 -0.28847161 -0.18195484 25 0 11336 22.213483 -3.3665416
118 437.58439 465.0836 0.72160012 -0.40830101 -0.23263661 25 0 1755 3.4391405 -1.3411248
119 322.58941 473.38648 0.66901311 -0.56345099 -0.20760045 25 0 945 1.8340094 -0.65850388
120 17.070182 473.8033 0.71689605 -0.21898442 -0.21262851 25 0 5009 9.8771001 -2.4865736
121 109.81028 475.10822 0.79918963 -0.22237233 -0.17702373 25 0 1277 2.2807646 -0.89520118
122 388.11435 477.29582 0.53318417 -0.32694155 -0.22852367 25 0 57642 130.5711 -5.2896176
123 171.68947 483.17148 0.69318935 -0.39463636 -0.28690358 25 0 4208 8.1637419 -2.2797232
124 221.55767 486.73197 0.67127949 -0.13176816 -0.27299115 25 0 2314 4.4172619 -1.6128829
125 99.331078 492.29528 0.47072865 0.59616435 -0.058914211 25 0 502 1.088307 -0.091878536
126 24.773064 497.69925 0.69727177 0.02043562 -0.054682268 25 0 866 1.752912 -0.60940027
