id xcentroid ycentroid sharpness roundness1 roundness2 npix sky peak flux mag
1 267.33336 15.147161 0.65477201 -0.094299329 -0.22046517 25 0 526 1.1979057 -0.19605655
2 304.77925 23.680071 0.59492663 0.39126378 -0.14145485 25 0 519 1.365609 -0.3383159
3 378.40011 26.95288 0.80891011 -0.19754065 -0.31523845 25 0 568 1.2593743 -0.25038705
4 437.19021 26.983678 0.72290007 -0.23344368 -0.25213859 25 0 23551 46.75221 -4.1745054
5 156.50389 52.866593 0.6380931 -0.62079218 -0.37197914 25 0 917 1.9441345 -0.72181574
6 175.87438 53.771073 0.69744272 -0.091634681 -0.1923874 25 0 2002 4.011865 -1.5083658
7 294.56207 55.804209 0.43289851 -0.42104193 -0.27920038 25 0 57790 128.56432 -5.2728012
8 81.384485 57.794572 0.69929958 -0.51695914 -0.28098103 25 0 4087 8.0415138 -2.2633445
9 370.16888 59.641774 0.61034749 -0.21674452 -0.13492357 25 0 713 1.7601238 -0.61385805
10 440.34506 65.806847 0.62088433 -0.33070708 -0.23905139 25 0 529 1.4790875 -0.42498467
11 264.02642 66.399237 0.57776732 0.08515656 0.13224596 25 0 1143 2.5832721 -1.0304254
12 413.08536 73.277073 0.71604303 0.087424565 -0.17804424 25 0 1134 2.4405085 -0.96870082
13 471.49036 75.705883 0.65643897 -0.56889105 -0.21622824 25 0 2444 5.2338717 -1.7970577
14 1.2967155 78.815653 0.75746162 -0.57873626 -0.37163082 25 0 509 1.1181321 -0.12123283
15 402.75202 80.126578 0.70343122 -0.25042309 -0.29400003 25 0 1317 2.853326 -1.1383785
16 388.03519 81.810686 0.82646258 0.14486444 -0.056643758 25 0 475 1.0142971 -0.015412945
17 25.718838 83.622469 0.66022996 -0.044454105 -0.15450173 25 0 1113 2.4219331 -0.96040537
18 438.26706 88.869366 0.65875522 0.1728416 -0.34832484 25 0 554 1.3559629 -0.33061955
19 320.45127 92.741281 0.67802366 -0.65638946 -0.30627177 25 0 2563 5.0701168 -1.7625449
20 61.965173 99.26035 0.6160098 0.11461807 -0.14293074 25 0 456 1.0742041 -0.077717033
21 460.74872 99.811087 0.70946553 -0.040896927 -0.15250905 25 0 18869 37.744343 -3.9421297
22 253.40938 106.97363 0.73202951 -0.40808573 -0.30290312 25 0 1164 2.1637737 -0.8380296
23 257.35927 108.68799 0.6201181 -0.51801934 -0.23389579 25 0 1180 2.4555056 -0.97535232
24 155.80339 109.55508 0.60717552 0.097589111 -0.051145502 25 0 1261 2.5563116 -1.0190345
25 23.482249 113.61452 0.59294649 -0.8287256 -0.089731792 25 0 2342 5.0526729 -1.758803
26 478.75137 116.35842 0.66015482 -0.22482926 -0.096508604 25 0 1553 3.5526484 -1.3763806
27 459.06686 119.73387 0.71140995 -0.19074173 -0.038682275 25 0 1634 3.3372134 -1.3084599
28 301.93719 125.22642 0.70197702 0.27014247 -0.010373942 25 0 641 1.335034 -0.31373081
29 188.79114 126.84267 0.67656176 -0.14156565 -0.22698982 25 0 15031 30.550902 -3.7125601
30 206.2306 127.01237 0.68622851 0.01099651 -0.21202284 25 0 991 1.8404141 -0.66228891
31 216.1886 128.38493 0.60553454 -0.10538374 -0.15963488 25 0 1439 2.9959138 -1.1913233
32 272.73624 128.23346 0.66063665 -0.39538324 -0.2130589 25 0 984 1.8658094 -0.67716816
33 120.34244 133.48334 0.60338052 0.16739557 -0.059224206 25 0 1522 2.9991821 -1.1925071
34 487.39631 135.18888 0.66121771 -0.075726676 -0.25264358 25 0 1324 2.9663612 -1.1805601
35 144.22487 138.89863 0.65675635 -0.25998891 -0.28757251 25 0 1603 3.2457931 -1.2783021
36 363.89765 150.78349 0.67687083 -0.14845784 -0.17971116 25 0 10530 21.477115 -3.3299398
37 266.71231 156.17841 0.68369494 -0.38002022 -0.24948989 25 0 2730 5.4339927 -1.8377976
38 452.18909 162.74709 0.66268838 -0.26233766 -0.11630276 25 0 6432 13.572694 -2.8316651
39 353.87569 172.26689 0.70247795 -0.30686251 -0.16122052 25 0 44659 88.423228 -4.8664159
40 121.47182 179.33297 0.66641648 -0.95532499 -0.28446847 25 0 1004 1.835282 -0.65925704
41 193.94908 184.33273 0.64815255 -0.2969778 -0.1890806 25 0 1576 3.0773176 -1.2204308
42 446.2109 184.10136 0.72584319 -0.15482465 -0.17483369 25 0 6199 12.433318 -2.7364676
43 132.30138 185.08396 0.70403374 -0.16533313 -0.31451489 25 0 940 1.72831 -0.5940541
44 120.63856 187.61887 0.56850325 -0.010453358 -0.34048554 25 0 1200 2.4574726 -0.97622172
45 82.981486 193.59802 0.65187117 0.11233168 0.090012602 25 0 1460 2.7852482 -1.1121597
46 389.01515 193.37793 0.69260082 -0.15143099 -0.10189643 25 0 2266 4.5650655 -1.6486175
47 450.74449 195.14662 0.6527953 -0.30501535 -0.076654353 25 0 603 1.4877866 -0.43135163
48 194.7433 196.53745 0.51800135 -0.16658237 -0.15283219 25 0 871 1.8290877 -0.65558633
49 389.55062 198.4318 0.50064616 -0.15599462 -0.2551399 25 0 511 1.3521651 -0.3275743
50 157.30863 199.13481 0.55824846 -0.018225787 -0.21528142 25 0 631 1.2493009 -0.24166762
51 39.633304 199.94095 0.69681367 -0.22026619 -0.25758363 25 0 35820 71.793438 -4.6402119
52 136.16611 212.08892 0.80436496 -0.27302885 -0.54671051 25 0 678 1.0677889 -0.071213526
53 34.696087 214.10952 0.61471199 -0.27035922 -0.18926518 25 0 497 1.0312748 -0.033435988
54 476.695 214.01735 0.73397219 -0.30231569 -0.27115577 25 0 1358 2.8473435 -1.1360996
55 470.6047 220.11914 0.72231522 -0.2803671 -0.23755444 25 0 2651 5.3126113 -1.8132701
56 393.5057 226.187 0.66840394 0.041806022 -0.28929703 25 0 758 1.563441 -0.48520376
57 294.09249 228.25288 0.68523194 -0.22351081 -0.16213158 25 0 1372 2.6574949 -1.0611811
58 224.33762 230.1024 0.55329197 -0.5503022 -0.46488647 25 0 628 1.3204258 -0.30178502
59 118.71764 231.44395 0.69541387 -0.50074377 -0.15284296 25 0 823 1.381142 -0.35059582
60 447.39563 235.0442 0.66989771 -0.26283988 -0.2854644 25 0 3904 8.075598 -2.2679367
61 207.83332 236.81679 0.6501125 -0.2168265 -0.20678689 25 0 2508 5.0185077 -1.7514365
62 319.8828 239.20334 0.70014926 -0.28884831 -0.16353218 25 0 4076 7.993353 -2.2568225
63 389.95759 240.05116 0.71189837 -0.24785431 -0.20585976 25 0 12846 25.496619 -3.5162065
64 294.88648 241.44324 0.71224437 -0.1909483 0.019538556 25 0 869 1.5156528 -0.45149935
65 208.42152 248.61338 0.49380581 0.35147201 -0.17614426 25 0 578 1.1906102 -0.189424
66 399.19869 251.48266 0.60201159 -0.26519986 0.020227963 25 0 1451 3.1938307 -1.2607797
67 171.94339 265.02666 0.68499492 -0.27598749 -0.25540717 25 0 4525 8.9536951 -2.3800058
68 396.00517 265.03418 0.68657592 -0.33532707 -0.25202378 25 0 6400 12.941866 -2.7799923
69 496.8352 266.57833 0.67545722 -0.25929201 0.12609615 25 0 1160 2.5267779 -1.0064177
70 1.2349948 285.40814 0.59335935 -0.39521808 0.10089024 25 0 1093 2.2910894 -0.90010508
71 15.305058 294.69464 0.43722991 -0.26007689 -0.40219158 25 0 468 1.1694125 -0.16991935
72 315.68736 297.5699 0.55748415 -0.016425413 -0.14736661 25 0 3839 8.333214 -2.3020313
73 128.48205 298.57878 0.66854969 -0.82960779 -0.22940297 25 0 721 1.2386832 -0.2324006
74 7.0533967 299.68319 0.65074955 0.15491833 -0.049418014 25 0 1011 2.0458827 -0.77720185
75 35.388207 299.45165 0.55351328 -0.88626678 -0.10590112 25 0 751 1.5908399 -0.50406618
76 421.23709 302.80398 0.74188781 -0.4029292 -0.12234986 25 0 615 1.1921408 -0.19081884
77 18.724629 315.18868 0.69676086 -0.20660605 -0.16087202 25 0 1151 2.2983822 -0.90355564
78 162.24971 321.14789 0.64486642 -0.27512667 -0.25547968 25 0 766 1.3443995 -0.32132088
79 393.94973 321.56736 0.64440142 -0.16495879 0.10197677 25 0 806 1.7099917 -0.58248501
80 81.515138 325.63751 0.58738385 0.17843038 -0.24856492 25 0 2414 4.9820182 -1.7435133
81 510.59713 336.01452 0.61334387 -0.34246918 -0.41497351 25 0 1182 2.7821777 -1.1109622
82 273.67914 337.8627 0.627523 0.25939502 -0.25558199 25 0 543 1.0190284 -0.020465717
83 207.30635 346.54635 0.49674555 0.076580045 0.027189952 25 0 638 1.2951247 -0.28077899
84 20.50245 346.53081 0.54813279 0.21413607 -0.14169051 25 0 650 1.4116099 -0.37428671
85 432.25471 353.41297 0.89244535 0.26433393 0.1150584 25 0 797 1.264179 -0.2545214
86 304.20688 359.11912 0.54018522 -0.26771496 -0.091685032 25 0 547 1.307944 -0.29147287
87 183.42778 362.45672 0.57049375 -0.69668221 -0.10813251 25 0 3505 7.288045 -2.1565276
88 325.38853 364.24069 0.65072055 -0.088435016 -0.22035493 25 0 887 1.7475597 -0.60608004
89 242.35979 366.62813 0.62416928 -0.74589439 -0.27736139 25 0 16882 33.933784 -3.8265807
90 358.11519 373.89208 0.74499788 -0.29231121 -0.20464445 25 0 1928 3.7449502 -1.4336151
91 169.70866 375.61211 0.61315104 -0.540104 -0.047207743 25 0 1125 2.0734035 -0.79170957
92 221.75075 376.73946 0.64319584 -0.063140239 -0.17780743 25 0 2376 4.8204997 -1.7077302
93 39.369639 377.8898 0.70555708 -0.34170505 -0.2708448 25 0 4313 8.5828794 -2.3340825
94 371.41564 378.25542 0.67088677 -0.19957266 -0.2743752 25 0 906 1.7749608 -0.62297193
95 443.01119 380.49645 0.63753445 -0.17409916 0.024497596 25 0 6821 14.263543 -2.8855686
96 309.63802 391.30013 0.69738599 -0.46670016 -0.19713402 25 0 2877 5.5963344 -1.8697591
97 18.535353 391.97945 0.75349062 -0.19027073 -0.33463005 25 0 3254 6.1500218 -1.9721916
98 427.62788 396.93268 0.6302263 -0.32517246 0.06656676 25 0 445 1.059216 -0.062461353
99 88.563877 398.10901 0.62365741 -0.18871763 -0.37977157 25 0 1087 2.2549917 -0.88286236
100 398.95036 400.79729 0.72036112 -0.34869348 -0.1784468 25 0 2276 4.5722402 -1.6503226
101 428.36583 400.43733 0.61460035 -0.58076788 -0.031128726 25 0 1334 2.9004404 -1.1561598
102 190.22126 408.28862 0.64920352 -0.15442062 -0.24251437 25 0 6042 12.187415 -2.714779
103 320.77878 410.69031 0.64310732 -0.35683933 0.031860868 25 0 509 1.0472913 -0.050168717
104 219.4788 415.89335 0.59754119 -0.12150757 -0.43776795 25 0 630 1.2868899 -0.2738535
105 356.11874 415.77285 0.67494897 -0.37358689 -0.10748976 25 0 520 1.1342104 -0.1367341
106 216.64074 419.53635 0.62752023 -0.56949432 -0.050268905 25 0 1407 2.7586013 -1.1017223
107 503.93668 421.98867 0.77399732 -0.25513494 -0.14946019 25 0 2471 4.8277983 -1.7093728
108 48.74398 424.54878 0.62466189 0.02521287 -0.16999483 25 0 700 1.4519694 -0.40489366
109 72.844983 425.95106 0.78025079 -0.19930002 -0.24000429 25 0 2275 4.2318183 -1.5663175
110 123.52474 444.10667 0.75984379 -0.36774236 -0.29841492 25 0 1906 3.3136063 -1.3007523
111 97.242258 444.87562 0.69150602 -0.27809095 -0.20528009 25 0 935 1.8062793 -0.64196227
112 196.71683 447.73638 0.55139127 -0.4913675 0.071984087 25 0 739 1.5414274 -0.46980772
113 455.73736 447.86488 0.27473409 -0.28509684 -0.21357222 25 0 57723 148.10837 -5.426449
114 309.2924 449.68653 0.67118013 -0.47635443 -0.21819862 25 0 2631 5.2415461 -1.7986485
115 209.77367 452.11609 0.70543499 -0.68803063 -0.2181906 25 0 1053 1.9372574 -0.71796835
116 56.006016 453.75198 0.71519975 -0.16069375 -0.1515705 25 0 12495 24.753616 -3.4840966
117 441.86573 464.53505 0.7058407 -0.29538072 0.0025166356 25 0 1680 3.372433 -1.3198583
118 275.77362 467.80389 0.61580679 -0.34068333 -0.35796215 25 0 577 1.2368335 -0.23077811
119 21.13378 473.13556 0.73631249 -0.18143064 -0.19379941 25 0 5216 10.258105 -2.5276679
120 326.95311 472.82176 0.68257788 -0.17966515 -0.22186555 25 0 1138 2.2912115 -0.90016295
121 114.08674 474.42031 0.53798814 -0.13698041 0.032588907 25 0 861 1.8769154 -0.68361175
122 392.30655 476.55921 0.53109941 -0.61867952 -0.17569112 25 0 57942 130.05549 -5.2853217
123 175.78913 482.64633 0.64667942 0.072836441 -0.098400699 25 0 4083 8.3112619 -2.2991674
124 225.69806 486.15796 0.71834199 -0.29868833 -0.23359091 25 0 2923 5.7031889 -1.8902944
125 103.71732 491.87414 0.76428743 -0.16935578 -0.14003132 25 0 864 1.5588314 -0.48199784
126 28.822379 497.07827 0.72660251 -0.19731081 -0.063625803 25 0 927 1.8908941 -0.69166805
