id xcentroid ycentroid sharpness roundness1 roundness2 npix sky peak flux mag
1 253.196 0.53011666 0.7214908 0.25182123 -0.091757334 25 0 282.95929 1.1681544 -0.16875062
2 357.86704 3.9648203 0.7979914 0.34758366 0.15072615 25 0 475.9206 1.8029226 -0.63994271
3 330.449 6.47033 0.6250346 0.73298486 -0.027099818 25 0 707.57242 3.1575831 -1.248387
4 339.55359 8.9572563 0.65371952 -0.19952795 -0.037863712 25 0 382.67225 1.7159003 -0.5862301
5 462.07213 9.6756618 0.56228139 0.14327231 0.26194799 25 0 591.13722 3.1139995 -1.2332964
6 504.7133 12.151525 0.67455568 -0.085248511 0.2850478 25 0 266.69259 1.1324141 -0.13501317
7 142.354 13.936667 0.74682518 -0.12157044 -0.092435603 25 0 643.45744 2.5337191 -1.0093961
8 368.05528 15.191584 0.62133314 0.48860106 0.20752111 25 0 901.68321 4.2149117 -1.5619712
9 57.452543 16.118841 0.64321779 -0.12341549 -0.078191628 25 0 14371.358 62.916608 -4.4969132
10 5.0169539 17.744112 0.75877786 0.18143192 0.20218344 25 0 7158.3459 29.179891 -3.6627092
11 441.52064 18.108293 0.62710763 0.58901995 -0.005420203 25 0 724.52202 3.2173183 -1.2687351
12 500.6813 17.97956 0.67670399 0.26434112 0.064100529 25 0 29908.492 128.1541 -5.2693312
13 458.77006 19.589734 0.61907042 0.12296934 0.060670116 25 0 298.16624 1.3720251 -0.34340516
14 367.28904 23.406604 0.60968139 -0.34629601 0.030824295 25 0 314.80657 1.4386227 -0.39486727
15 368.60467 28.972243 0.33401994 0.12716143 0.55430245 25 0 156.68904 1.1955489 -0.19391839
16 10.658938 29.745593 0.74510774 0.12750768 0.051529259 25 0 378.30913 1.5261772 -0.45901244
17 246.13265 33.455002 0.46251665 0.055538806 0.076326671 25 0 266.20247 1.3082019 -0.29168695
18 387.41879 36.533555 0.60369348 0.86190656 0.15348717 25 0 554.86167 2.518725 -1.0029519
19 458.61863 35.974993 0.58439251 0.15034873 0.023300031 25 0 230.42816 1.2416749 -0.23501973
20 487.02689 36.532077 0.91941354 0.51650064 0.42320144 25 0 602.25587 2.0775019 -0.79385358
21 159.8546 39.341472 0.81877213 0.36318157 0.29346687 25 0 519.0014 1.7726612 -0.62156437
22 146.60644 43.553274 0.52210085 0.9124202 0.043393365 25 0 514.06027 2.4371935 -0.96722504
23 219.69501 44.597707 0.62520723 0.54108063 0.085923136 25 0 1219.2759 5.3074834 -1.8122216
24 239.14727 45.449429 0.72601883 0.53600182 0.26478574 25 0 2671.72 10.766392 -2.5801754
25 452.04895 45.10541 0.70928719 -0.053922308 0.13825378 25 0 364.57183 1.608337 -0.51594266
26 379.97321 46.402314 0.71618331 -0.13048989 0.2016959 25 0 634.82289 2.595257 -1.0354509
27 423.42562 47.09264 0.72105218 -0.23074205 -0.15238034 25 0 348.85636 1.5202471 -0.45478547
28 99.459023 47.950181 0.60822579 -0.15923727 -0.090548317 25 0 522.59814 2.3576369 -0.93119228
29 283.0535 47.693644 0.78801003 0.069388857 0.24276787 25 0 430.04727 1.7122713 -0.58393145
30 357.67058 47.351649 0.44344122 0.78730195 0.30240865 25 0 58962.672 269.28844 -6.0755443
31 144.50446 49.726285 0.61649206 -0.16993069 -0.01970737 25 0 4863.506 21.388333 -3.3254423
32 187.5265 50.144028 0.77717369 0.44932446 -0.13219326 25 0 424.71192 1.5708369 -0.49032776
33 433.38572 50.799466 0.60461561 0.047540458 0.098907161 25 0 1028.1047 4.7195591 -1.6847536
34 77.935894 52.355711 0.65079832 -0.18007364 0.26132665 25 0 312.29372 1.4243391 -0.38403351
35 266.55526 55.202351 0.63074657 -0.53802387 -0.2287457 25 0 324.45684 1.5272076 -0.45974517
36 280.00376 56.443483 0.75465758 0.45055472 0.13352285 25 0 444.69123 1.7165154 -0.58661927
37 433.97481 56.268133 0.70384632 -0.054872381 0.27106201 25 0 362.61714 1.5353106 -0.46549063
38 85.854714 57.178622 0.69959603 -0.5926895 -0.23707828 25 0 318.93431 1.3252392 -0.30573565
39 503.85142 56.742612 0.74166603 0.26934307 0.20991402 25 0 1102.5807 4.4327895 -1.6166928
40 327.51477 57.819615 0.5924971 -0.014277483 -0.032452958 25 0 1532.967 6.9805373 -2.1097221
41 175.21886 62.847284 0.73130589 0.33733572 0.00088590812 25 0 367.65087 1.4834044 -0.4281489
42 476.56396 64.43506 0.61053451 0.66290901 -0.0030296169 25 0 1372.5016 5.8775417 -1.9229893
43 63.474641 65.717615 0.54599897 -0.37759243 0.236674 25 0 291.4666 1.5029004 -0.44232552
44 30.748682 68.61401 0.65942915 -0.25209089 0.28937096 25 0 416.25432 1.8976997 -0.6955687
45 382.52095 68.524448 0.58235972 0.28057899 -0.23463051 25 0 284.25547 1.3117687 -0.29464317
46 64.515045 70.910766 0.63993565 0.097594099 -0.0063755378 25 0 669.8898 2.9460399 -1.1730966
47 87.597814 70.555362 0.62870832 -0.18467174 0.25330878 25 0 442.70698 1.7738079 -0.62226645
48 202.5213 70.961142 0.58705724 0.4006268 -0.0610821 25 0 335.89737 1.7710499 -0.62057702
49 466.07986 71.348318 0.67784605 0.46002608 0.26614122 25 0 1862.8402 8.1095516 -2.2724921
50 145.44416 72.591264 0.54384358 0.59506679 0.23296819 25 0 365.43399 1.7782814 -0.6250012
51 504.77234 72.064482 0.65171053 0.36236294 0.039234729 25 0 575.27564 2.5825443 -1.0301194
52 30.940574 72.705733 0.74300802 0.22153666 0.40451823 25 0 628.06995 2.6331209 -1.051177
53 451.32581 72.901202 0.58301739 -0.0039589346 -0.011998454 25 0 674.23978 3.3586621 -1.3154158
54 88.829171 75.758764 0.71592452 0.33504526 0.18107517 25 0 1904.0027 7.9335999 -2.2486757
55 346.87313 76.933089 0.66470287 0.43290985 -0.057547433 25 0 314.43989 1.4193364 -0.38021332
56 501.94748 79.864387 0.65640376 0.32329651 0.23480793 25 0 1193.1281 5.2779551 -1.8061642
57 383.8835 84.018056 0.69198076 0.31031309 0.1250966 25 0 4165.0511 17.824574 -3.1275479
58 4.1942373 86.774726 0.68517178 0.21403616 0.11032523 25 0 883.93925 4.002034 -1.5057019
59 152.66699 87.530231 0.56435393 -0.046343854 0.19759018 25 0 445.27716 2.1891568 -0.85069216
60 468.54314 88.776637 0.72927296 -0.16009399 0.017369442 25 0 294.04864 1.2864066 -0.27344568
61 125.14722 90.969563 0.68220249 0.33974104 0.17330604 25 0 781.42308 3.4269576 -1.3372718
62 177.49275 91.106741 0.68421794 -0.24764548 -0.38935408 25 0 366.66256 1.4065896 -0.37041848
63 188.10753 97.983863 0.64618682 0.58807038 0.377335 25 0 579.39785 2.6073152 -1.0404838
64 316.85577 98.383694 0.67019797 -0.065043827 0.19054204 25 0 1404.7911 5.9763643 -1.9410927
65 320.85095 100.12805 0.64436873 -0.13197821 0.10045621 25 0 1665.6578 7.3916557 -2.1718543
66 218.97043 101.23718 0.66520608 0.31049644 0.16552724 25 0 1976.9911 8.6284314 -2.3398296
67 148.83535 105.10283 0.59023682 -0.047783341 0.25934176 25 0 388.03234 1.7434524 -0.60352523
68 484.92876 104.80715 0.64630448 0.046190991 0.14677362 25 0 498.86857 2.2944911 -0.90171596
69 86.757708 105.5763 0.64062249 0.45147583 0.16536931 25 0 3600.6899 15.504127 -2.9761183
70 94.848065 106.63103 0.72221558 0.22289702 0.31831177 25 0 301.05777 1.3660557 -0.33867102
71 242.74068 106.6493 0.58501946 0.30138729 0.27509609 25 0 245.76297 1.1137471 -0.11696644
72 329.8426 107.13246 0.7011142 -0.18773515 -0.1859052 25 0 363.79942 1.5490855 -0.47518848
73 145.80881 109.7658 0.7728041 0.0069333111 0.20701832 25 0 222.69537 1.0222374 -0.023879369
74 365.61096 116.50555 0.53373967 0.75050919 -0.069413762 25 0 511.73915 2.491365 -0.99109338
75 252.08707 118.56696 0.69597401 0.46476789 0.31007926 25 0 17910.019 73.714951 -4.668889
76 269.50342 118.49019 0.62851179 0.71191551 0.092917309 25 0 950.55077 4.0553079 -1.5200596
77 279.5957 119.97705 0.62332261 0.23633705 -0.020614665 25 0 1982.9859 8.9865515 -2.3839827
78 336.26432 119.4901 0.57232399 -0.02094153 0.22442278 25 0 1087.323 5.0235743 -1.7525321
79 481.52554 121.02372 0.59732242 0.3443676 0.10349368 25 0 471.88759 2.2655009 -0.88791057
80 131.07466 122.32966 0.7231159 0.29564846 0.17109865 25 0 573.1357 2.3152391 -0.91148963
81 231.74963 121.71265 0.63837454 0.25056294 0.24201478 25 0 539.69855 2.3705714 -0.93713258
82 346.53309 121.70964 0.52432976 -0.11803675 0.19160065 25 0 182.24494 1.0402451 -0.042839248
83 185.8193 123.48027 0.62308938 -0.70994977 -0.42290203 25 0 448.22886 1.8907472 -0.69158366
84 83.94339 123.67639 0.72531332 0.57550702 0.16600041 25 0 613.30715 2.4518788 -0.9737475
85 183.47998 125.18886 0.62183639 0.50073598 0.014884659 25 0 1941.2811 8.4533739 -2.3175752
86 16.184918 127.22985 0.73846225 0.3979467 0.21432507 25 0 568.88724 2.3799578 -0.94142316
87 207.41622 130.63261 0.62662675 -0.070570034 0.047153499 25 0 1713.501 7.2564834 -2.1518155
88 38.837093 132.48912 0.6819295 -0.0083126369 0.27831878 25 0 1339.5964 5.6333023 -1.8769076
89 11.172241 133.16096 0.7135843 -0.067610469 0.092459698 25 0 512.02353 2.2886546 -0.89895065
90 284.99484 133.81903 0.65720642 0.32332975 0.25562875 25 0 577.63398 2.5846448 -1.0310022
91 505.03535 136.58886 0.72977468 0.34274742 0.77118608 25 0 257.71113 1.1401314 -0.1423873
92 492.22684 137.95163 0.63047514 -0.04860386 0.28934935 25 0 179.63584 1.0132578 -0.014299869
93 301.79504 140.35202 0.70190969 -0.49882096 -0.10140851 25 0 314.83109 1.3945454 -0.36108166
94 427.39963 141.88498 0.5928145 0.30527104 -0.10548849 25 0 11417.116 51.290635 -4.2750952
95 416.08065 145.19958 0.70791665 0.2074614 0.42951888 25 0 350.19127 1.6465809 -0.5414577
96 330.36277 147.52445 0.59946729 0.019377623 0.18343367 25 0 2768.0509 12.222315 -2.7178837
97 46.11941 148.807 0.63298157 0.34226722 0.36981148 25 0 819.77317 3.8389182 -1.4605221
98 125.86401 150.30963 0.56654888 0.34784851 0.24767312 25 0 233.69959 1.1243937 -0.12729601
99 29.17515 152.77417 0.86499333 0.38969476 0.15212394 25 0 807.50157 2.8911878 -1.1526907
100 128.81841 162.01662 0.63975901 0.64457561 0.21276186 25 0 502.08455 2.2121299 -0.86202655
101 417.46245 163.45089 0.62838354 0.76089027 0.090917119 25 0 47505.318 203.66258 -5.7722781
102 456.58435 166.85352 0.60956606 0.59098064 -0.022583668 25 0 492.32817 2.2207568 -0.86625248
103 476.86148 166.87467 0.59381667 0.39873079 0.3841019 25 0 192.63681 1.0697719 -0.073228012
104 237.81516 167.63618 0.56689588 0.44271295 0.30337582 25 0 504.35735 2.3803154 -0.94158626
105 184.82488 171.07693 0.73792265 0.55768573 0.25709078 25 0 492.51455 1.9647711 -0.73327993
106 487.74776 173.60387 0.72178058 0.59462485 0.19420409 25 0 234.40566 1.0296192 -0.031691554
107 64.726423 174.89605 0.71533573 -0.064984692 0.021755483 25 0 457.31324 1.8706647 -0.6799899
108 509.79459 175.12035 0.71453425 0.091637479 0.16228704 25 0 7905.7656 33.185611 -3.8023746
109 257.52777 176.00351 0.60513538 0.2476424 -0.074503639 25 0 1729.5108 7.6263265 -2.2057885
110 377.79576 175.89151 0.69070234 0.16461315 0.20708558 25 0 590.47256 2.5186205 -1.0029069
111 195.55586 176.66016 0.49811419 -0.19881639 -0.1413032 25 0 769.68534 3.8563603 -1.465444
112 445.03014 177.7423 0.76078904 0.68639105 0.21972051 25 0 463.8658 1.9492603 -0.72467457
113 33.257284 178.80756 0.72314549 0.027446254 0.11360478 25 0 387.9102 1.6883226 -0.5686386
114 183.99753 179.44624 0.67582734 0.10680436 0.22203507 25 0 1670.6299 6.9878943 -2.1108658
115 53.411255 180.98558 0.65101788 -0.52432216 -0.36685834 25 0 232.49607 1.0438968 -0.046643879
116 174.93799 183.81076 0.59033602 -0.43059219 0.081092239 25 0 251.14772 1.189884 -0.18876159
117 452.62087 184.55165 0.59989773 -0.18539357 0.14521157 25 0 2479.6426 10.985982 -2.6020972
118 146.27611 185.63111 0.68322032 0.85288189 0.29258447 25 0 1859.5873 7.7211716 -2.219208
119 341.99169 184.85376 0.56734432 0.56644199 0.039676739 25 0 177.63048 1.0004403 -0.00047793003
120 48.233371 185.4404 0.6209954 0.38264508 0.31016768 25 0 766.68268 3.4681425 -1.3502423
121 442.55252 186.66049 0.63791669 0.61336052 0.23889641 25 0 601.1651 2.726373 -1.0889632
122 21.836498 188.04893 0.80322037 0.31634448 0.324098 25 0 313.38398 1.270898 -0.26027673
123 258.14784 188.20043 0.64739787 0.48156526 0.13538349 25 0 1241.0778 5.5687089 -1.8643863
124 453.14198 189.36965 0.66549091 0.20277069 0.27278607 25 0 937.38512 3.9746149 -1.4982377
125 220.66293 190.93547 0.68307183 0.3789322 0.22552955 25 0 765.13448 3.1094144 -1.2316965
126 102.92596 192.03479 0.7192076 0.23138572 0.13963747 25 0 47416.489 198.49156 -5.7443551
127 357.76269 191.00901 0.4559522 0.16360126 0.36087329 25 0 198.18223 1.1259386 -0.12878677
128 152.54099 193.21946 0.62659204 0.1069518 -0.031615741 25 0 396.74231 1.6161194 -0.52118363
129 284.33392 197.0709 0.6630762 0.12452297 -0.10450492 25 0 371.20123 1.6318847 -0.5317237
130 452.25298 197.40786 0.74355999 0.72603782 0.2692788 25 0 425.27057 1.7726905 -0.62158232
131 486.47879 201.30558 0.57844852 0.096289338 0.018322448 25 0 562.42717 2.6211675 -1.0462369
132 380.49756 203.34705 0.62150792 -0.22380035 -0.19902245 25 0 272.00569 1.2477008 -0.24027614
133 413.57881 203.00343 0.47758604 0.050629242 -0.12156618 25 0 317.32976 1.8748357 -0.68240806
134 199.63565 203.93959 0.6738642 0.32478364 -0.047806704 25 0 667.13025 2.8187837 -1.1251544
135 229.87937 205.0245 0.68027646 0.49399931 0.41349362 25 0 402.47726 1.6137475 -0.51958894
136 98.068949 206.11583 0.76153763 0.066841189 0.13933391 25 0 812.54712 3.3756817 -1.3209037
137 437.39294 205.73007 0.55680952 0.12625708 0.073278094 25 0 303.80893 1.6109922 -0.51773356
138 501.04183 207.36077 0.74884555 0.19702653 0.11623755 25 0 810.19784 3.2827249 -1.2905862
139 178.71054 207.89892 0.47112963 0.47596399 0.22448989 25 0 253.13834 1.3682195 -0.34038945
140 447.33274 209.70316 0.57207646 -0.46360255 -0.24618356 25 0 256.45846 1.4278644 -0.38671744
141 155.50516 211.19623 0.63190839 0.25630374 0.19219451 25 0 216.60925 1.0719725 -0.075459121
142 43.717867 215.12928 0.60051303 -0.04598919 -0.048190101 25 0 372.46258 1.7177664 -0.58741025
143 46.087862 216.38886 0.79560347 0.62256136 0.24207249 25 0 575.83705 2.1649236 -0.83860645
144 457.12731 217.33933 0.63851475 0.44097169 0.21649017 25 0 1213.3785 5.4513636 -1.8412629
145 19.312773 218.64785 0.66423308 0.01283358 0.21006472 25 0 1968.815 8.5717782 -2.3326773
146 357.86323 219.60278 0.64725596 0.53585249 0.16994407 25 0 1613.4623 6.9863898 -2.110632
147 287.95464 221.6745 0.70566165 0.44407688 0.23501297 25 0 826.59662 3.4230661 -1.3360382
148 182.13403 223.16837 0.65697633 0.4700662 0.1636745 25 0 1075.6208 4.7615344 -1.6943673
149 510.79188 225.91253 0.82569694 0.19098718 0.31357698 25 0 6098.8221 23.845467 -3.4435146
150 251.96489 226.19693 0.5103688 0.4696421 0.54891842 25 0 245.00161 1.3428264 -0.32004968
151 472.15833 226.67972 0.63939956 0.015372248 0.36223411 25 0 217.20741 1.0110736 -0.011956918
152 271.39474 228.50153 0.6574829 0.73913481 0.14512962 25 0 2770.611 11.616739 -2.6627106
153 16.862679 230.72526 0.66988216 0.38345224 0.21553988 25 0 400.42591 1.8949175 -0.69397577
154 383.60894 230.3662 0.59878465 0.80432179 0.2036872 25 0 3911.5722 17.081583 -3.0813203
155 453.79339 231.09178 0.68075737 0.17856492 0.10136157 25 0 16153.62 69.020928 -4.597452
156 358.57218 232.74287 0.61753286 0.48925209 0.11021855 25 0 1037.6279 4.5062612 -1.6345409
157 211.80978 239.20764 0.71247474 0.13299088 0.057275908 25 0 767.89276 3.0879647 -1.2241808
158 271.94058 240.17801 0.72400689 0.20571855 0.15583558 25 0 915.52579 3.7236603 -1.4274251
159 463.00654 242.56368 0.67393754 0.31795393 0.24167956 25 0 2183.6888 9.4133172 -2.4343567
160 62.421519 243.40209 0.42350267 -0.31250251 0.13967832 25 0 255.56589 1.4505747 -0.40385025
161 48.609803 246.16206 0.69505373 -0.81304104 -0.10647806 25 0 353.02218 1.5400318 -0.46882421
162 83.056184 253.85234 0.73432079 0.040227172 0.060616561 25 0 354.25943 1.4639681 -0.41382901
163 459.8675 256.07082 0.70305484 0.20207014 0.12749579 25 0 9150.7255 38.470816 -3.9628285
164 235.43057 256.81531 0.58776422 0.35545371 -0.04999718 25 0 4573.8415 20.701021 -3.2899794
165 7.9020424 257.81284 0.68543758 0.24160854 0.10938995 25 0 1190.4559 5.2849 -1.8075919
166 297.72473 259.2229 0.6967157 -0.11688344 0.26142251 25 0 519.57851 2.3464026 -0.92600635
167 363.21373 265.39299 0.46363429 -0.1036279 0.33357957 25 0 310.99102 1.5993456 -0.5098558
168 136.24231 267.28299 0.82814728 0.073223285 0.35179386 25 0 359.65237 1.2697219 -0.25927153
169 18.10083 277.53643 0.70129193 -0.030553869 0.18833418 25 0 363.24248 1.7186086 -0.58794246
170 57.862907 278.10276 0.53878017 0.098837401 0.28260644 25 0 230.28069 1.2422461 -0.23551914
171 64.837728 277.69527 0.6991593 0.51581044 0.19632813 25 0 1692.1377 7.1636721 -2.1378392
172 121.31552 279.31696 0.64320547 0.67672762 0.41007946 25 0 336.46939 1.6656262 -0.55394383
173 94.116343 280.56497 0.60513552 0.37117093 0.095974355 25 0 199.27074 1.0747877 -0.078306699
174 246.96286 285.79705 0.81352912 0.24442223 0.61683909 25 0 382.04833 1.5344453 -0.4648785
175 3.1534441 287.40487 0.66120342 -0.39341816 -0.0045700725 25 0 299.52048 1.4452405 -0.39985031
176 79.041725 286.92737 0.72436368 0.15443151 0.098748043 25 0 926.63505 3.8285408 -1.4575832
177 379.52437 288.98094 0.62424903 0.10031779 -0.03960576 25 0 5397.8074 23.749941 -3.4391563
178 192.04341 290.4815 0.71912378 0.19294617 0.16690655 25 0 963.23818 3.9318418 -1.4864901
179 70.637611 291.85825 0.66593309 0.35714426 0.030051268 25 0 1274.3543 5.284402 -1.8074896
180 98.952638 291.60354 0.70036963 0.4859261 0.30805391 25 0 1251.4718 5.2257975 -1.7953815
181 353.88733 293.68013 0.64571636 0.43388093 0.049222186 25 0 506.74741 2.3812282 -0.94200256
182 485.16019 293.78281 0.6460527 0.061035927 0.16579755 25 0 828.84426 3.7017444 -1.4210161
183 23.13219 296.70064 0.75610521 -0.1692641 0.20698029 25 0 557.84836 2.321037 -0.91420514
184 38.478062 296.64443 0.55240418 0.54170805 -0.38514813 25 0 238.71545 1.197185 -0.19540318
185 101.43581 301.27889 0.50662994 0.57620951 -0.20130874 25 0 285.31404 1.392569 -0.35954183
186 167.87347 301.27761 0.54711896 -0.03242057 0.068205008 25 0 484.35419 2.4543422 -0.9748378
187 82.405447 307.38282 0.65897041 0.69121121 0.088379143 25 0 1260.625 5.3966387 -1.8303084
188 430.22424 306.98206 0.73205633 0.33284942 0.25419667 25 0 534.20726 2.2552149 -0.88296984
189 133.12167 309.49494 0.70668214 -0.39892609 -0.0069514542 25 0 291.94143 1.1708637 -0.17126582
190 225.84994 312.87448 0.69185878 0.19643464 0.017750339 25 0 957.49914 4.0870346 -1.5285208
191 457.95862 312.59162 0.69589852 0.62007443 0.29921906 25 0 1169.9109 4.9157163 -1.728967
192 145.06745 317.61059 0.66701063 0.30764374 0.23464392 25 0 3654.2112 15.683305 -2.988594
193 5.5021459 319.50003 0.66103312 0.63419114 0.094807663 25 0 775.51695 3.143506 -1.2435358
194 21.157368 319.38575 0.71663108 0.44015981 0.20239026 25 0 2409.5942 9.9361297 -2.4930431
195 232.22715 320.55415 0.46521737 0.64301216 0.25832422 25 0 202.99594 1.2981647 -0.2833245
196 67.100626 321.38226 0.7196461 0.119082 0.16139767 25 0 410.86208 1.6799934 -0.56326894
197 194.48437 327.15634 0.70566707 0.25751231 0.013059191 25 0 383.48055 1.5523239 -0.47745589
198 462.52004 326.61225 0.53854673 -0.42736969 0.19035314 25 0 301.11162 1.5599706 -0.48279103
199 337.45816 329.26529 0.69927689 0.3470045 -0.054996997 25 0 590.84253 2.4458113 -0.97105738
200 270.50005 332.11925 0.65316653 -0.13555697 0.074261363 25 0 281.3854 1.2657401 -0.25586133
201 27.700852 336.58162 0.6598815 0.61287373 0.17033606 25 0 4861.5743 20.903235 -3.3005338
202 294.99262 336.40122 0.62033134 0.19655599 0.29771299 25 0 519.12969 2.199122 -0.85562333
203 387.72828 337.05339 0.63397847 0.10054562 -0.0021343599 25 0 531.42192 2.3397964 -0.92294515
204 37.943756 337.53203 0.6982593 0.34466442 0.27615812 25 0 13643.396 57.015745 -4.389987
205 271.15686 338.05512 0.77273148 0.18229272 0.1223718 25 0 1090.6232 4.2388371 -1.5681168
206 84.24606 338.69928 0.70435585 0.10106817 0.060548693 25 0 1100.4767 4.5291389 -1.6400391
207 496.1892 344.42729 0.83301509 0.49390924 0.44602329 25 0 1196.9965 4.3237978 -1.5896634
208 267.1905 348.0562 0.61363326 0.00030147358 0.14697114 25 0 412.60309 1.9406399 -0.71986237
209 368.02618 350.40636 0.71509062 0.55865506 0.31081344 25 0 851.30344 3.4861638 -1.3558695
210 25.262094 353.84965 0.57481432 -0.96908107 0.070762417 25 0 258.748 1.2651289 -0.25533696
211 247.17809 354.17839 0.7106926 0.32599351 0.10145126 25 0 6198.4481 25.763764 -3.5275233
212 389.21375 355.46876 0.70925989 0.63333634 0.17725345 25 0 1120.5012 4.493432 -1.6314454
213 29.189167 356.6595 0.66931502 0.030866256 0.363908 25 0 848.07034 3.5921621 -1.3883898
214 500.91406 356.11015 0.53291595 0.3493665 0.27520182 25 0 350.48196 1.8245627 -0.65289701
215 19.630888 356.98256 0.70604778 0.17602565 -0.13664235 25 0 552.58391 2.3141315 -0.91097007
216 54.418279 356.6165 0.51082603 -0.7101292 0.44467146 25 0 309.68629 1.3172334 -0.29915683
217 306.16801 358.06189 0.69232383 0.28618252 0.073201682 25 0 29475.747 124.67953 -5.2394879
218 1.9955327 358.56208 0.69928677 0.30351894 0.25268072 25 0 902.26983 3.6248854 -1.3982357
219 29.450725 360.57603 0.64384044 0.35807561 0.29168632 25 0 1156.6487 4.7135309 -1.6833659
220 164.42381 360.12207 0.53152536 -0.4463838 -0.31526985 25 0 236.21368 1.0176036 -0.018946639
221 450.75454 360.29542 0.76528248 0.44123022 0.33442515 25 0 264.03017 1.0593514 -0.062600128
222 30.261707 363.76841 0.72757574 -0.45511174 -0.078040127 25 0 589.10457 2.229704 -0.87061805
223 422.03512 365.10694 0.72357422 0.13788779 0.14954981 25 0 2410.8417 10.080953 -2.508754
224 487.39613 365.83626 0.48337967 0.95943749 0.53462049 25 0 234.1856 1.2877079 -0.2745434
225 35.347016 365.78223 0.64703317 -0.26314121 0.16163603 25 0 242.54022 1.0013125 -0.0014240638
226 233.50079 367.2082 0.67596286 0.32070493 -0.058062519 25 0 1596.813 6.654915 -2.0578563
227 285.55683 368.37484 0.61622575 -0.13614124 0.048099288 25 0 2553.8566 11.185078 -2.6215975
228 435.20264 369.45492 0.73488754 0.47212023 0.26102729 25 0 1208.439 4.7815088 -1.6989124
229 103.06594 369.91743 0.72178477 0.19350288 0.11526918 25 0 6047.8344 25.203119 -3.5036357
230 118.0586 371.05771 0.77999878 0.27842297 0.26432136 25 0 276.92736 1.0416496 -0.044304133
231 146.21253 370.70784 0.65273258 -0.12019219 0.16432438 25 0 537.32722 2.2978779 -0.90331736
232 506.98243 371.46722 0.71755606 0.24690454 0.27743164 25 0 10245.938 42.139952 -4.0617351
233 30.113638 372.99064 0.69497061 -0.43536424 -0.086375877 25 0 570.45282 2.4907176 -0.99081122
234 10.473939 376.70677 0.68590656 0.40064301 -0.046391045 25 0 758.25724 3.1156044 -1.2338558
235 483.65567 379.31907 0.66738065 0.063489384 0.099742157 25 0 279.41518 1.2482143 -0.24072291
236 453.59104 380.91815 0.67408593 0.1383872 -0.31571089 25 0 305.17833 1.4257414 -0.38510189
237 373.55078 382.59417 0.58836135 -0.32510147 0.031391041 25 0 3042.9112 13.631858 -2.8363877
238 82.234132 384.10729 0.72346732 0.30247768 0.083498436 25 0 4252.9538 17.577963 -3.1124214
239 127.94533 385.60419 0.73070994 0.47487658 0.13755957 25 0 749.87423 2.9697156 -1.1817871
240 234.74356 387.1991 0.69085958 0.043675799 0.046418574 25 0 658.86034 2.7194899 -1.0862186
241 276.47457 388.00743 0.64187675 0.80303043 -0.16963085 25 0 296.08745 1.2770924 -0.26555576
242 491.6631 387.99108 0.68960567 -0.36508076 0.21678551 25 0 624.20104 2.3235192 -0.91536567
243 107.78242 388.86529 0.60199503 0.4666789 0.074739682 25 0 397.30048 1.770934 -0.62050594
244 12.494088 390.11862 0.63186004 0.10114289 -0.076809411 25 0 983.76359 4.3751927 -1.602493
245 152.01534 389.98559 0.68342424 0.22780379 0.17951523 25 0 1648.0738 7.0471759 -2.1200378
246 492.26796 391.44515 0.67749405 0.66841586 0.31677194 25 0 2133.4881 8.8016204 -2.3614066
247 462.91326 391.87592 0.71631053 0.18790851 0.17274547 25 0 3027.7944 12.817105 -2.7694749
248 67.604747 395.20835 0.54570829 -0.058472308 -0.19289863 25 0 512.96302 2.4387578 -0.96792167
249 395.64677 397.76645 0.81107955 -0.10239983 0.12808882 25 0 284.8953 1.0742603 -0.077773819
250 104.7396 400.58519 0.53117659 -0.39151418 0.027625329 25 0 234.23104 1.252024 -0.2440316
251 254.10029 399.91849 0.69878728 0.18145861 0.10330031 25 0 9186.5084 39.041775 -3.9788239
252 384.6146 401.83292 0.70789103 0.49552388 -0.14861827 25 0 818.47015 3.2370772 -1.2753826
253 180.66548 402.43032 0.55750326 0.9937794 0.44112593 25 0 253.07225 1.1665323 -0.16724196
254 283.27574 407.46591 0.65761459 0.88292975 0.24587755 25 0 714.83594 3.0629758 -1.2153589
255 420.14659 406.79044 0.65593928 -0.11744934 0.27516837 25 0 648.8312 2.8533065 -1.1383711
256 29.773875 409.06149 0.52551706 0.84789952 0.44366757 25 0 215.5631 1.0248582 -0.026659443
257 10.814862 411.29141 0.73934623 0.2509621 0.32195177 25 0 1066.673 4.2932282 -1.5819599
258 280.583 411.05791 0.62148174 0.099919728 -0.0024832976 25 0 1954.991 8.6762307 -2.3458277
259 298.66495 410.68508 0.67080786 0.56247348 0.34255936 25 0 331.45805 1.3645603 -0.33748183
260 502.25873 411.01865 0.77483211 0.37701955 0.24850582 25 0 581.62618 2.247783 -0.87938595
261 48.866434 415.27284 0.6634338 0.51602259 0.35246417 25 0 304.74482 1.2402165 -0.2337438
262 112.40822 416.49972 0.61557947 0.89077087 0.11020177 25 0 775.40249 3.2458424 -1.2783186
263 136.47158 417.97237 0.63597429 0.14121075 -0.11778915 25 0 2191.6128 9.6246818 -2.458466
264 312.5843 427.98321 0.58432579 0.27786006 0.078462269 25 0 411.65099 1.9192222 -0.70781313
265 193.39398 429.49157 0.75134426 -0.1580096 0.19710028 25 0 363.8118 1.4766703 -0.42320885
266 222.13312 434.87446 0.7563589 0.043524162 0.047391825 25 0 514.74894 2.0755837 -0.79285061
267 187.3533 435.94074 0.66417523 0.097650162 0.0022206172 25 0 2302.019 9.9689354 -2.496622
268 160.84928 436.96339 0.67190784 0.24100706 0.079834575 25 0 1191.2167 5.0744653 -1.7634757
269 202.01376 437.6137 0.60350359 0.67170893 0.21218232 25 0 263.94056 1.1137984 -0.11701645
270 409.81777 436.61963 0.77003554 0.85942535 0.038727435 25 0 441.1623 1.6465463 -0.54143485
271 189.79867 438.02007 0.41714338 0.24977203 0.031456665 25 0 257.62511 1.4151522 -0.37700788
272 260.61045 439.31003 0.64304289 -0.29298282 0.0032974106 25 0 1109.8036 4.8587277 -1.7163064
273 373.27105 440.96542 0.67453006 0.1677254 0.074884554 25 0 3633.5716 15.665295 -2.9873464
274 42.875212 444.22537 0.63971451 0.34250601 0.082228531 25 0 353.04899 1.5466768 -0.47349894
275 273.69132 443.68892 0.6145222 0.22543849 0.14763317 25 0 1206.1908 5.4106797 -1.8331296
276 119.80621 445.7282 0.68864318 0.366798 0.12331097 25 0 15554.44 66.157715 -4.5514512
277 504.94556 445.90098 0.69251425 0.25879868 0.41387652 25 0 465.80416 1.9867988 -0.74538471
278 207.58941 451.63802 0.51467687 -0.033899629 -0.066272629 25 0 186.47703 1.100489 -0.10396422
279 491.67812 452.14425 0.69568693 -0.30633608 -0.028024186 25 0 358.5362 1.5382781 -0.46758714
280 240.52037 453.29725 0.4281871 0.90384278 0.44692064 25 0 208.10368 1.0449783 -0.047768173
281 505.8468 455.42114 0.71801061 0.13296606 0.27499973 25 0 2456.6312 10.018459 -2.5020023
282 408.20315 457.96509 0.7018938 0.44856646 0.034581717 25 0 435.37062 1.7598326 -0.61367841
283 339.79751 459.16706 0.67571491 0.41397145 0.1158262 25 0 676.05231 2.718899 -1.0859827
284 464.00795 460.28089 0.74756955 0.097451494 0.13249684 25 0 541.29083 2.1831549 -0.84771136
285 390.83758 464.07169 0.75948479 0.17481038 0.086788712 25 0 1695.7977 6.7901179 -2.0796933
286 84.874081 465.32302 0.7313186 0.10979283 0.18323411 25 0 6664.7585 27.057826 -3.5807323
287 177.82615 466.38789 0.63595278 0.52903899 0.24919099 25 0 1077.593 4.6415623 -1.6666605
288 354.75239 466.9189 0.67468018 -0.10638839 0.60419548 25 0 319.49146 1.2894629 -0.27602215
289 456.51619 467.49895 0.50035372 -0.36744872 0.091963639 25 0 61218.955 285.74628 -6.1399514
290 433.43335 469.96499 0.56433167 0.017631001 -0.34332732 25 0 298.28744 1.4556858 -0.4076691
291 73.958999 470.44883 0.61276735 0.28152875 0.21983153 25 0 331.78507 1.4968894 -0.43797427
292 18.816329 472.91101 0.83266009 -0.11985473 0.069244907 25 0 286.79366 1.0599459 -0.063209287
293 239.57817 474.49399 0.59439779 -0.25025049 0.088168318 25 0 4417.8371 19.610994 -3.231249
294 457.72443 475.2187 0.80517171 0.043614267 0.26939073 25 0 646.19236 2.1485511 -0.83036424
295 371.43033 476.02578 0.65489133 -0.75699284 -0.20878787 25 0 619.58222 2.6262649 -1.0483463
296 74.254894 477.17688 0.76303233 0.23470853 -0.028110342 25 0 268.89989 1.1348319 -0.13732885
297 273.80686 477.61107 0.59138368 0.0232028 0.25032104 25 0 277.52893 1.2381227 -0.23190923
298 142.95734 478.52026 0.6173591 0.49739316 0.41564813 25 0 444.05621 1.9332577 -0.71572435
299 289.74084 477.67845 0.67182495 0.39093934 0.12199349 25 0 3282.9988 14.138874 -2.8760371
300 422.98314 480.39645 0.47276334 -0.16732197 0.34559964 25 0 179.04736 1.0579904 -0.0612043
301 367.1491 482.71016 0.81675597 0.16903107 0.22770948 25 0 614.44406 2.1529245 -0.832572
302 167.5778 483.77755 0.62620877 0.54161387 0.04315096 25 0 836.15202 3.7511184 -1.4354019
303 245.41957 488.20973 0.61224884 0.68825237 -0.017347161 25 0 278.63969 1.3142623 -0.29670513
304 92.637769 489.22143 0.66837539 -0.13553242 6.7363717e-05 25 0 1166.0469 4.9408493 -1.734504
305 421.50273 498.3794 0.38079618 -0.50644804 0.014829628 25 0 187.50424 1.1719144 -0.17223973
306 269.07896 498.69697 0.68744943 0.30100344 0.017567604 25 0 434.94842 1.8210833 -0.65082452
307 179.03521 502.72254 0.73631936 0.072442817 0.10043423 25 0 412.55872 1.6202042 -0.52392437
308 95.688933 504.12005 0.81324474 -0.053158874 -0.20566503 25 0 419.23251 1.5810213 -0.49734431
309 144.63253 505.80507 0.81645996 -0.012377297 0.22969687 25 0 636.46302 2.1904327 -0.85132478
310 189.97288 506.01998 0.73234401 0.47501785 0.11029838 25 0 625.68955 2.589587 -1.0330763
311 145.50125 509.44633 0.54470498 0.7279388 0.057134889 25 0 612.20545 2.7404223 -1.0945437
