id xcentroid ycentroid sharpness roundness1 roundness2 npix sky peak flux mag
1 280.14589 14.394754 0.55034714 -0.25267221 -0.0045506018 25 0 453 1.2681868 -0.25795807
2 7.0150126 23.129294 0.63425862 -0.31700034 -0.2136063 25 0 10848 24.04774 -3.4526857
3 317.48503 23.043052 0.60569615 -0.12933019 -0.35275219 25 0 495 1.3057334 -0.28963632
4 391.00734 26.423385 0.64609391 0.10713698 0.12988675 25 0 366 1.0412831 -0.043922074
5 449.9955 26.376875 0.6130251 -0.074187185 -0.082814284 25 0 19405 42.683573 -4.0756519
6 169.41521 52.278988 0.59967849 -0.29047849 -0.31607693 25 0 834 1.8716124 -0.68053976
7 188.67464 53.135281 0.6374445 -0.52117907 -0.36246268 25 0 1735 3.6467672 -1.4047701
8 307.2178 55.369076 0.35271399 -0.032059287 -0.25078098 25 0 58026 147.87219 -5.4247163
9 93.988047 57.215111 0.6254596 -0.32729468 -0.19215114 25 0 3843 8.3066707 -2.2985675
10 382.69178 59.018968 0.61479159 -0.34825035 -0.45889124 25 0 684 1.7078063 -0.58109653
11 453.09605 65.091488 0.63159677 -0.14325559 -0.086728956 25 0 554 1.5265421 -0.45927195
12 276.76686 65.742889 0.60946776 -0.25439964 -0.29260529 25 0 1070 2.3719334 -0.93775622
13 425.76109 72.708421 0.57432567 -0.047103094 -0.24480153 25 0 899 2.2302383 -0.87087818
14 484.18353 74.96105 0.67928456 -0.17130243 -0.17026225 25 0 2672 5.9138308 -1.9296722
15 13.937244 78.095716 0.70330525 -0.49507468 -0.22338148 25 0 477 1.1607546 -0.16185108
16 415.46545 79.58467 0.4993947 0.37054398 -0.15139332 25 0 839 2.2468297 -0.87892539
17 38.29626 83.031748 0.64981748 -0.46124189 -0.27789834 25 0 1242 2.7562997 -1.1008161
18 451.23066 88.162253 0.56016864 0.058876841 -0.10072153 25 0 518 1.5036868 -0.44289347
19 333.2216 92.052403 0.63733987 -0.37767393 -0.23749819 25 0 2507 5.2991413 -1.8105137
20 473.51792 99.068792 0.63267998 -0.23528323 -0.31119454 25 0 15136 31.75809 -3.7546359
21 266.19194 106.21519 0.6068141 -0.33806108 -0.21183157 25 0 964 2.0314397 -0.76950983
22 270.28284 107.92472 0.5846775 -0.5160302 -0.37460436 25 0 1114 2.4472518 -0.97169664
23 168.59453 108.96136 0.6021883 -0.31856131 -0.31657474 25 0 1232 2.5348047 -1.0098613
24 36.079374 112.9551 0.658281 -0.42668891 -0.26532509 25 0 3041 6.3827526 -2.01252
25 491.44689 115.53171 0.56274812 -0.68256854 -0.14173744 25 0 1162 2.7986187 -1.1173593
26 471.75929 119.04935 0.67553816 -0.29564725 -0.21088587 25 0 1585 3.4892066 -1.3568167
27 201.53712 126.11732 0.59007218 -0.5373727 -0.35545321 25 0 11579 24.673074 -3.4805582
28 218.77247 126.31323 0.71541496 -0.24141715 0.044437492 25 0 793 1.2855644 -0.27273458
29 285.52125 127.50176 0.57130313 -0.60679637 -0.094183824 25 0 733 1.4466338 -0.40089655
30 228.86695 127.65065 0.59566228 -0.22523994 -0.16004015 25 0 1351 2.779385 -1.1098718
31 133.03826 132.73457 0.59104259 -0.3830798 -0.18712421 25 0 1596 3.3651174 -1.3175006
32 500.10362 134.53328 0.54126426 0.070182676 -0.060196933 25 0 989 2.6148265 -1.0436072
33 157.00406 138.22526 0.58360346 -0.21170069 -0.2807154 25 0 1268 2.6402907 -1.0541294
34 376.84966 150.00624 0.58154591 -0.38055474 -0.3057582 25 0 8465 18.722465 -3.1809076
35 279.42728 155.4841 0.55763508 -0.87139723 -0.32817794 25 0 1724 3.5151608 -1.364863
36 464.83969 162.05725 0.62603261 -0.17069789 -0.18078178 25 0 5956 13.083487 -2.7918088
37 366.69203 171.50383 0.52586344 0.043701138 -0.14587048 25 0 30504 68.015413 -4.5815184
38 458.86541 183.41219 0.57803155 -0.38653555 -0.10274309 25 0 4307 9.746156 -2.4720834
39 144.91 184.28384 0.63411948 -0.19391121 -0.045485978 25 0 844 1.6733982 -0.55899826
40 206.65173 183.63216 0.54144114 -0.13152116 -0.25789016 25 0 1254 2.5981857 -1.0366755
41 133.43274 187.03765 0.58149386 -0.35987541 -0.32396676 25 0 1215 2.4440803 -0.97028867
42 95.707083 192.88899 0.58956831 -0.19736167 -0.10869909 25 0 1356 2.7522308 -1.0992121
43 401.64144 192.61426 0.5455952 -0.20064284 -0.20755635 25 0 1681 3.8784294 -1.4716397
44 207.37934 195.88018 0.60946279 -0.54465711 -0.44981623 25 0 850 1.6051862 -0.51381357
45 170.02089 198.47349 0.65893496 -0.33685772 -0.079551615 25 0 628 1.0768873 -0.080425617
46 402.13343 197.67246 0.51805512 -0.69993147 -0.025832344 25 0 540 1.409334 -0.37253483
47 52.27883 199.32019 0.60008922 -0.069182922 -0.14936649 25 0 29901 65.618536 -4.5425663
48 489.42343 213.44035 0.57132184 0.15927741 -0.1829403 25 0 888 2.206058 -0.85904229
49 483.36945 219.51531 0.55859491 0.16319606 -0.075419291 25 0 1898 4.3707514 -1.6013903
50 406.17668 225.47487 0.52285633 -0.58706548 -0.092544662 25 0 652 1.6716288 -0.55784959
51 307.02683 227.60955 0.51834472 -0.24933513 -0.039438473 25 0 939 2.1511967 -0.8317003
52 131.34096 230.70103 0.60321374 -0.55119853 -0.19877015 25 0 856 1.6627794 -0.55208656
53 460.04949 234.33407 0.6104991 -0.28916411 -0.12803324 25 0 3327 7.4184166 -2.175778
54 220.54357 236.07238 0.6297852 -0.41494735 -0.31499312 25 0 2240 4.5014963 -1.6333922
55 332.86808 238.54144 0.57279851 -0.40211263 -0.0039798232 25 0 2994 6.5300276 -2.0372875
56 402.78277 239.31458 0.5728364 -0.48079237 -0.2108757 25 0 9168 20.204361 -3.2636128
57 307.69561 240.7815 0.56215528 -0.26966081 -0.12519961 25 0 791 1.7574089 -0.61218203
58 160.96437 246.66817 0.64774033 -0.5483668 -0.35682699 25 0 594 1.0561509 -0.059314981
59 221.03993 247.83169 0.67781939 -0.36900757 -0.26515541 25 0 682 1.125527 -0.12838984
60 411.88699 250.82284 0.58340213 -0.1880291 -0.20375908 25 0 1346 3.145734 -1.244305
61 184.76549 264.39571 0.57810451 -0.52173599 -0.16208434 25 0 3574 7.6787329 -2.2132239
62 408.82306 264.29095 0.57983298 -0.50944618 -0.19651213 25 0 4701 10.155972 -2.5168038
63 509.55337 265.74797 0.56817821 -0.53609481 -0.12036573 25 0 978 2.3881209 -0.94514075
64 13.907532 284.86713 0.63337769 -0.42330945 -0.32651314 25 0 1089 2.2161444 -0.86399514
65 28.144396 294.02227 0.62068854 -0.26966604 -0.35655703 25 0 559 1.1670307 -0.16770567
66 328.50029 296.89952 0.58859323 -0.2395859 -0.31720231 25 0 3856 8.2291812 -2.2883916
67 141.31608 297.88939 0.689567 -0.55979868 -0.40261892 25 0 878 1.5652102 -0.48643167
68 19.774773 298.97367 0.57860147 -0.20608453 -0.3141993 25 0 887 1.9489228 -0.72448657
69 47.951369 298.92215 0.64496031 -0.24271087 -0.25973935 25 0 977 1.9455063 -0.72258161
70 433.94892 301.98808 0.58908689 -0.2669959 -0.093354787 25 0 509 1.3509905 -0.32663077
71 31.422791 314.53104 0.49447593 -0.68600476 -0.32169509 25 0 766 1.7738575 -0.62229684
72 175.10499 320.38616 0.52565882 -0.019439241 -0.042289529 25 0 692 1.4108257 -0.37368343
73 406.58068 320.71988 0.52046156 0.015115761 -0.095212365 25 0 610 1.4858282 -0.4299215
74 94.210978 324.97883 0.62678926 -0.4042011 -0.27162185 25 0 2715 5.6278555 -1.8758573
75 243.80268 344.29972 0.50063252 -0.64125221 -0.19467878 25 0 449 1.0107465 -0.011605567
76 33.274066 345.85962 0.69825475 -0.93336511 -0.33765876 25 0 804 1.5615381 -0.48388143
77 220.29236 345.8046 0.60903043 -0.61743132 -0.27031038 25 0 710 1.3672269 -0.33960152
78 445.06688 352.48425 0.65856993 -0.26176297 0.085556153 25 0 677 1.4491525 -0.40278522
79 316.99341 358.30384 0.57130113 -0.34909106 -0.26580809 25 0 495 1.0244532 -0.026230311
80 196.26601 361.77121 0.61528488 -0.45369228 -0.23544762 25 0 4128 8.6913116 -2.3477133
81 338.25469 363.52078 0.49365583 -0.31616414 -0.18001099 25 0 688 1.6452126 -0.54055506
82 255.11969 365.99535 0.61305878 -0.49468589 -0.30917911 25 0 18305 38.831605 -3.9729634
83 370.99314 373.17616 0.56082929 -0.48625222 -0.29315946 25 0 1310 2.9960719 -1.1913806
84 182.43387 374.81448 0.66379066 -0.42885793 -0.31883368 25 0 1220 2.2511013 -0.8809876
85 234.60816 376.0658 0.59807189 -0.50290865 -0.33390206 25 0 2087 4.373803 -1.602148
86 52.08881 377.22025 0.61605113 -0.19481898 -0.16088918 25 0 3893 8.5710174 -2.3325809
87 384.15172 377.43004 0.56042897 0.040203839 -0.10835202 25 0 718 1.5922802 -0.50504874
88 455.6828 379.66899 0.5831004 -0.074211823 -0.14689779 25 0 6091 13.511348 -2.8267467
89 31.36224 391.28828 0.62023753 -0.078190948 -0.26920525 25 0 2505 5.3197264 -1.8147233
90 322.2756 390.63673 0.59630505 -0.61558031 -0.1781814 25 0 2298 4.8511881 -1.7146203
91 440.25823 396.20217 0.72460373 -0.88696895 -0.12190657 25 0 473 1.0046001 -0.004983031
92 100.95846 397.47392 0.55931931 -0.28814859 -0.12427643 25 0 973 2.0244462 -0.76576561
93 411.63923 399.95309 0.64064387 -0.44713968 -0.31172528 25 0 1790 3.8473651 -1.4629085
94 440.90825 399.72649 0.57673403 -0.49611725 -0.23042288 25 0 1390 3.2559377 -1.2816902
95 202.99411 407.5739 0.59185781 -0.26115962 -0.09865604 25 0 5579 11.990657 -2.6971074
96 232.14443 415.19407 0.68467209 0.75526937 -0.093066163 25 0 607 1.1185746 -0.1216624
97 229.50359 418.77075 0.5939527 -0.059280932 -0.31403742 25 0 1379 2.8059623 -1.1202046
98 61.451774 423.90324 0.64272083 -0.29553945 -0.46649315 25 0 672 1.3190136 -0.30062318
99 85.56286 425.29282 0.63556926 -0.5359044 -0.1861285 25 0 1644 3.3565231 -1.3147241
100 109.79864 444.21988 0.621212 -0.24765561 -0.1848707 25 0 886 1.8437607 -0.66426136
101 136.30745 443.48337 0.56871594 -0.44474943 -0.071020043 25 0 1481 3.0460673 -1.2093487
102 209.56393 446.97407 0.64990191 -0.33655038 -0.28332583 25 0 907 1.7633244 -0.61583052
103 468.36021 447.06089 0.24410346 -0.44523652 -0.25389192 25 0 57685 146.05972 -5.4113261
104 322.09376 448.91727 0.60365391 -0.44265971 -0.24946207 25 0 2393 5.3515636 -1.8212017
105 222.75736 451.34745 0.56587369 -0.70347894 -0.147318 25 0 736 1.3860876 -0.35447673
106 68.709027 453.02069 0.65084121 -0.28730773 -0.25345513 25 0 11317 24.060644 -3.4532681
107 454.51636 463.68025 0.64487153 -0.84326521 -0.27853144 25 0 1413 2.9943329 -1.1907502
108 288.68436 467.24926 0.55581977 -0.64744247 -0.50459955 25 0 448 1.0513099 -0.054326853
109 339.69149 471.97421 0.67635762 -0.52994471 -0.28244229 25 0 1001 2.0755467 -0.79283128
110 33.780979 472.50063 0.6091186 0.23015117 -0.021694833 25 0 4023 8.7555684 -2.3557109
111 126.83876 473.92668 0.63714651 -0.11409679 -0.17093242 25 0 918 1.825212 -0.65328331
112 405.04107 475.77205 0.50790324 -0.47419066 -0.25339178 25 0 58124 136.88289 -5.3408729
113 188.40818 481.98625 0.65866343 -0.37158909 -0.2985239 25 0 3910 8.014627 -2.2597083
114 238.56005 485.43184 0.60182154 -0.82331159 -0.26918185 25 0 2116 4.4356419 -1.6173912
115 116.6888 491.31736 0.56112852 -0.07780777 -0.39381642 25 0 598 1.2853639 -0.27256528
116 41.490521 496.56196 0.54809912 0.053133176 -0.12465734 25 0 672 1.577062 -0.49462193
