id xcentroid ycentroid sharpness roundness1 roundness2 npix sky peak flux mag
1 293.71377 14.26129 0.52213097 0.34939438 0.097266831 25 0 442.82272 1.5205343 -0.45499054
2 425.1321 17.842161 0.831018 -0.11416586 0.036552347 25 0 510.88323 1.3220695 -0.30313568
3 20.917706 23.264769 0.60995677 -0.23251256 -0.15207739 25 0 12003.853 34.083071 -3.8313468
4 331.20052 23.071799 0.62583847 -0.13685105 -0.23053797 25 0 659.60725 2.0886474 -0.79966282
5 404.59515 26.307342 0.51122295 -0.052425103 -0.37542854 25 0 480.64723 1.6440611 -0.53979487
6 463.77887 26.322377 0.65001494 -0.13064452 -0.10606705 25 0 24101.094 65.482594 -4.5403147
7 350.47564 44.588222 0.56724481 -0.56430081 -0.28738747 25 0 366.79032 1.2876712 -0.27451245
8 123.12474 46.95702 0.8073633 0.1969665 -0.33894261 25 0 445.96962 1.0623609 -0.065680159
9 109.89869 51.14911 0.72000479 -0.27770073 -0.3360652 25 0 479.92091 1.2011042 -0.19895171
10 182.87891 52.184408 0.65978702 -0.33499767 -0.24760742 25 0 1036.7911 2.825054 -1.1275669
11 202.39395 53.047439 0.64235886 -0.091718263 -0.32826933 25 0 1945.248 5.2490844 -1.8002089
12 62.772071 55.255259 0.69549395 -0.41462982 -0.29618859 25 0 502.28887 1.4111935 -0.37396642
13 320.85825 55.386822 0.33697147 -0.2255829 -0.23242253 25 0 58083.617 191.42321 -5.7049865
14 342.73832 54.514725 0.59357918 0.11170967 -0.24242798 25 0 354.13165 1.2294546 -0.22428121
15 246.16759 55.783531 0.52133495 -0.27526192 -0.24448725 25 0 268.41184 1.1582589 -0.1595141
16 107.72938 57.204088 0.64934294 -0.3250833 -0.25208355 25 0 4430.1995 11.803654 -2.6800411
17 396.36752 59.087392 0.60480897 0.083376841 -0.24867248 25 0 780.28655 2.3248021 -0.91596498
18 466.82833 65.159266 0.69259205 -0.036497441 -0.28083192 25 0 742.22928 2.0764061 -0.79328075
19 290.40647 65.826518 0.61316205 -0.033924758 -0.33809011 25 0 1175.0717 3.3572436 -1.3149571
20 439.4528 72.672626 0.64170879 -0.14555031 -0.21603913 25 0 1230.3215 3.3184471 -1.3023372
21 497.99963 74.993883 0.72040378 0.044472081 -0.11944395 25 0 3535.1592 9.2930517 -2.4203959
22 27.978559 78.05673 0.72667593 -0.24159975 -0.33537026 25 0 569.10804 1.5191249 -0.45398368
23 429.02487 79.520143 0.61394731 0.15222145 -0.030482568 25 0 1220.5754 3.4520038 -1.3451782
24 467.66666 80.348845 0.69124124 -0.080762614 -0.12962039 25 0 370.57381 1.1340736 -0.1366031
25 414.44038 81.107056 0.71311503 -0.19047768 -0.34762865 25 0 508.44153 1.4951445 -0.43670792
26 52.178175 83.001761 0.67856061 -0.30865834 -0.30303062 25 0 1533.2939 4.1760679 -1.5519189
27 464.93709 88.139203 0.69738704 0.30376775 -0.12530606 25 0 904.09761 2.4693632 -0.98146242
28 346.81485 92.048047 0.66639973 -0.044629995 -0.22155105 25 0 3025.0032 8.1890072 -2.2830781
29 116.20632 94.818448 0.56235958 0.058156392 -0.32410849 25 0 396.05296 1.2927246 -0.27876506
30 88.393648 98.439822 0.62841001 0.19001908 0.078104665 25 0 441.3274 1.204913 -0.20238919
31 487.23537 99.13975 0.68452178 0.0017025195 -0.17182716 25 0 21241.306 56.657242 -4.3831386
32 151.20009 105.48856 0.44220749 0.080093397 -0.15808508 25 0 319.98408 1.0583413 -0.061564327
33 279.90921 106.26676 0.63754289 -0.37820424 -0.29067614 25 0 1026.8525 2.9027222 -1.1570137
34 283.84334 108.00238 0.5968741 -0.46637506 -0.30769162 25 0 1156.2299 3.3071628 -1.2986389
35 182.11805 108.9261 0.63666359 -0.13288066 -0.29905297 25 0 1461.6759 3.9451433 -1.4901569
36 50.046916 112.86527 0.62466169 -0.29612315 -0.27861503 25 0 3460.9911 9.6317582 -2.4592639
37 505.29158 115.62328 0.64206898 -0.31195708 -0.10634616 25 0 1736.9913 4.7114129 -1.6828779
38 485.43654 119.04016 0.64730206 -0.30974776 -0.41812935 25 0 1696.6447 4.6376091 -1.6657353
39 328.4201 124.47225 0.62767131 0.35838244 -0.30303399 25 0 438.71644 1.3539825 -0.3290326
40 215.18291 126.22084 0.64477792 -0.040341111 -0.16388311 25 0 15247.829 41.293315 -4.0396994
41 232.47423 126.30928 0.58849618 -0.14394024 -0.10325863 25 0 698.47236 1.853825 -0.67017184
42 299.13104 127.52606 0.50742426 0.46104933 -0.034440215 25 0 748.89475 2.4123521 -0.95610174
43 242.54577 127.70414 0.60106987 0.054007788 -0.29810177 25 0 1399.7661 3.8505571 -1.4638089
44 94.149652 129.67938 0.43623881 -0.21543667 -0.10020225 25 0 317.49149 1.0157708 -0.016989322
45 47.251709 130.91568 0.69123949 -0.29426661 -0.39699903 25 0 465.48052 1.245316 -0.23819892
46 146.56549 132.75327 0.5801606 -0.23509751 -0.37139147 25 0 1490.7022 4.1666275 -1.5494617
47 170.61023 138.25557 0.63814451 0.11869775 -0.29502024 25 0 1330.4301 3.4435913 -1.342529
48 1.9646134 139.41536 0.52862386 0.010871774 0.0040177094 25 0 885.76208 2.8883414 -1.1516213
49 390.35461 150.01514 0.64399322 -0.12409316 -0.27497784 25 0 10402.296 27.974145 -3.6168921
50 293.23746 155.54833 0.54464747 0.21817208 -0.096233069 25 0 2013.8283 5.7902214 -1.9067379
51 9.2020797 155.79303 0.66919488 -0.16474906 -0.12767512 25 0 678.70039 1.9041449 -0.69924999
52 478.52658 162.09722 0.65818359 -0.22531538 -0.28896801 25 0 6861.8054 18.449925 -3.1649865
53 380.2703 171.50004 0.57165212 -0.27487797 -0.084843917 25 0 36627.828 101.48495 -5.0160041
54 200.9576 175.18473 0.55463962 -0.44474389 -0.50083599 25 0 422.00459 1.1221895 -0.12516552
55 419.33562 175.06846 0.50773853 0.20671691 -0.3138241 25 0 347.82107 1.283362 -0.27087298
56 472.55994 183.4867 0.57399916 -0.51213658 -0.090151027 25 0 4881.4823 13.776697 -2.8478628
57 158.56994 184.36009 0.54539524 0.18878139 -0.19239411 25 0 642.84542 1.8274884 -0.6546366
58 220.41623 183.71087 0.61615352 -0.65245497 -0.37355234 25 0 1411.2522 3.7902711 -1.4466757
59 340.52277 183.90404 0.70509004 -0.61095381 -0.38317706 25 0 426.73014 1.170948 -0.171344
60 147.04399 186.92961 0.61295116 -0.20988701 -0.26363777 25 0 1405.7002 3.8862655 -1.4738312
61 11.452933 192.50664 0.6810933 -0.15207379 -0.021003845 25 0 577.18695 1.5923655 -0.50510693
62 109.43289 192.85311 0.6239984 0.068387524 -0.19308049 25 0 1434.109 3.8096471 -1.4522119
63 415.3925 192.66266 0.60875983 -0.55784419 -0.1959575 25 0 2139.6807 5.9246754 -1.9316614
64 405.33759 194.93418 0.79220364 -0.45560564 -0.36392127 25 0 598.69691 1.5082924 -0.44621387
65 477.32301 194.36173 0.60946337 -0.023329061 -0.018526538 25 0 523.39089 1.5347931 -0.46512462
66 221.02179 195.97256 0.60439295 -0.32544622 -0.3338891 25 0 916.683 2.5566644 -1.0191843
67 415.75531 197.69105 0.4834029 -0.035051714 -0.16602346 25 0 562.62022 1.8986567 -0.69611613
68 66.081893 199.31182 0.6073685 -0.079227905 -0.16791018 25 0 32688.707 91.630238 -4.905097
69 183.79165 198.46658 0.5437478 0.18004261 -0.070056556 25 0 462.5344 1.2700607 -0.25956123
70 449.13148 209.36411 0.64964257 -0.15414773 0.0044043766 25 0 463.72975 1.379961 -0.34966705
71 162.63813 211.3868 0.47692754 0.54722625 -0.050717788 25 0 386.89056 1.145299 -0.14729723
72 61.118953 213.46898 0.51572794 -0.047972607 -0.034277869 25 0 388.80633 1.31169 -0.294578
73 503.13547 213.38293 0.6095872 0.091651281 -0.023003443 25 0 1366.2096 3.977585 -1.4990487
74 463.78376 215.67596 0.55933235 0.28158793 0.014605346 25 0 493.32746 1.6074152 -0.51532018
75 497.11683 219.45312 0.65016054 0.12639906 -0.018954174 25 0 2684.673 7.1961389 -2.1427488
76 8.7541434 223.80152 0.6565961 0.32851825 -0.49489967 25 0 432.59563 1.3646447 -0.33754901
77 419.80808 225.52994 0.5834638 0.25743113 -0.031060356 25 0 820.12449 2.4002123 -0.95062416
78 320.36926 227.63602 0.57868113 0.17053203 -0.26588282 25 0 1010.4807 2.7607047 -1.1025499
79 250.85228 229.50534 0.41940161 0.12228763 0.003544939 25 0 455.16178 1.5781186 -0.49534907
80 145.10167 230.63114 0.6271635 0.067957941 -0.17726634 25 0 785.68908 2.0645972 -0.78708835
81 473.72202 234.34643 0.64025401 -0.28415211 -0.11262568 25 0 4064.7841 11.026557 -2.6060998
82 234.28649 236.13291 0.61611248 -0.12541717 -0.31733617 25 0 2288.9819 6.2864001 -1.996005
83 346.30035 238.53135 0.57763308 -0.29735688 -0.090495072 25 0 3284.113 9.0323665 -2.3895039
84 416.50407 239.35474 0.58365475 0.18245594 -0.25335828 25 0 10219.508 28.159481 -3.6240616
85 321.31523 240.82197 0.56611691 -0.2810532 -0.29972078 25 0 818.36642 2.4972542 -0.99365688
86 174.79377 246.85987 0.67480701 0.032056648 0.070504295 25 0 641.00926 1.6564191 -0.54792559
87 234.82066 247.92254 0.60786893 -0.099181938 -0.3268027 25 0 668.94421 1.9215974 -0.70915602
88 425.55485 250.83395 0.61551519 -0.048475266 -0.19909703 25 0 1680.8337 4.7541061 -1.6926722
89 198.46924 264.40227 0.58357762 0.25763006 -0.25030173 25 0 3534.8199 9.6239299 -2.4583811
90 422.48506 264.31625 0.6043282 0.12730724 -0.25031826 25 0 5877.8561 16.171248 -3.0218589
91 260.62668 266.89259 0.57588424 0.0073238823 -0.45901871 25 0 363.76911 1.1175427 -0.12066033
92 27.701709 284.8869 0.69259633 -0.0095149557 -0.3288733 25 0 1351.2932 3.5858915 -1.3864929
93 210.16141 293.59699 0.56734719 -0.25461862 0.011273995 25 0 316.64686 1.0267768 -0.028690118
94 41.966454 294.05722 0.68704191 -0.25544435 -0.37882923 25 0 723.19022 1.9609011 -0.73113923
95 342.12473 296.97275 0.64327332 -0.24346465 -0.26912796 25 0 5096.2278 14.058675 -2.869861
96 154.9793 297.94502 0.55888922 -0.13871261 -0.44107205 25 0 695.2521 1.9916154 -0.74801368
97 33.456006 299.04398 0.70599109 -0.17374443 -0.39802408 25 0 1124.725 2.971735 -1.1825252
98 61.753316 298.92409 0.60443119 -0.09046178 -0.28068142 25 0 1049.0706 2.9668445 -1.1807369
99 316.77773 301.72643 0.53101748 -0.44007457 -0.59531053 25 0 325.23403 1.0094217 -0.01018156
100 447.62263 302.03703 0.67695452 -0.076216071 -0.18638801 25 0 733.74499 1.9592274 -0.73021209
101 130.93433 308.80836 0.55352216 0.0041145845 -0.28995453 25 0 366.13739 1.0380746 -0.040571436
102 45.180886 314.45817 0.59758513 -0.18751546 0.022871095 25 0 978.66286 2.6733392 -1.0676352
103 188.74376 320.44541 0.61992275 -0.54351839 -0.17107311 25 0 690.77399 1.7603842 -0.61401865
104 420.43946 320.87919 0.6602483 -0.52178917 -0.31327047 25 0 952.72474 2.5381636 -1.011299
105 107.9362 325.00269 0.64515618 -0.2928351 -0.29342249 25 0 2978.8174 8.0805145 -2.2685975
106 300.07955 337.14075 0.70111811 -0.31546625 -0.12999448 25 0 567.54264 1.3819997 -0.35126987
107 0.85736854 344.67567 0.61381137 0.034771084 -0.077024802 25 0 10063.546 28.808485 -3.648801
108 46.952279 345.98598 0.62963397 -0.036956603 -0.1297444 25 0 816.09764 2.1877197 -0.84997917
109 233.64062 345.87632 0.55879178 -0.047083053 -0.2791288 25 0 676.63955 1.9231943 -0.7100579
110 458.62187 352.82673 0.50513482 0.74562098 0.26391412 25 0 724.47012 1.8786925 -0.68463928
111 330.52426 358.29923 0.65384289 -0.58895259 -0.43453259 25 0 610.05515 1.5402693 -0.46899168
112 209.90994 361.83207 0.63860649 -0.05484413 -0.22232189 25 0 4680.2682 12.648585 -2.7551048
113 351.82793 363.58452 0.55712799 -0.60809903 -0.084831279 25 0 750.14307 2.002695 -0.75403703
114 268.63811 365.99594 0.63015112 -0.27669203 -0.3706956 25 0 20534.951 54.936194 -4.3496464
115 384.54774 373.28349 0.5822209 0.059352554 -0.29451272 25 0 1541.0844 4.155032 -1.5464359
116 196.1603 374.82106 0.64777662 -0.33837521 -0.31492536 25 0 1441.5059 3.7508514 -1.4353246
117 248.12536 376.03921 0.65526986 -0.1079414 -0.21635483 25 0 2594.4059 6.8756221 -2.09328
118 65.754609 377.30254 0.62427433 -0.30867119 -0.17331943 25 0 4242.2556 11.653078 -2.6661016
119 108.99488 378.15576 0.6154095 -0.14928692 -0.19819953 25 0 509.7916 1.30495 -0.2889847
120 397.69517 377.43911 0.54312076 0.06359571 -0.1855349 25 0 847.68823 2.3287176 -0.91779207
121 469.37228 379.82611 0.66903451 -0.32530204 -0.24042946 25 0 8523.1127 22.704182 -3.3902646
122 44.921743 391.41325 0.572102 -0.18794261 -0.14963218 25 0 2734.5978 7.7570153 -2.2242366
123 336.0397 390.68501 0.66070334 -0.10954875 -0.12792712 25 0 3135.9601 8.1970659 -2.2841461
124 90.701078 393.06281 0.62450018 -0.28560583 -0.16953148 25 0 538.06927 1.2503843 -0.24260882
125 197.45039 394.66527 0.60983756 -0.40355614 -0.35737433 25 0 536.62075 1.3340672 -0.31294426
126 453.72159 396.18509 0.7158938 -0.69438026 -0.11119143 25 0 737.13837 1.804626 -0.64096804
127 114.77559 397.46741 0.58245744 -0.22586304 -0.026718638 25 0 1145.8639 2.9966706 -1.1915975
128 425.27915 400.08725 0.69753465 -0.12749409 -0.24383854 25 0 2558.3193 6.6554096 -2.057937
129 454.57424 399.82941 0.62559159 -0.16533253 -0.26758276 25 0 1932.8517 5.2916054 -1.8089686
130 30.302543 402.22418 0.53066624 0.51370152 0.014302659 25 0 470.64489 1.3730965 -0.34425268
131 216.68992 407.53021 0.57489557 0.11796193 -0.1702679 25 0 5643.8669 15.381371 -2.9674876
132 347.12018 409.81232 0.64104212 -0.1189668 -0.11942716 25 0 752.28279 2.0753958 -0.79275233
133 245.79265 415.09214 0.63807881 0.22229547 -0.26196408 25 0 686.59232 1.7958534 -0.6356772
134 382.48085 415.00643 0.75000731 -0.29956183 -0.36332848 25 0 597.79979 1.3350072 -0.31370905
135 243.07758 418.8155 0.65647478 -0.088244652 -0.20499424 25 0 1765.7404 4.5220285 -1.6383332
136 75.101763 423.84934 0.69117522 -0.16066218 -0.13572992 25 0 1007.0531 2.552701 -1.0174999
137 99.209952 425.42717 0.61750956 0.066791067 -0.15382342 25 0 1762.5096 4.5673533 -1.6491615
138 149.98776 443.51411 0.5369792 -0.00029113452 -0.05215061 25 0 1664.0659 4.6365723 -1.6654926
139 123.35411 444.22666 0.56337861 0.03316632 -0.31260729 25 0 896.05316 2.4048796 -0.95273334
140 223.12505 446.95365 0.70481685 -0.26110817 -0.41712094 25 0 1162.1514 2.8025694 -1.1188909
141 481.96327 447.17269 0.24496557 -0.1602822 -0.1151951 25 0 61128.444 206.35024 -5.7865124
142 335.67368 449.00288 0.69548511 -0.24881493 -0.27659986 25 0 3189.8767 8.1314392 -2.2754185
143 236.13976 451.36861 0.65320169 -0.049125632 0.02855568 25 0 1017.2521 2.3500319 -0.92768438
144 82.353626 453.07266 0.6980918 -0.13855114 -0.29700257 25 0 12867.776 32.986789 -3.7958501
145 468.1308 463.7786 0.70790137 -0.14466372 -0.12834459 25 0 2360.8303 5.9369127 -1.9339017
146 302.24476 467.12267 0.71483363 -0.34371383 -0.29379275 25 0 769.83357 1.8116208 -0.64516823
147 426.34387 468.45619 0.68995221 -0.49118933 -0.2048987 25 0 491.91932 1.0468438 -0.04970469
148 353.2723 472.10908 0.69761947 -0.28695166 -0.3122397 25 0 1352.1397 3.341736 -1.3099303
149 47.490944 472.51154 0.57661874 -0.46195402 -0.20750646 25 0 4132.9054 11.434678 -2.6455598
150 140.34284 473.92742 0.69378889 -0.097449968 -0.3413409 25 0 1235.0782 2.9815409 -1.1861019
151 418.62234 475.85216 0.50268548 -0.12748231 -0.27411185 25 0 60334.613 181.0067 -5.6442366
152 202.05983 482.06322 0.67212979 -0.18804696 -0.25253034 25 0 4881.6763 12.964278 -2.7818708
153 333.83847 483.98462 0.7379564 -0.50039923 -0.11164741 25 0 680.73059 1.5020864 -0.44173728
154 420.12077 483.82841 0.67433465 0.081564606 0.0092587053 25 0 524.11389 1.0119575 -0.012905685
155 252.17173 485.52952 0.53184684 0.15042482 -0.0511743 25 0 2347.4549 6.7844775 -2.078791
156 105.17497 485.81168 0.65557731 -0.2998722 0.074690074 25 0 465.69148 1.0179452 -0.019310946
157 130.05605 491.25013 0.59292299 0.11056474 -0.11835974 25 0 872.86467 2.2920579 -0.90056395
158 329.21184 490.85786 0.51362697 -0.20356591 -0.64779969 25 0 496.4768 1.3669979 -0.33941964
159 55.114883 496.53011 0.62950854 0.054662818 -0.066510816 25 0 922.65719 2.3180969 -0.91282894
