id xcentroid ycentroid sharpness roundness1 roundness2 npix sky peak flux mag
1 311.70847 5.0176412 0.64018692 0.34251389 -0.24102214 25 0 602 1.7084184 -0.58148558
2 443.11698 8.468388 0.61226661 0.63026446 -0.0081080933 25 0 387 1.4864358 -0.43036539
3 123.44218 12.433796 0.61984156 0.97268854 -0.028198667 25 0 406 1.3443768 -0.32130255
4 349.17872 13.779168 0.64877277 0.36578357 0.016745678 25 0 792 2.4725201 -0.98284959
5 38.681684 14.589327 0.69093096 0.61462827 0.01068925 25 0 13516 37.346907 -3.9306366
6 422.61641 16.908583 0.62785957 0.36797184 -0.11029659 25 0 635 2.1635453 -0.83791496
7 481.84028 16.680346 0.67284268 0.57926817 -0.020974248 25 0 25486 71.526032 -4.6361603
8 368.4129 35.205863 0.64151505 0.41651535 -0.31311183 25 0 562 1.7768335 -0.62411681
9 467.99334 35.162123 0.66345354 0.66257532 0.1904646 25 0 285 1.0931549 -0.096704266
10 140.93495 38.020034 0.71864163 -0.025549367 -0.21027639 25 0 470 1.2874411 -0.27431846
11 127.75008 42.080059 0.6250816 -0.013925365 -0.063774383 25 0 573 1.6856615 -0.56692592
12 200.83276 43.170743 0.65483716 0.18825214 -0.16739509 25 0 1268 3.6482343 -1.4052068
13 220.28965 44.015032 0.67971305 0.271472 -0.15168752 25 0 2535 7.0135097 -2.1148385
14 360.78644 45.032648 0.73072776 0.25907348 -0.31003582 25 0 540 1.5344696 -0.46489573
15 80.551787 46.452886 0.46204212 -0.20212709 -0.24056083 25 0 335 1.336282 -0.31474533
16 338.87459 46.078329 0.30066061 0.62225227 -0.053872981 25 0 58942 228.24795 -5.8960172
17 125.64315 48.275424 0.6798245 0.49347066 -0.2647471 25 0 4621 12.54029 -2.745769
18 414.38142 49.514612 0.65239871 0.75855446 -0.074557708 25 0 794 2.3773825 -0.94024763
19 261.20966 55.264175 0.70166328 0.31013281 -0.034539738 25 0 438 1.1503493 -0.15207435
20 484.90771 55.41396 0.62935071 0.37441425 0.016160458 25 0 616 2.1094157 -0.81040546
21 308.4885 56.492138 0.61965245 0.73915563 -0.098216334 25 0 1302 3.5992832 -1.39054
22 457.52086 63.145925 0.62874361 0.14567465 -0.13428157 25 0 1337 4.0790015 -1.5263847
23 11.784507 67.271838 0.6980576 0.074037218 -0.062871866 25 0 406 1.3309638 -0.31041557
24 68.68331 69.139908 0.68029695 0.094850035 -0.1224149 25 0 481 1.5029131 -0.44233469
25 45.786349 69.260255 0.57497885 0.7727126 0.17958996 25 0 514 1.7348636 -0.59816335
26 447.16413 69.998392 0.73184466 0.3067602 -0.078329228 25 0 1774 4.9265304 -1.7313529
27 11.939727 71.171826 0.73606676 0.096253097 -0.030024323 25 0 392 1.1712233 -0.17159924
28 126.70758 71.151823 0.71744277 0.56932149 -0.20613562 25 0 418 1.0934492 -0.096996496
29 485.95091 70.694352 0.5520536 0.50711382 -0.012545889 25 0 285 1.1694585 -0.16996201
30 432.42073 71.771849 0.67210684 0.64810873 -0.26140924 25 0 493 1.4990439 -0.43953587
31 69.922388 74.247734 0.68689519 0.19139986 -0.076802266 25 0 1661 4.6741605 -1.674259
32 483.12429 78.519626 0.65151753 0.59315992 0.10463723 25 0 856 2.6718245 -1.0670198
33 364.88991 82.690511 0.61018511 0.52321948 -0.0034025625 25 0 3207 9.6248355 -2.4584833
34 133.84795 86.099351 0.68337007 0.28063776 -0.24522257 25 0 578 1.5577222 -0.48122502
35 505.40145 89.407638 0.70446471 0.69653997 -0.022707758 25 0 20353 54.824394 -4.3474346
36 106.34331 89.599114 0.54566129 -0.27067351 -0.15881831 25 0 558 1.7165342 -0.58663113
37 169.19933 96.436738 0.70892084 0.5443701 0.069275567 25 0 574 1.4592284 -0.41030815
38 297.98988 97.037801 0.62722989 0.054640266 -0.2486415 25 0 1273 3.5971551 -1.3898979
39 301.87046 98.759053 0.63512774 -0.077641204 -0.14525968 25 0 1486 4.1052093 -1.5333383
40 200.21213 99.851687 0.65740444 0.086410182 -0.17427761 25 0 1742 4.7946761 -1.7018982
41 465.89341 103.51706 0.70466078 0.045954833 -0.15872995 25 0 296 1.0063317 -0.0068529221
42 67.814364 104.12072 0.67805627 0.15677823 -0.11732343 25 0 4051 11.247649 -2.6276544
43 129.98875 103.63642 0.60563392 0.62485504 0.020914625 25 0 411 1.0710552 -0.074529645
44 503.63669 109.47217 0.5717453 0.045446318 -0.037255598 25 0 1587 4.9364593 -1.7335389
45 346.50118 115.05152 0.68937467 0.24336896 -0.28715691 25 0 618 1.6434042 -0.53936099
46 233.2856 117.12851 0.66631388 0.341381 -0.16891418 25 0 17323 48.775124 -4.220496
47 250.62239 117.21654 0.54409037 0.61483487 -0.0062860908 25 0 946 2.6584374 -1.0615661
48 317.3521 118.20012 0.6784981 0.50841401 -0.17345903 25 0 1225 3.3340788 -1.3074397
49 260.78885 118.56608 0.6037468 0.68438687 -0.0053687741 25 0 1691 4.7976017 -1.7025605
50 462.59786 119.72554 0.58114858 0.4965588 -0.23135062 25 0 288 1.0820917 -0.085660147
51 112.20618 120.74819 0.58130936 0.16477385 -0.2233857 25 0 519 1.5301091 -0.46180598
52 167.16435 121.83197 0.48582361 0.24064933 0.024505558 25 0 400 1.190153 -0.18900702
53 213.02681 120.09281 0.43795706 0.37030949 0.34649733 25 0 406 1.2488797 -0.2413015
54 65.054387 122.20484 0.7486286 0.40042987 0.0015562519 25 0 631 1.6180915 -0.52250766
55 164.56107 123.88468 0.61882949 0.23804849 -0.20279681 25 0 1961 5.6209627 -1.8745268
56 492.64357 123.95917 0.56800981 -0.081615054 -0.30160761 25 0 330 1.3839922 -0.35283407
57 188.65018 129.25057 0.64857062 0.59262798 -0.2724537 25 0 1586 4.1986741 -1.5577804
58 19.88009 130.82134 0.77875195 0.23227436 -0.096634604 25 0 1463 3.8783933 -1.4716296
59 266.08969 132.33878 0.53894208 0.52635756 0.2669362 25 0 440 1.1744135 -0.17455259
60 408.51694 140.52642 0.63280754 0.80451244 -0.072512099 25 0 10160 28.405144 -3.6334925
61 311.38551 146.18665 0.66231806 0.38129603 -0.22472155 25 0 2957 8.0796551 -2.2684821
62 27.069389 147.17693 0.72555966 0.16852149 -0.23281638 25 0 832 2.2905129 -0.89983186
63 10.188591 151.15787 0.7390562 0.44093005 -0.084882675 25 0 671 1.8546046 -0.67062832
64 496.81241 152.39306 0.60408938 0.71245383 0.15755915 25 0 6397 18.789699 -3.1847996
65 109.9071 160.55946 0.55975048 0.31516655 0.13035892 25 0 482 1.3766828 -0.34708472
66 398.50331 162.0374 0.66396625 0.27514261 -0.22087387 25 0 48792 134.94083 -5.3253585
67 437.59657 165.47954 0.70531379 -0.10860539 -0.051629882 25 0 486 1.4247028 -0.38431071
68 218.94636 166.25347 0.71209775 0.017438293 -0.17770549 25 0 676 1.5880949 -0.50219115
69 166.03414 169.58085 0.59331267 0.61439965 0.0059284735 25 0 1304 3.72809 -1.428716
70 358.65891 174.31827 0.57433317 0.07589825 -0.094619806 25 0 485 1.4000485 -0.36535767
71 490.82446 173.8678 0.64549725 0.40120356 -0.067911567 25 0 6308 18.422527 -3.163373
72 176.51045 175.39904 0.55477438 0.099415415 -0.11865392 25 0 871 2.4721292 -0.98267792
73 238.59366 174.6008 0.57723288 0.69306004 -0.071605689 25 0 1540 4.3471137 -1.5955025
74 165.1213 177.97989 0.62564783 0.28235451 -0.16596303 25 0 1631 4.6737302 -1.6741591
75 433.63448 183.18005 0.6338894 0.17823663 -0.16721453 25 0 2554 7.3442695 -2.1648715
76 29.25074 183.96732 0.67711669 0.25427974 -0.14933258 25 0 793 2.1898515 -0.85103664
77 127.45363 184.01291 0.65663304 0.48296894 -0.09673127 25 0 1832 5.0242589 -1.75268
78 423.33649 185.43219 0.5758933 0.24776109 -0.081388592 25 0 484 1.5349237 -0.46521695
79 495.59824 184.84976 0.61335216 0.13850575 -0.20890304 25 0 585 1.8421026 -0.66328456
80 239.33022 186.74414 0.58724644 0.11976886 -0.14466724 25 0 1032 2.8845973 -1.150213
81 434.08159 188.10735 0.68337056 0.069316599 -0.088561581 25 0 987 2.8180645 -1.1248773
82 201.91061 189.53407 0.53056087 0.52386168 0.15501895 25 0 685 1.9039715 -0.69915112
83 84.090882 190.47503 0.58520399 0.36044431 0.083105303 25 0 33367 99.866639 -4.9985511
84 133.78832 191.8836 0.61361354 0.43359637 0.24517905 25 0 412 1.0301661 -0.032268173
85 433.29232 196.17964 0.67602418 0.31992635 0.11539624 25 0 348 1.0707129 -0.074182594
86 467.40477 199.8336 0.68509619 0.12370822 -0.069550153 25 0 502 1.5621448 -0.48430322
87 180.7626 202.4176 0.67263836 0.38170664 -0.20636496 25 0 604 1.4435077 -0.39854775
88 79.195335 204.59935 0.52282818 0.1622924 -0.21084585 25 0 494 1.4410904 -0.39672804
89 482.02319 206.11109 0.65044037 0.34417789 0.0082807981 25 0 604 1.9948623 -0.74978231
90 24.851586 214.06375 0.60397998 0.47584707 0.088475448 25 0 397 1.1588657 -0.16008278
91 438.23753 215.95655 0.62265753 0.24052008 -0.11527626 25 0 1062 3.198136 -1.2622423
92 0.6161222 217.11697 0.77761641 -0.05148532 -0.12923443 25 0 2005 5.1600068 -1.7816257
93 338.71861 218.21552 0.65262454 0.19654435 -0.16053394 25 0 1512 4.1300316 -1.5398834
94 268.99227 220.32057 0.57905084 0.5441463 -0.09669383 25 0 717 2.093368 -0.80211395
95 163.34782 221.72379 0.6631962 0.07736941 -0.16213775 25 0 1014 2.5422403 -1.0130415
96 492.02161 224.62818 0.62689938 0.34083275 0.048558779 25 0 4268 12.64669 -2.7549422
97 252.54253 227.02319 0.6247548 0.24201587 -0.28669508 25 0 2570 7.1714865 -2.139023
98 364.57257 229.14451 0.60139071 0.10605096 -0.18762793 25 0 3977 11.611383 -2.6622098
99 434.83526 229.78248 0.62729981 0.432967 -0.054823205 25 0 13028 38.103389 -3.952409
100 339.58403 231.40487 0.68821956 0.76502434 -0.14401372 25 0 964 2.4889787 -0.99005296
101 193.01568 237.90442 0.67286803 0.2668966 0.010813842 25 0 823 2.1478279 -0.82999871
102 253.19751 238.7039 0.59879504 0.41652274 0.018738729 25 0 785 2.1426996 -0.82740322
103 444.00657 241.30867 0.66525485 0.31663732 -0.038432915 25 0 1857 5.3554946 -1.821999
104 43.375184 242.1194 0.55976269 -0.41243247 -0.20188868 25 0 362 1.0526486 -0.055708557
105 216.55056 255.37375 0.57913536 -0.043750593 -0.13206884 25 0 4086 11.738431 -2.6740251
106 440.94378 254.7253 0.61298489 0.42720573 -0.022230303 25 0 6919 20.530493 -3.2809985
107 278.70706 257.60332 0.581355 0.10087952 -0.22009893 25 0 474 1.371896 -0.34330295
108 344.21354 264.06724 0.70171193 0.0084239133 -0.26668559 25 0 461 1.2821198 -0.26982152
109 45.893417 276.16324 0.71631708 0.40865603 -0.10958361 25 0 1649 4.4619308 -1.6238071
110 227.97585 284.23179 0.65059327 0.41329579 -0.0017915851 25 0 410 1.0149337 -0.016094223
111 60.105779 285.34698 0.79717904 0.44280822 0.085266564 25 0 829 1.8820736 -0.68659151
112 360.42813 287.53438 0.59681731 0.75231731 -0.1132329 25 0 4334 12.486773 -2.7411255
113 173.14479 288.96424 0.62792645 0.39427977 -0.1325563 25 0 956 2.6694218 -1.066043
114 51.663303 290.39083 0.67337207 0.20527285 -0.0074004592 25 0 1266 3.3318582 -1.3067163
115 79.986253 290.10121 0.68758988 0.47622283 -0.075253241 25 0 1265 3.3508862 -1.3128992
116 466.06666 292.31111 0.70847382 0.46477099 -0.057503303 25 0 670 1.9361029 -0.71732108
117 4.375526 295.2669 0.79380744 0.27110945 -0.041445897 25 0 533 1.2329436 -0.22735799
118 149.12174 299.85145 0.64751098 0.57750809 -0.0088814081 25 0 550 1.4582041 -0.40954577
119 63.484094 305.77065 0.62788022 0.03755995 -0.1252683 25 0 1183 3.2544818 -1.2812046
120 206.95007 311.40539 0.52666859 0.32944242 -0.12201797 25 0 743 2.1798054 -0.8460443
121 438.81584 311.23427 0.68196209 0.31336811 -0.069419146 25 0 982 2.8469453 -1.1359478
122 126.16858 316.13886 0.69168976 0.40896455 -0.10159145 25 0 3657 9.9614783 -2.4958095
123 2.2886221 317.82278 0.69175113 0.14135799 -0.069663392 25 0 2233 6.0452684 -1.953539
124 48.048246 319.99258 0.6483952 -0.14351479 -0.016609116 25 0 405 1.0744432 -0.077958695
125 318.49331 327.82491 0.62846638 0.43552985 -0.33361399 25 0 543 1.5348907 -0.46519361
126 8.7837109 335.10419 0.70873994 0.30767217 -0.090041318 25 0 5178 14.155102 -2.8772825
127 275.93344 335.12556 0.62083628 0.24256201 -0.05701079 25 0 523 1.4399288 -0.39585253
128 19.004865 336.03296 0.73463782 0.28451838 -0.093780403 25 0 13767 37.07664 -3.9227509
129 368.79374 335.37341 0.41213998 0.67725092 0.096419494 25 0 310 1.2537684 -0.24554331
130 65.27582 337.19145 0.77090825 0.41540023 -0.031961963 25 0 1083 2.5979498 -1.0365769
131 252.17576 336.63429 0.53386458 0.36627237 0.0038892945 25 0 787 2.4595399 -0.97713468
132 477.17913 343.09139 0.67312393 0.58358397 0.28483238 25 0 860 2.4510399 -0.97337593
133 348.86551 348.98114 0.60047165 0.093952826 -0.39056673 25 0 701 2.2421581 -0.8766656
134 228.29589 352.68664 0.58531467 0.14114164 -0.10006418 25 0 4536 13.399688 -2.8177367
135 370.31969 354.1175 0.66367416 0.34807859 -0.13781102 25 0 1000 2.870001 -1.1447051
136 10.326296 354.97963 0.85539631 -0.076984306 -0.062671974 25 0 876 2.0032546 -0.75434036
137 0.74686986 355.37998 0.645025 0.42269091 0.11460727 25 0 461 1.1940473 -0.19255384
138 287.17136 356.59094 0.58012528 0.25115727 -0.04518237 25 0 21366 63.72296 -4.5107398
139 10.479593 358.92383 0.72161056 -0.017078854 -0.19601811 25 0 1313 3.3284803 -1.305615
140 11.382345 362.10926 0.73915216 0.10233462 0.09507474 25 0 516 1.1989397 -0.19699338
141 403.05429 363.7914 0.62778709 0.24475213 -0.069057172 25 0 1766 5.3159542 -1.8139531
142 214.46296 365.75427 0.61643808 0.59079076 -0.23804546 25 0 1360 3.7734421 -1.4418442
143 266.52141 366.91849 0.64114527 0.34374546 -0.17707341 25 0 2582 7.3557651 -2.1665696
144 84.08547 368.54626 0.64674555 0.58744093 0.089255264 25 0 4439 12.268716 -2.7219978
145 416.28136 368.1031 0.67486469 0.063763332 -0.24261024 25 0 1085 3.244895 -1.2780016
146 127.26764 369.25844 0.77550759 0.67651944 -0.17744907 25 0 543 1.268095 -0.25787947
147 487.93312 370.14174 0.69208474 0.17805677 -0.089125043 25 0 9188 25.907608 -3.5335683
148 11.242537 371.41041 0.63144969 0.11235176 -0.20467751 25 0 435 1.1689366 -0.16947736
149 464.48745 377.90485 0.65971006 0.095699386 -0.14065686 25 0 239 1.0033847 -0.0036686868
150 354.5405 381.23754 0.68729336 0.4615764 -0.19545261 25 0 3139 8.5774051 -2.3333898
151 63.435601 382.57121 0.56052254 0.0087854891 -0.087509543 25 0 2770 8.3733356 -2.3072462
152 109.00858 384.15365 0.75975852 0.26032226 -0.039508226 25 0 711 1.7645523 -0.61658636
153 215.90115 385.64576 0.79334227 0.38455246 -0.065123387 25 0 609 1.3955981 -0.36190091
154 472.59019 386.67724 0.55752705 -0.19998882 0.04432676 25 0 405 1.4583702 -0.40966947
155 133.11338 388.45717 0.59619571 0.23198389 0.055103814 25 0 1245 3.5976981 -1.3900618
156 473.2566 390.0823 0.72141382 0.21213733 -0.10596681 25 0 2078 5.7383815 -1.8969735
157 443.90936 390.4745 0.61505368 0.45614085 0.081215575 25 0 2063 6.1977386 -1.9805831
158 48.632178 393.48055 0.75196288 0.86015926 0.11219892 25 0 570 1.4479509 -0.40188458
159 235.04665 398.44075 0.62656112 0.44747696 -0.027950449 25 0 7000 20.095747 -3.2577604
160 365.61657 400.46472 0.60827892 0.01041197 -0.16041012 25 0 567 1.7674807 -0.61838667
161 400.89868 405.32247 0.61039998 0.25458325 -0.052675278 25 0 417 1.3906011 -0.35800645
162 264.23439 405.92593 0.7805876 0.52954406 -0.22079165 25 0 753 1.8519551 -0.66907616
163 261.54946 409.61958 0.6497581 0.66935591 -0.078419449 25 0 1710 4.7171939 -1.6842093
164 483.28525 409.87921 0.72881704 0.10516827 -0.14816753 25 0 386 1.2703072 -0.25977188
165 93.514172 415.03191 0.65296554 0.22254771 -0.21013446 25 0 818 2.266781 -0.88852389
166 117.62055 416.4736 0.67695314 0.74008406 -0.15906891 25 0 1844 5.0007655 -1.7475912
167 168.37298 434.57684 0.61586219 0.85779156 -0.0043206375 25 0 1801 5.160876 -1.7818086
168 141.78866 435.42478 0.57998853 0.44832898 0.075816577 25 0 884 2.5650278 -1.0227302
169 241.6925 437.87038 0.69014803 0.30737041 -0.18772517 25 0 1078 2.9960664 -1.1913786
170 500.74201 437.5453 0.36562564 0.55415917 -0.068246874 25 0 58642 195.54754 -5.7281309
171 354.28145 439.63945 0.64394176 0.04718774 -0.046490058 25 0 2889 8.3336966 -2.3020942
172 254.62301 442.30302 0.6391465 -0.51803393 -0.063884996 25 0 982 2.6324669 -1.0509073
173 100.74716 444.30946 0.65443333 0.15934945 -0.097504588 25 0 13328 37.930782 -3.9474795
174 221.69671 452.07131 0.59151828 0.11011344 -0.15619792 25 0 315 1.0800407 -0.083600314
175 486.78391 454.05618 0.73945403 0.070921661 -0.12110547 25 0 2301 6.4725706 -2.027692
176 320.74437 458.01068 0.68697115 0.13755547 -0.17549546 25 0 676 2.0008665 -0.75304529
177 444.94218 459.00778 0.86190121 -0.13147439 -0.45291913 25 0 445 1.2419332 -0.23524555
178 371.83107 462.75393 0.68384419 0.29238904 -0.028907278 25 0 1288 3.7575049 -1.4372489
179 65.925367 463.92616 0.74647257 0.30737223 -0.1024981 25 0 6467 17.26681 -3.0930303
180 158.79543 465.02424 0.63434252 0.38389606 -0.15887908 25 0 1092 3.1965352 -1.2616987
181 437.42152 466.41799 0.46686553 0.59064495 -0.12409633 25 0 58710 195.40845 -5.7273583
182 220.55385 473.05007 0.68728417 0.13613243 -0.22786989 25 0 4895 13.638625 -2.8369265
183 438.65516 474.0635 0.73063991 -0.26559002 -0.23831904 25 0 446 1.3319903 -0.31125267
184 352.36434 474.60624 0.65519105 0.4850465 -0.083822184 25 0 442 1.32172 -0.30284864
185 270.65785 476.35724 0.60295449 0.067018688 -0.094423354 25 0 2690 8.0266081 -2.2613301
186 123.84173 476.91786 0.59259557 0.7019229 -0.12890744 25 0 362 1.1235716 -0.12650188
187 148.65065 482.20869 0.58841442 0.5224782 -0.35517065 25 0 678 2.0027838 -0.75408515
188 348.03267 481.52828 0.48301649 0.10546098 -0.096298818 25 0 281 1.1112326 -0.11451239
189 73.602487 487.88375 0.74142485 0.31285749 -0.19207626 25 0 1143 3.0511065 -1.2111434
190 249.80972 497.49169 0.71871938 0.23406462 -0.0029012511 25 0 372 1.0403559 -0.042954821
191 125.58838 504.30853 0.56917933 -0.69961503 -0.3958334 25 0 462 1.4216965 -0.38201727
192 170.90293 504.66182 0.40712147 0.42578633 -0.10283638 25 0 316 1.3043402 -0.28847723
193 126.55819 508.12821 0.64385372 -0.048897 -0.10650039 25 0 719 2.0193936 -0.76305244
194 172.75907 510.82686 0.88597912 -0.58403544 -0.71165271 25 0 471 1.0382847 -0.040791117
