id xcentroid ycentroid sharpness roundness1 roundness2 npix sky peak flux mag
1 312.05734 4.7320585 0.62760382 0.36577183 -0.0022701003 25 0 732 2.2789123 -0.89431904
2 321.07807 7.1308515 0.63139902 0.031485565 0.07858288 25 0 335 1.0242849 -0.026051908
3 443.48787 8.011138 0.73915247 0.64228991 -0.091375201 25 0 508 1.6414928 -0.53809747
4 123.89093 12.117095 0.69035549 -0.060998253 0.032367921 25 0 564 1.7317523 -0.59621446
5 349.59592 13.360984 0.62499225 0.51376824 -0.21649004 25 0 686 2.1497221 -0.83095578
6 38.899617 14.16248 0.73169255 0.11385089 -0.047040236 25 0 17085 47.037355 -4.1811072
7 482.00189 16.382121 0.66163986 0.3961808 0.020268235 25 0 26215 74.363359 -4.6783975
8 422.94632 16.492125 0.64084112 0.36225109 0.0048673527 25 0 631 2.0777318 -0.79397374
9 368.76504 34.770865 0.70970611 0.45704859 -0.14987008 25 0 559 1.5730393 -0.49184894
10 141.50735 37.657722 0.5614908 -0.52724305 -0.13901458 25 0 375 1.1423452 -0.14449337
11 128.23113 41.730416 0.5867785 0.23830016 0.0034134111 25 0 553 1.7802754 -0.62621797
12 201.16289 42.832332 0.60827294 0.16159882 -0.14831319 25 0 1250 3.8078534 -1.4517006
13 220.56499 43.599404 0.57716571 0.56488013 -0.13688993 25 0 2044 6.0635538 -1.9568181
14 361.20669 44.807386 0.58083476 0.25938634 -0.081650268 25 0 526 1.7488577 -0.60688616
15 80.863192 46.132246 0.62782545 0.062292995 -0.039214193 25 0 602 1.9309366 -0.71442003
16 339.10616 45.67143 0.31809528 0.45869498 -0.052808963 25 0 58788 213.85388 -5.8252928
17 125.92299 47.970622 0.68054586 0.2379316 -0.082904164 25 0 5951 16.994793 -3.0757897
18 414.722 49.230617 0.61330549 0.062598049 -0.1777051 25 0 931 2.948141 -1.1738706
19 261.49063 54.65582 0.7009158 0.083969173 -0.39057221 25 0 422 1.0843068 -0.087880464
20 485.23232 55.124144 0.6542271 0.48616243 -0.082554014 25 0 790 2.5949679 -1.03533
21 308.84214 56.256582 0.64009414 0.1996166 -0.08015607 25 0 1693 4.8001401 -1.7031348
22 156.88364 60.977792 0.68823283 0.14888314 0.0079887962 25 0 410 1.0525949 -0.055653115
23 457.89345 62.75291 0.63196157 0.52077723 0.049272668 25 0 1468 4.5108656 -1.6356497
24 45.047009 64.023531 0.76617852 0.82293594 -0.053022416 25 0 393 1.1307171 -0.13338493
25 12.051111 66.903161 0.79249444 -0.11894803 0.022780431 25 0 506 1.501593 -0.4413806
26 363.85753 67.194924 0.54219503 0.22842742 -0.05262752 25 0 294 1.0317775 -0.033965092
27 45.986281 69.023512 0.77597588 0.20691317 -0.13371845 25 0 838 2.3820215 -0.94236421
28 69.281742 68.731117 0.60709359 0.20082123 0.10442441 25 0 446 1.4913427 -0.43394361
29 183.8841 69.072748 0.66826047 0.39615798 -0.12038564 25 0 431 1.1893077 -0.18823561
30 447.545 69.62466 0.58439287 -0.05344156 -0.10585158 25 0 1303 4.0880116 -1.5287803
31 486.32767 70.421836 0.49645856 0.089182278 -0.19119313 25 0 247 1.2450323 -0.23795155
32 12.537084 70.757756 0.59699106 -0.2327158 -0.17251229 25 0 400 1.5145248 -0.45069097
33 126.91477 70.761251 0.70440628 0.53369392 0.034353646 25 0 532 1.3840077 -0.35284626
34 432.54507 71.387549 0.6709826 -0.1259916 -0.24786629 25 0 561 1.7147118 -0.58547783
35 70.345254 73.913013 0.68981965 0.01730915 -0.20473294 25 0 1762 4.914741 -1.7287516
36 483.23827 78.262851 0.68267162 0.65677017 -0.0024939089 25 0 911 2.7321447 -1.0912592
37 365.19691 82.35165 0.61955201 0.52310298 -0.036619348 25 0 3366 9.8892189 -2.487905
38 134.31936 85.702232 0.70305517 0.11622135 -0.042092241 25 0 503 1.2683005 -0.25805539
39 106.5553 89.269388 0.57997704 -0.22595165 -0.25954741 25 0 606 1.8177225 -0.64881896
40 505.61195 89.14425 0.64706372 0.12565893 -0.1287871 25 0 21536 62.345557 -4.4870138
41 169.62688 96.064055 0.70354539 0.33082775 -0.15945516 25 0 650 1.7143984 -0.58527938
42 298.25616 96.691301 0.58537423 -0.033061853 -0.045613088 25 0 1190 3.4643039 -1.34904
43 302.13951 98.429956 0.65592963 -0.0012642681 -0.012334297 25 0 1459 3.8700355 -1.4692874
44 200.46672 99.575625 0.62431482 0.79010695 -0.11381039 25 0 1548 4.1947217 -1.5567579
45 130.26609 103.38422 0.74305837 0.75282056 -0.19786898 25 0 528 1.3070619 -0.29074038
46 466.17779 103.05732 0.58006384 0.48581992 -0.13890194 25 0 405 1.5555487 -0.47970903
47 68.229177 103.73045 0.63103895 -0.027100652 -0.051994263 25 0 4013 11.696082 -2.670101
48 311.22845 105.37814 0.63085927 0.63699025 -0.22515015 25 0 377 1.071509 -0.074989584
49 503.93163 109.10581 0.66616119 0.17835305 -0.031631895 25 0 2257 6.7596253 -2.0748066
50 346.8901 114.87539 0.56787679 0.26755068 -0.15888852 25 0 642 1.9878752 -0.74597276
51 233.47792 116.87259 0.63052756 0.27315594 -0.21113033 25 0 16415 46.946798 -4.1790149
52 250.89154 116.89383 0.62483615 0.48478686 0.03094465 25 0 1158 3.2608937 -1.2833416
53 261.01067 118.27813 0.63073054 0.26054524 -0.048253239 25 0 1926 5.3968914 -1.8303592
54 317.66626 117.94441 0.62041531 0.39913813 -0.18429113 25 0 1161 3.2683103 -1.2858082
55 112.59617 120.55039 0.5044 -0.047135103 0.086199056 25 0 449 1.4532474 -0.40584889
56 213.16983 119.85214 0.57383709 0.1307798 -0.22616031 25 0 571 1.521831 -0.45591608
57 463.08593 119.36509 0.66038917 0.43519855 0.080220528 25 0 384 1.22237 -0.2180067
58 167.43189 121.28931 0.71756816 -0.028724852 -0.39665989 25 0 501 1.1845199 -0.18385586
59 65.354614 121.86048 0.62665515 0.32259014 -0.16769974 25 0 569 1.6363184 -0.5346695
60 164.93613 123.46637 0.62258044 0.093361261 0.001205673 25 0 1998 5.5920126 -1.8689204
61 492.93121 123.51808 0.69012694 0.32239025 0.07617612 25 0 349 1.1326632 -0.13525199
62 188.89883 128.93005 0.63072542 0.3776039 -0.16820453 25 0 1909 5.4484798 -1.8406884
63 20.141218 130.4525 0.62310725 0.12545365 0.12076644 25 0 1194 3.5354088 -1.3710991
64 266.32066 132.12119 0.54953632 0.60407516 -0.16664208 25 0 559 1.6378688 -0.53569779
65 408.75306 140.25346 0.60855066 0.15507449 -0.082101034 25 0 11764 34.661255 -3.8496107
66 311.62435 145.9338 0.6132674 0.28685429 -0.15004259 25 0 2956 8.4905599 -2.3223408
67 27.469612 146.92813 0.66868987 0.43833765 -0.27832469 25 0 715 1.9936473 -0.74912083
68 10.610883 150.83648 0.71208025 -0.2485661 -0.19856375 25 0 666 1.8006667 -0.63858334
69 496.9801 152.18395 0.66475925 0.27012862 -0.036771172 25 0 8078 23.292886 -3.4180583
70 110.41263 160.15801 0.6065651 0.47234652 -0.14839387 25 0 541 1.4730907 -0.42057373
71 398.75727 161.8074 0.59921905 0.3959888 -0.1139859 25 0 49405 148.32642 -5.4280463
72 437.95492 165.26563 0.65105434 0.075923153 -0.19752316 25 0 596 1.8994157 -0.69655005
73 219.35593 165.77028 0.68779904 0.34605677 -0.040111252 25 0 603 1.3716443 -0.34310376
74 166.26102 169.27154 0.64484899 0.45761637 -0.068554994 25 0 1399 3.7155315 -1.4250524
75 46.174874 172.82945 0.88358731 0.54680606 0.30787106 25 0 487 1.085529 -0.089103599
76 238.77639 174.27769 0.57944951 0.17621066 -0.12445975 25 0 1768 5.0996202 -1.7688446
77 359.04916 174.09395 0.62665579 0.29358395 -0.048278765 25 0 609 1.7371386 -0.59958617
78 491.06514 173.46081 0.59718825 0.31734714 0.13803217 25 0 5884 17.698545 -3.1198439
79 176.95062 174.99483 0.68999417 0.18522546 -0.14227489 25 0 1216 3.211361 -1.2667228
80 426.29932 176.30133 0.65530482 0.26797379 -0.12161914 25 0 403 1.2920739 -0.27821835
81 165.35093 177.71902 0.58287339 0.41797396 -0.25208915 25 0 1472 4.1070876 -1.5338349
82 433.93443 182.8809 0.63913951 0.21220517 -0.071215279 25 0 2890 8.49173 -2.3224904
83 29.636835 183.65389 0.60396287 0.71731421 0.06959614 25 0 699 2.1277496 -0.8198013
84 127.71517 183.74352 0.60665304 0.70154265 0.028598075 25 0 1721 4.8126346 -1.7059572
85 423.85315 185.13436 0.63153761 0.23887211 -0.27195644 25 0 664 2.1209667 -0.81633465
86 495.72 184.52473 0.59511752 0.68257126 -0.056190279 25 0 605 2.0501176 -0.77944694
87 239.64296 186.45957 0.61271404 0.72335752 -0.11803974 25 0 1019 2.6770119 -1.0691258
88 434.42849 187.81871 0.66404292 -0.058717317 -0.18854096 25 0 893 2.5880165 -1.0324176
89 202.10875 189.10921 0.62410509 0.27762447 -0.11268489 25 0 851 2.385059 -0.94374784
90 84.351329 190.17011 0.68111876 0.31658083 -0.14040517 25 0 42566 119.20571 -5.1907426
91 133.85376 191.30813 0.54547441 -0.076781169 -0.018617777 25 0 456 1.2812184 -0.26905788
92 433.28228 195.84759 0.5997042 0.21587818 -0.34556005 25 0 362 1.217526 -0.2136956
93 467.76775 199.77219 0.63241934 0.67529657 0.023083103 25 0 586 1.8936319 -0.69323889
94 180.95859 202.1672 0.6594618 0.38810395 -0.16110808 25 0 687 1.7263747 -0.59283764
95 211.74324 203.27246 0.43352017 0.15886372 -0.45939557 25 0 339 1.0668633 -0.070271926
96 79.38042 204.13588 0.70778951 0.17377454 -0.34021732 25 0 669 1.596654 -0.50802705
97 482.26596 205.84616 0.56648627 0.073816745 -0.084344229 25 0 569 1.978317 -0.74073973
98 25.232514 213.22232 0.66926018 0.41675444 -0.46288404 25 0 501 1.4267483 -0.38586843
99 27.464504 214.88359 0.72240266 0.40718554 -0.020275473 25 0 489 1.2388613 -0.23255672
100 438.41334 215.63769 0.5925186 -0.23556276 -0.1164559 25 0 953 2.8648786 -1.1427655
101 0.71260801 216.85798 0.70798847 0.29281612 0.013085044 25 0 2167 5.9588392 -1.9379042
102 339.14125 217.88345 0.61907129 0.26295995 -0.10128552 25 0 1506 4.2378475 -1.5678633
103 269.28894 219.94882 0.59844405 0.19035279 -0.085324871 25 0 785 2.13063 -0.82127008
104 163.56549 221.44627 0.5970951 0.81192098 -0.066009904 25 0 962 2.5426023 -1.0131961
105 492.18209 224.40482 0.6398535 0.52449312 0.018752782 25 0 4394 12.889231 -2.7755675
106 252.72964 226.66492 0.58525831 0.5478578 -0.061134957 25 0 2663 7.8606852 -2.238651
107 364.93557 228.80632 0.59363936 0.28310458 -0.092322733 25 0 4349 13.187247 -2.8003853
108 435.05884 229.40499 0.58337648 0.33556683 0.13181054 25 0 12054 35.782652 -3.8841813
109 339.86502 231.0297 0.62824531 0.089375906 -0.13750859 25 0 1153 3.3037338 -1.2975126
110 193.21682 237.61613 0.5688404 0.79486922 0.17832709 25 0 708 1.9579086 -0.72948105
111 253.35627 238.46 0.60375569 0.59024958 -0.082369486 25 0 760 2.0262044 -0.76670811
112 444.24775 240.97357 0.64510288 0.26372486 -0.088452991 25 0 1842 5.354941 -1.8218867
113 43.532969 241.70202 0.85539946 -0.046465425 -0.23393109 25 0 464 1.015648 -0.016858087
114 441.05791 254.44322 0.60031413 0.34325376 0.032186143 25 0 6851 20.297141 -3.2685872
115 216.92309 254.97815 0.62196406 0.30640989 -0.10457762 25 0 5270 15.441518 -2.971725
116 278.94719 257.42202 0.53824231 0.090778202 0.0020631184 25 0 446 1.2672832 -0.25718421
117 344.56824 263.8141 0.63635257 0.44068939 -0.083851615 25 0 409 1.1753613 -0.17542843
118 46.147524 275.86466 0.68839662 0.17482472 -0.059509167 25 0 1686 4.6528296 -1.6692929
119 60.364525 284.99718 0.65815496 0.23156412 -0.12855013 25 0 870 2.4126521 -0.95623677
120 360.73487 287.26597 0.6162851 0.026648344 -0.094991777 25 0 5317 15.519113 -2.9771672
121 173.53169 288.59114 0.52820561 -0.012059388 -0.13298507 25 0 770 2.2273698 -0.86948081
122 51.984607 289.97187 0.66123167 0.3323642 -0.089300849 25 0 1462 4.0480387 -1.5181116
123 80.287032 289.7554 0.67903104 0.16223069 -0.079102032 25 0 1253 3.3059679 -1.2982466
124 334.96325 291.98729 0.75793444 0.26224775 0.040694632 25 0 492 1.2056026 -0.20301047
125 466.41013 292.16579 0.59951279 0.31128865 -0.25950584 25 0 590 2.0009817 -0.75310779
126 4.4684552 294.81339 0.74831471 0.2136322 -0.18989688 25 0 550 1.350889 -0.32654915
127 149.33069 299.46202 0.59266276 0.64503547 0.11468838 25 0 504 1.3541211 -0.32914375
128 63.765488 305.40359 0.65572429 0.71530358 0.095746135 25 0 1227 3.3321103 -1.3067984
129 207.26043 311.01586 0.62494154 0.12937445 -0.22213713 25 0 906 2.4692237 -0.98140109
130 439.18617 310.97269 0.64915353 0.26318689 -0.071111571 25 0 1086 3.3781222 -1.3216884
131 126.53375 315.80211 0.61407611 -0.025352095 -0.20906072 25 0 3194 9.0567459 -2.3924305
132 2.4994715 317.4997 0.63943052 0.76913596 -0.087041052 25 0 2014 5.5089265 -1.8526674
133 48.388605 319.79286 0.59881897 0.34027474 -0.32704917 25 0 405 1.128841 -0.13158195
134 9.0117301 334.74897 0.71637507 0.32681422 -0.015865929 25 0 5559 15.148402 -2.9509171
135 276.32885 334.76076 0.65078797 0.38520314 0.017271202 25 0 553 1.4578201 -0.40925985
136 368.8024 335.02703 0.66179634 0.13848648 -0.21115122 25 0 504 1.446238 -0.40059939
137 19.252743 335.69461 0.68065959 0.090189095 -0.021435922 25 0 13468 37.781224 -3.9431901
138 252.30936 336.34814 0.60828456 0.74484116 -0.099898372 25 0 848 2.4679313 -0.98083266
139 65.682448 336.83788 0.6305042 -0.11677046 -0.2280559 25 0 1001 2.7872978 -1.1129584
140 477.44471 342.74273 0.46287858 0.57250224 0.35743125 25 0 650 2.1830372 -0.84765284
141 248.36393 346.02774 0.61954793 -0.17348791 -0.29207444 25 0 448 1.3432133 -0.32036243
142 349.35997 348.70588 0.55301991 -0.42840995 -0.18062781 25 0 666 2.1444341 -0.82828176
143 228.51737 352.36797 0.61567671 0.55466937 -0.18282997 25 0 4813 13.83076 -2.8521151
144 370.46364 353.83929 0.610378 0.20670436 -0.27552433 25 0 942 2.7699989 -1.106199
145 0.93172537 355.17791 0.73599389 -0.13595352 -0.054307257 25 0 616 1.6460371 -0.54109905
146 10.524277 354.81374 0.70255408 0.12938487 -0.050321586 25 0 827 2.1210655 -0.8163852
147 287.44498 356.35595 0.61028311 0.538103 -0.16970334 25 0 22880 66.373047 -4.5549794
148 10.775087 358.57587 0.76259789 0.29687141 0.10932058 25 0 1429 3.4732318 -1.3518344
149 11.745407 362.00948 0.74418426 -0.37716642 0.058752199 25 0 648 1.5704974 -0.49009304
150 403.28219 363.4727 0.57642504 0.38519654 -0.021375551 25 0 1580 4.9131923 -1.7284094
151 214.65078 365.46653 0.59987986 0.013226364 -0.060021561 25 0 1417 4.0646166 -1.522549
152 266.84697 366.56361 0.57429718 0.38783417 0.031422321 25 0 2383 7.1516109 -2.1360097
153 84.395902 368.12616 0.70868869 0.31444262 -0.19530024 25 0 5435 14.751826 -2.9221144
154 416.47427 367.76409 0.64788825 -0.11818755 -0.14854501 25 0 1001 2.981709 -1.1861631
155 127.3549 368.97248 0.64940314 0.088962226 -0.2649204 25 0 474 1.2194348 -0.21539648
156 488.13717 369.77875 0.6658037 0.12232093 -0.043175553 25 0 9375 27.096935 -3.5823004
157 11.423645 371.07776 0.69007496 0.24838798 -0.17454717 25 0 484 1.2465271 -0.23925429
158 354.69174 380.98424 0.63874445 0.10623045 -0.16920057 25 0 3487 10.368341 -2.5392732
159 63.6442 382.27927 0.68569561 0.55905678 -0.26280766 25 0 3427 9.1991834 -2.4093732
160 109.21886 383.92389 0.66593152 0.51603669 -0.013384865 25 0 674 1.856982 -0.67201921
161 216.09843 385.30901 0.65939639 0.37872456 0.040307522 25 0 588 1.5364646 -0.46630643
162 472.71668 386.32911 0.66624487 -0.96089076 0.040574669 25 0 557 1.7658811 -0.61740363
163 89.122889 387.12412 0.6357336 0.43238962 0.053092852 25 0 429 1.3074072 -0.29102716
164 133.2224 388.16218 0.68080692 0.49306483 -0.15840086 25 0 1554 4.2220664 -1.5638126
165 505.12414 387.93949 0.5858395 0.4286238 0.15439993 25 0 225 1.0414673 -0.044114112
166 444.08256 390.22256 0.6595341 0.23604511 -0.068675681 25 0 2421 7.1856189 -2.1411605
167 473.45291 389.7864 0.65938432 -0.17333554 -0.11667037 25 0 1850 5.3099701 -1.8127302
168 48.862068 393.34969 0.62161367 0.20002742 0.15725468 25 0 586 1.7650442 -0.61688896
169 235.32991 398.14742 0.64970873 0.30144085 -0.20372298 25 0 7840 22.465064 -3.3787691
170 365.87923 400.20005 0.62734296 0.35090059 -0.17325356 25 0 685 2.1501409 -0.83116733
171 395.38558 398.53765 0.57892875 0.97189518 -0.38268573 25 0 638 2.1911502 -0.85168037
172 401.25894 405.14579 0.74377961 0.21925054 -0.056347901 25 0 664 1.9611658 -0.73128579
173 264.35358 405.72076 0.66033871 0.85916334 -0.11178527 25 0 650 1.7909646 -0.63271751
174 261.75232 409.29152 0.63990667 0.13264561 -0.088871652 25 0 1921 5.5786383 -1.8663205
175 279.98382 408.84354 0.63246255 0.51114197 0.15023343 25 0 351 1.1690123 -0.16954771
176 483.28193 409.37702 0.56671085 0.14896571 0.31773351 25 0 278 1.0950215 -0.098556617
177 93.836122 414.75727 0.72859979 0.47685432 0.072837594 25 0 1067 2.8773149 -1.1474685
178 117.79827 416.13531 0.65784773 0.23412603 -0.087785891 25 0 2468 7.1163895 -2.1306493
179 293.63345 426.24842 0.63689092 0.032519022 -0.14680077 25 0 439 1.3759815 -0.34653147
180 174.65245 427.78868 0.54684043 0.12099479 -0.087864711 25 0 316 1.0794727 -0.08302911
181 203.47967 433.00543 0.56012046 -0.012219621 -0.17145052 25 0 351 1.0531491 -0.056224643
182 168.51519 434.1878 0.63091403 -0.08873999 -0.25440177 25 0 2106 6.0626073 -1.9566486
183 142.1618 435.10462 0.71117115 0.44363603 -0.093157758 25 0 1246 3.4058308 -1.3305577
184 170.64158 436.45877 0.62207015 0.65045442 -0.12584044 25 0 356 1.0458907 -0.048715727
185 241.76112 437.61848 0.52292529 -0.11693534 0.056558482 25 0 865 2.8809482 -1.1488386
186 500.87807 437.19997 0.24697165 0.22812845 -0.012767372 25 0 58637 220.18687 -5.8569786
187 445.02206 437.46772 0.90312222 0.25545764 0.30850546 25 0 1774 4.6165493 -1.6607937
188 354.51148 439.2224 0.64504947 0.24157052 -0.24211779 25 0 2978 8.6050679 -2.3368857
189 254.84973 441.96835 0.68086081 -0.19315464 -0.11620263 25 0 1218 3.3931819 -1.3265179
190 101.02842 443.93238 0.73823299 0.23248038 -0.12379625 25 0 17198 46.52036 -4.1691077
191 486.16368 444.34372 0.59909453 -0.15295361 0.17062083 25 0 273 1.0791753 -0.082729965
192 486.99207 453.74683 0.70366768 0.21124554 -0.015621694 25 0 2318 6.7451116 -2.0724729
193 389.34692 456.26039 0.83362964 0.55145051 -0.043283541 25 0 372 1.0328508 -0.035093924
194 320.94864 457.30457 0.64133725 0.25492052 0.11720239 25 0 577 1.8523163 -0.66928786
195 445.12393 458.58042 0.58663731 0.47491534 0.29803523 25 0 280 1.0595693 -0.062823458
196 371.99637 462.40308 0.62530658 0.11787042 -0.032957754 25 0 1210 3.696605 -1.4195076
197 66.074039 463.55626 0.65117514 0.47009492 0.10481967 25 0 5415 15.291102 -2.961097
198 159.00903 464.65632 0.66681127 0.063337153 -0.11712746 25 0 1156 3.2653623 -1.2848284
199 437.4877 465.99713 0.51896829 0.12893645 -0.16973839 25 0 58596 180.53033 -5.6413754
200 220.79635 472.67329 0.67621555 0.39268392 -0.040338413 25 0 5118 14.42401 -2.897715
201 352.54183 474.38112 0.50921602 -0.10475999 -0.13278674 25 0 403 1.4182217 -0.37936029
202 438.88446 473.77904 0.65825553 0.0027017115 -0.19605432 25 0 442 1.4807308 -0.42619028
203 270.87827 475.92207 0.71133751 0.25211729 -0.11353857 25 0 3676 10.31427 -2.5335963
204 124.0622 476.35972 0.52819581 0.59285814 0.26541747 25 0 420 1.3680346 -0.34024269
205 348.23066 480.93834 0.7506708 0.11647924 -0.11333936 25 0 479 1.3542757 -0.32926769
206 148.74066 482.00484 0.75389291 0.28241244 -0.17653449 25 0 1013 2.7091798 -1.0820946
207 73.851209 487.37392 0.65471747 0.091379029 0.0026578978 25 0 1081 3.1623466 -1.2500237
208 249.97083 497.10009 0.77525869 0.099153485 -0.23230817 25 0 470 1.3034116 -0.28770394
209 125.7471 503.97706 0.82283597 -0.16718403 -0.21385157 25 0 773 1.8858049 -0.68874191
210 171.16468 504.10685 0.6914238 0.12720759 -0.4477613 25 0 499 1.3768738 -0.34723531
211 126.75186 507.85881 0.7400356 0.21268031 -0.19835205 25 0 794 2.0266231 -0.76693245
