id xcentroid ycentroid sharpness roundness1 roundness2 npix sky peak flux mag
1 338.66256 0.19443705 0.7532892 -0.35936709 -0.59619957 25 0 15552 35.078065 -3.8625891
2 490.55199 0.33831209 0.66814462 0.40565613 -0.344822 25 0 1637 4.1788085 -1.5526312
3 74.41023 1.1736765 0.72138721 -0.31299804 -0.38668454 25 0 417 1.0849168 -0.088491119
4 435.42552 3.613489 0.54551029 -0.16381141 -0.23208876 25 0 1322 3.8332349 -1.4589136
5 41.011259 4.4771879 0.52769205 -0.039206246 -0.096154791 25 0 4207 11.405934 -2.6428272
6 302.32992 20.699599 0.58651204 -0.5336873 -0.27039187 25 0 496 1.4232052 -0.38316881
7 114.33483 27.79522 0.69108281 -0.4574221 -0.3743292 25 0 427 1.0535397 -0.056627264
8 339.84604 29.577684 0.51953313 0.25798165 -0.17112985 25 0 472 1.4576795 -0.40915512
9 29.474878 29.795165 0.61926835 -0.44171601 -0.32378503 25 0 11522 28.465751 -3.6358066
10 413.21 32.710534 0.56324111 -0.24146886 -0.4041406 25 0 472 1.5184906 -0.45353024
11 472.42879 32.595343 0.55773044 -0.29140024 -0.22180318 25 0 18996 48.317767 -4.2102671
12 359.06616 50.974555 0.56701436 -0.58249301 -0.34189416 25 0 404 1.1428489 -0.14497205
13 118.53525 57.55823 0.49991809 -0.11304699 -0.29680937 25 0 379 1.0393274 -0.041880968
14 191.55145 58.664892 0.49310831 -0.49360151 -0.32166503 25 0 861 2.3193184 -0.91340093
15 210.98072 59.47275 0.50558158 0.084675494 -0.086687098 25 0 1705 4.6191513 -1.6614055
16 71.262404 61.805922 0.62910504 0.040229425 -0.34382836 25 0 429 1.0911582 -0.094719293
17 329.54313 61.706265 0.38178043 0.17851639 -0.35321469 25 0 58421 153.563 -5.4657165
18 116.43329 63.631763 0.55644988 -0.39157438 -0.25292885 25 0 3752 9.4554934 -2.4392105
19 405.08366 65.477593 0.57270289 0.26716703 -0.14172619 25 0 686 1.9252157 -0.71119847
20 475.56686 71.415878 0.57817817 0.1283761 -0.430841 25 0 484 1.5187854 -0.45374101
21 299.18763 72.216171 0.63743049 0.044300224 -0.28823513 25 0 1380 3.3382716 -1.3088042
22 448.06214 79.012712 0.64293547 -0.0076140483 -0.22573493 25 0 1283 3.3160257 -1.3015447
23 506.59302 81.275367 0.64725619 0.17810542 -0.32018992 25 0 2520 6.1457661 -1.9714401
24 36.34236 84.629449 0.47328186 -0.82920423 -0.065481894 25 0 417 1.3456069 -0.32229552
25 437.70547 85.877071 0.62437824 -0.10731063 -0.25759432 25 0 1309 3.5275026 -1.3686684
26 422.87354 87.646533 0.56220145 0.20537041 0.14321019 25 0 374 1.2563003 -0.24773363
27 60.726015 89.540204 0.53087982 0.28158199 -0.087129133 25 0 1125 2.9368041 -1.1696875
28 473.47852 94.546875 0.53843591 0.58383211 -0.16613521 25 0 512 1.5154063 -0.45132274
29 355.58973 98.5024 0.53764406 0.40717476 -0.27393257 25 0 2132 5.3726897 -1.8254794
30 97.092445 105.00743 0.59666006 -0.21303123 -0.34103439 25 0 552 1.3601052 -0.33393126
31 495.77094 105.43786 0.58842629 -0.17847257 -0.11827521 25 0 16406 40.769288 -4.0258328
32 159.93515 111.95835 0.58736927 0.28615091 -0.24975941 25 0 482 1.0447343 -0.047514588
33 288.55623 112.73672 0.53663921 0.024624841 -0.47752234 25 0 888 2.1272195 -0.81953078
34 292.50993 114.50192 0.55235403 -0.85254742 -0.30668377 25 0 1065 2.5387939 -1.0115686
35 190.7324 115.4347 0.56902134 -0.29434457 -0.1946161 25 0 1332 3.1362637 -1.2410314
36 58.577811 119.43392 0.60866046 -0.51952091 -0.22272582 25 0 3152 7.4563495 -2.1813156
37 494.1089 125.31622 0.63840166 0.22615513 -0.049873136 25 0 1792 4.6409971 -1.6665282
38 337.19792 130.96941 0.56032159 -0.32349332 -0.38959386 25 0 510 1.4034178 -0.36796742
39 223.88108 132.642 0.52905987 0.046537837 -0.16945335 25 0 12954 33.889929 -3.8251766
40 241.331 132.81718 0.61598071 0.088949429 -0.1644128 25 0 914 1.9055638 -0.70005873
41 251.32417 134.15933 0.57275656 -0.01569605 -0.27863107 25 0 1447 3.4566507 -1.3466387
42 308.0609 133.85445 0.58144808 0.18076986 -0.17977739 25 0 1034 2.5982171 -1.0366886
43 102.91407 136.15764 0.67801748 -0.058268581 -0.17709956 25 0 562 1.2525536 -0.24449079
44 155.23762 139.33402 0.60912219 0.061208607 -0.25265608 25 0 1690 3.8935922 -1.4758762
45 179.24514 144.77159 0.54600367 -0.33176863 -0.29437382 25 0 1450 3.5215465 -1.3668336
46 10.433063 146.09399 0.65872161 -0.47373948 -0.40935972 25 0 1043 2.4873222 -0.98933012
47 398.99272 156.42367 0.57301361 -0.043737932 -0.14812306 25 0 9380 23.507727 -3.4280266
48 17.748032 162.38642 0.63406412 -0.32195216 -0.072985523 25 0 610 1.4494591 -0.40301492
49 301.96099 161.95153 0.54790792 -0.20970071 -0.2614552 25 0 2475 6.3380278 -2.0048854
50 0.76075925 166.43873 0.66586704 0.17444012 0.17201681 25 0 574 1.3560206 -0.33066573
51 487.14052 168.43936 0.60049937 0.17836666 -0.093601767 25 0 6182 15.60596 -2.9832262
52 388.9015 177.93853 0.55852798 -0.065239602 -0.26678371 25 0 40954 105.53757 -5.0585177
53 428.26447 181.48739 0.526404 -0.0045305198 -0.16543512 25 0 335 1.0274171 -0.029367001
54 156.42928 185.18292 0.44615236 -0.068048966 -0.59844987 25 0 479 1.1721207 -0.17243084
55 229.109 190.20854 0.54424299 -0.087690564 -0.26635905 25 0 1473 3.6566278 -1.4077019
56 349.22544 190.20415 0.56889602 0.070602233 -0.1329063 25 0 442 1.1381347 -0.14048415
57 481.18527 189.79961 0.59173997 -0.19669653 -0.20541017 25 0 5277 13.494103 -2.82536
58 167.21507 190.95496 0.5591714 -0.049991894 -0.21572862 25 0 907 2.2898781 -0.89953092
59 155.76406 193.55569 0.52443394 -0.5444625 -0.16118304 25 0 1132 2.622949 -1.0469746
60 19.995808 199.32373 0.6158717 -0.17219667 -0.28237025 25 0 664 1.6801039 -0.56334034
61 118.05205 199.44023 0.56503389 0.047283703 -0.068179251 25 0 1484 3.576945 -1.3837806
62 424.14003 199.02117 0.56175979 -0.16820754 -0.28316768 25 0 2140 5.6005604 -1.8705787
63 414.09271 201.33093 0.57054899 -0.13958667 -0.1699254 25 0 414 1.1823422 -0.18185795
64 485.8937 200.88937 0.55163837 -0.33219922 -0.38024555 25 0 556 1.8307783 -0.65658938
65 229.81888 202.35105 0.40840997 -0.030349135 -0.074057657 25 0 737 1.9024422 -0.69827868
66 424.52476 204.07636 0.5554577 -0.55167639 -0.39689983 25 0 604 1.6045103 -0.51335626
67 192.24487 205.05632 0.57172354 -0.078057056 -0.24151697 25 0 709 1.5774522 -0.49489051
68 74.679328 205.88963 0.57571151 -0.083996562 -0.2701909 25 0 31737 80.650658 -4.7665198
69 457.92011 215.87315 0.58357732 0.25202103 -0.10794193 25 0 472 1.4388619 -0.39504779
70 171.17686 217.92735 0.54036929 -0.37555218 -0.20823564 25 0 560 1.2460813 -0.23886596
71 69.683719 219.87002 0.47874321 -0.33729984 -0.43245799 25 0 441 1.0394134 -0.041970727
72 510.88035 219.6302 0.78833175 -0.42599239 0.14169273 25 0 777 1.9577085 -0.72937006
73 472.21352 221.93398 0.55101367 -0.22695853 -0.26279969 25 0 410 1.2898456 -0.27634431
74 505.65013 225.74745 0.58266663 0.14747782 -0.24810338 25 0 2382 6.1575563 -1.973521
75 428.49861 231.93223 0.55063737 -0.2395434 -0.27126273 25 0 728 1.8820422 -0.6865734
76 329.26994 234.00015 0.53652563 0.073002479 -0.26110076 25 0 1155 2.94222 -1.1716879
77 259.56499 235.97815 0.49480696 -0.36391578 -0.57985355 25 0 532 1.2416022 -0.23495617
78 153.75678 237.2697 0.57242712 -0.33163628 -0.33724657 25 0 851 1.9032424 -0.69873524
79 482.34615 240.62623 0.56746498 -0.36184729 -0.19201448 25 0 3382 8.6326149 -2.3403559
80 242.94652 242.60891 0.51464902 0.0093936792 -0.15982492 25 0 2090 5.2251624 -1.7952495
81 355.02897 244.93693 0.52862213 -0.21683784 -0.28862483 25 0 3426 9.0233058 -2.3884142
82 425.08221 245.72812 0.53769541 -0.2527365 -0.23581448 25 0 10228 26.511985 -3.5586056
83 329.93803 247.21376 0.58574876 0.082080273 -0.1552793 25 0 922 2.182652 -0.84746125
84 183.43324 253.39056 0.6441309 -0.051732479 -0.34517476 25 0 629 1.2848957 -0.27216969
85 243.58413 254.4526 0.54221077 0.021230396 -0.28415005 25 0 610 1.3428047 -0.32003215
86 434.33395 257.25269 0.56138023 0.018495741 -0.31312581 25 0 1396 3.6109541 -1.3940549
87 207.11577 270.9202 0.52282635 -0.17096487 -0.26572509 25 0 3920 10.16964 -2.518264
88 431.16726 270.64006 0.54404555 -0.27480874 -0.18441498 25 0 5438 13.927515 -2.8596841
89 36.539694 291.54477 0.53214307 0.44519359 -0.14536568 25 0 998 2.4634428 -0.97885622
90 50.779642 300.73091 0.44725174 0.2666017 -0.1513742 25 0 538 1.3942151 -0.36082449
91 350.75567 303.41371 0.54655921 -0.40243445 -0.20809782 25 0 4015 10.145838 -2.5157198
92 163.5948 304.54995 0.49545893 -0.72748545 -0.22197772 25 0 656 1.4469873 -0.40116181
93 70.433626 305.55833 0.51771425 0.29143342 -0.2176078 25 0 807 1.9144726 -0.70512288
94 42.294821 305.57012 0.55072717 -0.13833832 -0.14011948 25 0 1002 2.3664832 -0.93525858
95 456.42919 308.34222 0.49121725 0.21129481 -0.27315062 25 0 376 1.2160548 -0.21238284
96 139.46362 315.11992 0.59613309 -0.10832146 -0.31280007 25 0 507 1.1024778 -0.10592464
97 53.966395 321.17406 0.5583844 -0.21295151 -0.2371789 25 0 1066 2.6592157 -1.0618839
98 197.41551 326.87999 0.51002986 -0.14572919 -0.40702964 25 0 718 1.7349184 -0.59819766
99 429.13049 327.16503 0.58467786 -0.10765548 -0.26919255 25 0 782 2.073939 -0.79198994
100 116.60478 331.58651 0.49751003 0.15306469 -0.23919559 25 0 2320 5.902955 -1.9276737
101 308.88266 343.48218 0.58359812 -0.77863694 -0.037057661 25 0 434 1.0666626 -0.070067625
102 0.15861734 350.43498 0.91500927 0.39809997 0.4797538 25 0 2777 5.5620411 -1.8630855
103 9.5351626 351.33974 0.59175085 0.17610577 -0.29555519 25 0 9487 23.254035 -3.4162458
104 266.16566 350.75095 0.46811577 -0.28580222 -0.1483562 25 0 414 1.023654 -0.025382932
105 358.88664 351.18757 0.57983292 -0.74644324 -0.22343612 25 0 420 1.0680897 -0.071519323
106 242.56808 352.24158 0.5424981 0.070679725 -0.43183496 25 0 652 1.4949159 -0.43654187
107 55.643964 352.40986 0.55191824 0.23256371 0.0078356989 25 0 733 1.6988942 -0.57541581
108 467.2254 358.96451 0.51998627 0.33561966 0.18357802 25 0 635 1.7940236 -0.63457038
109 339.21918 364.63615 0.48808152 -0.31046756 -0.40862922 25 0 458 1.3269452 -0.30713249
110 218.48914 368.31618 0.59919327 -0.48487232 -0.29223986 25 0 3913 9.0733808 -2.3944228
111 0.73659877 370.20726 0.57233442 -0.48745495 0.13515037 25 0 736 2.0143589 -0.76034214
112 360.42923 369.89295 0.60917344 -0.44673613 -0.23669594 25 0 880 2.072259 -0.79111008
113 277.53795 372.41002 0.56283457 0.13865584 -0.350497 25 0 16869 40.185658 -4.0101777
114 0.93423194 374.15806 0.63684477 -0.42252306 0.030975738 25 0 1228 3.0259005 -1.2021366
115 1.7977315 377.6101 0.55814854 -0.45985417 -0.065142198 25 0 495 1.1657631 -0.16652578
116 393.2917 379.50222 0.51337577 -0.57211517 -0.17859816 25 0 1265 3.3795891 -1.3221598
117 204.73721 381.30606 0.51584298 -0.34325547 -0.29761592 25 0 1147 2.7342853 -1.0921096
118 256.9021 382.47569 0.51531958 0.085641211 -0.038342562 25 0 1998 5.0626374 -1.7609421
119 74.480355 383.81902 0.58118263 -0.024064377 -0.36374247 25 0 3697 8.942461 -2.3786426
120 406.44274 383.80694 0.59772501 -0.38938747 -0.32374285 25 0 792 1.9818422 -0.74267267
121 478.02895 386.00879 0.60690441 -0.23398066 -0.22971184 25 0 7548 19.164607 -3.2062498
122 344.61087 397.06266 0.60038009 -0.37819619 -0.32511148 25 0 2736 6.6512817 -2.0572634
123 53.62912 397.97374 0.59126531 -0.10726694 -0.27726144 25 0 2969 7.3740093 -2.1692592
124 99.421052 399.44319 0.49967534 -0.34024186 -0.45092422 25 0 437 1.1323643 -0.13496543
125 206.06589 401.31657 0.66138321 -0.012900978 -0.3514513 25 0 562 1.1311159 -0.13376773
126 123.43982 403.91163 0.58796815 -0.25628593 -0.42246567 25 0 1180 2.7610258 -1.1026761
127 434.01061 406.41109 0.57049695 -0.23050538 -0.18507423 25 0 1798 4.6394395 -1.6661638
128 463.28792 406.04506 0.63785624 -0.44700339 -0.32663616 25 0 1668 4.0856255 -1.5281464
129 38.939364 408.9492 0.59386556 0.077409387 -0.2076303 25 0 522 1.4064773 -0.37033183
130 225.38498 414.06197 0.57222525 -0.28869306 -0.40190514 25 0 6153 15.434704 -2.9712458
131 355.77486 416.22709 0.59028714 -0.6774337 -0.5009499 25 0 521 1.1902236 -0.18907141
132 391.31174 421.18093 0.59028619 -0.38227748 -0.26040428 25 0 403 1.1590144 -0.16022206
133 254.53076 421.55343 0.5750752 0.34773743 -0.33482351 25 0 515 1.1872065 -0.18631562
134 251.81906 425.26975 0.56134337 -0.24279316 -0.25612382 25 0 1550 4.0138722 -1.5089089
135 83.855379 430.46167 0.54462646 0.31486424 -0.091558571 25 0 679 1.5918583 -0.50476101
136 107.95187 431.82252 0.56872585 -0.20978767 -0.22255413 25 0 1826 4.6236735 -1.6624679
137 283.60747 441.99165 0.61099095 -0.20701607 -0.11646997 25 0 401 1.0420354 -0.044706184
138 158.66082 449.98998 0.60106819 -0.2069472 -0.3612097 25 0 1720 4.0424337 -1.5166073
139 132.20459 450.72966 0.55505427 -0.046782608 -0.18929957 25 0 824 1.88813 -0.69007973
140 231.83187 453.39951 0.59829872 -0.54492811 -0.27975433 25 0 871 2.0471538 -0.7778762
141 490.72965 453.45575 0.33945525 -0.44065461 -0.35296996 25 0 58261 137.01361 -5.3419093
142 344.47663 455.35193 0.5300954 -0.02250957 -0.34799783 25 0 2125 5.4244682 -1.8358929
143 244.94226 457.84619 0.5843125 -0.38290957 -0.16874898 25 0 969 2.3826557 -0.94265322
144 91.08225 459.59244 0.54389136 -0.1758125 -0.16457562 25 0 10380 26.79135 -3.5699865
145 476.79254 470.0147 0.6252706 -0.33942703 -0.22345923 25 0 1786 4.625701 -1.6629439
146 311.00241 473.46932 0.55587402 0.26478178 0.093508286 25 0 486 1.2473365 -0.23995906
147 361.98266 478.55629 0.56707709 -0.22327022 -0.24548199 25 0 891 2.2563927 -0.88353673
148 56.197009 479.12183 0.64709773 -0.037568526 -0.24281108 25 0 5487 13.485122 -2.8246372
149 149.17703 480.40538 0.55674715 -0.15082094 -0.080922554 25 0 942 2.3421677 -0.92404497
150 427.30166 482.26343 0.47146516 -0.11995289 -0.30069534 25 0 58221 156.75725 -5.4880691
151 210.78816 488.47624 0.58699465 -0.37286552 -0.16772715 25 0 3787 9.2447371 -2.4147364
152 342.325 490.37959 0.55574117 -0.6982413 -0.47106242 25 0 442 1.2332904 -0.22766334
153 113.91757 492.32487 0.40379991 0.0136279 -0.2059395 25 0 304 1.0020031 -0.002172636
154 260.88686 491.85012 0.57244707 -0.21146304 -0.27749752 25 0 2621 6.7923269 -2.0800464
155 338.28504 497.24593 0.48292955 -0.38279083 -0.18589636 25 0 361 1.1349473 -0.13743926
156 138.81622 497.78857 0.56214208 0.0018430956 -0.34382425 25 0 800 2.0987819 -0.80491827
157 63.964519 503.00112 0.65039807 -0.04317049 -0.26139374 25 0 1064 2.6705919 -1.0665188
