id xcentroid ycentroid sharpness roundness1 roundness2 npix sky peak flux mag
1 354.93523 2.0858488 0.58744713 0.15566544 -0.11372994 25 0 398 1.4336378 -0.39109858
2 327.41922 4.4431517 0.52404551 -0.12856861 0.085047944 25 0 578 1.8059813 -0.64178309
3 336.28941 6.6259765 0.64474965 0.54694851 0.059496745 25 0 348 1.0299486 -0.032038849
4 458.6521 7.8539962 0.70570191 0.24367008 0.076835409 25 0 450 1.4810075 -0.42639317
5 139.14438 11.947515 0.68641201 0.28946249 -0.029266603 25 0 638 1.9633414 -0.73248954
6 364.75497 13.235718 0.66673297 0.083723757 -0.10418611 25 0 787 2.261586 -0.88603278
7 54.270688 13.990495 0.71895824 0.17901784 -0.026705235 25 0 16645 45.405059 -4.1427606
8 1.7807303 15.582182 0.70740862 0.41876816 0.14609113 25 0 5799 16.041703 -3.0131262
9 438.10692 16.30554 0.79383381 0.46377251 0.24523915 25 0 776 2.1751608 -0.84372843
10 497.25516 16.034848 0.68490816 0.34050886 -0.0012857347 25 0 28743 79.749956 -4.7543261
11 384.04348 34.555193 0.54459078 0.47103351 0.23247748 25 0 481 1.6567316 -0.54813041
12 483.32544 34.769158 0.60574305 0.23673824 -0.35054551 25 0 278 1.1957495 -0.1941005
13 156.81196 37.419688 0.61685458 0.58978315 -0.22753768 25 0 403 1.154739 -0.15620962
14 143.55112 41.534717 0.48617381 0.071746727 -0.036094716 25 0 464 1.5480343 -0.47445146
15 216.39901 42.686453 0.64303778 0.60315422 -0.11118229 25 0 1184 3.2196389 -1.2695179
16 235.88859 43.592051 0.59868436 0.35712596 0.19337081 25 0 2186 6.2706022 -1.9932731
17 354.44391 45.50511 0.43777491 0.78563757 0.066022853 25 0 58975 183.92944 -5.6616281
18 376.53826 44.427188 0.65948685 0.95029341 0.19398298 25 0 451 1.283824 -0.27126369
19 96.261297 45.872913 0.59894855 -0.18125753 -0.20191189 25 0 593 1.8557771 -0.67131456
20 280.08887 46.060067 0.53505907 0.13359571 -0.11735197 25 0 353 1.094994 -0.098529386
21 141.2415 47.773529 0.64489117 0.13852409 0.013247705 25 0 5488 15.69301 -2.9892656
22 184.08315 48.381736 0.63648807 0.85067635 0.18032943 25 0 366 1.0132523 -0.014294012
23 430.02356 48.953577 0.6773106 0.47053287 0.06235962 25 0 1099 3.1387744 -1.2419003
24 430.59982 54.236329 0.64681073 0.19207782 -0.3733825 25 0 265 1.0112446 -0.012140524
25 276.84584 54.583073 0.60060906 0.83605032 0.25584883 25 0 421 1.2222401 -0.21789134
26 500.5464 54.800467 0.58392429 0.11312018 -0.038480356 25 0 641 2.2263584 -0.86898768
27 324.15491 55.912183 0.62281441 0.31227956 0.012972092 25 0 1748 5.1415346 -1.7777319
28 172.23397 60.792179 0.66261254 0.45895877 0.02680442 25 0 408 1.1269181 -0.12973093
29 472.97324 62.475302 0.62167757 0.45601284 0.14575067 25 0 1409 4.3286862 -1.5908902
30 60.198406 63.853358 0.62629715 -0.30596694 0.055239379 25 0 334 1.0827218 -0.086292241
31 27.439053 66.755031 0.5624651 0.39741501 0.28643232 25 0 270 1.0376594 -0.040137022
32 84.425864 68.467272 0.49298099 0.6749046 0.069049961 25 0 343 1.1975414 -0.19572631
33 61.350646 68.815387 0.60555913 -0.063571525 -0.049123741 25 0 651 2.0822714 -0.79634336
34 462.52895 69.386553 0.58506258 -0.020728269 -0.027744875 25 0 1335 4.020595 -1.5107258
35 501.18467 70.040679 0.51923133 0.016452273 -0.1133241 25 0 300 1.3220545 -0.30312344
36 27.707017 70.599022 0.68086865 0.054443956 0.069790316 25 0 530 1.5703052 -0.4899602
37 142.11606 70.417587 0.50949869 -0.36625875 0.095119336 25 0 369 1.1866867 -0.18584019
38 447.96841 71.086534 0.71923626 0.29586107 0.020313907 25 0 689 2.0509235 -0.77987363
39 85.598715 73.851888 0.70038001 0.40572395 -0.1129081 25 0 1750 4.7130919 -1.6832648
40 498.44877 77.946993 0.67247137 0.48211698 -0.15375672 25 0 922 2.7626722 -1.1033234
41 380.533 81.996819 0.59133525 0.30649116 -0.16727029 25 0 3136 9.2093494 -2.4105724
42 0.96256636 84.858485 0.69500919 0.15572295 0.083570838 25 0 854 2.4516451 -0.97364401
43 149.47776 85.418383 0.66144021 0.48992079 -0.1407967 25 0 561 1.4930123 -0.43515845
44 121.9682 89.137913 0.72690542 0.24759613 0.027657789 25 0 803 2.0886572 -0.79966793
45 184.75512 95.834409 0.71762365 0.14562188 0.034714085 25 0 630 1.5327133 -0.4636523
46 313.54542 96.433627 0.62212745 0.47244087 -0.090244883 25 0 1196 3.2578285 -1.2823205
47 317.52699 98.145709 0.61507808 0.14969948 -0.21677531 25 0 1478 4.0765933 -1.5257435
48 215.76616 99.366984 0.62668296 0.14257289 -0.015040407 25 0 1788 4.9567942 -1.7380022
49 145.43652 103.22748 0.58285908 0.22871911 -0.042769109 25 0 420 1.1564272 -0.15779578
50 481.24787 102.81741 0.58733272 0.44469761 -0.21872404 25 0 291 1.0862693 -0.089843739
51 83.537435 103.49015 0.63523451 0.74741588 0.035615502 25 0 3266 8.8389082 -2.3659966
52 362.12777 114.56424 0.6067304 0.52584038 0.14429277 25 0 576 1.6316658 -0.53157802
53 248.88109 116.56421 0.62453451 0.52481706 0.11786971 25 0 16726 47.708371 -4.1964865
54 266.06114 116.72373 0.52204302 0.59679061 -0.27555872 25 0 879 2.5741043 -1.0265653
55 276.33998 117.96266 0.6268822 0.15312369 -0.083898498 25 0 2005 5.5777467 -1.866147
56 333.00821 117.59093 0.65116832 0.45329648 0.041641062 25 0 1243 3.3301254 -1.3061515
57 478.17281 119.01916 0.58489311 0.21401275 -0.061051651 25 0 389 1.4350252 -0.39214881
58 127.90219 120.15273 0.74183074 0.16228426 0.061599403 25 0 704 1.737087 -0.59955395
59 228.41808 119.72792 0.59536537 0.1820263 -0.065972539 25 0 534 1.2702756 -0.25974486
60 182.63514 121.44878 0.62260043 -0.13985348 0.15093178 25 0 443 1.1032104 -0.1066459
61 80.525323 121.73475 0.72321069 0.58268602 0.0015889472 25 0 598 1.4671086 -0.41615566
62 180.21689 123.28125 0.67010918 0.48599553 0.071215465 25 0 2223 6.0433453 -1.9531935
63 508.24071 123.20277 0.89623211 0.39863312 0.036324578 25 0 453 1.1459439 -0.14790842
64 12.894127 125.11166 0.72017065 0.055078238 0.12994988 25 0 483 1.3345083 -0.3133032
65 204.25055 128.64446 0.60127232 0.25778422 0.021747822 25 0 1780 4.9936036 -1.7460352
66 35.484429 130.34472 0.64968342 0.56953992 -0.042896788 25 0 1169 3.2656676 -1.2849299
67 7.838862 130.96365 0.71038163 0.26480391 0.14051548 25 0 467 1.2136246 -0.21021097
68 281.75329 131.93499 0.68786081 0.42478922 -0.13950586 25 0 630 1.5371777 -0.46681018
69 424.04299 139.90878 0.65621223 0.34350556 0.019213898 25 0 13507 38.26205 -3.9569206
70 326.99417 145.60288 0.60980507 0.4865336 0.12165671 25 0 2973 8.408966 -2.3118565
71 42.808438 146.64061 0.69651541 0.43087893 0.077283819 25 0 786 2.0573251 -0.78325733
72 25.934327 150.86863 0.65113591 0.40540838 0.12194445 25 0 676 2.0168709 -0.76169523
73 510.95432 151.57821 0.84734843 0.29961204 0.58265533 25 0 1838 4.6512108 -1.6689151
74 125.6781 159.98552 0.67903659 0.48834269 0.071096533 25 0 604 1.5100853 -0.44750368
75 413.95313 161.53957 0.61691558 0.41088862 0.16178305 25 0 46981 132.11957 -5.3024179
76 453.16604 164.86721 0.69561248 0.38411977 -0.078654114 25 0 545 1.5616049 -0.48392788
77 234.59674 165.52596 0.70446028 0.70550534 -0.053889204 25 0 601 1.3925895 -0.35955779
78 181.71404 169.22235 0.51438593 0.45217347 -0.17356897 25 0 425 1.1390018 -0.14131102
79 61.438824 172.6733 0.47983305 0.31257182 0.32364769 25 0 360 1.0911978 -0.094758752
80 506.28329 173.16833 0.67501321 0.43176254 0.00091355838 25 0 6904 19.28036 -3.2127878
81 254.12685 174.00817 0.65205442 0.3049225 -0.056359431 25 0 2051 5.6103109 -1.8724673
82 374.41304 173.70848 0.58624462 0.37584341 -0.11500409 25 0 480 1.3230273 -0.30392201
83 192.3408 174.68037 0.6046524 0.28126687 -0.046503224 25 0 985 2.5584289 -1.0199334
84 441.52271 175.89507 0.7357034 0.64875845 -0.13152807 25 0 386 1.1303475 -0.13302999
85 180.71107 177.47988 0.56404536 -0.048132596 0.074814977 25 0 1479 4.0960596 -1.5309157
86 449.15006 182.52718 0.66478316 0.63856245 0.16937609 25 0 2666 7.2639974 -2.1529392
87 44.879423 183.40915 0.67820459 0.29421079 0.13379484 25 0 811 2.1107696 -0.81110208
88 143.01244 183.48176 0.64887714 0.48938174 0.18580365 25 0 1916 5.3014605 -1.8109888
89 510.69152 184.21919 0.75015541 -0.13464264 0.086393741 25 0 789 2.2005881 -0.85634688
90 439.09228 184.64404 0.57384887 0.40091723 0.044100263 25 0 567 1.8294574 -0.65580574
91 254.87901 186.30826 0.63389301 0.2242087 0.024795493 25 0 1198 3.1552901 -1.2475982
92 449.52357 187.49074 0.68343494 0.47375686 0.049547513 25 0 830 2.2283591 -0.86996294
93 217.48118 188.94046 0.61419577 0.072242987 -0.074006088 25 0 722 1.8537907 -0.67015175
94 99.634968 190.02589 0.66583758 0.21670896 -0.061041493 25 0 41742 116.48109 -5.1656386
95 149.31176 191.04827 0.70563898 0.48755139 0.016079239 25 0 514 1.1386946 -0.14101815
96 280.8582 195.00559 0.7176989 -0.36729714 -0.21651325 25 0 445 1.0154614 -0.016658601
97 448.2548 195.55752 0.45295744 -0.014131302 -0.3216529 25 0 278 1.1703244 -0.17076569
98 482.87089 199.24832 0.60946681 0.26786944 0.068357272 25 0 576 1.8958982 -0.69453756
99 196.27987 201.91183 0.55212188 -0.061560727 -0.19802305 25 0 644 1.8052159 -0.64132286
100 94.792585 204.00989 0.64711471 0.09622556 -0.084452163 25 0 705 1.8422242 -0.66335623
101 497.51958 205.36714 0.60592746 0.77150206 -0.010092509 25 0 471 1.4853287 -0.42955644
102 40.739785 213.08772 0.62559889 0.42032371 -0.31561983 25 0 431 1.1766713 -0.17663787
103 42.788293 214.58828 0.70956957 0.7117279 0.018422462 25 0 608 1.5874074 -0.50172097
104 453.7784 215.48535 0.55778599 0.3109746 -0.042431951 25 0 980 2.8912786 -1.1527248
105 16.067442 216.55662 0.67320569 0.31261206 0.1906092 25 0 1949 5.2507906 -1.8005617
106 354.47093 217.57191 0.53925782 -0.047105591 -0.0035437656 25 0 1245 3.6002945 -1.3908451
107 284.59921 219.7095 0.67226174 0.54908503 -0.053976571 25 0 763 1.823581 -0.65231263
108 178.87285 221.23949 0.64123284 0.49184568 0.048765381 25 0 1102 2.9363088 -1.1695043
109 507.59315 224.00463 0.601082 0.1641159 -0.17680609 25 0 4240 12.55519 -2.7470582
110 267.98402 226.46302 0.61509815 0.41434802 0.11194145 25 0 2811 7.773307 -2.2265146
111 380.12737 228.54449 0.62222194 0.54321214 0.15074705 25 0 4082 11.455306 -2.6475167
112 450.26274 229.17506 0.68134748 0.43035801 -0.02052404 25 0 15149 41.549783 -4.0464219
113 355.13196 230.84257 0.64112035 0.31667829 0.023701227 25 0 1172 3.2714993 -1.2868671
114 208.58406 237.2017 0.58009089 0.17501366 -0.10474959 25 0 751 2.0743766 -0.79221903
115 268.63023 238.18563 0.59689051 -0.15338445 -0.10266624 25 0 847 2.3812658 -0.94201968
116 58.970503 241.63826 0.75788479 0.41060566 0.32099917 25 0 481 1.0859836 -0.089558121
117 459.39139 240.68628 0.65087649 0.50893992 -0.096399488 25 0 1809 5.1181568 -1.772784
118 456.36983 254.07288 0.64319214 0.33164994 -0.057292061 25 0 7697 21.901583 -3.3511888
119 232.27484 254.68947 0.59062336 0.19348604 0.034669923 25 0 4745 13.851527 -2.8537442
120 4.6956422 255.72061 0.70944031 0.47185555 0.032203345 25 0 1163 3.0637694 -1.2156402
121 294.3242 257.14125 0.62949633 0.13799775 -0.22931433 25 0 475 1.1758539 -0.17588342
122 359.67182 263.27846 0.53272475 0.42479465 0.265034 25 0 341 1.0867995 -0.09037353
123 61.427324 275.5797 0.70137596 0.7716174 0.013190658 25 0 1411 3.4803845 -1.3540681
124 117.92654 277.10813 0.60608856 0.82167925 0.31006114 25 0 429 1.1416626 -0.14384445
125 75.783202 284.78423 0.77527396 0.60392629 0.15444699 25 0 900 2.1600122 -0.83614051
126 375.97292 286.99938 0.65040806 0.26550974 -0.014048499 25 0 5943 17.034729 -3.0783381
127 188.71186 288.42089 0.65633436 0.067950459 -0.024721349 25 0 925 2.2992784 -0.90397889
128 67.400632 289.65737 0.59306383 0.27533216 0.088721312 25 0 1190 3.3673656 -1.3182257
129 95.604727 289.55463 0.663339 0.60314732 0.059410126 25 0 1153 3.0268869 -1.2024905
130 350.25819 291.73472 0.55321351 -0.062928469 -0.0033895195 25 0 389 1.1620961 -0.16310512
131 481.6994 291.91773 0.71867537 0.14493295 -0.099867088 25 0 787 2.2969801 -0.90289309
132 20.041644 294.49959 0.57916833 0.45912896 0.065350757 25 0 488 1.487171 -0.43090229
133 164.44062 299.04317 0.61515035 0.30359976 -0.12332326 25 0 491 1.2347149 -0.22891668
134 79.128868 305.22782 0.70811549 0.20354157 -0.0032156648 25 0 1493 3.8736033 -1.4702879
135 426.94698 305.09611 0.67882166 0.22038686 0.1716466 25 0 414 1.2841438 -0.27153418
136 222.49417 310.83518 0.60021247 0.25618926 -0.041702857 25 0 803 2.1808644 -0.84657163
137 454.4351 310.65712 0.58155878 -0.1807446 -0.025129024 25 0 804 2.4223404 -0.96058794
138 141.79833 315.51606 0.64872651 0.6456139 0.15221952 25 0 3409 9.2999505 -2.4212016
139 2.1589692 317.28707 0.68717923 0.27713558 -0.06294135 25 0 1032 2.6357017 -1.0522407
140 17.870285 317.30009 0.69165219 0.21141119 0.077010718 25 0 2523 6.8125686 -2.0832772
141 334.12415 327.05386 0.6891859 0.17260714 0.00018019986 25 0 658 1.7344922 -0.5979309
142 24.412883 334.51713 0.65508687 0.77877172 0.067796122 25 0 4468 12.086974 -2.7057939
143 291.58808 334.476 0.63853504 0.85337006 0.093897735 25 0 480 1.2503902 -0.24261387
144 384.21293 334.69833 0.55509614 0.12820357 0.0097071859 25 0 421 1.3415232 -0.31899548
145 34.61818 335.40149 0.64915962 0.80270301 0.15622557 25 0 11343 31.105323 -3.7320868
146 267.62868 335.97803 0.59889427 0.20471422 -0.12753351 25 0 852 2.3889348 -0.94551072
147 80.832765 336.51965 0.69446903 0.16883401 0.056068871 25 0 993 2.4814 -0.98674195
148 492.56902 342.50539 0.66807329 0.08378635 0.32493569 25 0 769 2.1059084 -0.8085987
149 364.46883 348.36239 0.46842513 -0.041653783 0.00045023239 25 0 513 1.7640121 -0.61625392
150 243.78661 352.06077 0.66442991 0.19147848 -0.059855859 25 0 5635 15.639639 -2.9855668
151 25.826349 354.43765 0.63075296 -0.0056767486 0.19901896 25 0 795 2.1982358 -0.8551857
152 385.86611 353.40597 0.5788409 0.60834697 0.10366224 25 0 946 3.0171726 -1.1990004
153 497.27702 353.94776 0.60163043 -0.066135249 -0.0072749083 25 0 293 1.2194884 -0.21544421
154 16.3341 354.98366 0.62683247 0.27425347 0.11462366 25 0 487 1.397795 -0.36360869
155 302.68486 356.01908 0.64164373 0.23534819 -0.09156558 25 0 25638 72.311499 -4.6480184
156 26.090097 358.28785 0.73913384 0.18536866 0.20451233 25 0 1534 3.9435011 -1.4897049
157 27.303804 361.64327 0.66981716 -0.43884175 0.15376964 25 0 595 1.5743315 -0.49274047
158 418.60911 363.12787 0.57720396 0.42335664 -0.15364753 25 0 1601 4.995504 -1.7464483
159 230.06935 365.09404 0.65766242 0.27769918 -0.011964466 25 0 1708 4.743113 -1.6901587
160 282.11756 366.31205 0.66427568 0.36460083 0.027982954 25 0 2829 7.8971776 -2.2436798
161 99.680648 367.84594 0.68973004 0.36584364 -0.054736341 25 0 5342 14.563022 -2.9081288
162 142.81877 368.62832 0.58494596 0.12171012 0.10116566 25 0 406 1.0913976 -0.094957521
163 431.68001 367.41366 0.59151289 0.63509691 0.16373823 25 0 869 2.7436315 -1.0958144
164 503.32516 369.51743 0.64577006 0.67221949 0.10788161 25 0 8033 22.495391 -3.3802339
165 26.873947 371.02887 0.77418933 0.1828241 0.07200022 25 0 666 1.759145 -0.61325409
166 7.2924234 374.60527 0.58221687 0.14225229 -0.017867005 25 0 667 1.9479198 -0.72392767
167 369.99679 380.56288 0.60995191 0.34313997 0.11344124 25 0 3147 9.2236387 -2.4122557
168 78.890617 381.99312 0.71479328 0.2688746 -0.030508428 25 0 4192 11.251367 -2.6280132
169 124.62987 383.5007 0.71252876 0.38530076 -0.00051500001 25 0 580 1.3873913 -0.35549743
170 231.3985 384.81605 0.60930833 0.45768556 -0.11018039 25 0 552 1.4192866 -0.38017523
171 488.01908 386.05592 0.79697681 -0.48184508 0.53264113 25 0 603 1.565038 -0.48631223
172 104.36184 386.57983 0.55848561 0.22454226 -0.13859233 25 0 371 1.1919512 -0.19064616
173 9.1699288 387.93046 0.66410389 0.17177988 -0.012939071 25 0 1002 2.8318134 -1.1301616
174 148.60009 387.87579 0.65856676 0.27174463 -0.096484565 25 0 1501 4.1248572 -1.5385223
175 459.39497 389.86397 0.63619021 0.080538625 -0.022027378 25 0 2368 7.0292091 -2.1172662
176 488.66832 389.34998 0.60636056 0.64995019 0.18539704 25 0 1659 4.9993739 -1.747289
177 64.30194 392.98519 0.6916898 0.076683609 -0.059370054 25 0 667 1.7655913 -0.61722547
178 250.64165 397.77313 0.66625405 0.41958421 -0.046507 25 0 7893 21.756104 -3.3439528
179 381.10576 399.74496 0.63357405 0.093939231 -0.023073871 25 0 702 2.1585659 -0.83541329
180 279.7604 405.23258 0.62024702 0.55516157 -0.14446115 25 0 586 1.7050753 -0.57935891
181 416.70398 404.83382 0.61585746 0.078573752 -0.12394314 25 0 502 1.7202033 -0.58894945
182 7.390187 409.18163 0.52713825 0.10755519 -0.18764995 25 0 796 2.5893869 -1.0329924
183 277.12589 408.94191 0.64805366 0.30668873 -0.060727801 25 0 2097 6.1604362 -1.9740287
184 498.62887 409.03961 0.62241893 0.68597541 -0.32633359 25 0 339 1.3409845 -0.3185594
185 109.07493 414.43957 0.62741701 0.52350702 0.043068385 25 0 857 2.3377625 -0.92200098
186 133.18406 415.82285 0.66124541 0.22171799 0.031163507 25 0 2273 6.4023563 -2.0158496
187 308.92041 425.86679 0.76571353 0.2548646 -0.22746681 25 0 497 1.3508452 -0.32651393
188 190.02046 427.41732 0.57909621 0.16167846 0.10514353 25 0 335 1.0690263 -0.072470992
189 218.69187 432.80103 0.55674703 0.7157807 -0.11643397 25 0 377 1.2490581 -0.24145662
190 183.9887 433.87721 0.69951679 0.29735132 -0.01520241 25 0 2443 6.7097836 -2.0667713
191 157.51239 434.72164 0.59055278 -0.19479495 -0.13744357 25 0 923 2.7642938 -1.1039605
192 186.7468 436.50476 0.66114226 0.16118483 -0.075943507 25 0 360 1.0505986 -0.053592003
193 257.23673 437.14921 0.67688177 0.20228232 -0.095475978 25 0 1117 3.073695 -1.2191519
194 369.73348 438.98126 0.69073972 0.16932768 -0.10964232 25 0 3337 9.3143022 -2.4228758
195 270.25131 441.6435 0.63193832 -0.087837297 0.07297241 25 0 1113 3.1975863 -1.2620557
196 116.40247 443.5592 0.55365156 -0.033672834 0.0092145358 25 0 11861 36.287689 -3.8993983
197 502.16861 453.42576 0.67288582 0.43264263 0.099003843 25 0 2016 5.8919464 -1.925647
198 404.50912 455.96697 0.59205355 0.22602772 -0.040067464 25 0 256 1.0016182 -0.0017554716
199 336.32671 457.08906 0.70931992 0.18373149 -0.029135384 25 0 696 2.0810305 -0.79569611
200 387.30756 462.05029 0.70562833 0.27049892 -0.1137716 25 0 1303 3.7005969 -1.4206795
201 81.456852 463.21041 0.6801459 0.44081918 -0.11014925 25 0 5667 15.55901 -2.9799549
202 174.48486 464.28525 0.63660911 0.44848014 -0.081526328 25 0 1065 3.0228702 -1.2010488
203 452.79441 465.54963 0.45316075 0.51542057 0.026208136 25 0 58644 193.51195 -5.7167695
204 430.13277 467.88722 0.72042914 0.13647224 -0.18419872 25 0 296 1.0116131 -0.012536129
205 236.15782 472.36943 0.68629618 0.42164863 0.060442351 25 0 5050 13.783381 -2.8483894
206 454.11187 473.2882 0.70214867 0.41208367 0.22121827 25 0 409 1.1933531 -0.19192246
207 367.78304 474.06618 0.66201964 -0.27103261 -0.10237331 25 0 579 1.8139705 -0.64657555
208 139.27377 476.22924 0.59729478 0.3642705 -0.15166068 25 0 426 1.4406757 -0.39641556
209 286.23791 475.67868 0.60684297 -0.15174391 -0.0064950433 25 0 2887 8.5003311 -2.3235896
210 363.57621 480.8981 0.48858083 0.27345735 -0.08768162 25 0 314 1.3387423 -0.3167425
211 164.35229 481.6607 0.61855308 -0.067533176 0.013886719 25 0 775 2.1632632 -0.83777339
212 89.189399 487.05464 0.69389242 0.39716475 -0.020881916 25 0 1228 3.4680454 -1.3502119
213 141.26914 503.73369 0.71569929 -0.20546188 0.23210487 25 0 598 1.6608507 -0.55082647
214 186.39639 503.85729 0.68228041 -0.16738623 -0.34690523 25 0 468 1.3149306 -0.29725712
215 142.1246 507.57875 0.57562418 0.45330103 0.16700387 25 0 611 1.7064006 -0.58020246
216 188.59288 510.77426 0.76873605 -0.47207101 -0.55739012 25 0 843 2.1873863 -0.84981374
