id xcentroid ycentroid sharpness roundness1 roundness2 npix sky peak flux mag
1 365.56211 0.66266914 0.52088324 0.53689049 -0.075570581 25 0 302.23031 1.4882202 -0.43166796
2 337.83841 3.3589358 0.75493842 0.16223492 0.2602368 25 0 927.94317 3.6031021 -1.3916914
3 346.89362 5.6694985 0.46445994 0.078790687 0.13748172 25 0 348.71502 2.0774823 -0.79384332
4 469.41657 6.4343181 0.40139668 0.46631526 0.17545063 25 0 407.18306 2.3555284 -0.93022085
5 4.077552 11.444949 0.81001901 -0.33641697 0.26851487 25 0 480.01085 1.8127806 -0.6458631
6 149.62943 10.664502 0.58707439 0.15867711 0.21741826 25 0 556.06933 2.6500964 -1.0581542
7 375.41847 11.871723 0.57056202 0.033306631 -0.0033197117 25 0 777.99689 3.6341053 -1.4009938
8 64.635367 12.824961 0.64636481 0.041485487 0.0219694 25 0 14978.177 65.673618 -4.5434774
9 12.232872 14.492603 0.71421094 -0.24540966 0.21833049 25 0 6033.4635 24.485631 -3.4722783
10 448.93522 14.919193 0.6626273 0.22151052 0.11932201 25 0 905.39352 3.8915988 -1.4753202
11 508.02913 14.752247 0.65415581 0.069536525 0.13768125 25 0 29769.141 130.22495 -5.2867355
12 465.96809 15.876022 0.53629993 0.16026441 0.46578886 25 0 285.014 1.5916447 -0.50461534
13 52.821303 18.069591 0.38138259 0.31787506 0.24133252 25 0 146.35193 1.1832035 -0.18264863
14 374.51873 20.164822 0.44452243 0.77523749 -0.070608472 25 0 256.38855 1.4040965 -0.36849238
15 375.70572 25.602873 0.59099795 -0.56761808 0.20022639 25 0 233.95582 1.1848507 -0.1841591
16 17.938583 26.323841 0.82485838 0.01453281 0.44569069 25 0 392.95502 1.529016 -0.46103007
17 253.56573 30.332662 0.55816878 0.69343113 -0.089398354 25 0 287.30084 1.2676119 -0.25746577
18 394.72948 33.378237 0.66396406 0.006657939 0.088411718 25 0 572.19202 2.2911406 -0.90012935
19 465.74256 32.819325 0.62512775 -0.3079905 -0.005075782 25 0 275.36114 1.3132655 -0.29588132
20 494.38744 33.452081 0.63080175 0.20314735 0.16139348 25 0 392.0919 1.7227647 -0.5905649
21 166.91893 36.430631 0.58084377 -0.42027773 -0.017039539 25 0 468.73467 2.4495582 -0.97271941
22 153.89795 40.524276 0.62570542 -0.28445603 0.29364835 25 0 604.63818 2.6949002 -1.0763567
23 226.98141 41.445787 0.6646493 0.055169175 0.2475644 25 0 1235.2532 5.1617758 -1.7819978
24 246.54701 42.291151 0.56709943 0.20312913 -0.074679712 25 0 2065.0485 9.3131365 -2.4227399
25 459.57058 41.891735 0.69485476 0.8816179 -0.038797422 25 0 263.60404 1.0728442 -0.076341672
26 387.15175 43.333995 0.66627725 -0.23456259 0.20191031 25 0 520.56177 2.1325984 -0.82227268
27 365.01567 44.309412 0.29873623 -0.071601769 0.079777527 25 0 58902.949 331.85228 -6.302362
28 430.86955 44.066057 0.62206302 0.13764834 0.30964395 25 0 308.47095 1.4353327 -0.39238143
29 106.83281 44.699586 0.62299745 -0.72703868 -0.33494945 25 0 482.00133 2.1808565 -0.84656775
30 290.24577 44.652387 0.80547021 -0.56195087 0.18085475 25 0 359.80842 1.3205525 -0.30188921
31 151.66567 46.56202 0.59804079 0.35232698 0.12670967 25 0 4826.7799 21.737782 -3.3430381
32 194.69263 47.183717 0.57250179 0.81670674 -0.35392465 25 0 342.53668 1.6376364 -0.53554369
33 440.75358 47.709608 0.64849368 0.22341149 -0.015599086 25 0 1061.89 4.5446901 -1.6437607
34 85.250377 48.898576 0.6406201 0.20057002 -0.092096902 25 0 333.02346 1.5671232 -0.48775788
35 274.00695 51.954578 0.63176491 -0.097586587 -0.093211808 25 0 306.55692 1.3545923 -0.32952149
36 287.42123 53.256369 0.40402097 0.42923142 0.49034401 25 0 285.25312 1.5430922 -0.4709797
37 441.41685 53.156768 0.53664291 0.188637 0.10906697 25 0 268.48509 1.3963016 -0.36244809
38 510.87113 53.610258 0.77709665 0.07977609 0.55925051 25 0 812.01668 3.315433 -1.3013506
39 92.789246 53.882564 0.838946 0.34340862 -0.057925744 25 0 332.50399 1.1943323 -0.19281298
40 334.77275 54.744112 0.59882923 0.14016877 0.11042038 25 0 1629.8442 7.3824589 -2.1705026
41 182.65204 59.600799 0.6656771 0.17637598 -0.040829272 25 0 353.46144 1.4842547 -0.42877106
42 483.89723 61.199237 0.69540252 0.0068212904 0.11263564 25 0 1718.9199 7.1916918 -2.1420777
43 70.733663 62.608331 0.52712819 -0.81477378 -0.2637317 25 0 236.34367 1.1876916 -0.18675925
44 37.87747 65.547257 0.68123294 0.31531605 0.17982315 25 0 484.35751 1.9022847 -0.69818881
45 389.96214 65.372664 0.67496166 0.25866342 0.46074486 25 0 320.30294 1.2899328 -0.27641775
46 94.825809 67.385067 0.69733158 0.044200013 0.27311733 25 0 477.09541 2.0032746 -0.75435121
47 71.668982 67.744047 0.70317796 0.39973265 0.016897837 25 0 738.41676 3.0804578 -1.2215382
48 209.9943 67.856611 0.56002537 0.321708 0.28114132 25 0 291.92087 1.3354861 -0.31409845
49 473.48277 68.132243 0.61116781 0.0079950201 -0.049452417 25 0 1550.3711 6.9542069 -2.105619
50 152.81102 69.44477 0.65443576 0.44374303 0.33319387 25 0 460.04034 2.0065263 -0.75611215
51 38.093537 69.361886 0.76298303 -0.1021211 0.42772735 25 0 587.92722 2.3526665 -0.9289009
52 458.77218 69.677141 0.64633078 0.15347593 0.24422083 25 0 670.0693 3.0580462 -1.2136101
53 76.931617 71.904362 0.61887562 -0.21682294 -0.1985214 25 0 312.42941 1.5513471 -0.47677243
54 96.014745 72.495256 0.66959999 0.062244051 0.25786837 25 0 1775.0278 7.5253899 -2.1913225
55 165.80034 75.079957 0.76414637 -0.095132395 0.087863481 25 0 314.72001 1.2545808 -0.24624656
56 509.29657 76.624809 0.62297136 -0.093398127 0.18672958 25 0 942.35927 3.9899255 -1.502412
57 2.1193436 78.226203 0.78772421 0.20978719 0.28090787 25 0 507.66797 1.9599574 -0.73061658
58 391.16244 80.868924 0.64544905 -0.032617748 0.092621967 25 0 3613.5651 15.807731 -2.9971738
59 11.430972 83.605144 0.61700008 -0.38318082 0.026703712 25 0 703.59766 3.0770503 -1.2203365
60 160.09475 84.354219 0.60675653 -0.25337031 0.25341377 25 0 474.53565 2.1877924 -0.85001526
61 475.77837 85.882448 0.78044351 -0.44134847 -0.26839967 25 0 345.85403 1.4258896 -0.38521472
62 132.4467 88.055378 0.65300721 0.060518558 -0.019129319 25 0 582.77101 2.4802376 -0.98623322
63 184.99953 88.093227 0.85978317 0.51939477 0.10522804 25 0 410.79333 1.5058951 -0.44448677
64 273.87891 91.281489 0.44859821 -0.43686413 0.12998152 25 0 186.06785 1.0514179 -0.054438432
65 195.41385 94.704356 0.56798962 -0.095137743 -0.11709339 25 0 456.9424 2.0996617 -0.8053733
66 324.16273 95.185991 0.67631426 -0.24262373 0.09157146 25 0 1387.6609 5.8612331 -1.9199725
67 328.12924 96.99766 0.60162903 -0.32009638 0.0059697672 25 0 1577.3832 7.2032618 -2.143823
68 226.48124 98.200527 0.57658095 0.17991858 0.017148932 25 0 1546.0922 7.1072789 -2.1292584
69 407.60013 100.11024 0.60493757 0.14322275 0.58487403 25 0 210.08527 1.0829202 -0.086491116
70 93.963386 102.49702 0.63542878 -0.032124965 0.21790671 25 0 3560.2839 15.375576 -2.9670785
71 156.0789 101.96018 0.55390928 -0.3738738 0.031258425 25 0 423.91681 2.1981403 -0.8551385
72 102.15948 103.62109 0.77307248 0.11200747 0.20024783 25 0 367.45604 1.4336704 -0.39112333
73 337.17028 104.00284 0.55539993 0.30695028 -0.041200393 25 0 311.34884 1.5714148 -0.49072711
74 372.85758 113.29345 0.71432894 0.05687663 0.16130043 25 0 643.83967 2.5797603 -1.0289484
75 259.52842 115.51405 0.52319736 0.49378494 0.061581784 25 0 13423.687 62.626925 -4.4919027
76 276.95077 115.43577 0.64396627 0.088485948 0.28401127 25 0 1063.9448 4.5780659 -1.6517051
77 343.55369 116.37749 0.60124077 -0.28031906 0.10425086 25 0 1090.971 4.8511188 -1.7146048
78 286.97412 116.84809 0.66341878 -0.026791856 0.063248269 25 0 2073.4998 8.8478841 -2.3670986
79 488.97532 117.84137 0.61477196 -0.32851738 0.024552069 25 0 509.84536 2.3553124 -0.9301213
80 138.43235 119.14893 0.55462383 0.040694854 0.20545592 25 0 443.33161 2.2727213 -0.89136545
81 239.11752 118.63231 0.57150735 0.0034857612 0.10122674 25 0 503.95475 2.5068701 -0.9978296
82 354.01096 118.86493 0.62540074 0.31101092 0.18380682 25 0 283.41631 1.4639074 -0.41378401
83 193.09097 120.33619 0.47807983 0.40302866 0.28334125 25 0 287.16267 1.3521874 -0.32759217
84 91.12372 120.57959 0.62217831 -0.15903909 0.11501293 25 0 633.95997 2.9179811 -1.1627062
85 190.84555 122.17606 0.68839718 -0.067165877 0.074993083 25 0 2309.7355 9.5778862 -2.4531742
86 23.402817 124.01692 0.710659 -0.29907842 -0.088512706 25 0 475.14154 1.9440088 -0.72174555
87 214.77131 127.46776 0.60506634 0.37426026 0.20904825 25 0 1656.5669 7.124964 -2.1319567
88 45.996557 129.37554 0.72196095 -0.028047938 0.18184498 25 0 1469.3919 5.9540929 -1.937039
89 18.320455 130.03601 0.62280079 -0.17602909 0.097794567 25 0 390.60106 1.7252113 -0.59210572
90 292.19664 130.61385 0.52485415 0.08779397 0.2433592 25 0 398.96096 1.9828855 -0.74324407
91 348.26138 135.08089 0.57613814 -0.36177276 0.19109102 25 0 201.04225 1.015366 -0.016556547
92 309.58382 136.81796 0.55132815 -0.36931022 -0.16271305 25 0 226.9617 1.1721055 -0.17241671
93 434.79915 138.6419 0.61555647 0.27463593 0.14198363 25 0 12496.463 55.81194 -4.3668178
94 423.24741 141.93175 0.34038043 -0.54918268 0.21088703 25 0 204.52863 1.2386447 -0.23236691
95 337.6434 144.45215 0.66315214 -0.26699724 0.10543767 25 0 3004.0731 12.300029 -2.7247653
96 53.325788 145.50218 0.65279359 -0.13055252 0.12689492 25 0 749.26 3.2330844 -1.2740426
97 133.042 147.46383 0.60815714 -0.54383172 0.089300695 25 0 243.09245 1.1893095 -0.18823722
98 36.334075 149.61025 0.64992921 -0.26361367 0.15199072 25 0 651.04225 2.8289938 -1.12908
99 136.07879 158.8717 0.72728998 0.092069884 0.08511125 25 0 550.97026 2.0948008 -0.80285682
100 424.78461 160.25346 0.65061459 -0.087041675 0.10922689 25 0 54266.309 232.29031 -5.9150777
101 464.06897 163.72793 0.65615076 0.47487777 0.36768383 25 0 593.14307 2.6010622 -1.0378768
102 245.1216 164.49486 0.44080639 0.071050998 0.30245776 25 0 429.71127 2.2120963 -0.86201005
103 192.18841 167.95924 0.7087852 0.25979305 0.041621257 25 0 325.67996 1.2759817 -0.26461112
104 72.050941 171.68752 0.72328556 -0.039059518 0.14562225 25 0 428.79588 1.7126516 -0.58417254
105 181.01602 171.88544 0.71879328 0.17927794 0.29373062 25 0 264.47819 1.0300203 -0.032114412
106 385.15503 172.52696 0.54920453 0.11264421 0.29708573 25 0 488.25519 2.4585429 -0.97669446
107 264.79288 172.89017 0.6545368 0.23164301 0.068886789 25 0 1935.3774 8.1953602 -2.2839201
108 202.87438 173.69588 0.69466877 0.2710523 0.14039233 25 0 1119.244 4.6244678 -1.6626544
109 452.38757 174.58166 0.63603115 -0.46379176 0.17889411 25 0 353.49932 1.5588833 -0.48203403
110 40.231386 175.57131 0.73807893 -0.35909626 0.013619947 25 0 266.03754 1.1452411 -0.14724229
111 191.3739 176.36243 0.58065139 0.24849632 0.10647811 25 0 1437.0108 6.4057897 -2.0164317
112 459.99256 181.21612 0.66208374 0.012946342 0.12659965 25 0 3158.0262 13.755265 -2.8461724
113 55.495796 182.37255 0.43259633 0.4463286 0.15958352 25 0 593.61197 3.3585473 -1.3153787
114 153.67166 182.45815 0.66283243 -0.069640126 0.22879296 25 0 1764.9071 7.1456838 -2.1351095
115 449.91915 183.36434 0.59944799 -0.0025156395 0.16796144 25 0 567.32914 2.6605975 -1.0624479
116 28.942793 184.73881 0.55884107 -0.004764615 -0.12428387 25 0 315.71599 1.7196752 -0.58861605
117 265.46654 185.16416 0.63998678 -0.17534555 -0.065861244 25 0 1146.3229 4.9488253 -1.7362553
118 460.44044 186.24583 0.61285059 -0.2127661 0.099043296 25 0 914.4042 4.0408221 -1.5161743
119 228.00457 187.73347 0.70924453 0.095820879 0.10351406 25 0 858.84922 3.5459769 -1.3743398
120 110.21914 188.97341 0.66925017 -0.044018544 0.057172424 25 0 43723.121 188.35583 -5.6874477
121 159.97424 190.11619 0.62865326 0.32564081 0.17888406 25 0 451.16994 1.9739949 -0.73836505
122 291.66567 193.75439 0.36676993 -0.30816357 0.16074126 25 0 235.35623 1.4512911 -0.40438632
123 459.42431 194.05749 0.57209428 0.049222178 -0.15200241 25 0 385.35883 1.8906414 -0.69152294
124 430.42828 196.91861 0.65905513 0.32344989 -0.22938862 25 0 227.79366 1.1596821 -0.16084737
125 493.81094 198.05881 0.67373171 0.054703019 0.19421617 25 0 719.13247 3.1540314 -1.247165
126 387.82494 200.121 0.67779926 0.36285369 -0.045036499 25 0 303.81188 1.3371819 -0.31547626
127 420.69131 199.93709 0.64263923 0.056705447 0.11938987 25 0 368.41609 1.6530052 -0.54568555
128 206.85473 200.73369 0.53276389 -0.010669925 0.0055138323 25 0 562.98785 2.7424328 -1.09534
129 237.33991 201.80074 0.67131604 -0.22008921 0.080124046 25 0 381.60871 1.5501507 -0.47593482
130 444.99968 202.58822 0.4508028 0.12581891 0.27037429 25 0 254.14178 1.5233156 -0.45697474
131 105.3895 202.93508 0.7125066 -0.35802046 -0.069984254 25 0 616.03741 2.4698168 -0.98166185
132 508.45841 204.08605 0.54951133 -0.18653797 -0.027238228 25 0 613.99055 3.051777 -1.211382
133 186.02531 204.65958 0.94280874 -0.46293066 -0.040082576 25 0 342.84062 1.1202588 -0.12329591
134 454.31586 206.60832 0.47611243 -0.3460826 -0.01056648 25 0 233.44679 1.2532315 -0.24507824
135 3.4573821 210.94033 0.61485562 -0.089034772 -0.13752165 25 0 1815.8011 8.108411 -2.2723394
136 51.153105 212.33009 0.69857564 0.36642328 0.0055766023 25 0 504.78324 2.0695709 -0.78970075
137 53.295582 213.46339 0.61145825 0.68005127 0.046841806 25 0 449.55272 1.9485968 -0.72430498
138 373.7979 213.84354 0.82388973 0.39370682 0.11619304 25 0 271.25243 1.0508619 -0.053864163
139 464.32548 214.05862 0.6029285 -0.23723239 -0.16860655 25 0 1019.4924 4.5701312 -1.6498217
140 26.570267 215.48846 0.58182215 0.52911681 0.11738674 25 0 1636.359 7.5029967 -2.1880869
141 365.09721 216.39059 0.63828323 0.21768549 0.18823509 25 0 1556.4493 6.6980308 -2.0648678
142 295.33705 218.5603 0.59403308 -0.27894475 0.070476315 25 0 648.97563 2.8602726 -1.1410186
143 189.48165 220.05623 0.57581672 0.10011466 0.01869606 25 0 864.70181 3.7587323 -1.4376035
144 258.11896 223.29546 0.57119011 -0.25713178 -0.81092655 25 0 232.60358 1.1136446 -0.11686652
145 278.71859 225.35313 0.66957911 -0.20283835 0.095326055 25 0 2990.0452 12.44817 -2.7377638
146 390.94773 227.33684 0.66069769 0.034845476 0.17754935 25 0 4732.5729 20.129313 -3.2595724
147 24.137357 227.78104 0.79927082 0.0037938817 0.28336171 25 0 428.87319 1.5939967 -0.50621856
148 66.36217 227.92206 0.56209723 0.99057442 0.32260795 25 0 172.83187 1.0815068 -0.085073179
149 461.11634 227.88099 0.65992387 -0.013881928 0.10442246 25 0 15774.713 68.376382 -4.5872653
150 365.88207 229.61732 0.5789886 0.30041893 0.22938379 25 0 1066.2321 4.9376158 -1.7337932
151 191.13929 233.05426 0.58661137 0.66491681 0.060472912 25 0 286.15875 1.3873933 -0.35549895
152 219.1969 236.25867 0.5671236 0.050115946 0.080443182 25 0 670.05019 3.1359036 -1.2409068
153 279.30934 237.00993 0.67463399 0.023635469 -0.01783295 25 0 866.0331 3.5964177 -1.3896753
154 470.35732 239.50952 0.52775296 0.54297455 0.14079803 25 0 1654.9557 7.8351745 -2.2351217
155 69.697718 240.47438 0.59682314 -0.59806246 0.13386186 25 0 320.83605 1.5034999 -0.44275849
156 56.205168 243.12755 0.79043784 -0.60874249 -0.23746737 25 0 331.82913 1.225376 -0.22067344
157 467.2121 252.81109 0.64485135 -0.036218934 0.096693298 25 0 7978.8879 34.771377 -3.8530547
158 242.88638 253.70059 0.63937945 0.13162566 0.1396472 25 0 5298.2228 23.383019 -3.4222515
159 15.206121 254.70829 0.65248394 -0.090357492 0.051843953 25 0 1061.6522 4.6487034 -1.6683296
160 305.07505 256.00151 0.62511203 0.29693561 0.18403706 25 0 435.16942 2.0697838 -0.78981244
161 370.62336 262.33072 0.62638848 -0.07296737 -0.033971329 25 0 426.76865 1.9208939 -0.70875847
162 143.74645 263.91652 0.63665622 0.26317666 0.38910399 25 0 396.75986 1.7147612 -0.58550911
163 25.347974 274.90058 0.56009586 -0.34256607 -0.0282921 25 0 285.10063 1.4953617 -0.43686562
164 65.412956 274.85636 0.56937974 0.074210112 0.11099732 25 0 237.19179 1.0765532 -0.080088765
165 72.096991 274.50592 0.63288986 0.015886945 0.26724567 25 0 1412.3253 6.1945815 -1.9800299
166 128.78439 275.99165 0.56172908 -0.21229781 0.26568779 25 0 327.10577 1.6815124 -0.56425019
167 254.37199 282.64751 0.65626914 0.2484974 0.18493776 25 0 321.49693 1.4534975 -0.40603569
168 86.318367 283.67694 0.639926 -0.35880603 0.047206003 25 0 802.47774 3.4679733 -1.3501894
169 386.77938 285.78634 0.63910761 0.09300488 0.073740398 25 0 6021.5437 26.598665 -3.5621496
170 199.39559 287.3103 0.5974538 -0.54811037 -0.056428083 25 0 814.7652 3.6726446 -1.4124473
171 77.932918 288.60234 0.70853035 0.31159867 0.20685196 25 0 1327.6357 5.3446074 -1.8197895
172 106.22278 288.40579 0.63030736 -0.10019717 0.20592915 25 0 1077.7472 4.6869054 -1.6772155
173 361.3266 290.79013 0.59606169 0.050245387 0.16804228 25 0 295.41532 1.226107 -0.22132094
174 492.50447 290.46886 0.69882186 -0.91063429 -0.057136238 25 0 673.2739 2.7131445 -1.0836823
175 30.631558 293.77481 0.47347928 0.33126065 0.066363062 25 0 309.95011 1.686925 -0.56773941
176 45.829026 293.80957 0.77708507 0.78367481 0.24878398 25 0 266.61674 1.0428932 -0.045599618
177 108.74279 298.40282 0.61167811 0.26568117 0.16548054 25 0 299.27749 1.2730028 -0.26207339
178 175.45131 298.10887 0.5726879 0.39780948 0.067240933 25 0 399.30549 1.719664 -0.58860899
179 89.685378 304.19004 0.68359538 -0.19142273 0.038985333 25 0 1380.9788 5.7774955 -1.904349
180 437.55858 303.79306 0.57567694 -0.059139596 0.095522896 25 0 370.80837 1.7660633 -0.61751569
181 446.7401 307.15511 0.51196613 -0.69312344 -0.41657101 25 0 176.52154 1.0139002 -0.014988045
182 465.29786 309.31602 0.63280271 0.27200319 0.20279616 25 0 1097.0708 4.9219023 -1.7303325
183 233.2989 309.59726 0.66303646 0.067168469 0.32282684 25 0 788.97971 3.2725577 -1.2872183
184 152.42926 314.52932 0.6183458 -0.64894263 0.024774515 25 0 2867.9417 11.885689 -2.6875609
185 12.88953 316.287 0.76872825 -0.14931815 0.11820534 25 0 992.66875 3.6822662 -1.415288
186 28.425788 316.23387 0.64010643 -0.35870794 -0.079804845 25 0 2061.5275 8.6466864 -2.3421243
187 239.56967 317.42465 0.39910907 0.17818001 -0.017099005 25 0 167.43041 1.079743 -0.083301038
188 74.448638 318.72741 0.56315456 0.049937279 0.29363556 25 0 306.75354 1.3967834 -0.36282263
189 469.81282 323.46132 0.67198559 0.1218854 0.11768584 25 0 264.84487 1.0956133 -0.099143201
190 201.99122 323.98137 0.52739213 0.027380375 -0.030070333 25 0 312.75854 1.5118677 -0.44878445
191 344.85929 326.17602 0.65089484 -0.15846332 0.051720762 25 0 719.15306 3.0968665 -1.2273062
192 277.58504 329.1601 0.54168302 -0.20607928 0.012332934 25 0 286.90338 1.3437049 -0.32075976
193 35.048153 333.55025 0.62834823 0.16894489 0.27765124 25 0 4629.9543 20.285908 -3.2679861
194 302.24736 333.44274 0.64916834 0.21208053 0.16295772 25 0 551.49326 2.4145078 -0.95707151
195 45.271197 334.56358 0.58035565 0.32907992 0.2151975 25 0 11111.563 50.502869 -4.2582901
196 394.92096 333.67288 0.73287607 0.15937048 0.083579018 25 0 554.36888 2.2169833 -0.86440604
197 278.56285 334.93185 0.59431536 -0.46704325 -0.095002444 25 0 857.25494 3.8643009 -1.4676773
198 91.562475 335.56151 0.65660278 -0.84019888 -0.17970529 25 0 924.64133 3.5932309 -1.3887128
199 503.48196 341.14357 0.58362574 0.53424476 0.20947591 25 0 809.3262 3.3812238 -1.3226848
200 274.27939 344.57964 0.55495811 0.10578101 -0.097896065 25 0 298.29798 1.4958605 -0.43722774
201 375.39748 347.19463 0.61387459 0.42477029 0.11692144 25 0 710.17268 3.1322669 -1.2396469
202 254.50452 350.97224 0.62173113 0.0053169997 -0.075295145 25 0 5050.2773 22.073558 -3.3596809
203 61.996849 353.33695 0.61979312 0.13595614 0.9528695 25 0 291.40069 1.1862764 -0.18546474
204 396.65847 352.27107 0.7402053 -0.20258786 0.073775269 25 0 1133.9466 4.264044 -1.5745542
205 36.487968 353.53607 0.61311616 -0.75748213 0.053226943 25 0 700.12233 2.9092286 -1.1594446
206 325.67955 352.88488 0.80492413 -0.25479693 -0.13508198 25 0 303.43622 1.1750707 -0.17516001
207 508.11851 352.73827 0.8157904 -0.09575434 -0.009571085 25 0 385.03281 1.4044332 -0.36875272
208 27.016403 353.84572 0.66383066 0.068666773 0.10481301 25 0 530.70742 2.2753279 -0.89260996
209 9.1582851 355.57527 0.57074567 0.41753532 0.25839195 25 0 799.41146 3.709511 -1.4232916
210 313.52157 354.84621 0.59561228 -0.22654092 -0.094182625 25 0 23293.228 102.75277 -5.0294839
211 36.784475 357.30871 0.73564343 -0.28772922 0.22888556 25 0 1504.393 5.9474495 -1.9358269
212 171.84686 356.90778 0.58953483 0.29471584 0.30826662 25 0 255.61428 1.1132089 -0.11644163
213 458.10813 357.17104 0.65459106 -0.45881224 0.097062868 25 0 236.25289 1.0175674 -0.018907977
214 368.99228 359.11754 0.71711236 0.23169466 0.079435472 25 0 282.64568 1.2767162 -0.26523593
215 37.806395 360.75377 0.7004116 -0.58751822 0.18026078 25 0 611.46259 2.4820509 -0.98702671
216 429.40107 361.90467 0.65619301 -0.17974459 -0.010649712 25 0 2017.5734 8.6993728 -2.3487199
217 494.85207 362.26733 0.59018346 -0.79296832 -0.23043248 25 0 285.64822 1.3755344 -0.34617863
218 240.81164 363.96292 0.65538193 0.021751345 0.001074176 25 0 1704.5266 7.3921977 -2.1719339
219 292.92044 365.20041 0.64539709 -0.13285556 0.079295662 25 0 2984.7139 13.226326 -2.803598
220 442.5608 366.22799 0.6404784 -0.23194893 0.056441577 25 0 1094.4169 4.7572082 -1.6933804
221 110.44932 366.82817 0.63301724 -0.2335553 -0.051874016 25 0 4807.9003 20.944985 -3.3027001
222 3.0567217 368.25121 0.76122738 0.19750946 0.21774904 25 0 284.68435 1.0462292 -0.049067109
223 125.40394 367.91556 0.73400374 -0.29752036 -0.11563953 25 0 275.82156 1.1284632 -0.13121848
224 153.75565 367.56507 0.57573197 0.080454808 0.2472532 25 0 475.86048 2.134967 -0.82347792
225 37.415583 369.87615 0.58774428 0.11589231 -0.12562679 25 0 456.97741 2.1683212 -0.84030905
226 17.814548 373.76538 0.66405751 0.15291469 0.29854253 25 0 792.93084 3.3434673 -1.3104927
227 490.89603 375.76378 0.50500915 0.78732088 0.40139416 25 0 250.20609 1.4933062 -0.43537219
228 461.03397 377.62155 0.60958955 -0.42481128 -0.024048375 25 0 258.50383 1.1552414 -0.15668187
229 380.84092 379.43835 0.66344604 -0.18098405 0.19453754 25 0 3509.9699 14.838012 -2.9284393
230 89.569114 381.00841 0.62097235 -0.086088561 -0.05046862 25 0 3521.575 15.667025 -2.9874663
231 135.30712 382.57486 0.61622815 -0.38758236 -0.061706857 25 0 589.56466 2.6060432 -1.039954
232 242.14722 383.98281 0.65650218 0.49972677 0.19732864 25 0 669.44582 2.9588669 -1.1778136
233 498.87137 384.6281 0.69559243 -0.75028326 0.49424315 25 0 635.0384 2.5249457 -1.0056301
234 284.0741 384.64163 0.67232122 0.27115217 0.019200355 25 0 323.29085 1.3225252 -0.30350992
235 115.12778 385.74969 0.69419161 0.37849479 0.31870076 25 0 436.96346 1.8478151 -0.66664628
236 19.847415 387.01444 0.73268221 -0.082334739 0.11977128 25 0 1142.9263 4.6505705 -1.6687656
237 159.45563 386.88062 0.61060964 -0.14970431 -0.06628749 25 0 1378.2097 6.1715875 -1.9759922
238 499.5914 388.16876 0.66198593 -0.23120405 0.022789186 25 0 2238.6712 9.6837431 -2.4651081
239 470.21351 388.49971 0.68477101 -0.23665629 0.2466563 25 0 2552.8408 10.634934 -2.566837
240 74.911119 391.96591 0.73271807 -0.16058334 0.14745643 25 0 684.08031 2.7548107 -1.1002294
241 31.512303 396.39258 0.44799525 -0.066122415 0.11986939 25 0 202.39453 1.1639733 -0.16485754
242 261.47949 396.70016 0.6207807 -0.34927368 -0.021995627 25 0 7034.6422 30.148085 -3.6981493
243 392.02248 398.55718 0.55617062 -0.09734535 0.15067238 25 0 661.98473 3.0725864 -1.2187603
244 188.22348 399.59608 0.71892366 -0.61206695 0.011676933 25 0 315.90607 1.2829629 -0.27053525
245 290.47047 404.07473 0.58208681 -0.014134305 -0.15506546 25 0 619.94312 2.7326353 -1.0914542
246 427.49107 403.57299 0.62455531 -0.40329239 0.021751038 25 0 526.2254 2.2340121 -0.8727138
247 37.148882 406.18292 0.52852787 0.1722546 0.5264955 25 0 232.13377 1.1918309 -0.19053664
248 18.184061 408.12562 0.74379261 0.11448687 0.1894237 25 0 1074.3725 4.1903882 -1.5556356
249 287.92071 407.77746 0.65366015 0.036949855 0.15089517 25 0 2082.1882 9.0816186 -2.3954081
250 306.10271 407.60412 0.77416157 0.065278522 0.10728744 25 0 388.68794 1.4884503 -0.43183584
251 509.62233 407.98879 0.57000805 -0.022281779 -0.045189154 25 0 413.96039 1.9830853 -0.74335346
252 119.91967 413.4239 0.67913866 0.16344105 0.28531629 25 0 928.78142 3.763036 -1.4388459
253 143.92332 414.84358 0.64499678 0.011793722 0.08895823 25 0 2342.2658 10.31923 -2.5341183
254 319.81565 424.56972 0.59478786 0.57427624 0.32820448 25 0 421.36063 1.9720527 -0.73729629
255 200.47326 426.55661 0.49738192 -0.67049038 0.12528885 25 0 316.31358 1.6352624 -0.53396866
256 229.28591 431.55767 0.46786709 -0.82444969 -0.39515047 25 0 286.79525 1.3885844 -0.3564307
257 194.68644 432.74139 0.60054826 0.12454664 0.044156347 25 0 2063.4765 9.3372321 -2.4255454
258 416.97597 433.34409 0.68539635 0.28481457 0.10224021 25 0 374.59693 1.5250275 -0.4581942
259 168.20367 433.68387 0.64203048 -0.054531996 0.072029435 25 0 1060.8313 4.4762516 -1.6272862
260 209.4389 434.27638 0.60206491 0.48371176 0.2937677 25 0 284.79587 1.3943972 -0.36096627
261 267.97447 436.01127 0.69028726 -0.27006728 -0.035397777 25 0 1274.5742 5.3918292 -1.8293403
262 380.58285 437.74114 0.62141442 0.17393422 -0.0053500001 25 0 3177.1472 13.924509 -2.8594498
263 50.129836 441.20015 0.65324318 -0.13911816 -0.0094198687 25 0 399.16826 1.6980083 -0.57484955
264 281.02939 440.39721 0.70392192 -0.1427129 0.27453013 25 0 1181.5074 4.6673522 -1.6726764
265 127.14058 442.54538 0.67579796 -0.074549267 0.18709224 25 0 14439.559 60.520999 -4.4547652
266 499.01308 449.02717 0.79251724 0.18232339 0.17192083 25 0 432.47068 1.6450937 -0.54047659
267 247.99736 450.07779 0.62571925 0.013244062 0.020416181 25 0 370.57496 1.6122217 -0.51856193
268 289.15823 453.5841 0.41415771 -0.066336349 0.14486342 25 0 185.26854 1.2571312 -0.24845154
269 415.51008 454.68061 0.75902336 -0.62302543 -0.014395543 25 0 364.98546 1.3515797 -0.32710412
270 347.0588 455.88906 0.6611338 -0.066788171 0.029720393 25 0 672.64206 2.8093459 -1.121513
271 471.34315 456.84335 0.71466937 -0.17297801 -0.072903631 25 0 431.77024 1.6918221 -0.57088675
272 398.15514 460.83649 0.71217187 -0.2122736 -0.02004431 25 0 1595.5409 6.5483605 -2.0403314
273 92.227948 462.25739 0.65159408 0.089242401 0.09158852 25 0 6013.018 26.190881 -3.5453753
274 185.19939 463.27798 0.60538364 0.11223103 -0.026925852 25 0 1211.1741 5.5865592 -1.867861
275 361.99367 463.71612 0.70185003 -0.093775662 -0.073045006 25 0 298.78472 1.0387131 -0.041239061
276 463.63923 464.42157 0.46533131 -0.38982207 0.08217963 25 0 60844.544 298.98427 -6.1891209
277 327.4911 465.22693 0.7000432 -0.17775538 0.11749168 25 0 372.42871 1.4701976 -0.41843929
278 1.0632842 466.77933 0.68998028 -0.19561146 0.12252115 25 0 1251.2451 5.3976552 -1.8305128
279 441.02905 466.7228 0.84462118 0.19986918 0.20182381 25 0 437.01105 1.598443 -0.50924291
280 25.746994 470.36651 0.73697813 0.14521049 -0.044971836 25 0 261.43646 1.019425 -0.020888183
281 246.97098 471.24699 0.67346569 0.0047844532 0.11531755 25 0 5517.7417 23.650759 -3.4346127
282 464.97211 472.01475 0.62684666 0.066046722 0.45181301 25 0 565.57526 2.3771106 -0.94012348
283 378.546 472.83604 0.6730094 -0.44387953 -0.19241166 25 0 608.27962 2.4141739 -0.95692137
284 281.42212 474.35328 0.66136047 -0.040533683 -0.019695196 25 0 288.10019 1.3224563 -0.30345335
285 297.09099 474.54777 0.62385939 0.049918032 0.23939167 25 0 3017.7275 13.044282 -2.7885505
286 150.20073 475.3796 0.61035348 -0.239563 -0.016383875 25 0 448.96925 1.9300538 -0.71392354
287 377.22446 473.83872 0.49360671 -0.65599222 -0.042505014 25 0 210.17819 1.0768735 -0.080411735
288 374.40236 479.64017 0.61927957 -0.74700042 0.0092016438 25 0 484.87462 2.1300536 -0.82097633
289 174.96602 480.52481 0.66920879 0.28722347 0.25955092 25 0 974.21949 4.2152611 -1.5620612
290 390.35006 482.33683 0.32430552 0.45149213 0.0039272874 25 0 145.23179 1.0801762 -0.083736559
291 252.89895 485.07929 0.4999345 0.64413944 0.40130782 25 0 269.33706 1.3609053 -0.33456975
292 99.938971 486.1264 0.68228811 0.016955444 0.13340203 25 0 1274.3614 5.4590023 -1.8427832
293 404.46852 485.60937 0.42986049 -0.076108556 -0.087035235 25 0 139.80488 1.0133799 -0.014430729
294 428.91982 495.29865 0.5224893 0.38342249 0.22521272 25 0 213.73964 1.2010278 -0.19888265
295 276.16733 495.57939 0.68868037 -0.41882775 0.052609932 25 0 457.41242 1.8143538 -0.64680493
296 186.21011 499.32647 0.53968263 -0.19154622 0.12029027 25 0 282.6697 1.3722959 -0.34361945
297 103.421 500.95492 0.90168922 -0.37351124 -0.11132797 25 0 422.15369 1.3485692 -0.32468308
298 152.06926 502.40859 0.68943303 -0.1020291 0.39111091 25 0 612.16509 2.3984963 -0.94984762
299 197.45055 502.79212 0.71139334 -0.39777814 0.022646106 25 0 539.36002 2.132564 -0.82225517
300 316.07475 504.9067 0.78011722 0.10444838 0.24177971 25 0 323.70732 1.1648718 -0.1656953
301 152.95903 506.38234 0.54746512 -0.17157892 0.1028107 25 0 646.29323 3.1220896 -1.2361134
302 94.240495 508.85708 0.70201964 0.024868683 0.1079601 25 0 302.6945 1.2190987 -0.2150972
303 199.42951 509.94782 0.59047523 -0.15140741 -0.2061391 25 0 841.47043 3.9850034 -1.5010718
