id xcentroid ycentroid sharpness roundness1 roundness2 npix sky peak flux mag
1 344.3308 0.35507446 0.77518386 0.40586625 -0.019191087 25 0 848.26985 3.4036612 -1.3298658
2 353.23872 2.3248366 0.57837228 0.25458391 0.23088252 25 0 390.68002 1.8203919 -0.65041225
3 475.83272 2.9772718 0.63512851 -0.042081652 0.019644188 25 0 577.5902 2.5456135 -1.0144812
4 2.0287269 8.0666524 0.76872336 0.48747437 0.098089239 25 0 1161.1097 4.5118397 -1.6358842
5 10.41288 8.1652615 0.69082743 -0.074828441 -0.032120074 25 0 535.77457 2.1863426 -0.84929556
6 156.16284 7.6866133 0.64856639 -0.22230443 -0.0082790739 25 0 542.49904 2.3221655 -0.91473292
7 381.73895 8.5677196 0.67254234 0.52241508 0.082270133 25 0 843.8947 3.5787494 -1.3843282
8 71.205745 9.7237677 0.72987445 -0.11948822 0.098256559 25 0 16636.811 66.489748 -4.5568867
9 18.718776 11.389511 0.71508149 -0.18172318 0.13629829 25 0 6079.1656 24.445763 -3.470509
10 455.21589 11.459988 0.6253151 0.023506468 0.38121225 25 0 720.643 3.1743779 -1.2541466
11 0.75249022 12.893834 0.72761682 0.036781124 0.076213979 25 0 4322.6238 17.623162 -3.1152096
12 472.56457 12.969875 0.50892024 -0.15422298 0.014907035 25 0 238.12306 1.2807069 -0.26862438
13 380.71322 17.002493 0.75784641 -0.17122503 -0.071686556 25 0 414.13328 1.6321672 -0.5319116
14 382.01386 22.211247 0.79582144 0.68461448 0.10756235 25 0 327.32826 1.30347 -0.28775263
15 259.82233 26.640388 0.55061909 -0.35093541 0.27248777 25 0 306.49024 1.5408011 -0.46936644
16 472.00009 29.529704 0.76629658 0.575159 0.26504146 25 0 268.62196 1.1230945 -0.12604072
17 401.01575 29.978848 0.67143062 -0.012000131 -0.072039171 25 0 804.62838 3.5970062 -1.389853
18 500.80857 30.007475 0.46434613 0.003025822 0.052594559 25 0 410.23071 2.1710613 -0.84168023
19 173.62902 32.998457 0.73478365 -0.25902085 -0.092727466 25 0 495.29512 1.9894266 -0.74681981
20 145.09652 36.937046 0.8071014 -0.3899824 0.021324164 25 0 292.58478 1.0956417 -0.099171351
21 160.30844 37.182561 0.67181588 -0.28826837 -0.36470198 25 0 601.86563 2.5696437 -1.0246823
22 233.49373 38.230402 0.6025113 0.42691841 0.052300205 25 0 1136.5343 5.0064872 -1.7488328
23 465.75411 38.470825 0.56014492 0.35900301 0.42093149 25 0 328.49657 1.5106888 -0.44793754
24 252.91782 38.985866 0.73324489 0.076189763 0.050747331 25 0 2988.8697 12.007809 -2.6986594
25 393.53877 39.858006 0.8138525 0.51063048 -0.045257713 25 0 570.84581 1.9787469 -0.74097562
26 437.01599 40.193816 0.77454124 -0.10575616 -0.20564333 25 0 323.96441 1.2156708 -0.21203995
27 297.06712 41.394318 0.68980521 -0.20256954 0.029909724 25 0 349.64448 1.4235052 -0.38339764
28 371.53446 40.947789 0.35343873 0.010745461 0.18190389 25 0 59235.897 300.69408 -6.1953122
29 0.20138637 42.398719 0.8200918 0.20424985 0.38817184 25 0 737.83014 2.7527112 -1.0994016
30 113.19195 41.496757 0.66642399 -0.21786303 0.25350411 25 0 628.22022 2.7089599 -1.0820064
31 158.24731 43.383873 0.64654438 0.36147609 0.14508594 25 0 5305.8454 22.550373 -3.3828843
32 201.42841 43.828232 0.58778942 -0.1652374 -0.36158657 25 0 309.23881 1.4186028 -0.37965199
33 447.07152 44.324204 0.67675514 0.12324627 0.088671394 25 0 1228.05 5.0992042 -1.768756
34 91.775045 45.985582 0.68859073 -0.10513761 -0.25339658 25 0 280.36593 1.204165 -0.20171497
35 293.87531 49.975399 0.83320886 0.52224429 0.19532128 25 0 507.2244 1.8762939 -0.68325219
36 447.64715 49.708525 0.73293668 -0.051718799 -0.25782732 25 0 293.20454 1.0618807 -0.065189349
37 99.223973 50.498668 0.49939851 -0.21678841 0.1787238 25 0 245.40065 1.2572385 -0.24854421
38 341.159 51.456754 0.65355382 0.29027571 0.20406479 25 0 1713.5241 7.3676672 -2.168325
39 189.17188 56.244666 0.55961532 0.23304977 0.38856974 25 0 297.31908 1.5432167 -0.47106731
40 490.24038 57.904312 0.72226408 -0.049631328 0.045045586 25 0 1863.3814 7.381836 -2.170411
41 77.110789 59.432407 0.60826795 -0.40735787 0.26000741 25 0 298.1773 1.3772793 -0.34755502
42 396.24074 62.139089 0.54925067 -0.44006662 -0.25077405 25 0 335.89944 1.773618 -0.62215022
43 44.506436 62.132788 0.58390035 -0.55014556 0.6719019 25 0 398.20687 1.7771344 -0.62430066
44 78.259832 64.719758 0.55560978 0.46575819 0.24106665 25 0 545.5932 2.5789717 -1.0286165
45 101.57955 64.271435 0.54317495 0.31000136 0.048791874 25 0 391.18486 2.0134378 -0.75984553
46 216.32172 64.826057 0.5746009 0.38958606 0.21210433 25 0 288.27293 1.3429894 -0.32018144
47 479.843 64.874345 0.75498527 0.0015979466 0.065596332 25 0 2103.166 8.2981973 -2.2974594
48 159.21329 66.372096 0.68187271 0.171251 0.16037534 25 0 468.00088 1.9360755 -0.71730574
49 465.0881 66.658166 0.65388694 0.53657381 0.30161201 25 0 633.68803 2.6261122 -1.0482832
50 44.62307 66.318292 0.52127553 0.24598867 0.40161012 25 0 457.98835 2.4558119 -0.97548775
51 83.457717 68.777242 0.51438487 -0.10911157 -0.43106611 25 0 216.7688 1.1833669 -0.18279853
52 102.60076 69.480368 0.66774173 -0.48775001 0.034120137 25 0 1560.3383 6.2850322 -1.9957688
53 360.8658 70.545543 0.6710822 0.42192352 0.28257187 25 0 271.88245 1.1253536 -0.12822252
54 172.13996 71.691744 0.67608613 -0.268262 -0.010208544 25 0 256.14809 1.1295745 -0.13228724
55 8.7298881 75.121567 0.72876872 -0.19654284 -0.089028016 25 0 515.32952 2.1557098 -0.83397576
56 81.935213 77.101372 0.92809567 0.0036879389 -0.51331406 25 0 298.38023 1.0420942 -0.044767408
57 1.9516525 77.644665 0.69281982 -0.092991275 0.21048152 25 0 846.73135 3.6600541 -1.4087188
58 397.50986 77.400855 0.56093339 0.71163991 0.099543987 25 0 2789.8259 12.445047 -2.7374913
59 17.935363 80.578111 0.67854586 0.26608626 0.21914805 25 0 780.55244 3.282417 -1.2904844
60 166.62031 81.304475 0.59954188 -0.18851182 -0.26146189 25 0 489.48978 2.1977759 -0.8549585
61 481.98508 82.513984 0.72565387 0.60016222 0.24562137 25 0 302.48249 1.3349018 -0.31362326
62 138.96152 84.772978 0.65273271 -0.033288427 0.11089369 25 0 637.68233 2.717182 -1.0852968
63 191.61113 84.823786 0.67902921 -0.58889685 -0.42648006 25 0 377.45318 1.4871947 -0.43091955
64 201.95687 91.290743 0.65358737 0.71927138 0.34385024 25 0 478.33144 1.9685583 -0.73537071
65 330.59213 91.868203 0.63769412 -0.11209133 -0.066673528 25 0 1327.7702 5.6916155 -1.8880889
66 334.51409 93.695338 0.60694473 -0.045821022 -0.08708916 25 0 1414.9391 6.1101434 -1.9651285
67 0.10008766 95.466368 0.91628316 0.29612724 0.30942744 25 0 714.65036 2.5289169 -1.0073364
68 232.8221 94.867574 0.66070467 0.13798283 0.044550388 25 0 1920.814 8.3126852 -2.2993533
69 413.72408 96.458397 0.57958327 0.27050477 0.16922088 25 0 211.41808 1.0813769 -0.084942745
70 498.65978 98.154419 0.68157571 0.048780382 0.010927577 25 0 479.6139 2.1047798 -0.80801669
71 100.5134 99.201818 0.69151142 -0.4088403 -0.11374 25 0 3469.8798 13.871185 -2.8552839
72 162.66465 98.649935 0.65756401 0.40168834 0.11688478 25 0 466.8543 1.9584069 -0.72975733
73 108.68623 100.44226 0.52242306 0.4624838 0.10782722 25 0 319.41577 1.753711 -0.60989508
74 343.4747 100.72156 0.65349975 -0.71750034 -0.056086944 25 0 340.84375 1.4129729 -0.3753346
75 379.1893 109.89172 0.62758697 0.10422639 0.0039447267 25 0 670.92633 3.017206 -1.1990124
76 265.90779 112.06798 0.71070641 0.044037199 0.062236086 25 0 20618.774 84.601752 -4.8184484
77 283.32218 112.11765 0.71337002 0.47937686 0.089669924 25 0 1221.3075 4.8361297 -1.7112449
78 293.42604 113.53679 0.55957094 0.65822001 0.14213953 25 0 1569.7089 7.0939076 -2.1272138
79 349.97746 113.08394 0.6826126 0.14677988 0.031602326 25 0 1404.5543 5.9206606 -1.9309254
80 245.46369 115.19582 0.47606308 0.8281336 -0.053382636 25 0 431.21839 2.136949 -0.8244854
81 360.60211 115.81117 0.31292802 0.87933769 -0.11376425 25 0 119.48285 1.0030745 -0.0033329383
82 495.28331 114.46141 0.67677123 -0.23853761 0.42365402 25 0 514.85704 2.2092773 -0.86062557
83 144.93414 115.84192 0.70465627 -0.069286943 0.036087055 25 0 579.21755 2.4075334 -0.9539308
84 199.89334 117.21251 0.53313508 0.213208 0.38520813 25 0 358.85043 1.7289388 -0.59444905
85 97.777318 117.27931 0.71614608 -0.1247576 0.18142276 25 0 622.76159 2.5062079 -0.99754273
86 197.30916 118.86223 0.68683291 -0.01671469 0.0085531924 25 0 2337.0792 9.7045305 -2.4674363
87 29.740341 120.73751 0.7974089 0.22722611 0.017207227 25 0 563.99809 2.1576392 -0.83494706
88 221.20973 124.19342 0.67157436 0.062776346 0.039433258 25 0 1969.9229 8.1792212 -2.2817799
89 52.449351 126.08777 0.6238761 -0.23483412 -0.119735 25 0 1263.0598 5.5161017 -1.8540807
90 25.007987 126.78299 0.73682073 -0.15612615 -0.15265028 25 0 408.80149 1.6892941 -0.56926313
91 298.80789 127.28162 0.64628538 0.2098718 0.29122332 25 0 514.91058 2.2403257 -0.87577791
92 33.819603 128.28793 0.54910867 -0.18795074 -0.12868118 25 0 222.12318 1.250507 -0.24271533
93 441.24199 135.2562 0.64063689 0.28301986 0.092498015 25 0 12879.989 55.389101 -4.3585608
94 23.315742 135.61745 0.7525522 0.025068038 -0.27617773 25 0 250.5436 1.1355291 -0.13799566
95 429.68916 138.35728 0.56174896 0.19379312 0.096621514 25 0 312.89981 1.5172697 -0.45265694
96 344.02206 141.02294 0.72960061 0.10099793 0.071174924 25 0 3723.5182 14.926036 -2.9348612
97 59.8935 142.37783 0.68535378 0.14168981 0.16338881 25 0 841.379 3.5237956 -1.3675268
98 97.113335 144.48917 0.63547044 -0.26384676 0.3084574 25 0 257.14538 1.2052568 -0.20269902
99 42.908868 146.27431 0.69693443 -0.1029695 0.063447877 25 0 685.76567 2.8440773 -1.1348535
100 497.21964 145.85939 0.66465575 0.19308375 0.1660612 25 0 277.68296 1.3399616 -0.31773088
101 56.407211 155.558 0.793201 -0.011526053 0.056260353 25 0 239.38971 1.1093031 -0.11262557
102 142.65836 155.57555 0.68567033 0.54401281 0.054905548 25 0 403.24715 1.6534477 -0.54597615
103 431.19468 156.81048 0.67092694 0.076169489 0.090545025 25 0 56510.867 236.31157 -5.9337125
104 470.41343 160.13374 0.6171697 0.44880905 0.097443544 25 0 519.50994 2.3407108 -0.9233694
105 251.56497 161.01465 0.68505201 0.27086813 -0.077178307 25 0 546.06245 2.1880366 -0.85013646
106 164.41694 163.18678 0.72438146 0.10207449 0.33941678 25 0 236.40603 1.0421602 -0.044836227
107 198.74726 164.52478 0.56832184 0.35531932 0.12720745 25 0 517.59973 2.240332 -0.87578094
108 78.59588 168.49264 0.60833991 -0.88168199 -0.12238586 25 0 344.51235 1.6808123 -0.56379807
109 187.48717 168.52346 0.46890807 0.65087796 0.075959856 25 0 198.58629 1.0379022 -0.04039109
110 271.20026 169.55919 0.60423449 0.48196885 0.24383656 25 0 1602.4082 6.9477721 -2.1046139
111 391.38316 169.13185 0.53127896 -0.040990858 -0.155297 25 0 476.95953 2.3224223 -0.91485297
112 209.20826 170.31083 0.72128349 0.48390207 0.18239493 25 0 1009.4209 3.7830115 -1.4445942
113 458.56954 171.34931 0.60863927 0.22415149 0.23515201 25 0 352.20698 1.6342913 -0.53332368
114 46.841541 172.46097 0.75484166 0.052960038 0.30157145 25 0 292.01018 1.1656954 -0.16646269
115 197.84898 172.92416 0.72279248 0.15494316 0.047170174 25 0 1848.3728 7.2762562 -2.15477
116 66.938825 174.47069 0.49986054 -0.25169973 -0.30112462 25 0 196.21621 1.1889087 -0.1878713
117 0.83631 177.53441 0.66309271 -0.32599349 0.32582359 25 0 685.65489 2.9409348 -1.1712135
118 188.94206 177.19932 0.64052432 -0.2676019 -0.23391922 25 0 257.32735 1.1591271 -0.16032765
119 466.43316 177.82367 0.67695747 -0.16967905 -0.0058970428 25 0 2930.9535 12.00584 -2.6984814
120 62.003853 179.05504 0.71296902 -0.066514913 -0.006930903 25 0 974.84632 3.9006847 -1.4778521
121 160.08849 179.02476 0.72713973 0.35226053 0.13932404 25 0 2156.0863 8.4609716 -2.3185506
122 456.25584 180.03729 0.66600596 0.043064229 0.064601231 25 0 763.6524 3.2910536 -1.2933374
123 35.525236 181.30445 0.55785261 0.54363908 -0.01565911 25 0 214.02277 1.1102773 -0.11357861
124 271.98006 181.55736 0.63494732 0.12495398 0.19618687 25 0 1134.5218 4.873761 -1.7196606
125 466.78486 182.84616 0.71036245 0.096288052 0.12793379 25 0 1038.4954 4.1724556 -1.5509793
126 234.57182 184.51976 0.58948156 0.54736088 0.065202469 25 0 602.99678 2.4917681 -0.99126904
127 371.59947 184.93279 0.66812791 0.5011805 0.068571319 25 0 257.61089 1.1797239 -0.17945096
128 116.75889 185.47539 0.63047632 0.3870228 0.19588916 25 0 37857.853 162.51646 -5.5272434
129 166.41181 186.65239 0.48458331 0.032485589 -0.18388167 25 0 340.92278 1.6616978 -0.55138012
130 297.80818 190.47749 0.66833815 0.057948278 0.22472015 25 0 312.70336 1.1709219 -0.17131982
131 465.71664 190.82453 0.94481205 -0.012944671 0.15593376 25 0 503.15 1.6421076 -0.538504
132 500.41198 194.67089 0.67576405 -0.27788089 -0.051594178 25 0 674.93708 2.8298165 -1.1293957
133 427.2356 196.35803 0.54628507 0.63359157 0.45432831 25 0 292.36278 1.3153047 -0.29756596
134 213.4109 197.47212 0.49363423 0.63028075 0.18849744 25 0 465.24881 2.2689177 -0.88954688
135 394.42015 196.62108 0.5206472 0.60253205 0.028151005 25 0 217.5549 1.1189695 -0.12204566
136 243.81903 198.54834 0.67719794 -0.18260816 0.013833164 25 0 376.64798 1.4036391 -0.36813866
137 451.14744 199.04478 0.77124839 0.1697427 0.32195205 25 0 379.28113 1.5092954 -0.44693566
138 111.88505 199.54178 0.6172353 0.054180659 0.28806141 25 0 620.54949 2.7022516 -1.0793144
139 192.39597 201.29217 0.53979245 0.15749061 0.090274851 25 0 194.29544 1.0003053 -0.00033137259
140 460.75693 203.31057 0.72122053 -0.070343833 -0.0055147991 25 0 355.98536 1.4247133 -0.38431872
141 10.037193 207.56043 0.71368199 0.17524563 0.31930381 25 0 2226.3346 9.0174319 -2.3877072
142 57.721236 209.22736 0.35341418 0.56541775 0.32326993 25 0 229.64829 1.4196047 -0.38041856
143 59.817545 210.10644 0.67397739 0.41391947 -0.086083782 25 0 550.94482 2.2830976 -0.89631119
144 470.94488 210.71778 0.69546006 0.029804348 0.11864569 25 0 1257.426 5.2142781 -1.7929855
145 33.118587 212.11394 0.71187367 0.18728183 0.064782723 25 0 2217.7904 9.1753138 -2.4065523
146 371.50898 213.08137 0.66140633 -0.11091416 -0.13329304 25 0 1595.37 6.7485648 -2.0730286
147 301.68621 215.2367 0.67858249 -0.13748025 0.014823692 25 0 853.81138 3.5006934 -1.3603852
148 195.90385 216.56942 0.64730042 0.42525156 0.27660552 25 0 1022.1431 4.3712087 -1.6015038
149 265.69841 219.99129 0.64688137 0.47908102 0.38865029 25 0 267.11674 1.2381157 -0.23190311
150 285.14739 221.95944 0.68844337 0.10039143 0.064197551 25 0 3351.1763 13.989008 -2.8644673
151 30.73828 224.03715 0.67675906 0.044614295 0.06566216 25 0 383.96957 1.7045382 -0.57901683
152 397.39747 223.9386 0.67829083 -0.017598935 -0.036973471 25 0 4862.8251 19.994247 -3.2522626
153 467.48512 224.44101 0.55431283 0.67217443 0.092689409 25 0 11448.222 51.185058 -4.272858
154 372.33017 226.2557 0.60290405 0.30856302 0.075469468 25 0 1062.4216 4.6728446 -1.6739533
155 225.72853 232.86243 0.68505668 0.32553219 0.023293671 25 0 746.7019 3.1281109 -1.2382054
156 285.76688 233.57611 0.59724387 0.42511382 0.24082785 25 0 728.08646 3.2875251 -1.2921727
157 476.76015 236.00245 0.68053128 0.047210459 0.014967724 25 0 2236.2678 9.3850383 -2.4310901
158 76.182804 237.10581 0.84851463 -0.24305213 -0.018707842 25 0 561.12082 2.0871007 -0.79885853
159 62.733499 239.96157 0.52698376 0.2081427 -0.25845699 25 0 278.93438 1.5803914 -0.49691163
160 97.092569 247.62172 0.79023124 -0.01199374 0.20747629 25 0 322.45902 1.228225 -0.22319482
161 473.58723 249.46323 0.62875072 -0.28531379 0.095817679 25 0 6885.9713 28.691208 -3.6443721
162 249.39025 250.28074 0.6125428 0.35053778 0.020616962 25 0 4834.3134 21.015567 -3.3063528
163 21.716073 251.4043 0.72249502 -0.18577713 0.10066485 25 0 1020.2011 3.9788436 -1.4993922
164 311.161 252.38948 0.44456268 -0.0272746 -0.22895103 25 0 268.0669 1.4219219 -0.38218935
165 377.10842 258.87591 0.69981748 0.36015136 0.22809549 25 0 485.28686 1.9712844 -0.73687322
166 150.37141 260.68906 0.73928021 -0.15130681 -0.085308049 25 0 357.67808 1.3155323 -0.29775379
167 72.083478 271.30123 0.55965905 0.39274706 0.21381156 25 0 246.63637 1.1296457 -0.13235566
168 78.666495 271.23163 0.67006864 -0.22261931 0.022775631 25 0 1526.515 6.3677674 -2.009968
169 31.946644 271.38214 0.6665671 0.050973476 0.19172188 25 0 327.5517 1.3730353 -0.34420424
170 135.20264 272.89789 0.67487098 0.36384652 0.050473379 25 0 356.57337 1.535989 -0.46597027
171 108.35 274.13527 0.70733515 0.32447029 0.32262078 25 0 247.1203 1.0135751 -0.014639793
172 260.83787 279.34798 0.54583771 0.010204366 0.13199956 25 0 353.85783 2.0017856 -0.75354392
173 92.850436 280.3978 0.72061994 0.2711624 0.28903286 25 0 818.5994 3.2383183 -1.2757988
174 16.982579 280.90607 0.74555086 -0.26253261 -0.25428462 25 0 290.41973 1.1951339 -0.19354144
175 393.27817 282.42186 0.61963062 0.41799567 0.13771479 25 0 5444.7948 23.638067 -3.4340299
176 4.9737183 283.82048 0.60749986 0.21644765 0.24107175 25 0 372.20166 1.7556277 -0.61108109
177 205.90556 283.96282 0.70558604 0.11489848 0.030177083 25 0 991.1353 4.1874869 -1.5548836
178 84.591182 285.32392 0.56650503 0.3687627 -0.062607962 25 0 1072.8253 4.7569234 -1.6933154
179 112.74226 285.14763 0.69338947 0.056657178 0.011862832 25 0 1313.1466 5.4605557 -1.8430921
180 367.52568 287.24017 0.61966959 -0.47602395 -0.39562575 25 0 399.05207 1.7681064 -0.618771
181 498.99297 287.10357 0.72477829 -0.12160972 -0.03736597 25 0 895.80166 3.5579812 -1.3780091
182 37.033966 290.44357 0.57937758 0.049113434 -0.012892357 25 0 440.74183 2.117123 -0.8143652
183 115.19269 294.89243 0.66886129 -0.42533135 0.021743385 25 0 339.0089 1.4188934 -0.37987443
184 181.84161 294.73254 0.68865299 0.40487857 0.06988816 25 0 537.23496 2.2349647 -0.87317665
185 444.04053 300.34826 0.52920962 0.13767658 0.19629389 25 0 399.77873 1.9700872 -0.73621362
186 96.230428 300.83071 0.71098641 0.084048452 0.11118042 25 0 1446.8689 5.8351189 -1.9151243
187 146.999 302.89615 0.46049316 0.69074496 -0.45573106 25 0 195.1523 1.0485553 -0.051478373
188 0.58521569 305.32538 0.67577739 0.14150876 0.20008378 25 0 626.79533 2.6427739 -1.05515
189 239.79416 306.23613 0.61797601 -0.26632804 0.069063716 25 0 857.99052 3.9011691 -1.4779869
190 471.61023 305.99309 0.68617825 0.093084857 -0.026241338 25 0 1146.9267 4.7555097 -1.6929927
191 158.9783 311.12446 0.70749749 0.15816736 0.09009444 25 0 3957.3742 16.124969 -3.0187472
192 19.440209 313.06252 0.68390072 0.14190524 -0.076270418 25 0 965.84689 3.9239377 -1.4843053
193 35.007176 312.9663 0.73809007 0.12223403 0.088674216 25 0 2591.935 10.293859 -2.5314456
194 246.04954 314.17736 0.61595421 0.21232735 0.39022012 25 0 296.82336 1.5038792 -0.44303236
195 80.899133 315.14728 0.765858 0.54516977 0.19358867 25 0 402.79705 1.4906555 -0.43344319
196 476.22926 320.03424 0.66116803 0.65539596 -0.14764538 25 0 318.56612 1.3068572 -0.29057037
197 208.39499 320.72736 0.62922652 -0.83905322 -0.22952107 25 0 326.85376 1.3690915 -0.3410812
198 4.0262403 323.06855 0.70123207 0.031386604 3.7677519e-05 25 0 942.10317 4.0236205 -1.5115425
199 351.22539 322.61927 0.69758549 -0.011245758 0.13885089 25 0 635.64573 2.5941478 -1.0349868
200 284.40464 325.40372 0.65850175 -0.39843196 -0.0062638392 25 0 333.49274 1.4821728 -0.4272471
201 41.467448 330.18669 0.6584946 -0.1965168 -0.067186862 25 0 4568.6959 18.796832 -3.1852116
202 308.67434 329.96509 0.70539183 0.092867581 0.0061123542 25 0 635.01826 2.523293 -1.0049192
203 401.70724 330.14842 0.58738176 0.36401705 -0.054075173 25 0 445.08064 1.947089 -0.72346452
204 51.755174 331.13878 0.71721208 -0.05046152 0.047850188 25 0 13917.724 56.241582 -4.3751438
205 98.064071 332.27474 0.71903816 -0.23747311 0.19923778 25 0 1043.9443 3.9988422 -1.5048357
206 284.99597 331.48605 0.69258568 0.21672856 0.28145808 25 0 921.27144 3.6796875 -1.4145273
207 510.00455 337.85344 0.62049706 0.25869525 0.58406924 25 0 1021.1784 4.3833197 -1.6045079
208 280.97098 341.24754 0.56591615 -0.51527958 -0.12227572 25 0 383.5688 1.8713981 -0.68041543
209 381.87113 343.80563 0.74774501 0.50182607 0.067622638 25 0 859.92768 3.3102122 -1.2996396
210 38.916146 347.37307 0.78178329 -0.037790873 0.018728179 25 0 297.77105 1.181433 -0.18102275
211 276.71785 347.52109 0.49756003 0.18609039 0.095014465 25 0 174.06397 1.1175319 -0.12064982
212 261.04148 347.56872 0.68397296 0.14735245 0.19291 25 0 5655.0623 23.226567 -3.4149626
213 403.11312 348.9454 0.65151236 0.062159619 0.022355512 25 0 1160.2227 4.986402 -1.7444682
214 43.055347 350.20203 0.70567525 -0.40864033 0.14634836 25 0 951.57587 3.9210684 -1.4835111
215 33.402243 350.73303 0.57478082 0.22436026 0.14124873 25 0 384.42988 1.8055297 -0.64151156
216 15.747888 352.22896 0.67155139 0.096020003 0.13149233 25 0 902.08636 3.8220486 -1.4557405
217 319.97968 351.41198 0.64760338 0.27257934 0.26451451 25 0 24144.25 100.15326 -5.0016627
218 257.19949 352.91979 0.81602451 -0.0027732227 -0.01022515 25 0 304.96334 1.1714425 -0.17180239
219 43.238695 354.01739 0.75462543 -0.073490473 0.17696847 25 0 1444.8075 5.4633311 -1.8436438
220 178.53814 353.73259 0.4744447 0.44314383 -0.39977207 25 0 253.48042 1.4416946 -0.39718316
221 464.49068 353.56423 0.73857985 0.33133578 0.32000642 25 0 276.91543 1.0331613 -0.03542028
222 44.018005 357.07514 0.6487598 0.87696306 0.80816951 25 0 485.07898 1.762586 -0.61537582
223 383.61882 358.19556 0.61334295 0.20687626 -0.34238513 25 0 226.50791 1.1360271 -0.13847176
224 49.75163 358.94672 0.70847042 -0.51959262 0.11113759 25 0 300.36186 1.1248082 -0.1276962
225 435.82834 358.49237 0.64538048 0.23337688 0.22557431 25 0 1840.2622 7.7068118 -2.2171869
226 501.03237 358.96611 0.77248167 0.096385052 0.099033102 25 0 388.98238 1.5407502 -0.46933057
227 247.35242 360.58609 0.65829284 -0.049521453 0.12016855 25 0 1514.7677 6.2633584 -1.9920182
228 299.43075 361.8299 0.64155469 -0.18250349 -0.046688318 25 0 2813.947 11.994977 -2.6974986
229 448.99337 362.87887 0.72140438 -0.018272239 0.048748931 25 0 1372.3018 5.5758123 -1.8657704
230 116.90908 363.39138 0.64984854 0.33243372 0.25065361 25 0 4733.3989 19.839047 -3.243802
231 160.06597 364.25015 0.63742028 -0.3537727 -0.18431639 25 0 502.25082 2.2513422 -0.88110378
232 9.4949924 365.07081 0.53951561 0.022005266 -0.50575473 25 0 249.18192 1.4430237 -0.39818365
233 44.10478 366.72128 0.72208764 0.12721931 0.2896989 25 0 517.36993 1.9377117 -0.71822288
234 24.383045 370.42752 0.59227229 0.29219693 -0.0028173024 25 0 595.01443 2.6085946 -1.0410165
235 497.2359 372.25619 0.5679381 0.16982369 0.38213435 25 0 252.33884 1.2873546 -0.27424548
236 467.5433 374.06738 0.46964665 -0.22411078 0.079498047 25 0 240.00082 1.2413402 -0.23472706
237 387.34044 376.11778 0.69168396 0.099801487 0.0019696366 25 0 3741.1745 15.299341 -2.9616818
238 96.109911 377.60806 0.70775127 0.024512256 0.17497173 25 0 3840.3218 15.425297 -2.9705838
239 141.83093 379.28028 0.70746185 -0.043260407 0.14623088 25 0 659.62798 2.6330264 -1.051138
240 248.65249 380.77632 0.54189783 -0.33276259 0.33482182 25 0 461.59491 2.2348249 -0.87310877
241 505.35083 381.35384 0.70064428 -0.7466784 0.15654961 25 0 691.23195 2.7600154 -1.1022788
242 121.55868 382.58795 0.7079096 -0.072894146 -0.016261201 25 0 336.43929 1.3645734 -0.33749229
243 290.56012 381.3066 0.42787175 0.95783577 0.48500899 25 0 239.80833 1.2685636 -0.25828064
244 26.403953 383.65633 0.66360948 -0.42569609 0.10135145 25 0 891.7089 3.6093009 -1.3935577
245 165.92263 383.40048 0.69917667 0.49416058 0.3245012 25 0 1403.3934 5.4831466 -1.8475747
246 476.72506 385.35019 0.701731 -0.12923279 0.12835832 25 0 2640.9566 10.584115 -2.5616364
247 506.04962 384.88875 0.74327867 -0.067972364 0.10847122 25 0 2630.5516 10.433665 -2.5460922
248 81.502903 388.66154 0.49512234 0.37562816 -0.0076224229 25 0 431.73532 1.9983006 -0.75165204
249 267.9467 393.39328 0.66238362 0.091483536 0.14956791 25 0 8123.4903 33.891396 -3.8252237
250 118.44968 393.75338 0.55086223 0.49744593 0.44605836 25 0 224.82834 1.1914291 -0.1901705
251 296.82663 393.2228 0.43428502 0.21727591 0.38045446 25 0 164.03392 1.0592834 -0.062530442
252 398.415 395.40772 0.55330705 0.25039213 -0.088773567 25 0 588.71442 2.5698402 -1.0247653
253 194.56561 396.05588 0.65392373 0.12972288 -0.10042752 25 0 314.77315 1.3801529 -0.34981804
254 433.96726 400.27758 0.75363573 0.35934541 0.34644568 25 0 718.28016 2.882115 -1.1492783
255 297.03461 400.86335 0.70388728 0.32068519 0.12475031 25 0 776.59287 3.2345789 -1.2745444
256 294.41621 404.53272 0.56473237 0.67531729 0.15278068 25 0 1564.4849 6.8964837 -2.0965693
257 312.58816 404.26419 0.37478416 0.44620288 -0.061690321 25 0 221.16163 1.342856 -0.32007358
258 24.621382 404.79205 0.60783953 0.34837177 0.063807522 25 0 897.84849 4.151695 -1.5455636
259 62.801906 409.03665 0.55725466 0.70252571 0.28045466 25 0 294.42441 1.3044761 -0.28859031
260 126.44249 409.97859 0.63457297 0.13682876 0.09781786 25 0 821.46105 3.3999727 -1.3286886
261 150.49803 411.51194 0.54674813 0.52091115 0.064377835 25 0 1812.0162 8.2318346 -2.2887416
262 3.1131437 414.95379 0.7633559 0.12397759 0.10019097 25 0 1543.7015 6.0178517 -1.9486037
263 61.985553 415.09792 0.3599525 0.079213084 -0.15009286 25 0 165.37913 1.0018483 -0.0020049159
264 326.15592 421.42312 0.61340757 0.23149478 -0.12385823 25 0 401.06899 1.8363939 -0.65991462
265 207.03075 423.02197 0.68776443 0.18114565 0.017872165 25 0 450.85252 1.9046325 -0.69952799
266 236.09498 428.29097 0.7999755 -0.054492348 0.072939769 25 0 533.40321 1.9529948 -0.72675273
267 201.26812 429.4481 0.63434037 0.45076177 0.12430516 25 0 2105.958 8.8339817 -2.3653912
268 174.75251 430.32746 0.72655392 -0.084368153 0.099855484 25 0 1090.9466 4.2146555 -1.5619052
269 423.62494 430.18561 0.65045072 0.41975414 -0.19533179 25 0 332.0129 1.353391 -0.32855819
270 216.21345 430.9923 0.64117808 0.46729358 -0.040101179 25 0 336.33968 1.5792592 -0.49613353
271 203.35176 431.68866 0.66912129 0.37933464 -0.27602218 25 0 305.09085 1.0705492 -0.074016557
272 274.4318 432.7278 0.58726353 0.070910456 -0.1965732 25 0 1017.7039 4.5409802 -1.642874
273 387.11126 434.50373 0.62956989 0.34971084 0.24482191 25 0 3122.4841 13.295508 -2.8092623
274 287.71362 437.20284 0.56588726 -0.099858648 -0.07320148 25 0 1012.1363 4.6420413 -1.6667725
275 56.270141 437.95874 0.5746589 0.18545931 0.13520115 25 0 254.33735 1.1708584 -0.17126094
276 133.6596 439.21538 0.69238333 -0.12789678 -0.0016238257 25 0 14794.597 60.273392 -4.4503141
277 505.33909 445.69458 0.60805946 -0.073500399 -0.011398049 25 0 279.93634 1.1599111 -0.16106176
278 254.50413 446.7203 0.42961046 0.17804214 0.14153079 25 0 239.85202 1.3706765 -0.34233742
279 422.02137 451.4775 0.76032687 0.14025198 0.17703067 25 0 379.33859 1.4999971 -0.44022604
280 353.59297 452.67513 0.7256351 0.22152655 0.061039426 25 0 725.76099 2.8445815 -1.135046
281 477.84848 453.68995 0.71844777 0.19733675 -0.0048666261 25 0 469.7015 1.8475566 -0.66649439
282 372.99243 454.87022 0.75558603 0.53783117 0.15063912 25 0 314.86655 1.2687508 -0.25844082
283 404.712 457.49398 0.61760264 0.16677566 0.18459792 25 0 1225.4026 5.2912749 -1.8089008
284 98.747262 458.87126 0.71563061 0.079181439 0.018656283 25 0 6556.7381 26.636385 -3.5636882
285 191.70915 459.90041 0.70695559 -0.0018897616 -0.036748009 25 0 1292.9202 5.2114189 -1.79239
286 368.35515 460.22069 0.66428063 -0.58531696 -0.49884556 25 0 280.40214 1.0948788 -0.098415103
287 470.28173 461.01643 0.42749382 0.074799506 0.099816865 25 0 61424.43 326.12829 -6.2834712
288 333.83866 461.97535 0.55357236 0.26371204 0.05485507 25 0 360.42927 1.7982499 -0.63712514
289 7.5438388 463.26221 0.692231 -0.25897168 0.050759771 25 0 1135.0562 4.5703007 -1.6498619
290 447.60952 463.61183 0.46210361 0.29816858 -0.47326543 25 0 256.17018 1.4349557 -0.39209624
291 87.935603 464.01976 0.92623594 -0.31657173 -0.048040074 25 0 342.69532 1.0557606 -0.058913631
292 32.801001 466.80102 0.51471658 0.4678226 0.35894299 25 0 189.31055 1.0570267 -0.060214851
293 253.48314 467.88719 0.65515392 0.053252691 -0.13655534 25 0 4982.3913 20.922356 -3.3015265
294 385.09948 469.55434 0.64011463 -0.39460014 0.0016170268 25 0 595.39385 2.4721096 -0.98266932
295 471.51045 468.68639 0.57749206 -0.21961582 -0.036076277 25 0 486.09289 2.0473146 -0.77796145
296 287.7851 470.72303 0.70683426 -0.022044386 0.11475962 25 0 341.88348 1.4553332 -0.40740609
297 303.59154 471.12006 0.70331518 -0.20432024 -0.052495314 25 0 3388.5074 13.580291 -2.8322727
298 156.72148 471.75911 0.66722497 -0.0089849931 -0.060120835 25 0 482.0208 2.1399015 -0.82598444
299 380.87667 476.16265 0.83527295 -0.070729485 -0.081591146 25 0 586.14949 2.1174924 -0.81455464
300 181.49353 477.30819 0.54570879 0.14322823 0.032132871 25 0 718.38439 3.1633526 -1.250369
301 259.37589 481.65227 0.72554909 -0.32480763 0.046554302 25 0 336.08037 1.356729 -0.33123281
302 106.4277 482.69531 0.64580298 0.30811046 -0.072997116 25 0 976.5081 3.9451078 -1.4901472
303 282.72982 492.08242 0.77782547 -0.016628783 -0.11970231 25 0 485.12382 1.757121 -0.6120042
304 435.27266 491.8254 0.90838031 0.14932519 -0.25009781 25 0 384.11327 1.3597965 -0.33368482
305 192.85526 496.32652 0.84178782 -0.30122192 -0.0021614133 25 0 396.74195 1.3275496 -0.30762693
306 109.67129 498.03099 0.49450512 0.11853892 0.63537564 25 0 240.85605 1.223665 -0.21915631
307 158.45174 499.3091 0.63015477 -0.65472987 -0.077688946 25 0 538.62279 2.2359841 -0.87367179
308 203.94563 499.52212 0.68763806 0.30453527 0.13411375 25 0 503.61095 2.0765091 -0.79333462
309 1.8926489 500.93202 0.59772206 0.38288845 -0.27274957 25 0 230.02223 1.1351704 -0.13765268
310 159.49891 502.94878 0.57258025 -0.014908402 -0.14283446 25 0 662.26922 2.92476 -1.1652256
311 100.80654 505.57184 0.55922236 0.59549464 0.37422494 25 0 252.79168 1.1991696 -0.19720156
312 205.93122 506.64152 0.70265657 0.34287534 0.24967522 25 0 932.67757 3.7983395 -1.4489845
313 33.565851 510.57408 0.46258275 0.7152037 0.12114291 25 0 476.97649 2.4350896 -0.96628737
314 80.327708 509.85431 0.65105261 -0.17945165 0.18400121 25 0 600.04532 2.6100168 -1.0416083
315 203.34346 510.57672 0.58737863 0.55954664 -0.05048599 25 0 747.45227 3.2599552 -1.2830291
316 278.59603 509.90791 0.60362141 0.11352997 -0.15743454 25 0 1079.9783 4.817555 -1.7070667
317 289.38034 509.80709 0.68953748 -0.010587267 -0.044578903 25 0 552.02608 2.0890256 -0.7998594
318 427.36105 510.94536 0.93016988 -0.43259505 -0.46898824 25 0 348.94404 1.2156904 -0.21205745
