id xcentroid ycentroid sharpness roundness1 roundness2 npix sky peak flux mag
1 330.52145 0.82135374 0.53213512 0.13794811 -0.23711203 25 0 273.58007 1.3236973 -0.30447172
2 302.90916 3.3645489 0.49652997 0.75392275 0.10236997 25 0 574.18574 2.5943374 -1.0350662
3 311.97718 5.8548121 0.62057956 0.10096509 -0.22160214 25 0 337.69591 1.4636239 -0.41357373
4 434.4325 6.7112124 0.60359917 -0.04979774 -0.075668855 25 0 465.52147 1.9543681 -0.72751591
5 114.56514 10.900525 0.52606109 -0.22753193 -0.56908856 25 0 417.35676 1.9229446 -0.7099169
6 340.33186 12.086903 0.69388407 0.220984 -0.28022214 25 0 885.71147 3.3831101 -1.3232903
7 29.82872 12.773469 0.6413542 0.18150742 -0.090390175 25 0 14678.931 58.059065 -4.4096751
8 413.78071 15.255116 0.59233081 -0.2308455 -0.16083637 25 0 679.8639 2.8381457 -1.1325867
9 472.94531 15.12363 0.63395791 0.1981053 -0.15231223 25 0 27606.688 108.63597 -5.0899341
10 431.13153 16.843349 0.29752346 0.47553686 -0.26867935 25 0 158.50919 1.0094681 -0.010231509
11 339.69695 20.524814 0.53903831 0.38670208 -0.31875035 25 0 244.23472 1.1827663 -0.18224735
12 218.33513 30.319731 0.46817432 -0.089676825 -0.42679429 25 0 253.57025 1.214074 -0.2106129
13 359.42678 33.729985 0.48051873 0.41713383 -0.14820248 25 0 393.76098 1.9574789 -0.7292427
14 430.5378 32.978202 0.43810889 -0.0023249064 -0.42328082 25 0 177.10643 1.1880444 -0.1870817
15 459.45008 33.651102 0.55070485 -0.36949629 -0.45906436 25 0 300.78214 1.5141449 -0.45041857
16 132.21086 36.183312 0.66780377 0.0059702586 -0.42603056 25 0 486.38885 1.9058808 -0.70023934
17 103.61935 40.146495 0.50645827 -0.57007539 -0.020765342 25 0 198.92371 1.0730625 -0.076562593
18 119.0265 40.321583 0.61057853 -0.021744599 -0.044645336 25 0 492.85934 1.9440769 -0.72178362
19 191.98084 41.497048 0.56472959 0.18728541 -0.025561562 25 0 1021.0659 4.1191198 -1.5370111
20 211.47909 42.345845 0.60608679 0.4786469 -0.22673085 25 0 2055.498 8.1803277 -2.2819268
21 352.12562 43.483574 0.58236376 0.27162887 0.028400679 25 0 416.64734 1.9085633 -0.7017664
22 330.02554 44.527118 0.33583101 0.14958163 -0.11238395 25 0 58756.517 277.52107 -6.1082399
23 395.55327 44.158496 0.66802673 -0.3274588 -0.44399477 25 0 227.55256 1.0609359 -0.064222889
24 71.681242 44.599262 0.616802 0.36878979 -0.1533313 25 0 480.06519 1.9881921 -0.74614586
25 255.32064 44.842544 0.63938457 -0.18225166 -0.33261889 25 0 339.58789 1.4007677 -0.36591531
26 116.78643 46.478618 0.52918802 0.45327845 -0.03739363 25 0 4163.8883 17.672558 -3.1182485
27 159.82801 47.115516 0.4753769 -0.2391757 -0.45496877 25 0 310.2858 1.5216325 -0.45577443
28 405.53769 48.01518 0.65765435 0.24915768 -0.17629256 25 0 1023.1608 3.7812711 -1.4440945
29 238.83588 52.038081 0.53928358 -0.38759755 -0.50010408 25 0 251.06001 1.0979115 -0.10141837
30 252.45186 53.580174 0.50978456 0.38208832 0.025501756 25 0 291.22584 1.3716878 -0.34313822
31 406.24756 53.330295 0.70460763 0.34821907 -0.099655965 25 0 275.49292 1.1633861 -0.16430964
32 476.07296 53.844604 0.63809454 0.44128332 -0.15121581 25 0 889.93309 3.5568698 -1.3776699
33 299.65823 54.966422 0.57784551 0.14403742 -0.26956374 25 0 1472.1056 6.1772805 -1.9769933
34 147.5911 59.872922 0.55796089 0.20707643 -0.44331779 25 0 305.0727 1.2328817 -0.22730354
35 35.714749 62.570851 0.43828029 0.33920947 0.25792979 25 0 217.49013 1.2681121 -0.25789409
36 448.71224 61.523424 0.54805983 0.49563214 -0.088237819 25 0 1293.4644 5.450114 -1.841014
37 507.22642 63.801416 0.64399245 0.14660906 -0.094463309 25 0 3446.6101 13.598007 -2.8336882
38 3.0595332 65.490733 0.57856226 -0.085494717 -0.078866026 25 0 387.33148 1.910974 -0.70313694
39 354.82109 65.535915 0.40311576 0.49522204 0.14703141 25 0 166.08799 1.0548905 -0.058018486
40 59.860987 67.326215 0.61933996 0.194547 -0.14191531 25 0 427.74713 1.7205098 -0.58914288
41 36.873509 67.663494 0.66447254 0.29411869 -0.21052288 25 0 613.24916 2.3196114 -0.91353807
42 175.07973 67.892541 0.42053112 0.40329704 -0.075101849 25 0 244.92438 1.3844925 -0.35322655
43 438.25949 68.536659 0.64403292 0.48303809 -0.042777549 25 0 1465.8849 5.534176 -1.8576324
44 3.2504659 69.22439 0.5730872 -0.090148561 -0.29635623 25 0 391.53151 1.7854206 -0.62935137
45 117.81183 69.543921 0.45205889 0.11298686 -0.024698624 25 0 296.15418 1.4789538 -0.4248865
46 477.02638 69.140274 0.6656566 -0.11071895 0.10028004 25 0 425.92612 1.6638492 -0.5527849
47 423.62132 70.205779 0.64603539 0.22018517 -0.28099105 25 0 550.07799 2.2031696 -0.85761982
48 42.198337 71.680715 0.36211099 0.76866616 0.10567029 25 0 196.17777 1.213297 -0.20991782
49 61.078451 72.537179 0.56600252 0.31477452 0.01816777 25 0 1374.2655 5.6652595 -1.8830495
50 174.4034 71.741485 0.39766927 -0.52237861 -0.79241668 25 0 164.25417 1.0059875 -0.0064814421
51 474.09834 76.940664 0.5751979 0.33478853 -0.060152479 25 0 918.41176 3.9531183 -1.4923495
52 356.02511 81.042026 0.59143987 0.17114246 -0.21688893 25 0 3259.2241 13.483576 -2.8245127
53 125.12927 84.337381 0.6813687 0.66791815 0.022803379 25 0 508.05009 1.9162764 -0.7061454
54 97.641157 87.940668 0.74562648 -0.20595289 -0.37576324 25 0 622.0139 2.2443416 -0.87772238
55 150.10821 88.150707 0.5342521 -0.17912996 -0.47065616 25 0 272.11214 1.0977226 -0.10123155
56 496.52735 87.881787 0.66814186 -0.023327277 -0.2320584 25 0 21550.459 79.87347 -4.7560064
57 160.49142 94.829546 0.60402146 0.23427356 -0.27744838 25 0 514.88445 2.0548958 -0.78197449
58 289.00976 95.440373 0.59773157 0.030496469 -0.021801512 25 0 1104.9441 4.2949192 -1.5823875
59 292.95511 97.18057 0.56770623 -0.25895157 -0.2659235 25 0 1258.616 5.1123299 -1.7715472
60 191.33675 98.227404 0.59448237 0.15145978 -0.33058922 25 0 1557.9415 6.2774976 -1.9944664
61 59.004165 102.39026 0.58659705 0.10181897 -0.10061406 25 0 3751.8545 15.183109 -2.9534018
62 121.32484 101.862 0.47457073 0.30479977 -0.45222383 25 0 341.38653 1.7056095 -0.57969899
63 457.14593 101.83183 0.73698086 0.2470333 -0.06456011 25 0 452.64203 1.6971627 -0.5743087
64 67.29237 103.45184 0.62259695 0.10773123 0.24822403 25 0 242.94231 1.0316802 -0.033862746
65 302.12631 104.07786 0.52132934 0.10253887 -0.35622445 25 0 262.64226 1.2679668 -0.25776967
66 494.7495 107.85603 0.58035149 0.27625537 -0.096708523 25 0 2045.2667 8.6525693 -2.3428627
67 337.70286 113.47954 0.53725405 0.65836209 0.057560856 25 0 432.76123 1.9940633 -0.74934737
68 224.39272 115.5207 0.55976011 0.61554937 -0.07629091 25 0 13519.664 54.382873 -4.3386554
69 241.86616 115.4065 0.48592058 0.5377566 0.067683718 25 0 748.74994 3.2127301 -1.2671856
70 251.84727 116.91997 0.55113821 0.084788604 -0.24135889 25 0 1623.7958 6.9047054 -2.0978629
71 308.47824 116.57734 0.53945136 0.71462014 -0.18476808 25 0 910.41679 3.9001211 -1.4776952
72 453.79423 118.38501 0.56943309 0.30954735 0.10496434 25 0 391.97682 1.7156751 -0.58608764
73 497.52446 118.75233 0.54922174 0.4634308 -0.072885321 25 0 207.03307 1.0402027 -0.042794959
74 103.45929 119.02173 0.6600049 0.38751725 -0.20249774 25 0 495.24326 1.9374252 -0.71806238
75 204.01948 118.62461 0.50209374 -0.19313621 -0.23623874 25 0 422.82158 1.8606635 -0.67416958
76 56.128743 120.50479 0.64866866 0.60038402 0.0075789765 25 0 551.24804 2.1216822 -0.81670081
77 157.51675 119.74085 0.47791867 0.31079832 -0.33049427 25 0 293.38275 1.420662 -0.38122691
78 155.75438 122.09273 0.57910447 -0.17113076 -0.22856047 25 0 1887.4108 7.8427175 -2.2361664
79 483.93139 122.26101 0.62696939 0.083343766 -0.75800768 25 0 344.74342 1.5479209 -0.47437191
80 179.68765 127.51582 0.51160729 0.51863359 -0.11772175 25 0 1317.0354 5.4878002 -1.8484957
81 10.988994 129.08974 0.6667432 0.17096065 -0.14119191 25 0 1403.4106 5.6251627 -1.8753377
82 257.3112 130.76957 0.54781772 0.14611779 -0.083307524 25 0 442.81093 1.8952286 -0.694154
83 399.57423 138.99424 0.57272664 0.1170784 -0.24725978 25 0 10849.962 43.982958 -4.1082111
84 388.01853 142.11239 0.47346901 -0.25947343 0.024811708 25 0 209.61826 1.1177224 -0.12083493
85 18.287939 145.34965 0.6565903 0.56154412 -0.15419064 25 0 753.25973 2.9117451 -1.1603834
86 302.4252 144.55397 0.56489996 0.68009721 -0.13023317 25 0 2257.6372 8.7639386 -2.3567483
87 1.3450047 149.50625 0.62775483 0.48859519 -0.20223104 25 0 534.7326 2.0671546 -0.78843238
88 487.79816 150.95753 0.59289121 0.17607347 -0.14377048 25 0 7464.7472 30.633555 -3.7154935
89 101.16438 158.84456 0.62843041 -0.18988423 -0.19619344 25 0 467.55834 1.7691008 -0.61938145
90 389.55119 160.48653 0.5321424 0.68639682 -0.083885742 25 0 38891.76 159.25089 -5.5052047
91 209.92563 164.51702 0.54640813 0.1360355 -0.042885538 25 0 425.81515 1.7086496 -0.58163255
92 428.74595 163.98731 0.49734208 0.19438922 -0.11407092 25 0 398.44317 2.0131291 -0.75967907
93 157.14637 167.98881 0.52038599 0.098894405 -0.33118531 25 0 977.17745 4.2570565 -1.5727735
94 36.715599 171.46864 0.5512511 0.071841936 -0.53303196 25 0 285.98446 1.3457832 -0.32243772
95 481.84205 172.36366 0.60978062 0.075899067 -0.034542239 25 0 6029.5174 23.939853 -3.4478037
96 229.61689 172.9849 0.54782764 0.14625007 -0.2508694 25 0 1575.5785 6.5780011 -2.0452349
97 349.78667 172.65478 0.46479713 0.52872365 -0.32469927 25 0 378.62035 1.7313986 -0.59599268
98 167.78611 173.65205 0.53141282 0.36046965 -0.044404587 25 0 817.28726 3.4444516 -1.3428002
99 5.2916173 175.27107 0.65800332 -0.40775167 -0.63634047 25 0 267.40028 1.1612721 -0.16233497
100 417.05333 175.05774 0.66742372 -0.11704975 -0.24817449 25 0 370.26633 1.6172144 -0.521919
101 156.29378 176.24819 0.57463249 0.15280457 -0.28095182 25 0 1418.0727 5.6127947 -1.8729479
102 20.418351 182.17097 0.66820899 0.2618053 -0.24066 25 0 760.046 2.8757759 -1.1468876
103 118.69393 182.2808 0.69278016 0.66253361 -0.2847307 25 0 1655.773 5.8255231 -1.9133373
104 424.73117 181.57424 0.51502244 0.32457075 -0.10425262 25 0 2222.8658 9.7324568 -2.4705562
105 486.40715 183.50106 0.52503897 -0.27335407 -0.17220406 25 0 591.42341 2.68315 -1.0716124
106 414.64226 183.89617 0.55210695 0.30623622 -0.26574869 25 0 519.30137 2.3961855 -0.94880108
107 230.4296 185.07755 0.63537075 0.25149565 -0.23274486 25 0 1020.1805 3.7576292 -1.4372848
108 425.27002 186.5201 0.50671168 0.079529415 -0.065161885 25 0 680.85404 3.0661854 -1.216496
109 192.8968 187.85159 0.5519769 0.24158022 -0.10515412 25 0 632.14337 2.7215123 -1.0870258
110 75.230445 188.76591 0.58875213 0.067625403 -0.14228862 25 0 37113.429 151.41045 -5.4503896
111 124.89517 190.14497 0.40792247 -0.15894914 -0.27101324 25 0 325.15987 1.708945 -0.58182024
112 256.25566 193.76776 0.64657406 0.1357871 -0.17604196 25 0 280.49545 1.0012439 -0.0013497405
113 424.04913 194.376 0.58680157 -0.026865496 0.091257771 25 0 299.7242 1.2584785 -0.24961451
114 458.62136 198.52715 0.53168248 0.8827645 -0.26833416 25 0 435.76575 2.0430493 -0.77569713
115 385.22321 200.15659 0.51591191 -0.55377513 -0.63440512 25 0 272.16346 1.25551 -0.24705045
116 171.60654 200.78505 0.45549911 0.16218281 -0.23787113 25 0 448.15247 2.0418917 -0.77508174
117 202.23095 202.11365 0.63193387 0.205011 -0.20168254 25 0 336.69709 1.2063866 -0.20371626
118 70.2216 202.8423 0.54463891 0.28476997 -0.069971053 25 0 524.07278 2.2549549 -0.88284466
119 409.33403 202.83647 0.58972921 -0.071418757 0.22551979 25 0 310.24462 1.388478 -0.35634753
120 150.89636 204.7229 0.59406472 0.49905292 -0.14167645 25 0 252.50854 1.0008473 -0.00091951131
121 472.90797 204.58842 0.59440493 -0.091850255 0.0018586338 25 0 500.9689 2.1087005 -0.81003727
122 419.206 206.90319 0.56995451 -0.47834577 -0.22901131 25 0 234.58549 1.1791355 -0.1789093
123 506.48426 208.2679 0.61587521 0.3762884 -0.15275414 25 0 2956.3633 11.747377 -2.6748523
124 16.323166 212.1486 0.63560338 0.7314039 -0.63103577 25 0 348.76089 1.3105288 -0.29361646
125 18.077221 213.23721 0.52280786 0.97586148 -0.37930248 25 0 377.49697 1.5704962 -0.49009222
126 338.38155 214.16058 0.62122134 -0.20509261 0.083970806 25 0 271.30043 1.2353976 -0.22951684
127 429.16519 214.55424 0.5402187 0.43055978 0.037524707 25 0 898.26356 3.9394918 -1.4886005
128 329.9402 216.63582 0.50535437 -0.0070028689 -0.19726578 25 0 1157.4516 5.0007874 -1.747596
129 260.15834 218.63073 0.46338811 0.30658638 0.087999406 25 0 496.30696 2.2670147 -0.88863583
130 154.38164 220.01068 0.58577201 0.35048481 -0.2944623 25 0 959.51884 3.9675548 -1.4963073
131 224.15555 223.65324 0.44064703 0.38915423 -0.020899623 25 0 220.68788 1.1611101 -0.1621835
132 483.04658 223.24045 0.60271938 0.15793687 -0.10242957 25 0 4540.3169 18.287932 -3.1554115
133 243.56103 225.42852 0.55409044 0.56407857 -0.17475179 25 0 2141.0043 8.559308 -2.3310966
134 355.65891 227.53482 0.51320364 0.46062832 -0.091652379 25 0 3500.801 14.86083 -2.9301077
135 425.80529 228.30446 0.57418459 0.0081234797 -0.12033707 25 0 12345.482 49.841486 -4.2439775
136 330.58644 229.87045 0.60206173 0.13039785 -0.22339348 25 0 942.6166 3.7645122 -1.4392718
137 494.93512 230.25278 0.54811788 -0.078189828 -0.1368357 25 0 258.53077 1.0901751 -0.093740605
138 184.08633 236.17303 0.60632349 0.047687553 -0.14098578 25 0 675.91795 2.7172696 -1.0853318
139 244.11558 237.09268 0.52761095 0.28325432 -0.088743291 25 0 681.28067 2.8765753 -1.1471894
140 34.496584 240.23304 0.70307301 0.50663127 -0.19758421 25 0 380.52881 1.4637252 -0.41364886
141 435.10136 239.86396 0.58008384 0.10356013 -0.082543903 25 0 1814.2148 7.5142686 -2.1897168
142 55.433529 250.67499 0.4569916 -0.12707501 -0.4885303 25 0 174.1447 1.0014064 -0.0015259552
143 431.87332 253.27539 0.5876793 0.094630839 -0.094150895 25 0 6817.4788 27.383831 -3.5937355
144 207.69425 253.68393 0.5306967 0.36778349 -0.11423393 25 0 3991.7907 16.78128 -3.0620627
145 269.63481 256.1683 0.39535648 0.16606563 -0.23596593 25 0 301.7585 1.6633338 -0.55244853
146 335.46294 262.62406 0.49429058 -0.83819475 -0.62708448 25 0 268.30798 1.196433 -0.19472093
147 108.63934 263.83629 0.6149583 -0.16450875 -0.036446219 25 0 294.14216 1.1123416 -0.11559547
148 36.857787 274.45299 0.5580863 0.18712331 -0.05709803 25 0 1239.5588 5.1167295 -1.7724812
149 93.112851 275.84498 0.61991609 0.11692441 -0.40813972 25 0 325.7237 1.2053728 -0.20280347
150 219.26897 282.708 0.4661232 -0.432366 -0.52688236 25 0 234.94537 1.1043211 -0.10773846
151 51.291465 283.64801 0.53893435 -0.29793155 -0.14461802 25 0 677.0698 2.9677179 -1.1810565
152 351.60436 286.05243 0.63280142 0.011168872 -0.31721542 25 0 5024.3027 18.873428 -3.189627
153 164.25579 287.32426 0.59908854 0.24135127 -0.15508205 25 0 781.56166 3.0531018 -1.2118532
154 70.99185 288.50758 0.61248644 0.091107002 0.04164824 25 0 1058.2125 4.1148779 -1.5358924
155 42.813312 288.50928 0.53673692 0.70544041 0.01042836 25 0 1009.6015 4.2463567 -1.5700412
156 326.03982 290.8418 0.48771674 0.55860707 -0.30145109 25 0 328.46233 1.4818269 -0.42699369
157 457.10455 290.86272 0.54644464 -0.026159421 -0.18700858 25 0 681.04904 2.9789806 -1.1851692
158 35.990306 295.49987 0.66036098 -0.16582329 -0.21236086 25 0 284.27865 1.1936093 -0.19215553
159 73.448993 298.36486 0.8520642 0.50431716 -0.0028745318 25 0 377.51023 1.1945356 -0.19299772
160 140.18037 298.02813 0.55147606 0.063426446 -0.19499625 25 0 459.95306 1.8294892 -0.65582464
161 54.537165 304.06812 0.61751526 -0.16550808 -0.29528142 25 0 1161.0487 4.5213719 -1.6381756
162 402.36616 304.20851 0.41984758 0.17433785 0.081146516 25 0 273.59646 1.249061 -0.24145911
163 198.0146 309.74698 0.50174074 -0.050795245 -0.25217916 25 0 687.77713 3.1153527 -1.2337681
164 429.80569 309.73041 0.53612283 0.34616737 0.019414561 25 0 951.02475 4.1886556 -1.5551866
165 117.24223 314.47854 0.57495117 0.44631619 -0.064466881 25 0 2874.3912 11.423446 -2.6444928
166 39.097628 318.42166 0.70152375 -0.10558887 -0.020730723 25 0 380.89757 1.292893 -0.27890648
167 166.66176 323.86297 0.48447971 -0.32328532 -0.057580289 25 0 315.59939 1.4912869 -0.43390301
168 309.57982 326.24442 0.55713492 -0.50316648 -0.098605159 25 0 512.93629 2.0681205 -0.78893959
169 242.36274 328.99185 0.52973712 0.36013653 -0.19369483 25 0 281.06483 1.2178911 -0.21402118
170 0.22461915 333.38086 0.85572441 0.3457421 0.32113654 25 0 4640.9769 15.436059 -2.9713411
171 10.019576 334.26362 0.66909839 0.20828781 -0.091463521 25 0 13012.17 49.540769 -4.2374069
172 266.99307 333.49286 0.45311322 0.23186498 -0.12616863 25 0 393.42099 1.8066 -0.64215504
173 359.65489 333.93046 0.5912493 -0.042599093 -0.29030966 25 0 518.0738 2.2118042 -0.86186671
174 243.16217 335.0307 0.63109193 -0.10237522 -0.20935826 25 0 887.21749 3.398254 -1.3281396
175 56.347034 335.37825 0.46288745 -0.14200436 0.048160383 25 0 718.62861 3.1193642 -1.2351652
176 468.07744 341.59487 0.64141544 0.37574654 0.23371407 25 0 828.68233 2.7946974 -1.115837
177 239.23703 344.6676 0.55082921 -0.18188508 0.18274601 25 0 308.0802 1.1876035 -0.1866787
178 340.08276 347.35365 0.60908598 -0.063277964 -0.15661766 25 0 657.61807 2.5281561 -1.0070097
179 454.97633 350.099 0.60508867 0.53898723 0.012881101 25 0 254.4046 1.0732514 -0.07675366
180 219.3063 351.0467 0.594993 0.10637313 -0.26728573 25 0 4838.908 19.319174 -3.2149714
181 361.24668 352.58766 0.61787713 0.67717466 0.1151143 25 0 946.65125 3.5170998 -1.3654617
182 1.2215908 353.19849 0.70426733 -0.35642752 -0.003793861 25 0 815.6271 2.8986339 -1.1554834
183 26.35894 353.55614 0.63238735 -0.23392672 0.6556276 25 0 370.98485 1.2305535 -0.22525127
184 472.78494 353.24462 0.28830742 0.18916735 0.34077753 25 0 195.51375 1.1280751 -0.130845
185 278.16817 355.10314 0.56178245 0.11914563 -0.25640885 25 0 22609.934 93.491033 -4.9269249
186 1.4604334 357.12312 0.64767017 -0.05444055 -0.16426952 25 0 1271.7278 4.785282 -1.6997688
187 422.92696 357.15443 0.38478647 0.3208042 0.17420802 25 0 185.17617 1.0128842 -0.013899501
188 2.558304 360.72026 0.59342067 -0.28105625 -0.17685581 25 0 477.4314 1.8523588 -0.66931281
189 393.97881 362.24579 0.56873848 -0.034299668 -0.14035959 25 0 1691.6494 6.8457584 -2.0885539
190 459.29414 362.85607 0.47179293 0.083046102 -0.10176918 25 0 299.61678 1.361892 -0.33535666
191 205.50711 364.03277 0.59575721 0.14931638 -0.29805752 25 0 1483.0366 5.8194534 -1.9122055
192 257.5606 365.3636 0.6081249 -0.22632428 -0.1662118 25 0 2331.7176 8.8713622 -2.3699758
193 407.14502 366.64271 0.55152078 0.3501267 0.13564321 25 0 902.93289 3.7073294 -1.4226529
194 75.164339 366.66222 0.594635 0.12307558 -0.077143538 25 0 4528.2418 18.073136 -3.1425838
195 118.26825 367.45217 0.69935237 0.41527273 -0.12461995 25 0 489.4666 1.6292582 -0.52997482
196 478.89569 368.58411 0.57248795 0.24832794 0.01604733 25 0 8128.4898 33.351251 -3.8077803
197 2.2360916 369.64436 0.62953955 0.35683538 -0.021553244 25 0 458.97941 1.6099626 -0.51703948
198 345.52332 379.70072 0.6158074 -0.29183786 -0.24822332 25 0 2899.6383 10.720567 -2.5755444
199 54.332352 380.837 0.63114476 0.037762203 -0.17554703 25 0 3488.3773 13.442457 -2.8211966
200 100.01892 382.47919 0.48134938 0.17176339 -0.069319622 25 0 464.34135 1.9514421 -0.7258892
201 206.9429 384.10079 0.45925924 0.075017606 -0.23109856 25 0 520.95804 2.4541978 -0.97477389
202 248.62281 384.86076 0.5751418 0.22002917 -0.29268309 25 0 314.37564 1.129662 -0.13237127
203 79.883607 385.42635 0.62745436 0.38140727 0.021069368 25 0 410.49296 1.4974553 -0.43838469
204 124.13959 386.76666 0.57384057 0.13125958 -0.19368427 25 0 1342.3769 5.4434712 -1.8396898
205 496.08937 386.95786 0.6563266 0.73891946 0.02130488 25 0 332.3946 1.1862104 -0.18540429
206 434.83158 389.0236 0.64110353 0.006260775 -0.15998551 25 0 2637.3829 10.330062 -2.5352573
207 464.18958 388.65028 0.59986762 -0.18942311 -0.13213473 25 0 1956.0905 7.7343638 -2.2210615
208 39.745312 391.8667 0.65016025 0.35935425 -0.15320658 25 0 589.23087 2.1523825 -0.83229864
209 226.17426 396.82011 0.54250976 0.024043368 -0.22019079 25 0 6658.552 27.812079 -3.6105836
210 356.79541 398.89566 0.62255711 -0.34826092 -0.38654097 25 0 693.69352 2.5624631 -1.0216441
211 255.10045 404.35844 0.5323904 0.54862132 -0.20390277 25 0 576.11391 2.3595279 -0.93206281
212 392.11151 403.97758 0.57551152 -0.048553612 -0.24847645 25 0 513.25741 1.983785 -0.7437365
213 1.7328439 406.06044 0.54901398 0.66398895 -0.0092444475 25 0 262.2339 1.0872805 -0.090853965
214 252.49559 408.00256 0.59985447 0.12547032 -0.34379515 25 0 1773.9071 7.0020587 -2.1130644
215 270.74809 407.75526 0.73249264 0.19379233 -0.23016428 25 0 410.47167 1.3422815 -0.31960901
216 474.05198 408.51455 0.67874961 0.5663223 0.18265115 25 0 493.28716 1.7026505 -0.57781376
217 21.044849 412.01439 0.52570905 0.63796056 -0.17652994 25 0 290.76841 1.3204553 -0.30180928
218 84.536438 413.35363 0.57966715 -0.17924309 -0.16043867 25 0 836.67396 3.236301 -1.2751223
219 108.54153 414.80463 0.62927143 0.2513479 -0.24914998 25 0 2131.2724 7.9888751 -2.2562141
220 284.49382 424.8241 0.73605516 0.076690758 -0.24241946 25 0 463.94058 1.6090498 -0.51642371
221 194.20841 431.57918 0.54062231 0.326089 -0.095834929 25 0 349.53517 1.3588699 -0.33294466
222 159.44717 432.82355 0.61224872 -0.08502687 -0.24919097 25 0 2049.946 7.9138219 -2.2459657
223 132.88102 433.65841 0.60853567 0.51940246 -0.056064859 25 0 1015.9041 3.8267093 -1.4570637
224 174.25162 434.14564 0.5557864 0.12053402 -0.12434514 25 0 322.47338 1.3441518 -0.32112079
225 381.65147 433.63284 0.73436129 0.049444084 -0.41869993 25 0 355.61291 1.1867902 -0.18593492
226 161.49697 435.62569 0.62762345 0.0012763832 -0.59551848 25 0 314.57748 1.0034262 -0.003713547
227 185.1077 436.15079 0.5183221 0.35443353 0.4171504 25 0 237.82263 1.0115708 -0.012490673
228 232.60215 436.14671 0.66138051 -0.23519946 -0.2643711 25 0 1026.6635 3.4613664 -1.3481189
229 491.5732 436.01921 0.27596094 0.0417241 -0.17120759 25 0 61365.965 277.4537 -6.1079763
230 345.21506 438.04009 0.60645141 0.0081564591 -0.2241891 25 0 3146.6624 12.426762 -2.7358949
231 14.826308 441.21074 0.74918985 0.061914385 -0.16695226 25 0 378.49953 1.2723228 -0.2614933
232 245.64506 440.59825 0.5988899 0.13136771 -0.1988209 25 0 1074.5518 4.0818988 -1.5271556
233 91.810293 442.45372 0.57111451 0.52774775 -0.0006616635 25 0 11646.523 47.073356 -4.1819379
234 476.70858 443.37471 0.53213156 -0.16865026 -0.10762946 25 0 311.32679 1.1798066 -0.17952705
235 212.84333 450.13576 0.4014448 0.46793229 -0.24666015 25 0 246.01474 1.2275325 -0.22258254
236 477.65941 452.59081 0.56688656 0.35833287 -0.070280173 25 0 1924.4749 7.8821666 -2.241614
237 380.07401 455.01005 0.50730394 0.23959817 0.081061066 25 0 328.21853 1.3834044 -0.35237291
238 311.49441 456.17892 0.64927029 -0.23773779 -0.38347949 25 0 689.64049 2.5072485 -0.99799346
239 435.79766 457.34656 0.60306208 -0.21475489 0.064853449 25 0 410.20902 1.5662873 -0.48717854
240 362.73197 461.15731 0.59066104 -0.12563571 -0.22180531 25 0 1337.6954 5.411566 -1.8333074
241 56.852123 462.07441 0.68364222 0.11297712 -0.17954648 25 0 6477.4653 24.55062 -3.4751561
242 149.7924 463.28599 0.61834723 -0.10062903 -0.15884461 25 0 1137.3402 4.3442436 -1.5947854
243 428.2778 464.66401 0.4308313 -0.16775176 -0.13015477 25 0 61351.739 282.64387 -6.1280989
244 292.15136 465.62529 0.69616764 0.30646122 -0.10846184 25 0 341.2073 1.0441302 -0.046886666
245 46.071128 467.03401 0.65228852 0.74338687 0.00491795 25 0 326.60021 1.1778758 -0.17774878
246 405.56532 466.93529 0.66375637 -0.24578724 -0.3952323 25 0 358.69713 1.2046047 -0.20211141
247 211.49925 471.34385 0.5947742 -0.26054931 -0.23837747 25 0 4310.8957 16.676665 -3.055273
248 343.24063 473.02876 0.61649721 -0.30568018 -0.064862436 25 0 672.4304 2.5526262 -1.017468
249 429.35826 472.42841 0.65477394 -0.070433426 -0.23275376 25 0 510.82022 1.6875484 -0.56814062
250 245.83265 474.39569 0.34031651 0.053623094 0.16276126 25 0 228.07063 1.0922356 -0.095790865
251 114.93316 475.2696 0.74875558 0.099720776 -0.1950836 25 0 468.36171 1.3944941 -0.36104167
252 261.64315 474.67682 0.59351737 0.29772303 -0.17095235 25 0 2808.0936 11.004818 -2.6039571
253 338.99642 479.88056 0.57626904 -0.33458113 -0.28785177 25 0 500.81806 1.9612268 -0.73131953
254 139.58472 480.6013 0.50490551 0.39416798 -0.13538288 25 0 767.09778 3.2680601 -1.2857251
255 64.580487 485.9678 0.65939531 0.069931509 -0.23314065 25 0 1138.1519 4.1770842 -1.5521831
256 240.89806 495.51655 0.56287467 0.81823551 -0.14246847 25 0 386.99968 1.4131474 -0.37546865
257 393.08555 495.47759 0.53743756 0.048316057 -0.44581066 25 0 268.109 1.0598608 -0.063122034
258 497.83212 497.56118 0.67463761 0.27441751 0.13027888 25 0 353.36909 1.2219921 -0.21767098
259 67.748995 500.94421 0.37796102 -0.046475437 -0.067655123 25 0 262.03775 1.3029581 -0.28732615
260 116.53617 502.58769 0.59067617 0.21490274 0.00035495031 25 0 500.67463 1.7523892 -0.60907643
261 162.10985 502.80388 0.52146453 0.21002088 -0.24852337 25 0 464.89211 1.9432857 -0.72134166
262 117.46552 506.396 0.52200469 -0.29613809 -0.11104716 25 0 645.86572 2.5413036 -1.0126414
263 58.687711 508.97191 0.71556748 0.30769012 -0.072375254 25 0 362.60081 1.2243978 -0.21980636
264 164.00304 510.03652 0.66878482 0.24037306 -0.28402217 25 0 982.54927 3.6361649 -1.4016089
