id xcentroid ycentroid sharpness roundness1 roundness2 npix sky peak flux mag
1 308.81288 1.3353394 0.59903156 0.37884347 -0.21336837 25 0 657 2.0426046 -0.77546076
2 440.2756 4.3250259 0.55260194 0.40927463 -0.12698123 25 0 317 1.2994189 -0.28437297
3 120.6215 8.3753591 0.65420096 0.47322723 -0.0964235 25 0 417 1.2545918 -0.24625607
4 35.685207 10.536653 0.62295218 -0.11839201 0.057204262 25 0 11600 32.744261 -3.787838
5 346.28971 9.7329513 0.56830534 -0.038284479 -0.045852812 25 0 631 2.0349032 -0.7713594
6 419.78808 12.910597 0.61376381 0.22781393 -0.20307632 25 0 596 2.0375897 -0.77279184
7 478.91311 12.705215 0.66790194 0.41300121 -0.026163209 25 0 24537 67.665877 -4.5759243
8 365.64099 31.178112 0.6746928 0.39374778 -0.20273425 25 0 496 1.4896963 -0.43274434
9 465.23862 31.42953 0.73619398 0.54983585 -0.10568733 25 0 265 1.0039699 -0.0043017628
10 137.98784 33.960699 0.6121795 -0.19667933 -0.25835072 25 0 418 1.2836032 -0.27107699
11 125.11139 37.977583 0.69959341 0.19288299 -0.27492235 25 0 551 1.4332664 -0.39081733
12 197.87698 39.185959 0.65426084 0.15529999 -0.14978743 25 0 1230 3.4197551 -1.3349875
13 217.36882 39.961408 0.63568272 0.087916746 -0.23459019 25 0 2155 6.023235 -1.9495745
14 358.11395 41.10346 0.55539512 0.40898264 -0.028936024 25 0 471 1.5797146 -0.4964466
15 335.99176 42.098364 0.28548124 0.48340941 -0.070654055 25 0 58840 230.47356 -5.9065528
16 77.545765 42.234451 0.53635945 0.58459225 0.06147358 25 0 344 1.1713766 -0.17174137
17 122.5874 44.267489 0.6620773 -0.08669102 -0.17023009 25 0 4626 12.520273 -2.7440345
18 411.57642 45.560213 0.58778492 0.78838961 0.0021941005 25 0 783 2.5395913 -1.0119096
19 258.31924 50.998456 0.72565379 0.18337446 0.21835994 25 0 422 1.0951973 -0.09873095
20 482.09014 51.455585 0.50607278 0.34260457 0.13457459 25 0 482 1.958578 -0.72985216
21 305.62119 52.49726 0.5534143 0.61859144 -0.052540484 25 0 1260 3.7640396 -1.4391355
22 454.55062 59.191634 0.64246795 0.0072340699 -0.19411419 25 0 1266 3.6986389 -1.4201048
23 9.0154249 63.264574 0.69718 0.2349161 0.022093754 25 0 445 1.4801098 -0.42573481
24 42.606493 65.458592 0.59964595 -0.42093221 -0.12353608 25 0 495 1.6198218 -0.52366812
25 65.797308 65.065211 0.80668298 -0.35061868 -0.083316227 25 0 447 1.1974425 -0.19563668
26 444.37865 66.095753 0.65683206 0.36843009 -0.16729644 25 0 1460 4.3160234 -1.5877095
27 9.1161849 67.190504 0.72385648 -0.24359421 -0.035392486 25 0 415 1.3168963 -0.29887895
28 123.74872 67.036029 0.6354673 0.25152688 -0.098158584 25 0 428 1.1540424 -0.15555444
29 483.0793 66.753015 0.67787755 0.20149284 0.20943272 25 0 355 1.2837347 -0.27118824
30 429.36225 67.759301 0.64610397 0.46292627 -0.20579539 25 0 484 1.4965852 -0.43775363
31 67.018748 70.164694 0.68913675 0.12122869 -0.083283755 25 0 1708 4.8132492 -1.7060959
32 480.12996 74.617717 0.68457991 0.40300113 -0.043694617 25 0 776 2.2933803 -0.9011902
33 362.00421 78.734292 0.62412244 0.28190273 -0.081755125 25 0 3158 9.0994018 -2.3975321
34 130.97197 82.116324 0.71414515 0.21774472 -0.014163469 25 0 531 1.3806976 -0.35024644
35 103.38678 85.564717 0.49780194 0.026572 0.018974849 25 0 494 1.6607291 -0.55074698
36 502.4431 85.545702 0.63170786 0.75427106 -0.077648979 25 0 16912 46.478237 -4.1681241
37 166.22237 92.505914 0.57433521 0.33466868 -0.051469987 25 0 488 1.3425899 -0.31985845
38 295.04632 93.052177 0.62632458 0.042266576 -0.1787488 25 0 1245 3.4999797 -1.3601638
39 298.99043 94.830885 0.59935694 -0.1329828 -0.13552845 25 0 1360 3.8109025 -1.4525696
40 197.26644 95.900173 0.65558045 0.057138409 -0.19022292 25 0 1741 4.7060299 -1.6816367
41 64.908048 100.04421 0.69715485 0.12506691 -0.15340863 25 0 4275 11.470624 -2.6489676
42 126.92308 99.802526 0.77206083 0.19048721 -0.19863713 25 0 464 1.0898274 -0.093394313
43 500.75042 105.60688 0.5919619 0.1058514 0.10897724 25 0 1555 4.7487287 -1.6914434
44 343.55325 111.11755 0.65740708 0.22988006 -0.0074870048 25 0 557 1.5137587 -0.4501416
45 230.36029 113.09666 0.63745803 0.20683952 -0.23031603 25 0 15947 44.70382 -4.1258616
46 247.71728 113.24407 0.66975128 0.36013828 -0.073553854 25 0 1070 2.6594199 -1.0619673
47 314.44801 114.19344 0.60335986 0.35724832 -0.22481259 25 0 1073 3.0692521 -1.2175814
48 257.75776 114.53975 0.56502696 0.61686395 0.11414422 25 0 1559 4.4263357 -1.6151109
49 209.92901 116.33648 0.57185145 0.13978645 -0.17163835 25 0 497 1.3147281 -0.29708989
50 459.61655 115.92552 0.59763214 0.26151862 -0.20288687 25 0 377 1.3869721 -0.35516934
51 109.41724 116.78851 0.62912387 -0.09520428 -0.14557323 25 0 519 1.3857431 -0.35420678
52 62.027157 118.20592 0.65059794 0.37199988 0.018847173 25 0 573 1.6535574 -0.54604818
53 163.91835 117.74101 0.57269982 0.87457776 -0.50174967 25 0 400 1.0401661 -0.042756783
54 161.54552 119.84977 0.6618439 0.20483621 -0.27236447 25 0 1945 5.2071154 -1.791493
55 489.64779 120.1349 0.68826133 0.43984754 0.0028113774 25 0 367 1.2750454 -0.2638141
56 185.56204 125.28555 0.64031152 -0.18614945 -0.16944623 25 0 1593 4.1025857 -1.5326442
57 16.849062 126.90616 0.73488239 0.088641522 -0.10449122 25 0 1283 3.4308342 -1.3384993
58 263.1013 128.49787 0.57591715 0.35791236 -0.046633799 25 0 475 1.2095645 -0.20657262
59 405.57368 136.56364 0.5931698 0.64794906 -0.070571318 25 0 9725 27.618613 -3.6030046
60 308.44576 142.24158 0.59538932 0.42579987 -0.25584282 25 0 2623 7.3900196 -2.171614
61 24.176559 143.12085 0.69538654 0.32175076 -0.13065876 25 0 819 2.2717367 -0.890895
62 414.5151 145.0167 0.93945299 -0.17737252 -0.3925556 25 0 4487 10.584892 -2.5617161
63 7.1050636 147.06638 0.65999428 0.023345437 -0.25230773 25 0 608 1.7877203 -0.63074892
64 493.84531 148.55353 0.59825758 0.49116749 0.050620556 25 0 6295 18.442751 -3.1645642
65 107.01923 156.4818 0.53933798 0.29529709 0.075510331 25 0 389 1.0021225 -0.0023020806
66 395.47504 158.18521 0.63019496 -0.058212816 -0.23735498 25 0 43517 118.60919 -5.1852959
67 215.85972 162.27128 0.59401231 0.15722855 -0.010738937 25 0 555 1.4793569 -0.42518243
68 434.91914 161.49388 0.48643198 0.44060618 -0.1245253 25 0 362 1.4051279 -0.36928963
69 163.0419 165.68454 0.57236092 0.19009844 -0.13079995 25 0 1650 4.7041682 -1.6812071
70 42.92868 169.4987 0.79039428 0.2495334 -0.02945994 25 0 496 1.1856799 -0.18491861
71 355.76613 170.43645 0.63783577 0.081506109 -0.054102623 25 0 456 1.1413489 -0.14354602
72 487.88976 169.94597 0.65256667 0.21550624 -0.099321689 25 0 6202 17.60736 -3.1142356
73 173.5803 171.49303 0.58341206 -0.036636238 -0.10328903 25 0 822 2.1197615 -0.81571752
74 235.59977 170.66097 0.61921928 0.39119055 -0.17215669 25 0 1585 4.1541158 -1.5461965
75 162.16398 174.03741 0.64117776 0.061019139 -0.19276073 25 0 1670 4.580014 -1.652167
76 430.69536 179.23401 0.63270147 0.10304276 -0.17582394 25 0 2547 7.2160405 -2.1457474
77 26.202638 179.87433 0.71388812 0.14690368 -0.20199708 25 0 835 2.2150869 -0.86347692
78 124.52723 179.9553 0.65982182 0.20351728 -0.22164168 25 0 1649 4.2052512 -1.5594798
79 492.54051 181.0152 0.65262795 0.063321107 -0.32642435 25 0 657 2.0526041 -0.78076297
80 420.67259 181.4818 0.54720113 0.65396808 0.059845066 25 0 442 1.431671 -0.38960805
81 236.33147 182.84005 0.62848022 0.33322268 -0.36915664 25 0 978 2.5173724 -1.0023687
82 431.16428 184.23512 0.61890545 0.064194976 -0.084965197 25 0 790 2.347062 -0.92631141
83 81.032961 186.54628 0.62905087 0.36508508 0.071026153 25 0 33912 94.201361 -4.9351429
84 198.79553 185.43468 0.54377421 0.093133877 -0.15560789 25 0 611 1.6288165 -0.52968041
85 130.66164 187.75362 0.49979359 0.66427304 -0.24898159 25 0 371 1.0086819 -0.0093855848
86 464.53386 196.01445 0.64080151 -0.15202054 -0.22434144 25 0 515 1.6676774 -0.55528012
87 177.6655 198.52208 0.65947895 0.75492009 0.03754393 25 0 588 1.3930416 -0.35991024
88 76.295043 200.36173 0.53756834 0.20629823 0.073277017 25 0 490 1.4721055 -0.41984736
89 479.14179 202.16357 0.66341212 0.17467174 -0.0020968527 25 0 628 1.9596547 -0.73044886
90 510.97912 205.64747 0.84472115 0.017248812 0.14776266 25 0 437 1.1670359 -0.1677105
91 23.920851 210.98387 0.71543011 0.49679548 -0.47792611 25 0 481 1.2146863 -0.21116035
92 435.17493 212.0509 0.63956467 0.27267361 -0.14083223 25 0 995 2.9774985 -1.1846289
93 335.85232 214.22834 0.63425781 0.23291128 -0.13727724 25 0 1452 3.9619804 -1.4947808
94 266.10401 216.29624 0.59129139 0.3626829 -0.1509791 25 0 741 1.9584852 -0.72980073
95 160.22164 217.75134 0.52143483 0.33393363 -0.095270323 25 0 873 2.4997092 -0.99472372
96 489.0826 220.8182 0.6502899 0.22255309 -0.055585756 25 0 4396 12.507133 -2.7428944
97 249.51848 223.04831 0.61468827 0.10929739 -0.35750967 25 0 2535 6.9098244 -2.0986675
98 361.66741 225.14718 0.62956748 0.077111921 -0.16468554 25 0 4017 11.213171 -2.6243211
99 431.86861 225.88849 0.61314698 0.23066674 -0.088625383 25 0 12551 36.318931 -3.9003326
100 336.58369 227.57891 0.56554598 -0.16837197 0.051845815 25 0 823 2.2418689 -0.87652554
101 189.99038 233.82519 0.64875574 0.65946279 -0.12032232 25 0 743 1.8817617 -0.68641159
102 249.97526 234.74386 0.57048016 0.24879257 -0.19251822 25 0 744 2.077981 -0.79410391
103 441.03568 237.41766 0.64487346 0.22656942 -0.051980021 25 0 1666 4.6674257 -1.6726935
104 40.217749 238.05204 0.65841568 -0.43476998 -0.43522442 25 0 387 1.0616281 -0.064930986
105 213.58385 251.43104 0.609809 -0.12135681 -0.089079923 25 0 4054 10.883985 -2.5919698
106 437.94494 250.85497 0.6330604 0.24262051 -0.094925638 25 0 7019 20.04128 -3.2548137
107 275.78914 253.7152 0.54212281 0.0212806 -0.12934213 25 0 413 1.1479316 -0.14979002
108 42.848327 272.11035 0.68667185 0.13789087 -0.13697472 25 0 1543 4.0726385 -1.5246896
109 225.0501 280.42903 0.65912016 0.3379887 0.12964705 25 0 411 1.0321654 -0.034373191
110 57.106731 281.28181 0.76747395 0.044438594 -0.0041944222 25 0 853 1.9724301 -0.73750404
111 357.50803 283.68401 0.62188652 0.5325196 -0.14081125 25 0 4628 12.853509 -2.7725543
112 170.19644 284.96343 0.58745578 0.06249046 -0.12263523 25 0 905 2.6312938 -1.0504234
113 48.617166 286.26528 0.68714837 0.097769413 -0.088630445 25 0 1207 2.9930291 -1.1902773
114 76.931301 286.1282 0.72263314 0.35163834 -0.15335387 25 0 1276 3.1838785 -1.2573912
115 463.27542 288.54971 0.55694283 -0.061898901 -0.070882498 25 0 458 1.6024301 -0.51194774
116 1.1860001 291.1305 0.80563248 0.61759214 0.29956187 25 0 609 1.3957559 -0.36202371
117 146.14239 295.77782 0.68689494 0.19007112 -0.33942105 25 0 542 1.1804184 -0.18008995
118 60.392178 301.8163 0.62277943 0.27203306 -0.25849189 25 0 1138 3.127598 -1.2380273
119 408.2346 301.86163 0.73780876 0.056161332 -0.22029297 25 0 393 1.1498444 -0.15159765
120 203.88789 307.48608 0.56371159 0.19438783 -0.010567463 25 0 705 1.8400651 -0.662083
121 435.82128 307.37984 0.64908086 0.27468488 0.012999436 25 0 866 2.4907236 -0.99081385
122 123.15048 312.15078 0.64444495 0.29567248 -0.1544554 25 0 3286 9.0550259 -2.3922242
123 45.070869 316.1276 0.75424906 -0.022870495 -0.26793512 25 0 467 1.1684979 -0.16906986
124 172.69448 321.70188 0.52983751 0.22110954 -0.058198035 25 0 392 1.0658288 -0.069218645
125 315.42345 324.02309 0.56774911 -0.30810166 -0.3226879 25 0 529 1.559685 -0.48259224
126 5.7283811 331.02059 0.73163359 0.1063765 -0.17464921 25 0 5042 13.071604 -2.7908222
127 272.84163 331.16397 0.55421113 -0.098155931 -0.26623822 25 0 479 1.3988676 -0.3644415
128 15.95766 331.97775 0.74453036 0.17742466 -0.12171853 25 0 14056 36.644253 -3.9100147
129 365.7182 331.51612 0.6714896 0.44829196 -0.066592444 25 0 396 1.0442121 -0.046971768
130 62.230417 333.11262 0.71117209 0.1737698 -0.084930621 25 0 1012 2.5156994 -1.0016469
131 249.16386 332.72117 0.64138126 0.055939608 -0.19917115 25 0 805 2.0266573 -0.7669508
132 474.19702 339.12256 0.71623163 0.42261254 0.22733226 25 0 724 1.8276171 -0.65471303
133 346.12507 345.08862 0.61886048 -0.039737689 -0.24056355 25 0 596 1.6802629 -0.56344308
134 225.27263 348.70106 0.5914204 0.069570711 -0.14633915 25 0 4470 12.832837 -2.7708067
135 367.23305 350.20132 0.62289464 0.42934016 -0.17547489 25 0 923 2.6974769 -1.0773943
136 7.2481798 350.97936 0.68741308 -0.263014 0.013231006 25 0 835 2.2241137 -0.86789247
137 284.17046 352.72724 0.58003351 0.10977642 -0.15790729 25 0 20750 60.445246 -4.4534054
138 7.5857608 354.83727 0.6670989 -0.22327205 -0.18563162 25 0 1160 3.092512 -1.2257785
139 8.4160159 358.1204 0.84274654 0.40727589 0.51359951 25 0 533 1.0370722 -0.039522489
140 400.08631 359.80658 0.59667713 0.011001313 -0.14963035 25 0 1649 5.0081488 -1.7491931
141 211.60918 361.7267 0.589605 -0.15957802 -0.35286335 25 0 1283 3.4841486 -1.3552417
142 263.52823 363.01324 0.68094894 0.027595247 -0.21099116 25 0 2583 6.894658 -2.0962818
143 81.071551 364.45123 0.63005834 0.39008938 0.0072018418 25 0 4317 11.929539 -2.6915591
144 413.22969 364.11439 0.5599616 0.18969526 -0.2526809 25 0 910 3.020506 -1.2001993
145 124.25212 365.1086 0.62149851 0.2536739 -0.093512495 25 0 481 1.2950384 -0.28070661
146 484.91924 366.2779 0.66862258 0.10926286 -0.045108456 25 0 8457 23.522732 -3.4287194
147 8.2962485 367.348 0.618603 -0.024993255 -0.095570758 25 0 479 1.3537606 -0.32885468
148 351.52197 377.32426 0.60543266 0.41395368 -0.23067073 25 0 2646 7.5220234 -2.1908367
149 60.333874 378.51416 0.57035345 -0.032963346 -0.032294966 25 0 2783 8.0985429 -2.2710172
150 106.02886 380.27037 0.67986806 0.44196649 -0.08145825 25 0 570 1.4286884 -0.38734378
151 212.80714 381.88966 0.58025884 0.1405225 -0.10777785 25 0 547 1.5565264 -0.48039122
152 469.86495 382.24417 0.72235221 0.0356145 -0.23795972 25 0 430 1.1796728 -0.17940395
153 130.06748 384.52332 0.61415775 0.34840444 -0.0026503199 25 0 1159 3.1650354 -1.2509464
154 470.25165 386.27154 0.66280137 0.21703305 -0.072490367 25 0 1780 5.0284713 -1.7535899
155 440.90544 386.6182 0.61285032 0.21119258 0.013566518 25 0 2033 6.0729392 -1.9584973
156 45.664291 389.61195 0.72949435 0.27862175 -0.19750157 25 0 579 1.3889502 -0.35671671
157 232.11359 394.44301 0.54172504 0.23180621 -0.017381755 25 0 5695 16.738081 -3.0592641
158 362.83472 396.39491 0.55764308 0.79607134 -0.36555132 25 0 514 1.6289141 -0.52974546
159 398.15951 401.76063 0.43889435 0.349246 0.22050649 25 0 296 1.1414014 -0.14359597
160 261.12762 401.98323 0.55011666 0.5571797 -0.10758172 25 0 635 1.8920377 -0.69232446
161 258.55311 405.69813 0.62570252 0.5695015 -0.19073303 25 0 1651 4.6285282 -1.6636073
162 480.14193 405.99982 0.57817914 0.57116846 -0.064959715 25 0 365 1.4064967 -0.37034678
163 90.562575 410.94421 0.68747976 0.07220489 -0.29324894 25 0 942 2.4010124 -0.950986
164 114.56095 412.4616 0.62756989 0.74147942 -0.14657466 25 0 1714 4.6533703 -1.669419
165 165.37879 430.5592 0.61977866 0.6124844 -0.035013607 25 0 1699 4.590081 -1.6545509
166 138.86469 431.39604 0.6470259 0.096592704 -0.025631705 25 0 940 2.5250358 -1.0056688
167 238.6768 433.85745 0.69415653 0.4061462 -0.13806836 25 0 1078 2.8821169 -1.149279
168 497.73462 433.62818 0.35442031 0.444963 -0.11773293 25 0 58523 191.61521 -5.706075
169 351.28143 435.62893 0.62750045 -0.055678561 -0.08732963 25 0 2699 7.6569739 -2.2101429
170 251.96246 438.37601 0.60433913 0.042330352 -0.40669245 25 0 830 2.268217 -0.88921153
171 97.72332 440.20023 0.66835193 0.068032592 -0.1636946 25 0 13236 36.196523 -3.8966671
172 483.13397 440.74471 0.87653206 -0.34054925 -0.077504218 25 0 322 1.024519 -0.026299996
173 483.77262 450.16858 0.68609736 -0.050180598 -0.13046802 25 0 2076 5.9135854 -1.9296272
174 317.6776 453.91427 0.68388532 0.072564221 -0.18340861 25 0 597 1.640166 -0.5372195
175 442.00266 454.90912 0.64558423 -0.37337114 0.084767623 25 0 367 1.2322616 -0.22675726
176 368.81977 458.78951 0.69460204 0.14350671 -0.15287359 25 0 1305 3.7416036 -1.4326444
177 62.900245 459.74736 0.70416777 0.28502649 -0.11293485 25 0 5738 15.357453 -2.965798
178 155.86596 460.99846 0.66713644 0.16564955 -0.16118136 25 0 1203 3.4162801 -1.3338837
179 434.40018 462.49482 0.46208165 0.48604119 -0.13286948 25 0 58621 189.90771 -5.6963565
180 297.88488 463.14703 0.61146406 -0.42020499 -0.54809741 25 0 291 1.0128811 -0.013896171
181 217.4643 468.9939 0.70708958 0.058088008 -0.29005924 25 0 4646 12.153616 -2.7117638
182 435.61023 470.25335 0.6178184 -0.076618579 -0.094891006 25 0 318 1.0243261 -0.02609558
183 349.27615 470.70838 0.55665256 -0.60142836 -0.064048014 25 0 411 1.4219928 -0.38224353
184 267.63983 472.32952 0.63865122 -0.16301354 -0.16791935 25 0 2667 7.3456912 -2.1650817
185 120.7948 472.94876 0.69670776 -0.15602344 -0.33354739 25 0 516 1.4235221 -0.38341054
186 145.65024 478.1929 0.67833854 0.49535838 -0.35030279 25 0 764 2.0436193 -0.77600001
187 345.00466 477.58967 0.6443605 -0.009576728 -0.22653353 25 0 340 1.004636 -0.0050218583
188 70.521155 483.69966 0.69653738 0.46260912 -0.24075684 25 0 1000 2.6586707 -1.0616614
189 246.77177 493.35917 0.64869919 0.05595705 -0.22359903 25 0 407 1.2456352 -0.23847721
190 122.79999 500.276 0.58771531 -0.22257157 -0.32153453 25 0 478 1.3816473 -0.35099295
191 167.93855 500.40767 0.57021323 0.2540967 -0.079787027 25 0 380 1.1195974 -0.12265469
192 123.52203 504.03843 0.60303433 -0.16338017 -0.33573786 25 0 642 1.8182364 -0.64912585
193 169.97673 507.74197 0.71783912 0.04508803 -0.14964595 25 0 927 2.3357162 -0.92105018
194 44.237593 510.56782 0.75428437 -0.10808835 -0.21442951 25 0 609 1.5405438 -0.46918513
195 167.0953 510.8042 0.94412804 0.1542947 -0.45943906 25 0 644 1.406238 -0.37014711
196 242.51824 510.85375 0.79594441 -0.39760676 -0.66409404 25 0 1047 2.5549693 -1.0184642
197 253.5589 510.74346 0.81611974 -0.83538482 -0.65436175 25 0 514 1.222782 -0.21837261
