id xcentroid ycentroid sharpness roundness1 roundness2 npix sky peak flux mag
1 334.05756 0.89900783 0.7255862 -0.20678612 -0.35761906 25 0 375.04272 1.2546557 -0.24631143
2 500.35568 3.0078307 0.68177779 0.17433849 -0.39763355 25 0 330.26469 1.2419705 -0.23527823
3 504.49887 5.0955041 0.75545467 0.22397351 -0.17655808 25 0 380.13944 1.2929111 -0.27892164
4 321.48535 8.5788349 0.55282717 0.57480979 0.12686051 25 0 239.61634 1.219448 -0.21540824
5 293.9468 10.996446 0.69046944 -0.024392962 -0.2556716 25 0 891.42244 3.1244698 -1.2369408
6 302.98988 13.520182 0.65168382 0.17422121 0.15752981 25 0 400.50738 1.5784298 -0.49556318
7 425.20354 14.406133 0.66960816 0.432496 0.058689844 25 0 544.39475 1.9426688 -0.72099693
8 105.72378 18.089082 0.67942609 -0.32880456 -0.26521168 25 0 559.07211 1.9639023 -0.73279968
9 20.971472 20.108435 0.7116699 -0.056404044 -0.22341953 25 0 17233.391 56.478131 -4.3797008
10 331.57373 19.711606 0.58248086 -0.3705376 -0.32271315 25 0 657.78788 2.5268587 -1.0064524
11 404.69393 22.831958 0.65171096 0.047558808 -0.27582929 25 0 773.29133 2.7470425 -1.0971634
12 463.92893 22.794014 0.69113917 0.14444836 -0.15709254 25 0 31336.427 102.95198 -5.0315867
13 422.22991 24.478075 0.69316022 0.50064397 0.35915144 25 0 302.46223 1.271746 -0.26100091
14 330.53258 28.018949 0.63450355 0.40048246 -0.26467599 25 0 325.26104 1.1598674 -0.16102084
15 209.65402 37.799595 0.56283145 -0.37226649 -0.3240064 25 0 275.35554 1.04844 -0.05135899
16 350.54354 41.10961 0.58690759 -0.41208236 -0.31706385 25 0 493.6596 1.9292257 -0.71345761
17 421.70745 40.802241 0.65325622 -0.057747076 -0.51422834 25 0 236.10987 1.0063736 -0.0068980719
18 450.13999 41.522275 0.65796127 0.25493722 -0.080608589 25 0 395.23565 1.4532724 -0.40586758
19 123.10199 43.67824 0.74974114 -0.20021435 -0.28325865 25 0 478.8131 1.4758578 -0.42261128
20 110.03176 47.855938 0.71528112 -0.11877857 -0.2706052 25 0 767.53487 2.6340999 -1.0515806
21 183.10454 48.919198 0.60905054 0.050948665 -0.22648305 25 0 1236.495 4.4263657 -1.6151182
22 202.52113 49.781273 0.64745143 0.13579851 -0.33185509 25 0 2259.8322 7.5115296 -2.189321
23 343.30491 51.096016 0.78400655 0.18184499 -0.24841318 25 0 559.34307 1.8470284 -0.66618395
24 62.843753 52.047263 0.66996931 0.26929522 -0.2078117 25 0 607.5511 2.1568437 -0.83454671
25 321.09625 51.918768 0.30023891 0.22073222 -0.13719731 25 0 58114.396 263.67236 -6.0526615
26 107.81044 54.008702 0.68279047 -0.084071703 -0.29362612 25 0 5786.4237 19.083226 -3.2016295
27 150.84733 54.585656 0.63203182 -0.28890867 -0.3767381 25 0 325.77707 1.0825489 -0.086118794
28 396.44901 55.635463 0.45711855 -0.39961778 0.004742993 25 0 632.40289 2.593327 -1.0346432
29 243.60189 60.859464 0.61259239 -0.25439146 -0.27165485 25 0 345.00661 1.3143746 -0.29679792
30 290.75984 62.56603 0.52329893 -0.13269891 -0.1399796 25 0 1252.6093 4.8063551 -1.7045396
31 467.13073 61.464855 0.58478274 0.16525042 -0.019114739 25 0 804.58354 2.9648746 -1.1800158
32 138.52884 67.102552 0.71031351 0.17890033 -0.13995735 25 0 419.52867 1.4270183 -0.38607385
33 439.61298 69.158515 0.64506496 -0.044752907 -0.30359729 25 0 1632.8503 5.6651184 -1.8830225
34 26.917551 69.809493 0.73817262 0.18277665 -0.18488737 25 0 392.81486 1.338629 -0.31665061
35 498.20201 71.428883 0.57859347 0.037084995 0.041344581 25 0 2996.4741 10.841761 -2.5877495
36 27.955442 74.981153 0.70014717 -0.092786221 -0.14406167 25 0 798.71241 2.8261276 -1.1279794
37 51.130093 74.698124 0.69368932 -0.34357069 -0.24538745 25 0 455.70441 1.520874 -0.45523306
38 166.07655 75.14422 0.60250882 0.11271029 -0.16052769 25 0 328.40665 1.2362632 -0.23027735
39 429.20224 76.000225 0.70203462 -0.026270302 -0.2450522 25 0 1920.3222 6.4771157 -2.0284541
40 108.62596 76.978294 0.65885356 -0.38242983 -0.37263071 25 0 432.74198 1.47276 -0.42032994
41 468.04628 76.86231 0.59390608 0.14032942 -0.13082238 25 0 392.5163 1.631671 -0.53158149
42 414.56811 77.595713 0.68526237 -0.046371795 -0.13510075 25 0 582.47813 1.9704642 -0.73642136
43 52.230395 79.875845 0.70181735 -0.20960775 -0.32456111 25 0 1810.8416 5.8626981 -1.9202438
44 465.18302 84.608802 0.641505 0.18602931 0.045378091 25 0 962.41035 3.2839419 -1.2909887
45 347.09216 88.652622 0.62130861 0.094406286 -0.10044311 25 0 3348.8117 11.648187 -2.6656459
46 116.2766 91.722441 0.65759909 0.22987832 -0.23426479 25 0 537.36295 1.7948912 -0.6350953
47 431.41087 93.773343 0.6640073 -0.42714864 -0.11610322 25 0 311.5193 1.3055686 -0.28949925
48 88.493674 95.308606 0.72779428 0.10957999 -0.19651533 25 0 559.18077 1.6948063 -0.57280014
49 140.99984 95.475717 0.58451824 0.098329996 -0.18822162 25 0 349.09055 1.3185713 -0.30025906
50 487.42919 95.520715 0.59555584 0.6263274 -0.15665042 25 0 18780.44 63.782242 -4.5117495
51 151.4055 102.26782 0.66298988 0.1866884 -0.23723785 25 0 477.00122 1.464774 -0.41442656
52 280.14782 102.96063 0.63622457 -0.21609115 -0.27559055 25 0 1361.3083 4.7861389 -1.6999632
53 284.13179 104.67681 0.62542147 -0.29588952 -0.21824205 25 0 1429.1199 4.8996366 -1.7254097
54 182.45229 105.61134 0.59693487 -0.40641635 -0.24770302 25 0 1521.6134 5.0718505 -1.7629161
55 112.08199 109.41227 0.58482351 0.059109941 0.031207097 25 0 369.52255 1.3343385 -0.31316502
56 447.90989 109.49128 0.5929337 -0.079373342 0.20832037 25 0 331.28391 1.3551141 -0.32993963
57 50.158385 109.71206 0.63646225 -0.15491086 -0.19768323 25 0 4441.8568 15.013573 -2.9412101
58 58.000537 111.02182 0.60284717 -0.018610206 -0.33495077 25 0 260.57476 1.1569403 -0.1582774
59 293.13144 111.67859 0.59119172 -0.27877086 -0.39800484 25 0 320.55419 1.3541569 -0.32917249
60 505.61251 111.98508 0.70776453 0.015503633 -0.34702379 25 0 2280.9979 7.1905759 -2.1419092
61 485.72272 115.40039 0.54399708 0.38753735 0.050483482 25 0 1862.9386 7.0102123 -2.1143279
62 328.6285 121.12258 0.68815675 -0.037901694 -0.35451548 25 0 590.02756 2.0418644 -0.77506725
63 215.5503 122.9274 0.67124741 -0.22998324 -0.39122435 25 0 17243.53 55.524988 -4.3612212
64 232.8802 123.03163 0.66754428 0.13765802 -0.25462331 25 0 1158.0344 3.7757701 -1.4425138
65 242.89672 124.43234 0.57813413 -0.088144645 -0.14089515 25 0 1719.1282 6.1540146 -1.9728963
66 299.52786 124.12108 0.68970325 0.086016321 -0.36915059 25 0 1179.7853 3.8537918 -1.4647206
67 94.532316 126.42291 0.66900563 0.51629639 -0.22483393 25 0 488.31989 1.622845 -0.52569261
68 195.19123 126.19191 0.69365782 -0.24801542 -0.20103923 25 0 632.87503 2.1248535 -0.8183225
69 444.77187 125.81704 0.70675798 0.45703207 -0.077048289 25 0 403.13125 1.3645847 -0.33750123
70 149.00503 127.87738 0.66858141 -0.34180209 -0.26498314 25 0 467.22973 1.4810092 -0.4263944
71 47.214637 127.67087 0.57799954 -0.17302206 -0.22928267 25 0 525.13895 2.0032448 -0.75433507
72 146.67682 129.51902 0.53170457 0.30345463 -0.10980156 25 0 1750.0822 6.5156784 -2.0348991
73 474.71306 130.05187 0.71064828 0.19777991 -0.10687579 25 0 468.08445 1.6015474 -0.51134952
74 170.73825 135.03605 0.6491299 -0.081318978 -0.30207306 25 0 1899.9248 6.3503483 -2.0069939
75 2.1800866 136.41342 0.60439027 0.11339007 -0.13578622 25 0 1179.1784 4.3089749 -1.5859349
76 248.21409 138.36285 0.63189944 0.51635277 -0.057513669 25 0 464.84576 1.5229895 -0.45674224
77 390.51486 146.61732 0.60617848 0.43199866 -0.23070805 25 0 10875.61 36.822779 -3.9152914
78 379.05579 149.59432 0.60971758 0.11708888 0.089181544 25 0 270.94275 1.1924736 -0.19112196
79 293.49784 152.07981 0.7015951 0.087647093 -0.3816908 25 0 3112.8914 9.8005831 -2.4781298
80 9.4892548 152.63121 0.61092798 -0.21382009 -0.22058472 25 0 691.07902 2.4151495 -0.95736006
81 478.72877 158.65264 0.64269779 0.33891014 -0.09904848 25 0 7899.8432 26.710917 -3.566722
82 92.206898 166.21221 0.70956138 0.34498661 -0.2888024 25 0 524.07921 1.7433867 -0.60348435
83 380.5499 168.143 0.66785579 0.066399374 -0.37197191 25 0 51087.985 164.5562 -5.5407857
84 201.02875 171.91516 0.59462336 -0.14859664 -0.28817332 25 0 501.22128 1.7250132 -0.59198107
85 273.93035 171.84317 0.63568812 0.54832285 0.25600534 25 0 240.13738 1.00253 -0.0027434884
86 419.65351 171.62348 0.70468249 0.35139617 -0.17903946 25 0 528.38335 1.8095471 -0.64392475
87 148.15619 175.43333 0.6284447 0.24174722 -0.046228892 25 0 540.74954 1.7431497 -0.6033367
88 450.512 178.14049 0.53978871 0.43286417 -0.20148848 25 0 241.67286 1.2898845 -0.27637704
89 28.169461 178.83296 0.57253366 -0.35770695 -0.10088429 25 0 366.4402 1.4863685 -0.43031622
90 220.6437 180.4794 0.5769486 -0.3245013 -0.18911147 25 0 1595.7452 5.4666332 -1.8442998
91 340.91939 180.36416 0.54125796 0.055149518 -0.041438139 25 0 483.30107 1.920492 -0.70853124
92 472.68089 180.03117 0.68175549 -0.054560908 -0.23205442 25 0 7456.0447 24.673826 -3.4805913
93 158.76572 181.10926 0.62917918 -0.05531608 -0.2885487 25 0 997.40205 3.4159123 -1.3337668
94 407.87405 182.17012 0.40882972 -0.0276475 0.093874846 25 0 230.13423 1.2140294 -0.21057303
95 147.26232 183.78427 0.6248705 -0.35725278 -0.2774974 25 0 1639.635 5.6076084 -1.8719442
96 11.505363 189.45499 0.65034219 0.41475477 -0.22935749 25 0 670.44994 2.1632041 -0.83774374
97 415.53206 189.24701 0.62550269 -0.35172599 -0.31406984 25 0 2606.173 8.8172694 -2.3633353
98 109.56882 189.62364 0.56977957 0.48797689 -0.09252737 25 0 1524.648 5.1184355 -1.7728431
99 405.50011 191.51798 0.49739617 -0.47473221 -0.043125346 25 0 427.11814 1.7493307 -0.60717977
100 477.32581 191.09412 0.69180865 0.11027112 -0.26760259 25 0 818.75448 2.8348279 -1.1313167
101 221.43319 192.66648 0.61894374 -0.31314196 -0.18123069 25 0 1010.242 3.3048886 -1.2978921
102 416.03882 194.28408 0.59474275 -0.17168323 -0.026813206 25 0 897.81831 3.3267904 -1.3050636
103 183.84389 195.26102 0.68513884 0.0088422587 -0.24628226 25 0 738.45622 2.3405034 -0.92327321
104 66.22046 196.08622 0.67772143 -0.00075010506 -0.24798256 25 0 44137.976 146.82558 -5.4170043
105 115.91997 197.57652 0.62837027 0.13618228 -0.098395452 25 0 344.60802 1.1938532 -0.19237732
106 415.11827 202.22282 0.5614495 0.075844304 -0.22759487 25 0 338.48661 1.509614 -0.44716482
107 449.38461 206.17883 0.68081569 0.18529555 -0.17674482 25 0 661.97115 2.3371513 -0.92171708
108 162.68863 208.18689 0.55115077 -0.15043355 -0.31130218 25 0 570.31956 2.0408879 -0.77454786
109 343.4965 207.92538 0.72832373 0.64485782 -0.11824134 25 0 338.56461 1.1447946 -0.1468189
110 376.63166 207.73535 0.75213865 0.49485186 -0.16914101 25 0 340.45452 1.1146269 -0.11782377
111 193.1708 209.40313 0.5861358 -0.31528381 -0.38526076 25 0 318.53028 1.1473708 -0.1492595
112 61.194702 210.11994 0.72500319 0.0011646272 -0.17479081 25 0 698.41197 2.3631944 -0.93374863
113 503.25935 209.86079 0.67836741 -0.041339781 -0.15731331 25 0 1851.8941 6.2634855 -1.9920402
114 141.79677 212.06662 0.70970534 -0.14278759 -0.44073366 25 0 353.49129 1.2254177 -0.2207104
115 463.89448 212.17379 0.66940483 -0.36786853 -0.13501827 25 0 734.0328 2.591501 -1.0338785
116 409.92297 214.79156 0.40148081 -0.61208403 -0.17211375 25 0 184.99964 1.1208047 -0.12382487
117 497.29629 215.91554 0.68386914 -0.096856367 -0.2334751 25 0 3632.072 12.114886 -2.7082984
118 508.689 218.27151 0.6604645 0.045283113 -0.16528828 25 0 283.83335 1.0262096 -0.028090222
119 7.1114243 219.21757 0.70771404 0.36292652 -0.44438058 25 0 491.5114 1.5967374 -0.50808375
120 9.2243608 220.71717 0.69916017 0.19497554 -0.54139748 25 0 439.09698 1.5349971 -0.46526887
121 420.06162 222.11198 0.68559779 -0.032951484 -0.31021189 25 0 1169.551 3.9101663 -1.4804881
122 320.87805 224.13481 0.63776307 -0.13458804 -0.30332766 25 0 1660.7115 5.7569919 -1.9004891
123 251.05846 226.10557 0.69270318 -0.25053659 -0.21892291 25 0 816.63931 2.6086713 -1.0410484
124 145.36993 227.44631 0.63237057 0.37836956 -0.20136143 25 0 955.94396 3.1023348 -1.2292217
125 488.27399 227.99404 0.81375854 0.44619621 0.0043143854 25 0 336.97901 1.0671959 -0.070610409
126 215.27651 230.95698 0.61445807 0.12937776 -0.19968675 25 0 288.81169 1.0075255 -0.0081400717
127 473.85036 230.8685 0.66275742 0.0061990241 -0.21243489 25 0 5106.4686 17.137045 -3.0848399
128 234.45907 232.89069 0.66738703 -0.019812321 -0.37728725 25 0 2816.2904 8.9128372 -2.3750399
129 346.63854 235.08992 0.64598324 -0.17416083 -0.30812304 25 0 4504.9583 15.073335 -2.9455234
130 416.66891 235.89117 0.64585545 0.060323171 -0.25316322 25 0 14600.644 49.005957 -4.2256222
131 321.5567 237.33645 0.60984232 -0.2508304 -0.25424758 25 0 951.96402 3.1857226 -1.2580199
132 485.90171 238.02127 0.59859437 0.67570601 0.083247491 25 0 341.69709 1.3830871 -0.35212386
133 175.02074 243.5978 0.58213574 -0.083558785 -0.22601971 25 0 634.77716 2.164477 -0.83838245
134 235.06446 244.5248 0.53001303 0.04220887 -0.13146772 25 0 697.95656 2.6164157 -1.0442669
135 425.84153 247.38953 0.61776682 -0.072030152 -0.10266892 25 0 1910.2927 6.6055078 -2.0497655
136 25.475783 247.56522 0.53502643 -0.24874411 -0.3165897 25 0 300.10079 1.3038268 -0.28804977
137 198.67958 261.07764 0.64619937 -0.1306746 -0.30853201 25 0 5265.561 17.632359 -3.115776
138 422.67828 260.86447 0.65152552 0.069548906 -0.2535885 25 0 7946.7296 26.630902 -3.5634647
139 260.7505 263.64757 0.60455166 0.49502686 -0.10255107 25 0 417.73791 1.4936734 -0.43563912
140 326.28225 270.01606 0.73455787 -0.21139343 -0.35757406 25 0 417.77267 1.3367402 -0.31511755
141 99.467436 271.28421 0.66608152 -0.10778194 0.043508429 25 0 344.72146 1.0981036 -0.10160826
142 21.30536 281.78504 0.54423192 0.10129099 -0.0091829628 25 0 229.43152 1.0087852 -0.0094967767
143 27.926839 281.731 0.65266323 0.056690231 -0.17128553 25 0 1599.2078 5.50328 -1.851554
144 209.93545 290.12698 0.58998412 -0.22894365 -0.50174151 25 0 330.69448 1.0416808 -0.044336652
145 42.172751 291.01961 0.67138215 -0.12947115 -0.25631312 25 0 805.46696 2.738389 -1.0937378
146 342.49692 293.61915 0.55573036 0.601004 -0.090717614 25 0 4419.4622 15.395511 -2.9684853
147 155.22477 294.62231 0.48804704 -0.33444237 -0.23970577 25 0 732.59649 2.8643279 -1.1425568
148 33.719412 295.91692 0.66644083 0.065509587 -0.20105865 25 0 1385.7311 4.4846013 -1.6293096
149 62.011516 295.7764 0.62365625 -0.027736711 -0.35975071 25 0 1186.6967 4.1226703 -1.5379465
150 316.78588 298.11009 0.55372168 -0.040924934 -0.26891057 25 0 394.58529 1.5021417 -0.44177728
151 447.89939 298.46366 0.53973594 0.2124575 -0.032773126 25 0 617.97211 2.292238 -0.90064926
152 27.044598 302.77398 0.66645875 0.47844228 -0.087042583 25 0 297.6534 1.1068983 -0.11026932
153 131.15189 305.46052 0.63963406 0.33737437 -0.050516017 25 0 459.09484 1.4752551 -0.42216781
154 45.501788 311.45694 0.62020428 0.49237685 -0.10791686 25 0 1126.6151 3.7272051 -1.4284582
155 393.2426 311.68187 0.68774981 0.38028103 -0.22651062 25 0 483.21815 1.5628731 -0.48480926
156 188.8591 317.16356 0.63474204 -0.23530406 -0.31784556 25 0 876.81642 2.8482976 -1.1364634
157 420.69765 317.31077 0.63603094 0.22368096 -0.1142139 25 0 1098.0816 3.7803978 -1.4438438
158 108.1628 321.84305 0.64393445 -0.077689475 -0.24974058 25 0 3694.7439 12.497321 -2.7420423
159 30.12728 325.80472 0.72801144 -0.14428385 -0.51054382 25 0 378.10369 1.1474023 -0.14928927
160 157.67719 331.31632 0.4915188 -0.2271233 -0.28558141 25 0 284.09117 1.0456697 -0.048486267
161 300.14024 333.87873 0.5282387 0.070460987 -0.64190264 25 0 456.04371 1.6589899 -0.54960936
162 233.31657 336.47486 0.48250509 0.32905978 0.021105023 25 0 298.31233 1.0897781 -0.093345182
163 257.65302 340.92017 0.71209632 -0.052991663 -0.3203553 25 0 613.9872 1.8624579 -0.67521615
164 350.46239 341.58123 0.50689173 0.39475392 -0.059157299 25 0 397.76367 1.4519998 -0.40491639
165 1.0055973 341.58347 0.61236681 0.11502661 -0.035078631 25 0 12123.13 42.64063 -4.074559
166 47.299333 342.77385 0.69979197 -0.35480918 -0.31943514 25 0 1102.9796 3.4919799 -1.3576793
167 234.05806 342.37492 0.52660839 -0.0031827818 -0.092480693 25 0 760.85936 2.7233153 -1.0877448
168 458.90936 349.16882 0.68725798 -0.011176331 0.1473349 25 0 1053.9145 3.2421031 -1.277067
169 230.32726 352.22234 0.56823096 0.13686237 -0.30658398 25 0 320.05549 1.0300996 -0.032198044
170 330.97716 354.9965 0.69606742 -0.016284189 -0.23709821 25 0 837.05395 2.7118633 -1.0831695
171 210.19158 358.5903 0.58445456 0.30037267 -0.046522909 25 0 4591.7762 15.724148 -2.9914178
172 352.14092 360.15567 0.62006794 0.014992509 -0.15490168 25 0 1168.4573 4.1225327 -1.5379103
173 269.01906 362.53608 0.5776144 0.035894087 -0.12663684 25 0 23345.338 81.9442 -4.7837955
174 384.77506 369.82651 0.67430225 -0.029950265 -0.24733578 25 0 2209.8561 7.3472204 -2.1653077
175 450.11163 370.51878 0.65324155 -0.38998927 -0.0053917102 25 0 375.20621 1.0899762 -0.093542548
176 196.50836 371.42714 0.51513747 -0.50741926 -0.12260021 25 0 1248.0176 4.3572576 -1.5980331
177 248.53703 372.76002 0.66064583 -0.40760817 -0.32126051 25 0 2656.7582 8.4206215 -2.3133604
178 66.053947 374.05094 0.68800649 0.026286626 -0.26746299 25 0 5792.5906 18.991244 -3.1963836
179 398.00234 374.12825 0.68859829 -0.13853877 -0.21368348 25 0 1369.2365 4.5435281 -1.643483
180 109.23141 374.96211 0.66905053 0.088579084 -0.24143745 25 0 531.07207 1.6091544 -0.51649431
181 469.65573 376.28597 0.67042081 -0.32163995 -0.17155157 25 0 9757.5119 31.991147 -3.7625745
182 446.20611 384.03629 0.73264017 0.2398622 -0.14455602 25 0 372.56713 1.1273042 -0.13010285
183 336.33521 387.23996 0.63475296 0.16343084 -0.23003145 25 0 3486.6285 11.791064 -2.6788825
184 45.232365 388.16248 0.69696172 0.080864441 -0.24618272 25 0 4177.3273 13.600141 -2.8338585
185 90.81889 389.93392 0.74463172 -0.033730202 -0.27752286 25 0 745.60075 2.1091962 -0.81029246
186 197.7859 391.5528 0.57471946 0.36785968 -0.20429637 25 0 583.23859 1.9167513 -0.70641443
187 239.45143 392.26047 0.51877127 -0.58752701 -0.76342965 25 0 305.56991 1.008988 -0.0097150372
188 70.746539 392.91557 0.61688342 -0.11291735 -0.38700193 25 0 369.7916 1.2624051 -0.25299685
189 454.24515 392.74732 0.70415384 -0.68272756 0.021540974 25 0 726.73882 2.1569031 -0.83457658
190 114.92664 394.1786 0.68850838 0.1398559 -0.203596 25 0 1678.3302 5.2780528 -1.8061843
191 486.80492 394.62451 0.51033798 0.5213814 -0.14986491 25 0 314.17582 1.1773086 -0.17722581
192 454.95546 396.33502 0.66587604 -0.2024793 -0.14544473 25 0 2287.575 7.4945187 -2.1868594
193 425.54784 396.67982 0.64431866 0.14232842 -0.23358456 25 0 2569.7881 8.5393054 -2.3285564
194 30.539974 399.06871 0.7066656 0.27142984 -0.46546882 25 0 632.87327 2.0025972 -0.75398403
195 216.94581 404.2745 0.64641719 -0.062742533 -0.21572087 25 0 8166.1144 27.146945 -3.5843024
196 347.6119 406.38836 0.50572361 0.26623208 -0.30617798 25 0 618.54176 2.242159 -0.87666602
197 246.22377 411.81394 0.69765649 0.33706387 -0.26713803 25 0 832.5455 2.5633568 -1.0220227
198 382.79167 411.39643 0.61043472 0.5670109 0.1196932 25 0 572.08584 1.8950408 -0.69404639
199 243.48064 415.50861 0.60135979 0.52338158 -0.17088413 25 0 1700.9079 5.631475 -1.8765554
200 261.5382 415.15428 0.59106916 -0.19605951 -0.44117713 25 0 341.88653 1.0954003 -0.098932112
201 464.77756 416.12054 0.8243555 0.34116052 -0.10669477 25 0 637.45414 1.7108306 -0.58301751
202 75.483151 420.6628 0.5575555 -0.46605976 -0.32036231 25 0 861.70886 2.9576785 -1.1773774
203 99.560498 422.05653 0.71826823 -0.068010626 -0.40096715 25 0 2457.245 7.5187717 -2.1903672
204 275.14424 432.3453 0.68621167 -0.16677796 0.16465018 25 0 462.9399 1.378289 -0.34835075
205 155.87919 433.83205 0.63528728 0.15097044 -0.5043061 25 0 406.83395 1.2426236 -0.235849
206 185.17607 439.25891 0.71441897 -0.021528774 -0.0016044477 25 0 445.53615 1.1898469 -0.18872773
207 150.21517 440.21552 0.6776004 0.057089064 -0.27282489 25 0 2537.7413 8.1352948 -2.2759332
208 123.70592 441.10157 0.67090227 -0.060291788 -0.29711243 25 0 1179.4148 3.673454 -1.4126865
209 372.35016 441.25744 0.53249577 0.14515351 -0.12463148 25 0 349.57468 1.128653 -0.13140114
210 165.23379 441.77659 0.6000683 0.075243011 -0.0055516148 25 0 381.89285 1.1952103 -0.19361086
211 152.26214 442.91684 0.62278797 0.30093876 -0.74965172 25 0 420.44228 1.1997107 -0.1976913
212 223.43829 443.62706 0.59874602 0.24287731 -0.28374957 25 0 1044.8622 3.4116436 -1.3324091
213 482.26952 443.73849 0.30042548 -0.18169805 -0.25886618 25 0 60716.749 241.42232 -5.9569435
214 336.03884 445.58984 0.61507484 -0.019665626 -0.12154409 25 0 3291.2309 11.340467 -2.6365774
215 236.59667 448.11809 0.7082553 -0.27073775 -0.36799046 25 0 1332.1762 4.0001137 -1.5051808
216 82.598553 449.89053 0.71259169 0.05198369 -0.33518375 25 0 16516.64 52.768794 -4.3059429
217 467.49952 450.88208 0.73429098 -0.34442035 -0.44159827 25 0 402.73584 1.1527882 -0.15437378
218 203.47805 457.79058 0.58787991 0.8219407 0.15545655 25 0 374.77408 1.1052008 -0.10860294
219 454.3762 456.96643 0.63640193 -0.10123919 -0.39657865 25 0 384.77967 1.2347304 -0.22893037
220 468.45398 460.25049 0.67292602 -0.46764052 -0.30922339 25 0 2268.5254 7.1690335 -2.1386515
221 370.8599 462.65284 0.51806681 0.35248305 -0.28369063 25 0 362.14052 1.3545174 -0.32946147
222 302.58213 463.7962 0.75597425 -0.41471054 -0.36380985 25 0 809.65592 2.2676584 -0.88894411
223 426.40932 465.05279 0.70630079 -0.21915334 -0.36064312 25 0 519.73982 1.4279396 -0.38677457
224 470.80014 466.51575 0.64188924 0.14565655 0.11159815 25 0 298.81816 1.0049262 -0.0053354573
225 47.625964 469.40383 0.627695 -0.27114306 -0.15309217 25 0 5635.1951 18.971041 -3.1952279
226 353.41842 468.71541 0.62113663 -0.021764183 -0.3849851 25 0 1324.4422 4.3896061 -1.6060639
227 140.61034 470.67414 0.70994657 0.29971647 -0.22447447 25 0 1322.1038 3.9874602 -1.5017409
228 419.0843 472.48341 0.42868005 -0.055574605 -0.21769868 25 0 60821.497 244.17465 -5.9692515
229 282.77793 473.02342 0.69334545 -0.30853059 -0.2126313 25 0 424.94751 1.2159467 -0.21228631
230 37.092312 474.58091 0.43442943 0.57192239 0.1439314 25 0 293.79542 1.1174054 -0.12052693
231 396.31516 474.61681 0.75230836 -0.35988509 -0.24242548 25 0 383.04043 1.0594872 -0.062739317
232 202.41563 478.76175 0.66886055 -0.2679768 -0.28548709 25 0 5195.2541 16.74902 -3.0599735
233 420.39325 480.22407 0.69467443 -0.33592276 -0.2274178 25 0 607.8072 1.5587234 -0.48192261
234 36.671964 481.25707 0.56775979 0.084001801 -0.58808532 25 0 316.37135 1.240323 -0.23383698
235 333.97305 480.49824 0.53125011 -0.72051274 -0.34094388 25 0 571.66762 1.8766996 -0.68348693
236 252.54935 482.11917 0.70866636 -0.046758162 -0.38358281 25 0 3542.1517 11.062259 -2.6096096
237 105.59113 482.64922 0.67558368 0.59919603 0.078128886 25 0 519.26442 1.4520029 -0.40491868
238 329.88944 487.58776 0.58377078 -0.12010677 -0.13811831 25 0 461.12124 1.4724837 -0.42012628
239 130.31693 488.02423 0.69792468 -0.0010456086 -0.34149963 25 0 1046.3812 3.2072014 -1.2653156
240 55.538032 493.28008 0.66752842 0.24024596 -0.35510739 25 0 1156.3493 3.6845019 -1.415947
241 231.73132 503.05423 0.62214057 -0.21200581 -0.46791521 25 0 474.36956 1.4565846 -0.40833928
242 488.57637 505.42746 0.61710117 -0.22612568 -0.21191028 25 0 389.39576 1.2449789 -0.23790496
243 141.56111 506.9471 0.77920717 -0.033425763 -0.37071278 25 0 457.14794 1.195108 -0.19351785
244 58.688404 508.27826 0.63848787 0.61409696 -0.073687175 25 0 439.89922 1.4526299 -0.40538747
245 107.44378 509.82504 0.72329181 -0.35164569 -0.46091497 25 0 736.4813 2.2484809 -0.87972303
246 152.67236 510.14051 0.71398366 -0.2120411 -0.37214221 25 0 725.53143 2.2401724 -0.87570362
