id xcentroid ycentroid sharpness roundness1 roundness2 npix sky peak flux mag
1 344.47393 0.50118075 0.56664797 -0.58557497 0.03394795 25 0 695.96807 3.2533339 -1.2808216
2 353.43378 2.9114852 0.737539 -0.469304 -0.21404038 25 0 435.31724 1.7180162 -0.58756813
3 475.93571 3.229323 0.67051287 0.653027 0.60900586 25 0 536.84956 2.2297898 -0.87065982
4 156.3081 8.1236998 0.73468228 -0.16230527 0.087100509 25 0 623.00792 2.5607244 -1.0209071
5 2.2001771 8.4908158 0.73460588 0.33936118 0.1695104 25 0 986.0035 3.8460274 -1.4625309
6 10.674541 8.7327523 0.76227758 0.33657303 0.055220046 25 0 593.20056 2.3302461 -0.9185045
7 381.93211 9.0437019 0.79150631 -0.039952039 0.044143435 25 0 1092.2294 4.1012154 -1.5322815
8 71.494984 10.262806 0.58720669 0.14117048 -0.033239683 25 0 13212.266 59.796431 -4.4416882
9 18.917228 11.909211 0.79642172 -0.016465416 0.1118246 25 0 7546.2731 29.14437 -3.6613867
10 455.36503 12.026361 0.67831511 -0.1279513 -0.0094317096 25 0 824.68884 3.4362363 -1.3402076
11 0.95032866 13.536672 0.72339505 -0.21395833 0.30694648 25 0 4117.7667 16.537013 -3.0461426
12 472.52647 13.436546 0.67270708 0.62320601 0.26293602 25 0 313.51298 1.3903039 -0.35777434
13 380.96696 17.348805 0.61583165 0.04669275 0.23567553 25 0 306.82818 1.4111778 -0.37395435
14 382.13933 22.98975 0.74490043 -0.076970022 -0.0032191268 25 0 306.70465 1.2753812 -0.26410001
15 24.62538 23.803314 0.62310862 0.15182399 0.028728649 25 0 287.85201 1.1521696 -0.15379105
16 259.78601 27.485329 0.72375344 0.29166147 0.34029819 25 0 334.23729 1.3467684 -0.32323226
17 401.18167 30.419238 0.65854343 0.19551036 0.060646144 25 0 646.83331 2.7056517 -1.0806797
18 472.12481 29.670379 0.76066964 -0.28313001 0.011958788 25 0 277.92872 1.1327549 -0.13533988
19 500.81164 30.374301 0.76720358 0.49165004 0.35493447 25 0 481.29299 1.7836345 -0.62826466
20 173.60749 33.472067 0.6044745 0.10830079 0.1102606 25 0 382.95578 1.6953272 -0.5731338
21 160.55841 37.526495 0.61214184 0.46399956 0.045272697 25 0 544.99676 2.2963373 -0.90258922
22 233.58834 38.665556 0.6261175 -0.30264941 -0.046757206 25 0 1061.796 4.5038367 -1.6339566
23 252.95404 39.542806 0.68984597 0.069574526 0.30449189 25 0 2528.0604 10.24729 -2.5265226
24 466.31011 39.140211 0.65290257 -0.14876566 0.092193975 25 0 330.09041 1.3158318 -0.29800092
25 393.57535 40.369029 0.67825573 -0.29957678 -0.086885188 25 0 592.89621 2.3904745 -0.9462103
26 371.51653 41.412545 0.45274274 -0.48841589 0.086039546 25 0 59467.328 273.89947 -6.093978
27 113.39193 41.998316 0.67952312 -0.08236322 -0.090757165 25 0 636.091 2.665766 -1.064555
28 297.08859 41.853763 0.61529607 0.4056931 0.20926529 25 0 339.66479 1.4916981 -0.43420236
29 0.25747534 43.017122 0.81560394 0.25223411 0.37123061 25 0 705.67293 2.618071 -1.0449535
30 158.39345 43.902982 0.6707836 -0.19389351 -0.058992848 25 0 5527.0388 23.153194 -3.4115273
31 201.35995 44.191383 0.57361689 0.26738001 -0.024205257 25 0 346.96426 1.5399795 -0.46878733
32 447.26805 44.752848 0.73171382 -0.011359916 0.16761046 25 0 1261.2965 5.088416 -1.7664565
33 91.877142 46.39326 0.52658486 -0.23047633 -0.0042894187 25 0 312.37515 1.7784713 -0.62511718
34 280.48488 49.081672 0.58150699 -0.21335755 0.024629467 25 0 313.32693 1.4894911 -0.43259479
35 447.59523 49.934377 0.76643365 -0.70498576 0.04169486 25 0 331.59571 1.2765544 -0.26509828
36 99.552987 51.361842 0.86457653 -0.70412905 0.23814003 25 0 327.52184 1.1019336 -0.10538857
37 293.98073 50.49374 0.53772199 0.503107 0.39148202 25 0 351.58546 1.6483439 -0.54261953
38 341.29495 51.881514 0.66308212 -0.14814083 0.024952011 25 0 1759.0767 7.3699815 -2.168666
39 189.26949 56.908536 0.71278509 0.47248503 0.14037413 25 0 369.38228 1.4651082 -0.41467426
40 490.33498 58.235271 0.64848619 0.32832794 0.05086928 25 0 1704.923 7.3284354 -2.1625282
41 77.555724 60.024442 0.74814365 -0.30939783 -0.26438455 25 0 329.25025 1.2341647 -0.22843279
42 44.676669 62.812 0.65027799 -0.14776497 0.25764668 25 0 505.39921 2.164309 -0.83829817
43 396.33355 62.317118 0.46989503 0.89599283 0.23631545 25 0 209.58003 1.0742405 -0.077753799
44 78.454527 65.009604 0.73011667 0.016411858 0.0031852237 25 0 647.8655 2.4983532 -0.99413459
45 101.65942 64.760213 0.67580228 -0.39242375 0.02048491 25 0 486.61654 2.116923 -0.81426267
46 216.33532 65.02307 0.5222811 -0.21093776 -0.040963187 25 0 291.34357 1.4123181 -0.37483133
47 479.93731 65.23892 0.73728222 -0.074217397 0.12595294 25 0 2029.8749 8.0877782 -2.2695731
48 44.986277 66.810578 0.8411299 -0.052265948 0.29918852 25 0 613.28005 2.22475 -0.86820302
49 159.41216 66.696878 0.66429291 -0.85573088 0.005757168 25 0 407.23808 1.6300834 -0.53052459
50 465.17709 66.961164 0.64256102 0.086981171 0.12246922 25 0 707.29216 3.1446846 -1.2439427
51 102.79049 69.843192 0.73760826 0.12094125 0.057383093 25 0 2000.9323 7.9817782 -2.2552491
52 9.0102272 75.640046 0.79473613 0.23554926 0.16804582 25 0 507.39834 1.9366179 -0.71760983
53 2.1763044 78.231251 0.65065605 -0.0024601098 0.18640789 25 0 785.89805 3.6069453 -1.3928489
54 397.69785 77.961877 0.69499506 0.010931117 0.023089391 25 0 3846.6015 15.715472 -2.9908186
55 18.137571 81.018548 0.72941851 -0.17262801 -0.02171558 25 0 1036.6931 4.3309044 -1.5914465
56 166.72377 81.500903 0.5786954 0.48251565 0.11676761 25 0 460.27199 2.1686862 -0.84049179
57 482.23228 83.060544 0.65257659 0.1364623 -0.056111377 25 0 301.30358 1.4373466 -0.39390373
58 139.15031 85.21592 0.7007995 -0.078837999 0.031612025 25 0 735.23759 3.0908735 -1.2252031
59 191.5086 85.254133 0.6556132 0.22363605 -0.23204745 25 0 354.95599 1.5796526 -0.496404
60 201.98955 91.940748 0.66794984 0.23981065 0.089656282 25 0 483.35772 2.0594222 -0.78436346
61 330.64333 92.358278 0.67239352 -0.58678133 -0.014643398 25 0 1381.1481 5.7863931 -1.9060198
62 334.62903 94.12295 0.68744682 -0.5640476 -0.1251841 25 0 1604.9712 6.3101834 -2.000105
63 232.82477 95.327606 0.67967489 -0.081126742 0.11719077 25 0 1839.453 7.6287572 -2.2061345
64 0.077560198 95.826949 0.96527341 0.37653008 0.5155487 25 0 1186.0048 4.0610533 -1.5215967
65 413.81863 97.567975 0.61327811 0.75450043 0.86034953 25 0 219.28798 1.1233937 -0.12632996
66 162.64207 99.137254 0.83725263 0.11592266 0.11357291 25 0 534.83769 1.9397217 -0.71934859
67 498.75431 98.722354 0.64285401 -0.13634642 0.0041208449 25 0 460.5457 2.0436989 -0.77604227
68 100.68611 99.691667 0.65799067 0.05244293 0.030178888 25 0 3538.3261 15.061512 -2.9446714
69 108.76488 100.92184 0.78540347 0.11446951 0.20720144 25 0 345.73634 1.2994371 -0.28438819
70 343.63507 101.11627 0.54010801 0.051417376 -0.02606055 25 0 332.02512 1.7329828 -0.5969856
71 379.42288 110.58978 0.47357851 0.27457778 0.057853993 25 0 469.44682 2.566394 -1.0233083
72 265.86554 112.55839 0.66903206 0.18694802 0.17629748 25 0 17852.93 74.612237 -4.6820252
73 283.28629 112.62806 0.67166642 -0.28099205 0.083734739 25 0 1056.585 4.3065522 -1.5853243
74 293.41617 114.00491 0.65873373 -0.1583385 -0.015863717 25 0 2020.7367 8.5027247 -2.3238953
75 350.12519 113.53369 0.64861207 -0.16454528 0.11050481 25 0 1213.5957 5.2029182 -1.7906175
76 495.4832 115.15942 0.60000618 -0.29389253 0.098260106 25 0 373.39588 1.7977705 -0.6368356
77 144.99156 116.22482 0.61418467 0.25172496 0.18312563 25 0 523.374 2.4457176 -0.97101575
78 245.55844 115.79042 0.71926673 -0.06684467 -0.25743287 25 0 544.27036 2.037321 -0.77264867
79 97.831099 117.80474 0.72087256 0.23978426 0.05263868 25 0 630.35057 2.5125103 -1.0002696
80 197.39941 119.26888 0.62871049 0.18898659 0.015701634 25 0 2037.4963 8.6696296 -2.3450014
81 30.082909 121.26619 0.81256954 0.02093571 0.16481452 25 0 585.93726 2.1979278 -0.85503354
82 221.26678 124.66921 0.67658177 -0.04213409 0.11746763 25 0 1885.7018 7.812731 -2.2320072
83 25.090543 127.25787 0.77409014 -0.16627286 0.14983241 25 0 528.90549 2.188421 -0.85032718
84 52.655374 126.50923 0.61354112 0.43451085 0.12756616 25 0 1136.9932 5.0219199 -1.7521744
85 298.84815 127.78702 0.63801795 0.053274787 0.055390264 25 0 487.9219 2.1846523 -0.8484558
86 315.81202 134.13404 0.47490111 -0.47722572 0.24323747 25 0 219.32385 1.3666854 -0.33917138
87 441.34093 135.75124 0.65341735 -0.14351053 0.04567499 25 0 12776.39 53.871776 -4.3284032
88 429.92899 138.97469 0.6757469 -0.59859834 0.034494985 25 0 333.32094 1.4687046 -0.41733615
89 344.14129 141.46929 0.6406154 -0.054278209 0.26601059 25 0 2987.4141 12.647588 -2.7550192
90 59.911459 142.87631 0.74333536 -0.10324825 0.0056199982 25 0 967.64305 3.9446174 -1.4900122
91 97.170718 145.09836 0.81172358 -0.25301882 0.43497693 25 0 280.94592 1.0443234 -0.04708748
92 42.988995 146.85348 0.8233257 0.0049772433 0.10120253 25 0 846.48715 3.0835452 -1.2226258
93 497.25671 146.73693 0.42249429 0.60334834 -0.17314658 25 0 160.85428 1.0368836 -0.039324974
94 142.74938 156.00343 0.73518009 -0.35949958 -0.024937899 25 0 502.41625 1.9387067 -0.7187803
95 431.30492 157.3875 0.62214859 0.33786414 0.09819485 25 0 49842.118 213.86335 -5.8253409
96 300.8864 160.29137 0.29274209 0.56689054 0.28118133 25 0 157.5672 1.0498237 -0.052790945
97 470.4322 160.65526 0.6558202 0.63405847 0.17538031 25 0 590.01324 2.5836713 -1.0305931
98 251.62591 161.39489 0.62457381 0.55608082 0.31421832 25 0 515.87475 2.1479134 -0.83004193
99 198.83516 165.16219 0.71113683 0.10819596 0.090189333 25 0 631.41341 2.5018752 -0.99566411
100 501.65997 166.90032 0.74671935 -0.15719148 -0.076925637 25 0 303.36189 1.210159 -0.20710612
101 78.640305 168.79508 0.67173171 0.17371423 0.039063533 25 0 466.52345 1.9841289 -0.74392472
102 271.18979 170.04261 0.71287368 -0.056191798 -0.030460001 25 0 2237.3928 9.1165999 -2.3995822
103 391.68908 169.6542 0.6431352 0.27094859 0.08969478 25 0 480.84281 2.0879069 -0.79927781
104 209.52095 170.77936 0.63133243 -0.18140497 -0.15904614 25 0 932.76824 3.9892364 -1.5022244
105 458.93698 171.82787 0.67388788 0.004325207 -0.020298129 25 0 504.96939 2.3698518 -0.93680296
106 46.964239 172.62881 0.79553504 0.17273524 0.053392098 25 0 353.98666 1.4531008 -0.40573937
107 197.90755 173.52562 0.63607233 -0.12526325 0.17479783 25 0 1636.7309 6.9097496 -2.0986558
108 67.230204 175.12095 0.52997068 0.65854479 0.10999881 25 0 207.32559 1.127914 -0.13068997
109 0.99087849 177.991 0.74362236 -0.15484897 0.093269607 25 0 814.82167 3.3143432 -1.3009937
110 466.44024 178.40891 0.62908067 -0.64369638 -0.075562851 25 0 2520.2701 10.281036 -2.5300922
111 62.008153 179.44716 0.69269972 -0.072063385 0.24493427 25 0 815.68774 3.283345 -1.2907913
112 160.26489 179.52997 0.63873385 0.059875852 0.2289114 25 0 1769.836 7.4498841 -2.1803738
113 456.33268 180.70227 0.60191063 -0.51153028 0.11080089 25 0 607.41868 2.8943716 -1.1538857
114 271.92073 182.25105 0.71567946 -0.072876696 0.1272475 25 0 1311.131 5.2138264 -1.7928914
115 466.95589 183.38454 0.67999637 -0.36920683 0.15960558 25 0 1019.915 4.0957861 -1.5308432
116 234.46459 185.00394 0.75235013 -0.22589212 -0.16190518 25 0 724.74975 2.6232165 -1.0470853
117 116.86371 186.09362 0.74545207 -0.038500413 0.082368924 25 0 48509.668 193.54045 -5.7169294
118 166.56732 187.21575 0.50327999 0.347485 -0.16808997 25 0 339.83965 1.6697682 -0.55664047
119 297.6534 191.01211 0.57317614 -0.073758584 -0.055749836 25 0 312.44275 1.5395243 -0.46846637
120 465.93424 191.28243 0.65767958 0.18335125 0.27624426 25 0 395.39777 1.6571055 -0.54837539
121 500.28303 195.22275 0.74984209 -0.0014081913 -0.024483087 25 0 723.6748 2.732291 -1.0913174
122 394.32413 197.14645 0.76189009 0.41004917 0.10619899 25 0 314.42315 1.1329281 -0.13550587
123 427.20051 196.92804 0.6300014 -0.17157579 0.033454708 25 0 381.92208 1.7999839 -0.63817156
124 213.37519 197.95642 0.65144686 -0.013352294 -0.14072624 25 0 672.60474 2.9039913 -1.1574883
125 243.96293 199.02568 0.81517905 -0.12781023 0.098613288 25 0 491.91093 1.8275289 -0.65466063
126 111.94181 200.14302 0.70877093 -0.019427171 0.13097582 25 0 723.56281 2.940703 -1.1711279
127 451.16729 199.45615 0.660416 -0.043880724 0.27694587 25 0 310.6537 1.4000825 -0.36538404
128 460.87593 203.89428 0.57979862 -0.062791169 0.20164346 25 0 335.67048 1.7100971 -0.58255195
129 169.66554 205.72434 0.65833324 -0.64507299 -0.37054876 25 0 229.75683 1.1024892 -0.1059359
130 10.173423 208.20898 0.72015113 0.029034925 0.081922419 25 0 2387.6935 9.7736758 -2.4751448
131 57.83891 209.38528 0.76402648 0.42443687 -0.53544249 25 0 404.39053 1.4216837 -0.38200748
132 59.88241 210.70457 0.79416526 0.44173383 0.11948971 25 0 482.79207 1.7308429 -0.59564412
133 380.33625 211.07342 0.57378659 -0.007563149 0.022279033 25 0 235.29011 1.1830802 -0.18253548
134 470.97966 211.26996 0.71431306 0.037800157 0.11956979 25 0 1342.8018 5.4323335 -1.8374661
135 33.28479 212.75034 0.70413242 -0.19992225 -0.0056545566 25 0 2034.2456 8.1842218 -2.2824435
136 371.62767 213.51395 0.63514002 0.41757284 0.15770423 25 0 1440.0618 5.9515939 -1.9365832
137 301.76275 215.69144 0.71469322 0.13932064 0.050426635 25 0 836.64583 3.3964902 -1.3275759
138 196.05806 217.21804 0.65370969 0.13082329 0.0530548 25 0 1170.2937 5.1280653 -1.7748839
139 265.70208 220.30625 0.48936923 -0.35990633 0.01593948 25 0 197.58693 1.0500596 -0.053034838
140 485.83194 220.71666 0.62440662 -0.27206025 0.0024846094 25 0 265.43206 1.2798165 -0.26786924
141 285.17033 222.51458 0.61341511 0.397755 0.24500495 25 0 2854.9905 12.479719 -2.740512
142 30.774238 224.70642 0.74422395 -0.14943956 0.27990349 25 0 388.6799 1.5419964 -0.47020839
143 397.53223 224.39122 0.54813898 -0.63277607 0.088359931 25 0 3538.8898 15.824829 -2.9983476
144 467.62591 225.07817 0.70391596 -0.15221005 -0.032147947 25 0 15586.377 62.851106 -4.4957823
145 372.47855 226.82923 0.68063901 -0.23536598 -0.18113908 25 0 1199.3687 4.9627281 -1.7393012
146 197.50495 230.18836 0.7612615 -0.77608219 -0.54199049 25 0 255.47489 1.0239551 -0.025702312
147 225.68408 233.19385 0.69282408 0.066230348 -0.030814044 25 0 773.21892 3.1955804 -1.2613744
148 285.80837 234.25979 0.68310839 -0.27884152 0.064424723 25 0 858.91838 3.6655009 -1.4103333
149 476.85686 236.62687 0.67307668 0.19743494 0.12990663 25 0 2201.3215 9.2657485 -2.4172013
150 76.106592 237.82203 0.69729532 0.020421439 0.15942811 25 0 522.92492 2.2409836 -0.87609669
151 62.602605 240.52707 0.56639062 -0.24286743 0.04727712 25 0 296.73107 1.5601606 -0.48292327
152 97.144971 248.37199 0.75591274 -0.17632097 0.23081692 25 0 326.4996 1.2291973 -0.22405402
153 473.76374 250.02027 0.7226504 -0.0054405334 0.057192166 25 0 8818.0966 35.354149 -3.871101
154 249.41812 250.79665 0.64364408 -0.2556248 -0.024812081 25 0 5003.5422 21.314395 -3.3216825
155 21.917576 251.89595 0.75594879 0.27467824 0.13889535 25 0 1315.759 5.2078705 -1.7916504
156 311.58559 253.43722 0.48110624 -0.028950725 0.071492531 25 0 312.83242 1.6575229 -0.54864885
157 377.10487 259.49746 0.50668515 0.86706028 0.073252437 25 0 319.56136 1.7570352 -0.61195117
158 150.20618 261.20365 0.71882182 -0.6307238 -0.17136249 25 0 416.76886 1.6628826 -0.55215394
159 32.056937 272.1098 0.81992612 0.2840455 0.28882761 25 0 416.09886 1.556587 -0.48043352
160 71.881077 272.1636 0.73270671 0.27186198 0.074390489 25 0 338.49085 1.2880297 -0.2748147
161 78.734498 271.77561 0.6615912 0.11711631 0.046602594 25 0 1522.4764 6.564049 -2.0429295
162 134.99446 273.45756 0.73146861 0.054479032 0.23305094 25 0 335.12918 1.2060586 -0.20342101
163 108.00903 274.62385 0.74642095 -0.19814203 0.24528423 25 0 267.41352 1.0037486 -0.0040624193
164 261.00492 279.90104 0.85636549 0.47357969 0.088654937 25 0 473.02574 1.68333 -0.56542319
165 92.950694 280.92258 0.77555839 -0.014462641 0.038388518 25 0 930.11951 3.4944288 -1.3584405
166 393.37853 282.93589 0.66194278 -0.16898334 -0.031284568 25 0 5976.1706 25.381106 -3.5112764
167 4.9735514 284.3961 0.63278903 0.043010065 0.36761788 25 0 435.48586 1.9496774 -0.72490687
168 205.99238 284.35311 0.67404842 0.15538591 0.25631955 25 0 868.43263 3.6463116 -1.4046344
169 84.575414 285.93864 0.64435323 0.074150972 -0.027415854 25 0 1271.2264 5.3799169 -1.8269389
170 112.85147 285.67211 0.71220966 0.21325192 0.18260962 25 0 1386.7024 5.6369209 -1.8776048
171 367.63349 287.68921 0.75888614 0.28679387 -0.016915296 25 0 511.04213 2.0241754 -0.76562033
172 498.99882 287.66885 0.69690944 -0.00024087435 0.19124632 25 0 871.34294 3.7521459 -1.4356993
173 37.083378 290.85778 0.78865519 -0.24573566 0.028532433 25 0 528.96618 2.0071998 -0.75647649
174 181.89045 295.21497 0.74386299 0.24031767 0.10542498 25 0 531.52929 2.1029322 -0.80706319
175 115.26736 295.28753 0.62694818 0.17850722 0.66135416 25 0 270.5112 1.1293647 -0.13208553
176 96.392206 301.49171 0.56713335 0.37452567 0.18599317 25 0 1143.2274 5.202596 -1.7905503
177 444.13612 300.92021 0.75827368 -0.19139443 -0.15364992 25 0 526.46019 2.1979935 -0.85506599
178 0.73978468 305.87864 0.68493945 0.11547982 0.10697779 25 0 690.73622 2.9054146 -1.1580203
179 239.70563 306.75835 0.6920336 -0.099164631 0.10952281 25 0 841.66683 3.3836364 -1.3234592
180 471.68681 306.50036 0.60679597 0.49119004 0.14788153 25 0 949.77111 4.1819824 -1.5534555
181 159.04336 311.61766 0.70730028 0.11955946 0.15017111 25 0 3685.8324 14.85078 -2.9293732
182 19.661302 313.56954 0.64345321 -0.57651594 -0.17956963 25 0 771.51391 3.2751906 -1.2880914
183 35.124224 313.40723 0.69141308 -0.01847264 0.28117274 25 0 2267.9345 9.1130574 -2.3991603
184 80.93313 315.82808 0.70377795 0.47380048 0.41315631 25 0 418.07643 1.6349868 -0.53378566
185 476.37711 320.44768 0.75738152 0.27750662 0.070648543 25 0 272.6688 1.0038405 -0.0041618115
186 208.53687 321.28134 0.6672849 0.25595067 -0.16148779 25 0 343.70896 1.4672971 -0.41629518
187 351.33527 323.19478 0.62875055 0.067859732 -0.21536393 25 0 577.7736 2.4205047 -0.95976482
188 4.0753035 323.65249 0.69822749 -0.05290365 0.1964412 25 0 869.06813 3.5011888 -1.3605388
189 284.11769 325.93765 0.72548299 0.092523911 0.44321593 25 0 358.33105 1.5457513 -0.47284906
190 41.672663 330.66608 0.65326529 0.32011551 0.079280009 25 0 4734.182 20.105394 -3.2582815
191 308.85549 330.43814 0.63652068 0.54134179 0.34421802 25 0 534.29461 2.5076405 -0.9981632
192 401.49519 330.94592 0.64335605 0.1366467 -0.19504034 25 0 526.07281 2.3275509 -0.91724799
193 51.869559 331.62663 0.70885397 0.13685085 0.19459132 25 0 13666.028 55.594183 -4.3625734
194 285.01228 332.03268 0.7141587 0.035015431 0.031290172 25 0 1048.0822 4.2080429 -1.5602004
195 98.162285 332.76077 0.75879246 -0.019137466 0.17966094 25 0 1162.1648 4.5090625 -1.6352156
196 510.04794 338.22206 0.79205552 0.27424387 0.44755339 25 0 1194.5218 4.3509687 -1.5964649
197 281.06816 341.80367 0.84102384 0.34315028 0.24882387 25 0 461.82339 1.7388415 -0.60064996
198 381.92945 344.23074 0.70459364 0.026187321 0.074269676 25 0 816.44459 3.2858289 -1.2916123
199 496.97592 346.8254 0.59883487 0.52759332 0.086497619 25 0 205.23945 1.0145998 -0.01573688
200 261.01395 348.08632 0.71299903 0.027589919 0.060301996 25 0 6323.0046 25.875911 -3.5322391
201 276.80059 347.8198 0.53784564 0.18878957 0.014316466 25 0 224.52027 1.242852 -0.23604854
202 68.577604 350.09601 0.68894177 -0.42943509 0.83935297 25 0 308.82096 1.1403099 -0.14255723
203 403.13474 349.43036 0.62710493 0.30510348 0.16323456 25 0 988.67101 4.2350977 -1.5671586
204 33.49186 351.01676 0.74157763 -0.3967096 -0.092266154 25 0 514.79387 2.0336323 -0.77068109
205 43.23785 350.59712 0.78412958 -0.43386153 0.47684012 25 0 831.85516 2.9780088 -1.1848149
206 320.05657 351.98216 0.70019802 0.059586295 0.046351575 25 0 29519.694 121.52147 -5.2116325
207 15.946222 352.57244 0.67359298 0.2469927 0.2418042 25 0 937.60202 3.9845638 -1.500952
208 178.356 354.14571 0.66042501 -0.053564353 0.0083393389 25 0 282.87386 1.3004608 -0.28524317
209 464.58354 354.43081 0.65496524 0.2585631 -0.13670105 25 0 268.85086 1.185891 -0.18511194
210 43.416615 354.38318 0.69581248 -0.22194769 0.32149507 25 0 1144.8782 4.3544936 -1.5973441
211 44.245026 357.79925 0.72970259 -0.56208338 -0.21379353 25 0 565.19459 2.1215498 -0.81663306
212 435.9458 359.03819 0.73410237 -0.068299411 0.077112037 25 0 2386.3444 9.5906714 -2.4546225
213 501.34388 359.73926 0.75246779 -0.17334966 0.22539111 25 0 399.77435 1.5549591 -0.47929742
214 247.29497 361.1216 0.66993126 0.013065512 -0.09317006 25 0 1661.843 6.8201308 -2.0844818
215 299.51961 362.34591 0.5661319 0.28814608 -0.040949567 25 0 2389.6997 10.739254 -2.5774353
216 449.11367 363.41279 0.71637216 0.064175926 0.17422919 25 0 1229.4893 4.9856987 -1.7443151
217 116.97693 363.9582 0.74103069 0.0027284106 0.072470409 25 0 6125.7335 24.625439 -3.4784599
218 160.12305 364.68697 0.68849031 -0.12453577 0.12184769 25 0 591.52348 2.4586901 -0.97675947
219 44.231444 367.13194 0.66978056 0.38790612 0.093689938 25 0 507.37204 2.196815 -0.85448369
220 24.475084 370.74012 0.66639534 0.38993176 -0.057308425 25 0 661.48962 2.6933536 -1.0757334
221 497.24035 372.90968 0.52135898 -0.65047733 -0.47879868 25 0 208.95792 1.0784842 -0.082034455
222 467.70074 374.68389 0.62094915 -0.097787556 0.011003586 25 0 343.29698 1.7316991 -0.59618108
223 387.39579 376.58177 0.63383857 -0.42454282 0.029061284 25 0 3249.0001 13.843483 -2.8531134
224 96.180436 378.09633 0.69786555 0.075997816 0.076753419 25 0 4008.3965 16.575814 -3.0486872
225 141.95492 379.68924 0.68286212 0.10649915 0.25688176 25 0 690.05363 2.9535478 -1.17586
226 248.49644 381.12077 0.72276287 0.2356379 -0.11155556 25 0 619.86828 2.4771993 -0.98490238
227 290.41064 381.81908 0.58407521 -0.61164055 0.117266 25 0 311.29794 1.4107761 -0.37364523
228 505.52644 381.90688 0.63334895 -0.6247541 0.39256622 25 0 628.2243 2.6888193 -1.073904
229 121.61314 382.69401 0.76068395 0.10063325 0.22865016 25 0 389.25124 1.4436895 -0.39868452
230 26.526803 384.15846 0.62423901 0.097477761 -0.083443678 25 0 927.69912 3.9686765 -1.4966143
231 165.96443 383.92915 0.74235431 0.058733649 0.13059707 25 0 1702.2719 6.6761398 -2.0613136
232 506.19353 385.3912 0.64050335 0.28574628 0.2070933 25 0 2163.074 9.3081499 -2.4221584
233 476.80098 385.8206 0.7343627 0.00085763815 0.049102799 25 0 2964.2593 11.807313 -2.6803777
234 81.456879 389.10744 0.71021427 -0.30466729 -0.20452987 25 0 551.86553 2.1621438 -0.83721143
235 267.92255 393.84847 0.73022571 0.07787374 0.082836616 25 0 9310.184 37.465631 -3.9340826
236 194.62956 396.57752 0.62329418 -0.55114938 0.19769945 25 0 263.48895 1.1437689 -0.14584569
237 398.51334 395.67103 0.63511437 0.11813298 -0.031576345 25 0 677.1384 2.8582404 -1.1402469
238 297.1705 401.37453 0.71766335 0.28969453 -0.024202444 25 0 753.33659 2.9797656 -1.1854553
239 433.96461 400.76337 0.71322223 0.35557228 0.15226137 25 0 681.44302 2.8621236 -1.141721
240 43.131376 403.49945 0.69046308 -0.40899044 -0.06604833 25 0 233.23911 1.0365123 -0.038936105
241 24.813888 405.41639 0.74536145 0.073356153 0.24824031 25 0 1049.3849 4.1172158 -1.5365091
242 294.42474 404.99859 0.63669891 -0.096424902 -0.089666077 25 0 1814.448 7.694021 -2.2153834
243 312.58727 404.57367 0.36157857 0.28249883 0.24976576 25 0 230.61277 1.4504263 -0.40373915
244 62.889293 409.30293 0.81518379 0.60180315 0.64695069 25 0 318.36132 1.2024189 -0.20013947
245 126.55909 410.49166 0.52712355 -0.55468199 0.074876346 25 0 707.45053 3.3310287 -1.3064459
246 150.5559 411.97711 0.5954685 -0.19151193 -0.1107378 25 0 2123.2392 9.6421399 -2.4604336
247 3.1559041 415.45107 0.7096124 -0.083110353 0.25832966 25 0 1294.5316 5.2729801 -1.8051403
248 326.40824 421.949 0.6796791 -0.33879703 0.06252579 25 0 409.16829 1.760848 -0.61430466
249 207.23401 423.61446 0.65851596 -0.26524831 0.48234227 25 0 323.24281 1.3609697 -0.33462115
250 236.00492 428.93368 0.60278403 -0.76374398 -0.17547073 25 0 394.07608 1.7668598 -0.61800524
251 201.25149 429.93246 0.68790287 -0.10216708 0.0073160563 25 0 2356.326 9.7839236 -2.4762826
252 174.77728 430.93682 0.71312286 0.24896884 0.13071278 25 0 1136.6392 4.5745352 -1.6508674
253 216.18654 431.33945 0.84554777 -0.34366682 -0.16784307 25 0 334.1299 1.1408227 -0.14304538
254 423.661 430.16368 0.46840556 0.43576226 0.17848632 25 0 237.94343 1.3286957 -0.30856386
255 204.00192 432.58691 0.65347802 -0.2846958 0.029205762 25 0 351.71004 1.4290498 -0.38761837
256 274.41513 433.16349 0.66310401 -0.31315144 -0.023110605 25 0 1116.5784 4.7523483 -1.6922707
257 278.84826 434.04979 0.67610717 -0.50706328 0.24906637 25 0 232.68368 1.0946717 -0.0982097
258 387.17175 434.85118 0.71972139 -0.26102736 0.017088553 25 0 3798.7199 15.461424 -2.9731237
259 287.779 437.70632 0.58744027 -0.64894269 -0.19152005 25 0 1024.0018 4.5125068 -1.6360447
260 56.87398 438.45566 0.47701776 0.10329409 0.43689169 25 0 262.97758 1.3950362 -0.36146372
261 133.74568 439.75116 0.703338 0.13486591 0.058848494 25 0 15258.832 62.199359 -4.4844648
262 505.54663 445.99615 0.62322889 0.16121171 -0.21074316 25 0 297.08758 1.2962245 -0.2817006
263 254.67433 447.15393 0.73328282 0.49505776 0.42210618 25 0 298.25973 1.1269992 -0.12980906
264 422.06887 451.85791 0.86942389 -0.010628719 0.25228675 25 0 510.42697 1.7929529 -0.63392222
265 353.58757 453.1145 0.70515101 -0.37881136 -0.068375293 25 0 737.66621 3.0108758 -1.1967321
266 477.94739 454.2244 0.70463807 -0.10645054 0.028694073 25 0 482.64854 1.9206307 -0.70860966
267 404.81271 458.04725 0.7112383 -0.11088806 0.017066258 25 0 1537.3676 6.1559355 -1.9732351
268 98.826314 459.41767 0.70658941 -0.14856235 0.17240335 25 0 6236.1307 25.173423 -3.5023557
269 191.74009 460.42666 0.71784789 -0.37748013 0.070250914 25 0 1201.5117 4.7457015 -1.690751
270 368.77283 460.61289 0.59891921 -0.54992678 0.21090202 25 0 265.92674 1.0259578 -0.027823698
271 333.94863 462.29209 0.83812584 0.17971286 -0.010170795 25 0 351.88007 1.1453237 -0.14732057
272 470.45781 461.43681 0.49334451 -0.4820503 0.10106971 25 0 60897.891 282.59381 -6.1279066
273 7.7305619 463.85567 0.69346288 0.33200902 0.12642612 25 0 1202.1117 4.82817 -1.7094564
274 88.018062 464.56374 0.69740032 0.13053712 0.17530494 25 0 294.11952 1.1662432 -0.16697285
275 447.47312 463.84191 0.67882868 -0.42919373 -0.18335698 25 0 299.55282 1.2390018 -0.23267985
276 253.57843 468.37278 0.52220865 0.35756194 -0.078668959 25 0 3879.125 18.320525 -3.1573448
277 471.57832 469.19975 0.74451714 -0.34230159 0.4947222 25 0 526.40625 1.8837233 -0.68754277
278 385.17623 470.07086 0.64617987 -0.62615436 -0.10370855 25 0 666.05261 2.8244085 -1.1273188
279 287.6238 471.58812 0.79578683 0.16525825 0.41518197 25 0 347.66479 1.3244604 -0.30509742
280 156.55436 472.46902 0.6528952 -0.055960151 -0.20130775 25 0 376.19565 1.5866632 -0.50121185
281 303.57604 471.61814 0.6419944 0.29988518 0.042613016 25 0 3007.9215 12.746492 -2.7634767
282 380.86518 476.85382 0.72510271 -0.30451988 0.059817485 25 0 532.54055 2.1570615 -0.8346563
283 181.57474 477.75414 0.50457263 -0.12765299 -0.15077638 25 0 665.69432 3.2547623 -1.2812982
284 259.30782 482.11708 0.63004316 0.31219564 0.23122163 25 0 321.51396 1.5081568 -0.44611622
285 106.58709 483.30486 0.73058516 -0.2709105 -0.0087018227 25 0 1109.34 4.1832277 -1.5537788
286 411.33658 482.81949 0.70806674 -0.23896905 0.22753905 25 0 222.13026 1.0429994 -0.045710112
287 282.71146 492.69947 0.60621002 -0.11028798 0.010089067 25 0 402.83573 1.7154949 -0.5859736
288 192.83057 496.91527 0.86171665 -0.48865078 -0.20000782 25 0 401.7902 1.352818 -0.3280984
289 109.83142 498.09171 0.75558689 -0.32807355 -0.42257554 25 0 398.70257 1.5415447 -0.46989032
290 158.66032 499.88483 0.49825641 -0.61686246 0.11177545 25 0 451.15547 2.0547338 -0.7818889
291 203.95805 499.87646 0.72949711 0.0074125077 -0.087961349 25 0 549.21031 2.1090927 -0.81023915
292 322.72034 502.02065 0.74492689 0.43285239 -0.096477367 25 0 339.44932 1.3896477 -0.35726182
293 159.28417 503.48829 0.50697488 0.19144817 -0.25994757 25 0 511.66704 2.2305646 -0.87103703
294 100.37442 506.17927 0.97129356 -0.18917521 -0.19718747 25 0 357.77694 1.142965 -0.14508237
295 205.93459 507.17823 0.72437074 -0.16890272 -0.018153252 25 0 975.76596 3.9296885 -1.4858953
296 80.459993 510.45183 0.58079002 -0.021231687 0.090808938 25 0 490.2888 2.2077859 -0.8598924
297 278.54478 510.36424 0.5619147 -0.65770824 -0.088480966 25 0 978.59049 4.2346499 -1.5670438
298 289.4005 510.10535 0.53175649 0.32436066 0.024213582 25 0 431.79394 2.1651756 -0.83873279
299 33.573566 510.82979 0.66506764 -0.23874324 -0.45233549 25 0 627.49159 2.90765 -1.1588553
300 203.30323 510.71427 0.77076556 0.18695235 -0.20408223 25 0 917.90855 3.6709073 -1.4119335
