id xcentroid ycentroid sharpness roundness1 roundness2 npix sky peak flux mag
1 360.01721 2.7258964 0.53518021 0.1653231 0.11931156 25 0 274 1.0168749 -0.018168782
2 332.25262 5.5239149 0.69447697 -0.53340473 0.1253459 25 0 732 1.91328 -0.70444635
3 463.82631 8.5616299 0.63632997 0.40251388 0.11731987 25 0 476 1.6715658 -0.55780871
4 144.25911 13.114544 0.55772385 0.095965123 0.093875373 25 0 508 1.7761648 -0.62370816
5 369.83245 14.215973 0.65066569 0.090210811 0.20144525 25 0 830 2.4658704 -0.97992563
6 59.345811 15.266768 0.62797548 0.21615681 0.074431072 25 0 14216 41.265361 -4.0389641
7 6.8610192 16.884603 0.71214678 0.084931208 0.13609867 25 0 6484 18.011459 -3.1388722
8 443.19715 17.217152 0.66070773 0.20548228 0.10275114 25 0 728 2.3516288 -0.92842194
9 502.48261 16.999261 0.60424843 0.055705887 -0.040436603 25 0 24228 70.225067 -4.6162304
10 369.01958 22.745258 0.75113325 0.13466677 0.13422497 25 0 344 1.0042537 -0.0046086542
11 389.04666 35.69592 0.57473898 0.069396904 0.045178424 25 0 486 1.5933149 -0.50575403
12 488.44384 35.675182 0.54941965 0.41230465 0.14272792 25 0 265 1.2484072 -0.24089066
13 148.48875 42.700572 0.54334754 0.099939517 0.13881551 25 0 548 1.7731545 -0.62186647
14 221.57875 43.703912 0.59025498 -0.54662584 -0.1050058 25 0 1111 3.1741266 -1.2540606
15 241.00376 44.45092 0.64984321 0.22539805 0.27867757 25 0 2452 6.6754441 -2.0612004
16 381.70015 45.566457 0.589912 0.7885537 0.18715181 25 0 449 1.3619594 -0.33541043
17 101.29307 47.043849 0.61964974 -0.08617834 0.27595802 25 0 570 1.7441703 -0.60397221
18 284.88805 47.119132 0.56664403 -0.39844764 0.23268249 25 0 369 1.1152705 -0.1184505
19 359.44648 46.464569 0.47711613 0.60799185 0.20611558 25 0 58203 161.81331 -5.5225356
20 146.27795 48.873769 0.63963807 -0.0055882824 0.035403929 25 0 5441 15.500876 -2.9758906
21 435.1137 49.967051 0.61569485 0.10926691 0.035395673 25 0 1032 3.2100133 -1.2662671
22 281.92311 55.653912 0.48999965 0.09609057 0.044714179 25 0 401 1.2843783 -0.27173244
23 505.52504 55.841234 0.58389336 0.11558702 -0.024849343 25 0 673 2.3059689 -0.90713363
24 329.19519 56.948724 0.61956451 -0.016193668 0.066223962 25 0 1740 5.0584648 -1.7600468
25 478.20658 63.434322 0.64486314 -0.062769386 0.29223613 25 0 1453 4.2542306 -1.5720526
26 32.534473 67.977817 0.64812265 -0.028323649 -0.033622326 25 0 409 1.275347 -0.26407092
27 66.384618 70.045336 0.64238157 -0.35188252 0.0039571165 25 0 711 2.0825406 -0.79648368
28 467.80936 70.482714 0.63512103 -0.082236934 0.21054503 25 0 1542 4.5619047 -1.6478655
29 506.67941 70.950642 0.6061884 -0.72434345 -0.055898422 25 0 331 1.2852169 -0.27244104
30 32.759392 71.824021 0.63422713 -0.1170427 0.29329517 25 0 467 1.4162598 -0.37785735
31 147.27161 71.751775 0.58381153 -0.20565521 0.060852507 25 0 445 1.2189909 -0.21500114
32 453.05499 72.184845 0.60113281 0.14557297 0.09009766 25 0 621 2.0992201 -0.80514495
33 90.618987 74.825575 0.59989071 0.15854391 0.082031894 25 0 1663 4.9834735 -1.7438304
34 503.65543 78.971398 0.60408112 0.27674771 0.1010921 25 0 883 2.8329427 -1.1305945
35 385.50865 83.127537 0.59789511 -0.026017754 -0.038011935 25 0 3317 9.6703292 -2.4636032
36 5.980149 85.983336 0.75065771 0.046267284 0.21693975 25 0 909 2.4553848 -0.9752989
37 154.73381 86.568378 0.65047827 -0.43540378 -0.21144976 25 0 441 1.1039589 -0.1073823
38 470.19139 88.201232 0.76124895 -0.27587325 0.017382426 25 0 345 1.1088239 -0.11215647
39 127.03848 90.247488 0.73503533 -0.22211267 0.0059407836 25 0 753 1.8961489 -0.69468108
40 179.44026 90.137611 0.57742506 -0.31130459 -0.18380834 25 0 409 1.1446386 -0.14667098
41 189.86244 97.008483 0.537897 -0.10938838 -0.057200038 25 0 577 1.704316 -0.57887532
42 318.65082 97.518734 0.56215545 -0.5033915 0.12137694 25 0 1208 3.4419817 -1.3420214
43 322.59912 99.215928 0.61923705 -0.51149936 -0.04497275 25 0 1505 4.0704928 -1.5241175
44 220.86564 100.45713 0.59634567 0.10043975 0.19056242 25 0 1724 4.8457025 -1.7133919
45 150.76777 104.32069 0.36626661 0.14430889 -0.010929345 25 0 337 1.1226177 -0.12557975
46 486.53454 103.84367 0.60648237 -0.39087104 -0.062636508 25 0 339 1.2265201 -0.22168663
47 88.554839 104.75302 0.59931603 0.20647688 -0.019967844 25 0 3476 10.06919 -2.5074864
48 367.3306 115.43965 0.60850643 -0.17519863 0.12465378 25 0 630 1.6924315 -0.57127778
49 253.92727 117.62705 0.64337922 0.16097213 0.18801701 25 0 18505 52.314997 -4.2965655
50 271.4314 117.61872 0.58431311 -0.0033282118 0.12486798 25 0 1045 2.7541527 -1.0999701
51 281.48534 119.04947 0.58324931 0.10269052 -0.026954907 25 0 1871 5.2305642 -1.7963713
52 338.11092 118.67594 0.67071437 0.1233166 0.14266502 25 0 1401 3.7877895 -1.4459646
53 483.45615 120.208 0.66655384 0.5389331 -0.0064007429 25 0 413 1.3493853 -0.32533997
54 133.00173 121.3813 0.67758531 0.31276493 0.34982871 25 0 550 1.3829608 -0.35202464
55 233.5999 120.83128 0.59921049 -0.048919974 -0.029276698 25 0 558 1.5097713 -0.44727788
56 187.73063 122.55921 0.58073792 -0.63123003 -0.18467676 25 0 489 1.3335698 -0.31253936
57 85.741531 122.93085 0.5837148 0.24068822 0.11810396 25 0 643 1.8715438 -0.6805
58 185.29755 124.46676 0.6020958 0.34155918 0.14253522 25 0 2034 5.6718655 -1.8843148
59 18.003178 126.38912 0.77009461 0.54624195 0.12918991 25 0 528 1.3511617 -0.32676832
60 209.30314 129.78233 0.60364202 -0.042521225 0.023156998 25 0 1870 5.2172331 -1.7936006
61 12.807289 132.02729 0.77178985 -0.11114665 0.083906854 25 0 510 1.2811753 -0.26902142
62 40.601292 131.49896 0.60982014 0.66566331 0.17333789 25 0 1165 3.4293866 -1.3380411
63 286.7602 133.01847 0.48970144 -0.011567509 0.039224538 25 0 500 1.5983336 -0.50916857
64 429.25576 140.91417 0.6192178 0.099418093 0.068347125 25 0 12607 36.333951 -3.9007816
65 332.09763 146.61696 0.64124116 0.015350236 0.1684962 25 0 3301 8.9949863 -2.3850013
66 47.89761 147.76999 0.63888043 0.10880862 0.16250091 25 0 863 2.4817456 -0.98689315
67 30.963688 151.84132 0.57035889 -0.078447158 0.070285792 25 0 718 2.2978784 -0.90331762
68 130.65581 161.07061 0.59166665 -0.087054396 0.21232699 25 0 535 1.5103123 -0.44766688
69 381.79661 161.6175 0.9373053 0.33725175 0.1416763 25 0 4991 11.612467 -2.6623113
70 419.21897 162.56471 0.59351332 0.50270974 0.24397419 25 0 47209 134.99889 -5.3258255
71 458.44005 165.87193 0.58517265 -0.33236461 -0.007588549 25 0 516 1.6281901 -0.52926276
72 239.56737 166.63295 0.58324305 0.33423699 0.24293233 25 0 565 1.3913353 -0.35857954
73 66.464462 173.75128 0.55494694 0.28564833 -0.18037905 25 0 377 1.0836524 -0.087225007
74 510.92823 174.26444 0.87345772 0.33565506 0.50512924 25 0 5354 13.083903 -2.7918433
75 259.27564 175.1001 0.63475175 0.17530944 0.062025811 25 0 1986 5.3997246 -1.830929
76 379.66935 174.86697 0.7487492 0.40864859 0.020686055 25 0 690 1.6579402 -0.54892215
77 197.34404 175.9423 0.62652705 0.11547898 0.095931693 25 0 1087 2.8991337 -1.1556706
78 446.80219 177.08979 0.60319242 0.055005842 -0.079374045 25 0 388 1.3383129 -0.31639414
79 34.891473 177.91584 0.60638291 0.18188487 -0.011954615 25 0 359 1.1304687 -0.13314639
80 185.83343 178.46338 0.63876413 0.26177417 0.22131964 25 0 1645 4.3383316 -1.5933069
81 454.43553 183.48515 0.63230118 -0.50923018 0.14260315 25 0 2455 6.6473808 -2.0566264
82 50.06826 184.54096 0.66062292 0.011087942 0.24765263 25 0 846 2.2261085 -0.86886584
83 148.15104 184.4964 0.63579689 0.33779368 0.37084414 25 0 1869 4.9324838 -1.7326642
84 444.34225 185.86722 0.59120727 -0.23291987 -0.13217674 25 0 568 1.8314851 -0.65700845
85 259.93885 187.32137 0.62106199 0.21523052 0.14005589 25 0 1260 3.3679594 -1.3184171
86 454.89092 188.56252 0.64913584 0.12319871 0.26772822 25 0 917 2.6648401 -1.0641779
87 222.60885 190.0304 0.49824205 0.03533487 -0.20616226 25 0 676 1.911864 -0.70364248
88 104.78076 191.13907 0.64198393 -0.016731506 0.089568437 25 0 41813 119.01973 -5.1890474
89 154.36887 192.253 0.58205951 0.40409018 0.33387843 25 0 446 1.0919572 -0.095514019
90 453.91202 196.53826 0.70452844 -0.11892223 0.1283863 25 0 436 1.2135197 -0.21011711
91 488.17705 200.30874 0.63699191 0.51747717 0.12310599 25 0 577 1.8069538 -0.64236761
92 415.3209 202.19093 0.60176596 3.9002441e-05 -0.052660177 25 0 335 1.011716 -0.012646574
93 201.33758 203.01308 0.67458167 0.067679309 0.14287888 25 0 729 1.7152153 -0.58579659
94 231.76826 204.20767 0.69098071 -0.32491954 0.018619836 25 0 525 1.2501285 -0.24238664
95 99.948827 205.12884 0.61053323 0.063653634 0.17622052 25 0 591 1.4732007 -0.42065479
96 439.26167 204.60934 0.65981178 0.065511088 -0.19650479 25 0 370 1.187172 -0.18628408
97 502.82942 207.31467 0.20789347 0.63274664 0.76667845 25 0 478 2.7135831 -1.0838578
98 45.501577 214.43251 0.54814606 0.57465243 -0.47849521 25 0 391 1.0651537 -0.068530742
99 47.979724 215.74122 0.61797281 0.48551426 0.079604922 25 0 521 1.4206175 -0.3811929
100 458.93977 216.43902 0.69782549 0.15134154 0.14218848 25 0 1190 3.3228001 -1.3037605
101 21.201502 217.78956 0.67148823 0.022409803 0.08036304 25 0 2050 5.5865678 -1.8678627
102 359.53859 218.62104 0.57518341 0.40114618 0.059367255 25 0 1400 3.9546661 -1.4927745
103 289.85293 220.8883 0.67059692 -0.029486408 -0.049007116 25 0 916 2.3598673 -0.93221898
104 183.9739 222.39388 0.62226355 0.14094942 0.18103887 25 0 1107 2.9720407 -1.1826369
105 511.04855 225.05185 0.76288748 -0.3043718 0.23950036 25 0 324 1.018328 -0.019719208
106 273.20147 227.55047 0.62745258 -0.10866152 0.16747635 25 0 2994 8.2871507 -2.2960131
107 18.611756 229.7014 0.66183724 0.070418154 0.087125017 25 0 378 1.0619007 -0.065209753
108 385.43626 229.60047 0.60343622 -0.25114981 0.056309828 25 0 4138 11.731772 -2.673409
109 455.5328 230.24153 0.61945368 -0.2334062 0.001568126 25 0 13260 37.397489 -3.9321061
110 360.35765 231.94505 0.64240728 0.0445739 0.02271146 25 0 1171 3.1426401 -1.2432366
111 213.75843 238.46308 0.60198204 0.10101097 0.14431632 25 0 757 1.90803 -0.70146301
112 273.73202 239.24842 0.57281857 -0.22505992 0.06566879 25 0 833 2.2862546 -0.89781147
113 464.76904 241.74139 0.63561575 0.30820174 0.080019552 25 0 1981 5.8641788 -1.920518
114 64.133805 242.80804 0.72877777 0.27968959 0.061887531 25 0 479 1.0483154 -0.05122989
115 461.60946 255.18899 0.6196242 -0.051287427 0.027054101 25 0 7206 20.569715 -3.2830707
116 237.44421 255.86755 0.61132146 -0.11307361 -0.034240934 25 0 5057 14.355475 -2.8925439
117 9.7738997 256.94796 0.64636803 0.14542355 0.051303745 25 0 1148 3.2367227 -1.2752637
118 299.54285 258.25177 0.6119345 0.44302237 0.0098831124 25 0 462 1.1563912 -0.15776198
119 20.051518 276.98024 0.45400761 0.013773064 -0.026947157 25 0 283 1.0958376 -0.099365505
120 66.663379 276.80076 0.60491314 0.17904753 0.059461483 25 0 1546 4.4233997 -1.6143905
121 248.88553 285.02688 0.61568902 0.12131537 0.1766188 25 0 443 1.23858 -0.23231016
122 80.893785 285.96914 0.74329378 0.2805623 0.098945662 25 0 984 2.4325967 -0.96517528
123 381.28379 288.03356 0.62334841 0.016183383 0.033652218 25 0 5607 16.19008 -3.0231225
124 193.93105 289.53512 0.65605124 0.31721242 0.33487243 25 0 996 2.5974827 -1.0363817
125 72.428165 290.91141 0.54091549 0.14800885 -0.13056996 25 0 1162 3.3799368 -1.3222714
126 100.70887 290.69689 0.56374617 0.34903033 0.19257815 25 0 1164 3.3444457 -1.3108104
127 355.58511 292.64515 0.50138496 0.41214353 0.28530834 25 0 357 1.2002197 -0.19815188
128 486.90007 292.81491 0.67109279 0.15641895 0.22999796 25 0 733 2.1853805 -0.84881766
129 25.054272 295.84241 0.69187317 0.086750334 0.12437385 25 0 576 1.4800674 -0.4257037
130 169.75837 300.36581 0.54984259 -0.17163767 0.096690111 25 0 536 1.5175807 -0.45287948
131 84.267782 306.4413 0.65395238 0.3190883 0.20960471 25 0 1321 3.5451084 -1.3740738
132 432.01457 306.04924 0.67222827 -0.089645709 0.0020319072 25 0 370 1.1305144 -0.1331902
133 227.73855 311.87563 0.59013939 0.092645448 0.022642214 25 0 867 2.4786841 -0.98555295
134 459.6563 311.59507 0.60932231 0.47609696 0.1174073 25 0 897 2.7801685 -1.1101778
135 146.95726 316.65163 0.65826651 0.18568481 0.16043577 25 0 3671 10.058087 -2.5062885
136 7.4055974 318.57812 0.57786459 0.56003302 0.11053684 25 0 830 2.3317682 -0.91921342
137 23.035387 318.54732 0.64032055 0.26431163 0.29187425 25 0 2209 6.1438916 -1.9711089
138 68.890566 320.4212 0.66169183 0.34161582 0.18634251 25 0 461 1.1758907 -0.17591737
139 339.37294 328.25614 0.60728193 0.11941631 -0.12250563 25 0 573 1.7385965 -0.60049699
140 272.02611 331.08658 0.54015656 -0.030943458 -0.072792028 25 0 334 1.0179394 -0.019304765
141 29.54737 335.66128 0.58043214 0.37224438 0.035562117 25 0 4394 12.959224 -2.7814475
142 296.71903 335.54094 0.64721565 0.21156877 0.015285243 25 0 499 1.3716677 -0.3431223
143 389.53516 335.77454 0.65898554 -0.033990131 -0.13229748 25 0 465 1.3377011 -0.31589773
144 39.790876 336.62502 0.63910687 0.24506406 0.159516 25 0 12889 36.715121 -3.9121124
145 272.91505 337.0969 0.64901905 0.055483105 0.059677077 25 0 1004 2.8498299 -1.1370473
146 86.018923 337.67238 0.71845351 -0.075144235 0.22238368 25 0 1152 2.8458575 -1.1355329
147 497.91153 343.40203 0.66979012 0.39371408 0.47351841 25 0 872 2.3921574 -0.94697439
148 269.04038 347.07192 0.55750099 -0.29370904 0.083412962 25 0 471 1.6552156 -0.54713641
149 369.87999 349.48912 0.71786047 -0.10987076 0.2635031 25 0 785 2.0259036 -0.76654696
150 249.02993 353.24127 0.64765931 0.10850301 0.12940161 25 0 5910 16.770987 -3.0613966
151 31.075426 355.66644 0.64194737 -0.18976826 0.37579324 25 0 836 2.2607729 -0.88564235
152 391.05764 354.47322 0.59850539 -0.047467823 0.33196073 25 0 963 2.8603435 -1.1410455
153 21.544538 355.94341 0.54132308 0.32689541 0.0018118647 25 0 471 1.4782596 -0.42437675
154 307.98514 357.15734 0.62606574 0.12162529 0.087301294 25 0 26887 77.632519 -4.7251092
155 3.7139037 357.49565 0.6258027 0.19244103 0.17664138 25 0 869 2.3473984 -0.92646699
156 31.304328 359.56746 0.60133085 0.22804241 0.30350372 25 0 1238 3.469099 -1.3505417
157 32.314548 362.78975 0.65849034 -0.20699736 0.34701025 25 0 539 1.3209799 -0.30224056
158 423.80398 364.18501 0.64445063 -0.14373272 0.086721572 25 0 1989 5.9158884 -1.9300499
159 235.28564 366.31713 0.59304742 0.21441351 0.080454293 25 0 1595 4.7552305 -1.6929289
160 287.4102 367.59585 0.56359148 0.54750794 0.14386341 25 0 2331 6.8617808 -2.0910921
161 104.94952 369.01773 0.66126386 0.12265688 0.13453234 25 0 5621 16.022977 -3.011858
162 437.00001 368.54963 0.704002 0.071713559 0.20598782 25 0 1055 2.8751164 -1.1466386
163 148.24226 369.92467 0.66377206 0.5403417 0.079931665 25 0 587 1.5154379 -0.45134537
164 508.75634 370.57732 0.64518358 -0.1979048 0.24288694 25 0 8351 23.218977 -3.4146077
165 32.069975 371.97647 0.69170953 0.20247476 0.22257411 25 0 511 1.3244616 -0.30509841
166 12.173184 375.7939 0.5162424 0.31419313 -0.2282415 25 0 537 1.7952992 -0.63534208
167 375.28037 381.7331 0.63669824 -0.11559991 0.069345404 25 0 3385 9.707808 -2.4678029
168 84.107898 383.20277 0.64937269 0.15652436 0.16367206 25 0 3939 11.129669 -2.6162056
169 129.96768 384.75919 0.67642768 -0.073300659 0.16957067 25 0 701 1.9173219 -0.70673757
170 236.65675 386.24391 0.658875 -0.44219063 0.012996842 25 0 577 1.5102064 -0.44759074
171 493.35285 387.04973 0.64036403 -0.59057568 0.14511473 25 0 547 1.6327492 -0.53229873
172 109.653 388.01769 0.55832033 0.61125517 0.050108902 25 0 385 1.1762361 -0.17623624
173 14.431182 389.14165 0.59546851 0.072797019 -0.031528015 25 0 932 2.7677888 -1.1053324
174 153.92999 389.06731 0.62657455 0.062709803 0.037850762 25 0 1558 4.4924334 -1.6312041
175 464.65263 390.9608 0.65149038 -0.086806534 -0.020676029 25 0 2423 7.054917 -2.1212298
176 494.0636 390.48735 0.64627925 0.026686985 0.31955369 25 0 1912 5.5995677 -1.8703862
177 69.617124 394.17242 0.60585529 -0.41311748 -0.22231083 25 0 539 1.5241067 -0.45753842
178 255.94666 398.97519 0.65165425 0.08450822 0.071752676 25 0 8521 24.29361 -3.4637301
179 386.41209 400.85122 0.63698661 -0.26237181 -0.03936176 25 0 732 2.2066568 -0.85933699
180 285.10932 406.51741 0.71625536 0.62612777 0.22796498 25 0 701 1.7859812 -0.62969218
181 421.91369 405.88673 0.60995915 0.13596226 0.17055243 25 0 493 1.6530951 -0.5457446
182 12.751457 410.33658 0.67700587 -0.36959402 0.19341741 25 0 915 2.434144 -0.96586567
183 282.43414 410.09034 0.62937849 0.13022192 -0.066144055 25 0 1879 5.3486116 -1.8206027
184 503.82401 410.30411 0.62908971 0.044944794 -0.073343676 25 0 395 1.3875151 -0.35559427
185 50.869935 414.43256 0.54479635 0.14667913 0.39273756 25 0 289 1.0018815 -0.0020409068
186 114.41146 415.50315 0.64876593 -0.3225375 0.14314296 25 0 838 2.260589 -0.88555401
187 138.49111 417.02144 0.65105134 0.004791831 -0.07183745 25 0 2220 6.2092492 -1.9825977
188 314.22618 426.94953 0.6674898 0.083567401 0.10245069 25 0 380 1.2069849 -0.20425457
189 223.86057 433.93164 0.52577327 0.24921967 0.160996 25 0 366 1.3845571 -0.35327717
190 189.22166 435.04205 0.62082087 0.15243035 0.040523498 25 0 2255 6.5722274 -2.0442815
191 162.73388 435.95181 0.646504 0.17618584 -0.028546169 25 0 1048 2.9234892 -1.1647537
192 262.38031 438.33923 0.61518516 -0.55892062 -0.10118576 25 0 911 2.5786444 -1.0284786
193 375.09975 440.0141 0.66407512 -0.051986907 0.046153849 25 0 3533 10.202868 -2.5218057
194 275.46748 442.70764 0.64186158 0.085345585 0.17489611 25 0 1090 2.9509052 -1.1748882
195 121.66046 444.80952 0.62623573 0.16032735 0.027526603 25 0 14172 41.157605 -4.0361252
196 506.75437 445.0854 0.60572915 -0.44322725 0.25405829 25 0 245 1.0459649 -0.048792793
197 507.66146 454.47402 0.65698052 -0.35399457 0.12576958 25 0 1894 5.3763248 -1.8262137
198 341.5945 458.27158 0.5999058 -0.33271614 0.017865697 25 0 551 1.8082837 -0.64316642
199 465.81963 459.2698 0.70720339 0.10758423 0.027249691 25 0 328 1.1525813 -0.1541789
200 392.61421 463.08671 0.63062558 -0.20249238 -0.15912125 25 0 1213 3.7129435 -1.4242959
201 86.749979 464.50681 0.66897527 -0.20170711 0.20720496 25 0 5744 15.755242 -2.9935627
202 179.69689 465.34956 0.58385496 0.570754 0.25558523 25 0 940 2.7690683 -1.1058342
203 458.28089 466.5671 0.4588976 -0.24586475 0.12116711 25 0 58714 189.49212 -5.6939779
204 241.48059 473.4692 0.62340736 -0.49912312 0.10411728 25 0 4287 11.845043 -2.6838416
205 459.47686 474.47557 0.68875042 -0.55535887 0.2079095 25 0 335 1.0312184 -0.033376619
206 373.11643 475.11439 0.58093236 -0.64624106 -0.21708768 25 0 577 2.0246293 -0.76586377
207 144.77525 477.46441 0.68450816 -0.17504718 0.074336314 25 0 429 1.1775646 -0.1774619
208 291.4988 476.76817 0.58080585 0.24356654 -0.0050548966 25 0 2751 8.2745811 -2.294365
209 368.89733 481.83511 0.7370606 0.048241081 0.22076688 25 0 455 1.3636603 -0.33676552
210 169.53793 482.87115 0.65610846 -0.30852089 -0.12507934 25 0 766 2.0994002 -0.80523808
211 94.536951 488.40055 0.59410742 0.66827627 0.069183368 25 0 906 2.6538689 -1.0596986
212 270.62056 497.79066 0.45597329 0.16483201 -0.26946552 25 0 253 1.0231396 -0.02483723
213 146.62446 505.07814 0.61368091 -0.19828822 0.072051682 25 0 561 1.6522525 -0.54519104
214 191.88329 505.04284 0.68224807 0.19702988 0.087373477 25 0 572 1.632812 -0.53234045
215 147.4269 508.44914 0.5896597 -0.32548378 0.10750981 25 0 607 1.583375 -0.49895948
