id xcentroid ycentroid sharpness roundness1 roundness2 npix sky peak flux mag
1 327.233 0.20877546 0.7672251 0.28120002 -0.2286444 25 0 375.38971 1.3535535 -0.32868853
2 299.74561 2.8126262 0.60090202 0.31749741 -0.13541339 25 0 735.82187 3.1056047 -1.2303654
3 308.51357 5.3604535 0.48423231 -0.78934484 -0.57815741 25 0 235.99336 1.2092111 -0.20625535
4 431.21405 6.4342926 0.67092777 0.50222669 0.023122609 25 0 509.98822 2.008947 -0.75742121
5 111.75299 10.265473 0.7383667 -0.29715509 -0.23775656 25 0 565.73105 1.8996192 -0.69666635
6 337.22662 11.618378 0.5669802 0.65317122 0.10962604 25 0 748.31185 3.205951 -1.2648922
7 26.784123 12.21784 0.68960726 -0.030756446 -0.11564997 25 0 16607.807 62.0512 -4.4818755
8 410.74325 14.778787 0.62587465 0.33947629 -0.28366531 25 0 780.00005 3.1928745 -1.2604546
9 469.94569 14.718877 0.66584615 0.29054365 -0.076673083 25 0 30068.864 113.47795 -5.1372787
10 428.05546 16.24536 0.63358779 0.24068035 -0.016979532 25 0 272.41771 1.1832985 -0.18273583
11 336.59679 19.804063 0.57008046 0.16195271 -0.16454943 25 0 259.61079 1.2251872 -0.2205061
12 215.13996 29.628848 0.65019017 -0.13046316 -0.17398016 25 0 339.54281 1.2309594 -0.22560929
13 277.97781 30.707317 0.621051 0.0088574813 -0.85277994 25 0 210.33079 1.0475834 -0.050471555
14 356.48955 33.05026 0.57320865 -0.26609089 -0.22477982 25 0 575.57797 2.5253557 -1.0058064
15 428.2025 32.656923 0.83716314 0.13526049 -0.36251106 25 0 281.25036 1.0364228 -0.038842388
16 456.25827 33.443384 0.56366402 0.39487 -0.10155567 25 0 382.73336 1.7805376 -0.62637785
17 129.4538 35.721123 0.64911842 -0.39414496 -0.2155316 25 0 474.71319 1.9285381 -0.71307055
18 100.89793 40.074843 0.58505209 0.011191155 -0.23294371 25 0 240.08172 1.0479574 -0.050859064
19 116.04985 39.847132 0.61671339 -0.10688357 -0.26949945 25 0 675.1727 2.8026131 -1.1189079
20 189.04108 40.876115 0.67457223 0.12606551 -0.052742665 25 0 1372.747 5.0267125 -1.7532101
21 208.48368 41.711404 0.62078146 -0.21029649 -0.20566158 25 0 2253.9976 8.5671455 -2.3320904
22 349.19677 43.056162 0.63434249 0.16511342 -0.18102103 25 0 565.84212 2.3731471 -0.93831163
23 68.718564 44.078791 0.67565832 0.16398301 -0.41909579 25 0 587.71319 2.2610886 -0.88579394
24 252.33639 44.294894 0.6674782 -0.098613606 -0.22587278 25 0 306.65715 1.2834961 -0.27098641
25 326.98202 43.846831 0.28969162 0.4451799 -0.083690802 25 0 58704.185 306.36975 -6.2156147
26 113.73767 46.015763 0.66085838 0.043115073 -0.21761436 25 0 5808.2897 22.262672 -3.3689432
27 157.17661 46.425322 0.70998033 0.59892716 -0.52267811 25 0 362.97023 1.3674172 -0.33975262
28 402.62648 47.452887 0.57693026 0.63197044 -0.081013407 25 0 895.68309 3.5049189 -1.3616949
29 47.130332 48.528229 0.51774064 0.31783665 0.14629407 25 0 267.60273 1.2926074 -0.27866657
30 54.831566 53.265768 0.7381325 0.1701916 0.048906272 25 0 324.31858 1.1883473 -0.18735844
31 249.19943 52.74763 0.5700083 -0.42470895 -0.1152891 25 0 388.17357 1.7186336 -0.58795824
32 403.06489 52.938081 0.66878796 -0.085763749 -0.067300242 25 0 318.16929 1.3270057 -0.30718197
33 472.95131 53.420688 0.63845592 0.33957897 -0.056466918 25 0 879.15224 3.3866827 -1.3244363
34 296.50298 54.481829 0.5344778 -0.27420957 -0.19509958 25 0 1260.3926 5.1543452 -1.7804338
35 144.70176 59.078653 0.80006375 0.080791781 -0.23888946 25 0 426.49572 1.4350876 -0.39219607
36 445.66608 61.113101 0.61117324 0.10436306 -0.20329969 25 0 1632.5349 6.5190387 -2.0354589
37 32.836506 62.000917 0.67086928 -0.53073257 -0.41549059 25 0 284.23424 1.0263579 -0.028247052
38 504.04876 63.397033 0.68495645 0.33015946 0.055045935 25 0 3892.6654 14.474605 -2.9015168
39 0.17304546 65.004388 0.85712072 -0.5528751 0.10215759 25 0 514.73708 1.7397066 -0.60119002
40 351.91956 65.449515 0.46740624 -0.21552585 -0.23063328 25 0 204.39277 1.0280565 -0.030042408
41 33.770416 66.995533 0.65995792 -0.069742232 -0.088921354 25 0 790.84768 3.2638176 -1.2843147
42 57.030776 66.737113 0.71356883 -0.40823917 -0.066822399 25 0 467.15162 1.6864366 -0.56742504
43 171.8556 67.377652 0.53209672 0.19873892 0.33379479 25 0 294.63256 1.3256931 -0.30610752
44 435.30687 68.001092 0.67817253 -0.0011808427 -0.22271722 25 0 1909.7715 7.2532634 -2.1513336
45 0.29051526 68.837022 0.79315681 -0.38319694 -0.022130047 25 0 551.06145 1.9842498 -0.74399089
46 114.78648 68.797322 0.77710862 0.08818049 -0.2369937 25 0 485.90633 1.6966314 -0.57396876
47 473.90505 68.857216 0.78638028 0.26954357 -0.11389593 25 0 484.01246 1.6839367 -0.56581438
48 420.45393 69.711026 0.61816446 0.63492043 -0.050287384 25 0 568.97731 2.3151202 -0.91143388
49 58.130273 71.945957 0.69994698 -0.10526136 -0.1981242 25 0 1898.0541 6.9725593 -2.1084805
50 471.11609 76.443303 0.58047502 0.23348639 0.019470978 25 0 958.70411 3.9768782 -1.4988557
51 353.08348 80.573968 0.58957977 0.18204571 -0.02327989 25 0 3221.984 12.897282 -2.7762455
52 122.0342 83.706432 0.69934638 0.076330607 -0.26052727 25 0 582.16203 2.1856555 -0.84895426
53 437.59259 85.909942 0.53145634 0.24182092 -0.25646462 25 0 278.23909 1.3448653 -0.32169696
54 94.382526 87.30708 0.56178877 0.28628442 -0.04659823 25 0 564.57425 2.5857802 -1.031479
55 146.91119 87.5868 0.60269559 0.25568639 -0.30421738 25 0 301.20251 1.2268182 -0.22195056
56 493.35892 87.536484 0.63855619 0.68686661 0.039853035 25 0 21214.074 79.572117 -4.7519023
57 157.34145 94.183065 0.63695759 0.12553077 -0.052626123 25 0 549.27588 2.1126681 -0.81207819
58 285.99584 94.943039 0.62823565 -0.15526407 -0.17478448 25 0 1360.9572 5.3268113 -1.8161683
59 289.96848 96.649826 0.54917127 -0.14188447 -0.15927461 25 0 1378.9085 5.8368191 -1.9154406
60 188.318 97.568865 0.54505393 -0.16415763 -0.085712554 25 0 1461.6256 5.8394775 -1.915935
61 118.14867 101.42916 0.56527616 0.20328668 -0.093964238 25 0 396.5627 1.6991175 -0.57555856
62 56.006663 101.77681 0.65288368 0.016821655 -0.12703605 25 0 4773.2148 18.309466 -3.1566892
63 454.05694 101.3527 0.48245726 0.24735631 -0.1274819 25 0 264.54357 1.3627464 -0.3360376
64 64.158203 103.00329 0.65746362 -0.15286838 -0.33137411 25 0 370.98265 1.5462347 -0.47318857
65 299.05738 103.46365 0.58895825 -0.029343728 0.029545996 25 0 323.0305 1.395828 -0.36207975
66 510.88501 103.77121 0.95712722 0.16047701 0.27497649 25 0 2351.482 7.2395547 -2.1492796
67 491.61118 107.43058 0.58917053 -0.20026153 -0.076190615 25 0 1981.0064 7.8540428 -2.2377332
68 334.5823 113.09801 0.62012488 0.41794804 -0.25601018 25 0 515.38927 2.0939848 -0.80243384
69 221.39007 114.8947 0.65955941 -0.035841396 -0.22498659 25 0 18478.809 69.401379 -4.6034203
70 238.67399 114.99203 0.56995059 0.52158675 -0.096623835 25 0 1052.8518 4.3274653 -1.590584
71 248.71775 116.43527 0.57790419 -0.067001537 -0.14830144 25 0 1726.6788 6.8128693 -2.0833251
72 305.51334 116.05414 0.62968996 0.24112662 -0.29081243 25 0 1146.1691 4.5917293 -1.6549407
73 100.37153 118.40786 0.58834958 0.20408271 -0.28189803 25 0 483.30624 2.0401525 -0.7741566
74 201.01691 117.99329 0.67865547 0.22705389 -0.091909904 25 0 596.83349 2.1770631 -0.84467753
75 450.58725 117.74421 0.77015688 0.092715249 -0.069948125 25 0 477.08565 1.7481391 -0.60643995
76 494.66308 118.0048 0.76146602 0.46449373 -0.20275822 25 0 327.70258 1.2408902 -0.23433338
77 154.90306 119.5321 0.6428246 -0.44526238 -0.63073789 25 0 478.24892 1.866832 -0.67776309
78 53.200439 119.8887 0.68519858 -0.24277132 -0.18308332 25 0 644.9357 2.5092454 -0.99885784
79 152.70634 121.58548 0.61685514 0.41298994 -0.076587523 25 0 2021.4335 7.7206209 -2.2191306
80 480.6118 121.93488 0.70984808 -0.25061746 -0.096786266 25 0 457.84067 1.815505 -0.6474936
81 176.59982 127.09444 0.62128256 0.0017252602 -0.28165172 25 0 1813.8309 7.0431723 -2.1194208
82 7.9386515 128.50139 0.62432648 0.44637803 0.016908719 25 0 1191.7949 4.626189 -1.6630584
83 254.08022 130.45321 0.61586267 0.43385059 0.087221513 25 0 437.62686 1.6701528 -0.5568905
84 271.51143 136.60934 0.62662648 -0.59816971 -0.1521837 25 0 249.40266 1.0747742 -0.078293132
85 396.61553 138.52244 0.60862355 0.62276399 -0.070371861 25 0 11454.39 43.921767 -4.1066995
86 384.95328 141.73009 0.36890833 0.4570522 0.31208639 25 0 177.35672 1.2167623 -0.21301439
87 299.54595 144.02927 0.699324 -0.046466719 -0.30125798 25 0 3147.6154 11.064577 -2.609837
88 15.177968 144.86272 0.70708369 -0.11750487 -0.0605032 25 0 992.95063 3.7059938 -1.4222617
89 95.080791 146.63033 0.67036515 0.1795848 0.040009062 25 0 309.72529 1.2254957 -0.22077945
90 484.70048 150.50914 0.60718978 0.56454492 0.0068607384 25 0 7320.9877 28.501874 -3.6371835
91 98.155392 158.18268 0.56603359 -0.050831132 0.027827512 25 0 505.38948 2.2029983 -0.85753541
92 386.49071 160.10622 0.61765435 -0.070034374 -0.27432683 25 0 50195.733 191.44525 -5.7051115
93 207.00105 163.93926 0.58940058 0.090953238 -0.33883673 25 0 559.42107 2.2297577 -0.87064418
94 425.77851 163.56478 0.47320189 0.74480395 0.19004113 25 0 419.85134 2.1223835 -0.81705964
95 154.10532 167.43514 0.60371304 0.30032339 -0.051743451 25 0 730.43144 2.8300739 -1.1294944
96 33.897834 171.04228 0.54938267 0.10624594 -0.11934039 25 0 371.66228 1.7227324 -0.59054455
97 226.51268 172.51868 0.57170536 -0.27579107 -0.11610663 25 0 1502.7242 5.6887966 -1.887551
98 346.90482 172.40828 0.54167721 0.34199762 -0.076110793 25 0 505.88141 2.2418278 -0.87650563
99 478.74242 171.85614 0.65709103 0.2830436 -0.11187824 25 0 7174.9076 27.400757 -3.5944064
100 164.73411 173.08281 0.60121095 -0.047242991 -0.32054754 25 0 983.78037 3.8475713 -1.4629667
101 414.04975 174.49883 0.57953213 -0.12841528 -0.12581872 25 0 314.9422 1.4743251 -0.42148312
102 2.1543212 174.85531 0.65720462 0.25989549 0.0041388615 25 0 299.97313 1.2475612 -0.24015468
103 153.28859 175.71496 0.59717796 -0.079784468 -0.15182584 25 0 1536.504 5.9882421 -1.9432484
104 22.348572 176.90919 0.57092133 -0.24455673 -0.13389123 25 0 245.21309 1.197899 -0.19605053
105 144.19382 179.79712 0.59641884 -0.84071858 -0.82876227 25 0 239.33661 1.1305801 -0.13325338
106 17.299838 181.61593 0.54754552 0.89617359 0.13760522 25 0 649.55883 2.7544054 -1.1000697
107 421.67971 181.07953 0.64174026 -0.033873561 -0.20439333 25 0 2953.8745 11.294478 -2.6321654
108 115.55915 181.74642 0.61194886 0.042865877 -0.15117597 25 0 1715.6223 6.453984 -2.0245697
109 411.50231 183.35308 0.60934364 -0.020244815 -0.21831164 25 0 547.29116 2.1899477 -0.85108434
110 483.50426 182.87439 0.64102036 0.087123463 -0.23307353 25 0 776.87349 3.115011 -1.233649
111 227.28036 184.52943 0.62005545 -0.36398199 -0.072081564 25 0 1018.3601 3.7597225 -1.4378895
112 422.13017 186.13244 0.62698236 -0.054391052 -0.1894723 25 0 959.39021 3.9033735 -1.4786003
113 189.86916 187.24401 0.69152654 0.15751801 -0.14774168 25 0 812.31027 2.8233254 -1.1269023
114 72.140727 188.20852 0.688528 0.14458612 -0.10589895 25 0 46660.912 173.72216 -5.5996381
115 326.94282 187.82247 0.4155802 -0.41093328 -0.29217407 25 0 181.57308 1.0186156 -0.020025813
116 121.83336 189.54841 0.56133478 0.19163752 0.083223956 25 0 392.60695 1.6029089 -0.51227213
117 253.34909 192.93719 0.22805428 -0.035878548 0.099509998 25 0 168.19625 1.0459548 -0.048782259
118 421.18009 194.04484 0.57976283 0.5224237 0.0055653323 25 0 363.57146 1.5990279 -0.50964013
119 455.35927 197.92944 0.6959196 0.10022461 -0.18679956 25 0 702.84849 2.6819994 -1.0711467
120 168.66726 200.25699 0.57619596 0.10306115 -0.28835742 25 0 591.28877 2.4469457 -0.97156081
121 349.77931 199.80606 0.58920945 0.18265549 -0.13598361 25 0 272.4771 1.2608713 -0.25167687
122 382.71813 199.7391 0.77031132 0.12942419 -0.29421891 25 0 315.9681 1.1245519 -0.12744875
123 199.13473 201.46049 0.56917423 -0.044988856 -0.2076601 25 0 297.71255 1.1304079 -0.13308793
124 67.294795 202.35515 0.67959536 0.26233299 -0.17576694 25 0 584.822 2.1123041 -0.81189113
125 406.36095 202.29688 0.47525731 0.13244668 -0.094570769 25 0 268.41806 1.5224134 -0.45633149
126 509.42426 201.61877 0.61878774 -0.066116808 -0.1310435 25 0 1552.4324 6.1932423 -1.9797952
127 469.76936 204.05891 0.65075027 -0.088818278 -0.18818882 25 0 749.30348 3.02751 -1.202714
128 416.26519 206.52936 0.6759733 -0.45807507 -0.30965836 25 0 278.09403 1.1844953 -0.18383331
129 503.26127 207.78781 0.67505858 0.032738916 -0.089604924 25 0 3742.1503 14.024655 -2.8672305
130 12.85759 211.32358 0.67815105 0.27729893 -0.63899794 25 0 439.23967 1.7078374 -0.58111629
131 15.317027 212.66839 0.67733096 0.29688842 -0.44896838 25 0 451.02114 1.700478 -0.57642753
132 426.18918 213.92014 0.61466022 0.1667935 -0.091002949 25 0 1210.2202 5.0863757 -1.7660211
133 326.94724 216.12041 0.64157488 0.18573287 -0.099733355 25 0 1709.0258 6.9049526 -2.0979018
134 257.03499 218.1224 0.63959132 0.33505141 -0.21563217 25 0 798.95986 2.9914168 -1.1896923
135 151.28224 219.54348 0.54316906 0.84781428 0.14926811 25 0 858.16358 3.3159109 -1.3015071
136 221.11029 223.02499 0.61288512 -0.098932603 -0.35725018 25 0 272.38739 1.0600871 -0.063353828
137 479.89164 222.73882 0.65288398 0.22677068 -0.077334639 25 0 5238.2241 20.15311 -3.2608552
138 240.40637 224.89872 0.62189487 0.19274423 -0.32181797 25 0 2758.0622 10.404624 -2.5430659
139 352.72236 227.09216 0.62174513 0.072445466 -0.18612867 25 0 4641.3325 18.152816 -3.14736
140 422.77243 227.75982 0.61720769 0.29799627 -0.13041055 25 0 14415.092 56.093762 -4.3722864
141 327.72582 229.39162 0.59001803 -0.15714811 -0.098579278 25 0 1001.1043 3.9989111 -1.5048544
142 491.91187 230.00443 0.4312366 0.47385542 0.40150163 25 0 208.39261 1.2031334 -0.20078447
143 379.79794 230.36842 0.46410171 0.12137189 0.24157842 25 0 200.97757 1.0886727 -0.092243295
144 181.02211 235.65844 0.56865281 0.49921622 0.032897916 25 0 594.49096 2.3135836 -0.91071302
145 241.06787 236.54364 0.5270009 0.39667883 0.024632803 25 0 649.53352 2.7187852 -1.0859372
146 431.9376 239.2653 0.61570195 0.16491423 -0.054890424 25 0 2015.314 8.0021986 -2.2580233
147 31.38356 239.77113 0.64486781 -0.25779759 -0.30961393 25 0 337.17848 1.4169112 -0.37835655
148 17.779171 242.31172 0.28262312 0.8781177 0.27291687 25 0 150.34477 1.0321765 -0.034384942
149 52.327802 250.17846 0.77271887 -0.7230754 -0.53016231 25 0 317.87825 1.1616723 -0.16270906
150 204.63075 253.11422 0.62149421 -0.015502051 -0.25343397 25 0 5009.2609 19.326906 -3.2154058
151 428.84256 252.65858 0.5807408 0.3307706 -0.074539074 25 0 7224.9677 28.910332 -3.6526327
152 266.85729 255.4733 0.53173999 0.26586125 0.0071243657 25 0 414.23522 1.8997 -0.69671254
153 332.44946 261.99078 0.74623367 -0.021177655 -0.50498825 25 0 457.22315 1.5870996 -0.50151046
154 105.54144 263.28916 0.59546039 0.17201737 -0.4155023 25 0 303.94537 1.1638035 -0.16469914
155 27.067861 273.92155 0.87100804 -0.077684246 -0.084837088 25 0 321.0463 1.0546237 -0.057743849
156 33.904369 273.83489 0.69870436 0.29482255 -0.12639654 25 0 1740.2519 6.4959221 -2.031602
157 90.473307 275.3332 0.68971719 0.79123679 0.068126833 25 0 348.89112 1.3065802 -0.29034014
158 501.93151 278.59248 0.62461133 0.5240476 0.07076884 25 0 251.84107 1.120042 -0.12308578
159 216.26793 282.10849 0.69879486 -0.04968541 -0.33203554 25 0 374.23278 1.2865794 -0.27359148
160 484.92339 282.06541 0.7797816 0.54358676 0.23888921 25 0 277.57511 1.0777559 -0.081301025
161 48.179932 283.08509 0.72269614 0.17334135 -0.14966118 25 0 919.03738 3.3860723 -1.3242406
162 348.58705 285.46343 0.59708957 0.5720878 -0.16577949 25 0 4841.6202 18.480384 -3.1667775
163 161.19087 286.56089 0.52973575 0.27684102 -0.13842656 25 0 814.21309 3.2748407 -1.2879754
164 39.652247 288.06048 0.60939461 0.12754017 -0.20314095 25 0 1387.7119 5.6781092 -1.8855093
165 67.996848 287.86478 0.65623566 0.23199655 -0.19236896 25 0 1301.539 4.98201 -1.7435115
166 322.8637 290.38567 0.64946671 0.10715689 -0.11245871 25 0 390.30895 1.4165257 -0.37806113
167 454.08702 290.35851 0.56577006 -0.013555809 -0.19834461 25 0 733.88467 3.0363751 -1.2058885
168 136.90797 297.60235 0.56396744 0.32364707 0.13826748 25 0 482.60516 1.9793115 -0.74128538
169 70.407433 297.5194 0.56766333 -0.38753423 0.20332266 25 0 289.65348 1.1010492 -0.10451684
170 51.454961 303.61589 0.62809303 0.65590184 -0.034173091 25 0 1129.0194 4.2240497 -1.5643226
171 399.30729 303.50294 0.55403595 -0.18934161 0.063768719 25 0 387.26206 1.6984238 -0.57511519
172 128.64536 309.16003 0.5463949 -0.20244386 -0.33061893 25 0 255.36676 1.0064108 -0.0069382198
173 194.93933 309.10778 0.62873916 -0.10824842 -0.32798529 25 0 855.579 3.2396934 -1.2762598
174 426.74503 309.22972 0.60763495 -0.098943224 -0.12301036 25 0 1104.2327 4.4546126 -1.6220248
175 114.1419 313.87743 0.66061006 0.094444193 -0.16274655 25 0 3832.4875 14.472848 -2.901385
176 201.09452 317.00135 0.80280609 0.7541554 0.35385402 25 0 337.24205 1.0081081 -0.0087677928
177 36.307499 317.78208 0.76473946 -0.020337012 -0.31344334 25 0 418.31507 1.3943136 -0.36090118
178 163.45822 323.6637 0.56449061 0.060304144 0.13969884 25 0 292.66073 1.1026896 -0.10613318
179 431.60754 323.28957 0.40634426 0.12454176 -0.54349865 25 0 218.54869 1.2239696 -0.21942661
180 306.48793 325.74721 0.61779723 0.59174938 -0.15082578 25 0 572.76467 2.1701944 -0.84124659
181 239.54112 328.70013 0.54709621 0.72682296 0.043077202 25 0 276.73601 1.302013 -0.28653827
182 264.03172 333.01687 0.61436474 0.16644494 -0.2675234 25 0 560.49392 2.1908061 -0.85150983
183 356.82847 333.26697 0.68942286 0.40505541 -0.34124854 25 0 472.33342 1.6659062 -0.55412638
184 6.985103 333.73307 0.70038176 0.15855575 -0.041337026 25 0 14592.892 53.658945 -4.3241053
185 240.10938 334.47588 0.59492363 0.37371034 -0.013246681 25 0 942.95409 3.6293109 -1.3995604
186 53.22768 334.94702 0.6753408 0.031300846 -0.11606141 25 0 1155.3599 4.3490396 -1.5959834
187 464.95569 341.02896 0.62277754 0.4259118 0.24063861 25 0 1000.3978 3.604894 -1.3922313
188 236.4024 344.11753 0.58300154 -0.10926487 -0.46640693 25 0 404.26812 1.5052215 -0.44400101
189 337.08035 346.9416 0.58260649 -0.037977635 -0.13256792 25 0 757.17807 3.1711943 -1.2530571
190 216.164 350.60032 0.5925386 0.47076403 0.065313136 25 0 4809.5466 18.63878 -3.1760437
191 358.26438 351.94804 0.65268394 -0.025145135 -0.21173382 25 0 1256.9736 4.7780742 -1.6981322
192 469.86461 352.77144 0.61050431 -0.69202974 0.038037631 25 0 319.29282 1.2427914 -0.2359956
193 275.19816 354.49234 0.55967781 -0.028927268 -0.050480369 25 0 22579.301 89.657938 -4.8814719
194 133.29467 356.56524 0.76214774 0.43308987 0.048419594 25 0 333.05746 1.0696359 -0.073089889
195 419.69707 356.89235 0.67583347 -0.12422929 -0.23799441 25 0 303.81989 1.1176886 -0.12080209
196 0.10980821 360.19183 0.93593219 0.22709041 0.32319125 25 0 534.30372 1.6752722 -0.56021345
197 4.8611891 361.58599 0.8228623 -0.24753475 -0.066891755 25 0 333.13026 1.0127697 -0.013776776
198 390.94122 361.67843 0.6262333 0.13715146 -0.065058881 25 0 1933.1724 7.4337515 -2.1780201
199 456.01858 362.1149 0.69785832 0.19041879 0.25350822 25 0 381.08201 1.2963989 -0.28184663
200 202.42614 363.49363 0.5463362 -0.2672657 -0.089721935 25 0 1325.7789 5.1473617 -1.7789617
201 254.54061 364.80212 0.63320269 0.37927792 -0.20377677 25 0 2878.1306 10.962958 -2.5998194
202 72.050369 366.11346 0.68040556 0.15816059 -0.15906717 25 0 5804.3129 21.60974 -3.3366238
203 404.17951 365.99391 0.66990747 0.048286002 -0.15055196 25 0 1290.235 4.8310301 -1.7100994
204 87.032653 367.27282 0.54508196 -0.39658305 0.028330769 25 0 284.02965 1.2347209 -0.22892197
205 115.26103 367.00075 0.70317866 0.18491606 -0.20017042 25 0 600.1596 2.046765 -0.77766993
206 475.68889 368.10353 0.6937588 -0.092031731 -0.1845912 25 0 10506.507 38.408304 -3.9610628
207 452.23319 375.60563 0.59531769 -0.041591976 -0.01224613 25 0 284.62478 1.1527301 -0.15431912
208 422.47881 377.40369 0.62718627 0.18498938 -0.036134714 25 0 284.71274 1.0998872 -0.10337039
209 2.2806477 379.40245 0.37717847 0.26953183 -0.12555065 25 0 232.96066 1.0108505 -0.011717364
210 342.43383 379.17059 0.63773776 0.091411428 -0.27963851 25 0 3435.0247 12.84954 -2.772219
211 51.251525 380.29381 0.70113589 0.3012658 -0.12369455 25 0 4027.1634 14.399803 -2.8958914
212 96.990866 381.94251 0.62078424 -0.0067296035 -0.16657544 25 0 721.30023 2.7700463 -1.1062176
213 203.74433 383.6358 0.51537786 -0.41598991 -0.10897052 25 0 494.15973 1.7957482 -0.63561357
214 76.724633 385.0145 0.62054054 0.26667177 -0.26371692 25 0 492.0258 1.8895477 -0.69089463
215 460.45116 384.49274 0.68106379 0.0088235133 0.84486393 25 0 683.9128 2.1956222 -0.85389405
216 120.99579 386.27384 0.65603509 0.1311065 -0.13916671 25 0 1584.5754 5.9259073 -1.9318871
217 492.6223 386.47346 0.74251558 -0.035632554 -0.087865196 25 0 388.13781 1.2831725 -0.27071257
218 431.63211 388.54557 0.57824929 -0.16782594 -0.0052259312 25 0 2227.7459 8.5003987 -2.3235982
219 461.06422 388.04274 0.66876241 -0.043746628 -0.064131644 25 0 2454.2185 9.2318409 -2.4132208
220 36.600285 391.1484 0.62764256 -0.15106314 -0.03455827 25 0 639.06187 2.3176339 -0.91261209
221 223.02831 396.29899 0.64779133 0.15663255 -0.10838422 25 0 8630.4202 32.984851 -3.7957863
222 353.51483 398.4115 0.58136491 -0.54849506 -0.33014295 25 0 696.81758 2.6568974 -1.060937
223 388.94893 403.50149 0.51956772 -0.061936851 0.079951715 25 0 556.7822 2.3178828 -0.91272866
224 252.31888 403.80118 0.64462174 0.50652423 -0.26152465 25 0 774.45928 2.8520301 -1.1378853
225 267.58927 407.09855 0.75473349 -0.16179685 -0.34613012 25 0 433.52072 1.4789682 -0.42489706
226 249.53704 407.51169 0.59625797 0.69730669 -0.13358025 25 0 1726.4269 6.5214176 -2.035855
227 470.92993 407.94149 0.74601974 0.59584347 0.015702051 25 0 558.01936 1.8496485 -0.66772303
228 81.528113 412.71729 0.63429387 -0.17892314 -0.25205025 25 0 921.93438 3.3816935 -1.3228356
229 105.42256 414.27268 0.59105287 -0.13870837 -0.2912176 25 0 2118.6159 8.2914997 -2.2965827
230 281.46899 424.59699 0.46354225 0.6690681 -0.010835497 25 0 339.65036 1.5545155 -0.47898766
231 162.23934 425.96402 0.6374109 -0.084866595 0.080761231 25 0 410.26333 1.4787589 -0.4247434
232 191.25006 431.32558 0.87819936 0.40761227 0.037678846 25 0 511.71555 1.4703491 -0.41855116
233 156.2396 432.24385 0.68014086 0.23662686 -0.15488132 25 0 2532.0198 9.2363778 -2.4137542
234 129.71992 433.22075 0.682055 0.16886605 -0.12186155 25 0 1241.0685 4.3092531 -1.586005
235 171.21421 433.93891 0.58003729 0.3145918 -0.08072616 25 0 316.95089 1.2057787 -0.20316906
236 158.58272 434.66962 0.83720634 0.48442788 -0.30312493 25 0 483.46114 1.43399 -0.39136529
237 488.34814 435.52032 0.4001239 0.40981272 -0.09343385 25 0 61257.628 248.34456 -5.9876366
238 229.57722 435.74382 0.70048864 0.21802002 -0.23815072 25 0 1197.8569 4.0486995 -1.5182889
239 342.13092 437.49492 0.60633253 -0.023427252 -0.00060902719 25 0 3156.3578 11.953665 -2.6937527
240 242.72513 440.18283 0.7083799 0.13331333 -0.27510377 25 0 1184.8984 3.9038074 -1.478721
241 11.683891 440.6858 0.63217525 -0.062834112 -0.14793689 25 0 423.31433 1.6392595 -0.5366193
242 88.690509 442.02217 0.68573062 0.045652648 -0.24528874 25 0 16091.978 59.453451 -4.4354427
243 473.79589 442.8253 0.75793113 -0.33669099 -0.22129967 25 0 425.5372 1.3509454 -0.32659453
244 460.49446 448.78666 0.69487714 -0.28042646 0.046176919 25 0 385.06972 1.3590756 -0.33310908
245 209.35132 449.70525 0.56121259 -0.16741899 -0.55772321 25 0 331.47005 1.2654811 -0.25563916
246 474.44495 452.07982 0.67041909 -0.20300073 -0.27477978 25 0 2387.2458 8.7882228 -2.3597526
247 376.88593 454.65593 0.53772207 0.19211992 0.17829232 25 0 327.60896 1.2474461 -0.24005451
248 308.45851 455.66895 0.71997629 -0.020106396 -0.24044332 25 0 704.27887 2.263217 -0.8868155
249 432.57651 456.84415 0.72907019 -0.020540457 -0.06882065 25 0 593.93144 2.00706 -0.75640089
250 476.96962 458.44636 0.671381 -0.03088547 -0.12662093 25 0 289.19441 1.0305835 -0.032707989
251 359.66162 460.69258 0.62301922 0.075659459 -0.16187703 25 0 1378.4432 5.187308 -1.7873551
252 53.813542 461.52108 0.65101372 0.42281336 -0.0071807532 25 0 5889.5727 22.099786 -3.3609702
253 146.67169 462.86067 0.64635998 0.20414358 -0.24880056 25 0 1292.5756 4.7542116 -1.6926963
254 323.61226 463.39094 0.59465203 -0.64991351 -0.34536219 25 0 287.26812 1.0149872 -0.016151441
255 425.1295 464.34936 0.39566002 0.11595743 -0.20418567 25 0 61235.637 295.56464 -6.1766312
256 288.97748 465.02162 0.50818631 0.14923974 -0.26059211 25 0 448.46564 2.0882961 -0.79948019
257 43.051858 466.65701 0.65467726 -0.097342974 -0.26697338 25 0 354.01919 1.2648957 -0.25513675
258 402.25916 466.60403 0.64409732 -0.14030265 0.073335353 25 0 415.74849 1.4988663 -0.43940723
259 208.44963 470.84709 0.69132377 0.1828835 -0.28382727 25 0 5475.3556 19.545186 -3.2275995
260 340.14734 472.74007 0.56406742 0.29861808 0.13717849 25 0 574.6116 2.1910996 -0.85165532
261 426.38709 471.99173 0.73887172 -0.057522378 -0.2151867 25 0 565.81125 1.6581525 -0.54906121
262 42.447984 473.41286 0.4924778 0.55180322 0.26019605 25 0 231.16057 1.0767938 -0.080331399
263 242.89128 473.98111 0.77406797 -0.55436907 -0.57877803 25 0 366.45214 1.0928617 -0.096413042
264 258.51155 474.16536 0.65108277 -0.21051385 -0.2507445 25 0 3462.0836 12.927521 -2.7787881
265 111.95027 474.73023 0.57384006 0.13912419 -0.10503864 25 0 489.54236 1.822444 -0.65163551
266 335.7662 479.34177 0.67261968 0.067650704 -0.1740308 25 0 579.06409 2.0680252 -0.78888955
267 136.47469 480.16602 0.67559366 -0.090829996 -0.25355501 25 0 936.05004 3.3165047 -1.3017015
268 61.608071 485.44416 0.65670241 0.62657082 -0.26005437 25 0 1081.8282 3.90964 -1.4803419
269 237.80733 495.12148 0.68448008 -0.49830209 -0.3361147 25 0 474.38076 1.5034034 -0.44268883
270 390.07463 495.13966 0.66642411 0.68796256 0.11615624 25 0 311.36396 1.002676 -0.0029015773
271 494.69317 497.29937 0.9399753 0.091035686 -0.48069569 25 0 443.56113 1.1828178 -0.18229461
272 147.71168 499.13773 0.8135152 -0.142187 -0.068646756 25 0 480.2638 1.3885295 -0.35638777
273 64.717095 500.44186 0.74887526 -0.198608 -0.21822476 25 0 404.67798 1.2104073 -0.20732884
274 113.34891 502.09538 0.57866479 -0.89430473 -0.44760384 25 0 623.42693 2.4487405 -0.9723569
275 158.83264 502.258 0.73796605 -0.30113614 -0.13243465 25 0 618.74028 1.9406958 -0.71989366
276 277.64666 504.49201 0.48878103 -0.47711513 -0.56870136 25 0 258.63137 1.0460023 -0.048831633
277 114.58871 505.85759 0.61048103 -0.25774259 -0.44698741 25 0 805.40973 2.9889472 -1.1887956
278 55.739582 508.39456 0.55135358 0.22171023 0.21187091 25 0 284.1403 1.1309112 -0.13357125
279 160.86039 509.52732 0.61991792 0.33293241 -0.050147698 25 0 909.47893 3.4086926 -1.3314696
