id xcentroid ycentroid sharpness roundness1 roundness2 npix sky peak flux mag
1 31.117505 -0.049417396 0.83211488 -0.43303161 -0.37116325 25 0 1005 2.2897379 -0.89946445
2 292.58304 15.24782 0.58785785 -0.37485276 -0.37503567 25 0 557 1.5216649 -0.45579759
3 423.99407 18.636154 0.53623895 -0.25752612 0.014145006 25 0 280 1.1322301 -0.1348367
4 104.69826 22.396611 0.66082599 -0.39750636 -0.21175398 25 0 405 1.1311783 -0.13382762
5 19.879586 24.084947 0.71280816 -0.29245676 -0.23609217 25 0 14371 32.278791 -3.7722931
6 330.16443 24.02556 0.71471661 -0.055664965 -0.25392506 25 0 740 1.7903242 -0.63232918
7 403.46091 27.110856 0.57145449 -0.64179352 -0.29592975 25 0 468 1.4886026 -0.43194694
8 462.67096 27.16131 0.66375516 -0.29911903 -0.25413465 25 0 24236 55.71394 -4.3649097
9 349.40966 45.52638 0.72352515 0.050373941 -0.27338755 25 0 450 1.0737901 -0.077298467
10 109.10536 51.892188 0.66860733 -0.22864251 -0.36468126 25 0 538 1.2929205 -0.27892952
11 181.87944 53.154984 0.61789994 -0.14278211 -0.30944553 25 0 1028 2.4601186 -0.97739013
12 201.26321 54.011857 0.68427662 -0.2472214 -0.24478588 25 0 2376 5.3751526 -1.825977
13 341.98019 55.229971 0.72002075 -0.29618875 -0.20370079 25 0 440 1.0529464 -0.05601568
14 61.790776 55.999732 0.7335119 -0.41744475 -0.44644405 25 0 498 1.239209 -0.23286143
15 319.90897 56.232771 0.31685591 -0.28553373 -0.18431414 25 0 58445 178.62049 -5.6298282
16 106.76305 58.077537 0.67098765 -0.31058186 -0.2862547 25 0 4958 11.39101 -2.6414056
17 395.45946 59.846492 0.69627388 -0.58272329 -0.41195744 25 0 801 1.892141 -0.69238375
18 465.86133 65.968921 0.64966459 -0.098506174 -0.18509401 25 0 674 1.8867483 -0.68928492
19 289.52147 66.709589 0.52104979 0.12737773 -0.32631951 25 0 1091 2.7959282 -1.116315
20 438.55241 73.62028 0.55623494 0.45077839 -0.090503628 25 0 957 2.5602372 -1.0207005
21 496.95971 75.869877 0.68443666 -0.021341528 -0.11054276 25 0 3335 7.9635203 -2.2527627
22 26.785079 79.052456 0.6664051 -0.45500227 -0.29079573 25 0 586 1.498602 -0.43921577
23 49.827446 78.749773 0.67435606 -0.60205736 -0.21024594 25 0 383 1.0294109 -0.03147189
24 428.11678 80.381356 0.65659441 -0.071575862 -0.062452402 25 0 1412 3.4465234 -1.3434531
25 413.34116 82.110602 0.76560189 -0.035481314 -0.16581162 25 0 532 1.2525764 -0.24451053
26 51.104679 83.897119 0.7261207 -0.34109755 -0.28389723 25 0 1713 3.8945604 -1.4761461
27 463.90413 89.031218 0.62843414 0.30686127 -0.034141851 25 0 805 2.2208977 -0.86632139
28 345.72259 92.897502 0.61836712 -0.11495322 -0.28098915 25 0 2840 6.777609 -2.0776913
29 114.80561 95.882577 0.65808117 -0.51015534 -0.40564084 25 0 477 1.0321511 -0.03435825
30 87.366885 99.290448 0.68725143 0.12319653 -0.13574567 25 0 552 1.2551867 -0.24677081
31 486.25948 99.955505 0.69846895 -0.22610121 -0.21769094 25 0 20719 46.142679 -4.160257
32 150.2615 106.3373 0.67118887 0.23594326 -0.24109041 25 0 525 1.1201481 -0.12318864
33 278.92517 107.11203 0.68153562 -0.54626383 -0.34369833 25 0 1273 2.7988038 -1.1174311
34 282.87578 108.87225 0.62386219 -0.38601827 -0.24764896 25 0 1393 3.2428631 -1.2773215
35 181.18128 109.83277 0.64124454 -0.33295248 -0.28293978 25 0 1549 3.3769632 -1.3213158
36 48.931394 113.81604 0.67236693 -0.31767231 -0.27262384 25 0 3819 8.6774258 -2.3459773
37 504.30814 116.52023 0.55516725 0.22713522 -0.077485019 25 0 1436 3.9185056 -1.4828012
38 484.50368 119.82496 0.58771452 -0.064308861 -0.15870736 25 0 1598 4.1393162 -1.5423215
39 327.3889 125.23404 0.6554433 0.17362509 -0.31581713 25 0 565 1.3107777 -0.2938226
40 214.05976 127.13278 0.64803476 -0.24108577 -0.24635275 25 0 16537 38.382272 -3.9603267
41 231.51613 127.27157 0.68508929 -0.10378298 -0.10554331 25 0 967 1.9334578 -0.71583676
42 298.2975 128.29991 0.63015869 -0.21657407 -0.3226172 25 0 1106 2.5530266 -1.0176384
43 241.6775 128.61373 0.54681005 0.030030852 -0.23218333 25 0 1517 3.6934421 -1.4185783
44 193.68896 130.17915 0.5706126 -0.30717601 -0.15862246 25 0 470 1.0023083 -0.0025032949
45 93.291438 130.42772 0.45234913 -0.57405741 -0.02369247 25 0 377 1.0142746 -0.015388904
46 46.119069 131.92176 0.64079386 -0.039865549 -0.14062093 25 0 511 1.2269414 -0.22205953
47 145.67988 133.671 0.56455025 0.031065327 -0.21790842 25 0 1775 4.2923864 -1.581747
48 169.54119 139.14997 0.60959603 -0.61756334 -0.38848406 25 0 1534 3.3697118 -1.3189819
49 1.065175 140.45018 0.53612193 -0.24796015 -0.038245834 25 0 1006 2.6869609 -1.0731534
50 389.39999 150.86859 0.67518129 -0.46215196 -0.30233955 25 0 10692 23.450197 -3.4253663
51 292.21626 156.34836 0.63995834 -0.010796961 -0.17080056 25 0 2759 6.2429102 -1.9884677
52 8.3214868 156.76 0.74054502 -0.77590423 -0.32460664 25 0 758 1.6388298 -0.53633464
53 477.52845 162.94832 0.6201835 -0.25849035 -0.31782437 25 0 6496 15.430082 -2.9709206
54 379.33167 172.45618 0.60514274 0.11191607 -0.13810549 25 0 40784 94.533502 -4.9389644
55 418.52529 175.93596 0.752371 -0.14403909 -0.40974087 25 0 450 1.0714796 -0.074959732
56 471.50539 184.28328 0.63144206 -0.5453559 -0.30160757 25 0 5412 12.61423 -2.7521519
57 157.48391 185.30352 0.58386128 -0.60301703 -0.31354602 25 0 849 1.7946826 -0.63496915
58 219.37724 184.63735 0.62180248 -0.59783187 -0.24677219 25 0 1504 3.1785362 -1.2555679
59 146.16391 187.87205 0.6778104 -0.41697728 -0.28045736 25 0 1727 3.7579663 -1.4373822
60 10.407573 193.46795 0.54721293 -0.58082643 -0.1732584 25 0 537 1.3402321 -0.31795001
61 108.51242 193.84347 0.66494845 -0.30451564 -0.27304541 25 0 1634 3.4929066 -1.3579674
62 414.47234 193.47486 0.60940616 -0.85105125 -0.20276697 25 0 1951 4.496257 -1.6321278
63 476.34521 195.40647 0.64027683 -0.08844241 -0.081549749 25 0 538 1.435744 -0.39269256
64 404.44853 195.71098 0.63571943 -0.54741831 -0.27299941 25 0 495 1.2181827 -0.21428108
65 220.00754 196.84173 0.68016772 -0.58120972 -0.34747477 25 0 1053 2.1013096 -0.80622509
66 414.88541 198.51678 0.60270534 -0.75866672 -0.060208316 25 0 678 1.70467 -0.57910079
67 182.76209 199.43726 0.63140493 -0.10901017 -0.19370206 25 0 703 1.3514726 -0.32701812
68 65.063795 200.21129 0.67367941 -0.19053225 -0.20968623 25 0 39391 89.975909 -4.8853156
69 448.12755 210.56553 0.50959343 0.12514084 -0.082707257 25 0 411 1.3743028 -0.34520609
70 161.50516 212.15619 0.64456379 -0.60920716 -0.30611501 25 0 609 1.184716 -0.18403562
71 60.263349 214.3119 0.66191719 0.09005234 -0.17471219 25 0 591 1.2783828 -0.26665233
72 502.21659 214.17523 0.6462431 -0.035384354 -0.13843423 25 0 1366 3.4516048 -1.3450527
73 462.68186 216.68269 0.49904866 0.43054154 -0.069605086 25 0 377 1.1590216 -0.16022882
74 496.14529 220.2931 0.65687973 -0.055170413 -0.1150138 25 0 2904 6.9479629 -2.1046437
75 418.99831 226.37271 0.60922707 -0.33187969 -0.16937784 25 0 881 2.2887345 -0.89898856
76 319.60932 228.33994 0.62434984 -0.77212643 -0.25708976 25 0 1236 2.7829752 -1.1112733
77 249.74946 230.36359 0.59391681 -0.4133584 -0.11057438 25 0 705 1.564597 -0.48600624
78 144.11456 231.66374 0.53376106 -0.21017985 -0.085080805 25 0 908 2.0785966 -0.79442552
79 472.69892 235.23296 0.64435236 -0.46214568 -0.25120206 25 0 3987 9.294191 -2.420529
80 233.13819 237.06888 0.65886406 -0.25893649 -0.30262892 25 0 2826 6.2773204 -1.9944357
81 345.5247 239.384 0.58584505 0.0072899579 -0.2985513 25 0 3379 7.7997719 -2.2302048
82 415.51949 240.18723 0.63756084 -0.55870501 -0.3161819 25 0 11764 26.800519 -3.570358
83 320.41038 241.60057 0.63176657 -0.74975191 -0.21415463 25 0 939 2.0695643 -0.78969731
84 173.84207 247.75414 0.58478599 -0.0045438841 -0.27904049 25 0 697 1.4904581 -0.4332994
85 233.56281 248.69528 0.46329991 -0.21544859 -0.43644471 25 0 623 1.5589528 -0.48208242
86 424.76634 251.72805 0.60569744 -0.10506523 -0.21372919 25 0 1615 3.9346944 -1.4872775
87 197.42518 265.23692 0.61398185 -0.61345539 -0.36697085 25 0 4185 9.3475581 -2.4267454
88 421.61271 265.16736 0.6601992 -0.43946829 -0.27372377 25 0 6656 15.038825 -2.9430348
89 26.930443 285.825 0.67666076 -0.2909278 -0.15857534 25 0 1493 3.3644471 -1.3172842
90 41.126942 295.02205 0.68135132 -0.53521451 -0.21112787 25 0 871 1.9389452 -0.71891383
91 341.19999 297.84585 0.66614539 -0.30230352 -0.21376303 25 0 5375 12.263802 -2.7215629
92 153.95821 298.87639 0.60915387 -0.068757504 -0.21179655 25 0 881 1.8897827 -0.69102969
93 32.679531 299.97131 0.66428917 -0.11585503 -0.26530946 25 0 1204 2.6814196 -1.070912
94 60.973857 299.83097 0.63322881 -0.12802648 -0.13827335 25 0 1194 2.6951599 -1.0764614
95 446.83696 302.84482 0.7210738 -0.26727602 -0.022418948 25 0 654 1.5388716 -0.46800599
96 44.388906 315.52275 0.6147743 0.17230277 -0.15986347 25 0 1003 2.1794563 -0.84587042
97 187.77344 321.3732 0.63090181 -0.024383372 -0.20373479 25 0 798 1.6571836 -0.54842654
98 419.53671 321.6078 0.57800069 -0.013521944 -0.11543928 25 0 778 1.9660605 -0.73399222
99 107.0489 325.92473 0.67692153 -0.19615211 -0.24277254 25 0 3420 7.5608934 -2.1964328
100 299.24441 338.08774 0.75876952 -0.6096759 -0.43357492 25 0 622 1.2126267 -0.20931785
101 256.84727 345.282 0.5779605 -0.56077615 -0.60182124 25 0 516 1.1720731 -0.17238678
102 0.31569192 345.50524 0.76860689 -0.31278988 0.26563876 25 0 10674 22.800132 -3.3948434
103 46.152828 346.80458 0.70151023 -0.1426512 -0.11993593 25 0 1068 2.3141928 -0.91099886
104 232.7443 346.62437 0.61205293 0.13000451 -0.067324137 25 0 784 1.628697 -0.52960073
105 457.78122 353.27329 0.71267886 0.013606961 0.14925698 25 0 747 1.6155026 -0.52076918
106 329.58196 359.27171 0.57295001 -0.17105742 -0.21235476 25 0 568 1.321488 -0.30265809
107 208.89882 362.68647 0.57132783 -0.20504574 -0.20730543 25 0 4246 10.134976 -2.5145568
108 350.96182 364.45299 0.54760047 -0.23468329 -0.17595507 25 0 853 2.2007933 -0.85644813
109 267.54417 366.85134 0.60476729 -0.29857916 -0.39794101 25 0 20191 46.62699 -4.1715934
110 383.56838 374.03439 0.63191631 -0.32448956 -0.28624203 25 0 1667 3.9733263 -1.4978856
111 195.18832 375.71331 0.6478562 -0.49288708 -0.29009942 25 0 1460 3.0394287 -1.2069799
112 247.17423 376.97247 0.68400476 -0.29339761 -0.27366331 25 0 2883 6.3810074 -2.0122231
113 65.030596 378.1089 0.68929182 -0.26719062 -0.21620194 25 0 5037 11.396509 -2.6419296
114 396.90658 378.28051 0.70901013 -0.28572846 -0.16560512 25 0 1052 2.3180624 -0.91281279
115 468.53138 380.50756 0.59306748 -0.93485113 -0.15379796 25 0 6547 15.191379 -2.953993
116 335.08289 391.60143 0.56829789 -0.050695432 -0.020134917 25 0 2523 6.1114196 -1.9653552
117 44.241156 392.18833 0.68437469 -0.13013009 -0.24118976 25 0 3514 7.8642393 -2.2391418
118 89.873677 393.912 0.71143518 0.30329478 -0.16933989 25 0 605 1.1952409 -0.1936386
119 196.38243 395.63476 0.51941629 -0.4374499 -0.51999117 25 0 487 1.0931057 -0.096655358
120 453.07318 397.00883 0.80169584 -0.87123023 -0.13007946 25 0 642 1.3627741 -0.33605966
121 113.75778 398.21551 0.57301103 -0.36954636 -0.31134279 25 0 1222 2.9311415 -1.167592
122 424.4728 400.89024 0.70256081 -0.47693341 -0.27562544 25 0 2327 5.1265013 -1.7745527
123 453.67616 400.48833 0.58514036 -0.0069401426 -0.039096026 25 0 1534 3.8563218 -1.4654332
124 29.607639 403.12222 0.74596468 -0.088330881 -0.37728354 25 0 556 1.2015984 -0.19939832
125 215.64016 408.58562 0.55612551 -0.6351938 -0.13951846 25 0 5501 12.936028 -2.7795024
126 346.15164 410.69482 0.58798956 0.064848342 0.005313892 25 0 640 1.5899744 -0.50347531
127 244.91671 415.95087 0.58006463 0.014341661 -0.26266535 25 0 605 1.4166781 -0.37817793
128 242.08768 419.68868 0.63460535 -0.25947614 -0.19469393 25 0 1742 3.9318846 -1.4865019
129 74.425392 424.66631 0.67030915 -0.69482328 -0.35889386 25 0 861 1.8278957 -0.65487853
130 98.373711 426.15554 0.71665222 -0.069896649 -0.3316275 25 0 2260 4.8370217 -1.7114451
131 149.09737 444.34645 0.63487106 -0.267437 -0.13714489 25 0 1993 4.5014202 -1.6333739
132 122.58745 445.16052 0.67107802 -0.42647785 -0.31016827 25 0 990 2.0322438 -0.76993949
133 222.13542 447.83471 0.71757381 -0.30070946 -0.17410926 25 0 1160 2.4392485 -0.96814013
134 481.07351 447.92007 0.24721337 -0.43768066 -0.10835261 25 0 57847 173.8792 -5.6006191
135 334.68856 449.83171 0.62123519 -0.15004388 -0.27933635 25 0 2786 6.6460465 -2.0564084
136 235.28533 452.34432 0.68830865 -0.38244899 -0.061332756 25 0 1052 2.123517 -0.81763936
137 81.597902 453.89962 0.65664571 -0.19763529 -0.35443376 25 0 12579 28.638086 -3.64236
138 467.1786 464.44818 0.60320358 -0.4714017 0.0063206573 25 0 1537 3.6976068 -1.4198018
139 301.18951 468.08993 0.76150365 -0.40086098 -0.31219987 25 0 687 1.443645 -0.39865106
140 46.66786 473.48227 0.61155278 -0.43643495 -0.10876973 25 0 4683 11.052743 -2.6086752
141 352.20678 472.92422 0.67970398 -0.40126472 -0.23507952 25 0 1277 2.968133 -1.1812084
142 139.40389 474.73576 0.63973177 -0.12117045 -0.36029883 25 0 1036 2.2681441 -0.88917661
143 417.716 476.55665 0.4809052 -0.1168121 -0.17345769 25 0 58078 150.47521 -5.4436624
144 201.25059 482.89728 0.7026998 -0.35906264 -0.26199658 25 0 4922 10.832976 -2.5868694
145 332.59584 484.85678 0.60511955 -0.49413213 -0.37540598 25 0 473 1.1164484 -0.11959661
146 251.168 486.38579 0.61708256 -0.14298149 -0.15809068 25 0 2692 6.3238618 -2.0024559
147 129.20727 492.0325 0.76823673 -0.60601306 -0.39956541 25 0 897 1.7110068 -0.58312937
148 54.516706 497.31275 0.57681575 0.033961398 -0.26154151 25 0 849 2.1048759 -0.80806625
