id xcentroid ycentroid sharpness roundness1 roundness2 npix sky peak flux mag
1 339.18399 0.07409999 0.86446102 -0.41036631 -0.52146472 25 0 2524 5.5530675 -1.8613324
2 491.09238 -0.24769393 0.83682355 0.087673929 0.042794953 25 0 639 1.7686543 -0.61910741
3 435.7815 2.5798556 0.57336969 -0.15437715 -0.11086032 25 0 1486 4.3580389 -1.5982278
4 41.304472 3.4187373 0.60991895 0.10677248 -0.16884667 25 0 5214 13.599957 -2.8338439
5 302.60261 19.538797 0.61027085 0.25755794 -0.18349139 25 0 599 1.7299967 -0.59511319
6 311.66046 21.931823 0.59835548 -0.0079257243 -0.32875758 25 0 309 1.0367254 -0.039159296
7 434.05139 23.167572 0.70432554 -0.34648879 -0.29924977 25 0 457 1.5074022 -0.44557285
8 114.40623 26.777053 0.71079865 -0.61431463 -0.30632156 25 0 486 1.2368425 -0.23078599
9 340.28443 28.41013 0.67134266 -0.019281548 -0.26934977 25 0 712 1.859281 -0.67336256
10 29.686871 28.578893 0.59001245 0.079145635 -0.14075295 25 0 11949 31.740612 -3.7540382
11 413.57086 31.528813 0.5834983 0.32005004 -0.16995824 25 0 548 1.7733096 -0.62196144
12 472.81606 31.450503 0.56798015 0.26738089 -0.018217065 25 0 21396 57.0496 -4.3906315
13 359.45395 49.792307 0.60962334 -0.43140556 -0.23521053 25 0 487 1.3940233 -0.36067505
14 459.03715 50.128219 0.80907112 0.27146265 0.012221484 25 0 349 1.0703835 -0.073848464
15 131.98387 52.173071 0.61703206 -0.46072019 -0.37744717 25 0 396 1.1012452 -0.10471005
16 118.84305 56.2664 0.72890808 -0.33271513 -0.18914669 25 0 632 1.4908631 -0.43359439
17 191.83777 57.431048 0.52465099 0.11775253 -0.033041141 25 0 907 2.4802636 -0.98624459
18 211.34489 58.447133 0.60007575 0.33125182 -0.10401396 25 0 2131 5.5203446 -1.8549155
19 71.708921 60.537285 0.54972825 -0.65867906 -0.19873679 25 0 387 1.1761985 -0.17620159
20 351.84076 59.794608 0.62063341 -0.012652212 -0.11780493 25 0 484 1.3649463 -0.33778888
21 329.97184 60.536051 0.33601704 -0.045593129 -0.24973212 25 0 58401 183.89175 -5.6614056
22 116.49071 62.556408 0.56155726 -0.77405694 -0.2075769 25 0 3909 10.021698 -2.5023533
23 405.41194 64.226956 0.6724193 -0.033854266 -0.30340933 25 0 1002 2.695653 -1.0766599
24 475.87766 70.288186 0.63425378 -0.19826105 -0.10410581 25 0 718 2.1307766 -0.8213448
25 299.47249 71.075712 0.59252126 -0.28587105 -0.42677863 25 0 1449 3.8914718 -1.4752847
26 448.56766 77.869587 0.67085682 -0.22045195 -0.40027928 25 0 1398 3.6032901 -1.3917481
27 507.01322 80.186379 0.71609991 -0.072876258 -0.10767644 25 0 3788 9.4927168 -2.4434763
28 2.7947071 81.230317 0.82877247 -0.61641345 -0.55448692 25 0 456 1.0807465 -0.084309554
29 59.677499 83.163934 0.64567793 -0.1833844 -0.11643252 25 0 378 1.0813577 -0.084923466
30 36.709076 83.240125 0.44146255 0.54288134 0.040488422 25 0 378 1.3053544 -0.2893211
31 2.9522107 85.230347 0.80784475 -0.24749357 -0.20875077 25 0 456 1.1247739 -0.12766307
32 438.14825 84.731685 0.66599574 -0.092492358 -0.10821479 25 0 1517 3.9660836 -1.4959047
33 423.33016 86.373178 0.66416299 0.29830216 -0.053868213 25 0 495 1.3778509 -0.34800557
34 476.83669 85.520504 0.55113865 0.4258892 -0.02690986 25 0 243 1.0331892 -0.035449594
35 60.920553 88.333413 0.6399697 -0.26079438 -0.15354404 25 0 1572 4.068075 -1.5234724
36 473.85628 93.444349 0.63965245 0.068127284 -0.13578453 25 0 874 2.4797339 -0.98601268
37 355.7862 97.373541 0.62771602 -0.20887142 -0.19185645 25 0 3125 7.9144676 -2.2460543
38 124.88741 100.1702 0.65597238 -0.17160279 -0.17218954 25 0 524 1.2593333 -0.25035172
39 97.152784 103.89975 0.65389706 -0.31403914 -0.12144705 25 0 640 1.6038489 -0.51290864
40 496.30411 104.27834 0.69731851 0.12026306 -0.15366706 25 0 22660 54.910564 -4.3491398
41 160.20892 110.71237 0.61417071 -0.063146923 -0.077364665 25 0 572 1.3626168 -0.33593437
42 288.90247 111.69803 0.55986845 -0.55281381 -0.11467418 25 0 1059 2.8099781 -1.1217573
43 292.85598 113.27126 0.64070048 -0.48909183 -0.3213589 25 0 1535 3.8517715 -1.4641513
44 191.10267 114.25224 0.6766645 -0.22917789 -0.30330919 25 0 1803 4.2413845 -1.5687691
45 58.794062 118.14394 0.65428732 -0.40821547 -0.30357549 25 0 4119 10.267472 -2.5286588
46 120.67931 117.70151 0.77729101 -0.092113806 -0.12722882 25 0 515 1.0331601 -0.035419031
47 456.85702 118.19996 0.74345965 -0.61597981 -0.30461069 25 0 386 1.1525085 -0.15411036
48 494.47484 124.26462 0.61982019 -0.30276135 -0.24555872 25 0 1829 4.9840927 -1.7439653
49 337.67466 129.6968 0.6440086 -0.87132653 -0.47208542 25 0 494 1.190566 -0.18938366
50 224.20911 131.43916 0.57384296 -0.34375718 -0.026106605 25 0 14395 37.5163 -3.93555
51 241.50464 131.69189 0.52855608 -0.020745742 -0.41041655 25 0 903 2.2523252 -0.88157776
52 251.62904 133.02553 0.61071724 -0.2750334 -0.34920188 25 0 1849 4.6119158 -1.6597034
53 308.29093 132.80516 0.67921034 -0.39994432 -0.2869669 25 0 1265 3.0754405 -1.2197683
54 453.47035 134.66192 0.63688138 0.43895174 0.14189835 25 0 312 1.0160905 -0.017331008
55 103.1976 134.91836 0.66494097 -0.61174498 -0.46054629 25 0 590 1.4262789 -0.38551118
56 203.89795 134.57966 0.61478755 0.060147882 -0.14800021 25 0 588 1.4086433 -0.37200255
57 55.904637 136.29385 0.62270576 -0.44543583 -0.35686744 25 0 573 1.5059756 -0.44454485
58 155.46193 138.0836 0.59556047 -0.62276533 -0.416734 25 0 1942 4.9458198 -1.7355957
59 179.51801 143.51251 0.58216557 -0.64424163 -0.19493893 25 0 1498 3.5578279 -1.3779623
60 10.764074 144.86758 0.63759003 -0.1566919 -0.21433264 25 0 1261 3.3602606 -1.3159324
61 257.00738 147.04171 0.6443322 -0.57187414 -0.35183525 25 0 540 1.2619858 -0.25263617
62 399.33786 155.2436 0.67208118 0.014947601 -0.22864744 25 0 12202 29.685298 -3.6813535
63 18.057083 161.1851 0.68107304 -0.071927562 -0.24221756 25 0 802 1.9811309 -0.74228292
64 302.25256 160.746 0.64075701 -0.37864738 -0.21326312 25 0 2953 7.2436444 -2.1498928
65 1.1940707 165.10983 0.72161851 -0.3083237 -0.20396686 25 0 709 1.6479915 -0.54238745
66 487.49588 167.29175 0.63198152 -0.51396704 -0.24137532 25 0 7034 17.836916 -3.1282994
67 389.26245 176.79984 0.66509984 -0.32093103 -0.19992897 25 0 52457 128.87799 -5.2754469
68 428.45495 180.29429 0.6313733 -0.41727916 -0.15947945 25 0 447 1.2801966 -0.26819164
69 209.82844 180.49849 0.58900937 -0.021423053 -0.099190748 25 0 515 1.0769934 -0.080532637
70 156.82661 184.0578 0.60383675 -0.020795044 -0.40808678 25 0 790 1.9316135 -0.71480058
71 229.37303 189.01655 0.71423651 -0.35773942 -0.35159542 25 0 1991 4.440065 -1.6184733
72 349.67178 189.05367 0.59797866 -0.33525226 -0.59649281 25 0 523 1.4127479 -0.37516167
73 481.49835 188.64834 0.5716541 0.23077453 -0.18391017 25 0 5388 14.504006 -2.9037199
74 167.53973 189.67287 0.54126036 0.12764796 -0.1974497 25 0 898 2.2413286 -0.87626382
75 4.8334012 191.15076 0.66494112 0.054723028 -0.033866047 25 0 388 1.1114316 -0.11470687
76 156.03514 192.32752 0.66439984 -0.32483211 -0.18943376 25 0 1715 4.0078244 -1.5072717
77 20.114519 197.94531 0.76902202 -0.0090650774 -0.23025452 25 0 957 2.2232527 -0.86747208
78 118.30582 198.1913 0.68376042 0.039596848 -0.20801621 25 0 1956 4.5282758 -1.6398322
79 424.40138 197.91377 0.69139062 -0.42481311 -0.27042592 25 0 2841 6.9002005 -2.0971543
80 414.35741 200.11778 0.70748258 0.11797119 -0.10345884 25 0 665 1.7231204 -0.59078903
81 486.1208 199.89906 0.68429401 -0.44233259 -0.17872422 25 0 675 1.9187126 -0.70752479
82 230.05659 201.18769 0.68394927 -0.39793752 -0.18084346 25 0 1182 2.6254907 -1.0480262
83 424.80006 202.91157 0.62732457 -0.33359776 -0.17788487 25 0 853 2.2787431 -0.89423839
84 192.58298 203.73121 0.60051304 -0.14723983 -0.31948321 25 0 725 1.6386042 -0.53618516
85 74.897227 204.59799 0.59180376 -0.090241476 -0.11999774 25 0 35384 92.71716 -4.9179003
86 124.67471 206.00224 0.51979046 -0.44539154 -0.58145245 25 0 411 1.0332164 -0.035478248
87 423.89696 210.96906 0.58509022 -0.2118476 -0.43227692 25 0 365 1.1512212 -0.15289694
88 458.30371 214.85077 0.65819088 -0.27719101 -0.2344151 25 0 540 1.5370941 -0.46675116
89 171.46886 216.75022 0.45003282 -0.2259567 -0.42486718 25 0 532 1.3955964 -0.36189962
90 511.08305 218.47323 0.65572032 0.49840716 0.24993398 25 0 406 1.290538 -0.27692696
91 69.949604 218.78343 0.6098914 -0.16841928 -0.32106427 25 0 613 1.5252316 -0.45833951
92 409.17547 219.09418 0.64382774 0.39321664 -0.19239099 25 0 348 1.0031723 -0.0034387916
93 472.68785 221.00326 0.6697631 -0.58417344 -0.25195468 25 0 564 1.6375554 -0.53549
94 506.02961 224.5601 0.64519101 -0.079572657 0.015545861 25 0 3020 7.7176667 -2.218715
95 17.933366 229.01765 0.64826609 0.45517656 -0.44928272 25 0 529 1.3564273 -0.33099133
96 428.88607 230.74757 0.63513476 -0.10947267 -0.1239853 25 0 1079 2.8861794 -1.1508083
97 329.56752 232.83401 0.57686969 0.014220494 -0.23080559 25 0 1314 3.345117 -1.3110283
98 259.79221 234.64345 0.61908486 -0.10893165 -0.22820613 25 0 762 1.75185 -0.60874231
99 153.97396 236.00934 0.61007972 -0.081120151 -0.2167174 25 0 1127 2.7844868 -1.1118629
100 482.71355 239.57758 0.58351679 -0.45093555 -0.026346273 25 0 3728 9.7585963 -2.4734684
101 243.19946 241.5094 0.62970307 0.13681199 -0.11384641 25 0 2627 6.3048538 -1.9991876
102 355.34307 243.7685 0.66034224 -0.47707244 -0.24925577 25 0 4402 10.791608 -2.5827154
103 425.57563 244.46721 0.58482029 -0.78834118 -0.16742097 25 0 10779 27.022052 -3.5792958
104 330.37489 246.03462 0.66021785 -0.13874643 -0.26075884 25 0 1134 2.7492851 -1.0980494
105 183.63414 252.13031 0.52444675 -0.50229853 -0.56670606 25 0 682 1.7514359 -0.60848563
106 243.81895 253.10816 0.66921366 -0.32471665 -0.33275928 25 0 869 1.9468991 -0.72335861
107 34.238997 256.09128 0.56568681 -0.15807295 0.0092694434 25 0 398 1.0384125 -0.040924816
108 434.69742 255.99688 0.67953311 -0.17679013 -0.21813781 25 0 1885 4.7014897 -1.6805887
109 431.50235 269.51048 0.61201429 -0.77030396 -0.16628728 25 0 5999 14.745074 -2.9216174
110 207.39606 269.67011 0.65548962 -0.54270581 -0.254782 25 0 4820 11.443047 -2.6463542
111 269.45312 272.12452 0.54396549 -0.41572974 -0.36706941 25 0 456 1.1301355 -0.13282626
112 36.58202 290.19968 0.62198465 -0.42375918 -0.38245075 25 0 1417 3.5116553 -1.3637797
113 50.705566 299.30507 0.46791739 0.27677131 0.08073049 25 0 564 1.5874888 -0.50177665
114 351.11582 302.17505 0.67606437 -0.17839558 -0.19930431 25 0 5927 14.542105 -2.9065682
115 163.85491 303.20459 0.59564314 -0.22505986 -0.10719214 25 0 964 2.381225 -0.94200106
116 42.335101 304.37589 0.7150651 0.1758722 -0.18404018 25 0 1377 3.1704949 -1.2528177
117 70.442412 304.16203 0.67641673 -0.67941379 -0.39686364 25 0 1217 2.8041628 -1.1195081
118 456.75519 307.15534 0.66619434 -0.35556936 -0.41526798 25 0 686 1.9254852 -0.71135049
119 139.57931 313.95184 0.57082234 -0.52056189 -0.54102134 25 0 513 1.2638092 -0.25420375
120 54.163451 319.91896 0.72943158 -0.15226743 -0.26079139 25 0 1558 3.5743199 -1.3829835
121 197.58569 325.61725 0.48946085 0.12897212 -0.25743369 25 0 676 1.6539442 -0.54630212
122 429.35867 326.0154 0.71777543 -0.29151903 -0.30358924 25 0 1089 2.6506035 -1.0583619
123 116.81659 330.30333 0.64584573 -0.41844547 -0.25434096 25 0 3367 8.2475965 -2.2908185
124 309.11805 342.35196 0.68254964 0.023083183 -0.063537164 25 0 641 1.4893532 -0.43249426
125 0.17827742 349.05646 0.98332152 -0.028022115 0.20459324 25 0 4261 8.4833034 -2.3214125
126 9.6572104 350.01223 0.68297622 -0.25839033 -0.30351575 25 0 13276 32.775327 -3.7888676
127 266.43729 349.55729 0.74963681 -0.79444171 -0.15116693 25 0 567 1.1274164 -0.13021084
128 359.17279 349.97967 0.7508942 -0.68131761 -0.40780187 25 0 527 1.1921165 -0.19079672
129 55.921177 351.33653 0.64072678 -0.071049617 0.0078565439 25 0 928 2.133672 -0.82281913
130 242.7612 351.00208 0.67078229 -0.24421224 -0.42551972 25 0 964 2.2029703 -0.85752159
131 467.67356 357.72749 0.51928372 0.018635768 0.11392802 25 0 685 1.9101638 -0.70267652
132 339.59107 363.47264 0.5331756 0.031304944 -0.23811842 25 0 557 1.3888022 -0.35660099
133 218.84434 367.07036 0.63610332 -0.28204428 -0.25838049 25 0 5416 13.641259 -2.8371361
134 1.0165407 369.04864 0.70117147 -0.73812819 -0.074143934 25 0 1000 2.4437779 -0.97015431
135 360.78574 368.69857 0.60768263 0.00013249951 -0.11072122 25 0 1043 2.7368679 -1.0931346
136 277.74359 371.18859 0.64684984 -0.4529521 -0.31885499 25 0 24956 61.809612 -4.47764
137 1.170914 372.83915 0.7012443 -0.51939434 -0.08397504 25 0 1627 3.9501117 -1.4915234
138 1.9273772 376.13529 0.67990157 -0.1864266 0.18041983 25 0 620 1.4530928 -0.40573337
139 393.43979 378.42057 0.59362971 -0.88162769 -0.25071157 25 0 1586 4.1565846 -1.5468416
140 205.08962 380.08723 0.68832918 -0.20530835 -0.2662931 25 0 1767 4.184141 -1.5540158
141 257.22746 381.35797 0.64527592 0.022234932 -0.19399953 25 0 2690 6.5758076 -2.0448727
142 74.639155 382.41594 0.52703398 0.30048822 -0.094393156 25 0 3675 9.8093083 -2.479096
143 406.73973 382.6822 0.60782034 -0.28637603 -0.10463027 25 0 947 2.5027775 -0.99605562
144 1.898757 385.48423 0.66759968 -0.60937615 -0.069536976 25 0 458 1.0709047 -0.074377031
145 478.54885 384.99366 0.69503445 -0.36299455 -0.35851814 25 0 8724 20.858355 -3.2982001
146 344.95391 395.8596 0.66318653 -0.21308992 -0.17182875 25 0 3739 9.5013173 -2.4444596
147 53.87671 396.64603 0.63787654 -0.050968347 -0.11840944 25 0 3487 8.78768 -2.3596856
148 99.595183 398.39593 0.65408322 -0.19246164 -0.18245152 25 0 618 1.4496801 -0.40318048
149 206.42329 399.98222 0.78408787 -0.079063148 -0.39440752 25 0 691 1.4100297 -0.37307069
150 462.91346 401.40068 0.76114515 -0.93813259 -0.018571995 25 0 623 1.5217671 -0.45587044
151 123.50072 402.76792 0.6525487 0.16042277 -0.37484859 25 0 1396 3.2592526 -1.282795
152 434.47494 405.293 0.62655406 0.1075669 -0.23052726 25 0 2190 5.5913362 -1.868789
153 463.67993 404.96603 0.67510718 -0.36964077 -0.23373945 25 0 2091 5.3554546 -1.8219908
154 39.166714 407.58706 0.67534101 0.029652474 0.055901258 25 0 586 1.350784 -0.32646479
155 225.6615 412.86322 0.62971258 -0.21900392 -0.34749894 25 0 7460 18.816594 -3.1863525
156 356.10838 415.03616 0.71411593 -0.59964142 -0.35654335 25 0 827 1.9597311 -0.73049123
157 254.62537 420.43061 0.62353688 0.060303012 -0.18648522 25 0 592 1.4099342 -0.37299712
158 391.7179 420.21261 0.64700219 -0.56829331 -0.35748228 25 0 530 1.465824 -0.41520454
159 252.13165 424.0158 0.71035829 -0.2063993 -0.28474025 25 0 2144 5.0590569 -1.7601739
160 473.57405 424.73005 0.69374687 -0.11554546 -0.1760233 25 0 349 1.0020243 -0.0021956516
161 84.082773 429.10801 0.72658562 0.1456507 -0.14299786 25 0 1065 2.4469194 -0.97154918
162 108.1717 430.60363 0.65040759 -0.30038187 -0.12764435 25 0 2215 5.382404 -1.8274407
163 158.86298 448.79254 0.65604714 -0.15596173 -0.27742549 25 0 2313 5.6782798 -1.885542
164 132.45168 449.57532 0.63380513 -0.42106569 -0.20206828 25 0 898 2.0582197 -0.78372931
165 381.14948 449.84885 0.54713978 -0.024291294 -0.13479991 25 0 290 1.0068818 -0.0074462474
166 232.18254 452.13132 0.73845865 -0.3810379 -0.3622923 25 0 1182 2.6487007 -1.0575822
167 491.10528 452.41213 0.31164103 -0.28149326 -0.23064211 25 0 58113 166.95563 -5.5565027
168 344.62579 454.19291 0.64701546 -0.46979668 -0.34521589 25 0 3142 7.9686038 -2.2534556
169 245.24973 456.75027 0.72116817 -0.5849717 -0.22512966 25 0 1230 2.7483677 -1.0976871
170 91.335281 458.38156 0.64212842 0.13411974 -0.18449078 25 0 13279 33.094819 -3.7994
171 477.17925 468.91355 0.7284829 -0.38576559 -0.23125204 25 0 2321 5.6928806 -1.8883302
172 311.19493 472.45898 0.63494235 -0.28190426 -0.25978503 25 0 638 1.6766555 -0.56110961
173 362.3117 477.40881 0.61900364 -0.14911965 -0.20769273 25 0 1154 3.0965034 -1.2271789
174 56.401347 477.86463 0.76333673 -0.35875989 -0.30628363 25 0 6504 14.792038 -2.9250701
175 149.3163 479.18139 0.72150618 -0.072074614 -0.3366889 25 0 1260 2.92058 -1.1636728
176 427.73608 481.094 0.46830372 -0.47278253 -0.29888286 25 0 58130 169.61555 -5.5736642
177 211.11835 487.34041 0.64798383 -0.059557007 -0.15209236 25 0 4975 12.496836 -2.7420001
178 342.67012 489.27884 0.68508571 -0.91782481 -0.30033168 25 0 597 1.4596868 -0.4106492
179 429.05029 488.69186 0.69137012 -0.37336404 -0.11278625 25 0 562 1.4128596 -0.37524749
180 114.51387 491.05285 0.72883353 -0.44982142 -0.60413131 25 0 502 1.1477513 -0.14961947
181 261.16356 490.74313 0.69776562 -0.34399541 -0.19535376 25 0 3309 7.9506934 -2.2510125
182 338.48567 496.07148 0.73325805 -0.18558513 -0.377036 25 0 457 1.0905421 -0.094106043
183 139.06752 496.4616 0.58965649 -0.13628814 -0.095613276 25 0 811 2.1531481 -0.83268474
184 64.216007 501.77467 0.77162595 -0.28175285 -0.26718902 25 0 1259 2.8362348 -1.1318554
