id xcentroid ycentroid sharpness roundness1 roundness2 npix sky peak flux mag
1 352.08495 1.1023486 0.58309518 0.37790413 0.046528456 25 0 435.54208 2.110185 -0.81080133
2 474.59408 1.8627908 0.71611095 0.061893434 -0.098695959 25 0 553.5233 2.1197065 -0.81568933
3 154.83916 6.2196967 0.68927395 0.019805486 0.28178738 25 0 609.82915 2.5273777 -1.0066754
4 0.75628562 6.7295445 0.68723643 0.35764772 0.034028209 25 0 1041.6398 4.4799639 -1.6281863
5 8.9910124 6.7934182 0.79581698 -0.12136316 0.090331735 25 0 586.48984 2.1648736 -0.83858136
6 380.64959 7.4182886 0.7136902 -0.43174556 0.068228359 25 0 847.99989 3.2235697 -1.2708427
7 69.954043 8.4408418 0.70991919 -0.0077065454 0.21036811 25 0 15744.641 64.128747 -4.5176319
8 17.454484 10.040743 0.65487807 -0.14752382 -0.071158319 25 0 5667.8633 24.343649 -3.4659642
9 454.05383 10.543021 0.66619786 0.14878321 0.40469699 25 0 835.66988 3.718333 -1.4258707
10 0.069629772 11.449731 0.87505124 0.35512542 0.53507282 25 0 2497.3008 9.0791233 -2.3951098
11 471.21503 11.875843 0.68760997 -0.12401461 0.044654713 25 0 384.15578 1.7106856 -0.58292549
12 379.92239 15.687433 0.78525225 0.41479089 0.14194841 25 0 403.47341 1.5137686 -0.45014873
13 380.89883 20.524566 0.83381146 0.014400453 0.27960057 25 0 400.09633 1.5182364 -0.45334852
14 23.14099 22.167809 0.80973524 0.43564102 0.15438934 25 0 425.0811 1.6421385 -0.53852444
15 88.062567 24.776287 0.68247428 0.40549837 0.17456851 25 0 241.36533 1.1584192 -0.15966437
16 258.73973 25.804946 0.76892306 0.48119706 0.17069189 25 0 379.99839 1.4534611 -0.40600856
17 321.19794 27.806904 0.33237184 0.35274572 0.94795677 25 0 134.01626 1.1143457 -0.11754987
18 470.96901 28.24574 0.68158715 0.26907528 0.23152919 25 0 327.74617 1.514381 -0.45058791
19 399.90794 28.957314 0.67258321 -0.20971659 0.034671953 25 0 710.48699 3.0284587 -1.2030541
20 499.4718 29.059785 0.81853122 -0.24254001 -0.27454683 25 0 516.05392 1.9099232 -0.70253978
21 172.43644 31.635309 0.74768153 -0.029577022 0.057174758 25 0 455.10221 1.7163243 -0.58649835
22 143.96396 35.77433 0.80665188 0.19276224 0.38226993 25 0 290.58847 1.1384275 -0.14076345
23 159.24159 35.841635 0.71906366 -0.20329399 0.039203252 25 0 637.4406 2.4909593 -0.99091658
24 232.3362 36.972473 0.70042063 -0.10709451 -0.0039312896 25 0 1385.8858 5.7165076 -1.892827
25 464.96947 37.311691 0.53034174 -0.44732794 -0.033510403 25 0 269.33447 1.3862971 -0.35464079
26 251.72677 37.774647 0.66635521 0.22640321 0.053189471 25 0 2586.3424 11.082751 -2.6116189
27 392.55568 38.782968 0.5588988 -0.28077015 -0.0011366809 25 0 441.67355 1.9871824 -0.74559432
28 435.87137 39.280253 0.68914727 0.02869411 -0.061478792 25 0 390.96373 1.753086 -0.60950806
29 111.94827 40.234487 0.68800693 0.35156439 0.12009831 25 0 631.91227 2.6478245 -1.057223
30 295.45585 40.262854 0.59426676 -0.333705 -0.19385826 25 0 310.67836 1.5149963 -0.45102891
31 370.36702 39.831044 0.33635882 -0.17413226 0.19155257 25 0 58388.145 319.3707 -6.2607377
32 157.02128 42.089372 0.71861521 0.034931408 0.10188885 25 0 6236.2441 25.575218 -3.5195484
33 199.79229 42.909908 0.6182886 0.61122496 0.73643746 25 0 299.76506 1.2934493 -0.27937356
34 445.96757 43.208547 0.70566042 0.082839761 0.17649596 25 0 1282.8398 5.2418447 -1.7987104
35 90.493516 44.410393 0.57333886 -0.52173708 -0.034744069 25 0 255.21795 1.23008 -0.2248334
36 279.35221 47.782906 0.86236836 0.15231041 0.26828316 25 0 369.36748 1.2644457 -0.25475049
37 98.092373 49.390901 0.61063312 -0.0048512011 0.31428378 25 0 292.63869 1.4542723 -0.4066143
38 292.87624 48.815159 0.66659244 0.052563839 -0.016457267 25 0 444.97136 1.8387196 -0.66128877
39 340.01725 50.292262 0.7061622 0.1017899 0.16951744 25 0 1910.9931 7.9225191 -2.2471582
40 187.95791 55.137885 0.60282521 -0.51261865 0.055964913 25 0 399.08119 1.9802682 -0.74181004
41 489.08313 56.725072 0.72675381 0.052902735 0.17814209 25 0 1818.8175 7.1492923 -2.1356576
42 75.990918 58.277064 0.69803794 -0.43648463 -0.1025979 25 0 369.28013 1.5260346 -0.45891096
43 43.206399 61.099453 0.59594652 -0.10517932 0.27276837 25 0 471.92482 2.1449987 -0.82856757
44 395.19454 61.15428 0.60961672 -0.18330266 -0.067368886 25 0 379.74864 1.7740745 -0.62242966
45 76.961644 63.290482 0.71496851 -0.02226254 0.1009993 25 0 763.9041 3.0550469 -1.2125447
46 100.2274 62.930446 0.73233412 -0.1798886 0.12525953 25 0 485.83116 1.8946246 -0.69380794
47 215.21911 63.110439 0.73275279 0.051325277 -0.018050063 25 0 349.20074 1.4116464 -0.37431479
48 478.67058 63.603578 0.61518766 0.44613496 0.1431691 25 0 1509.6346 6.5823655 -2.045955
49 43.538066 65.257141 0.72779153 -0.34591106 0.062410244 25 0 427.60319 1.6320578 -0.53183881
50 158.07554 64.855121 0.75318334 -0.30400208 -0.052420714 25 0 603.17184 2.4643113 -0.97923893
51 463.88556 65.341927 0.69583242 -0.065770041 0.14266905 25 0 745.70277 3.1311573 -1.2392622
52 101.33362 68.059039 0.63926043 0.047144529 0.027929949 25 0 1650.0392 7.1647987 -2.13801
53 359.57293 69.177268 0.51644777 0.043397616 0.25871831 25 0 270.39517 1.3959457 -0.36217128
54 171.26679 70.924032 0.88968305 -0.23998191 0.72072389 25 0 294.23282 1.0482745 -0.051187508
55 7.3238907 73.850678 0.63480871 -0.55000635 0.11434684 25 0 437.0407 1.956734 -0.72882949
56 0.70804686 76.317999 0.63422251 -0.43751643 0.04027772 25 0 710.67346 3.1313611 -1.2393329
57 396.51023 76.399726 0.54434081 0.50124561 0.046559763 25 0 2905.0482 13.578499 -2.8321294
58 16.644813 79.113087 0.69528606 -0.2220039 -0.037810217 25 0 770.61315 3.1204323 -1.2355369
59 165.44742 79.946876 0.74046242 -0.24352103 -0.016336351 25 0 524.34251 2.1068951 -0.80910728
60 480.86504 81.195777 0.63109294 0.088764367 0.21695262 25 0 342.96781 1.6752718 -0.56021323
61 190.23141 83.813359 0.54936119 0.32430987 0.47107713 25 0 299.23912 1.5564061 -0.48030733
62 137.76287 83.412921 0.52481774 0.52061196 0.47310078 25 0 505.93941 2.4772176 -0.98491041
63 200.69691 90.218687 0.65343621 -0.08697746 0.036292389 25 0 541.60582 2.4609874 -0.97777349
64 329.47627 90.768773 0.63163047 -0.36954384 0.049911192 25 0 1204.2745 5.0380301 -1.7556519
65 333.42462 92.509967 0.67574714 -0.49453025 0.11459664 25 0 1481.5965 6.0088657 -1.9469812
66 231.66144 93.612787 0.58218808 0.4195541 0.055215873 25 0 1520.3068 6.7936924 -2.0802647
67 497.63568 97.017266 0.52774446 -0.70704987 -0.36930225 25 0 366.41658 1.9183543 -0.70732204
68 99.304921 97.994216 0.63658534 -0.21094287 -0.005709933 25 0 3466.3556 15.052457 -2.9440185
69 161.35311 97.628883 0.57677793 -0.59230172 -0.3077279 25 0 367.33835 1.7056559 -0.57972855
70 107.34636 99.210673 0.83796208 0.39672314 -0.022621638 25 0 315.58195 1.0598104 -0.063070478
71 255.38703 98.809516 0.76570297 0.18905335 0.20957308 25 0 248.80751 1.0560998 -0.059262368
72 342.32066 99.447529 0.31414756 -0.073487089 -0.28407007 25 0 187.57829 1.2297731 -0.22456246
73 378.08165 108.74896 0.7112303 -0.14394385 -0.087520989 25 0 729.31778 3.0086137 -1.1959161
74 264.78353 110.97076 0.70280487 0.043994367 0.061213385 25 0 20039.34 82.886594 -4.7962107
75 282.2038 110.98155 0.71009257 0.1846163 0.10590457 25 0 1226.62 5.001188 -1.747683
76 292.296 112.43632 0.65650709 0.29143059 0.11938757 25 0 1891.6537 7.9830989 -2.2554288
77 348.94137 111.92236 0.73452573 0.11752525 0.13430981 25 0 1433.1745 5.6910267 -1.8879766
78 494.0427 113.47684 0.6176993 0.27446194 0.31049047 25 0 500.28317 2.3295886 -0.91819807
79 244.36286 114.23422 0.65933427 -0.036809356 -0.2335474 25 0 540.22571 2.2328635 -0.87215541
80 359.21826 114.15601 0.63061509 0.060890282 -0.073987535 25 0 265.60771 1.2342964 -0.22854868
81 143.68265 114.73716 0.57679652 0.12838722 0.12734308 25 0 453.82635 2.1538527 -0.83304
82 198.68962 115.60406 0.78779965 -0.16024043 -0.14757527 25 0 474.88034 1.7471486 -0.60582459
83 96.686419 116.19937 0.66439306 0.0022232257 -0.27135666 25 0 551.9753 2.380993 -0.94189531
84 196.12175 117.63006 0.68542187 -0.013696769 0.19847977 25 0 2245.2161 9.3652305 -2.4287962
85 28.727807 119.54555 0.74091035 -0.0071212546 0.20362889 25 0 497.42292 1.9770054 -0.74001966
86 220.08121 123.03738 0.72833464 0.13515144 0.12685309 25 0 2172.2681 8.7729126 -2.3578595
87 51.275129 124.83569 0.69083341 0.044346618 0.13515824 25 0 1396.343 5.8429353 -1.9165777
88 23.580787 125.41349 0.62702561 -0.85026823 -0.15016935 25 0 345.10728 1.4846255 -0.42904225
89 297.61663 126.18345 0.65828005 -0.27192792 -0.1476535 25 0 512.9457 2.1055826 -0.80843069
90 353.62624 131.10924 0.64100032 0.46097811 0.10736744 25 0 221.98656 1.0000099 -1.0697639e-05
91 314.77674 132.349 0.50423216 0.21635667 0.18971866 25 0 201.70868 1.0918512 -0.095408666
92 440.06106 134.15862 0.70002439 0.14865062 0.13868317 25 0 14470.575 59.836239 -4.4424107
93 428.63224 137.30156 0.67061245 0.78120616 -0.049893529 25 0 282.87806 1.1234144 -0.12634998
94 342.92051 139.9057 0.69867375 0.14101195 0.14143914 25 0 3484.4354 14.420714 -2.8974669
95 58.537954 141.13859 0.67528555 -0.19108314 -0.090770951 25 0 811.13108 3.4803985 -1.3540724
96 138.46013 142.64895 0.7373941 -0.73225825 -0.25860374 25 0 271.39796 1.0893288 -0.092897491
97 41.639933 145.1208 0.69127122 -0.25739435 -0.058565314 25 0 681.76151 2.8086271 -1.1212352
98 141.66476 154.51188 0.43539409 0.17512409 0.138984 25 0 267.25064 1.411534 -0.37422836
99 430.04745 155.71351 0.69235391 0.12570696 0.17351087 25 0 58592.428 242.72961 -5.9628069
100 469.22325 159.10508 0.74852315 0.13103911 -0.036914022 25 0 660.07146 2.5405152 -1.0123045
101 250.54169 159.96156 0.66547515 -0.27290635 -0.16187358 25 0 524.2689 2.1016878 -0.80642048
102 197.49534 163.4515 0.52576336 0.086877125 -0.049041315 25 0 422.81874 1.9171267 -0.70662701
103 500.64795 165.11668 0.57198876 -0.20296946 0.19184933 25 0 227.81531 1.0891124 -0.092681762
104 77.338108 167.05041 0.75627163 -0.035041182 -0.055320894 25 0 474.15148 1.8867676 -0.68929604
105 270.06247 168.34652 0.68473479 0.24446579 0.1894456 25 0 1937.1117 7.911516 -2.2456493
106 390.25334 167.97766 0.622869 0.29811281 0.056512528 25 0 554.80556 2.4923238 -0.99151118
107 208.18845 169.14859 0.71007613 0.35346095 0.11914344 25 0 1113.6433 4.4579898 -1.6228477
108 457.53572 170.1673 0.58832547 0.11542226 0.13068237 25 0 335.65162 1.5491533 -0.47523598
109 45.46921 170.92881 0.79448186 -0.081731274 0.28494253 25 0 308.16693 1.1820708 -0.18160876
110 196.65396 171.73896 0.66304396 0.076861587 -0.0080732845 25 0 1618.561 6.5826309 -2.0459988
111 65.826715 173.10881 0.84907637 -0.074730256 0.098755131 25 0 313.69949 1.186313 -0.18549825
112 465.21462 176.70475 0.67839523 -0.11589198 0.15601886 25 0 3077.2172 12.837311 -2.7711852
113 60.789941 177.88686 0.70831971 0.23910304 0.037733595 25 0 884.05718 3.5954122 -1.3893717
114 158.96196 177.77135 0.69656366 0.26949188 0.23542314 25 0 2098.1421 8.5389537 -2.3285116
115 455.02476 178.94124 0.68017334 0.026576782 0.081093724 25 0 675.66177 2.9501774 -1.1746203
116 270.82945 180.42071 0.59472475 0.31954037 0.22369088 25 0 1016.7375 4.4692472 -1.6255859
117 465.62936 181.6701 0.60758765 0.1555414 0.15498986 25 0 928.05624 4.1522294 -1.5457033
118 233.4044 183.17872 0.56027769 -0.34057255 -0.094374054 25 0 641.19735 2.9571121 -1.1771695
119 274.92351 182.79982 0.5228145 -0.56947258 0.3887048 25 0 222.15476 1.0373269 -0.039789152
120 115.4558 184.34511 0.64788132 -0.46205335 -0.034330816 25 0 36317.306 149.89049 -5.4394352
121 165.25275 185.60551 0.65464737 -0.19086032 0.13655632 25 0 445.02551 1.9121353 -0.70379656
122 296.8287 189.27256 0.68225838 0.043158115 0.14772663 25 0 398.8417 1.6444291 -0.54003788
123 464.79756 189.52977 0.6787374 0.23064436 0.17760904 25 0 466.20902 2.0154833 -0.76094802
124 435.80955 192.78993 0.61988123 0.13162928 0.77225878 25 0 217.82733 1.11493 -0.11811903
125 498.98191 193.47648 0.63595309 -0.084299268 0.21947045 25 0 723.27667 3.2693129 -1.2861412
126 393.27942 195.90538 0.61094593 0.47447378 0.5548152 25 0 236.18005 1.0732175 -0.076719367
127 426.09596 195.45338 0.8143036 0.51508435 0.31247685 25 0 320.75071 1.1843168 -0.1836697
128 212.05537 196.13224 0.73347107 0.12798433 0.098480871 25 0 700.28446 2.7314425 -1.0909801
129 242.57099 197.14795 0.69050346 -0.82285723 -0.12859722 25 0 324.35869 1.3461712 -0.32275073
130 110.65348 198.5463 0.70557704 -0.42100512 0.23883974 25 0 573.14423 2.246472 -0.87875254
131 449.92445 197.9118 0.68020775 -0.17741542 0.088410127 25 0 372.78335 1.5035186 -0.44277199
132 191.48036 200.33763 0.60767765 -0.3090701 -0.12830526 25 0 221.90398 1.0990144 -0.10250849
133 459.73226 202.4677 0.70851034 -0.29487837 0.11618196 25 0 265.73714 1.1083198 -0.11166274
134 167.97935 203.8163 0.80126058 -0.058276044 -0.095681173 25 0 262.14967 1.0831432 -0.08671468
135 8.7112024 206.40474 0.68240001 -0.22061336 0.17461345 25 0 2000.5511 8.1565803 -2.2787703
136 56.23868 207.49438 0.66334095 0.6859977 0.066227776 25 0 369.50499 1.5648705 -0.48619601
137 58.603523 209.20216 0.65489146 0.24805203 0.12390681 25 0 489.89019 2.114241 -0.81288625
138 378.93012 209.47684 0.7987108 -0.062124612 0.29792566 25 0 289.37523 1.0946437 -0.098181934
139 469.75925 209.52597 0.59686432 0.60554116 0.32712613 25 0 1046.961 4.7457557 -1.6907635
140 31.910356 210.93608 0.72905978 0.074249971 0.073982442 25 0 2132.9571 8.5403556 -2.3286899
141 370.47762 211.89752 0.64778189 -0.16780274 -0.10671572 25 0 1534.0069 6.449183 -2.0237618
142 300.5707 213.98748 0.61450495 0.13310658 -0.0055352002 25 0 724.32565 3.2218853 -1.2702752
143 194.6955 215.4575 0.64867383 0.073226318 0.22319832 25 0 958.57966 3.915475 -1.4819611
144 264.75095 219.03827 0.46084905 -0.9226046 -0.31061302 25 0 246.16919 1.3278276 -0.3078542
145 284.05445 220.72181 0.6962015 0.08701073 0.14709855 25 0 3200.5386 13.22246 -2.8032806
146 29.453537 222.97776 0.63316646 -0.19128077 -0.16521468 25 0 242.01468 1.0656306 -0.069016698
147 396.25238 222.78527 0.68981761 -0.0033957023 0.14732127 25 0 4921.7106 20.120791 -3.2591126
148 466.41265 223.43352 0.58500006 0.47442933 0.10387162 25 0 12405.273 54.87972 -4.3485297
149 302.1229 224.70236 0.92342264 -0.5750031 0.025623627 25 0 324.30565 1.1436907 -0.14577144
150 371.18014 225.14388 0.72085418 -0.03889299 -0.011128785 25 0 1275.9198 5.1570503 -1.7810034
151 129.02733 225.77456 0.6926784 0.89313388 0.40104146 25 0 266.84006 1.1940963 -0.19259837
152 196.24565 228.59077 0.51790971 -0.54161531 0.048947626 25 0 187.81701 1.005103 -0.0055263746
153 224.5516 231.48097 0.53709894 0.8333134 0.21945706 25 0 649.36956 3.1058852 -1.2304635
154 284.59697 232.35498 0.58654431 0.52525712 0.11032551 25 0 693.75266 3.2285145 -1.2725069
155 475.54051 234.85104 0.66203696 -0.014489338 -0.051035134 25 0 1998.0065 8.3318245 -2.3018503
156 74.921774 235.92534 0.9482338 -0.30541024 0.062546523 25 0 585.64002 2.0625527 -0.78601262
157 61.35465 238.38346 0.71083298 -0.24123306 0.44701005 25 0 247.91163 1.00531 -0.0057500447
158 95.872389 246.52691 0.51467557 -0.17887433 0.20118168 25 0 219.94106 1.12297 -0.12592042
159 472.55989 248.24554 0.56522571 0.30419953 -0.028380531 25 0 6490.4915 29.372627 -3.669857
160 248.23639 249.09712 0.67860246 0.10258678 0.067454629 25 0 5635.1859 23.716914 -3.4376454
161 20.34671 250.16102 0.65200844 -0.31692924 -0.19827172 25 0 1004.3101 4.3169988 -1.5879548
162 310.12989 251.38725 0.61136117 0.70490893 0.29093076 25 0 406.00135 1.8687719 -0.67889074
163 375.97902 257.71399 0.50808991 0.2702981 0.27313981 25 0 377.49976 2.0046579 -0.75510067
164 148.79307 259.53842 0.7641634 0.082177294 0.14218745 25 0 383.82204 1.4315097 -0.38948573
165 30.7731 270.16891 0.69398322 -0.23309506 0.18276457 25 0 331.55757 1.3377728 -0.31595592
166 70.75735 270.05914 0.83517902 0.46247076 0.59961303 25 0 389.11958 1.521596 -0.45574836
167 77.44281 270.00929 0.63251673 -0.051342904 -0.038467082 25 0 1434.5912 6.2669037 -1.9926326
168 133.64371 271.76205 0.65820471 -0.24845521 0.37390991 25 0 265.57719 1.1674478 -0.16809369
169 259.75273 278.11173 0.82002322 -0.50734728 -0.078056841 25 0 342.58221 1.3125023 -0.29525018
170 91.654243 279.22894 0.63992173 0.046765011 0.099998762 25 0 735.5932 3.1314439 -1.2393616
171 15.466267 279.742 0.48698073 -0.038349679 -0.2614158 25 0 201.32677 1.0959272 -0.099454293
172 392.07694 281.11692 0.71298324 0.12437474 0.13165216 25 0 6643.8137 27.28694 -3.5898871
173 3.5575245 282.68496 0.60177652 0.79754677 -0.055086547 25 0 317.44759 1.4461487 -0.40053239
174 204.77274 282.69693 0.64895818 0.37641351 0.2126492 25 0 896.52192 3.8592711 -1.4662632
175 83.166354 284.13441 0.68516888 0.36026893 0.24041968 25 0 1367.3449 5.6676155 -1.8835009
176 111.52142 283.85198 0.60325939 0.13958487 -0.018832192 25 0 1067.7709 4.7832701 -1.6993123
177 366.30112 286.10336 0.5979354 -0.28493418 -0.062256857 25 0 387.89015 1.7485413 -0.60668971
178 497.74825 285.86654 0.69025295 0.15059637 0.2130837 25 0 901.02553 3.7902103 -1.4466583
179 35.835571 289.21441 0.76416597 0.41872932 0.11348264 25 0 533.03342 2.115373 -0.81346742
180 114.0304 293.9069 0.51953178 -0.33232243 0.69949839 25 0 233.43756 1.1448049 -0.14682872
181 180.51583 293.53429 0.57196169 -0.13323491 -0.028506186 25 0 364.04054 1.7677444 -0.61854869
182 442.78786 299.307 0.66097062 -0.49741791 0.085286769 25 0 454.18121 2.0956624 -0.80330329
183 94.973486 299.66958 0.67977161 0.095184648 0.20974437 25 0 1440.5014 6.2287585 -1.9860037
184 145.97902 301.80238 0.50712046 0.3980944 0.12728159 25 0 201.54976 1.1496869 -0.15144897
185 0.10090516 303.83762 0.94320877 -0.34091324 0.41789568 25 0 472.88363 1.6472991 -0.54193112
186 238.51214 305.08436 0.61690209 -0.092138678 -0.0994695 25 0 738.93472 3.1338811 -1.2402063
187 470.53142 304.74454 0.5534119 0.18591103 -0.028009383 25 0 997.0972 4.7439545 -1.6903513
188 157.7151 309.8365 0.67283773 0.14720456 0.029519553 25 0 3635.7753 15.156188 -2.951475
189 18.125077 311.7768 0.69140701 0.060037895 0.14660868 25 0 894.42888 3.5707319 -1.3818931
190 33.731997 311.6859 0.64534414 0.32657645 0.19090527 25 0 2249.9349 9.8617937 -2.4848898
191 79.595882 313.71806 0.68815574 -0.061317547 0.071596142 25 0 377.62492 1.4468348 -0.40104733
192 207.21901 319.5039 0.53911106 0.75854463 0.38672814 25 0 322.29197 1.6123418 -0.51864275
193 475.18513 318.60972 0.64784085 0.47598347 0.20867204 25 0 305.83 1.3461476 -0.32273171
194 350.12341 321.47714 0.58727934 0.30645842 0.38100252 25 0 583.70451 2.6905868 -1.0746175
195 2.6357838 321.85403 0.67253203 0.090782118 0.11653749 25 0 841.07614 3.4726997 -1.3516681
196 283.11094 324.16268 0.88705704 -0.50650984 -0.07243591 25 0 391.39912 1.2516344 -0.24369374
197 40.293173 328.95314 0.67636416 0.023955003 0.018139479 25 0 4998.7355 20.898055 -3.3002647
198 307.59795 328.79579 0.73879276 0.27889386 0.16996508 25 0 566.54777 2.1544078 -0.83331977
199 400.29783 329.03042 0.62178773 0.0067008618 -0.033820646 25 0 520.21644 2.3670186 -0.9355042
200 50.412177 329.90905 0.61975278 -0.03818857 -0.12006881 25 0 11189.139 48.401512 -4.2121473
201 283.79721 330.33565 0.70341942 -0.27459881 0.040401433 25 0 895.52438 3.5181259 -1.3657784
202 96.78575 330.93019 0.72679788 -0.11862451 0.02720805 25 0 1118.2823 4.4367139 -1.6176536
203 106.91444 332.8514 0.57684013 0.24296464 0.60084222 25 0 225.2783 1.025763 -0.027617585
204 508.83377 336.45185 0.7510279 -0.055770514 0.37679492 25 0 1062.123 3.9428742 -1.4895323
205 279.95227 340.10841 0.7714796 -0.29218527 0.060603329 25 0 465.67438 1.7617579 -0.61486558
206 380.70018 342.64352 0.65698779 0.33106942 0.12605105 25 0 749.44465 3.2748733 -1.2879863
207 495.71795 345.06506 0.4433674 0.13410662 -0.23849622 25 0 164.18205 1.0606582 -0.063938675
208 259.91968 346.42429 0.70714074 0.037420231 0.20860592 25 0 5717.4196 23.084349 -3.4082941
209 401.87053 347.67552 0.65709091 0.14405944 0.12942092 25 0 1166.8218 5.006251 -1.7487815
210 32.043583 349.32984 0.73171284 0.26715818 0.14853405 25 0 512.0483 2.0057124 -0.75567163
211 41.782603 348.8797 0.70294884 -0.050159117 0.053957539 25 0 825.33045 3.3444935 -1.3108259
212 318.80051 350.29757 0.68647834 -0.022646239 0.11890975 25 0 27129.027 111.14725 -5.1147468
213 14.573372 350.98414 0.61641066 -0.072237121 -0.16625249 25 0 751.10028 3.2305869 -1.2732036
214 41.977811 352.8304 0.77667555 -0.25229571 0.18727908 25 0 1473.2073 5.570283 -1.8646931
215 177.20363 352.34676 0.53589489 0.12381562 0.40805256 25 0 215.64709 1.126982 -0.12979247
216 42.944681 356.06076 0.69638588 0.25131448 0.2949917 25 0 607.68325 2.4007017 -0.95084548
217 434.65167 357.354 0.7128636 -0.37474905 0.079319852 25 0 2045.2362 8.177908 -2.2816056
218 499.97176 357.84666 0.69346161 -0.20409176 0.09342633 25 0 330.68407 1.3784318 -0.3484632
219 246.18354 359.47293 0.61632142 0.33283767 0.17608486 25 0 1468.198 6.296594 -1.9977642
220 298.25107 360.56157 0.68477376 -0.19717258 0.18056409 25 0 2783.0367 11.387284 -2.6410504
221 115.62326 362.2523 0.68215312 -0.29022091 -0.0086300263 25 0 4995.2503 20.46518 -3.2775389
222 447.8722 361.76565 0.70179086 0.070342802 0.13362651 25 0 1304.2791 5.4495919 -1.84091
223 130.82905 363.20499 0.51865727 0.45480711 0.50246358 25 0 222.43312 1.0933619 -0.096909865
224 158.98014 363.04675 0.73013048 0.32825591 0.1789636 25 0 596.48524 2.4669711 -0.98041017
225 42.690585 365.28349 0.69487301 0.14225428 0.16881768 25 0 469.44047 1.9607991 -0.73108273
226 23.094002 369.07021 0.70839913 -0.029241342 0.19017735 25 0 785.53794 3.1589223 -1.2488474
227 496.19199 371.52279 0.53958672 -0.0082104009 0.33850906 25 0 245.32892 1.1896314 -0.18853106
228 466.53762 373.0169 0.52952429 -0.20798961 0.024470269 25 0 286.63033 1.4979046 -0.43871039
229 386.08885 374.8934 0.75132048 0.031025555 0.097945206 25 0 4320.6526 17.225978 -3.0904597
230 94.822146 376.46347 0.68706084 -0.11203484 0.17125789 25 0 3626.2685 14.791934 -2.9250624
231 140.59083 377.94569 0.7208644 0.29068045 -0.071419454 25 0 651.65937 2.6450361 -1.056079
232 247.48507 379.48589 0.50269483 0.38931732 -0.0096095161 25 0 461.76391 2.3057393 -0.9070255
233 289.09729 380.16915 0.53044983 0.428831 0.25565676 25 0 247.20617 1.2161028 -0.2124257
234 504.22391 380.05212 0.72534783 -0.66460478 0.26965507 25 0 761.36338 3.015732 -1.1984819
235 120.22405 381.0961 0.69899998 -0.097678385 -0.17902763 25 0 378.89409 1.4966692 -0.43781459
236 25.120206 382.45722 0.6658727 0.068974573 0.081043586 25 0 950.46251 3.9145242 -1.4816975
237 164.67356 382.25485 0.6953804 -0.098597993 0.047978986 25 0 1541.7985 6.272375 -1.99358
238 475.48927 384.04686 0.64660869 -0.185553 -0.095233615 25 0 2404.2721 10.097884 -2.510576
239 504.91223 383.4958 0.65993745 0.14172288 0.25695675 25 0 2113.5325 9.0775896 -2.3949264
240 80.211384 387.38855 0.57103166 -0.23537629 0.21019727 25 0 461.02626 2.07866 -0.79445863
241 266.81612 392.07629 0.71667725 0.0035203637 0.062747963 25 0 8990.0275 36.62808 -3.9095354
242 397.25111 394.04027 0.68938057 0.058197371 0.034077993 25 0 897.19913 3.8015905 -1.4499133
243 193.5406 394.83036 0.69952892 0.3678508 0.10740091 25 0 266.58512 1.1689598 -0.16949893
244 432.77016 398.91528 0.71063779 0.19751531 0.19662352 25 0 664.11871 2.7052754 -1.0805287
245 295.92524 399.46282 0.71131332 0.0052293941 0.2974478 25 0 725.9208 2.9506825 -1.1748062
246 42.336195 401.81937 0.70775902 0.23332551 0.26244583 25 0 313.8332 1.2835677 -0.27104698
247 293.2848 403.26021 0.62254423 0.20352993 0.08202939 25 0 1936.0329 8.4654615 -2.3191266
248 311.53904 402.87938 0.50327619 -0.33650312 0.18551872 25 0 246.8748 1.3352678 -0.31392094
249 23.384931 403.54412 0.66515373 -0.49275074 0.0015194085 25 0 792.62168 3.1153728 -1.2337751
250 125.14316 408.84296 0.71389249 0.18261953 0.078450309 25 0 1067.4346 4.4176415 -1.6129762
251 149.18714 410.29444 0.65400717 0.21976716 0.088141534 25 0 2235.1022 9.6455801 -2.4608209
252 1.841244 413.73043 0.67166059 0.16963423 0.081361314 25 0 1283.6233 5.4266205 -1.8363236
253 325.12388 420.14632 0.65475268 0.032314657 0.24674388 25 0 499.03245 2.2946566 -0.90179427
254 205.95108 421.72866 0.71864559 0.6663476 0.16959434 25 0 441.20229 1.8043411 -0.64079662
255 234.84708 427.18305 0.57125505 -0.096087158 0.22935024 25 0 411.16079 2.0196342 -0.7631818
256 200.01608 428.14174 0.72028175 0.07945433 0.062772518 25 0 2546.3607 10.327731 -2.5350123
257 173.62869 429.04213 0.61787163 0.087043664 -0.1553541 25 0 962.3407 4.1298146 -1.5398264
258 422.36286 429.00036 0.59149285 -0.24691744 0.036167958 25 0 327.71575 1.6487073 -0.5428589
259 215.00885 429.46946 0.91200383 -0.31570977 0.12943376 25 0 364.54368 1.218631 -0.21468058
260 202.63257 430.74837 0.73063095 -0.18659949 -0.075811154 25 0 368.77069 1.4550243 -0.40717564
261 273.35639 431.53656 0.57874975 0.37515515 0.19386624 25 0 916.0518 4.0053247 -1.5065943
262 385.92595 433.19021 0.73059452 -0.044839872 0.11082942 25 0 3880.5669 15.641859 -2.9857209
263 286.4071 435.87694 0.69358296 -0.31334783 0.059294363 25 0 1183.1353 4.8057495 -1.7044028
264 55.107227 436.3882 0.46796454 0.36490373 0.062835476 25 0 248.53942 1.3920078 -0.35910416
265 132.36936 437.9544 0.67835426 -0.075576159 -0.042651071 25 0 14502.646 60.3554 -4.4517903
266 253.37306 445.40487 0.50783571 0.37311574 -0.045115436 25 0 277.21623 1.3573601 -0.33173768
267 503.99668 444.3856 0.68916625 -0.033517655 0.33237865 25 0 373.79503 1.635338 -0.53401883
268 420.84564 450.1378 0.7115814 0.011361578 -0.00010702263 25 0 526.66994 2.3646516 -0.93441792
269 352.55588 451.65394 0.54241824 0.40745142 0.10382971 25 0 561.07309 2.5591217 -1.0202274
270 476.63086 452.3763 0.75895314 -0.3181791 0.128682 25 0 418.75536 1.5114981 -0.44851904
271 371.84237 453.62777 0.75792226 0.60882444 0.23546721 25 0 298.10083 1.121355 -0.1243578
272 403.45572 456.28797 0.68820423 -0.40354558 0.0077909267 25 0 1342.27 5.4024524 -1.8314774
273 97.470865 457.57078 0.65234184 -0.46551312 0.039817679 25 0 5060.53 20.806096 -3.2954765
274 190.51913 458.669 0.64474083 -0.56188303 -0.063808827 25 0 1051.3597 4.3351791 -1.5925176
275 367.27561 459.01544 0.56550389 -0.3546124 -0.17796949 25 0 323.43134 1.5875171 -0.50179601
276 176.16293 459.92086 0.39602743 -0.010206178 0.29196765 25 0 163.94865 1.0087362 -0.0094440684
277 469.00205 459.7205 0.4497992 0.042542015 0.15523521 25 0 60556.638 313.42135 -6.2403214
278 332.6551 460.7592 0.72391907 0.28048759 -0.16691768 25 0 350.28008 1.3685174 -0.3406258
279 6.2577251 462.14591 0.70481735 -0.013544933 0.029616866 25 0 1220.4752 5.0409245 -1.7562755
280 446.11739 462.04044 0.72265027 -0.1940686 -0.0047659699 25 0 307.17 1.2486881 -0.24113497
281 86.432233 462.84602 0.55553566 0.21715247 0.073351028 25 0 209.89081 1.0180334 -0.019405106
282 286.22103 466.14965 0.73684381 -0.555329 -0.13615552 25 0 241.81965 1.0381068 -0.040605095
283 252.32101 466.64993 0.69689512 -0.29527662 0.084252886 25 0 5139.2425 20.96606 -3.303792
284 384.02424 468.26917 0.69949935 -0.32671208 -0.082973834 25 0 761.23101 3.1149034 -1.2336115
285 470.16288 467.61562 0.73276504 0.074635401 0.21904005 25 0 516.3381 1.8407023 -0.66245891
286 155.35849 470.53219 0.38671523 0.86742117 0.033233655 25 0 316.3502 1.7124652 -0.5840544
287 286.55075 469.61712 0.49408743 -0.35682767 -0.0068929665 25 0 235.33772 1.3569374 -0.33139953
288 302.46617 469.9038 0.67121875 -0.24123539 -0.08765337 25 0 3244.0269 13.548275 -2.82971
289 379.84163 475.02242 0.76456397 0.13492641 0.09534925 25 0 642.53607 2.5443241 -1.0139311
290 180.24927 476.02496 0.72089905 0.14429909 -0.13645162 25 0 987.16707 4.0062261 -1.5068386
291 105.17797 481.34881 0.65899613 0.051841183 0.21754354 25 0 1003.7769 4.1707684 -1.5505402
292 230.10361 484.39477 0.51780818 0.57535568 0.12923692 25 0 183.64067 1.0777619 -0.081307108
293 281.38783 490.91944 0.63457782 0.12331025 -0.2996403 25 0 378.77797 1.6401921 -0.53723679
294 434.29464 490.55852 0.64461743 -0.096468272 0.21334555 25 0 256.21384 1.2317526 -0.22630873
295 191.6544 494.98568 0.59445949 -0.074696232 -0.13830072 25 0 255.15622 1.1390439 -0.14135114
296 108.79952 496.43987 0.76355139 -0.20014884 0.16350926 25 0 364.71972 1.501618 -0.44139864
297 157.36527 498.1038 0.74054157 -0.074397202 0.024281061 25 0 545.90241 1.9209312 -0.70877953
298 202.69838 498.09234 0.68969791 -0.16909703 0.19777495 25 0 502.01599 1.949915 -0.72503921
299 425.00528 499.18807 0.74230628 0.82128837 0.57786472 25 0 248.7258 1.0188844 -0.020312335
300 158.18042 501.85511 0.69918505 0.051785678 -0.0097050593 25 0 793.76209 3.1730082 -1.253678
301 204.73394 505.46634 0.6277457 -0.13625405 0.20087136 25 0 839.0357 3.4625048 -1.348476
302 288.15617 508.78387 0.49522489 0.2800128 0.25688891 25 0 418.91637 2.1427622 -0.82743496
303 494.83465 507.83499 0.57793149 -0.76121962 -0.26136871 25 0 195.95438 1.1401745 -0.14242833
304 32.140355 509.36109 0.68630038 0.048324812 0.091140704 25 0 722.81868 2.9655703 -1.1802706
305 78.886439 508.61677 0.81045964 -0.16531583 0.23674857 25 0 667.70575 2.3515628 -0.92839144
306 202.10475 509.77295 0.60591751 -0.014995598 0.39670483 25 0 837.67169 3.7323176 -1.4299465
307 277.29244 508.71729 0.71180894 -0.28108272 -0.021808016 25 0 1265.7079 5.0965299 -1.7681864
