id xcentroid ycentroid sharpness roundness1 roundness2 npix sky peak flux mag
1 352.88884 1.8742717 0.59252048 -0.3256081 -0.35518103 25 0 383 1.1752142 -0.17529253
2 475.50981 2.1464918 0.5927441 -0.16043042 -0.36943264 25 0 523 1.8038779 -0.64051784
3 1.6693042 7.1257395 0.82353724 0.23660642 0.060655217 25 0 1137 2.8585251 -1.140355
4 10.11916 7.3398652 0.77739145 0.18948806 0.20852125 25 0 571 1.6551718 -0.54710767
5 155.67395 6.6350152 0.65075442 0.20969138 -0.045000428 25 0 549 1.5067209 -0.44508204
6 381.46358 7.8052979 0.62716798 -0.20426664 -0.044259811 25 0 859 2.5307173 -1.0081091
7 70.873968 8.8636113 0.81474802 -0.0092706557 0.058535419 25 0 20131 46.962363 -4.1793748
8 18.312715 10.41098 0.72999485 -0.40291279 0.19946071 25 0 5688 13.847592 -2.8534356
9 454.7902 10.81696 0.79834657 -0.067009729 0.093149292 25 0 896 2.2939143 -0.90144299
10 0.4755362 12.091124 0.72971863 -0.24223138 -0.042930881 25 0 4043 10.132022 -2.5142403
11 400.69899 29.193645 0.77474775 -0.14196296 0.13059623 25 0 722 1.8676452 -0.67823592
12 500.34118 29.355991 0.61393083 0.087098676 -0.27588333 25 0 251 1.1067714 -0.11014483
13 173.13164 32.117154 0.74187524 0.10867614 0.066524493 25 0 568 1.4075545 -0.37116302
14 160.0972 36.335199 0.71918664 0.0022178289 0.1284711 25 0 756 1.9333701 -0.7157875
15 233.13596 37.362817 0.72111295 0.14836929 0.1140924 25 0 1476 3.6282939 -1.3992562
16 252.54901 38.218582 0.72586342 -0.32565347 -0.07943373 25 0 2770 6.6356457 -2.054708
17 393.19794 39.053041 0.71209719 0.15935277 0.063164713 25 0 571 1.5041352 -0.44321717
18 371.0667 40.151696 0.32913671 -0.10431949 0.031258298 25 0 58609 209.99427 -5.8055186
19 -0.13357403 41.585504 0.76597814 -0.088003986 0.43062104 25 0 485 1.3992976 -0.36477526
20 112.84376 40.733054 0.75878216 -0.23642831 0.052614291 25 0 631 1.4748226 -0.42184944
21 157.85127 42.458439 0.67898515 0.25767334 0.23596556 25 0 5815 14.912193 -2.9338538
22 446.82527 43.686415 0.60607067 -0.14150853 0.26686132 25 0 920 2.7572711 -1.1011987
23 293.40147 49.289701 0.70675331 -0.20229484 -0.22782535 25 0 492 1.1839416 -0.18332573
24 99.127992 49.874726 0.77079186 -0.093149561 0.24453495 25 0 386 1.028379 -0.030383042
25 340.80157 50.545076 0.69306372 0.24975537 0.14260964 25 0 1840 4.629914 -1.6639323
26 489.86796 57.07896 0.77524374 -0.092412998 -0.019617687 25 0 2036 5.2108156 -1.7922643
27 44.134851 61.385194 0.80642398 -0.13820963 0.43023949 25 0 535 1.3635734 -0.33669627
28 101.10559 63.504431 0.77247496 -0.17247371 0.092747442 25 0 525 1.2436442 -0.23674038
29 77.953483 63.692365 0.83005368 0.25472303 0.16247281 25 0 895 2.0261887 -0.76669971
30 215.95725 63.725722 0.80780108 -0.065230754 0.30310119 25 0 524 1.1443112 -0.14636041
31 479.59668 64.009404 0.67150274 -0.10559734 -0.21619276 25 0 1543 4.1967696 -1.5572878
32 158.89456 65.276054 0.71478387 -0.080020672 0.22860324 25 0 582 1.3797848 -0.34952839
33 44.489174 65.299229 0.6550412 -0.42258642 0.27072649 25 0 418 1.2052937 -0.2027322
34 464.71923 65.628246 0.68403838 0.33014281 0.06919107 25 0 605 1.8458532 -0.66549291
35 102.22289 68.510227 0.71201229 -0.16908635 0.1254595 25 0 1892 4.7515213 -1.6920817
36 8.3507959 74.1155 0.57439123 -0.64459151 -0.31306285 25 0 364 1.2271422 -0.22223727
37 1.4400291 76.814734 0.75381533 0.040489826 0.07157165 25 0 789 1.9261422 -0.71172086
38 397.17321 76.672409 0.75214983 -0.098716508 0.13318449 25 0 4246 10.130328 -2.5140588
39 17.500452 79.590749 0.6392433 0.41465754 -0.057699494 25 0 722 2.0134538 -0.75985419
40 166.28129 80.415205 0.64321872 0.22973917 -0.016167924 25 0 589 1.4497816 -0.40325646
41 138.71733 84.015488 0.64049004 -0.04251424 -0.22931904 25 0 676 1.7145252 -0.58535967
42 191.24239 83.962265 0.75462362 0.35538141 0.13234076 25 0 541 1.1903367 -0.1891746
43 201.41892 90.696822 0.50992031 0.014651522 0.10908061 25 0 494 1.3968253 -0.3628552
44 330.19273 91.049289 0.70953578 -0.16826986 0.033310212 25 0 1660 4.1234989 -1.5381647
45 334.1561 92.857008 0.78680159 -0.42194445 -0.018448589 25 0 2086 4.7982956 -1.7027175
46 232.5209 94.028573 0.66008556 -0.071455939 -0.1960106 25 0 1945 4.9521535 -1.7369852
47 498.21782 97.304547 0.68420261 0.16081601 0.023359041 25 0 372 1.221068 -0.21684966
48 100.14127 98.43763 0.64523845 0.086362698 0.13426431 25 0 3591 9.4273859 -2.4359782
49 162.22637 97.902609 0.73688467 -0.25019207 -0.050621467 25 0 649 1.5282017 -0.46045168
50 343.11978 99.736618 0.73383727 0.13315751 0.23755148 25 0 528 1.2157234 -0.21208691
51 378.90857 109.12092 0.68841896 -0.12006412 0.10344786 25 0 777 1.9788772 -0.74104713
52 265.43111 111.23729 0.68661057 -0.48670971 -0.14610791 25 0 18315 45.533957 -4.1458385
53 282.89563 111.23393 0.7455725 0.10164703 0.055880791 25 0 1427 3.2553356 -1.2814894
54 349.61929 112.23726 0.73748279 -0.42183783 -0.066729425 25 0 1486 3.5115862 -1.3637583
55 292.96971 112.59497 0.74250563 0.017619491 0.18112974 25 0 2450 5.8459845 -1.9171441
56 245.10086 114.44284 0.65685528 -0.015080883 -0.059038135 25 0 625 1.4535259 -0.40605693
57 494.93742 113.63635 0.81399423 0.076076596 -0.010323865 25 0 585 1.5254429 -0.45848986
58 144.54492 115.0049 0.70555041 -0.18499356 -0.12129812 25 0 672 1.6525201 -0.54536686
59 97.2762 116.48408 0.48343554 0.20687706 0.030368244 25 0 451 1.278308 -0.26658879
60 199.36798 115.83286 0.78788122 -0.045718608 -0.05618662 25 0 578 1.1941682 -0.19266378
61 196.93359 118.00162 0.80393944 -0.12057292 0.047556645 25 0 3058 7.0557647 -2.1213602
62 29.589098 119.95405 0.75383416 -0.15222618 -0.15853997 25 0 534 1.3051143 -0.28912135
63 220.87453 123.42595 0.6837983 0.038876345 0.1729919 25 0 2174 5.4270775 -1.8364151
64 52.138935 125.19528 0.78916945 0.083934089 0.02363686 25 0 1754 4.1167818 -1.5363946
65 24.427354 125.96149 0.76427381 -0.094434358 0.071112083 25 0 506 1.1966364 -0.1949055
66 298.37321 126.4966 0.66637968 0.40204663 0.020167455 25 0 565 1.2331555 -0.22754461
67 440.88624 134.47459 0.68510894 -0.00027571076 0.18850147 25 0 13689 34.718711 -3.851409
68 343.70273 140.25443 0.69800931 -0.25972588 -0.013136002 25 0 3716 9.2228818 -2.4121666
69 59.625913 141.46158 0.50921647 0.21928462 -0.14447697 25 0 666 1.9229711 -0.70993192
70 42.456735 145.54359 0.48473002 0.37684882 -0.10803362 25 0 532 1.6700504 -0.55682393
71 142.22113 154.74089 0.7126867 -0.36829962 0.0054889 25 0 657 1.5436993 -0.4714068
72 430.81673 155.99907 0.69595124 -0.011741577 0.011625522 25 0 59158 150.73399 -5.445528
73 470.07072 159.46076 0.65542017 -0.033206096 0.13248233 25 0 627 1.7416061 -0.60237485
74 251.26575 160.20427 0.63391481 0.18062568 0.1388272 25 0 669 1.6224324 -0.52541652
75 198.30989 163.7272 0.71510919 0.13431414 -0.02582734 25 0 833 1.8539871 -0.67026678
76 78.031572 167.5209 0.63020282 -0.033112582 0.1725854 25 0 464 1.1690237 -0.16955825
77 391.07677 168.35724 0.67600068 -0.15059094 0.17834082 25 0 673 1.7417459 -0.60246201
78 209.00903 169.51925 0.66072447 0.14011957 0.25641544 25 0 1145 2.7781615 -1.1093937
79 270.81378 168.61762 0.68886811 0.2779442 0.10778512 25 0 2183 5.3685813 -1.8246488
80 458.23688 170.43175 0.64641906 0.48077828 0.21002915 25 0 381 1.1035891 -0.10701854
81 197.51004 172.11162 0.69570276 -0.015532944 -0.15652093 25 0 1860 4.4520558 -1.6214015
82 0.51885256 176.71807 0.82618957 -0.71792868 0.1508668 25 0 816 1.7432864 -0.60342186
83 466.03805 177.01272 0.76705412 -0.0054109374 0.041130758 25 0 3802 9.2797424 -2.4188398
84 61.48653 178.20597 0.71611225 -0.29963787 -0.20135966 25 0 915 2.1426666 -0.82738652
85 159.77638 178.19805 0.75443205 0.12286513 0.11585133 25 0 2388 5.5291419 -1.8566443
86 455.9837 179.28964 0.72698517 0.062106707 0.23084149 25 0 762 1.907789 -0.70132583
87 271.48459 180.86147 0.73618652 0.020855766 -0.1602153 25 0 1359 3.0006724 -1.1930464
88 466.39912 181.9345 0.67704247 -0.47673106 -0.17275117 25 0 966 2.5147505 -1.0012373
89 234.09061 183.45365 0.71577285 0.11617226 0.28713574 25 0 894 1.9886584 -0.74640047
90 116.35219 184.79544 0.75533744 -0.29385248 -0.0061875922 25 0 49298 118.24847 -5.1819888
91 165.89938 186.0139 0.84161099 -0.0094462204 0.025816539 25 0 738 1.4135363 -0.37576738
92 465.47428 190.1479 0.65194801 -0.43469511 -0.40855444 25 0 438 1.2843208 -0.27168381
93 499.87881 193.895 0.76565298 -0.090090682 -0.0035018837 25 0 769 2.033545 -0.77063448
94 212.97422 196.55246 0.76255404 0.023565021 0.19869298 25 0 860 1.9077129 -0.70128256
95 243.45287 197.77762 0.84100319 -0.45349232 -0.084048679 25 0 625 1.2061848 -0.20353463
96 450.74754 198.28071 0.64323339 -0.16164578 0.0050427813 25 0 391 1.1790367 -0.17881828
97 111.45823 198.85666 0.65871518 -0.38521526 -0.13304513 25 0 739 1.8296349 -0.6559111
98 9.4943791 206.80229 0.65178512 0.15288429 -0.047804262 25 0 2133 5.6603819 -1.8821143
99 57.12468 207.89881 0.76139084 0.26453275 0.15448887 25 0 650 1.4305984 -0.38879432
100 59.356313 209.48802 0.76357961 -0.49228574 -0.014930167 25 0 516 1.065749 -0.06913733
101 470.57737 209.98747 0.71499087 -0.047380177 -0.044260208 25 0 1246 3.1637254 -1.250497
102 32.714075 211.34436 0.72164459 -0.26176918 0.083222754 25 0 2256 5.47899 -1.8467513
103 371.19166 212.158 0.73879116 0.082900687 0.028878599 25 0 1930 4.6018602 -1.6573336
104 301.35335 214.37151 0.6264307 -0.064260504 0.11913205 25 0 822 2.0046597 -0.75510163
105 195.44844 215.82814 0.643128 0.20589027 -0.12292579 25 0 1138 2.8296908 -1.1293475
106 284.75666 221.08549 0.76173802 -0.067104498 0.017322976 25 0 3918 9.1874053 -2.4079822
107 397.00291 223.07309 0.75544953 0.01108355 0.048364174 25 0 6113 14.912598 -2.9338833
108 467.1861 223.66865 0.73632322 -0.099068523 0.1184675 25 0 16857 41.084346 -4.0341909
109 371.94835 225.41636 0.69541275 0.056933839 0.22330728 25 0 1339 3.3161935 -1.3015997
110 225.32245 231.94669 0.69135297 -0.10744582 -0.071652713 25 0 936 2.2933548 -0.90117811
111 285.33532 232.79701 0.67795169 0.23028025 0.026377785 25 0 956 2.2840396 -0.89675907
112 476.49565 235.27676 0.60027793 0.39867471 -0.047209413 25 0 1842 5.1869459 -1.7872793
113 75.802237 236.23684 0.80773532 -0.11605285 0.051156353 25 0 568 1.1788053 -0.17860524
114 248.98734 249.46771 0.70487886 0.070820405 0.19521941 25 0 5971 14.745724 -2.9216652
115 473.30926 248.61404 0.69085303 -0.21215523 0.087374521 25 0 8086 20.343818 -3.2710812
116 21.28413 250.56028 0.65498448 0.35415741 0.23495684 25 0 1090 2.7131355 -1.0836787
117 311.10773 251.73563 0.65482912 -0.67314232 0.014911751 25 0 586 1.4554773 -0.40751362
118 376.63552 258.04549 0.69269 0.003742217 -0.060478245 25 0 486 1.2266986 -0.22184468
119 149.77545 259.91127 0.84298202 0.22360153 0.12307406 25 0 575 1.1356702 -0.13813062
120 78.276409 270.38447 0.66218728 0.13768263 0.076966121 25 0 1660 4.2051742 -1.55946
121 134.73688 271.98093 0.91824881 0.61845142 0.15991197 25 0 587 1.0912008 -0.094761644
122 92.60452 279.49151 0.57869365 -0.83879432 -0.020450155 25 0 710 1.7977381 -0.63681608
123 392.86301 281.49122 0.68842995 0.25453978 0.22700105 25 0 6267 15.794439 -2.9962605
124 205.42911 283.00387 0.66311439 0.049627222 -0.20774128 25 0 1030 2.5865667 -1.0318092
125 84.082761 284.53475 0.70398565 0.28420756 0.26601622 25 0 1549 3.7457753 -1.4338543
126 112.34755 284.21519 0.70492195 0.1894789 -0.015627813 25 0 1429 3.3899768 -1.3254918
127 367.11944 286.2865 0.6026481 0.29450762 0.18617612 25 0 427 1.1333326 -0.13589349
128 498.64385 286.25937 0.71690187 -0.59630347 -0.054455809 25 0 755 2.100255 -0.80568009
129 36.734338 289.44047 0.65601209 -0.47540456 0.10233953 25 0 577 1.3915759 -0.35876727
130 114.7416 293.90818 0.49971692 -0.8070289 -0.10238943 25 0 394 1.1217418 -0.12473231
131 181.4768 293.80888 0.65106905 -0.26507609 -0.22290947 25 0 667 1.5543621 -0.4788805
132 95.800593 299.93867 0.76240017 0.070363505 0.012620418 25 0 1727 4.0280718 -1.512743
133 443.92927 299.64572 0.42392964 -0.85002963 -0.27338079 25 0 229 1.0819443 -0.085512283
134 0.44076156 304.38271 0.76171122 0.067100707 0.23541762 25 0 693 1.6123942 -0.51867807
135 239.29195 305.37053 0.59318364 0.12204436 0.10611853 25 0 937 2.5904504 -1.0334382
136 471.33282 305.21062 0.68740355 -0.034613879 -0.019546259 25 0 1074 2.9214982 -1.1640141
137 158.50892 310.17491 0.69099927 -0.25583128 -0.11366788 25 0 3835 9.4823898 -2.4422945
138 18.916647 312.07453 0.85220675 0.039842702 -0.12398734 25 0 1335 2.8669159 -1.1435374
139 34.564475 311.984 0.74681238 -0.13055881 -0.12677114 25 0 2704 6.4886997 -2.0303942
140 3.3960339 322.14738 0.712797 -0.17990808 -0.15852832 25 0 857 2.06687 -0.78828292
141 350.92985 321.80863 0.69918978 0.1899019 0.16353853 25 0 735 1.8964643 -0.69486169
142 283.73884 324.66742 0.62820635 0.0082384307 0.13616849 25 0 393 1.0376837 -0.040162485
143 41.139179 329.21851 0.73121685 0.16227334 0.082940138 25 0 5960 14.769657 -2.923426
144 308.33475 329.05173 0.76069203 0.066435431 -0.082886942 25 0 724 1.7151293 -0.58574218
145 401.07057 329.34189 0.56298109 0.12482073 0.096959308 25 0 469 1.5800703 -0.49669101
146 51.372068 330.2042 0.67729461 0.088870776 -0.017451267 25 0 13990 36.169005 -3.8958414
147 97.653866 331.28448 0.74523389 -0.59096143 0.10161933 25 0 1116 2.443481 -0.97002243
148 284.41913 330.49827 0.56534128 0.36634921 -0.10541669 25 0 805 2.1622977 -0.8372887
149 509.59611 336.91268 0.57128577 -0.084024866 0.31809514 25 0 778 2.1660631 -0.83917776
150 280.66391 340.26989 0.80113569 0.11433981 0.050657114 25 0 516 1.1644684 -0.16531923
151 381.53056 342.99184 0.66122791 -0.10713232 -0.14796184 25 0 744 1.9756462 -0.73927295
152 260.60159 346.71658 0.67171957 0.21231954 -0.026781598 25 0 5745 14.741452 -2.9213506
153 402.75037 348.06415 0.76657567 -0.28201798 -0.032993426 25 0 1316 3.3034028 -1.2974038
154 42.690133 349.23865 0.75672938 -0.63142139 0.16295802 25 0 926 2.1182351 -0.81493539
155 33.097804 349.64629 0.75615681 0.21245788 0.14551574 25 0 556 1.30772 -0.29128689
156 15.294482 351.19202 0.65785947 0.073178926 -0.026923603 25 0 899 2.3200077 -0.91372357
157 319.53407 350.55302 0.60935937 0.45463708 -0.00018811674 25 0 23471 62.538109 -4.4903619
158 42.864169 353.06762 0.81267392 -0.052085613 0.16674483 25 0 1855 4.2464036 -1.5700532
159 43.908981 356.32929 0.70478934 -0.64805956 0.20628886 25 0 595 1.4379886 -0.3943886
160 435.5557 357.71878 0.69591595 -0.40306594 -0.076611606 25 0 1908 4.866214 -1.717978
161 246.88408 359.72664 0.76455255 0.010282257 0.051920907 25 0 2054 4.9214536 -1.7302335
162 299.00996 360.94777 0.78330268 -0.09322525 0.0074752081 25 0 3738 8.8637606 -2.369045
163 448.69025 362.03685 0.80526262 -0.21053664 -0.081985417 25 0 1387 3.4030378 -1.3296669
164 116.46108 362.49641 0.55829756 0.43563266 0.0021582638 25 0 4199 11.702082 -2.6706579
165 159.71884 363.30092 0.71703664 -0.53589808 -0.10385023 25 0 520 1.1643787 -0.16523566
166 43.692507 365.50514 0.61348275 0.1756151 0.12399542 25 0 478 1.2706368 -0.26005357
167 23.964129 369.40679 0.68527769 0.0015790465 0.13914063 25 0 914 2.4104616 -0.95525056
168 386.94903 375.28587 0.76400405 -0.03669529 0.090207469 25 0 4318 10.4816 -2.5510689
169 95.710234 376.75356 0.71678138 0.097866839 0.010676897 25 0 4211 10.535346 -2.556622
170 141.60239 378.24697 0.49040253 0.31146105 0.034442405 25 0 438 1.3372069 -0.31549653
171 248.22942 379.7579 0.73474013 0.20459772 0.081105536 25 0 811 2.0036299 -0.75454376
172 504.94345 380.556 0.76939195 -0.77343866 0.075383612 25 0 651 1.7715777 -0.62090049
173 25.925595 382.73449 0.77681935 0.056777139 0.10459149 25 0 1185 2.8263091 -1.1280492
174 165.48589 382.54374 0.6098034 -0.54372321 0.028994915 25 0 1308 3.3695203 -1.3189202
175 476.34453 384.50827 0.59153847 0.40032107 0.11648379 25 0 2095 5.9741365 -1.9406878
176 505.71296 383.96334 0.76189695 -0.22594388 -0.086168647 25 0 2517 6.2637064 -1.9920785
177 80.914398 387.68142 0.80229761 -0.038317659 0.19584224 25 0 739 1.7236233 -0.59110592
178 267.44045 392.39528 0.53829011 0.62088947 0.047946 25 0 6135 17.276377 -3.0936317
179 398.15051 394.38134 0.66073195 0.21486356 0.19090688 25 0 787 2.2490826 -0.8800135
180 433.58206 399.43237 0.68052176 -0.35802907 0.054136546 25 0 469 1.4062432 -0.37015109
181 296.67555 400.01582 0.71082347 -0.089875851 -0.099575111 25 0 802 2.0061537 -0.75591049
182 24.209936 403.90798 0.79216094 -0.021903215 0.011783332 25 0 1174 2.7477201 -1.0974312
183 294.0278 403.65394 0.75161761 0.0027803669 0.07518053 25 0 2350 5.7943368 -1.9075093
184 125.97437 409.16422 0.76259757 0.092224544 -0.021879371 25 0 1208 2.9344017 -1.1687989
185 150.0359 410.55428 0.7461548 -0.0026084385 0.18214563 25 0 2703 6.6242619 -2.0528437
186 2.6630161 414.08975 0.79400286 -0.11786107 -0.024875981 25 0 1528 3.5961793 -1.3896034
187 325.78317 420.47364 0.84605219 0.2950347 0.0062104551 25 0 480 1.1468758 -0.14879098
188 206.8545 422.15241 0.76537862 -0.64654657 -0.12484401 25 0 429 1.063728 -0.067076504
189 174.32943 429.58495 0.56204896 0.47918427 0.21493915 25 0 879 2.5938726 -1.0348716
190 200.81687 428.548 0.67787238 0.22955283 0.09819209 25 0 2303 5.9087549 -1.9287399
191 215.93306 430.09267 0.57199222 0.091155994 0.18586514 25 0 308 1.0321433 -0.034349991
192 274.07133 431.85738 0.77398385 -0.077302621 0.037484897 25 0 1441 3.5010725 -1.3605028
193 386.74056 433.54055 0.64269704 0.24833151 0.11252476 25 0 3142 8.547223 -2.3295626
194 287.23413 436.33671 0.67157505 -0.15772216 0.17794535 25 0 1263 3.3519788 -1.3132531
195 133.25061 438.39461 0.65137895 0.26767053 0.10607465 25 0 14550 38.474555 -3.962934
196 353.20433 451.77274 0.7648868 -0.20822075 0.11114467 25 0 768 1.9762462 -0.73960261
197 404.29557 456.65916 0.74707025 -0.37443865 0.061268357 25 0 1430 3.6849758 -1.4160866
198 98.337073 458.00782 0.73257231 -0.053737419 -0.079605269 25 0 6926 17.264203 -3.0928663
199 191.32867 459.08474 0.73170145 -0.011440798 -0.040265401 25 0 1376 3.472748 -1.3516832
200 469.73507 460.12237 0.43516018 -0.099969272 0.031769046 25 0 58280 190.3335 -5.6987881
201 7.1471923 462.55343 0.67995432 0.33994339 0.28173017 25 0 1088 2.8902989 -1.1523569
202 253.08791 467.05188 0.79087463 -0.011298257 0.043724344 25 0 6694 16.039758 -3.0129945
203 471.01729 467.73807 0.72720448 -0.031809062 0.0097717425 25 0 480 1.4379886 -0.39438862
204 384.76893 468.38913 0.70275551 -0.33691453 0.26775329 25 0 604 1.7012681 -0.57693188
205 303.18766 470.2286 0.71466533 0.087922438 0.054759255 25 0 3649 9.3770424 -2.4301647
206 156.28811 470.92533 0.67355194 -0.24429021 0.046932427 25 0 456 1.3547881 -0.32967841
207 380.53873 475.5641 0.73910074 -0.31427362 0.31020441 25 0 377 1.0917728 -0.095330707
208 181.02464 476.44022 0.70652839 0.29024265 0.17481748 25 0 967 2.5875669 -1.0322289
209 106.06343 481.8753 0.74276044 0.0221656 0.12696362 25 0 1367 3.5497334 -1.3754893
210 158.13286 498.39898 0.64731509 -0.4196819 0.064808096 25 0 564 1.557939 -0.48137609
211 203.35776 498.50931 0.50496452 0.71949077 0.14062314 25 0 349 1.1148537 -0.11804473
212 159.06894 502.16031 0.69702998 -0.14112823 0.032810234 25 0 905 2.4219098 -0.96039491
213 205.56316 505.82566 0.76051694 -0.26039191 -0.2011052 25 0 931 2.2053608 -0.85869912
214 79.754267 509.0922 0.7614982 -0.11034596 0.25082578 25 0 736 1.7369103 -0.59944345
215 278.02793 509.0702 0.79096212 0.22828303 0.012485505 25 0 1470 3.5041446 -1.361455
216 288.94021 509.03886 0.78738054 -0.01197444 0.025497634 25 0 592 1.4508995 -0.40409331
217 33.045802 509.73834 0.89302077 0.10818169 0.010016277 25 0 876 1.8034584 -0.64026532
218 202.87644 509.79841 0.74254742 0.087629551 -0.038386266 25 0 1107 2.6361831 -1.0524389
