id xcentroid ycentroid sharpness roundness1 roundness2 npix sky peak flux mag
1 4.481896 -0.0064896662 0.89595499 -0.59857074 -0.7323681 25 0 1206.1732 2.3381759 -0.92219293
2 266.29298 15.416215 0.6135112 0.38970033 -0.23557441 25 0 470.46405 1.3655966 -0.3383061
3 303.51615 23.975122 0.74275843 -0.2286352 -0.32538512 25 0 549.19635 1.2951287 -0.28078235
4 509.6147 24.924189 0.64705105 -0.05596999 -0.39229454 25 0 412.37196 1.066912 -0.070321469
5 376.88072 27.231085 0.65453138 -0.32498768 -0.17232005 25 0 579.56804 1.5608035 -0.48337058
6 436.12972 27.188231 0.6951783 -0.21731697 -0.25447199 25 0 22420.783 49.911767 -4.2455074
7 322.89192 45.399166 0.44245076 -0.17567451 0.028148429 25 0 261.07246 1.0067136 -0.0072648905
8 82.338657 52.03462 0.74649382 -0.34728191 -0.43598699 25 0 484.72548 1.0761162 -0.079647888
9 155.46924 53.148686 0.62840336 -0.24082733 -0.42315157 25 0 878.7535 2.1497816 -0.83098583
10 174.81701 54.061931 0.65385478 -0.34050681 -0.30463544 25 0 1950.8575 4.7038277 -1.6811285
11 35.320417 56.126835 0.66031086 -0.11715752 -0.25385782 25 0 412.80923 1.0251691 -0.026988719
12 293.44057 56.233126 0.40425799 -0.12372565 -0.22029098 25 0 56894.487 149.05055 -5.433334
13 80.200079 58.133384 0.67523376 -0.37335571 -0.34938382 25 0 4101.5975 9.3331092 -2.4250659
14 368.90524 59.929401 0.73658807 -0.53557133 -0.35817064 25 0 865.53983 2.0369123 -0.77243084
15 439.1984 65.917461 0.74476937 -0.44874251 -0.51499041 25 0 673.88357 1.5332087 -0.46400322
16 262.95239 66.748082 0.6551184 -0.31396112 -0.27618337 25 0 1144.4997 2.7561868 -1.1007716
17 411.89443 73.622497 0.56671955 -0.15153295 -0.1425573 25 0 960.58352 2.6118332 -1.0423636
18 470.42273 75.909032 0.69001846 -0.29893747 -0.27160827 25 0 2841.4988 6.4663691 -2.0266512
19 0.32623163 79.001721 0.53494522 -0.090034085 -0.3639397 25 0 356.69054 1.1062853 -0.10966781
20 401.45693 80.42887 0.57948741 -0.76277932 -0.35230229 25 0 970.2291 2.5928236 -1.0344324
21 386.88325 82.079109 0.64291364 -0.24070538 -0.3329442 25 0 377.47827 1.0735937 -0.077099868
22 24.533474 83.957885 0.69197517 -0.54462979 -0.37879148 25 0 1194.6887 2.7457727 -1.0966614
23 437.29534 89.049896 0.64908904 -0.33864576 -0.21542802 25 0 718.15754 1.8976262 -0.69552667
24 319.23889 93.003628 0.66272064 -0.44451891 -0.36856344 25 0 2398.7655 5.6393849 -1.8780793
25 459.65885 99.994956 0.68649459 -0.32119257 -0.30377115 25 0 18001.317 40.229098 -4.0113507
26 252.39689 107.20636 0.59388411 -0.30936785 -0.3555817 25 0 876.00733 2.2018623 -0.85697541
27 256.36909 108.8829 0.64188849 -0.67730549 -0.52961193 25 0 1040.9066 2.5089066 -0.99871122
28 154.5097 109.82306 0.6554384 -0.35353648 -0.44845184 25 0 1135.6044 2.4220175 -0.9604432
29 22.492034 113.80068 0.67147 -0.754941 -0.41555793 25 0 2504.4875 5.4895731 -1.8488464
30 477.70421 116.52131 0.63206993 -0.43511554 -0.00083735222 25 0 1429.0247 3.3881761 -1.3249149
31 457.95874 119.91673 0.74675215 -0.22538919 -0.19349248 25 0 1893.1565 4.1297609 -1.5398123
32 187.68946 127.04095 0.67304368 -0.42460727 -0.31789571 25 0 13885.918 31.132603 -3.7330386
33 205.0231 127.28135 0.6684654 0.18347284 -0.048733299 25 0 796.34222 1.7430223 -0.60325737
34 271.85445 128.43973 0.60615738 -0.56922063 -0.1994463 25 0 759.61015 1.9183063 -0.70729488
35 215.11952 128.56379 0.59744714 -0.44940558 -0.14622366 25 0 1238.7414 2.9619199 -1.1789333
36 19.638017 131.98006 0.72448813 -0.76132502 -0.9804834 25 0 458.43259 1.0491999 -0.05214557
37 119.03307 133.74847 0.60060862 -0.61233474 -0.30871496 25 0 1475.431 3.5329871 -1.3703551
38 486.24395 135.41701 0.66883072 -0.089416637 -0.23872163 25 0 1365.2497 3.0815687 -1.2219296
39 142.90812 139.24459 0.63279801 -0.41566672 -0.27816326 25 0 1360.6508 3.1680102 -1.2519664
40 362.72851 150.94378 0.63888719 -0.36017005 -0.35200689 25 0 9070.2459 20.986378 -3.3048437
41 265.70025 156.39553 0.59542497 -0.63091208 -0.17970978 25 0 2026.4297 4.8819802 -1.72149
42 450.95968 162.97713 0.70242502 -0.2636615 -0.23657271 25 0 6951.5112 15.581345 -2.9815124
43 64.754284 170.22257 0.64122951 -0.63028263 -0.45368582 25 0 398.4348 1.0121384 -0.013099781
44 352.63743 172.61232 0.56078521 -0.74324123 -0.11586941 25 0 29060.407 68.072267 -4.5824255
45 120.34602 179.5369 0.6636065 -0.85999736 -0.25087542 25 0 887.2087 1.9326357 -0.71537499
46 444.99982 184.31251 0.64685464 -0.24164307 -0.12371572 25 0 5270.3542 12.330869 -2.7274842
47 130.95034 185.2098 0.67930011 -0.39139804 -0.17158947 25 0 755.94785 1.6203037 -0.52399105
48 192.89151 184.46838 0.51679177 -0.13991137 -0.04617928 25 0 1140.9849 2.9565756 -1.1769725
49 119.51136 187.88567 0.63811178 -0.5817103 -0.50223938 25 0 1173.4441 2.6761436 -1.0687735
50 81.903308 193.74663 0.6562757 0.010313684 -0.1152557 25 0 1394.8135 3.0995491 -1.2282463
51 387.80173 193.52617 0.55196319 -0.10650997 -0.096688975 25 0 1755.4563 4.383115 -1.6044572
52 449.68936 195.32638 0.60289283 -0.2777035 -0.15289183 25 0 424.81948 1.0607958 -0.064079524
53 377.64381 195.71118 0.6248388 -0.47317962 -0.13261008 25 0 376.12992 1.0159591 -0.017190611
54 193.55973 196.79806 0.62688645 -0.19233264 -0.32569849 25 0 845.88793 1.9309764 -0.71444243
55 156.0325 199.41103 0.65745731 -0.59211546 -0.20623521 25 0 523.20963 1.1546167 -0.15609459
56 388.21332 198.57036 0.51527514 -0.34722196 0.075284083 25 0 520.8794 1.4927453 -0.43496429
57 38.480445 200.1882 0.66306816 -0.21683283 -0.35548296 25 0 29252.973 64.828454 -4.5294142
58 475.38178 214.18131 0.58081877 -0.74961375 -0.41634254 25 0 1076.4146 2.8053888 -1.1199826
59 436.27702 216.63361 0.504132 -0.31863256 -0.16259729 25 0 336.84999 1.0486952 -0.05162317
60 469.39329 220.21386 0.63743841 -0.68690257 -0.37041422 25 0 2146.6122 4.9000871 -1.7255095
61 392.07947 226.52906 0.45921872 -0.65784935 -0.1498263 25 0 576.59341 1.6442236 -0.5399022
62 293.07148 228.44506 0.60462728 0.036806688 -0.072726577 25 0 971.23572 2.360007 -0.93228323
63 223.18407 230.3525 0.59222914 0.49072478 -0.28940598 25 0 480.05505 1.1019791 -0.10543342
64 117.50894 231.36218 0.43960993 0.32247603 -0.13784024 25 0 498.26541 1.3351938 -0.31386078
65 446.03846 235.23979 0.65371712 -0.37042006 -0.19667866 25 0 3584.5581 8.238599 -2.2896334
66 206.56027 237.05082 0.63489046 -0.50148364 -0.43353934 25 0 2092.5715 4.8122267 -1.7058652
67 319.00214 239.34658 0.61465403 -0.43376852 -0.21637409 25 0 3073.7534 7.2624527 -2.1527083
68 388.84903 240.22558 0.63694595 -0.54600607 -0.25099923 25 0 10101.654 23.213067 -3.4143313
69 293.78691 241.56712 0.5599908 0.14939438 0.010312578 25 0 691.3519 1.8967129 -0.69500402
70 147.04064 247.69433 0.68537268 -0.4602135 -0.35486263 25 0 578.16967 1.1400488 -0.14230862
71 206.94322 248.76616 0.67748949 -0.18073277 -0.23500727 25 0 674.67295 1.4912282 -0.43386027
72 397.99161 251.76843 0.66064626 -0.35427285 -0.1568842 25 0 1489.7471 3.4319433 -1.3388502
73 170.8107 265.2403 0.61141992 -0.50610573 -0.27066962 25 0 3643.3339 8.5109372 -2.3249435
74 394.90864 265.20679 0.65760279 -0.50577201 -0.24221844 25 0 5543.7597 12.42991 -2.73617
75 495.55949 266.50167 0.5837293 0.10852897 -0.086791907 25 0 931.9256 2.2024871 -0.85728344
76 232.9095 267.96521 0.64034353 -0.62767101 -0.29908528 25 0 410.51492 1.0297672 -0.031847629
77 0.45395083 285.68089 0.55239933 0.035147066 -0.19656261 25 0 893.00486 2.4287962 -0.9634777
78 14.51365 294.84178 0.70787886 -0.33308611 -0.40768759 25 0 587.53889 1.3114999 -0.29442065
79 314.5636 297.85287 0.6214369 -0.27637195 -0.35580904 25 0 4046.8016 9.3613911 -2.428351
80 127.22756 298.83424 0.66745165 -0.1980738 -0.29216675 25 0 707.2335 1.4947078 -0.43639074
81 6.2305739 299.83249 0.59926185 -0.5020311 -0.22274483 25 0 901.43527 2.3508409 -0.9280581
82 34.211506 299.72952 0.67101823 -0.47776767 -0.29116085 25 0 919.12221 2.1535753 -0.83290017
83 420.13248 302.94479 0.72237293 -0.23550977 -0.13194379 25 0 703.55219 1.5138595 -0.45021392
84 17.935405 315.29548 0.70679796 -0.31601685 -0.24199495 25 0 977.60942 2.1752848 -0.84379031
85 161.19956 321.32373 0.64588939 0.078684113 -0.14650923 25 0 725.79897 1.4930869 -0.43521272
86 392.80067 321.61376 0.59350446 -0.15667616 -0.28249939 25 0 755.49539 1.7198231 -0.58870946
87 80.416743 325.84577 0.67793993 -0.56016395 -0.36691492 25 0 2628.0439 5.6905219 -1.8878803
88 509.40794 336.09269 0.63857113 -0.33940051 -0.27576644 25 0 1336.0107 3.022961 -1.2010814
89 272.79053 338.03143 0.68055293 -0.69096064 -0.37986612 25 0 522.91523 1.1200353 -0.12307928
90 19.529684 346.70734 0.5658206 -0.12501504 -0.15567332 25 0 666.72695 1.6302276 -0.53062062
91 206.27025 346.7054 0.62577058 -0.44682494 -0.44581195 25 0 605.31794 1.1618496 -0.16287475
92 431.00466 353.53621 0.79687991 -0.25524421 -0.029635995 25 0 752.0086 1.314185 -0.29664125
93 303.04252 359.39076 0.66007046 -0.096621315 -0.14161093 25 0 561.89277 1.0725702 -0.076064338
94 182.37179 362.65417 0.63004488 -0.71993168 -0.27830526 25 0 3692.6704 8.2551345 -2.2918104
95 324.34523 364.3925 0.54312365 -0.19694124 -0.11065956 25 0 744.21179 1.7189063 -0.58813054
96 241.12724 366.85549 0.64550423 -0.61407445 -0.37904444 25 0 17731.622 39.463176 -3.9904801
97 356.87499 374.05087 0.73946705 -0.4627563 -0.27153788 25 0 1668.5568 3.3812055 -1.3226789
98 168.60754 375.65893 0.6699958 -0.24219523 -0.25355166 25 0 1211.5023 2.4285337 -0.96336035
99 220.56316 376.90834 0.67941006 -0.26355599 -0.40179233 25 0 2140.0337 4.4679061 -1.6252601
100 509.68348 377.43284 0.67708355 -0.76795997 0.11802467 25 0 532.84316 1.085544 -0.089118528
101 38.386731 378.02556 0.70540589 -0.4408877 -0.39463772 25 0 4110.6326 8.9798778 -2.3831761
102 370.07152 378.38591 0.70213306 -0.15067461 -0.14223078 25 0 947.57539 1.9451873 -0.72240356
103 441.63731 380.58325 0.58172386 -0.04669895 -0.20026936 25 0 5924.02 13.782034 -2.8482833
104 17.551223 392.14289 0.67899153 -0.20434185 -0.42978241 25 0 2822.3628 6.2627038 -1.9919047
105 308.42203 391.42079 0.48071942 0.35935407 -0.20429471 25 0 1825.0266 4.4332839 -1.6168139
106 170.0224 395.71551 0.70035153 -0.68456916 -0.1303509 25 0 527.14843 1.0099901 -0.01079284
107 87.289072 398.22445 0.66192646 -0.16454121 -0.22660005 25 0 1134.2372 2.4172279 -0.95829402
108 397.70922 400.91885 0.60776275 -0.47515121 -0.34401197 25 0 1962.4192 4.5905788 -1.6546686
109 426.99358 400.55686 0.64634417 -0.51766477 -0.10342528 25 0 1509.531 3.2532536 -1.2807948
110 189.18769 408.44839 0.58176685 -0.17061248 -0.19900717 25 0 5137.5627 12.033969 -2.7010222
111 319.76437 410.68281 0.7347526 -0.65872989 -0.39214406 25 0 674.68897 1.2004086 -0.19832275
112 218.28881 415.93455 0.80087151 -0.083592554 -0.30211583 25 0 721.15768 1.289242 -0.27583609
113 354.86078 415.95395 0.68557142 -0.085448633 -0.2262836 25 0 578.9254 1.1187626 -0.12184484
114 215.58834 419.64614 0.61583404 -0.76944088 -0.32615507 25 0 1384.3104 2.9366725 -1.1696388
115 502.51271 422.10377 0.67379818 -0.26313102 -0.34031544 25 0 2071.8657 4.4065691 -1.6102515
116 47.494603 424.62439 0.61238533 -0.23916295 -0.36861076 25 0 621.54713 1.3306419 -0.31015303
117 71.780907 426.09246 0.70292466 -0.31732933 -0.39817462 25 0 1844.2489 3.8526594 -1.4644015
118 122.23374 444.26101 0.54587354 -0.69626194 -0.51773143 25 0 1553.1595 3.6568035 -1.407754
119 95.853909 444.99678 0.65066961 -0.31968982 -0.27119137 25 0 939.38252 2.0833968 -0.79693
120 195.72085 447.72258 0.61432807 -0.21944882 -0.29395286 25 0 880.98444 1.7897135 -0.63195876
121 454.25586 447.97991 0.25947872 -0.56109739 -0.2480651 25 0 60258.254 171.15612 -5.5834811
122 308.13323 449.85955 0.71061762 -0.51905312 -0.27655965 25 0 2820.4657 5.9218011 -1.9311345
123 208.71799 452.15051 0.60377721 -0.6041799 0.068644779 25 0 940.04811 1.8741267 -0.68199735
124 54.875456 453.89514 0.70451212 -0.28391471 -0.28682893 25 0 12026.898 26.538616 -3.5596957
125 440.46545 464.60961 0.55699755 -0.73272839 -0.34770021 25 0 1470.2429 3.5131658 -1.3642466
126 274.62467 467.97403 0.73382514 -0.666262 -0.56642985 25 0 701.91746 1.2627346 -0.25328021
127 20.101683 473.34239 0.68169887 -0.11952115 -0.14927145 25 0 4751.3096 10.64515 -2.5678794
128 325.68402 472.97641 0.71130492 -0.25160225 -0.2959334 25 0 1279.6978 2.6208013 -1.0460852
129 112.86909 474.63332 0.67596663 -0.27309784 -0.18842417 25 0 1025.7742 2.0630649 -0.78628222
130 390.93087 476.73561 0.53971305 -0.41972787 -0.26454705 25 0 59802.335 148.25504 -5.4275236
131 174.50671 482.86981 0.65663492 -0.16786425 -0.37063885 25 0 4057.5294 8.8741758 -2.3703201
132 306.42255 484.84875 0.46551989 -0.2551844 -0.38581522 25 0 494.70601 1.101179 -0.10464481
133 224.64623 486.22675 0.64930396 -0.57402264 -0.29536174 25 0 2493.0323 5.4602968 -1.8430406
134 102.46236 491.96193 0.69142209 -0.28027942 -0.39578304 25 0 825.16283 1.6690795 -0.55619255
135 27.680858 497.3425 0.64106226 -0.44411195 -0.32672671 25 0 828.71055 1.8444632 -0.66467496
