id xcentroid ycentroid sharpness roundness1 roundness2 npix sky peak flux mag
1 503.24301 -0.1032585 0.65333164 -0.14025549 -0.43586493 25 0 257.30032 1.1323619 -0.1349631
2 507.57373 1.5550197 0.67818972 0.58070822 -0.14022985 25 0 310.60767 1.1372709 -0.13965984
3 324.40832 4.9988833 0.73076252 -0.3005009 -0.19445586 25 0 325.32748 1.2868506 -0.27382032
4 296.81078 7.5325582 0.55326091 0.34078412 -0.11132522 25 0 616.18707 2.4886873 -0.98992582
5 305.82412 10.011256 0.55365405 -0.086649229 -0.2296823 25 0 359.21488 1.6091061 -0.51646168
6 428.20136 10.944106 0.80803095 0.074573216 -0.32173129 25 0 698.14529 2.1851459 -0.84870109
7 108.70137 14.767199 0.6778769 0.3048752 -0.26270113 25 0 531.3518 1.7368658 -0.59941569
8 334.46513 16.204988 0.69765707 0.25957948 -0.11048786 25 0 845.11656 3.0576589 -1.2134726
9 23.910159 16.798944 0.69314057 0.0025189826 -0.15643128 25 0 16660.063 57.737563 -4.4036461
10 407.81798 19.527358 0.68765662 -0.1015197 0.030444607 25 0 751.17308 2.6493918 -1.0578655
11 466.95459 19.372594 0.66863031 0.066173378 -0.073011709 25 0 28962.612 100.15483 -5.0016797
12 424.9393 21.037851 0.68536864 0.051566284 -0.4859874 25 0 328.82361 1.3765325 -0.34696617
13 333.23032 24.590425 0.58509559 -0.3519492 -0.46477978 25 0 247.31752 1.064405 -0.06776725
14 212.0957 34.2762 0.706707 0.64573658 -0.080279579 25 0 338.05779 1.153209 -0.15477001
15 353.66176 37.666436 0.58438481 0.48735798 -0.24357312 25 0 490.52135 1.9866715 -0.74531513
16 453.40949 37.942512 0.72956938 -0.41370559 -0.18816479 25 0 375.74246 1.3281424 -0.3081116
17 126.18702 40.196293 0.84408888 0.15802381 -0.36718079 25 0 544.09136 1.6146092 -0.52016853
18 113.18431 44.400061 0.66908093 0.00015340064 -0.16129087 25 0 545.72371 1.8123464 -0.64560304
19 186.00325 45.550703 0.54257139 -0.064406464 -0.066366798 25 0 988.42423 3.8262246 -1.4569261
20 205.47333 46.383535 0.6686878 0.39348606 -0.18267035 25 0 2362.672 8.0332117 -2.262223
21 418.59178 46.334136 0.55594849 0.006145373 -0.17632045 25 0 204.87835 1.064967 -0.068340359
22 346.22718 47.557167 0.49867534 -0.32324185 -0.09573502 25 0 365.39601 1.6024859 -0.51198553
23 389.72024 48.126166 0.82296876 -0.045104129 0.29249323 25 0 337.97215 1.1228549 -0.12580905
24 65.676883 48.754667 0.671038 0.22560351 -0.022573244 25 0 564.81939 1.9915903 -0.74799999
25 249.30962 48.954264 0.59895458 -0.3545945 -0.3453408 25 0 301.348 1.1868428 -0.185983
26 324.05425 48.420905 0.35318624 -0.02065328 -0.16912716 25 0 58293.795 246.93456 -5.9814547
27 110.76817 50.6019 0.57186442 0.14941238 -0.13798302 25 0 4757.7308 17.829527 -3.1278496
28 153.81619 51.230254 0.63025258 0.77906844 -0.49243917 25 0 364.17569 1.2468608 -0.2395449
29 399.55491 52.161169 0.63478788 0.037110708 -0.26209763 25 0 1067.022 3.9085149 -1.4800294
30 44.347972 52.897509 0.73921423 0.34576401 -0.12128655 25 0 312.17217 1.106193 -0.1095773
31 233.31434 56.184851 0.62890854 -0.098713881 -0.22683892 25 0 282.29786 1.0207636 -0.022312945
32 246.51426 57.34613 0.61437615 0.4125904 -0.47921103 25 0 280.42783 1.0714125 -0.074891731
33 51.908925 57.802476 0.56678402 -0.24087663 -0.10198247 25 0 291.51482 1.3067347 -0.29046858
34 400.42737 57.525832 0.47446165 -0.54510242 -0.50170878 25 0 206.55434 1.1048789 -0.10828667
35 470.05354 58.122584 0.71155937 0.23751014 -0.10837473 25 0 1003.4537 3.441361 -1.3418256
36 293.67706 59.001217 0.66301628 -0.17848415 -0.32495752 25 0 1705.4062 6.0009564 -1.9455512
37 141.71057 63.649564 0.57918455 -0.13944444 -0.19183496 25 0 333.19802 1.2521386 -0.24413099
38 442.81452 65.7643 0.6195636 0.30256733 -0.15819819 25 0 1563.0697 5.8091306 -1.9102778
39 29.961862 66.683837 0.55172171 -0.69996231 -0.19469457 25 0 269.9382 1.2326576 -0.22710611
40 501.17219 68.024954 0.73688601 0.048944172 -0.14622617 25 0 4294.2177 14.342408 -2.8915552
41 54.022799 71.359776 0.67601069 -0.37693935 -0.27612215 25 0 438.23109 1.4685425 -0.41721632
42 30.804598 71.550784 0.66561251 -0.19401536 -0.036688205 25 0 647.72042 2.3149634 -0.91136033
43 168.94576 71.887855 0.77217335 -0.32343655 -0.23480724 25 0 394.09257 1.204839 -0.20232257
44 432.39194 72.53637 0.59098124 -0.34235433 -0.036809808 25 0 1471.7115 5.506628 -1.8522143
45 470.89674 73.292326 0.63666676 0.35689607 0.03343253 25 0 466.55862 1.8238095 -0.65244866
46 111.71699 73.126111 0.35349028 0.80974166 0.25169869 25 0 285.6897 1.5720574 -0.49117103
47 417.57007 74.252962 0.61129164 -0.32863118 -0.1573756 25 0 554.36742 2.1414375 -0.82676353
48 55.176303 76.418519 0.56613707 -0.23353896 0.055859277 25 0 1415.788 5.34208 -1.819276
49 313.32688 78.114691 0.76041638 -0.13145852 -0.21912993 25 0 295.86915 1.0678838 -0.071309979
50 468.13236 81.158086 0.71891175 0.32844046 -0.12423762 25 0 1221.3783 4.2008883 -1.5583528
51 350.11296 85.181856 0.6586209 0.11690866 -0.1856203 25 0 3710.8154 13.199425 -2.8013876
52 119.18532 88.40217 0.66279789 0.18030571 -0.24062887 25 0 516.11717 1.8481363 -0.66683498
53 91.486725 91.962662 0.66501673 -0.0012247821 -0.38852994 25 0 624.21255 2.2056524 -0.85884266
54 143.96733 92.178172 0.64888777 -0.66502196 -0.75321069 25 0 406.77384 1.4564184 -0.40821537
55 490.52948 92.095436 0.71983725 0.045073586 -0.30714497 25 0 24599.909 80.537348 -4.7649933
56 154.37386 98.8326 0.64602624 -0.099735434 -0.19601367 25 0 547.66787 1.9068963 -0.70081772
57 283.05357 99.507516 0.59131061 -0.022506947 -0.041048171 25 0 1202.5662 4.4981516 -1.6325852
58 287.0581 101.21216 0.65140063 -0.35368113 -0.28114286 25 0 1557 5.528568 -1.8565316
59 185.33061 102.23243 0.69183734 0.10543944 -0.26151774 25 0 1819.5109 6.0647347 -1.9570295
60 53.069484 106.39124 0.64980281 0.046895762 -0.12090692 25 0 4479.8379 15.643243 -2.985817
61 115.03702 105.96174 0.71700599 -0.21589612 -0.29577229 25 0 523.58244 1.7786839 -0.62524691
62 451.02145 106.09603 0.74343423 0.049004641 -0.15586627 25 0 469.89993 1.66377 -0.55273319
63 61.13378 107.50172 0.64658505 -0.46776523 -0.059394279 25 0 288.79278 1.1338413 -0.13638072
64 296.26423 108.07947 0.52446346 -0.017260167 -0.53263306 25 0 262.43367 1.2309129 -0.22556832
65 508.49072 108.50002 0.54792197 0.54907141 -0.12274315 25 0 1750.1604 6.6375361 -2.0550172
66 488.7466 112.06727 0.67136761 -0.053408845 -0.22646139 25 0 2506.0189 8.905176 -2.3741063
67 331.6061 117.62914 0.53994268 0.35165659 -0.31926729 25 0 486.96539 2.1417106 -0.82690195
68 218.42252 119.45335 0.55476878 -0.4154118 -0.061909195 25 0 14328.179 52.937786 -4.3094144
69 235.77233 119.6209 0.52089669 0.1457894 -0.050730567 25 0 971.23821 3.9305971 -1.4861463
70 245.75583 121.03525 0.61447488 -0.117578 -0.31370368 25 0 1909.8261 7.0405491 -2.1190163
71 302.43193 120.76336 0.60355907 0.074896561 -0.24744145 25 0 1081.6121 3.9626636 -1.494968
72 447.75263 122.33007 0.67469696 -0.018648908 -0.10469765 25 0 468.583 1.6789968 -0.56262469
73 97.321093 123.07327 0.6087501 -0.08369008 -0.43365748 25 0 528.76627 2.0877794 -0.79921152
74 198.1635 122.74906 0.55914696 -0.22898069 -0.40142862 25 0 422.79973 1.5141743 -0.45043967
75 491.72881 122.7649 0.70096246 0.26060537 -0.2687845 25 0 348.79278 1.2786709 -0.26689699
76 50.321161 124.52003 0.52696347 0.35416509 -0.14347593 25 0 493.18087 2.0779485 -0.79408696
77 152.19928 124.02656 0.6623566 0.21575368 -0.12870475 25 0 472.87394 1.6525533 -0.54538869
78 149.72566 126.18671 0.62993498 -0.26515986 -0.27374829 25 0 2147.9253 7.6832201 -2.2138582
79 477.74523 126.36049 0.46707618 0.22477052 0.094752962 25 0 292.74703 1.3538739 -0.32894554
80 173.71727 131.65123 0.55052708 0.2535967 -0.18215694 25 0 1598.2165 6.1234052 -1.9674825
81 5.0809661 133.17585 0.68314004 0.023224496 -0.17616467 25 0 1397.5737 4.9504168 -1.7366044
82 251.26122 134.92433 0.60945481 -0.27507837 -0.40288227 25 0 516.92269 1.8443893 -0.66463146
83 393.67137 143.11504 0.63583473 -0.16212525 -0.27944082 25 0 12763.958 45.345956 -4.1413464
84 382.16923 146.16773 0.59185645 0.063498931 -0.10953675 25 0 246.10901 1.0800849 -0.083644754
85 296.54172 148.71174 0.63868616 -0.41084065 -0.27945593 25 0 2829.8537 9.659891 -2.4624306
86 12.386353 149.40856 0.4784665 -0.41782213 -0.1304839 25 0 670.6639 2.8485137 -1.1365458
87 91.777751 151.43751 0.58472213 0.18427859 -0.20982479 25 0 264.3092 1.1261597 -0.12899998
88 481.83233 155.1144 0.69349487 -0.014669541 -0.17712378 25 0 9395.7018 32.391856 -3.7760896
89 94.91452 162.81463 0.65316827 0.034346822 -0.15025097 25 0 535.07215 1.9430667 -0.72121925
90 383.58423 164.66692 0.5531712 0.27504671 -0.21817121 25 0 45059.24 169.27876 -5.5715062
91 203.94195 168.64301 0.66462779 -0.21172526 -0.078358888 25 0 498.0973 1.6531883 -0.54580583
92 422.74506 168.05212 0.66498573 -0.65720111 -0.49560648 25 0 605.6512 2.4381281 -0.9676413
93 151.17701 172.02824 0.58168742 -0.16098198 -0.30294029 25 0 538.18939 1.9256733 -0.71145654
94 30.927957 175.61362 0.55762122 -0.072183947 -0.19426886 25 0 315.69281 1.3236869 -0.30446317
95 475.82511 176.53515 0.62816694 -0.09975385 -0.0026234486 25 0 6260.9954 21.943816 -3.3532804
96 223.58384 177.07258 0.6144172 -0.16958796 -0.28469834 25 0 1793.8211 6.4738428 -2.0279054
97 343.93951 176.95959 0.63739463 -0.22539155 -0.12622777 25 0 517.076 1.948662 -0.7243413
98 161.79582 177.7524 0.52866081 0.176152 -0.17688516 25 0 867.07768 3.4204941 -1.3352221
99 411.19992 179.18506 0.71691204 -0.065225305 -0.060812117 25 0 379.11167 1.3613326 -0.33491061
100 150.28144 180.3895 0.61719831 0.12896721 -0.216167 25 0 1531.7 5.4462954 -1.840253
101 14.523603 186.21076 0.71689468 -0.11382772 -0.3760453 25 0 851.49765 2.8627454 -1.1419568
102 112.55279 186.34155 0.68220649 0.52618628 -0.15727988 25 0 1766.3342 5.8117259 -1.9107628
103 418.74955 185.73429 0.58237703 0.053901306 -0.20875663 25 0 2574.8941 9.6274154 -2.4587743
104 408.69775 187.969 0.63390689 0.21480866 -0.21296245 25 0 668.98847 2.5177392 -1.0025268
105 480.35459 187.57341 0.4873323 0.18190545 -0.30239926 25 0 555.6003 2.3174277 -0.91251549
106 224.37003 189.26991 0.64429575 -0.011894745 -0.21082192 25 0 1112.7303 3.7850725 -1.4451855
107 419.24209 190.7455 0.63509213 -0.28915524 -0.15495956 25 0 945.59153 3.5960582 -1.3895668
108 186.91187 191.86159 0.58080731 0.076923441 -0.25819779 25 0 750.74276 2.8378822 -1.1324859
109 69.128693 192.88162 0.6655805 -0.073929211 -0.18233302 25 0 44659.646 157.61629 -5.4940028
110 118.81549 194.20032 0.63361421 -0.42374399 -0.16906569 25 0 471.27044 1.6589591 -0.54958923
111 250.20784 198.24166 0.5273533 -0.63084375 -0.4347413 25 0 303.92357 1.3814891 -0.35086868
112 418.33905 198.77375 0.7598923 -0.60111486 -0.074876983 25 0 351.74156 1.1469284 -0.14884081
113 452.5215 202.67855 0.56688859 0.61296452 -0.29765597 25 0 541.79548 2.158278 -0.83526845
114 379.28921 204.47905 0.50865748 -0.094690485 -0.38214447 25 0 233.35573 1.0077312 -0.0083618032
115 165.62895 204.79778 0.57130177 0.16838157 -0.30888081 25 0 511.14893 1.9834569 -0.7435569
116 195.98535 206.02958 0.61928729 -0.012002848 -0.091416313 25 0 372.90105 1.351756 -0.32724574
117 506.42159 206.3258 0.66201309 0.36869177 -0.20349894 25 0 1648.3868 5.7587936 -1.9008288
118 64.149413 206.87867 0.72314596 0.065928121 -0.089577721 25 0 702.11837 2.384253 -0.94338083
119 403.5306 207.04923 0.72885755 0.094110747 -0.12519267 25 0 300.10098 1.09526 -0.098793059
120 466.96696 208.54787 0.56820902 -0.094300799 0.0083284235 25 0 593.83203 2.3810767 -0.94193348
121 413.18232 211.25354 0.72447235 -0.43174547 -0.17161905 25 0 294.36131 1.06418 -0.067537709
122 500.43166 212.447 0.64451237 0.31652466 -0.11458698 25 0 3071.4796 10.638863 -2.5672381
123 10.247302 216.13478 0.63262957 0.49610219 -0.45237033 25 0 431.08003 1.6412003 -0.53790397
124 12.189119 216.87136 0.60164109 0.55545629 0.15062023 25 0 345.13624 1.2711857 -0.26052251
125 423.31401 218.54128 0.54630262 -0.30792382 -0.091435722 25 0 932.28152 3.6665903 -1.410656
126 323.951 220.83171 0.63576569 0.077932677 -0.1748699 25 0 1502.3721 5.3994937 -1.8308826
127 254.08248 222.80098 0.598567 -0.1356595 -0.16177632 25 0 757.75952 2.8543073 -1.1387518
128 148.26008 224.11953 0.70012261 0.06701956 -0.26879267 25 0 1174.4312 3.9032498 -1.4785659
129 477.0139 227.37932 0.66596673 0.062666891 -0.078405818 25 0 4987.0643 17.191938 -3.0883121
130 237.45804 229.5705 0.58696075 0.68758951 -0.12579144 25 0 2421.5442 8.4982416 -2.3233227
131 349.73853 231.74477 0.57077007 0.15924102 -0.19362569 25 0 4175.4942 15.82441 -2.9983188
132 419.8341 232.45701 0.62515461 -0.13256068 -0.07447363 25 0 13601.453 47.546943 -4.1928065
133 324.66831 234.04141 0.63181073 -0.16552306 -0.33143828 25 0 1097.6207 3.9498704 -1.4914571
134 489.02806 234.53777 0.72483457 0.38289853 -0.18303803 25 0 341.49497 1.1777009 -0.1775875
135 177.88649 240.20984 0.68653888 -0.12338942 -0.23837941 25 0 745.20906 2.4739806 -0.98349072
136 238.12196 241.19987 0.65620645 -0.11649888 -0.14485671 25 0 888.00423 3.2080784 -1.2656124
137 28.342984 244.30194 0.51662975 -0.4628716 -0.16647408 25 0 312.11463 1.4088533 -0.37216442
138 429.06743 243.9242 0.63569075 -0.0033831658 -0.18714049 25 0 2171.5757 8.0392963 -2.2630451
139 15.031196 246.87498 0.63002339 0.21655314 -0.13742412 25 0 252.4291 1.1034044 -0.10683677
140 425.88285 257.36618 0.63210937 -0.10600034 -0.13984643 25 0 7718.6187 27.328053 -3.5915217
141 201.57731 257.7953 0.59960464 0.12382495 -0.26306232 25 0 4750.3821 17.351139 -3.09832
142 263.80762 260.27208 0.62670195 -0.23344472 -0.40098247 25 0 434.55404 1.6358926 -0.53438696
143 329.42329 266.56624 0.550556 -0.087662504 0.05083908 25 0 340.64097 1.4329277 -0.39056068
144 102.64802 267.96672 0.71833525 -0.29316889 -0.44348307 25 0 377.98675 1.283599 -0.27107346
145 30.933222 278.51394 0.63344919 0.15880217 0.048194463 25 0 1401.3726 5.0462221 -1.7574159
146 87.368432 279.99006 0.71716397 -0.23239415 -0.081160673 25 0 436.57255 1.3861444 -0.35452122
147 213.01573 286.82159 0.65115658 0.02257786 -0.29980993 25 0 403.81375 1.4038403 -0.3682943
148 45.214275 287.68495 0.57182098 0.11940277 -0.14177373 25 0 727.17518 2.7350356 -1.0924074
149 345.46405 290.17887 0.62376655 -0.37730044 -0.31523393 25 0 5442.0376 19.184757 -3.2073908
150 158.19935 291.40411 0.66465726 0.25389908 -0.14281306 25 0 895.83816 2.9332944 -1.1683891
151 64.94192 292.45443 0.6439243 0.019452059 -0.060101994 25 0 1168.5646 3.999624 -1.5050479
152 36.66755 292.55597 0.55194991 0.40668454 -0.079145163 25 0 1126.5765 4.3355621 -1.5926135
153 319.85574 295.01097 0.5866379 -0.13916376 -0.14934286 25 0 422.72124 1.6993921 -0.57573398
154 451.14565 295.11869 0.59846025 -0.17450339 -0.1810729 25 0 824.76023 3.2460992 -1.2784045
155 67.673409 302.03218 0.88919612 -0.21089931 -0.072355446 25 0 391.89135 1.0317033 -0.033887032
156 134.06948 302.09978 0.78438979 -0.16306417 -0.12047279 25 0 601.06049 1.7836865 -0.62829631
157 48.488939 308.09171 0.72455077 -0.0091408515 -0.40688006 25 0 1466.125 4.8393657 -1.7119711
158 396.37171 308.22114 0.62021779 -0.12437446 -0.23981745 25 0 388.32218 1.4037254 -0.36820538
159 191.97532 313.83949 0.58853001 0.045457166 -0.1225894 25 0 857.99942 3.151515 -1.2462985
160 423.85192 313.9199 0.62961821 -0.071238026 -0.2613433 25 0 1112.5118 4.0356858 -1.5147934
161 111.20148 318.52546 0.58669528 0.32568727 -0.043570126 25 0 3128.7155 11.470085 -2.6489165
162 33.175222 322.38075 0.67842954 0.17618753 -0.0061945043 25 0 357.98234 1.2008848 -0.1987534
163 160.5091 328.01077 0.55540903 -0.11806757 -0.16897729 25 0 335.10617 1.1591554 -0.16035416
164 303.57449 330.36251 0.64708751 0.34233883 -0.2060004 25 0 562.71478 1.8695892 -0.67936549
165 236.50185 333.28006 0.67656376 -0.25371538 -0.19185574 25 0 324.4675 1.0558534 -0.059009082
166 4.0323698 338.24547 0.70900642 0.028192053 -0.12331391 25 0 14675.596 49.929036 -4.2458829
167 260.71987 337.59539 0.59746416 -0.23218764 -0.28548175 25 0 540.06868 1.836776 -0.66014051
168 353.58168 338.08751 0.64415141 -0.2820211 -0.42127624 25 0 515.66818 1.7752778 -0.62316581
169 237.1905 339.12695 0.57545811 -0.0028029508 -0.1832498 25 0 902.29264 3.4537619 -1.345731
170 50.203721 339.38918 0.60586819 -0.23974181 0.029322279 25 0 938.92344 3.3262933 -1.3049013
171 462.17323 345.66961 0.4570864 0.1971865 0.45766457 25 0 780.74314 2.879149 -1.1481604
172 233.13647 348.66068 0.7166396 -0.21582621 -0.072389273 25 0 428.76662 1.3759607 -0.34651504
173 334.04306 351.62702 0.4951173 0.12530151 -0.11790476 25 0 595.11247 2.2765533 -0.89319458
174 448.84871 354.59494 0.6084083 -0.09007265 0.19513021 25 0 280.4578 1.1868856 -0.18602213
175 213.2337 355.16785 0.65835127 -0.017718891 -0.24386262 25 0 5876.8303 20.518446 -3.2803611
176 355.22034 356.64825 0.6172778 -0.23798269 -0.17166184 25 0 1052.2866 3.6767388 -1.413657
177 20.456521 357.16293 0.6834717 -0.63140962 0.45527668 25 0 326.95024 1.0126852 -0.013686134
178 467.1008 357.40265 0.41442528 -0.046724698 -0.32212964 25 0 248.68909 1.1080688 -0.11141685
179 272.13711 359.24484 0.63501162 -0.0038906228 -0.23452601 25 0 26918.131 95.198603 -4.9465764
180 130.56729 360.79736 0.64027047 0.19100214 -0.28464914 25 0 317.29719 1.0143617 -0.015482054
181 388.00399 366.40583 0.62544148 -0.054325337 -0.063694947 25 0 1914.895 6.7914421 -2.079905
182 453.28391 367.0963 0.67051704 -0.4497264 -0.70947299 25 0 370.41326 1.2968277 -0.28220569
183 199.53176 368.14072 0.65989114 0.0061848624 -0.39293449 25 0 1683.3396 5.7009386 -1.8898659
184 251.46963 369.47518 0.57789542 -0.52057091 -0.2163207 25 0 2335.9524 8.2023669 -2.284848
185 69.082548 370.75295 0.66261301 -0.068932473 -0.16285599 25 0 5484.3872 19.008102 -3.1973469
186 401.19555 370.74426 0.58973216 -0.038128502 -0.10305683 25 0 1087.3614 3.8872925 -1.4741181
187 112.3906 371.52218 0.44435687 0.47518913 -0.014775248 25 0 391.99621 1.5174584 -0.45279199
188 472.92692 372.83798 0.66893839 -0.033007779 -0.14591578 25 0 10535.918 37.175073 -3.9256296
189 339.46073 383.88435 0.67963353 -0.27333323 -0.31038455 25 0 3678.8897 12.376143 -2.7314633
190 48.290939 384.88661 0.69081543 -0.14749266 -0.22659482 25 0 4014.1708 13.54965 -2.8298202
191 94.000734 386.46513 0.5585331 0.36498 0.07263267 25 0 567.97162 2.0890309 -0.79986215
192 200.83769 388.12556 0.63917597 -0.37813907 -0.36723211 25 0 673.02935 2.2497713 -0.88034591
193 457.43847 389.22348 0.70571649 -0.88795415 -0.23066833 25 0 736.97919 2.3541162 -0.92956973
194 73.762396 389.79388 0.80283296 -0.01110468 -0.097373006 25 0 442.38813 1.2244715 -0.21987167
195 118.10964 390.85876 0.64197584 -0.044943914 -0.25519286 25 0 1634.7044 5.6676374 -1.8835051
196 490.05776 391.18187 0.82376173 0.26918021 0.051458703 25 0 437.70513 1.2688735 -0.25854583
197 428.7821 393.20434 0.66951364 -0.26839725 -0.24251347 25 0 2834.5381 9.8209724 -2.4803862
198 458.19285 392.8485 0.65675523 -0.31231746 -0.2053847 25 0 2380.665 8.3709561 -2.3069377
199 33.586942 395.78554 0.74148893 -0.055656728 -0.33547183 25 0 725.93189 2.2063592 -0.85919055
200 220.1084 400.94765 0.65388006 -0.096650904 -0.24862434 25 0 8806.3977 31.110414 -3.7322645
201 350.34787 403.02147 0.62593152 -0.055481133 -0.51783877 25 0 800.29689 2.7238245 -1.0879478
202 249.24435 408.57875 0.58060394 0.79907167 0.029900274 25 0 686.9948 2.4666662 -0.98027594
203 385.93269 408.02267 0.58141078 -0.10240402 -0.38064459 25 0 600.50069 2.2355578 -0.87346475
204 246.50899 412.09299 0.65885557 -0.16046428 -0.35619288 25 0 2063.3016 6.888141 -2.0952551
205 264.69316 411.92312 0.4863657 -0.11817869 -0.26992247 25 0 320.00522 1.1908801 -0.18967012
206 468.02496 412.67927 0.57997659 0.14805698 -0.018766955 25 0 459.52034 1.7158174 -0.5861777
207 78.520395 417.28028 0.64594062 0.33890273 -0.22159927 25 0 957.52926 3.1229554 -1.2364145
208 102.46511 418.83376 0.67763616 0.095164771 -0.33739841 25 0 2338.7999 7.6849164 -2.2140979
209 278.40163 429.12705 0.66087891 -0.19212059 -0.2687128 25 0 472.10137 1.6221033 -0.5251963
210 159.27008 430.55108 0.44027519 -0.2584367 0.040048968 25 0 320.22164 1.2525367 -0.24447612
211 188.20922 435.91636 0.70624529 0.46330229 -0.043210151 25 0 458.02453 1.3659024 -0.3385492
212 153.33972 436.91627 0.71521757 -0.11090375 -0.25506531 25 0 2626.1537 8.5568036 -2.3307789
213 126.80457 437.75832 0.61757437 0.15754049 -0.14048004 25 0 1060.3923 3.5794792 -1.3845496
214 375.39668 437.94578 0.53028965 -0.077636953 -0.63027219 25 0 357.58437 1.2431248 -0.23628679
215 156.24809 439.38664 0.72981527 -0.28501669 -0.33930688 25 0 392.19015 1.095257 -0.098790077
216 226.62126 440.23328 0.64658381 -0.28521502 -0.20748747 25 0 1166.1829 3.8303676 -1.4581011
217 485.5906 440.21696 0.34053198 -0.30463036 -0.26256603 25 0 61623.671 235.84459 -5.9315648
218 339.16051 442.21371 0.66192856 -0.024513169 -0.1947102 25 0 3635.4335 12.622092 -2.7528284
219 8.5422843 445.17169 0.67676082 0.072535297 -0.22005719 25 0 408.6878 1.3657335 -0.33841488
220 239.54734 444.74821 0.68024744 -0.10380811 -0.17268458 25 0 1199.4532 3.6763117 -1.4135308
221 85.728609 446.53183 0.61920131 0.38415492 -0.064430934 25 0 13718.295 48.813167 -4.2213425
222 470.73507 447.46601 0.61828599 0.4376124 -0.057750119 25 0 414.05494 1.4650635 -0.41464113
223 457.31132 453.59128 0.43575534 -0.76284233 0.034583594 25 0 295.61168 1.2471896 -0.23983123
224 471.65993 456.82168 0.64920554 -7.1916358e-05 -0.20851423 25 0 2385.2629 8.3295248 -2.3015506
225 490.69448 457.95401 0.80342321 -0.4730275 -0.73151545 25 0 377.37371 1.0693379 -0.072787407
226 374.21877 459.03158 0.75176975 -0.212275 -0.43261794 25 0 487.04505 1.4845131 -0.42896009
227 305.61335 460.35139 0.72702443 -0.40220637 -0.23732091 25 0 738.77283 2.1758674 -0.84408106
228 429.88294 461.59527 0.64419343 0.25081512 0.033092694 25 0 455.43013 1.3715581 -0.34303549
229 474.38887 462.94161 0.59072719 -0.32365079 -0.26502778 25 0 299.27384 1.0545592 -0.057677375
230 356.65773 465.34309 0.6994132 -0.27020598 -0.14292668 25 0 1512.9028 4.8393002 -1.7119564
231 50.758851 466.12031 0.71683582 -0.087974579 -0.26482443 25 0 6920.8213 23.259819 -3.4165158
232 143.81477 467.37754 0.63824168 -0.26999972 -0.18038001 25 0 1226.9932 4.1440684 -1.5435673
233 319.96642 468.13068 0.47076553 -0.27399217 -0.74504444 25 0 296.22998 1.1051288 -0.10853226
234 422.24399 468.92816 0.44390813 -0.22215132 -0.24966691 25 0 60805.932 256.62731 -6.0232572
235 285.93714 469.7083 0.5895117 -0.0069177156 -0.15580809 25 0 395.47166 1.2962886 -0.28175423
236 39.888422 471.22971 0.6347717 0.3216617 0.020449236 25 0 375.00727 1.3382317 -0.31632825
237 399.26017 471.13688 0.72677827 -0.38438018 -0.33166741 25 0 430.60233 1.3080912 -0.29159504
238 205.47718 475.48636 0.58519397 -0.55098085 -0.1721318 25 0 4228.1958 14.831458 -2.9279596
239 337.23137 477.16075 0.71587047 -0.17676662 -0.2501904 25 0 799.6284 2.564634 -1.0225635
240 423.36487 476.70621 0.78590378 0.026771237 -0.20912647 25 0 576.65042 1.4633141 -0.41334389
241 39.890287 478.05675 0.66404405 -0.15353042 0.20048695 25 0 356.20456 1.2336525 -0.22798215
242 108.60868 479.27969 0.58352556 -0.32492298 -0.16185803 25 0 459.26818 1.6164135 -0.52138116
243 255.56854 478.8248 0.65565171 0.046169863 -0.28071291 25 0 3469.3446 12.102493 -2.7071871
244 332.93329 484.0417 0.62660156 -0.16655282 -0.34310584 25 0 638.85927 2.2533348 -0.88206431
245 133.51744 484.74376 0.67352291 0.37515436 -0.23985297 25 0 897.60884 2.8126447 -1.1227872
246 211.0956 489.30829 0.73573105 -0.51681923 -0.25288712 25 0 358.31287 1.0084026 -0.0090849181
247 58.503892 490.01318 0.77177711 -0.023398679 -0.38613127 25 0 1280.646 3.8736673 -1.4703058
248 234.76221 499.87947 0.61106293 0.088119041 -0.28371582 25 0 532.93394 1.8376763 -0.66067252
249 144.7751 503.68244 0.75751346 0.087851808 -0.17875911 25 0 457.17098 1.2224864 -0.21811011
250 61.638669 504.91398 0.6527661 0.40973698 -0.33827032 25 0 391.1793 1.3499639 -0.32580539
251 110.56587 506.74355 0.75577351 -0.51546665 -0.20832563 25 0 664.05243 1.8303037 -0.65630791
252 156.15078 506.98332 0.64901536 -0.1812196 -0.31425652 25 0 694.6179 2.3883235 -0.94523289
253 274.52195 509.3289 0.65379487 -0.43132808 -0.11832222 25 0 333.16752 1.0893429 -0.092911567
254 111.52706 510.29473 0.64088777 0.61453081 -0.23579301 25 0 743.9296 2.4098879 -0.95499208
