id xcentroid ycentroid sharpness roundness1 roundness2 npix sky peak flux mag
1 45.98613 0.24288961 0.70041733 -0.27418519 -0.46651281 25 0 4642 11.266596 -2.6294818
2 307.33713 16.234886 0.65808839 0.074298361 -0.34804399 25 0 630 1.6874418 -0.56807198
3 119.234 23.356045 0.60497306 -0.15755653 -0.34632348 25 0 380 1.0989574 -0.10245219
4 34.526486 25.184458 0.61838239 -0.13249438 -0.41717636 25 0 11170 27.410443 -3.5947902
5 344.85146 24.795235 0.55723914 -0.20875551 -0.28941182 25 0 630 1.9848919 -0.74434215
6 418.14169 28.03043 0.66635046 -0.10482052 -0.3469101 25 0 566 1.7119552 -0.583731
7 477.33693 28.026127 0.64465136 -0.1234884 -0.29438708 25 0 23246 56.935543 -4.3884587
8 364.10596 46.369303 0.56621809 0.0012338179 -0.23869459 25 0 449 1.4440331 -0.39894289
9 123.50514 52.849812 0.57972989 -0.16941658 -0.50704708 25 0 485 1.3169219 -0.29890008
10 196.52214 54.064926 0.68057155 -0.36003344 -0.36601798 25 0 1030 2.3531074 -0.92910437
11 216.04555 54.938149 0.58018176 -0.19222394 -0.33124449 25 0 1981 5.1549443 -1.7805599
12 356.39136 56.134682 0.59182967 0.10013535 -0.52224677 25 0 352 1.0288271 -0.030856031
13 76.427202 57.075406 0.73128294 0.039692804 -0.43971788 25 0 446 1.0902434 -0.093808687
14 334.53746 57.139636 0.37010294 -0.10405588 -0.39617601 25 0 58687 154.14862 -5.4698491
15 121.3358 59.082635 0.65987123 -0.3031742 -0.33790677 25 0 4735 11.296672 -2.6323763
16 409.9525 60.721476 0.565548 -0.044986936 -0.31272508 25 0 715 2.1066289 -0.80897008
17 480.43085 66.901862 0.60024016 0.086921906 -0.5853692 25 0 537 1.7306052 -0.59549503
18 304.09144 67.500624 0.50398712 -0.38433111 -0.18179175 25 0 1176 3.2942113 -1.2943786
19 453.08317 74.414266 0.5844502 -0.068451478 -0.10430733 25 0 1182 3.3959796 -1.3274127
20 510.91868 76.730121 0.89362148 0.090958835 0.26346677 25 0 2468 5.3624271 -1.8234035
21 41.442184 80.06163 0.59966764 -0.028337567 -0.20024262 25 0 495 1.3215586 -0.30271609
22 442.65338 81.254141 0.68102194 -0.34650508 -0.19735826 25 0 1350 3.3628872 -1.3167807
23 122.30473 81.950465 0.67468521 -0.31984347 -0.31837961 25 0 470 1.0838167 -0.087389575
24 427.99033 82.931708 0.68970431 -0.28450078 -0.2737759 25 0 491 1.4437412 -0.39872335
25 65.699421 85.001406 0.61650437 -0.30609533 -0.31854053 25 0 1391 3.5514038 -1.3760001
26 478.30928 89.915093 0.56707347 0.11734762 -0.43489587 25 0 676 2.0709883 -0.79044409
27 360.49908 93.821648 0.59731909 -0.44778682 -0.40069692 25 0 2610 6.4040519 -2.0161371
28 129.54867 96.883493 0.48986268 0.224171 -0.35096434 25 0 377 1.0069635 -0.0075343131
29 101.98592 100.41869 0.42553157 -0.60985743 -0.20462833 25 0 471 1.3335313 -0.31250806
30 500.81903 100.80892 0.62738686 -0.033840661 -0.20303076 25 0 19326 48.51124 -4.2146059
31 164.92154 107.27556 0.63436123 -0.24250997 -0.049079087 25 0 472 1.0187396 -0.020158001
32 293.64804 108.05545 0.60273272 -0.51181903 -0.51711041 25 0 1067 2.5867883 -1.0319022
33 297.47041 109.78752 0.62647281 -0.59393987 -0.44860438 25 0 1238 2.8488217 -1.1366632
34 195.67481 110.79479 0.58611087 -0.080731012 -0.29963511 25 0 1474 3.5337743 -1.370597
35 63.538423 114.78499 0.56684726 -0.14290489 -0.36469543 25 0 3174 7.9442991 -2.250139
36 499.12983 120.78268 0.61180599 -0.088630123 -0.13617812 25 0 1761 4.7293173 -1.6869961
37 341.96833 126.21433 0.6746274 -0.48390991 -0.29799666 25 0 554 1.2915058 -0.2777409
38 228.79462 128.04173 0.59746326 -0.28031994 -0.34537326 25 0 15068 38.054093 -3.9510034
39 246.1302 128.24263 0.57615368 0.38246386 -0.20388024 25 0 853 1.9553772 -0.72807638
40 312.86509 129.3163 0.57974453 -0.32295061 -0.32615727 25 0 949 2.2859257 -0.8976553
41 256.27659 129.42383 0.52259641 -0.3809761 -0.12574967 25 0 1315 3.2527974 -1.2806425
42 208.45777 131.19515 0.56762885 -0.56190443 -0.60576896 25 0 488 1.0895348 -0.09310273
43 458.00513 131.09402 0.63165246 -0.21973847 -0.20390453 25 0 314 1.0205857 -0.022123646
44 107.84167 131.23937 0.47153828 -0.21049358 -0.1079186 25 0 418 1.1343335 -0.13685186
45 60.641564 132.91746 0.56997496 -0.090152901 -0.45625322 25 0 467 1.2096149 -0.20661785
46 160.1423 134.62168 0.57937941 -0.068500316 -0.13637585 25 0 1715 4.0839497 -1.527701
47 184.09716 140.13575 0.56581338 -0.30490833 -0.31948845 25 0 1573 3.86394 -1.4675759
48 15.543489 141.42569 0.55464304 -0.71911616 -0.29250836 25 0 898 2.3960836 -0.9487549
49 403.95607 151.77605 0.56880776 -0.17451289 -0.27094806 25 0 10027 26.005926 -3.5376808
50 306.87556 157.24548 0.57753784 -0.30226248 -0.29310068 25 0 2511 6.3339972 -2.0041947
51 22.743342 157.80387 0.61870402 -0.21309719 -0.21329724 25 0 644 1.6185773 -0.52283358
52 6.0119573 161.83548 0.51339402 -0.21273182 -0.2489879 25 0 492 1.4708731 -0.418938
53 492.14334 163.90185 0.61295224 -0.2199602 -0.24731903 25 0 6723 17.24755 -3.0918185
54 393.86755 173.32148 0.60048556 -0.32314285 -0.24152669 25 0 42099 104.37474 -5.0464885
55 214.28576 177.10152 0.6128885 0.048944984 -0.33276533 25 0 484 1.0110987 -0.011983861
56 433.12547 176.89057 0.53678502 0.016307857 -0.43965707 25 0 366 1.1946894 -0.19313757
57 161.49377 180.5561 0.57942527 -0.50372763 -0.24442156 25 0 525 1.0881318 -0.09170379
58 486.24277 185.21425 0.61780881 -0.13687122 -0.26133104 25 0 5605 14.230073 -2.8830178
59 172.05473 186.2287 0.51532431 -0.19112593 -0.3394287 25 0 826 2.150116 -0.83115475
60 233.95199 185.52632 0.52598215 -0.23310863 -0.12892003 25 0 1349 3.2402746 -1.2764545
61 354.25706 185.44962 0.4883104 -0.66047281 -0.2552592 25 0 377 1.0547626 -0.057886797
62 160.50996 188.84556 0.56317526 -0.35154697 -0.4215797 25 0 1344 3.1429183 -1.2433327
63 429.12677 194.4184 0.59728458 -0.096426501 -0.18750031 25 0 2274 5.7688709 -1.9027271
64 25.013736 194.53046 0.62476448 -0.073639619 -0.10632359 25 0 634 1.5456308 -0.47276443
65 122.94772 194.80179 0.54554109 -0.053784807 -0.18400401 25 0 1476 3.4973338 -1.3593427
66 490.85682 196.39114 0.63061788 -0.28381902 -0.15418951 25 0 578 1.7019885 -0.57739155
67 418.9075 196.68136 0.52162966 -0.21865708 -0.23575006 25 0 417 1.2738646 -0.26280815
68 234.6855 197.71979 0.56607133 0.15783144 -0.26634844 25 0 952 2.1866291 -0.84943779
69 429.50945 199.31035 0.56570361 -0.027217244 -0.25048518 25 0 615 1.6265624 -0.52817684
70 197.13894 200.379 0.49459767 -0.2135495 -0.46123008 25 0 623 1.5307089 -0.46223151
71 79.537725 201.1744 0.62147933 -0.48454018 -0.39769198 25 0 33255 80.400801 -4.7631509
72 462.88067 211.36 0.58610239 -0.28186575 0.032850228 25 0 422 1.311364 -0.29430817
73 175.89761 213.30302 0.5529709 -0.26808282 -0.3554712 25 0 560 1.2528946 -0.24478635
74 74.729397 215.27521 0.57817772 -0.11129261 -0.24794308 25 0 536 1.2102151 -0.20715639
75 477.4258 217.48224 0.70667914 -0.068943204 -0.33045781 25 0 452 1.15977 -0.1609297
76 510.4934 221.19282 0.52119982 -0.087763045 -0.26018794 25 0 2250 6.5454477 -2.0398484
77 22.756973 225.64921 0.67002089 -0.052434148 -0.67463682 25 0 443 1.0530451 -0.056117389
78 433.44671 227.36837 0.63090442 0.14455689 -0.15352184 25 0 804 1.9568749 -0.72890767
79 334.21119 229.34584 0.56325479 0.0032418419 -0.25698949 25 0 1260 3.1996847 -1.262768
80 264.43128 231.2036 0.61505996 -0.27228056 -0.29641391 25 0 643 1.3774361 -0.34767865
81 158.50893 232.57691 0.59066446 0.14197636 -0.41921006 25 0 789 1.6975114 -0.57453174
82 487.2842 236.1032 0.62361512 -0.20017512 -0.27961635 25 0 4113 10.352156 -2.5375771
83 247.78639 237.99964 0.57574079 -0.49366715 -0.38265703 25 0 2468 6.1348098 -1.9695027
84 359.9523 240.2807 0.57766731 -0.25141168 -0.22256683 25 0 3724 9.511586 -2.4456323
85 430.10858 241.13316 0.60849785 -0.20271468 -0.28135722 25 0 12555 31.764882 -3.7548681
86 334.90067 242.4366 0.45331091 0.14948211 -0.041892552 25 0 720 1.9423579 -0.72082314
87 188.38551 248.61334 0.55359752 -0.66285386 -0.50721719 25 0 659 1.4433716 -0.39844541
88 248.34553 249.75419 0.66416144 -0.52023379 -0.31988598 25 0 763 1.6538842 -0.54626275
89 439.24867 252.59791 0.55271215 -0.33346467 -0.20593991 25 0 1465 3.9142055 -1.4816091
90 212.01605 266.21983 0.59062386 -0.27034107 -0.29334041 25 0 4403 10.960988 -2.5996242
91 436.13511 266.06896 0.61977533 -0.2547416 -0.32075024 25 0 6706 16.897408 -3.0695502
92 274.272 268.749 0.52388969 0.074306413 -0.35037759 25 0 430 1.0233472 -0.025057479
93 41.330803 286.76219 0.63383548 -0.44548669 -0.36486378 25 0 1257 2.893665 -1.1536206
94 55.481007 295.96025 0.61509741 -0.15541501 -0.31020602 25 0 670 1.5241546 -0.45757258
95 355.73841 298.72161 0.58941579 -0.1340005 -0.22536022 25 0 4553 11.400094 -2.6422711
96 168.41404 299.89565 0.63182322 -0.26384525 -0.3281874 25 0 836 1.8598726 -0.67370801
97 47.088218 300.9872 0.60527443 -0.19882415 -0.37957573 25 0 1187 2.8962344 -1.1545843
98 75.346459 300.77098 0.64128207 -0.5117288 -0.2994255 25 0 1080 2.4823663 -0.98716468
99 461.41115 303.69646 0.65929227 -0.56598855 -0.33165892 25 0 569 1.5253774 -0.4584433
100 0.49118889 305.7588 0.78005005 -0.057612587 0.23469753 25 0 469 1.0150473 -0.01621574
101 58.809696 316.48705 0.58474232 -0.3992082 -0.20986124 25 0 1012 2.335727 -0.9210552
102 202.24783 322.21552 0.53570761 0.15209106 -0.27467308 25 0 697 1.6131991 -0.51921991
103 434.07516 322.53285 0.61065379 -0.018586217 -0.19859258 25 0 806 2.1220893 -0.81690916
104 121.51226 326.92765 0.6689512 -0.50225014 -0.4888599 25 0 2940 6.4903546 -2.0306711
105 313.5247 338.79161 0.62052866 0.15511174 -0.39453175 25 0 442 1.0417343 -0.044392393
106 4.1815203 345.57742 0.57619003 -0.30725154 -0.22861258 25 0 3717 9.3537527 -2.4274647
107 271.04428 346.1513 0.64035741 -0.49427623 -0.38544176 25 0 515 1.1822851 -0.18180557
108 14.418472 346.50898 0.55706143 -0.65803998 -0.2209297 25 0 8682 21.608756 -3.3365744
109 60.551432 347.72883 0.63922623 -0.36551911 -0.32950013 25 0 840 1.8336244 -0.65827593
110 247.22817 347.57055 0.50252699 0.17457308 -0.32365964 25 0 609 1.4804837 -0.42600906
111 472.20573 354.33926 0.68127551 0.31133172 0.1019446 25 0 816 1.9353769 -0.71691387
112 344.23968 360.12651 0.57523382 -0.06138652 -0.37502301 25 0 672 1.7347366 -0.59808386
113 223.42638 363.67063 0.57139815 -0.56428893 -0.36095893 25 0 3914 9.3609272 -2.4282972
114 5.6454321 365.5133 0.59730498 -0.67387215 -0.1170429 25 0 595 1.3917026 -0.35886608
115 365.39229 365.25323 0.5873521 -0.02766668 -0.23728845 25 0 827 2.1122269 -0.81185141
116 282.26128 367.78731 0.58938409 -0.48655212 -0.35860662 25 0 20399 50.271738 -4.2533097
117 5.7995011 369.4477 0.56567944 -0.57656075 -0.098236656 25 0 1007 2.4911225 -0.99098769
118 6.8575063 372.75313 0.70916551 -0.73617381 -0.22987508 25 0 575 1.3212323 -0.30244799
119 398.18732 374.94457 0.64897974 -0.46212119 -0.35894506 25 0 1740 4.2775411 -1.5779855
120 209.66355 376.71265 0.5192486 -0.17508388 -0.42162296 25 0 1185 2.9621119 -1.1790036
121 261.75248 377.91189 0.60386359 -0.18676781 -0.31375124 25 0 2431 5.9168327 -1.9302232
122 79.446214 379.13769 0.62356898 -0.21346025 -0.4140866 25 0 4245 10.204139 -2.5219409
123 411.27192 379.33859 0.59117342 -0.080985774 -0.3212001 25 0 838 2.2441289 -0.8776195
124 483.05513 381.56425 0.56215289 -0.14737146 -0.043287333 25 0 6501 16.812138 -3.0640574
125 6.5391774 381.93764 0.6476715 -0.24700377 -0.60458404 25 0 425 1.0122922 -0.013264739
126 349.55439 392.37813 0.62914394 -0.64501846 -0.2890939 25 0 2710 6.4828208 -2.0294101
127 58.54669 393.27136 0.61293693 -0.51820754 -0.34180542 25 0 2893 7.0583554 -2.1217588
128 104.39573 394.93655 0.56529212 -0.39664505 -0.43851545 25 0 526 1.2381146 -0.23190213
129 210.89581 396.71362 0.55388818 0.14288021 -0.22778078 25 0 482 1.0385672 -0.041086458
130 128.28856 399.32724 0.58191091 -0.13127064 -0.40186265 25 0 1137 2.6903017 -1.0745024
131 438.93708 401.85065 0.62341483 -0.32107043 -0.23627307 25 0 2227 5.815054 -1.9113844
132 468.33762 401.42763 0.55656649 -0.60170631 0.0021527557 25 0 1428 3.8260199 -1.4568681
133 43.880075 404.14718 0.75034317 0.24836884 -0.12953239 25 0 605 1.3178629 -0.29967554
134 230.21559 409.4675 0.54296123 -0.09069654 -0.2226059 25 0 5508 13.870586 -2.855237
135 360.63848 411.60449 0.47715991 0.37621179 -0.32474494 25 0 498 1.4040874 -0.36848538
136 259.27664 417.03373 0.64694259 -0.011936025 -0.35146492 25 0 655 1.4923707 -0.43469182
137 396.18557 416.76769 0.63576783 -0.23082127 -0.3340256 25 0 474 1.2200614 -0.21595419
138 256.69593 420.559 0.52731095 0.16636839 -0.19573215 25 0 1371 3.4658043 -1.3495101
139 478.12988 421.27329 0.48682356 0.27820692 0.15611255 25 0 293 1.1038094 -0.10723519
140 88.73878 425.73055 0.58883327 0.050808458 -0.39614845 25 0 774 1.8696717 -0.67941336
141 112.82682 427.18508 0.62145023 -0.41347518 -0.25929552 25 0 1943 4.7299987 -1.6871526
142 163.46941 445.30892 0.60380627 -0.8433823 -0.42242131 25 0 1666 3.8715242 -1.4697049
143 137.06906 446.18164 0.55645961 -0.17245259 -0.35264894 25 0 952 2.442034 -0.96937927
144 236.74892 448.71938 0.57306823 0.031956218 -0.26481755 25 0 914 2.2516921 -0.88127251
145 495.64407 448.85163 0.26111629 -0.47568795 -0.3629792 25 0 58270 157.0547 -5.4901273
146 349.24645 450.81682 0.60070347 -0.45538719 -0.31999903 25 0 2717 6.946851 -2.10447
147 249.81729 453.19177 0.62217939 -0.66890627 -0.12436491 25 0 978 2.2424232 -0.87679392
148 95.955552 454.95083 0.61915548 -0.27792077 -0.36601788 25 0 12327 30.719106 -3.7185214
149 481.8259 465.51038 0.58493069 -0.55803284 -0.081787169 25 0 1566 4.0854492 -1.5280995
150 315.66196 468.88165 0.55690287 -0.33071045 -0.38725803 25 0 531 1.4131859 -0.3754982
151 61.052686 474.48552 0.5509248 -0.070717278 -0.13628955 25 0 4386 11.467049 -2.6486292
152 366.79934 473.98588 0.63766496 -0.35150803 -0.30966422 25 0 1177 3.0389964 -1.2068255
153 153.99133 475.72421 0.50793988 -0.44028997 -0.27526342 25 0 944 2.5571369 -1.019385
154 432.33206 477.57441 0.43789074 -0.66371024 -0.2750751 25 0 57614 163.9772 -5.5369587
155 215.50906 483.86812 0.61387264 -0.29120654 -0.42828139 25 0 3986 9.593211 -2.45491
156 433.74727 485.31328 0.62403529 -0.77863584 0.10500605 25 0 406 1.030206 -0.032310176
157 347.24082 485.91453 0.65585496 -0.93631581 -0.52582409 25 0 494 1.2069904 -0.20425958
158 265.69051 487.28473 0.61729419 -0.61161142 -0.29087285 25 0 2587 6.1916596 -1.9795177
159 143.78418 493.12217 0.70984331 -0.30703562 -0.43152813 25 0 848 1.8118419 -0.64530077
160 342.88202 492.5803 0.39994398 -0.14761915 -0.11609337 25 0 313 1.0456533 -0.048469244
161 68.656567 498.30503 0.63395445 -0.48637741 -0.35968429 25 0 906 2.1088874 -0.81013347
