id xcentroid ycentroid sharpness roundness1 roundness2 npix sky peak flux mag
1 350.17142 0.82646149 0.68194783 -0.061558685 0.0082080789 25 0 904.77083 3.6814747 -1.4150546
2 359.00395 3.0752486 0.67827766 0.10052735 0.42956374 25 0 479.94374 2.0248573 -0.76598608
3 0.11434604 3.9451718 0.98480719 0.2642418 0.30498233 25 0 31514.767 103.60978 -5.0385019
4 22.49574 3.7616612 0.95319302 0.19118832 -0.22528466 25 0 1112.4084 3.6761012 -1.4134686
5 481.60708 3.9007069 0.66833166 0.014852966 -0.15693255 25 0 592.08267 2.514161 -1.0009827
6 161.94848 8.3978105 0.66766414 -0.015308636 0.23978208 25 0 640.54962 2.7026037 -1.0794559
7 8.0793375 8.9450385 0.84665484 0.21724313 0.026939015 25 0 1283.2363 4.6448373 -1.6674263
8 16.400685 8.9981233 0.6729697 -0.49066404 -0.21225141 25 0 469.52438 2.1046994 -0.80797517
9 387.55068 9.3289924 0.51905077 0.66316994 0.26515042 25 0 645.70673 2.9553477 -1.1765215
10 77.105588 10.580071 0.77310727 -0.088793065 0.19342935 25 0 17425.309 65.377021 -4.5385628
11 24.718556 12.240726 0.77323279 -0.29735657 0.031024881 25 0 6871.4071 25.975247 -3.5363992
12 460.95581 12.429539 0.67129881 0.22897598 0.32198879 25 0 817.88987 3.3511913 -1.3129981
13 6.7179047 13.84079 0.7389997 0.031932254 0.0038293872 25 0 4421.6102 17.319647 -3.0963476
14 478.25638 13.922114 0.67965163 -0.28380772 -0.10594434 25 0 419.23829 1.7990318 -0.63759708
15 386.5993 17.802377 0.80871396 0.10026635 -0.17688429 25 0 433.45746 1.6226156 -0.52553912
16 388.05653 22.987662 0.50224701 -0.059749143 0.00081208426 25 0 235.49242 1.0761281 -0.079659977
17 30.515401 24.330376 0.60807942 -0.10857933 0.082430506 25 0 321.25625 1.3513693 -0.3269351
18 265.78492 27.903528 0.84313542 -0.26988489 -0.010431901 25 0 436.06953 1.5965071 -0.50792714
19 478.09099 30.184692 0.8014055 0.0069602805 0.26713596 25 0 284.55904 1.0044226 -0.00479115
20 406.89994 30.92348 0.85430444 0.036525432 -0.093887044 25 0 843.93299 2.9653671 -1.1801962
21 506.46762 30.85797 0.57156915 -0.18880418 -0.2050407 25 0 434.67287 1.9625595 -0.73205706
22 179.6251 33.776005 0.69524047 -0.51787252 -0.12980046 25 0 536.93978 2.1730621 -0.84268035
23 166.24057 38.181605 0.69975597 0.014472444 0.099693402 25 0 722.97053 2.9825426 -1.1864666
24 239.37235 39.020132 0.74500802 -0.13923067 -0.059660511 25 0 1464.5771 5.5934519 -1.8691998
25 471.64978 39.253984 0.8984219 -0.51941331 -0.23664015 25 0 393.81879 1.3191609 -0.30074444
26 258.84318 39.876741 0.78746891 0.041163615 0.069460765 25 0 3229.1139 12.138536 -2.7104158
27 399.50007 40.749463 0.71165898 -0.29625709 -0.18044196 25 0 640.70094 2.5688027 -1.0243269
28 442.95008 41.726663 0.71814357 0.056536681 0.73447907 25 0 282.22301 1.1819001 -0.18145197
29 119.15637 42.45606 0.63894897 -0.048075109 0.0049807802 25 0 579.86957 2.4713262 -0.98232518
30 302.67597 42.300408 0.86580762 -0.43212254 0.27998336 25 0 420.45249 1.3915331 -0.35873386
31 377.34054 41.850278 0.34353153 -0.30528821 0.16843868 25 0 59326.569 324.34499 -6.277518
32 5.9791159 43.424695 0.79914603 0.0094538449 0.3093233 25 0 734.93508 2.6470058 -1.0568872
33 164.10928 44.225376 0.75092925 0.048008939 0.090884582 25 0 6690.7638 26.076233 -3.5406122
34 207.01742 44.805287 0.73248095 -0.039029148 -0.054920824 25 0 367.54896 1.3786468 -0.34863254
35 452.90243 45.044558 0.71953364 -0.03997195 0.00092724979 25 0 1380.6469 5.5171503 -1.854287
36 97.627116 46.788322 0.38639191 -0.21400516 0.19331104 25 0 192.41911 1.1789418 -0.17873092
37 286.28717 49.59388 0.9241308 -0.47447397 0.12520596 25 0 353.66358 1.1252157 -0.12808949
38 299.84133 50.809981 0.55899878 0.15684924 -0.20092345 25 0 445.54888 2.200551 -0.8563286
39 105.50273 51.619068 0.57660684 -0.29408792 -0.30066754 25 0 291.73569 1.3175189 -0.29939212
40 347.00099 52.276617 0.75877422 0.015897823 0.10666705 25 0 2162.4756 8.468369 -2.3194994
41 195.16471 57.300445 0.65904103 0.24940915 0.31989582 25 0 330.18436 1.4134011 -0.37566355
42 495.95355 58.70153 0.75536524 -0.020993476 0.13934926 25 0 2105.8762 8.0793041 -2.2684349
43 83.26406 60.408543 0.35558235 -0.13328657 0.15737858 25 0 250.98759 1.5005431 -0.44062116
44 50.360288 63.302484 0.51731494 -0.1902977 0.071782841 25 0 393.76777 1.821166 -0.65087383
45 402.06909 62.861378 0.70359823 -0.10285571 0.059330508 25 0 380.63878 1.5518316 -0.47711149
46 4.1873741 64.379557 0.66724022 0.1994473 0.11446938 25 0 2098.9985 8.7034733 -2.3492315
47 84.23541 65.529414 0.60031966 0.193584 0.18136609 25 0 639.32519 2.7672808 -1.1051331
48 107.26473 65.062953 0.48375155 -0.11807833 -0.37733975 25 0 351.89241 1.7538007 -0.60995057
49 222.57757 65.602404 0.56423141 0.23061301 -0.057112585 25 0 318.07864 1.6894715 -0.56937719
50 485.51121 65.550957 0.57717753 0.28722008 0.048273512 25 0 1486.1369 6.4892933 -2.0304935
51 50.729477 67.134843 0.67076584 -0.60754471 -0.0283396 25 0 579.17761 2.4397504 -0.96836349
52 164.97546 66.89646 0.81454092 -0.076052745 0.13508708 25 0 561.3007 2.1119733 -0.81172105
53 470.78266 67.193718 0.79270332 -0.1361108 -0.010975376 25 0 842.46565 3.1013957 -1.228893
54 221.77357 68.93066 0.8422932 -0.39040897 -0.15779988 25 0 281.18373 1.0126282 -0.013625095
55 89.42722 69.373762 0.56230073 0.24676393 0.1885146 25 0 213.0817 1.0569046 -0.060089427
56 108.40814 70.285504 0.69047141 -0.57927936 -0.15613666 25 0 1663.8133 6.6863441 -2.0629718
57 366.9352 71.484644 0.69640898 -0.41065326 0.12684029 25 0 284.75494 1.0927269 -0.096279079
58 14.633869 76.063857 0.729273 -0.042438509 -0.068705776 25 0 493.45484 2.0248388 -0.76597615
59 403.35357 78.316881 0.63756542 0.25038771 0.025867876 25 0 3625.803 15.365731 -2.9663831
60 7.9224011 78.602354 0.72603245 0.21022234 0.24579976 25 0 790.46735 3.1098877 -1.2318618
61 23.861926 81.601049 0.66898742 0.13434439 0.29055441 25 0 782.2487 3.1308521 -1.2391564
62 172.49024 81.93181 0.63514629 0.13907154 -0.075958176 25 0 577.83338 2.6371738 -1.0528469
63 487.7811 83.415914 0.62972661 0.24824378 0.050694776 25 0 315.26245 1.3554315 -0.33019397
64 197.30319 85.642613 0.58611438 0.62381549 0.085111602 25 0 333.46635 1.4474644 -0.4015197
65 144.82178 85.409759 0.64214962 0.18063236 0.24244653 25 0 590.74124 2.4874965 -0.98940621
66 207.92252 92.334801 0.70544704 0.16306827 0.15068749 25 0 604.42642 2.5018325 -0.99564557
67 212.71015 93.178174 0.60935388 -0.033980143 -0.76320607 25 0 194.88503 1.021509 -0.02310547
68 336.404 92.690773 0.69538466 -0.55527627 -0.047501211 25 0 1436.6334 5.6904271 -1.8878622
69 340.33254 94.399159 0.74075994 -0.64056631 0.20258174 25 0 1579.5067 5.8186241 -1.9120508
70 4.9464918 96.334278 0.76645514 -0.10849033 0.074247312 25 0 2425.9499 9.1878793 -2.4080382
71 238.7352 95.675321 0.67790101 0.37893755 0.041242799 25 0 1945.9077 8.1523977 -2.2782134
72 504.31717 98.969511 0.72733832 -0.25759975 -0.011658999 25 0 506.82887 1.9418937 -0.72056363
73 106.46015 100.07647 0.658109 -0.1792606 -0.15261314 25 0 3455.2654 14.177772 -2.87902
74 168.37401 99.465291 0.72160542 -0.47617662 -0.1478318 25 0 365.08627 1.3030867 -0.2874333
75 114.3759 101.23563 0.70650294 -0.17582928 -0.27275177 25 0 268.74458 1.1330298 -0.13560337
76 349.30372 101.48839 0.62969923 0.042888644 -0.097183899 25 0 361.73315 1.5330077 -0.46386085
77 385.01311 110.8662 0.77191521 -0.23161115 0.080561161 25 0 896.15834 3.5804433 -1.384842
78 271.81427 112.92847 0.77795791 -0.014857608 0.029046685 25 0 23102.226 87.839153 -4.8592203
79 289.19747 112.94879 0.74420806 0.1166564 0.097437692 25 0 1305.7769 5.0127993 -1.7502008
80 299.27577 114.34944 0.65643325 0.17739048 0.10123085 25 0 2025.4532 8.5699155 -2.3324413
81 355.77619 113.8755 0.7528502 0.1532779 -0.025100831 25 0 1556.0712 5.9904475 -1.9436482
82 501.13592 115.37593 0.8164772 0.61638998 0.023750476 25 0 586.1702 2.1630454 -0.83766411
83 251.49226 116.03566 0.67415693 0.52767129 0.23828381 25 0 546.24266 2.1516921 -0.83195031
84 366.42552 116.22026 0.47444509 0.095689695 -0.10057707 25 0 238.36277 1.1948072 -0.19324457
85 150.81822 116.70535 0.69945748 0.024535415 -0.1090284 25 0 574.50855 2.4206735 -0.95984054
86 205.83366 117.66414 0.68363338 -0.08258098 0.35587867 25 0 469.75863 2.00931 -0.75761735
87 103.55152 118.17196 0.7117057 -0.47757135 -0.24444848 25 0 621.92859 2.4837979 -0.98779062
88 203.10678 119.69465 0.78330382 -0.038761945 0.1228797 25 0 2707.8461 10.087849 -2.5094964
89 35.789161 121.61662 0.73341951 0.029494322 0.0082382455 25 0 541.98332 2.0714746 -0.79069906
90 227.11512 125.05727 0.74229581 0.049334848 0.046779182 25 0 2305.738 9.0339889 -2.3896989
91 30.817168 127.59919 0.55072261 -0.063366355 0.56720761 25 0 364.48829 1.7300805 -0.59516576
92 58.426655 126.84978 0.71333154 -0.31903767 -0.021885262 25 0 1385.8743 5.5598632 -1.8626603
93 304.59967 128.23889 0.67185638 -0.29897873 -0.11643344 25 0 456.38769 1.8202975 -0.65035593
94 447.00244 136.17865 0.75800352 0.067772332 0.096083175 25 0 15920.387 61.120418 -4.4654658
95 435.61817 139.37854 0.52430401 -0.72237545 -0.20763199 25 0 236.72092 1.3167499 -0.29875825
96 310.93906 142.35957 0.9647763 0.2878717 0.35985044 25 0 1337.4237 4.5456452 -1.6439888
97 349.84961 141.9141 0.77650534 0.0087083909 0.0084878446 25 0 4110.7082 15.569473 -2.9806848
98 65.619164 143.18943 0.8009372 -0.32070313 -0.061252612 25 0 919.29427 3.4550767 -1.3461442
99 145.66878 145.03253 0.65252475 0.39365518 -0.27545066 25 0 271.89482 1.1562614 -0.15764004
100 48.771588 147.13569 0.7889092 -0.22181416 0.00728906 25 0 777.29438 3.0083183 -1.1958095
101 148.56167 156.49047 0.57221817 0.60844458 -0.076145108 25 0 351.63464 1.5583051 -0.48163126
102 436.96804 157.72241 0.71034561 0.090919653 0.11972882 25 0 59417.364 236.99585 -5.9368519
103 476.20204 161.05029 0.67247997 0.26879417 0.063421899 25 0 669.68189 2.8300949 -1.1295025
104 257.65578 162.03977 0.55900414 -0.045000597 -0.26640592 25 0 469.33276 2.0894119 -0.80006016
105 311.26902 163.15327 0.9146714 0.24444589 0.17780774 25 0 394.0196 1.351176 -0.32677978
106 204.52548 165.24624 0.5186475 0.72922239 0.32405462 25 0 466.57512 2.2946144 -0.90177431
107 507.42132 167.27697 0.45024183 0.62358238 -0.240336 25 0 213.60906 1.3052681 -0.28924934
108 84.308007 169.24234 0.55807404 -0.25887148 -0.11604791 25 0 357.09578 1.8200668 -0.6502183
109 277.11242 170.41938 0.69713118 0.19329201 0.16216534 25 0 2111.9776 8.2947241 -2.2970049
110 397.3123 170.0919 0.74279024 -0.31621659 -0.0032757697 25 0 678.40908 2.5455857 -1.0144693
111 215.20966 171.23599 0.68572876 0.14607381 -0.03764505 25 0 1157.83 4.8239705 -1.7085116
112 464.52135 172.06535 0.6039392 -0.26589786 -0.21535885 25 0 382.32726 1.649137 -0.54314184
113 203.65876 173.88628 0.77570829 -0.007126466 -0.067521921 25 0 2001.5784 7.2458266 -2.1502198
114 72.73285 175.11747 0.60992453 0.38139555 0.36021866 25 0 270.1833 1.2845573 -0.27188371
115 6.7045327 178.33526 0.57816803 0.67143883 0.19877731 25 0 523.15315 2.2721751 -0.89110447
116 472.12343 178.73187 0.77989297 -0.1671243 0.080162132 25 0 3656.32 13.690726 -2.8410662
117 67.803359 179.95489 0.80132436 0.16983219 0.041470087 25 0 1029.0163 3.7747576 -1.4422227
118 165.97647 179.9595 0.81191285 0.19337884 0.12915833 25 0 2478.8342 8.8941697 -2.3727635
119 462.08284 180.98447 0.76127669 -0.02277323 0.067945793 25 0 832.52969 3.2533207 -1.2808172
120 41.395174 182.62128 0.64561919 -0.084502238 0.29135771 25 0 273.7853 1.1410218 -0.14323489
121 277.81524 182.56347 0.69586958 0.32088572 0.16830133 25 0 1276.4797 5.0566703 -1.7596616
122 472.45122 183.68901 0.60926944 0.035977615 0.05485581 25 0 862.09143 3.590421 -1.3878634
123 240.32054 185.28596 0.64706086 0.31884175 0.097396245 25 0 844.50841 3.5474545 -1.3747921
124 281.93309 185.07514 0.74699348 -0.93554594 0.31183585 25 0 314.55209 1.2225642 -0.21817914
125 122.53501 186.41655 0.54408161 0.46362593 0.099069234 25 0 32183.304 145.86447 -5.4098738
126 172.30405 187.70862 0.66188224 0.29654296 0.37047691 25 0 455.47511 1.8167858 -0.64825934
127 303.65797 191.38977 0.65672184 0.46509598 -0.059336709 25 0 342.19262 1.4075252 -0.37114043
128 471.67338 191.65317 0.53073267 0.15176386 -0.014252928 25 0 332.13558 1.6895194 -0.56940794
129 442.83285 194.48322 0.61577292 -0.11554594 0.023558658 25 0 214.44768 1.0514415 -0.05446277
130 505.86084 195.48461 0.67003754 -0.077231379 0.19002103 25 0 712.66573 2.9609628 -1.1785824
131 433.05273 197.3424 0.74681481 0.51667832 0.20744733 25 0 401.0596 1.4765585 -0.42312664
132 219.25945 198.46219 0.70206731 0.085615165 0.23160402 25 0 644.99655 2.5555487 -1.0187104
133 399.97951 197.57324 0.82887217 -0.31399062 -0.06609331 25 0 362.2034 1.2367892 -0.23073918
134 249.70809 199.39537 0.82923466 -0.13076097 0.30886701 25 0 450.78368 1.5073039 -0.44550203
135 117.67229 200.53057 0.60345318 -0.66046544 0.20187334 25 0 520.91802 2.100567 -0.80584133
136 456.82392 199.86405 0.75262338 -0.21823171 -0.056600542 25 0 424.70489 1.6613893 -0.5511785
137 466.6875 204.35315 0.96193473 -0.42647836 0.4338671 25 0 338.11482 1.0164151 -0.017677775
138 174.94786 205.69277 0.73053465 -0.4507651 -0.24432823 25 0 293.08258 1.2463538 -0.23910336
139 15.870817 208.53165 0.71914769 0.18261579 0.19974603 25 0 2273.1379 8.9784294 -2.3830009
140 63.690308 209.55417 0.73391305 0.096809429 -0.046368289 25 0 388.94954 1.4479226 -0.4018634
141 65.766411 211.23907 0.7639434 0.18210856 0.08422134 25 0 580.81979 2.136764 -0.82439138
142 385.97278 211.52967 0.65254448 0.23818952 0.45919232 25 0 308.21908 1.3397189 -0.31753417
143 476.57442 211.56481 0.62456874 0.7206148 0.15820723 25 0 995.90623 4.2514902 -1.5713529
144 39.002799 213.07757 0.78465742 -0.037942156 0.037112734 25 0 2535.5356 9.6547767 -2.4618556
145 377.42651 213.97237 0.71457085 -0.10635307 -0.075419013 25 0 1776.5086 7.0011286 -2.1129201
146 307.45674 216.05475 0.65741534 -0.54594706 -0.21512676 25 0 759.37086 3.2335381 -1.274195
147 201.73579 217.43434 0.70846132 0.39341573 0.23412349 25 0 1020.9812 3.7917461 -1.4470981
148 271.52983 220.97668 0.75662731 0.15703988 -0.1397108 25 0 279.57703 1.0909381 -0.094500294
149 491.51048 220.71817 0.51848065 -0.083117253 -0.29545661 25 0 234.91838 1.1128373 -0.11607922
150 290.99453 222.82342 0.78054913 -0.0059293061 0.077282049 25 0 3796.4634 14.360998 -2.8929615
151 36.689032 225.13527 0.90809951 0.19584826 0.06531541 25 0 458.71554 1.5631328 -0.48498972
152 403.16736 224.80626 0.76511459 -0.09160839 0.075332534 25 0 5920.6946 22.659424 -3.3881222
153 473.19421 225.35278 0.68103268 0.22387241 0.12965337 25 0 15591.039 63.295998 -4.5034406
154 378.10439 227.16207 0.77644326 0.1836038 0.1241911 25 0 1432.5364 5.409858 -1.8329647
155 430.61108 228.22201 0.83050681 -0.08369429 0.12199623 25 0 292.60622 1.1086561 -0.11199215
156 231.51589 233.52563 0.568869 0.050067041 0.17565673 25 0 632.01141 3.0598984 -1.2142675
157 291.63342 234.42364 0.52848747 0.80676593 0.16193531 25 0 667.1392 3.2085136 -1.2657597
158 482.46976 236.8408 0.6929968 -0.10497664 -0.097938909 25 0 2093.5153 8.3554809 -2.3049286
159 82.010931 238.14999 0.87276374 0.027700791 0.24653138 25 0 660.27606 2.4009717 -0.9509676
160 479.30004 250.28151 0.67104759 0.22367709 0.053548779 25 0 8005.9959 32.803215 -3.789791
161 255.20939 251.0259 0.73766686 -0.012231537 0.035917255 25 0 6301.3645 24.966806 -3.4934075
162 27.481096 252.31134 0.71273633 -0.57112715 -0.12055866 25 0 998.5796 3.7765057 -1.4427254
163 317.23642 253.38566 0.66980731 0.097952163 0.33902891 25 0 434.84983 1.7270496 -0.59326203
164 383.01275 259.90492 0.8141589 0.19733873 0.08852028 25 0 543.51132 1.9738358 -0.73827757
165 155.88378 261.65335 0.61200991 0.3569586 0.14908021 25 0 378.8997 1.6747836 -0.55989678
166 37.445273 272.26701 0.65593856 0.25701063 0.15320548 25 0 280.76594 1.224544 -0.21993595
167 77.703657 272.11921 0.48439607 0.81635039 -0.024568999 25 0 186.01347 1.0330424 -0.035295358
168 84.412541 272.10266 0.64055984 -0.45871203 -0.22436863 25 0 1491.6864 6.4990416 -2.0321233
169 141.13189 273.65265 0.66461308 0.16719952 0.61239767 25 0 313.13757 1.3512153 -0.32681138
170 266.6496 280.21845 0.6996418 -0.072327084 0.013492156 25 0 415.59247 1.7306283 -0.59550949
171 98.703295 281.30881 0.66649527 0.11329984 0.21805848 25 0 759.84939 3.1370069 -1.2412887
172 399.04428 283.27661 0.76823594 0.082975938 0.1309028 25 0 7349.595 28.114533 -3.6223272
173 10.576436 284.5453 0.6835325 0.20860605 0.18883371 25 0 396.03925 1.5324878 -0.46349258
174 211.71446 284.70053 0.66946023 0.029888031 -0.03094438 25 0 969.14748 4.2147575 -1.5619315
175 90.270548 286.22939 0.70888022 0.14507978 0.10452605 25 0 1437.0563 5.6483655 -1.879807
176 118.47333 285.95561 0.65680857 -0.14052144 -0.16800185 25 0 1206.9713 4.9476977 -1.7360079
177 373.40767 288.00122 0.6739542 0.037498978 -0.20621301 25 0 450.07609 1.8953404 -0.69421808
178 504.53147 287.83368 0.65760919 -0.3430652 -0.11048855 25 0 776.75849 3.2866688 -1.2918899
179 42.699261 291.19841 0.76266258 -0.34292144 0.072922982 25 0 544.06379 2.0494369 -0.77908636
180 57.864315 291.08025 0.60943981 0.26069656 0.19974341 25 0 262.1581 1.2720314 -0.26124461
181 83.420856 293.27324 0.71692278 -0.12629417 -0.29512754 25 0 302.88882 1.2770201 -0.26549429
182 187.60173 295.49242 0.71834367 -0.73497153 -0.0067880094 25 0 524.49004 2.1458116 -0.828979
183 120.92989 295.84228 0.69705228 0.067889858 0.1508295 25 0 394.34695 1.5719344 -0.49108605
184 449.75213 301.29229 0.82621686 -0.60540474 0.11697299 25 0 525.47261 1.7673151 -0.61828495
185 102.01841 301.61301 0.7682283 0.14371723 0.2336824 25 0 1611.9818 6.3194463 -2.0016976
186 152.95213 304.11044 0.7081704 0.70211298 0.38730205 25 0 284.64651 1.2605837 -0.25142924
187 6.4240514 306.11067 0.65660323 0.052629775 0.010097971 25 0 599.25835 2.4539293 -0.97465511
188 245.63054 307.07424 0.76572053 -0.051316283 -0.036507201 25 0 974.91309 3.5547383 -1.3770191
189 477.30689 306.77528 0.7761681 -0.10341107 -0.023680508 25 0 1310.5045 4.9564591 -1.7379288
190 164.74088 311.95331 0.74240543 -0.048496813 0.0068361113 25 0 4208.0824 16.492357 -3.0432068
191 25.152997 313.90051 0.81144356 -0.38812778 -0.027617989 25 0 1150.0901 4.0900789 -1.5293292
192 40.786544 313.77032 0.72706305 0.054221062 0.076810216 25 0 2553.1806 10.071762 -2.5077636
193 251.79081 314.92669 0.74295387 0.68024027 0.52170292 25 0 253.3949 1.1131004 -0.11633581
194 86.846264 316.09382 0.78342286 -0.30772166 -0.28192336 25 0 483.78336 1.9446139 -0.72208348
195 214.20801 321.43186 0.72164249 0.32880889 0.2355544 25 0 363.47645 1.4406175 -0.39637174
196 481.74441 320.60127 0.66247296 0.14970227 0.064728837 25 0 300.31281 1.2485165 -0.24098574
197 357.06257 323.36922 0.65798773 0.0043483453 0.022452667 25 0 677.22419 2.8715833 -1.1453036
198 9.7647761 323.90397 0.82520422 -0.27239758 -0.09756857 25 0 1032.0392 3.7502825 -1.4351599
199 289.98895 326.35159 0.67736223 0.33266732 0.10242241 25 0 352.17512 1.3921006 -0.35917655
200 47.345958 331.00863 0.73953527 -0.10218798 -0.063374586 25 0 5552.1183 21.321529 -3.3220459
201 314.41702 330.69223 0.66836518 -0.038412523 0.15288435 25 0 496.27697 1.8595986 -0.67354801
202 407.32026 331.06832 0.7992599 0.28101302 -0.02567791 25 0 629.04411 2.2517144 -0.88128328
203 57.483225 331.98627 0.70463081 -0.23037616 -0.14164362 25 0 13267.161 52.596995 -4.3024023
204 290.78484 332.31047 0.75815234 -0.018308396 0.08203947 25 0 1064.8773 4.0364903 -1.5150098
205 103.86836 333.08892 0.72799254 -0.28233509 0.19479461 25 0 1203.1314 4.790563 -1.7009664
206 114.28668 335.07948 0.71841047 -0.34577885 0.0075867541 25 0 312.23288 1.3532235 -0.32842385
207 286.77158 341.92405 0.69128688 0.3837081 0.047775484 25 0 472.30208 2.0002809 -0.75272747
208 387.60322 344.37004 0.63830034 0.40347655 0.15548414 25 0 719.8759 3.1124282 -1.2327483
209 502.27537 346.64068 0.54984391 0.1090445 0.15308341 25 0 232.9692 1.090149 -0.093714659
210 266.83429 348.36747 0.74131227 -0.10742535 0.11607017 25 0 6223.7491 23.914724 -3.4466635
211 73.795882 350.46738 0.41406956 -0.70026321 0.27618836 25 0 234.00648 1.3036476 -0.28790049
212 408.9052 349.55068 0.73419811 0.35744735 0.29568736 25 0 1247.9437 4.9391709 -1.7341351
213 39.150108 351.31087 0.69141764 -0.00089802975 0.060474998 25 0 473.7443 1.9506286 -0.72543646
214 48.781327 350.94874 0.80481678 -0.48207431 0.028148775 25 0 1010.7563 3.6822262 -1.4152762
215 325.78419 352.25816 0.71506777 -0.033190287 0.071060921 25 0 29125.514 114.57992 -5.1477712
216 21.449226 353.00803 0.62279642 0.21568094 -0.10120685 25 0 845.95854 3.7633219 -1.4389284
217 48.991064 354.87037 0.79006223 -0.25425173 0.060660087 25 0 1806.487 6.8800432 -2.0939779
218 381.45191 356.2852 0.61104885 -0.69636579 -0.12637014 25 0 233.34041 1.0702838 -0.073747331
219 49.98726 358.20289 0.8318844 0.16330988 0.33574135 25 0 748.7015 2.636091 -1.052401
220 386.45564 358.37352 0.76047289 -0.0075271793 0.074384226 25 0 263.36631 1.0756474 -0.079174829
221 441.45979 359.23886 0.65278332 -0.46317393 -0.13278923 25 0 1919.4923 7.8292511 -2.2343006
222 506.50988 359.68993 0.69691626 -0.006204569 -0.042984709 25 0 368.45382 1.5365854 -0.46639177
223 253.07502 361.44722 0.64850233 0.13636682 0.20139358 25 0 1710.2207 7.2188866 -2.1461756
224 305.18403 362.60418 0.7697663 -0.0909391 0.14492498 25 0 3366.0518 12.526154 -2.7445443
225 122.68988 364.32974 0.72893469 -0.31642522 0.057881383 25 0 5397.242 20.814895 -3.2959355
226 454.59769 363.45543 0.58301113 0.1558901 0.1004862 25 0 994.21308 4.2599538 -1.5735122
227 165.88115 364.93643 0.87047502 0.272774 0.20517005 25 0 644.92329 2.1635227 -0.83790364
228 49.896287 367.40018 0.81182977 -0.15309945 0.18798738 25 0 533.00612 1.937824 -0.71828584
229 30.077131 371.15284 0.76428534 -0.19750828 0.10183476 25 0 840.96117 3.2057671 -1.2648299
230 393.01792 376.87603 0.80935559 0.0021207716 0.058376021 25 0 4806.4139 17.769643 -3.1241968
231 52.965023 377.65823 0.72919395 0.36820208 0.25132055 25 0 370.02595 1.4755834 -0.42240937
232 101.88322 378.53843 0.68152365 -0.039350444 0.23183335 25 0 3680.9005 14.897733 -2.9328004
233 147.57284 379.98281 0.78217134 -0.39174825 -0.086022143 25 0 741.93552 2.7304017 -1.0905664
234 254.43183 381.35033 0.52390581 0.50620673 -0.12358011 25 0 512.42633 2.541039 -1.0125283
235 296.11279 382.24504 0.84580357 0.4484749 0.011199859 25 0 366.8939 1.2353742 -0.2294963
236 510.7799 382.03685 0.96179524 -0.44064652 0.36413381 25 0 958.61874 3.0440906 -1.2086439
237 127.25825 383.1016 0.65329467 -0.19379582 -0.0078135823 25 0 394.51667 1.6271315 -0.52855666
238 171.6918 384.26935 0.70516308 -0.34725256 -0.0098019338 25 0 1557.5927 6.1989664 -1.9807982
239 32.10728 384.39201 0.69331678 0.0076076526 0.28623451 25 0 1010.9201 4.1265898 -1.5389782
240 482.28636 385.98486 0.74238072 -0.039260557 -0.027757278 25 0 3041.296 11.844966 -2.6838346
241 510.97261 385.64826 0.97937078 -0.11086607 0.46231688 25 0 1495.4116 4.9904894 -1.7453578
242 87.332086 389.40967 0.70489965 -0.49116476 0.094773063 25 0 512.05387 2.0974222 -0.80421464
243 415.50535 391.99867 0.63917002 0.44256234 0.013377954 25 0 258.74834 1.2261769 -0.22138287
244 273.72916 394.1343 0.75365985 -0.10063195 0.00037739055 25 0 9447.1962 36.219107 -3.8973444
245 404.16551 395.97021 0.8138007 0.25869697 -0.021499719 25 0 1012.9939 3.7334226 -1.4302679
246 439.67249 400.99313 0.75964016 -0.075167067 -0.026500203 25 0 663.21276 2.53371 -1.0093923
247 302.80386 401.56309 0.78983023 0.37883696 0.057031385 25 0 767.33905 2.7224617 -1.0874044
248 49.180945 403.75164 0.75667304 0.39386021 0.17645426 25 0 279.06422 1.0636346 -0.06698111
249 300.1917 405.34338 0.74205784 0.24372441 0.097593216 25 0 2263 8.666866 -2.3446552
250 318.07368 404.92601 0.56417644 -0.1530697 -0.49823262 25 0 287.97771 1.3228695 -0.30379255
251 30.51166 405.60924 0.72237826 -0.28587112 -0.060288319 25 0 906.52149 3.4747079 -1.3522957
252 132.12853 410.85998 0.73847668 -0.28237383 -0.058767098 25 0 1142.0576 4.5333929 -1.6410584
253 156.18725 412.28709 0.68085155 0.085466727 0.092601768 25 0 2456.1145 10.211343 -2.5227072
254 8.8625105 415.80914 0.75707687 -0.0077520287 0.052091115 25 0 1507.9196 5.6725417 -1.8844442
255 67.949567 415.91089 0.79965527 0.24326329 -0.15654421 25 0 295.45161 1.0312266 -0.033385303
256 332.1916 422.1994 0.7617866 -0.3850018 -0.05409857 25 0 472.41114 1.7365659 -0.59922818
257 212.95951 423.93462 0.70522706 -0.051713195 0.11992901 25 0 498.72871 2.0950843 -0.80300374
258 241.74213 429.15643 0.64600986 -0.11610575 -0.063989496 25 0 459.73674 1.9983744 -0.75169212
259 206.99432 430.20127 0.76573493 0.033284188 0.052438348 25 0 2853.5529 10.928648 -2.5964161
260 180.59967 431.19924 0.6329312 0.054362465 -0.23193825 25 0 1022.7544 4.3282068 -1.59077
261 429.12356 430.87627 0.73850405 0.14818866 0.062429007 25 0 414.38149 1.6556131 -0.54739717
262 221.72833 431.77995 0.84052642 0.21871706 0.16361227 25 0 387.7228 1.5208466 -0.45521352
263 209.62913 432.87268 0.93171132 0.0092576167 -0.069628317 25 0 466.40194 1.4876142 -0.43122576
264 232.59155 433.2997 0.55556515 -0.44518209 0.17381238 25 0 207.004 1.0346393 -0.036972417
265 280.25693 433.47356 0.70174327 -0.10278713 0.13827576 25 0 1201.1427 4.9061013 -1.7268413
266 392.8528 435.2703 0.76753051 -0.09793459 0.06640813 25 0 4013.8191 15.372318 -2.9668484
267 293.32704 437.96188 0.77675367 -0.31985799 0.036089305 25 0 1500.4641 5.6795427 -1.8857834
268 62.449002 438.66213 0.59422481 0.18507499 0.031501132 25 0 306.85639 1.4546547 -0.40689979
269 139.43399 440.06266 0.67265468 -0.058825029 -0.088079077 25 0 14884.874 61.150289 -4.4659963
270 510.74994 446.45194 0.78551097 -0.11630958 0.31441889 25 0 375.78417 1.421455 -0.38183282
271 260.52029 447.78363 0.73771163 0.56826362 0.42164006 25 0 292.95113 1.1663697 -0.1670906
272 427.77948 452.15364 0.80003266 -0.11427687 -0.14969544 25 0 408.6138 1.5162005 -0.45189157
273 359.37395 453.50805 0.49822761 0.74391559 0.073997533 25 0 564.21117 2.7870407 -1.1128583
274 483.41127 454.52589 0.54953998 0.23692011 0.15178216 25 0 326.20398 1.3468562 -0.32330307
275 378.85546 455.62197 0.7801157 -0.10062437 0.0029886231 25 0 298.90977 1.1498906 -0.15164131
276 410.38431 458.33291 0.6482193 0.081036366 -0.018802061 25 0 1353.8158 5.552084 -1.8611401
277 104.5731 459.73542 0.7087107 -0.51563579 -0.11869345 25 0 5794.0658 22.517448 -3.3812979
278 197.51539 460.78329 0.6742504 -0.60608828 -0.068509225 25 0 1187.5648 4.8495848 -1.7142614
279 374.11376 461.05799 0.62364807 -0.37754505 -0.33011721 25 0 277.82943 1.2176107 -0.21377113
280 475.78173 461.74469 0.45700194 0.12690912 0.10568956 25 0 61322.665 310.45451 -6.2299949
281 339.75577 462.70348 0.56102744 0.051432067 0.23861607 25 0 288.42079 1.2970064 -0.28235532
282 13.342943 464.14044 0.634499 -0.042361163 -0.085416534 25 0 1129.6001 4.9086405 -1.7274031
283 453.30899 464.14567 0.53712185 -0.36201072 -0.33525296 25 0 299.60759 1.6464406 -0.54136516
284 93.665164 464.89865 0.67902132 -0.19359571 -0.22077673 25 0 309.69097 1.3652247 -0.33801035
285 259.25105 468.77961 0.76401512 -0.21750854 0.049894229 25 0 6022.0588 22.953147 -3.4021056
286 390.86283 470.25025 0.72701495 -0.5556602 -0.016399657 25 0 786.70495 3.1639393 -1.2505704
287 477.14685 469.3916 0.65503591 0.16905523 0.16335992 25 0 540.36851 2.1340499 -0.82301142
288 93.476017 471.72778 0.3861805 -0.042188818 -0.042763891 25 0 177.74586 1.2090391 -0.20610086
289 293.66568 471.76308 0.57596444 -0.27197281 0.1833268 25 0 237.1975 1.1730477 -0.17328918
290 309.3436 471.98102 0.74224356 -0.045033371 -0.034553362 25 0 3641.7028 13.95856 -2.8621016
291 162.43153 472.64167 0.64737295 -0.33136077 0.12643337 25 0 396.43077 1.7854743 -0.62938398
292 386.62636 476.94848 0.72007106 0.040848846 -0.053526307 25 0 546.01885 2.2452769 -0.87817479
293 187.21787 478.10286 0.64049265 0.13486118 0.00085080395 25 0 958.37009 4.1120599 -1.5351486
294 112.25132 483.46971 0.79277282 -0.062461688 0.27679478 25 0 1136.3485 4.0615114 -1.5217192
295 288.57005 492.95014 0.63356714 -0.29748329 0.029215429 25 0 458.4849 2.0745001 -0.79228365
296 441.05138 492.88195 0.69828557 0.09018634 0.14231174 25 0 289.45111 1.2008722 -0.19874198
297 198.40657 497.11973 0.67090339 -0.48445493 -0.19791337 25 0 338.34668 1.5315782 -0.46284796
298 164.33828 500.1951 0.75825213 -0.70867243 -0.049273899 25 0 694.63707 2.6723995 -1.0672535
299 209.67277 500.24015 0.76877283 -0.47293586 0.10173535 25 0 543.44475 1.9823395 -0.74294507
300 7.8626104 501.98858 0.81024342 -0.10951111 -0.056275219 25 0 342.99049 1.3132484 -0.29586723
301 328.39492 502.63086 0.63267225 0.23279807 0.2124296 25 0 260.00913 1.1692673 -0.1697845
302 74.108328 503.8839 0.65295145 0.33225427 0.38012973 25 0 245.43645 1.2164479 -0.21273374
303 165.22594 503.88934 0.7080502 -0.044098301 -0.11941185 25 0 895.30458 3.5769888 -1.3837939
304 106.46798 506.61516 0.40644121 -0.74457273 -0.052422437 25 0 202.74094 1.4026674 -0.36738679
305 211.6189 507.43704 0.5808935 0.34842628 0.22430089 25 0 733.97226 3.1415354 -1.2428549
306 86.103888 510.5399 0.90481952 0.094610016 0.10102181 25 0 790.89929 2.7133418 -1.0837612
307 209.16256 510.86798 0.99519753 -0.15802863 -0.48219821 25 0 822.66533 2.6090937 -1.0412242
308 284.20691 510.61048 0.83759889 -0.011790482 -0.022661527 25 0 1436.4769 5.1463126 -1.7787404
309 294.97002 510.42506 0.82556314 0.42719007 0.088882758 25 0 591.64973 2.0751169 -0.7926064
