id xcentroid ycentroid sharpness roundness1 roundness2 npix sky peak flux mag
1 307.48659 1.5683736 0.59186128 0.72712152 -0.040853154 25 0 552.1461 2.2896678 -0.89943119
2 316.82769 3.7816264 0.5291304 -0.097740975 -0.51679358 25 0 266.8465 1.3657756 -0.33844833
3 438.90032 4.934274 0.66754215 0.32091709 -0.35732294 25 0 549.7656 2.3555315 -0.93022227
4 119.69464 8.895337 0.75182241 0.27566532 -0.16782022 25 0 471.14681 1.6626388 -0.55199481
5 345.06997 10.125609 0.64977336 0.29279915 -0.15135747 25 0 746.33125 3.040282 -1.2072847
6 34.627055 10.881922 0.69658638 0.10503431 -0.22417587 25 0 14293.533 54.29228 -4.3368452
7 384.41261 12.222758 0.57491024 0.64501337 -0.31293062 25 0 197.4232 1.038483 -0.040998458
8 418.4386 13.328865 0.74009237 0.55245926 -0.25933933 25 0 684.03154 2.4110079 -0.95549656
9 477.53351 13.303582 0.59250748 -0.13453946 -0.18969642 25 0 21651.562 87.502567 -4.855052
10 344.03079 18.546639 0.76997611 0.069924496 -0.14245178 25 0 303.31701 1.129034 -0.13176754
11 222.90541 28.369061 0.52687625 0.28130383 -0.1721831 25 0 287.78021 1.4480046 -0.40192482
12 364.26083 31.594841 0.5706127 -0.067335141 -0.24927649 25 0 481.65052 2.2100494 -0.86100493
13 464.12323 31.923132 0.77963048 -0.14900995 -0.31302364 25 0 379.30029 1.3364122 -0.31485111
14 136.94974 34.371853 0.64773532 0.76095254 -0.13368553 25 0 333.44781 1.3275507 -0.30762779
15 123.89065 38.576408 0.53421176 0.26903095 0.1827247 25 0 462.32137 2.021802 -0.76434655
16 196.81195 39.49308 0.56607829 0.39681709 -0.14049967 25 0 910.72314 3.8231969 -1.4560667
17 216.24857 40.44152 0.54818658 0.33391642 -0.19250706 25 0 1767.1181 7.5099262 -2.1890892
18 429.13841 40.515707 0.5032986 -0.10021779 0.023132212 25 0 206.22843 1.0807827 -0.084345912
19 356.97021 41.358231 0.51032153 0.1816076 0.14760561 25 0 371.44191 1.8258411 -0.65365745
20 76.478899 42.84036 0.5986808 0.030975899 -0.26381356 25 0 457.8316 1.9263777 -0.71185359
21 260.24541 42.64426 0.65236839 -0.059165147 -0.10818086 25 0 298.31229 1.3191075 -0.30070043
22 334.78667 42.456586 0.40392748 0.45972718 -0.13719885 25 0 58737.461 268.27826 -6.0714637
23 121.55461 44.736923 0.63375457 0.22188361 -0.27796974 25 0 4443.8557 17.466014 -3.1054845
24 164.59771 44.992974 0.71924477 0.4996535 -0.522472 25 0 351.76133 1.3721659 -0.34351656
25 410.38208 46.014238 0.70013856 0.17772104 -0.27373706 25 0 982.36132 3.5832041 -1.3856789
26 410.94177 51.38877 0.38821616 -0.49221076 -0.16361599 25 0 149.24205 1.0275772 -0.0295361
27 62.798832 51.881755 0.70641696 -0.0089003109 -0.34499128 25 0 291.34863 1.1830503 -0.18250803
28 480.67744 52.094435 0.66112145 0.23083218 -0.17382575 25 0 849.55108 3.3464595 -1.3114639
29 304.55993 52.923405 0.64640495 -0.12629003 -0.39785953 25 0 1400.4565 5.5039679 -1.8516897
30 152.2991 57.84224 0.5662157 -0.29456541 -0.25519457 25 0 329.52898 1.5099975 -0.44744059
31 453.33743 59.674674 0.59582787 0.45254617 -0.30769637 25 0 1222.9369 5.1982967 -1.7896527
32 40.782043 60.814271 0.58228522 -0.26036488 -0.37869626 25 0 237.05131 1.0282644 -0.030262045
33 510.94838 61.823917 0.99336562 0.11093943 0.28650602 25 0 2058.8342 6.4943955 -2.0313468
34 7.8508447 63.924605 0.55747982 -0.21829805 0.18298296 25 0 286.74244 1.3484297 -0.3245708
35 359.56084 63.988136 0.65390108 -0.25322282 -0.14834824 25 0 237.88103 1.0292584 -0.031311095
36 41.651119 65.796263 0.64372682 0.10555746 -0.17422405 25 0 557.47739 2.3130177 -0.91044738
37 64.900012 65.383045 0.56241964 -0.38633519 0.28373239 25 0 363.07073 1.5132606 -0.4497843
38 179.67803 65.778423 0.73679143 -0.39181554 -0.35852696 25 0 321.72193 1.1089622 -0.1122919
39 443.08662 66.508322 0.59082532 0.19125057 0.00037442829 25 0 1309.5291 5.3531714 -1.8215279
40 481.5513 67.266202 0.58006737 -0.05326862 0.12251727 25 0 305.29654 1.3094497 -0.29272203
41 7.825372 67.44289 0.58894158 -0.43718403 -0.00654855 25 0 350.36769 1.5101361 -0.44754021
42 122.68505 67.514744 0.41059386 0.47641924 -0.058183565 25 0 287.59323 1.4742723 -0.42144424
43 428.31062 68.139775 0.58578686 0.017583684 -0.2262699 25 0 582.90024 2.5780447 -1.0282261
44 65.921532 70.572751 0.61333597 0.21912233 -0.078246991 25 0 1394.3064 5.7292793 -1.89525
45 323.98439 72.078138 0.51890856 -0.43542135 -0.50856148 25 0 231.82947 1.173519 -0.17372528
46 478.84777 75.152822 0.62637911 0.45895805 -0.14919895 25 0 889.62668 3.7041478 -1.4217208
47 360.75876 79.169836 0.61858843 0.045565059 -0.21517048 25 0 3118.9986 12.781318 -2.7664391
48 129.94806 82.559937 0.51386518 -0.23795981 -0.21824191 25 0 415.163 2.0711545 -0.79053125
49 445.46292 84.355463 0.56503682 0.40547221 0.045620749 25 0 228.62872 1.151895 -0.15353224
50 102.21988 86.034986 0.60212803 -0.14284824 -0.41682435 25 0 532.46144 2.1513317 -0.83176843
51 154.63538 86.187542 0.68174776 0.072941251 -0.55244022 25 0 347.90368 1.2642361 -0.25457046
52 501.1956 86.027893 0.68641142 0.15956204 -0.16639215 25 0 22843.144 87.79617 -4.8586889
53 165.24074 92.876508 0.62210266 -0.030187164 -0.22050062 25 0 489.87036 2.0367836 -0.7723622
54 293.77513 93.527552 0.58244554 -0.33590003 -0.094059031 25 0 959.95879 3.867297 -1.4685188
55 297.70243 95.286812 0.59954017 -0.38503081 -0.22985067 25 0 1217.2631 4.8078023 -1.7048665
56 196.09814 96.40757 0.55102022 0.17677967 -0.17179881 25 0 1355.4845 5.6535698 -1.8808069
57 63.826224 100.56685 0.57413093 -0.072589652 -0.0072598724 25 0 3230.6128 13.081598 -2.791652
58 125.81189 99.987987 0.61070435 0.057095159 -0.160332 25 0 350.59041 1.4681587 -0.41693249
59 461.73321 100.18933 0.56641515 0.48077164 -0.065253336 25 0 372.01644 1.8383791 -0.66108767
60 306.96547 101.69357 0.3538131 0.47911552 0.67756602 25 0 196.25167 1.1943881 -0.19286369
61 499.44299 106.01084 0.65122874 -0.040615204 -0.25244247 25 0 1902.5323 7.3325924 -2.1631439
62 342.42117 111.74632 0.6338981 0.46716686 0.081660042 25 0 427.20832 1.7902713 -0.63229711
63 229.16338 113.57556 0.52486151 0.016854174 -0.14728849 25 0 12640.005 54.254628 -4.336092
64 246.49446 113.70087 0.59148796 0.417361 -0.25784828 25 0 815.37638 3.2318995 -1.2736446
65 256.62339 115.0545 0.69779025 -0.042961529 -0.4263646 25 0 1642.3772 5.9269686 -1.9320816
66 313.31402 114.78082 0.56299511 0.063041108 -0.26839352 25 0 905.94377 3.7959805 -1.4483099
67 458.53994 116.35951 0.61296242 0.096536266 0.0038325317 25 0 374.71678 1.6648793 -0.55345689
68 108.21668 117.12094 0.68911125 0.11102373 -0.15718855 25 0 514.44071 2.0336494 -0.7706902
69 208.76144 116.7571 0.56723846 0.40004251 -0.15201657 25 0 405.02717 1.6806069 -0.56366533
70 502.27263 116.71053 0.35345626 0.35564646 -0.20331726 25 0 166.10914 1.0563332 -0.059502329
71 162.44455 119.28307 0.58367985 -0.94350548 -0.53817781 25 0 349.7394 1.3973325 -0.36324938
72 61.120377 118.56246 0.64460701 0.069128848 0.079183314 25 0 557.11614 2.2285498 -0.87005584
73 160.49619 120.26589 0.57585342 -0.47006996 -0.32179649 25 0 1558.9039 6.2343714 -1.9869817
74 488.58989 120.39278 0.51369028 -0.81341533 -0.041432494 25 0 280.80626 1.4565955 -0.40834744
75 184.46004 125.71153 0.60779196 0.37369958 -0.31171416 25 0 1358.4101 5.2000194 -1.7900124
76 15.735854 127.2799 0.65548517 0.033599289 -0.12094019 25 0 1172.842 4.6510038 -1.6688667
77 261.78581 128.92463 0.60608835 -0.031507402 -0.45397284 25 0 422.44949 1.6875246 -0.56812528
78 404.40134 137.0784 0.63556948 0.12942074 -0.29308606 25 0 11126.687 43.768487 -4.1029038
79 392.96541 140.0409 0.51362902 -0.94283373 -0.32210248 25 0 210.35691 1.1961333 -0.19444895
80 307.18953 142.80555 0.60772141 -0.048370735 -0.2663837 25 0 2592.669 10.535471 -2.5566349
81 23.093468 143.55034 0.61844821 0.10903222 -0.10276886 25 0 676.54372 2.7827569 -1.1111882
82 6.0261258 147.60059 0.69637613 0.21183124 -0.0058757266 25 0 544.71245 2.0075224 -0.75665098
83 492.46498 149.08932 0.62546173 -0.058950526 -0.25381527 25 0 6761.3223 26.745084 -3.5681099
84 105.98827 156.92254 0.57226456 0.016059976 -0.51865694 25 0 449.71012 1.980005 -0.74166573
85 394.35396 158.61101 0.56033556 -0.10442076 -0.15128108 25 0 39477.802 161.73606 -5.5220171
86 433.37305 162.05292 0.59309144 -0.037135293 -0.10518164 25 0 410.88491 1.8875061 -0.68972093
87 214.74964 162.63554 0.40572566 0.47704887 -0.18028108 25 0 363.33341 1.6093642 -0.51663581
88 161.84415 166.12822 0.57112653 -0.050678028 -0.29477997 25 0 1333.2098 5.4445997 -1.8399149
89 41.769686 169.70026 0.50449102 0.28330398 -0.26437097 25 0 288.65611 1.5327379 -0.46366975
90 486.54579 170.47187 0.58836338 -0.31092617 -0.054407312 25 0 5094.1779 20.23389 -3.2651985
91 234.46693 171.03564 0.63883633 0.098334752 -0.29791592 25 0 1531.6373 5.8273178 -1.9136718
92 354.68126 170.9121 0.58265826 -0.22543657 -0.11210778 25 0 482.15401 2.1505194 -0.83135843
93 172.64873 171.78841 0.6051482 -0.22992975 -0.26225182 25 0 841.72301 3.3112694 -1.2999863
94 421.6845 173.06562 0.54680389 0.27732887 -0.11813963 25 0 255.04856 1.2373878 -0.2312646
95 161.03112 174.50656 0.57867292 -0.0036399236 -0.10943418 25 0 1225.9111 4.856551 -1.7158199
96 25.137928 180.29943 0.57822994 0.53478743 -0.14912045 25 0 721.15771 3.066766 -1.2167016
97 123.34581 180.4702 0.6237269 0.53357816 -0.11986621 25 0 1449.5931 5.3704587 -1.8250285
98 429.40339 179.68596 0.60639428 0.29860298 -0.2890734 25 0 2149.7979 8.5611179 -2.3313262
99 491.30337 181.53376 0.55309967 0.63716588 -0.12543476 25 0 576.11571 2.4624724 -0.97842841
100 419.46324 181.94666 0.61335229 0.1096301 -0.30006287 25 0 527.69531 2.3098422 -0.90895577
101 235.08363 183.27629 0.53913318 0.33769399 -0.14480299 25 0 870.57014 3.7093475 -1.4232438
102 429.92769 184.70207 0.59975441 -0.014599288 -0.11376827 25 0 724.61188 3.096064 -1.2270248
103 197.56607 185.98551 0.56598669 -0.30672763 -0.50010671 25 0 574.19831 2.3392659 -0.92269897
104 79.929501 186.98132 0.61603702 0.050363611 -0.22450306 25 0 36487.23 150.23418 -5.4419218
105 129.66007 188.38392 0.67087216 -0.25632016 -0.24298757 25 0 355.0505 1.2710074 -0.26037017
106 261.03624 192.21057 0.55613703 -0.18621364 -0.081417483 25 0 263.23441 1.096126 -0.099651165
107 429.01012 192.49728 0.63631749 -0.22413136 -0.30054763 25 0 288.6006 1.2084768 -0.20559575
108 463.29913 196.4042 0.60294471 -0.16117501 -0.062430601 25 0 494.58015 2.2292831 -0.87041305
109 390.08009 198.06074 0.78924388 0.13490814 -0.015845981 25 0 332.3537 1.2863296 -0.27338064
110 176.48553 198.95168 0.60864103 -0.31905632 -0.42731659 25 0 531.93113 2.1190825 -0.81536965
111 206.75637 199.88363 0.54481489 0.18829232 -0.26760364 25 0 280.41726 1.2210658 -0.21684768
112 74.997764 201.04975 0.56867254 0.12379089 -0.30329737 25 0 485.77301 2.0976004 -0.80430688
113 414.23257 201.01298 0.54263676 -0.56604261 -0.47933491 25 0 263.28425 1.3661728 -0.33876406
114 477.69884 202.70592 0.54336769 0.51828991 -0.11397038 25 0 499.74511 2.3829865 -0.94280396
115 423.62337 205.0457 0.58384578 -0.44198445 -0.25192589 25 0 249.24762 1.2231682 -0.21871546
116 510.74003 206.26899 0.80770976 -0.11960117 0.21011044 25 0 2908.0526 10.325204 -2.5347466
117 20.762118 210.30892 0.53167 0.76873095 -0.34477654 25 0 327.51373 1.4992308 -0.43967126
118 23.05592 211.47481 0.73215665 0.4650085 -0.10351767 25 0 416.55251 1.481439 -0.42670945
119 433.92797 212.54955 0.59474172 0.4598908 0.08918096 25 0 867.32633 3.6021341 -1.3913997
120 334.63351 214.76009 0.56201698 0.21821772 -0.24966797 25 0 1204.4364 5.1896938 -1.7878543
121 264.7675 216.80165 0.55892286 -0.078220636 -0.32442546 25 0 599.55011 2.5920003 -1.0340876
122 159.07129 218.19038 0.53598533 0.39117295 -0.16788207 25 0 818.56334 3.418174 -1.3344854
123 487.72894 221.28629 0.62079304 -0.087002616 -0.10341098 25 0 4095.6699 16.259934 -3.0277969
124 248.28606 223.61078 0.48428477 0.51345686 -0.075855362 25 0 1877.1433 8.2017192 -2.2847622
125 360.5097 225.61855 0.56744162 -0.278122 -0.18739961 25 0 3292.5644 13.136852 -2.7962283
126 430.59223 226.39546 0.58693803 0.50821172 -0.25400714 25 0 10659.057 42.368608 -4.0676105
127 335.48992 227.864 0.59262904 0.052787992 -0.3043073 25 0 812.56636 3.215407 -1.2680899
128 499.5164 228.24315 0.61994056 -0.030770119 -0.24086899 25 0 251.87425 1.1587579 -0.15998177
129 188.84637 234.28968 0.58482139 -0.22472854 -0.24104297 25 0 556.20015 2.2882195 -0.89874421
130 248.75278 235.27659 0.54377699 0.16756957 -0.083172927 25 0 575.99629 2.4326738 -0.96520967
131 439.71628 237.88709 0.63946526 0.25651109 -0.15184524 25 0 1858.7239 7.3847817 -2.1708442
132 39.305798 238.1594 0.48934998 0.15126007 0.34764209 25 0 244.68639 1.2929615 -0.27896396
133 25.932886 241.02749 0.5743815 0.88247842 0.42955651 25 0 217.71744 1.0917595 -0.095317486
134 494.0717 249.15221 0.80874617 0.6496581 -0.15790384 25 0 303.42715 1.0581148 -0.061331968
135 436.52519 251.29949 0.61711335 -0.25431646 -0.18651961 25 0 6067.5067 23.400614 -3.4230681
136 212.53927 251.80865 0.59761241 -0.17527072 -0.35024171 25 0 3899.067 15.240096 -2.9574693
137 274.63126 254.16932 0.5978375 -0.18673819 0.15878571 25 0 318.48924 1.3138611 -0.29637362
138 340.00368 260.45599 0.52174503 -0.18067491 0.19198398 25 0 294.03119 1.3350915 -0.31377758
139 113.19395 262.01255 0.39590504 0.30127778 -0.095866322 25 0 269.74853 1.5940607 -0.50626215
140 41.749331 272.51872 0.60711561 0.45278577 -0.051643105 25 0 1169.8978 4.7153927 -1.6837947
141 98.129666 274.15709 0.63897271 -0.38150041 -0.23267034 25 0 339.50028 1.3359159 -0.31444777
142 223.95339 280.79618 0.6633389 0.39738477 -0.15518758 25 0 269.27844 1.0532448 -0.056323343
143 55.890287 281.80769 0.67334807 0.26225369 -0.21719812 25 0 649.572 2.3676798 -0.93580743
144 356.2802 284.13818 0.58800405 0.069167004 -0.21073638 25 0 4795.0825 19.964178 -3.2506286
145 168.93024 285.53618 0.55949306 0.33823812 0.020931632 25 0 662.45132 2.7970177 -1.1167381
146 75.725616 286.51856 0.48662805 -0.0080825417 -0.10197034 25 0 742.21955 3.2225388 -1.2704954
147 47.515807 286.70302 0.64489462 0.55815967 -0.15491367 25 0 1063.5052 4.0592047 -1.5211024
148 330.56067 288.89519 0.506005 -0.14397849 -0.50981873 25 0 306.58816 1.3689609 -0.3409776
149 461.83656 288.9594 0.67581054 0.10417982 -0.13522603 25 0 739.89351 2.847892 -1.1363088
150 0.26177911 291.59315 0.5896696 0.27467777 0.30883619 25 0 303.7915 1.3715339 -0.3430164
151 78.331676 296.14473 0.56329147 -0.29594705 -0.11163112 25 0 249.67032 1.133246 -0.13581051
152 144.86864 296.10531 0.54779587 0.51541346 -0.14020868 25 0 380.5604 1.6645593 -0.5532482
153 59.237083 302.20935 0.6432419 0.29809204 -0.19429567 25 0 1197.2631 4.875357 -1.7200161
154 406.82968 302.36007 0.52624173 -0.32241124 -0.21557156 25 0 352.57809 1.5874922 -0.50177901
155 202.76202 307.8287 0.50902072 -0.025960174 -0.24544586 25 0 665.31608 2.9706566 -1.1821311
156 434.40961 307.89581 0.5624623 0.27195394 -0.19584859 25 0 885.0731 3.8334469 -1.4589736
157 121.94677 312.50963 0.53722459 0.34644097 -0.040413201 25 0 2596.4935 11.131122 -2.6163473
158 43.876058 316.60065 0.57716364 0.61162918 0.27134165 25 0 278.57323 1.3008111 -0.28553556
159 171.69977 321.98583 0.63203101 0.2959973 -0.35227849 25 0 285.35637 1.0716691 -0.075151749
160 439.13762 321.7045 0.69097868 0.33521038 -0.091998109 25 0 271.47472 1.0501126 -0.053089713
161 314.4625 324.37011 0.50171962 -0.051045351 -0.30285543 25 0 416.36852 1.8032506 -0.64014023
162 246.86623 327.19122 0.46601212 0.25560395 -0.16956789 25 0 255.31574 1.2247397 -0.22010945
163 4.6426392 331.38225 0.63130074 0.53023125 -0.27827732 25 0 3710.5852 14.102552 -2.8732443
164 271.64452 331.70132 0.41921832 0.23893183 -0.19395146 25 0 300.04166 1.4501922 -0.40356394
165 14.768893 332.33923 0.62867871 -0.016880369 -0.11021628 25 0 10831.067 43.076022 -4.085589
166 364.43842 332.05433 0.60717911 -0.10482997 -0.21534131 25 0 447.16451 1.8304919 -0.65641952
167 247.90183 333.16072 0.58551323 -0.3084235 -0.30179576 25 0 772.93354 3.1589418 -1.248854
168 61.138044 333.3385 0.58335922 -0.18523612 -0.0085238222 25 0 763.65408 3.1611545 -1.2496143
169 472.80765 339.70859 0.47428286 0.48966472 0.52652558 25 0 702.93221 2.828873 -1.1290336
170 243.98576 342.77392 0.52546527 0.35888547 0.052160785 25 0 300.72839 1.2225919 -0.21820376
171 344.77659 345.46224 0.54916749 0.20048081 0.091825037 25 0 575.09358 2.3055276 -0.90692582
172 459.66406 348.14615 0.50537256 -0.47065956 -0.23845468 25 0 221.35911 1.0784149 -0.081964746
173 223.9722 349.16397 0.60169543 0.030048509 -0.25871141 25 0 4702.9686 19.122466 -3.2038597
174 6.0532786 351.36975 0.64114129 -0.29445636 -0.026429238 25 0 693.6592 2.7211995 -1.086901
175 365.9461 350.61374 0.58520058 -0.0154168 -0.16851946 25 0 839.93352 3.4004958 -1.3288556
176 282.85569 353.16868 0.59813143 -0.041136896 -0.24900978 25 0 22236.124 90.922465 -4.896678
177 6.381103 355.17344 0.63765019 -0.11922365 -0.20966968 25 0 1223.7181 4.7756577 -1.697583
178 398.62323 360.26564 0.65294874 -0.33011416 -0.17714567 25 0 1681.9687 6.4299666 -2.0205218
179 463.99928 360.91789 0.58757627 -0.22409308 -0.16085792 25 0 327.46429 1.3429665 -0.32016294
180 210.2176 362.13791 0.57554847 0.14397039 -0.21310227 25 0 1335.874 5.3761309 -1.8261746
181 262.32674 363.42289 0.51520674 0.33747955 -0.18705196 25 0 1991.1178 8.6295802 -2.3399742
182 79.901585 364.73836 0.61757208 0.1563907 -0.16659129 25 0 4422.3432 17.83758 -3.1283398
183 411.85968 364.56807 0.61017322 0.081261914 -0.12867604 25 0 937.62756 3.7909749 -1.4468773
184 123.09525 365.5549 0.49163469 0.32158684 -0.43918604 25 0 382.12876 1.7229465 -0.59067945
185 483.55756 366.76934 0.61445196 0.15825613 -0.17809048 25 0 7790.8341 31.56518 -3.7480207
186 7.0290848 367.90184 0.72870002 -0.0022334274 -0.24159569 25 0 449.22649 1.5654636 -0.48660741
187 430.46193 375.97726 0.56855579 -0.31509559 -0.33009941 25 0 250.01877 1.1620994 -0.16310819
188 350.14966 377.76511 0.61102487 0.020476757 -0.18221821 25 0 3028.4334 12.149712 -2.711415
189 59.075502 378.92593 0.67550863 0.012482545 -0.21656418 25 0 3589.7363 13.908523 -2.8582026
190 104.73239 380.65779 0.48479969 0.2195415 -0.0031305643 25 0 394.14131 1.6288507 -0.52970321
191 211.59978 382.08137 0.74551935 -0.042371132 -0.33959276 25 0 584.9613 1.8908493 -0.6916423
192 84.796924 383.64212 0.66703459 0.6732024 0.16542161 25 0 411.18135 1.4239811 -0.38376053
193 128.84544 384.87705 0.59862418 0.07349755 -0.21765435 25 0 1363.6962 5.5277639 -1.8563737
194 500.72316 385.19137 0.66210156 -0.27208681 -0.23326596 25 0 328.76607 1.3663389 -0.33889607
195 439.49833 387.12662 0.70838983 -0.24880445 -0.25321977 25 0 2473.9135 9.0436108 -2.3908547
196 468.89733 386.73773 0.62565844 0.10625272 -0.084826058 25 0 2008.4898 8.1145733 -2.2731642
197 44.541385 389.82629 0.68016808 -0.054416362 -0.32361739 25 0 531.71122 1.9191922 -0.7077962
198 230.78545 394.87742 0.61342855 0.093250704 -0.23837819 25 0 6984.5623 28.31679 -3.63011
199 361.25187 396.97013 0.61600442 -0.095249698 -0.37477965 25 0 685.78901 2.6297839 -1.0498002
200 259.97549 402.34549 0.7304283 0.47977354 -0.024107394 25 0 646.20276 2.1777615 -0.8450258
201 396.69203 401.95619 0.55721988 -0.20359109 -0.22499541 25 0 547.02386 2.4286976 -0.9634336
202 257.30116 406.04743 0.6257489 -0.12990216 -0.31256933 25 0 1775.4576 7.0232938 -2.1163521
203 275.55395 405.74638 0.64684264 -0.42251472 -0.24829725 25 0 328.11526 1.2428173 -0.23601819
204 478.68657 406.58949 0.63246734 0.01774025 0.036895978 25 0 443.37364 1.7593527 -0.61338228
205 25.721398 410.0482 0.38645092 0.22929509 -0.18040098 25 0 226.72454 1.0523117 -0.055361004
206 89.340046 411.32645 0.58172032 0.77307947 -0.16895646 25 0 775.34421 3.0621747 -1.2150749
207 113.44399 412.77498 0.63380519 -0.183982 -0.27495989 25 0 1942.8874 7.3876542 -2.1712664
208 289.23367 423.07619 0.58451138 0.056892388 -0.3785774 25 0 364.64607 1.3409889 -0.31856297
209 170.06649 424.59919 0.4344099 0.32648491 0.26567894 25 0 266.17778 1.262449 -0.25303463
210 198.87394 429.91824 0.59238896 0.08524061 0.037383375 25 0 397.62871 1.5533424 -0.47816797
211 164.14474 430.86288 0.63389947 0.038848844 -0.24294942 25 0 2021.7383 7.7896618 -2.2287965
212 137.64835 431.83058 0.68325585 0.34450374 -0.22499971 25 0 1008.9027 3.6972689 -1.4197026
213 386.21516 431.76481 0.78731963 0.24782339 -0.22010364 25 0 369.17049 1.1343372 -0.13685545
214 166.69961 433.35416 0.50911578 -0.04922823 0.098585125 25 0 321.96553 1.325403 -0.30586991
215 237.39946 434.26621 0.52023541 0.16780805 -0.24235916 25 0 876.5837 3.8637962 -1.4675355
216 496.25924 434.05338 0.2557572 0.078479008 -0.10352723 25 0 60997.872 317.53837 -6.2544905
217 349.87561 436.11965 0.60321099 -0.13108248 -0.26764556 25 0 2984.3641 12.359337 -2.7299879
218 19.653993 439.15017 0.83129372 -0.019402147 -0.28333521 25 0 342.77474 1.0921843 -0.095739815
219 250.5307 438.7243 0.67446233 -0.4627318 -0.29717646 25 0 1030.4886 3.7030181 -1.4213896
220 96.553751 440.55785 0.6042936 0.51340906 -0.16071269 25 0 11110.243 44.093175 -4.1109284
221 481.34318 441.29058 0.90806629 -0.51346171 -0.28312867 25 0 421.73087 1.2465743 -0.23929545
222 217.37947 448.22232 0.54214152 0.25465558 -0.39602584 25 0 307.01795 1.3394572 -0.31732209
223 482.46966 450.71564 0.67074746 -0.39378808 -0.2468025 25 0 2064.616 7.6917318 -2.2150603
224 384.93374 453.11339 0.59531029 -0.61460887 -0.10618714 25 0 356.77306 1.456909 -0.40858107
225 316.56382 454.24658 0.54444978 0.10140942 -0.33390857 25 0 506.45708 2.0543292 -0.78167511
226 440.45048 455.61294 0.40063837 0.22230055 -0.29914252 25 0 287.62151 1.3287209 -0.30858438
227 367.50734 459.24442 0.67094691 0.083991838 -0.30387006 25 0 1209.0156 4.3999968 -1.6086309
228 61.561449 460.14417 0.66970099 -0.1020975 -0.27544171 25 0 5414.9041 20.614493 -3.2854316
229 154.55815 461.30873 0.60982734 -0.18304444 -0.23273946 25 0 1066.8475 4.1741889 -1.5514302
230 432.93411 462.8291 0.42464338 -0.042479034 -0.26027184 25 0 60788.787 300.51145 -6.1946526
231 50.754059 465.22512 0.53797733 -0.27395811 -0.23859888 25 0 270.27661 1.2237632 -0.21924345
232 216.32878 469.4369 0.56402052 0.37976934 -0.14611072 25 0 3881.8427 16.127918 -3.0189458
233 348.00969 471.17837 0.56012844 -0.58474951 -0.27833616 25 0 541.16532 2.104204 -0.80771962
234 434.20036 470.45876 0.6596904 -0.51508728 -0.20608355 25 0 501.96378 1.7244802 -0.59164552
235 119.6031 473.24981 0.46418414 -0.53952343 -0.15864757 25 0 381.92148 1.8012412 -0.63892968
236 266.40601 472.71912 0.66854519 -0.20277252 -0.22417199 25 0 2866.6001 10.756385 -2.5791659
237 343.53192 477.92461 0.67809908 -0.28023159 -0.37750627 25 0 497.42693 1.8582901 -0.67278379
238 144.48125 478.6804 0.61512506 -0.25505342 -0.35345109 25 0 740.14669 2.7002333 -1.0785032
239 222.01589 483.13345 0.58714092 -0.18787724 -0.14721881 25 0 293.14831 1.1263043 -0.12913939
240 69.448368 483.9926 0.76138128 -0.049084654 -0.31870014 25 0 1217.4121 4.1645426 -1.5489183
241 245.6519 493.66733 0.55587728 0.14928485 -0.32322512 25 0 367.98559 1.4998009 -0.44008399
242 502.68237 495.80305 0.31350566 -0.74273352 -0.63086171 25 0 200.25236 1.0726197 -0.076114396
243 155.40635 497.66812 0.57623073 0.23110663 -0.32942282 25 0 294.71072 1.1538034 -0.15532958
244 121.40646 500.62429 0.68839229 -0.5633234 -0.19393064 25 0 540.15119 1.8201758 -0.65028333
245 166.809 500.85457 0.67803077 0.0049783982 -0.27880007 25 0 579.34762 2.15354 -0.83288238
246 285.1767 503.27963 0.48485776 -0.25626542 -0.28560227 25 0 265.29373 1.1487895 -0.15060117
247 122.33248 504.38402 0.6126689 0.24775237 -0.19289775 25 0 657.63789 2.5034406 -0.99634322
248 168.65552 508.1531 0.71334736 -0.16317722 -0.40182272 25 0 859.07433 3.0237651 -1.2013701
249 43.083932 510.74395 0.75190848 -0.2383908 -0.32550629 25 0 600.03596 2.2104256 -0.86118977
250 241.15127 510.8546 0.84190438 -0.27468341 -0.52152479 25 0 841.05444 2.8205261 -1.1258253
251 251.94955 510.79515 0.74077819 -0.075347627 -0.53365568 25 0 483.93499 1.7850493 -0.62912551
