id xcentroid ycentroid sharpness roundness1 roundness2 npix sky peak flux mag
1 308.72374 1.4370227 0.79838193 0.49783033 -0.24196204 25 0 770 1.903982 -0.69915712
2 440.15131 4.4136124 0.71933805 0.43219222 -0.23496332 25 0 478 1.5119591 -0.44885012
3 120.5368 8.5780925 0.65690792 0.64282992 -0.10108483 25 0 410 1.2421923 -0.23547211
4 346.3212 9.823532 0.68202085 0.032251177 -0.25546991 25 0 775 2.2299925 -0.87075849
5 35.790907 10.61843 0.71109962 0.41900988 0.032024651 25 0 13813 37.070049 -3.9225579
6 419.7629 12.953496 0.56618142 0.19157811 -0.2242772 25 0 542 2.0324435 -0.77004618
7 478.88022 12.837935 0.69381541 0.38384405 -0.088974602 25 0 25621 69.573541 -4.6061103
8 365.51075 31.352963 0.70256381 0.40842883 -0.19706565 25 0 503 1.4650153 -0.41460537
9 464.94909 31.374307 0.70620764 0.43200556 0.20063428 25 0 279 1.0553799 -0.058522012
10 138.24191 33.972158 0.78553055 0.45317905 -0.036603627 25 0 459 1.0758053 -0.079334212
11 125.03378 38.135482 0.79781773 0.099507019 -0.22521916 25 0 605 1.4775406 -0.42384853
12 198.03796 39.266521 0.69002919 0.33004654 -0.088369591 25 0 1134 3.0121127 -1.1971781
13 217.52504 40.062917 0.6479575 0.23282472 -0.30361477 25 0 2101 5.7586579 -1.9008032
14 358.09966 41.272452 0.73235817 0.11658717 -0.015564217 25 0 505 1.4320599 -0.38990294
15 77.901 42.522778 0.64439857 -0.33864253 -0.031151166 25 0 504 1.5685141 -0.4887211
16 336.03459 42.201743 0.2931461 0.53595252 -0.095169544 25 0 58400 224.85336 -5.8797484
17 122.67595 44.415369 0.64115562 0.00067292484 -0.017615093 25 0 4482 12.396046 -2.733208
18 411.53904 45.655584 0.67507698 0.65883715 -0.19124611 25 0 848 2.4685485 -0.98110415
19 481.93917 51.599981 0.59216701 0.6201907 0.010804765 25 0 618 2.1517375 -0.83197324
20 305.63087 52.643719 0.63676082 0.57678106 -0.1590055 25 0 1387 3.8804478 -1.4722046
21 454.50543 59.254115 0.6307817 -0.042147592 -0.18158085 25 0 1221 3.6937312 -1.4186632
22 8.9883413 63.197532 0.7830639 -0.19802842 0.08251638 25 0 410 1.2460064 -0.23880067
23 65.93618 65.254224 0.87428968 -0.097364571 0.15350644 25 0 440 1.0294481 -0.031511181
24 42.757788 65.248221 0.60859863 0.8233114 0.34898416 25 0 429 1.3506105 -0.32632527
25 444.26184 66.234831 0.70333373 0.55021785 -0.13820216 25 0 1540 4.2223486 -1.5638852
26 9.1594503 67.151246 0.86373828 -0.069101388 -0.082803689 25 0 516 1.367541 -0.33985091
27 123.61381 67.156861 0.73518469 0.12893812 -0.21501279 25 0 479 1.2215225 -0.2172537
28 482.97056 66.867958 0.62173135 -0.27091583 -0.12816459 25 0 344 1.3986267 -0.36425454
29 429.53908 67.877489 0.48255531 0.15975297 -0.17208217 25 0 388 1.5276037 -0.46002677
30 67.145394 70.337095 0.6814211 0.1745864 -0.10583345 25 0 1566 4.3341659 -1.5922638
31 480.07494 74.663993 0.57950343 0.49327151 0.029555377 25 0 745 2.5059453 -0.99742898
32 362.02844 78.767157 0.62728799 0.32847126 -0.064459391 25 0 3209 9.3573405 -2.4278811
33 130.99874 82.029855 0.64739221 0.29254105 -0.090377865 25 0 496 1.3336541 -0.31260798
34 103.37025 85.585919 0.61737469 0.20275665 -0.035553017 25 0 539 1.5752454 -0.49337055
35 156.13758 85.727514 0.55162526 0.069829698 -0.29405186 25 0 362 1.0551302 -0.058265156
36 502.39546 85.564452 0.64325157 0.74842665 -0.1328056 25 0 16523 44.69352 -4.1256114
37 295.09062 93.045329 0.66430838 -0.12138504 -0.23125384 25 0 1291 3.448564 -1.3440957
38 299.03973 94.792801 0.63095723 0.16986726 -0.14907983 25 0 1409 3.7977946 -1.4488287
39 197.39564 95.89226 0.5797823 0.22108109 -0.24412452 25 0 1547 4.5379308 -1.6421447
40 463.0211 99.541513 0.63609676 0.22955419 0.21077888 25 0 301 1.1328875 -0.13546697
41 65.014641 100.16735 0.70296638 0.14677158 -0.094031228 25 0 4182 11.203257 -2.6233608
42 126.99299 99.760204 0.76310362 0.0056201863 -0.14203946 25 0 484 1.1134238 -0.1166513
43 308.01867 101.89748 0.68267798 0.050959721 -0.2605938 25 0 397 1.0558788 -0.059035171
44 500.71868 105.44116 0.60683978 0.62346821 0.093831732 25 0 1551 4.5748033 -1.6509311
45 343.59476 111.09258 0.59054187 0.32831347 -0.10825827 25 0 557 1.5706166 -0.49017544
46 230.44355 113.18564 0.64629087 0.3504372 -0.23574552 25 0 15446 42.444943 -4.0695649
47 247.83827 113.34093 0.631146 0.72940638 0.15880843 25 0 1037 2.7608908 -1.1026231
48 314.4915 114.23444 0.6419009 0.45498115 -0.23174374 25 0 1060 2.7155634 -1.0846499
49 257.85425 114.64051 0.58784098 0.43513899 -0.052344417 25 0 1632 4.5800513 -1.6521759
50 209.99696 116.36409 0.73036056 0.17856562 -0.140944 25 0 613 1.4253439 -0.38479914
51 459.76332 116.00858 0.66707996 0.38045614 -0.3521304 25 0 370 1.2211611 -0.21693244
52 109.29998 116.5623 0.55158824 0.3901858 0.1092752 25 0 418 1.1255959 -0.12845626
53 164.14346 118.62137 0.31586761 0.45622771 0.69134382 25 0 306 1.0483554 -0.051271363
54 62.081541 118.24904 0.63116721 0.20381083 -0.12081096 25 0 561 1.6244257 -0.52674964
55 161.68834 119.94429 0.70373964 0.03017077 -0.20298404 25 0 2125 5.4487641 -1.840745
56 489.7987 120.04478 0.74962595 0.24035332 0.04928318 25 0 377 1.1554896 -0.15691508
57 185.68641 125.39359 0.67740855 -0.025049411 -0.08334019 25 0 1670 4.2149224 -1.561974
58 17.006158 126.89471 0.77395711 0.15712341 -0.037858796 25 0 1421 3.7367215 -1.4312268
59 262.95369 128.73602 0.59037405 0.39407096 -0.37273962 25 0 421 1.089086 -0.092655432
60 405.61805 136.65602 0.63246742 0.60197344 -0.09027914 25 0 10525 29.137994 -3.6611491
61 308.47952 142.29758 0.62879103 0.42403842 -0.17631141 25 0 2656 7.2322449 -2.1481828
62 24.318363 143.12119 0.69551764 0.10777042 -0.28944962 25 0 769 2.0962495 -0.80360742
63 7.345856 147.25106 0.70608603 0.49328311 -0.065841734 25 0 656 1.8147313 -0.6470308
64 493.83738 148.57625 0.61656146 0.53642243 0.039628034 25 0 6256 18.035224 -3.1403038
65 107.10835 156.43795 0.46969555 -0.0063039675 -0.050713939 25 0 423 1.2875074 -0.27437434
66 395.63101 158.16995 0.6301249 0.32092533 -0.32059527 25 0 41845 114.65946 -5.1485248
67 434.6971 161.40147 0.63452477 0.4599005 0.15742603 25 0 402 1.2405082 -0.23399906
68 163.09443 165.7281 0.62643462 0.21251252 -0.14185305 25 0 1746 4.7117446 -1.6829544
69 42.865193 169.29396 0.68471848 0.070237572 0.10653665 25 0 444 1.2036626 -0.20126191
70 355.91989 170.67747 0.58809842 0.075172152 -0.017442257 25 0 460 1.3313274 -0.31071221
71 487.84946 169.96423 0.67278172 0.29582898 -0.077912262 25 0 6322 17.554257 -3.1109561
72 235.6507 170.65952 0.6418938 0.5040784 -0.10765768 25 0 1599 4.147841 -1.5445552
73 173.74262 171.43531 0.51649467 0.41586233 -0.11027017 25 0 768 2.1747616 -0.84352912
74 162.23906 174.10641 0.67095721 0.19773091 -0.19428633 25 0 1696 4.4729851 -1.6264936
75 430.58924 179.23066 0.59175671 0.048909142 -0.17344895 25 0 2214 6.481224 -2.0291426
76 26.432343 179.92941 0.70894139 0.15597127 -0.21603008 25 0 780 2.0742522 -0.79215389
77 124.59924 180.07184 0.6316257 0.233512 -0.25110253 25 0 1655 4.4844984 -1.6292847
78 420.52523 181.7247 0.55829011 0.49637226 -0.022416316 25 0 401 1.3078934 -0.29143091
79 492.50368 181.06314 0.6296197 -0.021945645 -0.25638507 25 0 637 1.9661831 -0.73405988
80 236.38994 182.89599 0.53581522 0.0032061133 -0.23053709 25 0 928 2.5278015 -1.0068574
81 431.10196 184.27649 0.69072153 0.041410954 0.004184058 25 0 846 2.3803492 -0.9416017
82 198.87386 185.64789 0.61564506 0.32822807 -0.085483506 25 0 732 1.8982574 -0.69588776
83 81.203646 186.49257 0.57393869 0.13615175 0.054981455 25 0 32209 95.320709 -4.9479682
84 130.83152 187.94642 0.77476998 0.38131795 -0.23393037 25 0 500 1.0832936 -0.086865455
85 464.55013 196.11391 0.66998865 0.36528988 -0.0026844303 25 0 516 1.6337277 -0.5329492
86 391.59744 197.77947 0.67226515 0.2449584 -0.052756419 25 0 342 1.0266191 -0.028523381
87 177.83457 198.52867 0.58206591 0.58126854 -0.11795087 25 0 548 1.3362307 -0.31470365
88 76.182535 200.6281 0.66481885 0.022364218 0.19581032 25 0 583 1.4161053 -0.37773884
89 478.98692 202.18645 0.62160353 0.13872534 -0.20928659 25 0 563 1.8486683 -0.66714748
90 511.0272 205.55854 0.80602399 -0.1513792 0.24161161 25 0 495 1.3967839 -0.36282307
91 23.937522 211.18531 0.55555351 0.40126288 -0.91008782 25 0 416 1.1960565 -0.19437925
92 435.1372 212.16629 0.69951282 0.1328762 -0.16174692 25 0 1015 2.8298003 -1.1293895
93 335.93619 214.28735 0.64226634 0.14692834 -0.093822604 25 0 1402 3.774327 -1.4420988
94 265.93833 216.29508 0.63208013 0.56349494 -0.0070851201 25 0 686 1.7247787 -0.59183344
95 160.3674 217.82893 0.60014161 -0.0014004052 -0.13956451 25 0 895 2.3500922 -0.92771224
96 489.02417 220.85023 0.63258893 0.31559939 -0.067721585 25 0 4246 12.396771 -2.7332715
97 249.55476 223.1017 0.65996814 0.29721979 -0.27403176 25 0 2583 6.6341326 -2.0544604
98 361.71286 225.27632 0.62640568 0.041571567 -0.15844111 25 0 3800 10.430656 -2.5457791
99 431.79692 225.94779 0.66217096 0.25168045 -0.14375295 25 0 13452 37.1909 -3.9260917
100 336.62565 227.45163 0.61083723 0.60814165 0.037409823 25 0 924 2.5694036 -1.0245808
101 190.1742 233.87402 0.62848607 0.38698124 -0.07278659 25 0 735 1.9421654 -0.72071553
102 249.9205 234.83342 0.47663276 -0.12866732 -0.13328754 25 0 714 2.1962182 -0.85418869
103 440.96515 237.54258 0.62219281 0.32973929 0.023257286 25 0 1534 4.3719873 -1.6016972
104 213.6899 251.44698 0.58609318 0.038882265 -0.053442574 25 0 4062 11.514342 -2.6530978
105 437.89499 250.86348 0.6291619 0.28978602 -0.11384526 25 0 6762 19.394145 -3.2191766
106 275.90367 253.81535 0.58934411 0.36360866 -0.24815196 25 0 428 1.1991084 -0.1971461
107 114.59823 261.72079 0.60129428 -0.0056710786 -0.22605663 25 0 393 1.025263 -0.027088169
108 42.960471 272.12982 0.72365547 0.2678087 -0.058081084 25 0 1675 4.3351881 -1.5925199
109 57.233947 281.32726 0.81513712 0.55380838 -0.15099787 25 0 836 1.815745 -0.64763713
110 357.50808 283.73161 0.61439528 0.45841897 -0.17548099 25 0 4471 12.535381 -2.7453438
111 170.3322 285.03666 0.61018948 0.37967245 -0.17171966 25 0 799 2.0806785 -0.79551246
112 48.732501 286.29639 0.73627828 0.00091016352 -0.019687435 25 0 1344 3.2645449 -1.2845566
113 77.044173 286.06831 0.70541434 0.23512657 -0.16966271 25 0 1330 3.4562124 -1.3465011
114 331.78501 288.4089 0.58529329 -0.33218011 -0.034847528 25 0 401 1.143788 -0.14586388
115 463.23574 288.53549 0.60896326 0.086838715 0.10227058 25 0 565 1.8105262 -0.64451206
116 1.3217298 291.17858 0.75295255 0.30090575 0.18059053 25 0 544 1.2217877 -0.21748939
117 146.30459 295.62842 0.59394891 -0.23404384 -0.12449414 25 0 459 1.0862188 -0.089793278
118 60.538101 301.82086 0.71050001 0.19116422 -0.2029378 25 0 1291 3.3387081 -1.3089461
119 408.32619 301.74034 0.55912313 -0.38452731 -0.28921237 25 0 301 1.0755259 -0.079052194
120 204.01504 307.53353 0.58484346 0.45417564 -0.048775885 25 0 727 1.9025591 -0.69834538
121 435.8164 307.48312 0.59847201 0.16560779 0.18011898 25 0 783 2.3702899 -0.93700364
122 123.30487 312.15439 0.68512445 0.38112486 -0.2019493 25 0 3330 8.733953 -2.3530271
123 45.355955 316.11677 0.636664 0.39375952 -0.26541147 25 0 395 1.0086507 -0.0093520378
124 315.62998 323.92128 0.7620571 0.0018382612 -0.19062423 25 0 616 1.4711002 -0.41910567
125 5.872221 331.02645 0.75807803 0.20514976 -0.10969425 25 0 5380 13.885954 -2.8564393
126 272.88513 331.26956 0.67791597 0.27593236 -0.23531185 25 0 516 1.3129647 -0.29563261
127 16.076843 331.98842 0.75754889 0.23493283 -0.085538648 25 0 14077 36.402852 -3.9028385
128 365.83271 331.55871 0.58329057 0.26021479 -0.15359227 25 0 372 1.2016531 -0.19944775
129 62.401887 333.0968 0.60693388 0.24491659 -0.10847866 25 0 916 2.6069252 -1.0403214
130 249.23767 332.67021 0.60861579 -0.047235398 -0.080903355 25 0 787 2.1793029 -0.84579401
131 474.08599 339.25531 0.71228771 0.64906654 0.28569369 25 0 801 2.1615127 -0.83689446
132 346.0081 345.07408 0.61912505 0.078469404 -0.13365072 25 0 656 2.0493625 -0.77904696
133 225.37049 348.79208 0.6017792 0.0034595659 -0.22098319 25 0 4681 13.432166 -2.8203652
134 367.27778 350.21203 0.72626023 0.4372291 -0.15578519 25 0 1031 2.7113245 -1.0829538
135 7.387476 351.02002 0.71209811 -0.0034415247 -0.15000027 25 0 804 1.9873203 -0.74566967
136 284.2569 352.75382 0.59769186 0.081607159 -0.17681755 25 0 21823 63.128209 -4.5005587
137 7.5513237 354.93608 0.74456561 0.022450832 -0.20275865 25 0 1323 3.2485343 -1.2792186
138 8.4735843 358.18283 0.66121076 -0.079044953 0.43925282 25 0 487 1.2316996 -0.22626196
139 399.95545 359.91917 0.63621296 0.18143753 -0.16237408 25 0 1705 4.9773472 -1.7424948
140 211.56654 361.88564 0.66560101 0.21124304 -0.26629122 25 0 1479 3.970188 -1.4970277
141 263.58727 363.06204 0.66244127 0.09973259 -0.22847949 25 0 2566 7.0145599 -2.1150011
142 81.182757 364.49803 0.66047113 0.54908197 0.030234232 25 0 4402 11.797761 -2.679499
143 413.15524 364.18575 0.69607574 0.32663347 -0.17109054 25 0 986 2.7462251 -1.0968403
144 124.1868 365.29438 0.55440442 -0.59405892 -0.37935897 25 0 411 1.1417874 -0.14396308
145 484.90849 366.33358 0.68551821 0.19985889 0.0031768755 25 0 8405 23.031135 -3.4057883
146 8.2396419 367.50748 0.64380365 0.36024114 -0.12996219 25 0 451 1.2507747 -0.24294775
147 351.5113 377.40756 0.63077767 0.52413083 -0.17595749 25 0 2688 7.5346158 -2.1926528
148 60.525389 378.55002 0.53235676 -0.19615637 -0.13089151 25 0 2710 8.2210359 -2.2873164
149 106.2416 380.30233 0.72015947 0.37722899 -0.11547534 25 0 570 1.4159486 -0.37761872
150 212.88139 381.81428 0.52143764 0.37453571 -0.26956762 25 0 552 1.7199562 -0.58879349
151 85.978646 383.40811 0.84632275 -0.016103113 -0.032703922 25 0 467 1.0509966 -0.054003317
152 469.44962 382.8467 0.8070215 -0.3299824 0.36255947 25 0 483 1.2218473 -0.21754231
153 130.22118 384.44736 0.48258225 0.31490892 0.095994479 25 0 1043 3.3479969 -1.3119626
154 470.20712 386.29008 0.72293519 0.3657453 -0.06245128 25 0 1952 5.213193 -1.7927595
155 440.90929 386.69316 0.65378028 0.23752384 -0.017635275 25 0 2178 6.2446339 -1.9887675
156 45.814325 389.65114 0.75706935 0.28474515 0.15682794 25 0 609 1.4826333 -0.4275844
157 232.22602 394.54332 0.55527704 0.092163388 -0.045394972 25 0 5951 17.634212 -3.1158901
158 362.61715 396.57738 0.58097393 0.32849702 -0.20162053 25 0 545 1.6125915 -0.51881094
159 261.15559 402.09225 0.70223694 0.69528511 -0.10310371 25 0 681 1.7628631 -0.61554647
160 398.14638 401.58209 0.65860435 0.50768778 -0.05914795 25 0 463 1.397117 -0.36308191
161 258.59795 405.7655 0.70536092 0.47886328 -0.13393647 25 0 1826 4.7265393 -1.6863582
162 480.00155 406.14519 0.72336407 0.61699223 -0.22749395 25 0 374 1.181474 -0.18106043
163 90.62871 411.0953 0.70747224 0.14322748 -0.042719218 25 0 923 2.3653643 -0.93474508
164 114.74336 412.40315 0.62434309 0.72559573 0.044196354 25 0 1781 4.9533327 -1.7372437
165 138.99553 431.43444 0.66551953 0.14853416 0.052464669 25 0 1007 2.7029666 -1.0796017
166 165.45978 430.56098 0.64206945 0.75457605 -0.13010938 25 0 1706 4.5188585 -1.6375718
167 238.67106 433.96975 0.6722484 0.017210177 -0.3380881 25 0 1061 2.9232419 -1.1646619
168 497.62157 433.77459 0.33765643 0.42881491 -0.14832193 25 0 58490 193.49267 -5.7166613
169 351.2968 435.71871 0.61354591 0.037629453 -0.12347425 25 0 2685 7.8176292 -2.2326877
170 251.77396 438.31323 0.63877959 0.55798695 0.13878292 25 0 923 2.5221596 -1.0044314
171 97.844897 440.31618 0.67712355 0.17913172 -0.054161419 25 0 13720 37.539449 -3.9362197
172 483.73248 450.23782 0.66638501 0.0077682832 -0.099988473 25 0 1740 5.0519928 -1.7586568
173 317.47812 453.93484 0.7113179 -0.055679979 -0.23303913 25 0 613 1.7269208 -0.59318105
174 441.75877 455.22173 0.65105313 0.56654125 -0.11764734 25 0 314 1.0833119 -0.086883789
175 368.81199 458.93223 0.68833025 0.074900413 -0.15313106 25 0 1209 3.4740125 -1.3520784
176 62.928094 459.93197 0.76826814 0.23207619 -0.092036755 25 0 6497 16.636258 -3.0526391
177 155.95086 461.05701 0.76380807 0.059171773 -0.14037909 25 0 1329 3.3783811 -1.3217716
178 434.34504 462.53412 0.48233983 0.578414 -0.05741043 25 0 58511 184.20554 -5.6632567
179 217.62549 469.08741 0.70246744 0.062105954 -0.22801673 25 0 4770 12.798036 -2.7678583
180 435.42024 470.20486 0.65316843 -0.24245232 -0.18878189 25 0 324 1.0855959 -0.089170441
181 349.25734 470.84604 0.66702467 -0.35932116 -0.25523383 25 0 555 1.6977069 -0.57465681
182 267.73488 472.41139 0.64253988 -0.080904663 -0.061418067 25 0 2555 7.0836898 -2.1256488
183 121.02553 473.08806 0.69775359 -0.10608892 -0.16696804 25 0 478 1.2750654 -0.26383118
184 145.58068 478.45383 0.60825236 -0.032659808 -0.078629871 25 0 755 2.088287 -0.79947547
185 345.0337 477.29045 0.55678507 0.05137191 0.2057513 25 0 314 1.1698074 -0.17028588
186 70.736107 483.86628 0.79163858 0.45994363 0.0061022495 25 0 1185 2.9824231 -1.1864231
187 122.59224 500.44899 0.55916923 -0.39406991 0.035605141 25 0 480 1.5073927 -0.44556598
188 167.96918 500.62722 0.67263671 0.83388244 0.14167022 25 0 409 1.0929556 -0.096506288
189 123.64463 504.17949 0.64432096 -0.25877799 -0.22886662 25 0 665 1.7569103 -0.61187399
190 170.12428 507.96614 0.72234722 0.2039967 -0.24380244 25 0 921 2.4269198 -0.96263854
191 44.443047 510.58292 0.80956823 -0.46977545 -0.19534483 25 0 583 1.3982937 -0.363996
192 167.30134 510.83316 0.91029854 -0.1452156 -0.60992837 25 0 543 1.197846 -0.19600246
193 242.52875 510.79994 0.79139835 -0.17598376 -0.54602511 25 0 1081 2.6710816 -1.0667179
194 253.41696 510.71747 0.70754295 -0.17689764 -0.51954979 25 0 460 1.2261854 -0.22139035
