id xcentroid ycentroid sharpness roundness1 roundness2 npix sky peak flux mag
1 502.99419 9.0274192 0.76985506 0.50561873 -0.13051502 25 0 399.74261 1.096424 -0.099946351
2 292.38848 14.727828 0.59320004 -0.13074459 -0.16691956 25 0 518.2865 1.7041972 -0.5787996
3 423.93676 18.135848 0.72234431 -0.23366629 -0.077488693 25 0 474.13581 1.3455605 -0.32225809
4 104.36652 21.680749 0.68939679 -0.71839205 -0.079233762 25 0 426.55608 1.1963192 -0.19461767
5 19.693647 23.555095 0.58863961 -0.56821072 -0.082351679 25 0 10547.899 29.397292 -3.6707683
6 330.02212 23.339531 0.5417376 -0.082193381 -0.21616532 25 0 545.99562 1.8395071 -0.66175364
7 403.36018 26.590883 0.62553022 -0.40615646 -0.026984111 25 0 568.48532 1.7163025 -0.58648458
8 462.51458 26.558287 0.54966243 0.3781524 -0.21158188 25 0 19669.004 56.364162 -4.3775076
9 349.17927 44.803638 0.61537883 -0.53079196 -0.47401781 25 0 443.33728 1.3987855 -0.3643778
10 448.69237 45.376692 0.59488594 -0.22349128 -0.38676563 25 0 310.11087 1.0244715 -0.026249658
11 121.99323 47.012972 0.640542 -0.61566861 -0.28411711 25 0 407.05815 1.2327993 -0.22723096
12 108.72302 51.299509 0.55824495 -0.13945697 -0.16999913 25 0 420.68116 1.2858944 -0.27301326
13 181.7565 52.511938 0.56041043 -0.44093444 -0.13208225 25 0 824.57157 2.3793965 -0.94116706
14 201.14041 53.31725 0.55804944 -0.15859116 -0.33728674 25 0 1736.0452 5.0892209 -1.7666283
15 61.365759 55.436334 0.46177663 0.4396786 -0.11458424 25 0 311.61533 1.1971599 -0.19538039
16 341.48009 54.721051 0.72758464 -0.7160589 -0.29662699 25 0 384.32058 1.1385627 -0.14089241
17 319.81992 55.419848 0.39601969 0.081811677 -0.20331311 25 0 57678.565 175.62083 -5.6114401
18 106.4522 57.436798 0.58636383 -0.8057967 -0.34918361 25 0 3615.8062 9.7042362 -2.4674034
19 395.0706 59.306768 0.63429764 0.24112161 -0.10414109 25 0 854.94813 2.493625 -0.99207785
20 465.5103 65.418752 0.59416828 -0.63498258 -0.29287264 25 0 605.59653 1.7627323 -0.61546589
21 289.27967 65.982132 0.66596467 -0.23232595 -0.29481478 25 0 1364.0007 3.7507347 -1.4352909
22 438.34743 73.002782 0.73200586 -0.40922966 -0.29465785 25 0 1508.5633 3.9035225 -1.4786417
23 496.76015 75.310131 0.60481327 -0.19517652 -0.11411503 25 0 2981.9333 8.6112623 -2.337667
24 26.5313 78.435243 0.64279059 -0.53108392 -0.16815907 25 0 501.27203 1.4180192 -0.37920528
25 49.599699 78.139501 0.59390977 -0.25842393 -0.40942639 25 0 384.97162 1.2670131 -0.2569528
26 427.82005 79.85387 0.61704401 -0.052972174 -0.17552841 25 0 1416.5177 4.1747667 -1.5515805
27 413.20835 81.415859 0.67282721 0.15164837 -0.25707059 25 0 504.0465 1.4503122 -0.40365374
28 466.73465 80.545381 0.57577727 0.64337411 0.10948786 25 0 312.5859 1.0838764 -0.087449351
29 50.813736 83.320421 0.60059581 -0.52936552 -0.33228448 25 0 1331.6075 3.7814615 -1.4441492
30 463.68292 88.467456 0.52178628 -0.42006169 -0.21503304 25 0 685.59373 2.1045914 -0.80791948
31 345.49175 92.286441 0.56667901 -0.59758987 -0.32995324 25 0 2445.336 7.0553038 -2.1212893
32 114.8663 95.200359 0.67423299 -0.43697996 -0.1783734 25 0 440.14925 1.2067703 -0.20406152
33 87.177051 98.730356 0.62932135 -0.24305153 -0.41164109 25 0 489.04384 1.4004003 -0.36563052
34 486.08162 99.42557 0.63403524 0.03512032 -0.032186042 25 0 19575.909 53.708125 -4.3251
35 150.02649 105.76515 0.67103405 -0.037827837 -0.47285604 25 0 485.30426 1.2744037 -0.26326756
36 278.70262 106.48794 0.58054411 -0.6775048 -0.27941059 25 0 842.70086 2.4333037 -0.96549077
37 282.59576 108.12584 0.59214584 -0.73854132 -0.47926063 25 0 1157.5538 3.2142807 -1.2677095
38 180.90994 109.12273 0.62229732 -0.28106277 -0.42302761 25 0 1453.8147 3.9218888 -1.4837382
39 48.6264 113.18395 0.61225548 -0.42988966 -0.31086599 25 0 3446.9571 9.6122823 -2.4570663
40 446.57497 113.39029 0.41266304 0.11381767 -0.023596509 25 0 218.7716 1.0740237 -0.077534632
41 504.07156 115.94295 0.63346806 -0.11776561 -0.13393583 25 0 2008.4641 5.736259 -1.8965719
42 484.38835 119.37506 0.64988945 0.056693924 -0.17314247 25 0 1778.8012 4.7883717 -1.7004696
43 327.31096 124.68204 0.47778217 -0.61923817 -0.40223776 25 0 350.99126 1.3293141 -0.30906902
44 213.98499 126.37282 0.58221943 -0.18972973 -0.17610284 25 0 14171.381 40.343461 -4.0144329
45 231.36838 126.39816 0.67907836 -0.74030365 -0.15585846 25 0 835.9516 2.0511244 -0.77998002
46 241.48985 127.92447 0.68110876 -0.47743906 -0.38580888 25 0 1601.199 4.0297831 -1.5132042
47 298.14993 127.698 0.6117507 -0.26636019 -0.12941382 25 0 910.53977 2.6663766 -1.0648037
48 93.044015 129.84452 0.58095596 0.034532582 -0.29684364 25 0 400.70558 1.1730915 -0.17332974
49 45.764754 131.18634 0.40699903 0.11993163 0.14453571 25 0 308.51974 1.0803401 -0.083901269
50 145.40034 133.06205 0.64449883 -0.31968346 -0.46260732 25 0 1712.3728 4.5414365 -1.6429831
51 473.47266 133.88049 0.78070292 -0.36410705 -0.37685993 25 0 411.94505 1.2209927 -0.21678266
52 169.28281 138.45836 0.56729041 -0.67238111 -0.19387491 25 0 1248.1786 3.436794 -1.3403837
53 0.70009279 139.8624 0.61053027 -0.297228 -0.22558246 25 0 1151.6133 3.4663287 -1.3496744
54 246.79502 141.84187 0.50966471 -0.31198529 -0.28759202 25 0 373.64947 1.2454865 -0.2383476
55 389.16567 150.27269 0.62621706 -0.098508004 -0.22905849 25 0 10415.891 28.515426 -3.6376996
56 7.9770163 156.25091 0.5519245 -0.48590149 -0.3659923 25 0 579.47172 1.852064 -0.66913997
57 292.06893 155.68494 0.62581728 -0.36383906 -0.19253123 25 0 2605.7762 7.1600142 -2.1372847
58 477.39639 162.45887 0.62875261 0.29515267 -0.079817152 25 0 6477.205 17.590722 -3.1132092
59 379.10278 171.80264 0.61014293 -0.24305473 -0.20373525 25 0 43519.501 120.6032 -5.203397
60 418.38753 175.45997 0.51982599 0.29724794 -0.13616043 25 0 327.90506 1.1244528 -0.12735312
61 219.13208 183.99206 0.62923519 -0.21768424 -0.36358937 25 0 1558.3754 4.2643492 -1.5746319
62 339.45337 183.96849 0.56635272 -0.29623144 -0.45222549 25 0 397.63441 1.3791189 -0.3490043
63 471.41363 183.67815 0.66111243 -0.46918009 -0.15798631 25 0 5685.2433 15.021706 -2.9417982
64 157.45624 184.41251 0.52397762 -0.64956272 -0.11617552 25 0 629.65393 1.7197696 -0.58867568
65 406.4941 186.1254 0.66253795 -0.26785306 -0.23011689 25 0 342.03164 1.0839485 -0.087521653
66 145.81973 187.20569 0.5855148 -0.39606955 -0.31784038 25 0 1403.9824 4.0195613 -1.5104466
67 9.9147842 193.03334 0.68936298 -0.205626 -0.26330332 25 0 783.07429 2.1503062 -0.83125077
68 108.00906 193.23224 0.60322641 -0.028343201 -0.068373323 25 0 1549.8207 4.2488896 -1.5706886
69 414.2837 192.93899 0.70266364 -0.51110098 -0.31503366 25 0 2579.4479 6.6530434 -2.0575509
70 404.24313 195.12668 0.63627845 -0.0073078883 -0.050483234 25 0 496.9758 1.4653434 -0.41484852
71 476.04217 194.77267 0.57360298 -0.27217092 -0.24313994 25 0 645.81691 2.0730529 -0.79152595
72 219.86222 196.16276 0.55094272 -0.32519411 -0.34725235 25 0 941.41058 2.7610927 -1.1027025
73 414.74198 197.96519 0.60799821 -0.45703621 -0.20795454 25 0 729.77333 2.1859241 -0.84908772
74 182.47831 198.74179 0.65924095 -0.38810839 -0.27805783 25 0 613.00905 1.5862485 -0.50092805
75 64.593651 199.64307 0.52743345 0.052857734 -0.26519752 25 0 28270.957 83.015107 -4.7978928
76 448.13945 209.83157 0.74654288 -0.0098491804 -0.19389691 25 0 629.59699 1.6776971 -0.5617839
77 161.26196 211.60378 0.61263395 -0.73762378 -0.34271195 25 0 487.86795 1.3250909 -0.3056142
78 59.779381 213.61355 0.65571161 -0.22111351 -0.19057974 25 0 461.54988 1.1695927 -0.17008658
79 501.94914 213.62206 0.58857583 -0.1378613 -0.10700372 25 0 1381.3832 4.1961782 -1.5571348
80 462.4812 215.97028 0.6087444 -0.10735475 -0.20987362 25 0 523.40066 1.5241656 -0.45758041
81 495.84925 219.71305 0.61759082 -0.070748962 -0.192622 25 0 2823.7975 7.9375946 -2.2492223
82 418.63422 225.71729 0.51308322 0.10645962 -0.3350888 25 0 781.67515 2.4762874 -0.98450263
83 319.4576 227.7806 0.69469056 -0.55709432 -0.40761686 25 0 1268.5545 3.2553625 -1.2814984
84 249.49937 229.83444 0.66415109 -0.46264269 -0.1485063 25 0 552.06806 1.4294196 -0.3878993
85 143.70874 231.02147 0.59506217 -0.39132778 -0.31892322 25 0 821.15526 2.262461 -0.88645277
86 472.60837 234.56816 0.64227932 -0.81845977 -0.22789559 25 0 3638.6718 9.4715319 -2.4410506
87 232.94276 236.45944 0.57685349 -0.29156528 -0.17268261 25 0 2235.0479 6.2115183 -1.9829944
88 345.14595 238.73091 0.62969719 -0.37674297 -0.23502175 25 0 3881.3573 10.492838 -2.5522324
89 415.29686 239.55227 0.60374493 -0.52497071 -0.14196894 25 0 11250.069 30.527526 -3.711729
90 320.10194 241.01775 0.60077441 -0.24345684 -0.29293989 25 0 964.10928 2.8127187 -1.1228158
91 173.47304 247.2375 0.54332417 -0.49977879 -0.33515265 25 0 562.11059 1.6779618 -0.56195515
92 233.53958 248.22995 0.65310682 -0.23803161 -0.47630411 25 0 653.19032 1.7029035 -0.57797509
93 424.57861 251.10108 0.72217733 -0.32019073 -0.34838745 25 0 1775.9681 4.4069437 -1.6103438
94 197.04487 264.73615 0.5552529 -0.280255 -0.26060033 25 0 3953.432 11.472803 -2.6491738
95 421.34288 264.53631 0.61854415 -0.53092842 -0.16732826 25 0 5796.4309 15.437566 -2.9714471
96 259.33999 267.26609 0.63318528 -0.49151502 -0.3566971 25 0 432.1916 1.239137 -0.23279831
97 26.43039 285.13035 0.64818311 -0.17156668 -0.40515016 25 0 1241.4783 3.3859958 -1.324216
98 40.642666 294.52673 0.45393848 -0.37549166 -0.19603527 25 0 499.62662 1.6490244 -0.54306768
99 340.90624 297.25319 0.62008022 -0.28611571 -0.19204405 25 0 5124.0637 14.267961 -2.8859048
100 153.56294 298.42096 0.57738027 0.32246109 -0.37687737 25 0 661.72581 1.669151 -0.55623909
101 32.269257 299.36637 0.61715433 0.20029682 -0.089137842 25 0 1028.4574 2.8270473 -1.1283327
102 60.476756 299.24945 0.60775525 0.018264032 -0.28690909 25 0 971.80793 2.6557653 -1.0604742
103 446.58386 302.2613 0.50681086 -0.7624989 -0.37928926 25 0 525.15277 1.6676638 -0.55527126
104 129.66441 308.94951 0.52441076 -0.2130434 -0.46642283 25 0 411.94228 1.2520692 -0.24407082
105 43.987373 314.85158 0.60089085 -0.041431958 -0.22816925 25 0 1112.3452 3.1816679 -1.2566371
106 187.39105 320.88376 0.56441874 -0.42944779 -0.23124294 25 0 710.01011 2.00029 -0.75273241
107 419.24399 321.05084 0.58777822 -0.35854018 -0.33651412 25 0 939.92814 2.7750866 -1.1081914
108 106.59995 325.35564 0.58750418 -0.56025484 -0.22598117 25 0 2594.5962 7.0605655 -2.1220987
109 299.04072 337.45378 0.55806563 -0.098746712 -0.11875085 25 0 447.19376 1.2460667 -0.23885322
110 0.17128247 344.98852 0.92365852 0.0029899208 0.22982129 25 0 9439.2695 21.52363 -3.3322888
111 349.34882 345.24185 0.54449011 -0.094940636 -0.38267113 25 0 417.06271 1.1995997 -0.19759083
112 45.762327 346.20001 0.64666912 -0.42910411 -0.071146149 25 0 802.08174 1.9859189 -0.74490378
113 232.54734 346.20929 0.5647064 -0.34096626 -0.5395843 25 0 712.33637 1.8635532 -0.67585448
114 457.41037 352.96994 0.41583911 -0.015854335 0.019923389 25 0 619.57095 1.8324914 -0.65760483
115 329.3867 358.72928 0.66576795 -0.65496711 -0.35662972 25 0 623.81251 1.4181134 -0.37927739
116 208.5184 362.16682 0.57854328 -0.44513969 -0.39792511 25 0 4113.9411 11.267644 -2.6295828
117 350.57029 363.85038 0.48452186 -0.10274614 -0.33893405 25 0 774.33156 2.4327568 -0.96524676
118 267.54678 366.34976 0.61450612 -0.044061674 -0.37972338 25 0 18809.229 48.716517 -4.2191906
119 383.37227 373.5422 0.56810058 0.24678132 -0.057825843 25 0 1562.26 4.3077486 -1.5856259
120 194.79767 375.17453 0.69096559 -0.22553316 -0.27895638 25 0 1531.6339 3.8065454 -1.4513275
121 246.90358 376.5363 0.56602109 -0.34541046 -0.13088134 25 0 2132.0137 5.7806854 -1.9049483
122 64.474837 377.47363 0.4913373 0.30832247 -0.19002402 25 0 3279.8241 9.676649 -2.4643125
123 396.50272 377.76812 0.76204877 -0.73021708 -0.37453689 25 0 1095.5065 2.4869025 -0.98914689
124 468.23697 380.05565 0.68554819 -0.23202652 -0.23851856 25 0 9090.2792 23.958353 -3.4486424
125 334.72205 390.98328 0.58214061 -0.26223807 -0.299052 25 0 3102.1584 8.8785929 -2.3708604
126 43.533315 391.67871 0.56795529 0.13050983 -0.27163543 25 0 2673.4206 7.4648209 -2.1825485
127 89.490827 393.39992 0.63901177 0.0013846002 -0.055467922 25 0 511.6397 1.2166126 -0.2128808
128 196.29693 395.19631 0.60611673 -0.078007645 -0.50039442 25 0 556.70279 1.375637 -0.3462596
129 113.36401 397.80638 0.69717104 -0.47697905 -0.26689707 25 0 1358.7403 3.2121667 -1.2669952
130 424.20696 400.34387 0.62386717 -0.21758415 -0.19229944 25 0 2173.8249 5.7927379 -1.9072097
131 453.43064 400.04393 0.62625311 -0.54390911 -0.30141384 25 0 1829.2169 4.776123 -1.6976888
132 29.076511 402.55056 0.52390237 -0.6198603 -0.063722383 25 0 391.18711 1.0652904 -0.06866999
133 215.38463 407.96255 0.67152056 -0.43248694 -0.37635633 25 0 6984.1546 17.929439 -3.1339167
134 345.88916 410.14269 0.52749401 -0.45172219 -0.42585448 25 0 654.95959 1.8011883 -0.6388978
135 244.44986 415.54446 0.59831022 0.47410127 -0.28996328 25 0 540.61552 1.2819141 -0.26964731
136 381.23264 415.23298 0.69605393 -0.1446009 -0.038786882 25 0 574.95936 1.3492765 -0.32525236
137 241.76157 419.14774 0.59852338 -0.3492048 -0.31660704 25 0 1689.1244 4.6066735 -1.6584686
138 260.03256 418.76002 0.48327243 -0.34685488 -0.38442254 25 0 345.57458 1.0009802 -0.0010637468
139 463.47399 419.87869 0.69496964 -0.37603227 -0.85085369 25 0 474.46845 1.0509886 -0.053994979
140 73.93067 424.20075 0.69388587 -0.31412883 -0.22665883 25 0 902.48088 2.1823477 -0.84730984
141 97.819772 425.66944 0.55502716 -0.12819797 -0.20617175 25 0 1775.3676 4.8989861 -1.7252655
142 183.43779 442.79226 0.56844249 -0.4251009 -0.55561239 25 0 415.67278 1.081193 -0.08475809
143 148.53411 443.7875 0.56226218 -0.16306715 -0.4030503 25 0 1717.8077 4.6360939 -1.6653806
144 122.03977 444.67466 0.62579892 -0.19645488 -0.17927886 25 0 1017.7141 2.5593016 -1.0203037
145 221.89057 447.21549 0.66979047 -0.3669988 -0.25060111 25 0 1090.4663 2.6383565 -1.0533337
146 480.99537 447.51086 0.3278903 -0.21605024 -0.20052904 25 0 60675.622 184.93509 -5.6675483
147 334.53642 449.33273 0.6222061 -0.028205052 -0.27227702 25 0 2573.6627 6.6570905 -2.0582111
148 234.86504 451.74122 0.60183108 -0.31857735 -0.23591386 25 0 1066.2696 2.5778534 -1.0281455
149 81.109131 453.44434 0.57810758 -0.076926258 -0.15495289 25 0 11121.835 31.404193 -3.7424691
150 466.98332 464.06237 0.68147187 -0.29453285 -0.26456355 25 0 2308.1329 5.9924627 -1.9440133
151 300.90465 467.42792 0.51787936 -0.36961394 -0.16569043 25 0 550.1674 1.4013639 -0.36637729
152 424.98309 468.85205 0.65299194 -0.46407783 -0.23927342 25 0 513.63788 1.2151967 -0.21161649
153 351.99027 472.52814 0.54102739 -0.1962433 -0.065964005 25 0 1053.898 2.8422298 -1.134148
154 46.22693 472.90539 0.69662242 -0.27528518 -0.26741943 25 0 5906.8428 15.431799 -2.9710414
155 138.945 474.26974 0.62917673 -0.013217403 -0.18924222 25 0 1169.1985 2.9498355 -1.1744945
156 417.52346 476.32669 0.54225669 -0.077521722 -0.31629159 25 0 60872.012 168.28324 -5.5651022
157 200.7939 482.39048 0.59183669 -0.49453373 -0.19349934 25 0 4157.0633 11.525952 -2.654192
158 332.29275 484.35678 0.66896977 -0.3712184 -0.1959744 25 0 641.74454 1.4005755 -0.36576629
159 418.8163 483.95675 0.72483164 -0.37008645 -0.19901253 25 0 623.17667 1.2629949 -0.25350397
160 104.10076 486.13633 0.58181957 0.50509556 -0.17552209 25 0 462.4202 1.1226753 -0.12563537
161 250.91885 485.77315 0.60264287 -0.3483222 -0.24940486 25 0 2879.6987 7.8919895 -2.2429663
162 328.12 491.0942 0.6939316 -0.25408769 -0.22906663 25 0 585.24628 1.3005126 -0.28528638
163 128.6875 491.62376 0.52388905 0.38907565 -0.13026519 25 0 692.06322 1.7479449 -0.60631936
164 53.899666 496.88647 0.6270508 -0.16512947 -0.21232521 25 0 1079.5304 2.8900948 -1.1522802
