id xcentroid ycentroid sharpness roundness1 roundness2 npix sky peak flux mag
1 30.917757 0.080133388 0.89868508 -0.21800383 -0.45015285 25 0 5189.8909 11.564172 -2.6577863
2 415.93816 10.643624 0.55653207 -0.71476985 0.73062677 25 0 1549.2164 3.8518955 -1.4641863
3 292.20813 16.071056 0.73167201 -0.049293021 -0.27638629 25 0 673.09028 1.7693243 -0.61951858
4 423.80932 19.428888 0.50552004 0.462879 0.010549616 25 0 331.95079 1.2290033 -0.22388262
5 104.27378 23.080985 0.67743867 -0.45920954 -0.43806126 25 0 394.30944 1.0761599 -0.079692031
6 19.408952 24.788143 0.70600841 -0.48101439 -0.24397057 25 0 13516.996 33.554479 -3.8143762
7 329.835 24.682898 0.63810961 0.27921963 -0.087389793 25 0 713.85233 2.1252818 -0.81854131
8 403.17134 27.911028 0.59395497 -0.22951125 -0.23345177 25 0 570.4189 1.7060024 -0.57994911
9 462.39162 27.88177 0.67445705 -0.28448462 -0.28060609 25 0 24271.048 61.584958 -4.4736866
10 405.22169 32.160096 0.58749857 -0.92554785 0.91295756 25 0 1349.2482 2.8978951 -1.1552067
11 349.18536 46.27418 0.57647472 -0.20586191 -0.24745191 25 0 442.03248 1.4710286 -0.4190528
12 121.76286 48.542993 0.50176941 -0.078995227 -0.011541899 25 0 314.94302 1.0606366 -0.063916483
13 108.82594 52.452387 0.61309207 -0.17758068 -0.092757135 25 0 463.20085 1.3445967 -0.32148009
14 181.61296 53.759294 0.59075867 0.022082141 -0.28165557 25 0 928.19539 2.6021072 -1.038313
15 201.04168 54.598574 0.63834752 -0.20101015 -0.09695178 25 0 2004.9337 5.2554268 -1.80152
16 341.6396 56.104615 0.59767987 -0.084726582 -0.3457126 25 0 346.59864 1.0946194 -0.098157804
17 61.600049 56.805347 0.67081594 -0.16079432 -0.20623848 25 0 437.21015 1.1817052 -0.18127286
18 319.44948 56.958192 0.36134389 -0.12789303 -0.16444006 25 0 57210.967 177.90525 -5.6254719
19 106.47385 58.810955 0.67155557 -0.4634207 -0.38219222 25 0 4281.4497 10.606117 -2.563891
20 394.92936 60.57211 0.61256648 -0.22660072 -0.015211376 25 0 833.28795 2.4152563 -0.95740808
21 241.95427 65.796026 0.66128112 -0.46616962 -0.37283041 25 0 322.20903 1.0204383 -0.021966824
22 289.19944 67.500327 0.53356622 0.054456147 -0.1677901 25 0 1052.5232 3.2484544 -1.279192
23 465.41631 66.657061 0.57431894 -0.4494701 -0.3244499 25 0 622.26489 1.7904464 -0.6324033
24 438.0889 74.304511 0.68219102 0.09801033 -0.11973982 25 0 1504.9976 4.0336088 -1.5142344
25 496.48468 76.533511 0.57706669 -0.53242011 -0.11685711 25 0 2408.5185 6.5134983 -2.0345358
26 26.519584 79.906434 0.60403216 -0.79277683 -0.45928895 25 0 523.23581 1.5635143 -0.48525467
27 427.66379 81.161617 0.66147297 -0.16166201 -0.23505798 25 0 1481.3303 4.0085324 -1.5074635
28 107.45238 81.668165 0.62506142 -0.78196619 -0.32801771 25 0 362.02926 1.007717 -0.0083465149
29 412.88699 82.782366 0.64950084 -0.21508023 -0.30116339 25 0 422.4575 1.2604574 -0.25132039
30 50.80786 84.659008 0.62204504 -0.14670783 -0.30171894 25 0 1246.5157 3.3032829 -1.2973644
31 463.42508 89.727457 0.55620057 0.40413908 -0.21745081 25 0 680.32142 2.0262643 -0.76674025
32 345.30086 93.76026 0.60411795 -0.42143553 -0.28810455 25 0 2574.1837 7.0407971 -2.1190546
33 114.7767 96.699747 0.63359314 0.43077825 -0.055797573 25 0 422.64923 1.1344616 -0.13697448
34 87.046658 100.08861 0.62687018 0.0071281137 0.028885901 25 0 552.54978 1.5299723 -0.46170891
35 485.78423 100.66115 0.62014331 0.11350711 -0.12764004 25 0 18408.198 48.80662 -4.2211968
36 149.91808 106.87737 0.72864921 -0.69913297 -0.32804289 25 0 490.07687 1.1409688 -0.14318442
37 278.51902 107.95751 0.63949411 -0.34052268 -0.43075262 25 0 977.20569 2.6216954 -1.0464556
38 180.79888 110.56677 0.52549281 -0.24469624 -0.058746249 25 0 1134.578 3.2343585 -1.2744704
39 282.54014 109.51006 0.62383483 -0.70301865 -0.37126982 25 0 982.50487 2.5657064 -1.0230174
40 48.6982 114.47291 0.62667437 -0.6236247 -0.18751518 25 0 2974.083 7.5503669 -2.1949201
41 503.76113 117.1632 0.71557097 -0.14360392 -0.1994249 25 0 2075.2401 5.1604913 -1.7817276
42 484.01161 120.56469 0.60593521 -0.040333963 -0.036948433 25 0 1728.8268 4.786277 -1.6999946
43 327.03019 126.12605 0.60132467 -0.22094147 -0.16945588 25 0 453.84626 1.5199764 -0.45459209
44 213.85769 127.71927 0.60477601 -0.04929577 -0.13150429 25 0 14747.569 40.095112 -4.0077286
45 231.33282 127.94654 0.65477687 -0.12322425 -0.25131089 25 0 938.00447 2.3813567 -0.94206113
46 241.46823 129.32839 0.61536309 0.0077532674 -0.21409776 25 0 1412.8995 3.6057096 -1.3924769
47 298.03041 129.12068 0.67979707 -0.2701762 -0.27023143 25 0 1031.8565 2.7660183 -1.1046376
48 93.011311 131.15478 0.61271535 -0.26410746 0.073522727 25 0 437.86401 1.18852 -0.1875162
49 193.59604 130.89026 0.48381079 0.54857257 -0.11756515 25 0 328.2971 1.036276 -0.038688578
50 442.96305 130.86715 0.71661071 0.27412145 0.042958916 25 0 337.26293 1.0953309 -0.098863397
51 147.30306 132.54108 0.67426347 -0.67903058 -0.67699752 25 0 434.54416 1.0794928 -0.083049335
52 45.774465 132.36375 0.49329692 -0.1947922 -0.10817004 25 0 325.6188 1.0414973 -0.044145407
53 145.32997 134.34695 0.620584 0.023974363 -0.23071954 25 0 1696.6268 4.5111634 -1.6357214
54 472.99278 134.96735 0.52280244 0.10648147 -0.16228332 25 0 307.8575 1.2101578 -0.20710504
55 169.23531 139.86405 0.65452417 -0.22648632 -0.35484195 25 0 1532.4866 3.8285486 -1.4575854
56 0.50021773 141.07353 0.65473161 -0.24579417 -0.17515224 25 0 1143.4978 3.223975 -1.2709791
57 246.88149 143.19624 0.71974971 -0.022423145 -0.30704922 25 0 422.31721 1.0026399 -0.0028624087
58 388.78801 151.63757 0.60925404 0.12923541 -0.12328222 25 0 10169.739 27.259836 -3.5888081
59 291.89652 157.13166 0.64851407 -0.25722694 -0.20951028 25 0 2730.6461 7.1222897 -2.1315491
60 7.8116161 157.14804 0.59202538 -0.15775493 0.32848814 25 0 571.87935 1.7150685 -0.58570366
61 477.07868 163.71406 0.64447111 -0.13550806 -0.12496672 25 0 7168.079 19.044176 -3.1994055
62 378.65563 173.23205 0.63753375 -0.40031598 -0.25466126 25 0 43191.949 111.60687 -5.1192273
63 199.30917 176.70903 0.53819217 -0.37327752 -0.34638253 25 0 469.97302 1.387598 -0.35565914
64 418.08635 176.63056 0.64432239 -0.39051967 -0.3079243 25 0 455.16691 1.3517851 -0.32726917
65 219.12123 185.303 0.60574198 -0.11335729 -0.19727482 25 0 1499.523 4.0426655 -1.5166695
66 339.10712 185.33179 0.49564105 -0.17392832 -0.38849401 25 0 315.66497 1.0690752 -0.072520682
67 471.09699 185.03361 0.66892717 -0.088057776 -0.16384936 25 0 6341.3322 16.529751 -3.0456657
68 157.25596 185.89721 0.70970259 -0.19736073 -0.28526259 25 0 925.45866 2.2285197 -0.8700412
69 145.64172 188.4167 0.43578649 0.21297577 -0.12354999 25 0 920.90245 2.8244066 -1.1273181
70 9.9270833 194.17104 0.67697046 -0.013306556 -0.19010903 25 0 735.67161 2.0576317 -0.78341912
71 107.94267 194.51902 0.58858955 0.089890065 -0.084806165 25 0 1290.7974 3.2979418 -1.2956075
72 413.93435 194.33445 0.60284552 -0.20610837 -0.20603549 25 0 2239.4376 6.178122 -1.9771412
73 475.70006 196.06635 0.71280696 -0.19200165 -0.19661664 25 0 760.32998 2.0060951 -0.75587878
74 219.85067 197.48061 0.56408847 -0.29392685 -0.14807952 25 0 819.08004 2.1943904 -0.85328472
75 403.79615 196.47437 0.63333574 0.64245013 0.16652109 25 0 481.9834 1.4298871 -0.38825435
76 414.33687 199.30928 0.65535639 -0.079967877 -0.11713848 25 0 694.65705 1.8909662 -0.6917094
77 182.25481 200.0255 0.60133053 -0.16501615 -0.3318404 25 0 637.26566 1.7641447 -0.61633549
78 64.671562 200.84402 0.63720376 -0.10057831 -0.23181566 25 0 34923.46 91.906168 -4.9083616
79 447.75026 211.14268 0.45875522 -0.68143146 -0.25576875 25 0 360.95273 1.3045491 -0.2886511
80 161.03983 212.88835 0.62891647 -0.47130329 -0.32417608 25 0 545.76389 1.4201202 -0.38081278
81 59.598545 214.98015 0.66823519 -0.16974666 -0.2173156 25 0 491.84809 1.338884 -0.31685735
82 501.5049 214.92365 0.61310898 -0.19835135 -0.3337246 25 0 1351.8446 3.6446317 -1.4041341
83 462.08607 217.28736 0.64573119 -0.061168039 -0.20502634 25 0 547.57358 1.4968964 -0.43797939
84 495.5254 220.98558 0.64172422 -0.21521957 -0.29907698 25 0 2746.7095 7.3004333 -2.1583716
85 418.36221 227.17012 0.66842279 -0.20644749 -0.27104552 25 0 896.67165 2.2968413 -0.90282747
86 319.28813 229.08497 0.59603256 -0.23358412 -0.40399278 25 0 1067.3836 2.8801111 -1.1485231
87 249.44945 230.96934 0.69868185 -0.38242971 -0.32176047 25 0 633.97025 1.545123 -0.47240767
88 143.36492 232.23371 0.59513653 -0.77166789 -0.49289425 25 0 768.59157 2.0159592 -0.76120432
89 472.09188 235.93918 0.70329109 -0.23654913 -0.20341108 25 0 4792.982 12.130125 -2.7096632
90 232.87066 237.71989 0.55321822 -0.14921508 -0.24586062 25 0 2156.6158 6.1632293 -1.9745208
91 344.81498 240.08815 0.59854667 -0.26522576 -0.29132572 25 0 3670.7253 10.08091 -2.5087494
92 414.87346 241.01656 0.66090688 -0.19428819 -0.20753537 25 0 13034.494 33.668059 -3.8180452
93 319.92358 242.3314 0.56423905 -0.26421056 -0.34534044 25 0 760.43812 2.1198598 -0.81576786
94 173.37528 248.38458 0.71871501 0.36523658 -0.10980164 25 0 644.94272 1.4756375 -0.42244922
95 233.53215 249.57111 0.51188869 0.2393363 -0.16929431 25 0 547.06797 1.6076295 -0.51546493
96 424.13055 252.43027 0.57665234 -0.16240905 0.026425928 25 0 1489.5586 4.1093803 -1.5344408
97 197.11221 265.91819 0.63616594 -0.26549178 -0.24426199 25 0 4529.0305 11.917153 -2.6904313
98 420.91159 265.97937 0.66327749 -0.19538499 -0.18299824 25 0 6934.8097 17.84573 -3.1288358
99 26.443258 286.43165 0.60980352 0.14685109 -0.25287377 25 0 1101.1692 2.8645705 -1.1426488
100 40.504055 295.45503 0.49692325 -0.092579734 -0.20920368 25 0 460.51605 1.4054969 -0.36957472
101 340.67918 298.55696 0.54272861 -0.58860581 -0.11283244 25 0 3869.0386 10.499903 -2.5529632
102 60.534101 300.52164 0.4774772 0.27075711 -0.29119994 25 0 716.37065 2.1230873 -0.81741963
103 153.41778 299.29742 0.48347961 -0.55204436 -0.013431431 25 0 589.60418 1.6764124 -0.56095219
104 32.212376 300.52204 0.65638941 0.014261173 0.0088185027 25 0 1085.8777 2.7335574 -1.0918205
105 315.22661 303.12108 0.66130497 0.27536532 -0.14334365 25 0 449.28447 1.2194746 -0.21543189
106 445.96859 303.43899 0.54914495 -0.28776234 0.14174912 25 0 521.24616 1.4257214 -0.38508666
107 43.941471 316.09414 0.62393183 -0.3153136 -0.25741321 25 0 1132.367 3.1056965 -1.2303975
108 187.4024 321.97289 0.68479831 -0.62989224 -0.34265563 25 0 819.02037 1.981266 -0.74235695
109 418.9241 322.38452 0.64355988 -0.26153995 -0.037107772 25 0 859.92867 2.1338849 -0.82292749
110 106.48069 326.47624 0.60285955 -0.65754319 -0.12568874 25 0 2442.353 6.1850212 -1.978353
111 298.86868 338.3661 0.56231447 -0.15804005 0.14098971 25 0 436.15262 1.1947964 -0.19323477
112 0.14152478 346.17489 0.94955227 0.088280463 0.26616159 25 0 9432.4027 20.142009 -3.2602569
113 256.18714 345.86791 0.65516068 -0.4230548 -0.14638349 25 0 520.82621 1.278286 -0.26657011
114 348.76021 346.28866 0.6862975 -0.48883363 0.07365368 25 0 454.33214 1.0801865 -0.083746877
115 232.19516 347.22817 0.52224514 -0.89898282 -0.59862242 25 0 648.9832 1.7409851 -0.60198764
116 45.51589 347.34809 0.44892138 0.31455013 -0.17680643 25 0 548.35856 1.5796133 -0.49637694
117 457.05001 354.28622 0.72146527 0.13587932 0.082156608 25 0 904.01482 1.8878654 -0.68992756
118 329.1184 359.87792 0.58269882 -0.49248369 -0.31178785 25 0 622.43631 1.6243609 -0.52670634
119 208.47462 363.35583 0.59462136 -0.68763127 -0.29473043 25 0 3996.6673 10.349256 -2.5372729
120 350.24556 364.98352 0.66941522 -0.21953887 -0.26969846 25 0 1029.6008 2.5551539 -1.0185427
121 267.42313 367.44122 0.56861586 -0.7403569 -0.20828203 25 0 16616.888 43.138994 -4.087175
122 383.00489 374.73184 0.64750648 -0.30739871 -0.19548604 25 0 1714.8542 4.3947751 -1.6073416
123 194.73604 376.29425 0.56137628 -0.33382935 -0.28075904 25 0 1290.8192 3.4572015 -1.3468117
124 246.92861 377.5911 0.60324505 -0.12070143 -0.099216007 25 0 2345.7057 6.1497623 -1.9721458
125 64.361225 378.75113 0.66400817 -0.39254277 -0.27277069 25 0 4252.8182 10.629522 -2.5662844
126 396.23129 379.08354 0.72823384 -0.36038783 -0.31604653 25 0 1145.9293 2.6746364 -1.0681619
127 107.46412 379.65658 0.52055959 -0.98999737 -0.16544009 25 0 367.87101 1.0099304 -0.010728594
128 467.81595 381.3736 0.65247921 -0.34106852 -0.089423352 25 0 8082.9048 20.704401 -3.2901567
129 334.51868 392.16176 0.63399806 -0.2096802 -0.38693858 25 0 2834.9296 7.053557 -2.1210205
130 43.48726 392.90414 0.63486232 -0.14284177 -0.3829901 25 0 2969.0319 7.5844581 -2.1998114
131 89.28956 394.71679 0.55134044 0.15726679 -0.10490209 25 0 448.04089 1.1442182 -0.14627217
132 196.04686 396.29407 0.68294343 -0.16478731 -0.13151801 25 0 664.30553 1.4992346 -0.43967401
133 452.52256 397.71493 0.66819824 -0.5873358 0.082364891 25 0 623.2004 1.3330197 -0.31209144
134 113.1995 398.9721 0.69071118 -0.32704938 -0.30799163 25 0 1430.8886 3.3506983 -1.3128383
135 453.09819 401.34898 0.65783436 -0.13300477 -0.024873752 25 0 1930.6134 4.7404324 -1.6895449
136 423.86049 401.57433 0.60778198 0.027337388 -0.12613543 25 0 2065.5863 5.383247 -1.8276108
137 28.936803 403.73458 0.64044821 -0.30323736 -0.34172566 25 0 525.98247 1.296174 -0.2816583
138 215.40354 409.1363 0.67788881 -0.19682704 -0.34255497 25 0 6827.8178 16.67019 -3.0548514
139 345.50904 411.38941 0.58956595 -0.32767937 -0.37307966 25 0 634.54733 1.4915811 -0.43411721
140 244.52862 416.85582 0.62986133 0.042122246 -0.29056507 25 0 606.99674 1.4138541 -0.3760115
141 241.84161 420.37429 0.59051378 -0.42986792 -0.23146341 25 0 1567.093 3.9986032 -1.5047708
142 73.632399 425.34707 0.63896995 -0.69128241 -0.2458831 25 0 872.48662 2.1732963 -0.84279738
143 97.752015 426.84458 0.64237116 -0.22650547 -0.23502946 25 0 2057.768 5.19647 -1.7892711
144 148.37486 445.04409 0.68729489 -0.27815675 -0.34022583 25 0 2113.6598 4.988851 -1.7450013
145 121.92829 445.89518 0.65183686 -0.3039522 -0.31786605 25 0 1042.7829 2.3830307 -0.94282411
146 221.87197 448.43671 0.60046989 0.19520241 0.033768385 25 0 938.64309 2.2062366 -0.85913019
147 480.56707 448.7193 0.37333865 -0.47676998 -0.28659417 25 0 60760.996 169.57695 -5.5734171
148 334.13509 450.51072 0.60391973 -0.36274709 -0.037576882 25 0 2620.313 6.7996071 -2.0812096
149 234.91774 453.01552 0.6651157 -0.45904844 -0.029586096 25 0 1237.1744 2.8807759 -1.1487737
150 80.929151 454.58573 0.62091271 -0.12358241 -0.1283839 25 0 11648.661 30.489088 -3.7103611
151 466.61308 465.2796 0.67223202 -0.59661794 -0.18040952 25 0 2008.427 4.7756251 -1.6975756
152 300.8099 468.7576 0.5631196 -0.20825869 -0.09456036 25 0 597.94522 1.3961719 -0.36234721
153 46.06151 474.07169 0.70966866 -0.20126615 -0.23848736 25 0 5907.4366 14.665614 -2.9157506
154 351.75392 473.68919 0.62117707 -0.18218572 -0.25702271 25 0 1179.8804 2.8305819 -1.1296893
155 138.80407 475.4519 0.52463278 -0.4642655 -0.1095782 25 0 962.4864 2.5541973 -1.0181361
156 417.15692 477.50022 0.4856098 -0.10603867 -0.16940609 25 0 60422.095 175.07253 -5.608045
157 200.73471 483.61326 0.59178067 0.025438266 -0.15936139 25 0 4132.5523 10.89109 -2.5926784
158 332.38127 485.78398 0.49938193 0.17020823 -0.028293784 25 0 470.20921 1.1621071 -0.16311535
159 418.2011 485.10181 0.71231158 -0.035500339 -0.027987145 25 0 615.96394 1.2083952 -0.20552251
160 104.02262 487.26011 0.67909563 0.0098341049 0.10170062 25 0 540.40878 1.1866507 -0.18580723
161 250.86601 487.04971 0.66923948 -0.31773652 -0.25637001 25 0 3115.5036 7.7678554 -2.2257528
162 327.87804 492.42736 0.56201449 -0.13175178 -0.086917734 25 0 468.7185 1.0705104 -0.073977202
163 128.5584 492.85136 0.53031039 -0.16485996 -0.42891331 25 0 725.46219 1.8547286 -0.67070091
164 53.688431 497.99708 0.67001669 -0.13466159 -0.18780674 25 0 1037.5168 2.529067 -1.0074008
165 230.04385 508.13123 0.75921239 -0.20451794 -0.30886411 25 0 554.99005 1.0638306 -0.067181182
