id xcentroid ycentroid sharpness roundness1 roundness2 npix sky peak flux mag
1 31.034886 0.050020129 0.88621755 -0.3504345 -0.51179815 25 0 4215.3795 9.6957912 -2.4664581
2 332.52423 5.4690764 0.54919998 0.10245582 -0.28696756 25 0 283.17272 1.0718321 -0.075316852
3 503.16741 10.020405 0.71909494 -0.3983889 -0.41339569 25 0 372.75662 1.0595915 -0.062846151
4 292.33146 15.648608 0.71130657 -0.56410036 -0.2161278 25 0 595.84936 1.5932892 -0.50573655
5 423.81213 19.114897 0.69271491 -0.209739 -0.20282248 25 0 493.34048 1.4732452 -0.42068759
6 330.02818 24.394446 0.65921089 -0.35660146 -0.20569462 25 0 712.3852 2.0891625 -0.79993057
7 19.445441 24.616736 0.58813714 0.26485074 -0.2654366 25 0 10991.425 30.331841 -3.7047469
8 403.3049 27.566709 0.55055684 -0.14458217 -0.2682181 25 0 516.03417 1.6924993 -0.57132124
9 462.53681 27.489053 0.58418393 -0.58611384 -0.16929995 25 0 19706.467 52.555115 -4.3015375
10 349.19934 45.820748 0.61701961 0.0041037087 -0.1228558 25 0 494.16017 1.5826897 -0.49848944
11 121.95397 48.269252 0.67746648 -0.71414563 -0.25449718 25 0 393.64635 1.0755708 -0.079097488
12 108.75365 52.445633 0.49275772 0.44325114 -0.47685241 25 0 404.17115 1.3234657 -0.30428176
13 181.78254 53.420616 0.50966907 0.24583166 -0.096379227 25 0 813.37578 2.54025 -1.0121911
14 201.20018 54.414447 0.6238392 0.12673624 -0.13529226 25 0 1999.2154 5.5788159 -1.8663551
15 341.60126 55.745143 0.57227884 0.0094690119 -0.29951176 25 0 388.49999 1.3789915 -0.34890395
16 61.370423 56.651826 0.50411948 -0.34686116 0.02975193 25 0 406.89505 1.3943667 -0.36094251
17 319.72099 56.525164 0.40582029 0.20283801 -0.23546096 25 0 57741.766 174.6187 -5.6052269
18 106.3835 58.549076 0.59077913 -0.46701169 -0.15101531 25 0 3856.298 10.510815 -2.554091
19 395.18471 60.234823 0.64149791 0.078205952 -0.26647961 25 0 893.79494 2.5823397 -1.0300334
20 242.00164 65.802733 0.49795237 -0.059636353 0.19210662 25 0 255.54502 1.0001593 -0.00017293306
21 465.63345 66.355455 0.66290121 -0.25825092 -0.067335886 25 0 769.2894 2.1000857 -0.80559256
22 289.36687 67.115051 0.69801597 -0.060401558 -0.34490032 25 0 1425.3563 3.7682689 -1.4403547
23 438.16386 73.939829 0.72813375 -0.098092871 -0.24325795 25 0 1581.043 4.1136818 -1.5355768
24 496.75757 76.317731 0.65324166 -0.21017731 -0.14314467 25 0 3167.5494 8.640195 -2.3413089
25 26.330418 79.477889 0.5101556 -0.75504372 -0.1038304 25 0 423.55768 1.4072798 -0.37095114
26 49.604397 79.099648 0.70308897 -0.55620171 -0.11660104 25 0 425.56025 1.1631393 -0.16407935
27 427.79378 80.818355 0.62504158 0.098409306 -0.055740941 25 0 1417.1075 4.0533842 -1.5195444
28 413.04754 82.523862 0.59883378 0.30785633 -0.052420318 25 0 365.67016 1.0956093 -0.099139233
29 50.809225 84.447273 0.62054912 -0.35179198 -0.11012778 25 0 1382.0785 3.685525 -1.4162484
30 463.65151 89.401363 0.58994392 0.69115747 -0.086322651 25 0 707.36558 2.0536807 -0.78133231
31 345.63065 93.355697 0.60130754 0.034951429 -0.3010033 25 0 2407.9295 6.7144731 -2.0675298
32 114.62671 96.316188 0.70377865 -0.44290156 -0.20166542 25 0 433.71312 1.1413058 -0.14350501
33 86.969708 99.968628 0.64225283 0.077414526 -0.39152985 25 0 560.7781 1.6261279 -0.52788674
34 486.01981 100.48502 0.64144559 0.056744379 -0.0048121455 25 0 19591.651 52.240778 -4.2950241
35 149.95871 106.77961 0.75128891 0.12786888 -0.11347504 25 0 488.53197 1.1863944 -0.18557273
36 278.69606 107.6698 0.57380278 -0.66649204 -0.090299639 25 0 820.5783 2.3466526 -0.92612202
37 282.65901 109.29132 0.60773398 -0.78063311 -0.34184414 25 0 1174.1561 3.2196832 -1.2695328
38 180.95717 110.341 0.60739023 -0.036259596 -0.17070942 25 0 1503.2947 4.1410052 -1.5427645
39 48.691983 114.19559 0.68028433 -0.40095862 -0.25050115 25 0 3812.4082 9.9252097 -2.4918492
40 446.36054 114.22226 0.50990223 0.34420977 -0.34952831 25 0 248.51664 1.0271616 -0.029096924
41 504.09277 116.99021 0.75251119 -0.084586365 -0.19685538 25 0 2273.2588 5.6259659 -1.8754927
42 484.35009 120.4584 0.60681096 0.24070749 -0.014394651 25 0 1676.9964 4.6773574 -1.6750014
43 327.00199 125.71186 0.55463186 -0.28347332 -0.020799332 25 0 446.27758 1.5166067 -0.45218241
44 214.03194 127.45608 0.49177729 -0.029319972 -0.087673591 25 0 11520.351 34.426549 -3.8422337
45 231.33372 127.76765 0.75516082 -0.48851767 -0.22969772 25 0 944.30053 2.1068643 -0.80909142
46 241.40848 129.07753 0.69076407 -0.16781296 -0.32558476 25 0 1706.178 4.3171016 -1.5879807
47 298.06237 128.85679 0.62367658 -0.072251732 -0.24166585 25 0 1038.4604 2.9720189 -1.1826289
48 92.974426 130.96155 0.72804182 -0.16343709 -0.1728388 25 0 571.41676 1.4831879 -0.42799041
49 193.4389 130.87202 0.5831011 -0.15843259 -0.50473179 25 0 418.32483 1.2068941 -0.20417292
50 45.843923 132.28573 0.70136642 -0.39405867 -0.12461486 25 0 493.60172 1.3125364 -0.2952784
51 145.42652 134.15564 0.705631 -0.18089353 -0.3398344 25 0 1905.9272 4.7503173 -1.6918066
52 169.31904 139.72029 0.61325394 -0.35281529 -0.28342447 25 0 1506.152 4.0228406 -1.5113321
53 0.61406224 140.85936 0.6709015 -0.06535762 -0.25907939 25 0 1123.0731 3.1354873 -1.2407626
54 246.66148 143.03207 0.62823588 -0.091258184 -0.40877914 25 0 396.78425 1.1313011 -0.13394549
55 389.13026 151.38019 0.61990263 0.0011449091 -0.13566199 25 0 10373.005 28.10234 -3.6218562
56 7.9247346 157.18886 0.64627554 -0.010299644 -0.17152337 25 0 764.77446 2.1753983 -0.84384695
57 292.00311 156.87166 0.63348055 -0.3002229 -0.25171155 25 0 2645.886 7.2212404 -2.1465295
58 477.38922 163.5426 0.58578101 0.41714814 -0.038310734 25 0 6032.4838 16.679253 -3.0554415
59 378.99991 172.91976 0.63635754 -0.18076093 -0.22987033 25 0 45886.421 123.29685 -5.22738
60 199.43386 176.69334 0.4753717 0.57356857 -0.012376759 25 0 343.61811 1.0224408 -0.024095455
61 418.38914 176.35234 0.53487793 0.065367701 -0.079227766 25 0 382.89229 1.305779 -0.28967421
62 219.13586 185.12056 0.64032195 -0.200047 -0.25760525 25 0 1614.0966 4.2856405 -1.5800393
63 339.52143 185.12791 0.59337537 -0.23482265 -0.39928957 25 0 430.29449 1.4263634 -0.38557543
64 471.38623 184.81171 0.67399958 -0.3026003 -0.20343149 25 0 6147.5005 15.983576 -3.0091849
65 157.42148 185.76516 0.66151785 -0.32322355 -0.33644761 25 0 853.15846 2.1844845 -0.84837241
66 145.83636 188.31723 0.65486261 -0.47355698 -0.2336711 25 0 1459.8412 3.652846 -1.4065784
67 10.060821 193.9967 0.69300096 -0.17046638 -0.26619862 25 0 762.16511 2.0288474 -0.76812344
68 108.0603 194.22597 0.66995059 0.13117649 -0.073562389 25 0 1766.6787 4.6109657 -1.6594797
69 414.28826 193.97899 0.68015643 -0.17728569 -0.23899636 25 0 2616.2857 6.8692979 -2.0922809
70 404.11331 196.22374 0.62456416 -0.185062 -0.18099815 25 0 531.527 1.6413883 -0.53802832
71 475.93244 195.95792 0.71092801 -0.40086555 -0.37435778 25 0 709.32471 1.8746469 -0.68229872
72 219.88558 197.26497 0.58813626 -0.25927977 -0.18826232 25 0 914.15795 2.5108511 -0.9995524
73 414.61611 199.01122 0.66359772 -0.4272446 -0.33769413 25 0 837.89031 2.3535752 -0.9293202
74 182.43574 199.86393 0.71657903 0.20452658 -0.35787103 25 0 634.70906 1.5233279 -0.45698349
75 64.748745 200.70494 0.59778888 0.038336708 -0.19449545 25 0 33686.857 93.990308 -4.9327077
76 114.59884 202.25656 0.68194577 -0.48151231 -0.43575361 25 0 397.00667 1.0608248 -0.064109168
77 348.74736 204.70659 0.99202844 0.78822328 0.079879397 25 0 513.38176 1.2012017 -0.19903982
78 413.69545 206.91391 0.57306677 0.18856887 -0.013969546 25 0 302.76883 1.0498673 -0.052835992
79 448.03157 210.93473 0.70672455 0.033590169 -0.11478013 25 0 610.17627 1.7057648 -0.57979788
80 161.59145 212.77996 0.67217464 -0.37047624 -0.38098293 25 0 448.34704 1.0523142 -0.055363542
81 59.800074 214.83819 0.55480602 -0.46224922 -0.16724996 25 0 544.57725 1.7255261 -0.59230384
82 501.92132 214.58921 0.61450489 -0.16349903 -0.082087163 25 0 1353.247 3.6162893 -1.3956579
83 462.46719 216.99013 0.65617519 0.014248557 -0.23401984 25 0 566.19811 1.6412354 -0.53792718
84 495.87692 220.68391 0.63135471 0.091325645 -0.11359447 25 0 2846.3584 7.8164795 -2.232528
85 7.4472805 225.17955 0.69455811 0.54417388 -0.1587037 25 0 411.50827 1.0779592 -0.081505818
86 418.68299 226.89212 0.65117688 -0.18284598 -0.21489507 25 0 911.46729 2.4279924 -0.96311829
87 319.47301 228.86486 0.64828078 -0.22150012 -0.27842622 25 0 1220.2702 3.1559682 -1.2478315
88 249.46667 230.81905 0.60111706 -0.20441451 -0.2139699 25 0 625.77268 1.7537937 -0.60994627
89 143.83362 232.03052 0.69859549 -0.20787974 -0.21580065 25 0 981.49541 2.478753 -0.98558313
90 472.47501 235.66423 0.65206726 -0.56730725 -0.22740421 25 0 3947.035 10.221059 -2.5237397
91 232.94257 237.43708 0.49742073 -0.054330594 -0.03048965 25 0 2025.809 6.0332733 -1.9513825
92 345.19111 239.86906 0.65297277 -0.2821906 -0.24426823 25 0 4001.6408 10.572713 -2.5604661
93 415.30058 240.72534 0.64627025 -0.36840499 -0.19436141 25 0 12494.913 32.789379 -3.789333
94 320.14912 242.05029 0.64129768 -0.060789626 -0.29858057 25 0 1000.0337 2.7710474 -1.1066099
95 173.4868 248.21573 0.55643975 -0.80563118 -0.58073784 25 0 546.73987 1.624754 -0.52696903
96 233.67399 249.36711 0.51754969 0.24534993 -0.36943272 25 0 572.66456 1.7340045 -0.59762555
97 24.10705 252.24261 0.70860435 0.059420087 -0.3560264 25 0 433.76713 1.2008709 -0.19874076
98 424.57216 252.23138 0.6551406 0.093761763 -0.2832813 25 0 1719.8429 4.4413782 -1.6187944
99 197.16078 265.76287 0.64038338 -0.23007367 -0.23115334 25 0 4469.2716 11.772298 -2.6771531
100 421.29205 265.67034 0.63140211 -0.37471076 -0.16714128 25 0 6303.9862 16.555886 -3.0473811
101 259.10417 268.19239 0.66605795 -0.12499547 -0.045555149 25 0 383.66661 1.016654 -0.017932901
102 324.83851 274.81266 0.62278287 0.31311299 -0.13409854 25 0 354.21148 1.0044359 -0.0048056084
103 26.553992 286.2965 0.64020855 0.2439084 -0.25326118 25 0 1156.9117 3.0470855 -1.2097116
104 40.766418 295.51829 0.69038357 -0.40594853 -0.078310136 25 0 655.96918 1.619809 -0.52365954
105 340.97709 298.32899 0.61050286 -0.15232125 -0.14393161 25 0 4734.4115 12.872535 -2.7741602
106 153.56472 299.3751 0.55954502 -0.3191506 -0.33354536 25 0 643.73754 1.7832468 -0.62802861
107 32.207965 300.45533 0.64157512 -0.018221423 -0.062519438 25 0 1134.4157 3.0743483 -1.2193827
108 60.452811 300.26759 0.63204756 -0.37884712 -0.38337492 25 0 966.52889 2.5955842 -1.0355878
109 315.44165 303.15518 0.4621506 0.066703828 -0.34772443 25 0 319.6168 1.0788043 -0.082356661
110 446.47048 303.47383 0.63837939 -0.52685412 0.18431337 25 0 560.29003 1.4353046 -0.39236019
111 129.52246 310.10338 0.69985129 -0.466017 -0.37490746 25 0 506.65041 1.2392422 -0.23289044
112 44.033098 315.93694 0.73090167 -0.17322907 -0.27461513 25 0 1355.0606 3.454453 -1.3459482
113 187.57793 321.89325 0.69894395 -0.48043862 -0.44478604 25 0 824.64898 1.9808478 -0.74212774
114 419.13512 322.17059 0.72998079 0.036644982 -0.082553247 25 0 1126.3394 2.7292259 -1.0900987
115 106.68995 326.45672 0.57879965 -0.52555573 -0.13186503 25 0 2613.1689 7.0853113 -2.1258973
116 298.92984 338.54818 0.6087967 0.1892075 0.011384826 25 0 440.65032 1.0853834 -0.088957891
117 0.17585683 346.0103 0.94593829 -0.017044776 0.19081145 25 0 10719.224 23.567026 -3.430762
118 256.12646 345.74327 0.75153504 0.014964647 -0.029553604 25 0 498.9692 1.0756172 -0.079144376
119 349.14815 346.32994 0.65325881 0.2732265 -0.082216133 25 0 490.7012 1.2633374 -0.25379839
120 232.47598 347.17017 0.73682213 -0.43931825 -0.19262507 25 0 832.83346 1.8724093 -0.68100197
121 45.81778 347.16183 0.50727953 0.36511084 0.18337715 25 0 683.97071 2.115453 -0.81350847
122 457.50991 354.04672 0.62895268 0.065216813 0.034702385 25 0 775.34509 1.7800123 -0.62605751
123 329.49256 359.775 0.64443761 -0.44876808 -0.4043156 25 0 653.73824 1.6391688 -0.53655919
124 208.55957 363.14983 0.64804506 -0.3868347 -0.35226615 25 0 4794.7608 12.422605 -2.7355317
125 350.59786 364.87315 0.58752292 -0.024067542 -0.25375798 25 0 969.24414 2.6606049 -1.0624509
126 267.42792 367.36068 0.62108176 -0.67216222 -0.35037274 25 0 19164.778 49.167551 -4.2291964
127 383.34152 374.50888 0.66181929 -0.46341452 -0.14596099 25 0 1682.9942 4.1859572 -1.5544869
128 194.84886 376.15428 0.66150457 -0.35607867 -0.28396616 25 0 1484.9237 3.749079 -1.4348115
129 247.01893 377.49366 0.59871779 -0.11662014 -0.084630165 25 0 2280.8805 6.0237119 -1.9496605
130 64.532249 378.56567 0.57185397 0.2959637 -0.22339039 25 0 3748.1721 10.31663 -2.5338446
131 396.51818 378.91344 0.63239405 -0.22403371 -0.34376461 25 0 945.20141 2.4034216 -0.95207492
132 468.21029 381.16524 0.68737111 -0.11726775 -0.18680922 25 0 9266.4621 24.133619 -3.4565561
133 334.84654 392.01824 0.67678306 -0.25804101 -0.27863316 25 0 3481.0625 9.0974799 -2.3973028
134 43.831531 392.67024 0.6198827 0.046498376 -0.13866038 25 0 3100.7771 8.3986841 -2.3105281
135 89.608686 394.25583 0.60175523 0.69541949 0.19107028 25 0 447.08192 1.0256051 -0.027450406
136 195.95569 396.18203 0.72532395 -0.056765131 -0.23699567 25 0 658.97009 1.4847519 -0.42913475
137 113.48984 398.76674 0.69087574 -0.077489742 -0.39489134 25 0 1227.402 2.7476958 -1.0974216
138 424.14836 401.56029 0.57779196 0.063381562 -0.01814996 25 0 2047.0179 5.5523233 -1.8611869
139 453.35224 401.1524 0.67185492 -0.68454403 -0.34098923 25 0 1973.8839 4.9778516 -1.7426049
140 29.060471 403.82164 0.38951614 -0.25115991 -0.076116241 25 0 358.41129 1.1549559 -0.15641347
141 215.4682 409.02223 0.69723499 -0.29676952 -0.3861131 25 0 7320.2931 18.028607 -3.1399054
142 345.96671 411.20644 0.66056245 -0.22221269 -0.28514572 25 0 791.39715 1.9760686 -0.73950503
143 244.34835 416.59886 0.44911658 0.046070118 -0.089437372 25 0 462.10559 1.2043722 -0.20190182
144 381.30684 416.33147 0.40494198 -0.38911394 -0.30756442 25 0 437.05231 1.4837365 -0.42839195
145 241.90684 420.15513 0.7252925 -0.22500033 -0.25063897 25 0 2099.6253 5.0262486 -1.7531099
146 463.25823 420.77988 0.62210091 0.16136935 -0.23385718 25 0 505.38321 1.1958287 -0.19417244
147 74.051652 425.20286 0.72387772 0.24531719 -0.11256283 25 0 983.31149 2.3585078 -0.93159327
148 98.021513 426.66349 0.66275085 -0.012045358 -0.087985759 25 0 2139.3457 5.3456131 -1.8199938
149 273.73848 437.02386 0.66735724 0.0076099839 -0.38711787 25 0 500.03747 1.1319062 -0.13452608
150 148.74092 444.85171 0.6759178 -0.085073552 -0.30242782 25 0 2186.0868 5.4401649 -1.8390302
151 122.2795 445.74344 0.64947163 -0.21557296 -0.18752495 25 0 1071.8637 2.560117 -1.0206496
152 370.87108 446.04418 0.71690927 0.4176356 -0.22848707 25 0 435.09233 1.0333923 -0.035663042
153 221.90834 448.40983 0.65638594 -0.066407719 -0.13476845 25 0 1043.1034 2.4433659 -0.96997127
154 480.92113 448.48568 0.33078346 -0.17381601 -0.22743656 25 0 60565.235 180.59478 -5.641763
155 334.45062 450.43193 0.57581604 -0.76759995 -0.25363885 25 0 2429.5723 6.3570123 -2.0081326
156 234.94111 452.82599 0.65353091 -0.47925348 -0.15239459 25 0 1202.5089 2.9634551 -1.1794959
157 81.221998 454.51298 0.61357461 0.24817433 -0.048645278 25 0 11756.32 31.588184 -3.7488116
158 466.88469 465.12135 0.72170903 -0.23506354 -0.18364108 25 0 2427.0201 5.9133386 -1.9295819
159 300.99111 468.6159 0.53499428 -0.035698969 -0.038089087 25 0 556.12338 1.4808352 -0.42626683
160 425.00989 469.93677 0.71603591 -0.47794669 -0.42177554 25 0 516.97646 1.1108834 -0.11417119
161 46.345034 473.91668 0.73311395 -0.18995431 -0.30578494 25 0 5916.1261 14.527869 -2.9055048
162 352.12388 473.482 0.60808624 -0.055839537 -0.050543842 25 0 1208.4513 3.1282374 -1.2382493
163 139.21056 475.29921 0.63990785 0.047756667 -0.16924536 25 0 1216.4043 3.1138233 -1.2332349
164 417.5226 477.33202 0.55498638 -0.028867551 -0.31134101 25 0 60435.534 163.3472 -5.5327792
165 394.86998 479.67701 0.65884036 0.1009535 0.23417204 25 0 406.64515 1.0004178 -0.00045357239
166 200.9025 483.38483 0.61808518 -0.14028235 -0.098811577 25 0 4473.2625 11.977488 -2.6959144
167 332.57431 485.40983 0.50450325 -0.80000273 -0.34944426 25 0 495.63164 1.285301 -0.27251212
168 418.77327 484.97733 0.69243392 -0.1598303 -0.26604435 25 0 679.82683 1.468316 -0.41704882
169 250.9508 486.85708 0.70277562 -0.13668651 -0.21241203 25 0 3329.5699 8.2897449 -2.2963529
170 328.28623 492.10802 0.54579048 -0.2319973 0.030842667 25 0 472.09311 1.2330373 -0.22744057
171 129.00768 492.75097 0.6602297 -0.056769354 -0.25701552 25 0 918.4698 2.1274967 -0.81967224
172 53.982095 497.89053 0.72927024 -0.11452816 -0.22804796 25 0 1254.5049 3.0079615 -1.1956807
173 230.18636 507.88826 0.71378076 0.44130759 -0.087440643 25 0 536.4089 1.1244358 -0.12733664
