id xcentroid ycentroid sharpness roundness1 roundness2 npix sky peak flux mag
1 37.455261 0.078250901 0.77168873 -0.49285037 -0.67179253 25 0 2470 5.4931094 -1.8495456
2 298.83263 15.569401 0.5767892 -0.0198175 -0.51104703 25 0 461 1.2734977 -0.2624954
3 430.3056 19.047204 0.71468178 0.18046017 -0.3429947 25 0 373 1.1661692 -0.1669039
4 336.57678 24.344985 0.69057034 0.28708211 -0.38779441 25 0 663 1.6894916 -0.56939011
5 26.070072 24.469782 0.50906991 -0.13939268 -0.091061256 25 0 9729 25.869088 -3.5319528
6 469.0062 27.583314 0.56204582 0.072088342 -0.045048776 25 0 18955 47.296897 -4.1870816
7 409.93341 27.553598 0.56925267 0.47739356 -0.1952711 25 0 409 1.327458 -0.30755198
8 355.59323 45.861459 0.60605899 -0.73889243 -0.38977057 25 0 423 1.2071775 -0.20442784
9 188.07154 53.540855 0.59516179 -0.069138721 -0.16780273 25 0 885 2.0656297 -0.7876312
10 207.52833 54.320356 0.65584066 0.10116075 -0.40725214 25 0 1823 4.0650297 -1.5226593
11 326.10603 56.471148 0.35291187 -0.088626233 -0.28735281 25 0 58548 157.69165 -5.4945218
12 112.96241 58.526009 0.55853041 -0.18777087 -0.15600184 25 0 3763 9.2664663 -2.4172854
13 401.54363 60.224382 0.60268466 -0.46397927 -0.3891463 25 0 732 1.9392782 -0.71910029
14 472.09533 66.342903 0.59932986 0.15760426 -0.24835048 25 0 577 1.7616234 -0.61478269
15 295.839 67.065818 0.54156424 -0.19956462 -0.36499635 25 0 1192 3.1254556 -1.2372833
16 444.66862 73.890662 0.60099881 0.034323906 -0.35612455 25 0 1186 3.229769 -1.2729286
17 503.13485 76.187725 0.66870931 0.075785672 -0.18472964 25 0 2973 7.3147434 -2.1604977
18 33.096861 79.377978 0.56482092 0.11293898 -0.20354948 25 0 441 1.2740351 -0.26295348
19 56.14986 79.03428 0.71076353 -0.026476613 -0.11785373 25 0 424 1.0421483 -0.044823764
20 434.40531 80.734367 0.62621232 -0.2629893 -0.22576381 25 0 1193 3.0045829 -1.1944605
21 419.58908 82.506362 0.52167427 -0.44399642 -0.10836022 25 0 330 1.156254 -0.15763308
22 57.341362 84.357137 0.63190728 0.082216939 -0.30891792 25 0 1323 3.0842904 -1.2228882
23 470.10783 89.370779 0.64313228 0.33759427 -0.066651582 25 0 757 2.0690734 -0.78943974
24 352.09295 93.246917 0.59481024 -0.16318916 -0.26206352 25 0 2786 6.9328982 -2.1022871
25 93.71918 99.762662 0.6425219 -0.81139851 -0.26394062 25 0 478 1.0817504 -0.085317667
26 492.52082 100.26892 0.6593192 0.16931371 -0.2873873 25 0 17753 40.69026 -4.0237262
27 156.53243 106.80037 0.5146427 -0.047438328 -0.41271469 25 0 413 1.003901 -0.0042271734
28 285.12714 107.61166 0.58358317 -0.20969318 -0.15526715 25 0 958 2.324924 -0.91602191
29 289.07026 109.23759 0.61017572 -0.31584903 -0.39779395 25 0 1321 3.1510844 -1.2461501
30 187.50207 110.16841 0.64704739 -0.22765985 -0.51801612 25 0 1393 2.9656835 -1.180312
31 55.23577 114.17514 0.62575912 -0.21853435 -0.3602912 25 0 3421 8.0837858 -2.269037
32 510.33837 116.82087 0.63005428 -0.36439696 -0.12874174 25 0 1641 4.1728085 -1.5510711
33 490.72985 120.26129 0.61829737 -0.15431531 -0.195817 25 0 1724 4.4232181 -1.6143459
34 333.60229 125.67468 0.50004012 -0.12987853 -0.38379679 25 0 405 1.0548504 -0.057977162
35 220.51228 127.44928 0.61840941 0.24118689 -0.27733288 25 0 12852 29.171624 -3.6624015
36 237.93411 127.51842 0.48870167 -0.0066779757 -0.036855522 25 0 734 1.7321185 -0.59644399
37 247.95717 128.9442 0.53321513 -0.28534572 -0.35598728 25 0 1455 3.5614526 -1.3790679
38 304.40117 128.69628 0.64273777 -0.34399627 -0.38531386 25 0 963 2.1387315 -0.82539067
39 151.85721 134.07298 0.56450613 -0.32220174 -0.40711123 25 0 1729 4.3108968 -1.5864191
40 175.80291 139.5704 0.57971858 -0.34127224 -0.1841261 25 0 1289 2.7287161 -1.0898959
41 7.0841341 140.88279 0.66701707 -0.26245324 -0.34783158 25 0 1140 2.7286222 -1.0898585
42 395.60421 151.22348 0.56696081 -0.38795666 -0.33781929 25 0 9001 22.104407 -3.3611972
43 14.599689 157.2346 0.61167593 0.17089377 -0.4417932 25 0 561 1.390622 -0.35802278
44 298.51215 156.72005 0.6145325 -0.4908583 -0.3553826 25 0 2230 4.8965216 -1.7247192
45 483.78728 163.32134 0.59721259 -0.19012542 -0.18583988 25 0 6227 15.434136 -2.9712058
46 385.52451 172.74377 0.50924611 0.012780841 -0.35769003 25 0 34411 86.651925 -4.8444455
47 206.17671 176.36332 0.52193604 -0.49575339 -0.3968578 25 0 500 1.1550161 -0.15647011
48 424.73399 176.31962 0.4647012 -0.12961008 -0.56993162 25 0 317 1.1088344 -0.11216675
49 225.63265 184.97831 0.55718336 -0.10493836 -0.42714825 25 0 1469 3.3663406 -1.3178951
50 477.85852 184.60713 0.52487729 0.10068633 -0.083702642 25 0 4674 12.426583 -2.7358793
51 163.78832 185.5686 0.49466513 0.039232247 -0.32665682 25 0 751 1.7226914 -0.5905187
52 152.37276 188.19471 0.61638509 -0.14825862 -0.51574272 25 0 1293 2.6948119 -1.0763212
53 16.386667 193.9441 0.6760267 -0.28408776 -0.38905202 25 0 677 1.468042 -0.41684622
54 114.69237 194.15582 0.5217869 -0.10707136 -0.32417297 25 0 1366 3.3107202 -1.2998062
55 420.76323 193.85364 0.55478313 -0.072440846 -0.23920644 25 0 2074 5.3161665 -1.8139964
56 410.47898 196.00993 0.59145546 -0.71350844 -0.58347304 25 0 425 1.1957606 -0.19411062
57 482.50112 195.61948 0.53249779 -0.63751568 -0.14910553 25 0 431 1.3126767 -0.29539448
58 226.44105 197.1884 0.62225224 -0.11493008 -0.36537634 25 0 1012 2.1255334 -0.81866982
59 421.18247 198.86038 0.59411733 -0.42045428 -0.29474777 25 0 700 1.8423938 -0.66345617
60 188.90553 199.81482 0.45464793 -0.46967349 -0.5821601 25 0 547 1.3180282 -0.29981178
61 71.257766 200.58357 0.55053935 -0.29219116 -0.1832003 25 0 29480 73.393862 -4.6641494
62 121.01435 201.93299 0.69685332 -0.36679042 -0.19785951 25 0 517 1.0314124 -0.033580884
63 454.63738 210.72346 0.61144181 -0.84722555 -0.31873667 25 0 406 1.1760507 -0.17606511
64 167.97092 212.69034 0.53640837 -0.045943468 0.039367122 25 0 527 1.1805105 -0.18017468
65 66.198053 214.73571 0.6127716 -0.2661302 -0.33661685 25 0 504 1.0286325 -0.030650634
66 508.30588 214.49278 0.54186126 -0.37568508 -0.088421637 25 0 1038 2.7834199 -1.1114468
67 468.95969 216.94628 0.67693997 -0.1010786 -0.26270297 25 0 517 1.3575019 -0.33185112
68 502.32025 220.56027 0.58496965 -0.44229309 -0.15902973 25 0 2218 5.5141108 -1.8536887
69 425.20714 226.7943 0.59383768 -0.034762131 -0.27189294 25 0 836 2.2301295 -0.87082521
70 325.89062 228.8122 0.55408255 -0.40776055 -0.37442928 25 0 1183 2.9665255 -1.1806202
71 256.12364 230.64654 0.45807777 -0.1464423 -0.27229019 25 0 563 1.3707563 -0.3424006
72 150.34766 231.90736 0.59955315 -0.28122161 -0.34550942 25 0 939 2.0625283 -0.78599982
73 479.02479 235.46039 0.51484423 -0.002202215 -0.016043466 25 0 3137 8.1637994 -2.2797308
74 239.59038 237.42462 0.61623361 0.20854206 -0.41021651 25 0 2130 4.5759536 -1.651204
75 351.628 239.72694 0.50129948 0.052915123 -0.27494615 25 0 3148 8.2593621 -2.2923663
76 421.7741 240.43997 0.46880795 0.21778041 -0.077790984 25 0 8747 23.040888 -3.406248
77 326.72828 241.87967 0.62138971 5.9420926e-05 -0.35951408 25 0 866 1.9386527 -0.71875006
78 180.03286 248.10486 0.63721784 -0.18479301 -0.32496928 25 0 779 1.6657721 -0.55403893
79 239.95225 249.10483 0.56873778 -0.36689481 -0.29519874 25 0 695 1.5813497 -0.49756979
80 430.94255 252.06221 0.54809565 -0.14630764 -0.26020545 25 0 1547 4.1818349 -1.5534172
81 427.90034 265.51894 0.56775709 -0.30008748 -0.16066183 25 0 5232 12.594625 -2.7504631
82 203.67269 265.59615 0.4823955 0.064411871 -0.29279654 25 0 3374 8.4908404 -2.3223767
83 32.958834 286.20567 0.61798433 -0.0074885763 -0.23965064 25 0 1346 3.1857301 -1.2580224
84 47.130601 295.49085 0.57816505 -0.011906286 -0.24121521 25 0 628 1.3568874 -0.33135955
85 347.46318 298.1169 0.6515253 -0.14339029 -0.36391003 25 0 4633 10.428988 -2.5456055
86 160.32841 299.2867 0.64025022 -0.024233921 -0.31598422 25 0 793 1.6104149 -0.51734444
87 38.720069 300.39595 0.57193344 -0.20296216 -0.24581168 25 0 987 2.2927241 -0.90087951
88 66.973947 300.17663 0.61663585 -0.12669711 -0.35275428 25 0 1011 2.207544 -0.85977343
89 453.12262 303.25449 0.59770238 0.10927238 -0.067477573 25 0 518 1.4007261 -0.36588303
90 50.341504 315.92056 0.65165084 -0.31385918 -0.39555738 25 0 1157 2.5078713 -0.9982631
91 193.97543 321.67365 0.49452372 -0.16598645 -0.22990945 25 0 647 1.5214572 -0.45564937
92 425.74542 321.97366 0.57561826 -0.18190449 -0.26571175 25 0 858 2.3466542 -0.92612273
93 113.13794 326.26634 0.59225407 0.065988639 -0.29960253 25 0 2838 6.803369 -2.0818101
94 305.36516 338.27895 0.5314001 -0.078497356 -0.17730656 25 0 478 1.2094076 -0.20643173
95 6.0692325 345.99273 0.64777596 -0.12998691 -0.28708543 25 0 11375 27.099016 -3.5823838
96 52.22551 347.26432 0.59269334 -0.074754129 -0.31306793 25 0 840 1.9873235 -0.74567142
97 239.05638 346.93888 0.61861687 -0.11080986 -0.36839639 25 0 824 1.7971839 -0.63648129
98 464.00058 353.81969 0.5074882 0.34679082 0.24827341 25 0 629 1.7393867 -0.60099038
99 335.97218 359.48961 0.55687926 0.24874518 0.055264467 25 0 541 1.2589046 -0.24998209
100 215.16438 363.01789 0.60225994 -0.20903864 -0.37696983 25 0 4501 10.763214 -2.579855
101 357.24093 364.64298 0.53794516 -0.18823466 -0.22848171 25 0 774 1.8672066 -0.67798091
102 274.03314 367.15247 0.58480737 -0.27187341 -0.37933505 25 0 20014 48.464885 -4.213568
103 389.89323 374.31238 0.55169695 -0.38820813 -0.23336511 25 0 1444 3.7387411 -1.4318135
104 201.35977 376.05811 0.65187073 -0.20730981 -0.45864182 25 0 1438 3.1547218 -1.2474027
105 253.46069 377.2422 0.55356484 -0.65194692 -0.47929129 25 0 2008 4.8049122 -1.7042136
106 71.028477 378.51117 0.50494822 0.0079317303 -0.12663797 25 0 3445 8.831131 -2.3650408
107 403.04519 378.60262 0.58651377 -0.44631198 -0.22130215 25 0 830 2.0782293 -0.79423366
108 474.74058 380.8971 0.62096325 -0.1406443 -0.23423443 25 0 7691 18.804519 -3.1856556
109 341.33061 391.80292 0.58759287 -0.30693122 -0.33631792 25 0 2589 6.1358667 -1.9696898
110 50.309743 392.64315 0.57308303 -0.32516661 -0.27879321 25 0 2734 6.6717254 -2.0605954
111 95.902721 394.24108 0.84697579 -0.059680586 -0.12087102 25 0 953 1.8585665 -0.67294527
112 202.79261 395.93751 0.57365747 -0.25563216 -0.63974394 25 0 527 1.1230127 -0.12596169
113 459.24942 397.25809 0.52351974 -0.8896503 -0.18223281 25 0 455 1.3929121 -0.35980925
114 120.03367 398.75317 0.55822105 -0.33011107 -0.3240651 25 0 1190 2.8710192 -1.1450902
115 430.62981 401.19038 0.61646452 -0.47831246 -0.30029735 25 0 2022 5.0031703 -1.7481132
116 459.98459 400.86102 0.61970569 -0.4119318 -0.1801844 25 0 1795 4.5300894 -1.6402669
117 35.697287 403.57049 0.61453537 0.1454369 -0.31436466 25 0 467 1.1259852 -0.12883166
118 221.98379 408.87706 0.53158971 -0.04663573 -0.33821537 25 0 5960 15.022248 -2.9418373
119 352.36681 410.99082 0.65680883 -0.28080689 -0.40420699 25 0 606 1.3842084 -0.35300371
120 250.98458 416.25639 0.60237798 0.3387425 -0.34387567 25 0 539 1.1415842 -0.14376984
121 248.411 419.9921 0.64220196 -0.19244273 -0.37100341 25 0 1620 3.6770566 -1.4137508
122 80.398551 425.14613 0.6307888 -0.48327104 -0.37324437 25 0 756 1.7200413 -0.5888472
123 104.52603 426.6243 0.61433964 -0.56989906 -0.29483376 25 0 1741 3.8938519 -1.4759486
124 155.17145 444.72739 0.61950333 -0.26651899 -0.29170727 25 0 1792 3.9495327 -1.4913643
125 128.66912 445.5391 0.48758622 0.37699519 -0.25047162 25 0 700 1.7008664 -0.57667551
126 228.34608 448.20106 0.64130949 -0.0058431297 -0.27626893 25 0 894 1.9028 -0.69848288
127 487.41463 448.19598 0.29805568 -0.23756291 -0.40126799 25 0 57928 146.9411 -5.4178582
128 341.06813 450.12807 0.5995254 -0.17708289 -0.3036288 25 0 2686 6.6615705 -2.0589416
129 241.52536 452.71124 0.67419577 -0.55155001 -0.18916454 25 0 941 1.9897857 -0.74701576
130 87.582636 454.40342 0.59422327 -0.4375228 -0.26894417 25 0 10834 25.716677 -3.5255371
131 473.54647 464.84807 0.64471141 -0.56755122 -0.3091037 25 0 1728 4.1666279 -1.5494618
132 307.47833 468.36072 0.53324826 -0.12927813 -0.2716014 25 0 505 1.3765157 -0.34695294
133 358.59134 473.29341 0.65832893 -0.56402092 -0.35448754 25 0 1107 2.6331821 -1.0512022
134 52.704831 473.90041 0.62332345 -0.068479801 -0.35776024 25 0 4830 11.549553 -2.656413
135 145.53237 475.1617 0.56956278 -0.31576062 -0.44377934 25 0 897 2.1485213 -0.83034915
136 423.97033 476.96217 0.42929747 -0.39972005 -0.40379075 25 0 58101 166.83877 -5.5557424
137 207.41147 483.25345 0.64319154 -0.050710579 -0.34043529 25 0 4162 9.5518315 -2.4502166
138 338.95846 485.13725 0.64415203 -0.31429425 -0.3575928 25 0 593 1.5049671 -0.4438175
139 110.73508 487.07454 0.57532069 0.025475636 -0.47864131 25 0 446 1.1818427 -0.18139923
140 257.4677 486.67908 0.65734489 -0.5299536 -0.32457245 25 0 2532 5.6195608 -1.8742559
141 334.73783 491.80302 0.62423026 0.062058973 -0.26131212 25 0 408 1.0768655 -0.080403618
142 135.32459 492.49587 0.47839705 0.5580079 -0.36406373 25 0 557 1.4044163 -0.36873964
143 60.507868 497.77574 0.59914074 -0.4410829 -0.41780859 25 0 937 2.3519608 -0.9285752
