id xcentroid ycentroid sharpness roundness1 roundness2 npix sky peak flux mag
1 349.91629 0.61513109 0.6579796 0.37735021 0.13205667 25 0 672 1.7531801 -0.60956634
2 481.26562 3.2222685 0.52087816 -0.018544557 0.23827234 25 0 342 1.2471628 -0.23980786
3 7.8277739 8.3327627 0.72980666 0.033761371 0.13506682 25 0 792 2.0955148 -0.80322686
4 16.079026 8.5074802 0.71327107 0.22394436 0.37611167 25 0 409 1.2159035 -0.21224775
5 161.6958 7.8423309 0.64570922 0.2589487 0.12561656 25 0 486 1.276417 -0.26498148
6 387.55877 8.9974384 0.67959082 -0.12134986 -0.15203816 25 0 769 2.0179507 -0.76227638
7 76.803728 9.973277 0.75150175 -0.018493767 0.033487096 25 0 17155 39.595738 -3.9941211
8 24.323239 11.597735 0.72222153 -0.38700015 0.099821019 25 0 5514 12.770356 -2.7655075
9 460.91409 11.995706 0.75711753 -0.0084938111 0.16593834 25 0 774 2.0097491 -0.75785463
10 6.3957788 13.187739 0.63556264 0.077524144 -0.02581456 25 0 3344 8.6284921 -2.3398373
11 406.83131 30.329011 0.67148861 -0.43869743 0.048217177 25 0 582 1.594047 -0.50625281
12 179.25445 33.414485 0.87969765 0.17698705 0.24367577 25 0 565 1.102512 -0.10595828
13 166.0271 37.386322 0.65116845 0.36519471 0.37571798 25 0 609 1.5303142 -0.46195154
14 239.12938 38.421435 0.68190716 -0.089960237 0.24880486 25 0 1319 3.1175583 -1.2345365
15 258.52101 39.350474 0.65095983 -0.47594252 0.0024420291 25 0 2263 5.4168589 -1.8343688
16 399.25987 40.182732 0.67896928 0.24210516 0.034622989 25 0 496 1.2701105 -0.25960373
17 377.20951 41.383084 0.37788975 0.15254462 0.081304147 25 0 58721 175.02381 -5.6077429
18 118.90765 41.843823 0.73050047 0.13937826 0.064682207 25 0 663 1.5606754 -0.48328143
19 5.5259079 42.540708 0.61278171 -0.15861898 0.36869558 25 0 469 1.3910097 -0.35832538
20 163.7801 43.656055 0.67824191 0.25109125 0.11950714 25 0 5491 13.19724 -2.8012078
21 452.7602 44.595664 0.59573896 0.32757971 0.097359368 25 0 898 2.5653351 -1.0228603
22 299.38849 50.375247 0.58729372 0.54025187 0.15746469 25 0 419 1.0101211 -0.010933557
23 346.78914 51.689375 0.65206104 -0.10388406 0.17149659 25 0 1753 4.3655356 -1.6000938
24 495.7547 58.181425 0.69320238 0.0327598 0.060925054 25 0 1617 4.1706017 -1.5504968
25 50.054762 62.678753 0.79163479 -0.31036829 0.18066382 25 0 497 1.0444472 -0.047216232
26 3.8152305 63.678268 0.71517174 0.19181934 0.036571399 25 0 2068 4.9437257 -1.7351359
27 107.16536 64.590117 0.69439195 -0.15780739 0.21325003 25 0 496 1.1448183 -0.14684139
28 83.854602 64.832233 0.74872174 0.26294019 0.24347429 25 0 737 1.6450053 -0.54041825
29 485.38885 65.037252 0.72152313 0.066629305 0.0077004093 25 0 1666 4.0855285 -1.5281206
30 164.77502 66.456893 0.61442145 0.043930975 0.21890444 25 0 442 1.0721062 -0.075594507
31 50.191654 66.564817 0.71632354 -0.1156009 0.26759088 25 0 474 1.1733225 -0.17354348
32 470.70145 66.740057 0.70391963 0.20593438 -0.029344283 25 0 561 1.5412522 -0.46968428
33 108.23108 69.652089 0.72325227 -0.20315099 0.10259462 25 0 1856 4.2953459 -1.5824954
34 7.5246545 77.958149 0.66604704 0.18380038 0.058624437 25 0 673 1.7414091 -0.602252
35 403.23897 77.785246 0.7052336 0.01324649 0.10792554 25 0 3814 9.0460553 -2.3911481
36 23.511685 80.750548 0.67940687 0.13858184 0.043247186 25 0 692 1.7161864 -0.58641115
37 172.12276 81.526855 0.65839325 0.50524878 0.28144432 25 0 569 1.2999637 -0.28482802
38 144.47656 84.982236 0.60578299 0.033650589 0.0073538303 25 0 654 1.6206859 -0.52424716
39 197.03342 84.993241 0.79529604 0.48285015 -0.10973479 25 0 516 1.0035312 -0.0038272006
40 207.46619 91.747882 0.60682715 0.15338971 0.0030710806 25 0 527 1.2473996 -0.24001403
41 336.15881 92.23948 0.70960956 -0.11662439 0.060809728 25 0 1605 3.7220521 -1.4269561
42 340.08705 94.054191 0.75636241 -0.1231623 0.082775241 25 0 1994 4.4101201 -1.6111261
43 238.54432 95.188645 0.62136811 0.27213947 -0.048226179 25 0 1648 3.9603755 -1.4943409
44 4.5972443 95.7107 0.64660788 0.16564537 0.028932434 25 0 1886 4.7893216 -1.700685
45 504.17031 98.359398 0.70923497 0.19861829 0.17379056 25 0 371 1.1095026 -0.11282077
46 106.10665 99.514751 0.64393163 0.17783523 0.21830693 25 0 3346 8.1430001 -2.2769611
47 168.20732 99.219658 0.72415323 0.010951533 0.061099082 25 0 572 1.2135903 -0.21018025
48 349.15566 100.90619 0.56220729 -0.39787125 -0.27355016 25 0 474 1.1969039 -0.19514822
49 384.76016 110.35315 0.67967781 0.018006172 0.129442 25 0 648 1.5130117 -0.44960572
50 271.47647 112.53958 0.62502232 -0.59314354 0.061136086 25 0 15242 36.703787 -3.9117772
51 288.98189 112.38226 0.68381348 0.16103236 0.2980739 25 0 1125 2.4262019 -0.96231736
52 355.5447 113.58803 0.59460319 -0.41222811 0.17655901 25 0 1062 2.5381368 -1.0112876
53 299.01244 113.87065 0.71047782 -0.02960664 0.10094798 25 0 2330 5.3746563 -1.8258767
54 500.88548 114.73162 0.70806109 0.14101093 0.07330771 25 0 468 1.3104141 -0.29352143
55 150.46185 115.99468 0.62671291 -0.29452654 -0.22538241 25 0 586 1.3363405 -0.3147928
56 251.26779 115.65195 0.73711693 0.02607682 0.19911306 25 0 656 1.2984302 -0.28354656
57 205.31135 116.78142 0.67707851 0.059268711 0.086996575 25 0 524 1.0582346 -0.061454941
58 103.20274 117.51165 0.71248344 -0.41679835 0.13265058 25 0 611 1.3167803 -0.29878329
59 202.87507 119.11225 0.73192041 -0.015495724 0.054163709 25 0 2607 5.8736545 -1.922271
60 35.601046 120.96387 0.65511306 0.02659681 -0.061008227 25 0 478 1.19956 -0.19755493
61 226.86618 124.62385 0.61174409 0.079880432 0.46577311 25 0 1827 4.3309506 -1.5914581
62 58.061799 126.29624 0.73751604 0.13620154 0.097008132 25 0 1535 3.5498761 -1.375533
63 30.56277 127.0639 0.63932335 -0.40229382 -0.17288999 25 0 436 1.1409959 -0.14321019
64 304.23397 127.6804 0.74929599 0.097410757 0.037591478 25 0 603 1.1352447 -0.13772371
65 446.82172 135.49059 0.65046066 0.39048536 0.21437652 25 0 12362 30.375241 -3.7062993
66 349.54703 141.40495 0.64884982 -0.41901075 0.04134539 25 0 2965 6.9678281 -2.1077436
67 65.280542 142.63387 0.72322508 -0.23566632 0.18902683 25 0 846 1.8511695 -0.66861549
68 48.497797 146.62848 0.63082962 -0.5383429 0.047886748 25 0 590 1.3428861 -0.32009791
69 148.15176 155.81533 0.58675594 0.25642917 0.07230425 25 0 477 1.0957981 -0.099326388
70 436.77372 157.1355 0.70652512 -0.0013451798 0.053135999 25 0 59042 139.65866 -5.3626697
71 257.26818 161.48499 0.59928685 0.40869887 0.12112174 25 0 573 1.2870533 -0.27399137
72 476.08729 160.49326 0.66488064 0.084005443 0.26152388 25 0 531 1.4176404 -0.37891518
73 204.28455 164.86971 0.65698258 -0.11768073 -0.1451914 25 0 776 1.7766294 -0.62399209
74 276.88052 169.85252 0.70938771 0.14861793 0.080751363 25 0 2256 5.1316403 -1.7756405
75 397.08213 169.5505 0.71983605 -0.0059841549 0.30276132 25 0 678 1.4804159 -0.42595934
76 214.89979 170.54099 0.70619467 0.36915688 0.24789604 25 0 1222 2.6964366 -1.0769755
77 203.47077 173.30927 0.6498045 0.18691599 -0.046775322 25 0 1712 3.9411978 -1.4890706
78 6.3612821 177.96074 0.71721977 -0.16276702 -0.15952068 25 0 691 1.5490476 -0.47516188
79 471.93451 178.07799 0.72442976 -0.005461855 0.037300804 25 0 3288 7.7469487 -2.2228267
80 67.362525 179.24431 0.66041611 -0.49115407 -0.12206602 25 0 827 1.8657578 -0.67713819
81 165.75372 179.32363 0.6985703 0.079590111 0.15073635 25 0 2137 4.826099 -1.7089906
82 461.83559 180.37398 0.65466559 0.089888651 0.18563108 25 0 655 1.7687416 -0.61916097
83 277.58849 182.07906 0.62271809 -0.20809195 -0.066256709 25 0 1228 2.9243358 -1.1650681
84 472.3637 183.11702 0.56561422 -0.1419966 0.04447621 25 0 879 2.5487261 -1.0158079
85 240.09918 184.74901 0.70740267 0.16304157 0.13693513 25 0 981 2.1215349 -0.81662545
86 122.3286 185.93127 0.72845851 -0.10941493 -0.015342114 25 0 46000 106.54744 -5.0688576
87 172.05541 186.9863 0.57519535 0.27985901 0.018739181 25 0 556 1.3960599 -0.36226016
88 505.78521 194.91955 0.80562375 0.27985974 0.043408049 25 0 674 1.5168629 -0.45236579
89 218.99696 197.78048 0.71177935 0.13024787 0.12438593 25 0 825 1.7950822 -0.63521086
90 117.73329 200.02595 0.65029285 0.0052449712 -0.26774485 25 0 661 1.4717906 -0.41961507
91 15.408916 208.00682 0.67518436 -0.047194563 -0.15984778 25 0 2049 4.8555501 -1.7155961
92 63.441349 209.07079 0.80273632 0.095724207 -0.25576371 25 0 582 1.1724408 -0.17272734
93 65.444417 210.40059 0.59632993 0.58294819 -0.049881653 25 0 490 1.1475017 -0.14938332
94 476.5495 211.03832 0.66735441 -0.06591679 -0.18273247 25 0 1066 2.6757396 -1.0686096
95 38.597605 212.44571 0.61320991 0.46352962 0.08683056 25 0 1688 4.0222022 -1.5111597
96 377.04681 213.32833 0.70474093 0.27944664 0.23616935 25 0 1746 4.0315064 -1.5136684
97 307.37836 215.36217 0.65513795 -0.2071017 0.25550508 25 0 789 1.7206938 -0.58925898
98 201.53859 217.05344 0.65781954 0.16573267 -0.044426786 25 0 1103 2.4526005 -0.97406705
99 290.80788 222.27139 0.70366262 -0.053053216 0.099606716 25 0 3339 7.6777218 -2.2130809
100 402.87753 224.25685 0.71133412 0.035490743 0.13680255 25 0 5185 12.165313 -2.7128082
101 473.04463 224.79067 0.72479251 0.10102849 0.13277169 25 0 16576 38.906935 -3.9750675
102 377.80483 226.54463 0.68154059 0.23618731 0.20986586 25 0 1152 2.6914675 -1.0749729
103 231.3424 233.16409 0.64651608 0.50759194 0.10101521 25 0 827 1.8920588 -0.69233658
104 291.40219 233.90843 0.67889832 -0.046106567 -0.0827659 25 0 962 2.1595424 -0.83590434
105 482.23291 236.30458 0.6884181 0.32022994 0.061570009 25 0 1987 4.820965 -1.7078349
106 479.10232 249.66982 0.72590944 0.099925005 0.17184837 25 0 8375 19.417505 -3.2204836
107 254.99789 250.61037 0.70012468 0.15032466 0.18005932 25 0 5768 13.468771 -2.8233199
108 27.211969 251.67226 0.74066198 -0.23004455 0.13148968 25 0 1166 2.4941225 -0.99229447
109 317.14368 252.79988 0.7367873 0.24797987 0.15167886 25 0 668 1.4570504 -0.40868641
110 84.235657 271.51066 0.70597912 -0.056308394 0.25110512 25 0 1573 3.5410372 -1.3728262
111 98.341782 280.87675 0.65092225 0.29476786 -0.027716377 25 0 744 1.6573242 -0.54851867
112 398.67407 282.52087 0.59413434 0.40083451 0.14495089 25 0 4962 12.832141 -2.7707478
113 211.53353 284.45711 0.5424621 -0.15533642 0.13197267 25 0 964 2.3831361 -0.94287212
114 90.035139 285.64088 0.73478638 0.015418443 0.16546041 25 0 1558 3.4493944 -1.3443571
115 118.28093 285.40397 0.64695115 0.0091535984 0.33302402 25 0 1177 2.675682 -1.0685862
116 373.0141 287.2783 0.75929907 -0.019845451 0.24876476 25 0 529 1.1961586 -0.1944719
117 504.43397 287.40654 0.61218327 0.25642745 0.028986761 25 0 656 1.9750023 -0.73891901
118 42.751284 290.78929 0.68216796 -0.86477959 -0.16318283 25 0 519 1.1219535 -0.12493718
119 187.36625 295.20465 0.62966966 -0.062987324 0.043057176 25 0 570 1.3548147 -0.32969973
120 101.77761 301.1811 0.70145769 -0.048364401 0.029347426 25 0 1482 3.4343077 -1.339598
121 6.0716738 305.67191 0.77800448 -0.18365634 0.16802406 25 0 717 1.464032 -0.41387645
122 477.21447 306.2606 0.69971703 0.11281011 0.083211541 25 0 1124 2.9676385 -1.1810275
123 245.25075 306.64993 0.7205328 0.042105603 0.12141909 25 0 909 1.952862 -0.72667887
124 164.58692 311.51748 0.52705876 0.59239077 0.0030883534 25 0 2663 6.9726425 -2.1084935
125 24.899888 313.33732 0.70201293 -0.2409703 0.055826794 25 0 998 2.2712656 -0.89066979
126 40.485577 313.22755 0.6810303 -0.40378892 -0.11448106 25 0 2201 5.0519541 -1.7586485
127 213.98381 320.82967 0.7294687 -0.22364338 -0.12654687 25 0 480 1.0595246 -0.062777615
128 9.4895728 323.41092 0.63604144 -0.56388425 0.011443643 25 0 753 1.7071108 -0.58065425
129 356.5838 322.85713 0.60229338 0.015760585 -0.0047487515 25 0 560 1.4780286 -0.42420708
130 47.084775 330.50873 0.64398261 0.21738597 0.23425976 25 0 4630 11.245021 -2.6274007
131 314.0437 330.25289 0.77844289 0.33090067 0.14862927 25 0 652 1.4155211 -0.37729089
132 57.302651 331.54045 0.59698456 0.42211525 0.18844447 25 0 10915 27.923404 -3.6149209
133 406.90981 330.39537 0.66625212 0.02766678 0.25790867 25 0 445 1.2260224 -0.22124606
134 290.45881 331.79495 0.68705057 -0.17400052 -0.068760728 25 0 963 2.2417227 -0.87645474
135 103.49361 332.49969 0.63925413 -0.63817394 0.098271722 25 0 883 1.9729917 -0.73781313
136 387.24294 344.08817 0.77726112 -0.051873325 -0.095031416 25 0 884 2.0097034 -0.75782994
137 266.52417 347.89455 0.63312727 0.085309614 -0.093560549 25 0 5169 12.913564 -2.7776153
138 408.41672 349.15595 0.61995515 -0.29406066 -0.28178954 25 0 1001 2.7255391 -1.0886311
139 48.631748 350.52871 0.72920488 -0.36688729 0.14682317 25 0 783 1.655896 -0.54758267
140 39.044841 350.73076 0.81402115 0.18378423 0.12358434 25 0 521 1.0996147 -0.10310134
141 21.359322 352.52045 0.61335333 0.37545172 0.23289674 25 0 762 1.9241306 -0.71058636
142 325.41833 351.69898 0.66645035 -0.18436095 0.0086644254 25 0 24319 57.570709 -4.4005039
143 48.863138 354.21142 0.77993481 -0.69088484 0.13126882 25 0 1606 3.4771419 -1.353056
144 441.25758 358.76485 0.76833392 -0.16652758 -0.0028206434 25 0 2101 4.8578163 -1.7161027
145 252.84608 360.87704 0.71450599 0.23542074 0.083429418 25 0 1833 4.3011181 -1.5839534
146 304.83334 362.01763 0.72936653 0.078819825 0.069659958 25 0 3222 7.5939232 -2.2011655
147 454.47553 363.09316 0.66370951 -0.10139378 -0.18290173 25 0 1048 2.7730096 -1.1073784
148 122.50213 363.77067 0.67664986 -0.31099289 -0.055870487 25 0 4875 11.466813 -2.6486068
149 165.61449 364.57598 0.61112727 0.52165409 0.23299227 25 0 483 1.17874 -0.17854501
150 49.559789 366.79277 0.6856191 0.20075904 -0.092949157 25 0 502 1.2598348 -0.25078396
151 29.848691 370.44336 0.67662678 0.36937986 0.16562647 25 0 687 1.6355103 -0.53413319
152 392.77541 376.35506 0.70560561 -0.092898678 0.13888532 25 0 3616 8.6216556 -2.3389767
153 101.60422 377.93325 0.69734946 -0.021418432 -0.042809987 25 0 3782 8.936155 -2.3778767
154 147.50158 379.64763 0.48452829 0.032884427 -0.13113246 25 0 415 1.1318477 -0.13446999
155 254.37396 380.79837 0.72461566 -0.2990276 -0.11334202 25 0 645 1.4769337 -0.42340253
156 510.78957 381.6946 0.75396452 -0.76535132 0.14860568 25 0 512 1.2650038 -0.25522962
157 31.873272 383.93911 0.69469295 -0.086819805 -0.03094122 25 0 1026 2.4524792 -0.97401333
158 171.51159 383.72449 0.67009126 -0.16270136 -0.051237623 25 0 1442 3.373215 -1.3201101
159 510.96352 385.0779 0.9128995 0.18470988 0.3947172 25 0 1669 3.5518653 -1.3761412
160 482.10588 385.53141 0.75074399 -0.0069986387 0.21851539 25 0 2637 6.1643981 -1.9747267
161 87.041951 388.92486 0.78841292 -0.16209584 -0.093015982 25 0 742 1.6683502 -0.55571806
162 273.42927 393.54185 0.66412516 -0.3690119 0.055333645 25 0 7042 16.513219 -3.0445793
163 403.88433 395.4088 0.61947392 0.18732462 0.11800586 25 0 644 1.8830722 -0.68716745
164 439.41546 400.53367 0.68063583 0.73904953 0.11514384 25 0 462 1.3053321 -0.28930259
165 302.51866 401.05353 0.60416716 0.51615782 -0.094363377 25 0 637 1.6734203 -0.55901261
166 30.218775 405.0953 0.65482299 0.26924854 0.1785173 25 0 871 2.1549769 -0.83360654
167 299.88256 404.675 0.71321158 0.23998364 0.12318022 25 0 2088 4.9656602 -1.7399425
168 131.85846 410.27811 0.68914153 -0.021291833 0.17683308 25 0 930 2.3032695 -0.90586191
169 155.97411 411.68682 0.73844396 0.076799939 0.12506357 25 0 2489 5.7688879 -1.9027302
170 8.5844249 415.29047 0.75562288 -0.34655978 0.094711226 25 0 1196 2.690373 -1.0745312
171 180.25781 430.65307 0.5644823 0.43544589 0.28828575 25 0 795 2.175709 -0.84400203
172 206.80152 429.62063 0.65025154 0.2572371 0.071551976 25 0 2098 5.2563443 -1.8017095
173 279.96919 432.87597 0.74740199 -0.017121062 0.043332824 25 0 1240 2.8968449 -1.1548131
174 392.47133 434.68501 0.59407851 0.26176988 -0.055645077 25 0 2639 7.0528733 -2.1209152
175 293.07325 437.29653 0.68942084 -0.18116068 0.19330057 25 0 1162 2.7826142 -1.1111325
176 139.14849 439.5151 0.65294874 0.3246895 0.23595382 25 0 13498 33.073377 -3.7986964
177 359.11696 452.80229 0.72720541 0.06152673 0.11397061 25 0 686 1.8754694 -0.68277496
178 410.05816 457.67099 0.73793607 0.016314392 0.10633599 25 0 1451 3.6648361 -1.4101364
179 104.25854 459.05917 0.71668642 -0.0074721665 0.011844628 25 0 6248 14.81669 -2.926878
180 197.20062 460.06329 0.70337603 0.22687395 0.038392292 25 0 1262 3.1282026 -1.2382372
181 475.49468 461.14589 0.49911748 -0.1461762 0.00074622098 25 0 58079 159.36917 -5.5060108
182 13.06578 463.59367 0.72132438 -0.021231656 0.11689972 25 0 1045 2.4434964 -0.97002924
183 258.96527 468.08068 0.76461547 0.033322117 0.072137655 25 0 5901 13.591592 -2.8331759
184 476.90946 468.68955 0.79647828 0.1315709 0.27153502 25 0 413 1.1508749 -0.15257032
185 390.49144 469.49708 0.56661878 0.24159037 0.13050655 25 0 378 1.2555709 -0.2471031
186 309.08144 471.35952 0.70022532 0.176456 0.20501285 25 0 3291 8.0062327 -2.2585705
187 162.09456 472.10947 0.8192494 0.37201912 0.028748521 25 0 570 1.2999171 -0.28478915
188 386.22401 476.30146 0.62704574 0.080733939 -0.12956084 25 0 335 1.1245216 -0.12741947
189 186.99882 477.38859 0.70164892 0.2202432 0.21512642 25 0 807 2.0094134 -0.75767321
190 112.05259 482.95485 0.74020425 -0.1077245 0.14503354 25 0 1343 3.2848154 -1.2912774
191 288.26584 492.3392 0.55781162 0.27178 0.10555741 25 0 333 1.0616257 -0.064928562
192 164.04199 499.38358 0.63164933 0.48503817 0.6908417 25 0 488 1.2618612 -0.25252899
193 209.30634 499.57498 0.71197132 -0.49919427 0.14225376 25 0 503 1.2446843 -0.23764804
194 164.88963 503.13641 0.68031227 -0.027101033 0.11835975 25 0 732 1.8029564 -0.63996304
195 211.32599 506.86622 0.7472596 0.059517061 -0.083666695 25 0 871 1.9324571 -0.71527467
196 85.731957 510.17893 0.6606774 -0.64364654 -0.19632556 25 0 541 1.3039503 -0.28815258
197 283.96009 509.98587 0.71795422 0.13437857 0.07371234 25 0 1324 3.1078519 -1.2311508
198 294.90633 509.96582 0.7612286 0.48781583 0.099709126 25 0 493 1.1574731 -0.15877729
199 38.954155 510.69635 0.90729201 0.27113711 -0.09396676 25 0 787 1.5887064 -0.50260914
200 208.84836 510.60585 0.77758767 0.51090282 -0.15481549 25 0 1005 2.2367449 -0.87404112
