id xcentroid ycentroid sharpness roundness1 roundness2 npix sky peak flux mag
1 298.13263 23.175178 0.67444227 -0.617208 -0.14030086 25 0 540 1.2421898 -0.23546992
2 503.90785 24.211148 0.8074478 -0.53948073 -0.0034813006 25 0 328 1.0398953 -0.042474065
3 430.44087 26.530121 0.56176874 0.26969665 -0.050012868 25 0 15205 32.097863 -3.7661903
4 149.77349 52.261638 0.65945994 -0.36919129 0.023377428 25 0 923 1.9137129 -0.70469194
5 169.20225 53.199663 0.67853966 -0.27300607 -0.13987948 25 0 1879 3.767651 -1.4401767
6 287.6411 55.468587 0.43416683 -0.57324545 -0.04941254 25 0 57722 130.86251 -5.2920381
7 74.354293 57.409155 0.59261787 -0.028890356 -0.052707705 25 0 3193 6.7663412 -2.0758847
8 363.30998 59.105608 0.71489611 -0.21462521 -0.27668579 25 0 757 1.6773118 -0.56153453
9 433.37351 65.224577 0.60304067 -0.95953606 -0.44142266 25 0 424 1.2516815 -0.2437346
10 506.31126 64.849695 0.66212771 -0.39559085 -0.20293745 25 0 1157 2.6757257 -1.068604
11 257.29957 65.9822 0.69310825 -0.48405182 -0.22798654 25 0 1271 2.5373893 -1.0109677
12 406.32214 72.803926 0.72803751 -0.29477197 -0.083026483 25 0 1106 2.2939579 -0.90146361
13 464.53775 75.127631 0.71189055 -0.33250074 -0.16499496 25 0 2464 4.8987267 -1.725208
14 395.86604 79.547675 0.65570957 -0.090312871 0.13325472 25 0 1154 2.495058 -0.99270162
15 18.768362 83.176692 0.68721375 -0.56272296 -0.13113121 25 0 1173 2.5209383 -1.0039056
16 431.64033 88.270619 0.64879349 -0.44857465 -0.036189387 25 0 562 1.2746168 -0.26344912
17 313.62118 92.187685 0.68708963 -0.55979413 -0.21137955 25 0 2571 5.0276666 -1.7534162
18 453.88161 99.229439 0.724065 -0.1861945 -0.039239835 25 0 18189 34.652757 -3.8493445
19 246.68888 106.49039 0.70524963 -0.84933586 -0.10918786 25 0 905 1.6388733 -0.53636343
20 250.59618 108.15094 0.70839876 -0.69722323 -0.27739749 25 0 1107 1.9695159 -0.73589873
21 148.86708 109.13088 0.6911269 -0.108484 -0.065358025 25 0 1497 2.7887324 -1.1135171
22 16.509773 113.00914 0.67839605 -0.4303892 -0.24262606 25 0 2538 4.9421405 -1.7347877
23 471.811 115.82613 0.6928711 -0.13693149 -0.086056578 25 0 1520 3.1961472 -1.2615669
24 452.21244 119.20277 0.70274431 0.022497638 -0.010087318 25 0 1589 3.2884052 -1.2924633
25 182.02817 126.37913 0.66505 -0.15107645 0.025269117 25 0 13845 27.113547 -3.5829659
26 199.47284 126.41283 0.5501954 -0.77543532 0.13139283 25 0 729 1.4883485 -0.43176158
27 209.60404 127.82691 0.6489872 -0.55202471 -0.27752527 25 0 1397 2.6407443 -1.0543159
28 265.9127 127.67897 0.74330417 0.092421088 0.17295639 25 0 896 1.5489508 -0.47509405
29 113.10223 133.05868 0.70887052 -0.31992379 -0.060544159 25 0 1842 3.4269039 -1.3372548
30 480.50048 134.54256 0.57559561 -0.61284199 -0.052273709 25 0 996 2.3757959 -0.93952283
31 137.19708 138.54409 0.56771703 0.11888894 0.09029943 25 0 1232 2.4855256 -0.98854561
32 357.08523 150.25319 0.67726385 -0.18766823 -0.072352386 25 0 9631 18.768278 -3.1835611
33 260.0044 155.6655 0.67848385 -0.19959662 0.020260696 25 0 2452 4.5829311 -1.6528583
34 445.25086 162.18909 0.69474373 -0.06174578 -0.082502889 25 0 6191 12.191007 -2.715099
35 347.03706 171.74112 0.66359943 -0.30912295 -0.080085225 25 0 36992 71.814522 -4.6405307
36 114.50792 178.94411 0.69244118 -0.39356049 -0.28117955 25 0 1149 2.0326171 -0.77013896
37 187.19361 183.92836 0.71037831 -0.21941919 -0.15988155 25 0 1634 2.9632056 -1.1794045
38 439.28227 183.54131 0.62409232 -0.4201921 0.021760029 25 0 4387 9.0639001 -2.3932878
39 125.10151 184.59284 0.58128196 -0.29203826 0.078562269 25 0 816 1.6721335 -0.5581774
40 113.64703 187.20835 0.66787074 -0.38961013 -0.18895672 25 0 1340 2.5224362 -1.0045505
41 75.98574 193.0896 0.70320404 -0.17699701 -0.038943193 25 0 1600 2.9226435 -1.1644396
42 382.18455 192.86018 0.6913213 -0.44282856 -0.091507258 25 0 2133 4.1242097 -1.5383519
43 372.07689 195.08106 0.78950978 0.055108375 0.062483204 25 0 537 1.0017469 -0.0018950308
44 443.7409 194.6887 0.54193883 -0.80533705 -0.25823799 25 0 416 1.2197357 -0.21566436
45 187.98174 196.21292 0.62759965 -0.51953703 -0.12973769 25 0 942 1.7595627 -0.61351185
46 382.69934 197.81858 0.66529165 -0.44379212 -0.057356862 25 0 644 1.290074 -0.27653652
47 32.592228 199.63496 0.60917345 -0.70763815 0.07463706 25 0 25085 49.51134 -4.2367617
48 150.25836 198.66686 0.54592237 -0.16308825 -0.051448781 25 0 606 1.1439633 -0.14603021
49 415.76503 209.90726 0.6279975 -0.063347976 -0.052961151 25 0 431 1.0413284 -0.043969265
50 469.80779 213.53641 0.62174138 -0.48612273 -0.060773387 25 0 930 2.0495373 -0.77913958
51 463.60795 219.53472 0.59068276 0.11934029 -0.029118386 25 0 1931 4.177318 -1.5522438
52 386.64526 225.69525 0.67076259 -0.076746163 -0.13733044 25 0 690 1.3313964 -0.31076842
53 287.34372 227.8591 0.72169532 -0.22859502 -0.12430998 25 0 1293 2.2639318 -0.88715835
54 217.76233 229.60377 0.63270554 -0.16614704 -0.060714995 25 0 601 1.0148786 -0.016035243
55 111.61479 230.98969 0.72106915 -0.15371701 -0.28114063 25 0 840 1.3271601 -0.30730831
56 440.30264 234.49081 0.59012675 -0.58038074 -0.017037914 25 0 2769 5.8136544 -1.911123
57 201.00532 236.47642 0.60815766 -0.1444391 0.11748083 25 0 2143 4.2126969 -1.5614005
58 313.07251 238.77136 0.69570119 -0.31287316 -0.079903945 25 0 3627 6.8203146 -2.084511
59 383.15519 239.53876 0.61627325 -0.37315086 0.049956567 25 0 9222 18.512569 -3.1686667
60 288.13919 240.99797 0.64420995 -0.18061603 -0.29447266 25 0 842 1.5708406 -0.49033033
61 141.39701 247.0321 0.53736705 -0.016649773 -0.18285999 25 0 536 1.0045519 -0.0049309948
62 392.42563 251.11039 0.64911881 -0.12130203 -0.22399935 25 0 1482 3.0058857 -1.1949311
63 165.11153 264.66719 0.67738596 -0.32333763 -0.016779668 25 0 4046 7.5958523 -2.2014413
64 389.13725 264.50107 0.61637821 -0.33266569 0.063251514 25 0 4748 9.4603682 -2.4397701
65 489.75779 266.02463 0.69801472 -0.086505693 -0.12819406 25 0 1269 2.6812118 -1.0708278
66 308.84371 297.1903 0.6959345 -0.32591684 -0.076168674 25 0 4596 8.7398815 -2.3537639
67 121.46677 298.21405 0.64974758 -0.072818942 -0.1349214 25 0 750 1.2574216 -0.24870229
68 0.47245463 299.25362 0.7131497 0.0075743028 0.19983839 25 0 1048 2.0189173 -0.7627963
69 28.462316 299.10264 0.67713911 -0.70156576 -0.40989627 25 0 886 1.6713216 -0.5576501
70 414.35513 302.29591 0.67029881 0.048473349 -0.11227589 25 0 545 1.1286704 -0.13141783
71 12.084021 314.61815 0.68069413 -0.30278287 -0.012304591 25 0 1025 2.0702388 -0.79005109
72 155.13968 320.7305 0.66648959 -0.40487018 0.045846365 25 0 677 1.0405097 -0.043115289
73 387.18491 320.99388 0.69080465 -0.11458587 -0.23997761 25 0 811 1.6052562 -0.51386086
74 74.516084 325.34501 0.64174007 -0.67915443 -0.13427128 25 0 2283 4.2368844 -1.5676165
75 503.53667 335.58151 0.66596411 -0.57074797 -0.015971337 25 0 934 2.0096426 -0.75779704
76 13.997132 346.01805 0.78551283 -0.55195658 0.061040399 25 0 792 1.3577057 -0.33201411
77 200.52074 346.00982 0.66921233 -0.66810685 -0.3230604 25 0 775 1.3679019 -0.34013741
78 425.38812 352.8021 0.61917084 0.25212856 0.22291846 25 0 528 1.0305379 -0.032659911
79 297.14734 358.69515 0.77322419 -0.12909556 0.10244327 25 0 749 1.2912003 -0.27748406
80 232.08413 361.72291 0.72302517 -0.16336052 0.66727754 25 0 591 1.0687147 -0.072154459
81 176.53496 362.15978 0.62650134 -0.18836929 -0.24705846 25 0 3772 7.3601409 -2.1672153
82 318.30316 363.79942 0.5213528 -0.36016317 -0.44055687 25 0 706 1.5186545 -0.45364744
83 235.58856 366.11187 0.58480635 -0.50841738 -0.027494176 25 0 16564 33.573241 -3.8149832
84 351.27932 373.44515 0.56571512 0.10321107 0.05555379 25 0 1282 2.7723466 -1.1071188
85 162.68733 375.05225 0.73376933 -0.21698413 -0.11357739 25 0 1307 2.2020979 -0.85709158
86 215.0132 376.37696 0.67368974 -0.29576608 -0.04637699 25 0 2219 4.1218401 -1.5377278
87 32.732247 377.41413 0.67607653 -0.49112558 -0.045647374 25 0 3676 7.1083582 -2.1294233
88 364.39094 377.76274 0.79319916 -0.37950598 -0.16110728 25 0 978 1.7289399 -0.59444976
89 436.03461 379.9841 0.72664909 -0.20992335 -0.071710451 25 0 7696 14.61891 -2.9122875
90 11.822953 391.60878 0.63693391 -0.35653505 0.1492223 25 0 2367 4.672338 -1.6738356
91 302.64906 390.87679 0.66744163 -0.27812164 -0.17703625 25 0 2583 4.9071578 -1.727075
92 81.339091 397.58524 0.58817242 -0.53358878 -0.024923423 25 0 928 1.7754549 -0.62327409
93 392.01484 400.30767 0.67798361 -0.20752702 -0.013563117 25 0 2009 4.0220954 -1.5111309
94 421.39552 399.9883 0.7208899 -0.46978275 -0.15288362 25 0 1410 2.6305602 -1.0501206
95 183.38995 407.94413 0.6796145 -0.45626601 -0.22755546 25 0 5979 11.320747 -2.6346877
96 313.77853 410.17518 0.70069623 -0.1402085 -0.12346706 25 0 607 1.1042127 -0.10763188
97 212.56359 415.36721 0.59751757 -0.097636296 -0.17951365 25 0 572 1.0178942 -0.019256551
98 209.86946 419.08639 0.70993574 -0.20951767 -0.074109611 25 0 1807 3.348591 -1.3121553
99 496.84827 421.62285 0.63392292 -0.50049207 0.1497597 25 0 1545 3.2254411 -1.2714728
100 41.978994 423.92147 0.76871718 -0.43381398 -0.22900437 25 0 778 1.4008853 -0.36600644
101 65.917531 425.40249 0.68324284 -0.33864789 0.0024962246 25 0 1644 3.0675862 -1.2169919
102 90.106716 444.48623 0.71531137 0.058020189 -0.058259998 25 0 786 1.3430877 -0.32026096
103 116.54697 443.63494 0.59801273 0.19154987 -0.087237827 25 0 1406 2.719617 -1.0862694
104 189.8427 447.26526 0.68155391 -0.17817862 -0.15929425 25 0 1000 1.8821632 -0.68664317
105 448.73089 447.4284 0.3688217 -0.56604504 -0.091086962 25 0 57624 129.14166 -5.2776659
106 302.25485 449.3635 0.62820573 -0.11744786 -0.068680246 25 0 2237 4.470118 -1.6257975
107 202.91338 451.77586 0.70455043 -0.14501811 0.13591285 25 0 966 1.712182 -0.58387479
108 49.176244 453.20532 0.7006756 -0.16391455 -0.14783654 25 0 10977 20.922379 -3.3015277
109 434.73245 464.04115 0.77767152 -0.26034385 -0.1064989 25 0 1809 3.2914606 -1.2934716
110 268.93201 467.29189 0.68609358 -0.74629605 -0.20324442 25 0 563 1.0398024 -0.042377066
111 319.78174 472.55414 0.54593596 -0.31217479 -0.014466779 25 0 809 1.8139613 -0.64657005
112 14.272216 472.65266 0.6788714 -0.38178512 -0.077318716 25 0 4204 8.2394229 -2.289742
113 107.12982 474.11981 0.72893168 -0.44703061 -0.14279323 25 0 1083 1.9001806 -0.69698722
114 385.27326 476.1919 0.56030062 -0.25535864 -0.17163059 25 0 57441 122.72424 -5.2223258
115 168.87012 482.25347 0.69987133 -0.23214068 -0.017345158 25 0 4212 8.0717794 -2.2674232
116 218.74514 485.76197 0.68076629 -0.12988994 -0.14879165 25 0 2553 4.8005117 -1.7032188
117 96.681155 491.48768 0.65655341 -0.19851861 -0.34827177 25 0 599 1.0865861 -0.090160314
118 22.003346 496.53456 0.65621021 -0.13142219 0.092898127 25 0 765 1.5748785 -0.49311763
