id xcentroid ycentroid sharpness roundness1 roundness2 npix sky peak flux mag
1 508.75405 1.0355854 0.55346624 0.16117581 -0.012050604 25 0 331.75862 1.4766697 -0.42320838
2 325.81579 4.2839513 0.50131128 0.17702582 -0.58320759 25 0 236.93191 1.1143292 -0.11753379
3 298.01193 7.0953229 0.72288503 -0.11359663 -0.3977919 25 0 883.73951 3.0971261 -1.2273972
4 307.09668 9.4212087 0.33869734 0.15055726 -0.082450159 25 0 196.43846 1.2846622 -0.27197238
5 429.62886 10.471187 0.69717483 0.39065847 -0.25352275 25 0 496.79548 1.7570766 -0.61197671
6 109.86709 14.283935 0.69528809 -0.21323443 -0.24113302 25 0 590.25507 2.0566831 -0.78291843
7 303.00252 14.388182 0.950657 0.26407435 0.49753925 25 0 875.41674 2.7439837 -1.0959538
8 25.080285 16.201788 0.72275263 -0.0060849462 -0.16232266 25 0 17931.37 61.364626 -4.4697952
9 335.74975 15.725802 0.58852924 -0.50287555 -0.37602016 25 0 657.11152 2.5436354 -1.0136372
10 408.95216 18.871231 0.69753797 0.070664895 -0.18584499 25 0 858.73967 3.0673677 -1.2169146
11 468.09685 18.848806 0.70634586 0.068622678 -0.15973603 25 0 33547.938 115.61309 -5.1575175
12 425.97523 20.331545 0.78336786 0.33313539 -0.11262725 25 0 294.60125 1.0127164 -0.013719587
13 334.49206 23.975902 0.62103642 -0.49848828 -0.31608637 25 0 316.40982 1.4591747 -0.41026826
14 335.90349 29.186551 0.67827277 -0.15723727 -0.00018174116 25 0 282.44764 1.1308727 -0.1335343
15 354.68533 37.248156 0.59953353 0.1861645 -0.11442793 25 0 557.84996 2.2748756 -0.89239414
16 454.4368 37.404495 0.65101566 0.54982074 -0.039858632 25 0 406.96899 1.5547156 -0.47912738
17 127.49689 39.806085 0.62730949 0.47639451 -0.24184819 25 0 443.04125 1.720207 -0.58895178
18 114.25415 43.952133 0.68679974 0.17217928 -0.1003032 25 0 662.43111 2.338542 -0.92236292
19 187.22147 45.085666 0.65401147 0.0067137341 -0.30927998 25 0 1383.7369 5.1377261 -1.7769274
20 206.57602 45.946219 0.62722053 -0.099777575 -0.3224156 25 0 2496.9542 9.1358473 -2.4018721
21 419.34652 45.88408 0.54625356 0.057561248 -0.35181314 25 0 258.56659 1.2003892 -0.19830521
22 347.3734 47.07823 0.77034849 -0.1466819 -0.31328965 25 0 621.47314 2.1525009 -0.83235833
23 66.914325 48.159006 0.75918224 -0.4046343 -0.095172757 25 0 688.70968 2.2690624 -0.8896161
24 250.50741 48.432475 0.49731502 0.85705755 -0.063062466 25 0 226.28092 1.0890345 -0.092604066
25 325.15452 48.076668 0.28449386 0.26289262 -0.084324176 25 0 58736.407 292.73573 -6.1661893
26 390.64202 47.867591 0.57677065 -0.13824377 -0.47594468 25 0 256.44318 1.2113836 -0.20820424
27 111.96697 50.112058 0.7004778 -0.045621309 -0.21419449 25 0 6418.4538 22.383421 -3.3748161
28 155.29678 50.654945 0.27580072 0.49339209 -0.25643038 25 0 239.545 1.3580465 -0.3322866
29 400.80829 51.498388 0.55420606 0.63881145 -0.035192693 25 0 872.00892 3.4591384 -1.3474198
30 234.38308 55.660213 0.68091558 -0.32855077 -0.1588422 25 0 315.57444 1.1022082 -0.10565905
31 53.25414 57.28744 0.58475056 -0.4240679 -0.34024426 25 0 281.56865 1.1374512 -0.13983196
32 247.55959 57.032478 0.64426241 0.054161858 -0.29177338 25 0 355.6289 1.2860216 -0.27312064
33 471.28104 57.554509 0.61929535 -0.11255596 0.0045585242 25 0 888.70456 3.485311 -1.3556038
34 294.86278 58.405258 0.47592762 0.23379358 -0.040548963 25 0 1218.8938 5.2846012 -1.8075305
35 142.93348 63.231531 0.68143933 0.077097696 -0.04489067 25 0 377.23545 1.3241077 -0.30480827
36 443.87145 65.232415 0.6566779 0.10313672 -0.15968162 25 0 1811.2934 6.7104514 -2.0668793
37 31.186611 66.062279 0.65058082 -0.079515197 -0.09210316 25 0 319.48652 1.3589285 -0.33299149
38 502.36755 67.461825 0.57895562 -0.24771425 -0.00071009604 25 0 3130.0507 11.826926 -2.6821797
39 349.96238 69.709932 0.64056964 0.032498816 0.111016 25 0 269.08282 1.183678 -0.1830839
40 32.183241 71.186075 0.6944869 -0.046576185 -0.20734277 25 0 761.92812 2.7799405 -1.1100887
41 55.296715 70.777437 0.73554539 -0.13019698 -0.20697483 25 0 423.71759 1.3379192 -0.31607474
42 170.17859 71.296435 0.6455183 0.12209908 -0.48161893 25 0 295.70483 1.0722097 -0.075699372
43 433.56389 72.089179 0.72157514 0.037893159 -0.31612531 25 0 1853.2316 6.2621023 -1.9918004
44 112.95842 72.971762 0.63964311 0.18812882 -0.44140952 25 0 505.25644 1.9286047 -0.71310803
45 472.17958 72.812135 0.63371744 0.20982326 -0.08718808 25 0 490.79346 1.8871686 -0.68952676
46 418.60488 73.711341 0.5929012 0.1587056 -0.23968969 25 0 607.3542 2.5706941 -1.025126
47 56.450574 76.017528 0.7361379 -0.18846762 -0.27853558 25 0 1958.0064 6.5817885 -2.0458598
48 469.25189 80.708058 0.68069044 -0.03962316 -0.034823637 25 0 1012.7437 3.3825354 -1.3231059
49 351.21212 84.74222 0.60933559 -0.032460577 -0.17519188 25 0 3423.7886 12.866305 -2.7736346
50 120.3356 87.896327 0.61708529 0.059244731 -0.2427489 25 0 467.77891 1.7268641 -0.59314542
51 435.62406 89.982677 0.7234153 0.17975775 -0.39523238 25 0 327.87613 1.3094714 -0.29274007
52 92.586801 91.119821 0.51891914 0.50352172 0.16335147 25 0 453.50186 1.8279333 -0.65490088
53 145.63717 91.583697 0.5495855 -0.60649525 -0.36446932 25 0 298.19995 1.1511693 -0.15284802
54 491.61009 91.590696 0.5968212 0.41750325 -0.11262867 25 0 20843.363 76.864023 -4.7143078
55 155.59103 98.378734 0.53369204 -0.60089939 -0.14699816 25 0 457.52104 1.7978197 -0.63686534
56 284.28145 99.032375 0.6471068 -0.29118838 -0.26491901 25 0 1289.4332 4.6581694 -1.6705382
57 288.26415 100.75367 0.5794986 -0.44131468 -0.30117724 25 0 1365.6031 5.2929141 -1.8092371
58 186.49611 101.77732 0.63115427 0.16764447 -0.38988021 25 0 1682.265 5.9854479 -1.9427416
59 367.40894 104.00521 0.60118017 0.33962604 -0.18103845 25 0 237.89461 1.1947015 -0.19314856
60 116.22274 105.49537 0.59434904 0.30428388 0.14850195 25 0 371.4758 1.4029595 -0.36761282
61 54.257288 105.87725 0.68546203 -0.19341324 -0.24145823 25 0 5087.7182 17.717228 -3.1209894
62 452.34515 105.44393 0.49946031 -0.019988208 0.13732895 25 0 323.35141 1.4088641 -0.37217278
63 62.419872 107.11805 0.88635005 -0.29060943 -0.45206911 25 0 344.69271 1.0586373 -0.061868001
64 297.09379 107.79067 0.71188919 -0.15550343 -0.1252284 25 0 322.0474 1.1736621 -0.17385772
65 509.68986 108.12701 0.6922042 -0.1507673 -0.14257312 25 0 2409.9643 8.340643 -2.3029988
66 489.91422 111.54213 0.61784977 0.1962351 -0.0044388694 25 0 2185.3789 8.0057066 -2.2584992
67 332.89674 117.14812 0.62802506 -0.03631412 -0.25681876 25 0 567.50962 2.2304567 -0.87098449
68 219.53179 119.04281 0.65515371 -0.16617096 -0.33123038 25 0 18041.231 63.159686 -4.5010999
69 237.03175 119.09197 0.66356599 0.13507185 -0.12540114 25 0 1149.261 4.0213269 -1.5109235
70 303.4797 120.2515 0.65658378 -0.25760232 -0.25516155 25 0 1193.5808 4.1790733 -1.5527
71 247.06342 120.43331 0.50813193 0.020263365 -0.031014649 25 0 1547.3885 6.1033874 -1.9639273
72 199.18797 122.22061 0.67098418 0.0048245097 -0.26712835 25 0 591.35041 1.9668432 -0.73442434
73 448.94556 121.92831 0.59833308 -0.3505856 -0.38420749 25 0 461.10123 1.9559382 -0.72838781
74 492.96294 122.20678 0.50035852 0.10532751 -0.045070413 25 0 252.48471 1.2452999 -0.23818487
75 98.634618 122.39343 0.50288805 0.66261186 -0.013966929 25 0 423.03479 1.7068976 -0.58051865
76 153.49509 123.60369 0.65327306 -0.079902734 -0.40715667 25 0 407.66362 1.4135465 -0.37577522
77 51.467284 124.00794 0.68017221 0.20035581 -0.34919803 25 0 585.41416 2.0672263 -0.78847007
78 150.98796 125.65989 0.5876659 0.028624149 -0.13384847 25 0 2012.6371 7.5627188 -2.1966949
79 479.008 126.02005 0.72291283 -0.14557793 -0.23206514 25 0 450.23045 1.6173871 -0.52203491
80 174.90095 131.10362 0.64488065 -0.19703215 -0.31959315 25 0 1966.7104 7.165748 -2.1381538
81 6.2442925 132.56588 0.59604916 -0.20204957 -0.046495856 25 0 1126.8459 4.3202138 -1.5887631
82 252.41166 134.49971 0.52233389 0.14605705 -0.13630179 25 0 429.11602 1.667296 -0.55503174
83 394.72985 142.66878 0.57180133 0.20795443 -0.15667145 25 0 11430.431 43.532643 -4.0970376
84 383.1621 145.7526 0.59973882 0.010034133 -0.22778166 25 0 242.10813 1.0717775 -0.075261551
85 297.60462 148.21583 0.61410502 -0.27816257 -0.27779332 25 0 3001.7298 10.984519 -2.6019526
86 13.460059 148.98515 0.59372045 -0.33372651 -0.10811795 25 0 830.27703 3.2144028 -1.2677507
87 93.249669 150.86824 0.80434431 0.077338525 0.17510588 25 0 334.90383 1.0441223 -0.046878383
88 482.97892 154.67174 0.60765108 0.12520399 -0.083380175 25 0 8003.4533 30.076236 -3.6955587
89 96.346904 162.39494 0.58800018 0.16607671 -0.13878121 25 0 487.21676 1.9257565 -0.71150342
90 384.64893 164.22447 0.63862676 -0.25352308 -0.25449994 25 0 53142.405 188.19956 -5.6865465
91 205.27017 168.04114 0.66972615 -0.12395986 -0.30053497 25 0 633.60553 2.2608633 -0.88568578
92 423.91518 167.85 0.60877973 0.20555432 -0.18680456 25 0 508.08889 2.0155985 -0.76101007
93 152.20434 171.71904 0.54520242 0.28756919 0.028796303 25 0 478.79389 1.9930021 -0.7487694
94 32.044818 175.07455 0.7850231 -0.519309 -0.16681394 25 0 546.25232 1.7772724 -0.62438502
95 345.05363 176.34973 0.6055002 -0.026206599 -0.02230486 25 0 502.94464 1.8834526 -0.68738672
96 477.02206 176.01803 0.68882483 1.2853337e-05 -0.17783522 25 0 8075.0605 28.440995 -3.634862
97 162.96876 177.18278 0.65023753 -0.0026282299 -0.22407255 25 0 1077.1815 3.8125772 -1.4530466
98 224.86851 176.54203 0.54457082 0.26053705 -0.17458187 25 0 1524.0808 5.6939298 -1.8885303
99 412.15432 178.64708 0.42205168 0.10621397 0.090090857 25 0 277.20739 1.5010319 -0.4409748
100 151.50793 179.86517 0.66722346 -0.21588079 -0.30673376 25 0 1660.4095 5.651984 -1.8805023
101 419.84236 185.25701 0.64885823 -0.22385023 -0.2368028 25 0 2891.3889 10.211949 -2.5227716
102 15.428067 185.68419 0.66767484 0.26535007 -0.27682377 25 0 809.29015 2.989893 -1.1891391
103 113.64584 185.87506 0.63272403 0.25773855 -0.22610439 25 0 1838.0552 6.4790641 -2.0287807
104 481.54105 187.06979 0.71413257 -0.12853855 -0.31190653 25 0 847.65325 2.9207362 -1.1637308
105 409.71718 187.39985 0.43837948 0.32323196 -0.096022818 25 0 424.71366 2.0275531 -0.76743058
106 225.40318 188.76932 0.61447376 0.31857946 -0.32393394 25 0 991.31171 3.4875737 -1.3563085
107 420.23553 190.30808 0.64567208 -0.12262831 -0.21001699 25 0 949.12666 3.5312231 -1.3698129
108 188.03025 191.44195 0.58922961 0.12348429 -0.012763136 25 0 729.85568 2.7163247 -1.0849542
109 70.3503 192.32972 0.66632955 0.27015799 -0.15574267 25 0 42556.767 149.0795 -5.4335448
110 120.15585 193.6322 0.61642272 -0.37092023 -0.29020065 25 0 395.20592 1.3955266 -0.36184531
111 251.47825 197.43933 0.54413256 -0.38163098 -0.41364421 25 0 265.08956 1.0580372 -0.061252392
112 419.07433 198.16539 0.56703011 -0.95301326 -0.28571732 25 0 276.95214 1.20292 -0.20059183
113 453.68144 202.22691 0.65634372 -0.34011123 -0.28020396 25 0 682.76693 2.5690804 -1.0244442
114 166.90291 204.26797 0.57211873 -0.251226 -0.23424666 25 0 638.07458 2.4105346 -0.95528344
115 347.62699 203.99615 0.58059465 -0.11983893 -0.13169931 25 0 344.79186 1.535002 -0.46527236
116 380.67505 203.95307 0.65702442 0.59177705 -0.32892375 25 0 327.0247 1.2768626 -0.26536042
117 197.53608 205.50588 0.53961501 -0.036410539 0.033153756 25 0 309.59152 1.1819314 -0.18148069
118 65.470678 206.37409 0.52197666 0.6160502 -0.26218167 25 0 524.95275 2.1844113 -0.84833605
119 507.47906 205.90002 0.62438282 0.087127832 -0.26492587 25 0 1634.1168 5.9352787 -1.9336028
120 468.19655 208.24206 0.62902442 -0.049324342 -0.28039212 25 0 680.23074 2.6565903 -1.0608115
121 414.18671 210.70336 0.51454565 -0.8236735 -0.39463361 25 0 269.70441 1.2818307 -0.26957664
122 123.00198 211.96028 0.48690033 0.29833207 0.10670486 25 0 207.37658 1.0017094 -0.0018543688
123 501.554 211.94952 0.68391053 -0.17435714 -0.30078723 25 0 3328.8337 11.230744 -2.6260213
124 11.133693 215.636 0.58329042 0.65689745 -0.060732046 25 0 391.02695 1.6688829 -0.55606466
125 13.490527 216.7884 0.69979908 0.76349186 -0.5355612 25 0 501.57276 1.7025236 -0.57773284
126 424.34536 218.10192 0.71730801 0.12373699 -0.23873692 25 0 1272.2053 4.320508 -1.588837
127 324.99254 220.2088 0.60598879 -0.016459799 -0.2372566 25 0 1538.0755 5.7964193 -1.9078995
128 255.34369 222.23454 0.64138136 0.2665933 -0.28227787 25 0 768.75394 2.8096959 -1.1216483
129 149.43515 223.64848 0.57285982 0.33976329 -0.19576633 25 0 974.78707 3.5925982 -1.3885216
130 219.54779 227.06759 0.52945383 -0.7365901 -0.62348157 25 0 268.67138 1.1241213 -0.12703292
131 478.1544 226.88466 0.65255103 -0.077929066 -0.20046253 25 0 5350.5327 19.381196 -3.2184514
132 238.5935 228.99618 0.60757229 -0.092815553 -0.32397975 25 0 2935.4063 10.801551 -2.5837153
133 350.80652 231.19334 0.6135817 -0.12366352 -0.23386945 25 0 4595.4219 17.080042 -3.0812223
134 420.92796 231.9218 0.63534408 -0.04565326 -0.20468319 25 0 15566.423 56.832723 -4.3864962
135 325.7425 233.51252 0.54807826 -0.32338191 -0.20962371 25 0 899.54229 3.437518 -1.3406124
136 490.05713 233.93567 0.66446377 0.16507338 -0.29635549 25 0 365.21882 1.5501054 -0.4759031
137 377.8558 235.05669 0.62023546 -0.39109642 -0.037374812 25 0 231.68399 1.0291055 -0.031149712
138 179.34317 239.70263 0.5640484 -0.41481321 -0.31548088 25 0 677.50387 2.6492502 -1.0578074
139 239.28045 240.70118 0.55880875 -0.1841881 -0.25805414 25 0 757.40699 2.978022 -1.1848198
140 430.12207 243.4601 0.63030573 0.3003668 -0.013221697 25 0 1906.8222 6.7493808 -2.0731598
141 29.570273 243.76777 0.72898323 0.48070072 -0.0083997643 25 0 388.98349 1.3851158 -0.35371522
142 16.005719 246.373 0.6679538 0.72546898 0.34833144 25 0 279.09892 1.1283909 -0.13114893
143 484.55692 254.74683 0.53174276 -0.5115948 -0.41113528 25 0 232.40985 1.0934041 -0.096951745
144 202.82227 257.23427 0.62223743 -0.14323135 -0.24566799 25 0 5207.0075 18.957266 -3.1944393
145 426.96313 256.90363 0.62747362 -0.022811399 -0.19779921 25 0 8172.1995 29.960776 -3.6913826
146 265.00714 259.76633 0.68722016 0.30019647 -0.26608372 25 0 366.00988 1.1807751 -0.18041794
147 330.21077 266.19766 0.47830542 -0.42787978 -0.61003518 25 0 292.87162 1.381478 -0.35085991
148 103.46924 267.524 0.3952681 -0.39985256 -0.18623636 25 0 231.85805 1.1262698 -0.12910609
149 32.153891 277.8925 0.67093208 -0.083852098 -0.17696496 25 0 1752.4119 6.41139 -2.0173805
150 88.345723 279.32825 0.4671288 0.20907445 -0.12430365 25 0 268.75257 1.2106208 -0.20752029
151 113.31252 280.86596 0.67651899 0.094908517 -0.17795257 25 0 280.40108 1.0806807 -0.08424347
152 214.51754 286.34478 0.60868318 -0.2478088 -0.49135441 25 0 318.76833 1.1709909 -0.17138381
153 46.311112 287.11725 0.7024563 -0.11490522 -0.18689771 25 0 934.78344 3.2881624 -1.2923832
154 346.60644 289.61218 0.55013839 0.27497041 -0.17199405 25 0 4922.3525 18.875772 -3.1897618
155 159.52964 290.91728 0.62944037 -0.42077615 -0.45742775 25 0 927.95584 3.2208187 -1.2699157
156 37.892017 292.07481 0.63479512 0.11689938 -0.19106681 25 0 1454.2532 5.4918741 -1.8493014
157 66.132291 291.89798 0.71234848 0.0047172539 -0.2726267 25 0 1456.3103 4.9198717 -1.7298844
158 321.0254 294.35792 0.67724172 0.23223009 0.10893884 25 0 408.01303 1.2936712 -0.27955978
159 452.25695 294.5128 0.57764809 -0.23686416 -0.026315804 25 0 738.26431 2.8284752 -1.128881
160 135.30096 301.59266 0.55875961 0.49555515 -0.018181748 25 0 440.8774 1.5842175 -0.49953704
161 49.648661 307.51802 0.57777956 0.59984869 -0.038029792 25 0 1141.4336 4.255916 -1.5724826
162 397.39168 307.78056 0.64605222 -0.34794078 -0.29395457 25 0 457.69567 1.6501944 -0.54383779
163 193.13022 313.3327 0.54157958 2.4264269e-05 -0.22812007 25 0 836.45671 3.1873279 -1.2585669
164 424.80621 313.38586 0.63457114 -0.1507284 -0.0035515237 25 0 1059.3662 3.7255321 -1.4279708
165 112.36635 317.98066 0.68591073 -0.085996832 -0.29340529 25 0 3923.5584 13.472716 -2.8236379
166 199.34 321.1007 0.45105314 0.21315502 -0.28014097 25 0 245.93361 1.064834 -0.068204757
167 34.386199 321.96024 0.6989349 -0.22936059 -0.33744117 25 0 440.69124 1.4769531 -0.42341677
168 161.80439 327.37919 0.47628896 0.80398667 0.42606218 25 0 320.82343 1.33979 -0.31759186
169 304.6096 329.81178 0.55634019 0.26594998 -0.2354161 25 0 529.69557 2.0374654 -0.7727256
170 237.44283 332.63511 0.68677461 -0.30153406 -0.14330577 25 0 333.68007 1.0794926 -0.083049173
171 262.05139 337.19089 0.62697633 0.12787719 -0.069642271 25 0 633.67805 2.2915102 -0.90030451
172 5.2427184 337.75949 0.69700215 -0.098280342 -0.13526355 25 0 14346.566 49.402095 -4.2343634
173 354.73197 337.59664 0.49396494 0.3804891 -0.075287674 25 0 414.76573 1.6650789 -0.55358707
174 51.484078 338.9751 0.72390843 -0.17282459 -0.34276467 25 0 1077.7834 3.4275291 -1.3374529
175 238.15844 338.5216 0.60580729 -0.05988575 -0.1254818 25 0 838.53394 2.9175465 -1.1625445
176 463.24385 345.15135 0.71223543 0.34883873 0.26160328 25 0 1074.3682 3.3312898 -1.306531
177 234.51889 348.26516 0.60489774 -0.26514221 -0.4409931 25 0 335.44805 1.1009272 -0.10439655
178 335.20734 351.11531 0.63687041 -0.32251376 -0.2722049 25 0 773.10125 2.7458237 -1.0966816
179 214.41838 354.57942 0.57079725 -0.37821822 -0.17513906 25 0 4649.7195 17.041494 -3.0787691
180 356.37215 356.16416 0.62343662 -0.040058207 -0.37259138 25 0 1101.1214 3.8507779 -1.4638712
181 467.97204 356.99924 0.70186092 -0.56926493 -0.32739995 25 0 398.29425 1.3167835 -0.29878598
182 273.26826 358.6652 0.59986375 -0.23696947 -0.20350372 25 0 24910.779 90.640866 -4.8933101
183 417.71032 360.95463 0.66607074 -0.085296087 -0.35863353 25 0 336.74999 1.1936919 -0.19223062
184 389.09328 365.89794 0.65408983 -0.069811804 -0.21786867 25 0 2239.4492 8.0362341 -2.2626314
185 454.23393 366.59425 0.604632 -0.72423504 -0.03439794 25 0 335.03247 1.1864804 -0.1856514
186 200.49448 367.65352 0.60133833 0.29688158 -0.23896453 25 0 1493.2376 5.2189469 -1.7939572
187 252.63947 368.88732 0.61094013 -0.026714465 -0.29781691 25 0 2892.0887 10.746473 -2.5781649
188 70.199442 370.21262 0.71549533 0.099129249 -0.20893885 25 0 5988.2684 20.16817 -3.2616662
189 402.22958 370.15747 0.65762108 -0.28000593 -0.32749071 25 0 1276.1826 4.4705675 -1.6259066
190 113.44092 371.04083 0.8302559 0.013260348 -0.38688596 25 0 654.85842 1.8360987 -0.65974006
191 473.88315 372.38275 0.64410843 -0.14746906 -0.08856027 25 0 9565.1318 33.994981 -3.828537
192 450.5247 380.21528 0.70709274 -0.17326262 -0.32867424 25 0 333.59993 1.0534865 -0.05657244
193 420.55659 381.75089 0.6289254 0.36098588 -0.21550002 25 0 328.14549 1.2700741 -0.25957268
194 340.51486 383.36728 0.60924726 0.26448528 -0.26279008 25 0 3218.6011 11.459526 -2.6479166
195 0.79908161 383.81612 0.51724451 -0.35093805 -0.016299017 25 0 270.28813 1.1112483 -0.11452779
196 49.472243 384.38692 0.65870127 0.44899379 -0.20113323 25 0 3620.1865 12.515819 -2.7436482
197 95.024511 386.0156 0.72199499 -0.31059977 -0.32399164 25 0 711.5813 2.3320999 -0.91936788
198 201.93413 387.60014 0.56435923 -0.032893876 -0.024887937 25 0 591.62623 2.0987403 -0.80489674
199 74.940601 389.11411 0.63224319 0.42996816 -0.18046593 25 0 422.15121 1.4453933 -0.39996511
200 243.8028 388.32069 0.48619178 0.3655928 0.24187645 25 0 283.60118 1.1393394 -0.14163281
201 458.77958 388.82485 0.78205155 -0.96045655 -0.34433781 25 0 704.137 2.0306555 -0.76909062
202 119.15325 390.34593 0.64234722 0.22501481 -0.15355221 25 0 1567.4191 5.4016786 -1.8313219
203 490.92356 390.56895 0.72699442 -0.29907925 0.204353 25 0 347.19873 1.0567084 -0.059887913
204 459.22002 392.37308 0.62598318 0.012847871 -0.087503026 25 0 2142.9361 7.5911327 -2.2007665
205 429.82732 392.70873 0.63737503 -0.048986016 -0.18040438 25 0 2710.3442 9.7495454 -2.4724609
206 34.784691 395.35515 0.70386446 -0.40208838 -0.061394921 25 0 687.59112 2.3099336 -0.90899876
207 221.22073 400.44035 0.57827696 0.16315097 -0.14878475 25 0 7173.9948 26.71491 -3.5668843
208 147.37337 402.93815 0.39383882 -0.83708639 -0.65226017 25 0 236.0775 1.0256291 -0.027475839
209 351.87671 402.37981 0.50861565 -0.4971483 -0.24941073 25 0 578.17885 2.1374069 -0.824718
210 250.19474 407.9078 0.71879771 0.32732282 -0.24376192 25 0 863.47236 2.7461332 -1.096804
211 387.19846 407.619 0.73824681 0.041701239 -0.18883076 25 0 616.00802 1.8530224 -0.66970166
212 265.74381 411.23974 0.5988314 -0.18728562 0.029963638 25 0 353.8269 1.2251057 -0.22043392
213 247.56223 411.57578 0.59535944 0.34213166 -0.25721277 25 0 1781.9269 6.2747508 -1.9939912
214 468.9526 412.00953 0.71455266 0.29326136 0.002080253 25 0 533.85966 1.674468 -0.55969215
215 16.041146 415.60166 0.53373905 0.071944255 0.0090791187 25 0 308.95934 1.2174932 -0.21366639
216 79.672546 416.84636 0.69092524 0.3451436 -0.18569872 25 0 1088.9735 3.5509753 -1.3758691
217 103.64279 418.29003 0.63601991 -0.26252024 -0.21830912 25 0 2323.4369 8.1667318 -2.2801207
218 279.35352 428.64339 0.50600043 0.63785115 0.10978089 25 0 357.16677 1.3612348 -0.33483265
219 160.28873 430.0335 0.6445647 0.13807008 -0.19109907 25 0 410.59363 1.3687977 -0.34084818
220 189.19915 435.42435 0.66574876 -0.12982455 -0.47900842 25 0 446.30403 1.3536082 -0.32873248
221 154.47679 436.34522 0.66044463 0.38319553 -0.21776425 25 0 2285.0164 7.7439546 -2.222407
222 127.86087 437.2498 0.64486225 -0.024541693 -0.18978284 25 0 1235.2864 4.21418 -1.5617827
223 169.15746 437.79266 0.74983373 -0.17836313 0.02630266 25 0 377.54123 1.0329942 -0.035244707
224 156.56708 438.6313 0.52165528 0.82416252 -0.40417822 25 0 363.72677 1.2449831 -0.23790861
225 227.64835 439.82088 0.69698793 0.12757264 -0.24066748 25 0 1167.3546 3.6928541 -1.4184054
226 486.66008 439.72844 0.3304749 0.014166044 -0.24903261 25 0 61306.162 252.20667 -6.0043914
227 340.25841 441.67952 0.66577175 -0.3289797 -0.18904172 25 0 3466.8173 11.838222 -2.6832162
228 240.75413 444.29717 0.62796476 -0.48197177 0.0023209831 25 0 1190.5331 3.9596788 -1.4941499
229 10.017462 444.42212 0.60772684 0.18955842 -0.15343961 25 0 370.1915 1.2638712 -0.25425703
230 86.85109 446.04352 0.73620699 -0.027037234 -0.25294489 25 0 18290.339 61.453 -4.4713577
231 471.71534 446.85855 0.5959567 -0.76987843 -0.37037057 25 0 423.2441 1.4740616 -0.42128905
232 458.57125 453.13181 0.61948791 0.41722625 -0.49934209 25 0 377.61904 1.3313041 -0.31069315
233 207.58505 453.86106 0.73004132 -0.0080607832 -0.092497859 25 0 358.45743 1.0556905 -0.058841506
234 472.68692 456.29631 0.69109884 -0.33809029 -0.18025316 25 0 2515.9852 8.434125 -2.3151001
235 375.20614 458.70184 0.452444 0.13878095 -0.11209381 25 0 356.90548 1.5813688 -0.49758293
236 306.7485 459.8964 0.70874414 0.086361694 -0.13876353 25 0 872.08575 2.8071475 -1.1206631
237 430.74565 461.10727 0.74512539 -0.55090502 -0.3451236 25 0 553.05956 1.5558344 -0.47990844
238 325.87979 461.93725 0.66215147 0.16426761 -0.19140766 25 0 356.90504 1.1315844 -0.13421738
239 475.35895 462.6118 0.73916212 -0.33966722 -0.22263856 25 0 354.10679 1.0612717 -0.064566475
240 357.77949 464.79017 0.65401386 -0.11779933 -0.26091599 25 0 1585.8697 5.6125664 -1.8729037
241 51.959378 465.54897 0.62754587 0.14930352 -0.04978802 25 0 5962.458 21.587006 -3.3354811
242 144.87311 466.86519 0.69493515 -0.070396309 -0.19207844 25 0 1542.4449 5.1854262 -1.7869611
243 423.3038 468.54409 0.46127242 0.25088322 -0.16504741 25 0 60897.2 245.33811 -5.9744125
244 286.84869 469.13046 0.62614179 0.16073762 -0.12608045 25 0 425.51632 1.3967613 -0.36280552
245 41.054494 470.64561 0.74093734 0.45241601 -0.13952534 25 0 361.8703 1.0739694 -0.077479748
246 400.2813 470.46075 0.68579881 -0.24312967 -0.39889892 25 0 336.91821 1.0442106 -0.046970282
247 206.59265 474.95066 0.69166996 -0.076093276 -0.31986907 25 0 5705.7677 19.466988 -3.2232469
248 424.60769 476.04035 0.54721448 -0.023940299 -0.24108636 25 0 525.94001 1.6749853 -0.56002752
249 338.19181 476.83388 0.6140005 -0.50158386 -0.36447998 25 0 640.60635 2.1939306 -0.8530572
250 240.70753 477.87681 0.54900524 -0.24300246 -0.18549928 25 0 322.98438 1.2688315 -0.25850985
251 256.69199 478.28143 0.65712371 -0.31431687 -0.22884973 25 0 3423.5259 11.919842 -2.6906762
252 109.98199 478.74295 0.71073585 0.070192883 -0.078852983 25 0 597.72646 1.8134577 -0.64626857
253 134.58384 484.1894 0.59826389 -0.1722356 -0.35204698 25 0 922.24814 3.2985445 -1.2958059
254 334.05511 483.46604 0.49958655 0.34758412 0.13671878 25 0 446.82277 1.7485467 -0.60669307
255 59.630484 489.46789 0.59341071 0.54492527 -0.04657434 25 0 1039.1411 3.7331702 -1.4301945
256 235.79928 499.3001 0.67357234 -0.15003303 -0.22701656 25 0 486.43589 1.4331931 -0.39076174
257 493.12905 501.29094 0.59303016 0.46083002 -0.021670166 25 0 399.15418 1.4015693 -0.36653646
258 145.90924 503.09862 0.65119818 0.25750567 -0.25081572 25 0 401.86363 1.2854385 -0.27262829
259 62.744279 504.62069 0.68613949 -0.27017033 0.083139486 25 0 349.30084 1.0657086 -0.06909622
260 111.39866 506.1686 0.74133513 -0.90790269 -0.40590821 25 0 712.26126 2.1494166 -0.83080148
261 157.14374 506.30958 0.70505889 0.14856282 -0.16100452 25 0 603.03394 1.7414335 -0.60226723
262 275.67031 508.90684 0.63949974 -0.21895397 0.0037670389 25 0 395.17801 1.3526447 -0.32795936
263 112.48418 510.00069 0.65739545 -0.16160873 -0.35023562 25 0 900.59716 3.111611 -1.2324633
