id xcentroid ycentroid sharpness roundness1 roundness2 npix sky peak flux mag
1 342.0867 1.9452383 0.56075257 -0.85088344 -0.068920599 25 0 638 1.9793338 -0.74129762
2 473.44498 4.8992793 0.51297074 -0.52356126 0.17403269 25 0 298 1.1418389 -0.14401212
3 0.099983711 9.8012413 0.84046302 -0.31010264 0.30554478 25 0 781 1.9609208 -0.73115014
4 379.66393 10.67674 0.57822884 -0.59490053 0.2247592 25 0 522 1.5162692 -0.45194079
5 68.94522 11.581398 0.64716462 -0.35187949 0.38432504 25 0 11485 29.357361 -3.6692925
6 16.46959 13.219705 0.59434455 -0.70412468 0.079322156 25 0 4040 11.315187 -2.6341543
7 -0.13160764 14.242996 0.8918215 -0.047482469 0.48724606 25 0 436 1.1010905 -0.10455754
8 452.97047 13.585671 0.61672315 -0.60295449 0.32580222 25 0 533 1.7118712 -0.58367771
9 510.94721 13.948507 0.84505567 0.44880869 0.65193748 25 0 6894 16.323953 -3.0320634
10 398.79934 32.102513 0.49581249 -0.064708744 0.34862852 25 0 362 1.1594261 -0.16060768
11 171.48809 35.085757 0.5685006 -0.60387461 0.18785701 25 0 363 1.0463572 -0.049199906
12 158.32092 39.299189 0.50441776 -0.05350704 0.37002901 25 0 402 1.1342581 -0.13677975
13 231.30366 40.161909 0.61561946 -0.40056543 0.23498182 25 0 1005 2.4951466 -0.99274018
14 250.69945 40.914686 0.56286692 -0.34592597 0.19541679 25 0 1829 4.9330234 -1.7327829
15 391.41015 41.917542 0.56653782 -0.68654493 0.083296355 25 0 380 1.1233166 -0.12625544
16 369.28661 42.969648 0.33128808 -0.62794237 0.33620893 25 0 58789 186.31969 -5.6756469
17 110.91065 43.422206 0.48240178 0.50346795 0.29442549 25 0 358 1.1236438 -0.12657161
18 156.00925 45.27894 0.5900431 -0.37138938 0.2225271 25 0 4222 11.532249 -2.6547851
19 444.95978 46.285582 0.52307091 -0.48215588 0.27341982 25 0 673 2.1003964 -0.80575314
20 339.01668 53.387735 0.59592658 -0.22644999 0.28477774 25 0 1330 3.6243438 -1.3980735
21 487.9775 59.81856 0.59523418 -0.2191085 0.36138267 25 0 1139 3.3072896 -1.2986806
22 42.205743 64.421111 0.68437414 -0.60281457 0.10176062 25 0 380 1.0632322 -0.06657031
23 76.113597 66.376922 0.51441176 -0.16770945 0.39734799 25 0 459 1.3397988 -0.31759899
24 477.66147 66.787348 0.49970929 -0.76007532 0.13273079 25 0 899 2.8318657 -1.1301816
25 42.481232 68.167754 0.57755545 -0.68646466 0.39562533 25 0 377 1.1707979 -0.17120479
26 462.95914 68.400615 0.56679109 -0.41118541 0.34423192 25 0 427 1.4314345 -0.38942872
27 100.25958 71.261662 0.5081048 -0.68256264 -0.054423165 25 0 1099 3.2386184 -1.2758995
28 0.14652354 79.491232 0.88918336 0.38781827 0.57660315 25 0 576 1.2851418 -0.27237765
29 395.35048 79.419511 0.59066895 -0.59820749 0.32552004 25 0 2450 6.385993 -2.0130711
30 15.753286 82.31225 0.65891736 -0.60762991 0.1997292 25 0 652 1.8005429 -0.63850866
31 136.61645 86.576254 0.61801482 -0.15056817 0.14873868 25 0 498 1.2150935 -0.21152426
32 199.72905 93.527292 0.58075777 -0.51292632 0.094642701 25 0 437 1.0299563 -0.032047005
33 328.38275 93.858435 0.54468156 -0.719648 0.10719998 25 0 1061 2.9145631 -1.1614336
34 332.30786 95.649036 0.59841616 -0.73148806 0.2073524 25 0 1263 3.2929479 -1.2939621
35 230.58626 96.716352 0.53705761 -0.23336574 0.054910369 25 0 1289 3.3741862 -1.3204226
36 98.326178 101.16794 0.57291101 -0.4425545 0.1244723 25 0 2672 7.1718751 -2.1390818
37 160.1918 100.70216 0.52487433 -0.24109063 0.22114874 25 0 466 1.3219692 -0.30305337
38 376.96892 111.85292 0.53352009 -0.41792853 0.13233328 25 0 521 1.4642975 -0.41407332
39 263.64574 113.96764 0.57286211 -0.47036318 0.17059806 25 0 13546 37.231255 -3.9272692
40 281.09611 114.01391 0.58573528 0.079825793 0.28561243 25 0 950 2.3592759 -0.93194682
41 347.84893 115.05175 0.59792263 -0.42563658 0.12958121 25 0 999 2.558281 -1.0198706
42 291.13422 115.50725 0.65581366 -0.46536272 0.36368134 25 0 1644 3.8975843 -1.4769888
43 243.28298 117.42233 0.51492889 -0.63250694 0.29798443 25 0 471 1.2739813 -0.26290766
44 493.04879 116.34612 0.72300664 -0.067625423 0.47847055 25 0 347 1.050995 -0.054001664
45 95.36781 119.0632 0.56849212 -0.56664158 0.6405917 25 0 401 1.0333956 -0.035666514
46 195.05163 120.80154 0.60803473 -0.49862598 0.30073058 25 0 1810 4.734524 -1.6881908
47 218.97493 126.15017 0.5910972 -0.26824241 0.21519897 25 0 1551 3.8989757 -1.4773763
48 50.208741 127.94689 0.62091864 -0.63168453 0.093043653 25 0 1101 3.0103952 -1.1965588
49 296.49524 129.13851 0.60130783 -0.76517877 0.019223842 25 0 470 1.1164782 -0.11962565
50 439.0122 137.29652 0.59101671 -0.26436446 0.27920888 25 0 10041 27.02193 -3.5792909
51 341.80616 143.01986 0.6061581 -0.39543502 0.20522869 25 0 2744 7.2640574 -2.1529482
52 57.493324 144.0961 0.61645139 -0.80313983 0.11302755 25 0 654 1.6993985 -0.57573808
53 40.576014 148.24357 0.59371882 -0.82835493 0.014957349 25 0 479 1.3446041 -0.32148606
54 428.94235 158.81637 0.60737531 -0.32892056 0.22349945 25 0 43656 115.96898 -5.1608546
55 468.26473 162.18921 0.62146263 -0.29505001 0.045671892 25 0 428 1.1980432 -0.19618121
56 249.42101 162.99608 0.71028545 0.070649868 0.25419414 25 0 516 1.0050388 -0.005457103
57 268.9964 171.56619 0.51946523 -0.2106146 0.32280268 25 0 1395 3.6805582 -1.4147842
58 389.29451 171.20341 0.65479104 0.096684072 0.074497134 25 0 511 1.3309723 -0.31042253
59 207.14967 172.31572 0.55764716 -0.18925682 0.27008268 25 0 846 2.1181262 -0.8148796
60 195.49347 174.84999 0.56674842 -0.35593012 -0.0041390924 25 0 1287 3.2412666 -1.2767869
61 464.11741 179.9105 0.63618771 -0.46420057 0.17809606 25 0 2455 6.4853984 -2.0298417
62 59.682116 180.82576 0.58915469 -0.43331047 0.086825099 25 0 659 1.6825718 -0.56493401
63 157.84131 180.98873 0.60043984 -0.20310007 0.28882506 25 0 1603 4.089217 -1.5291004
64 453.93612 182.01923 0.62468817 -0.16495362 0.1738312 25 0 555 1.6232256 -0.52594718
65 269.69056 183.60123 0.58177761 -0.20609079 0.15637392 25 0 952 2.2932335 -0.90112069
66 464.54248 184.82758 0.54241015 -0.67020884 0.11809225 25 0 679 1.9961582 -0.75048741
67 232.29808 186.41217 0.52296433 -0.30119599 0.34471488 25 0 618 1.5072181 -0.44544025
68 114.44 187.611 0.58224898 -0.74614065 0.2082621 25 0 29336 78.384966 -4.7355819
69 497.99287 196.73552 0.7624455 -0.27016404 0.53858975 25 0 509 1.2909853 -0.27730321
70 211.13662 199.35079 0.59233105 -0.2989956 0.29624767 25 0 552 1.2887573 -0.27542785
71 109.53254 201.81667 0.48737653 -0.61663915 0.22050501 25 0 424 1.0890706 -0.092640069
72 7.6494475 209.56259 0.55868654 -0.10596191 0.25598074 25 0 1496 4.0170918 -1.5097794
73 468.63864 212.64608 0.50227767 -0.24436759 0.23388522 25 0 762 2.3906608 -0.94629492
74 30.763154 214.21507 0.57031837 -0.51291602 0.17294579 25 0 1524 4.257532 -1.5728948
75 369.2996 215.08914 0.52721152 -0.43597493 0.0948573 25 0 1192 3.3094207 -1.29938
76 299.5282 217.0439 0.53512169 -0.22800487 0.086197188 25 0 638 1.5995937 -0.5100242
77 193.55649 218.53649 0.63249236 -0.40442962 0.22874833 25 0 853 1.9396135 -0.71928801
78 282.91915 223.93435 0.59831888 -0.45975245 0.18364903 25 0 2602 6.906905 -2.0982087
79 395.09494 225.97263 0.60360197 -0.39125929 0.18937059 25 0 3966 10.799742 -2.5835334
80 465.22399 226.63462 0.6167548 -0.48570875 0.29792902 25 0 11301 29.657795 -3.6803472
81 370.08763 228.21485 0.58022629 -0.21668473 0.27253122 25 0 956 2.6219183 -1.0465479
82 223.48432 234.89611 0.56794974 -0.96078927 -0.1376254 25 0 602 1.4633811 -0.41339363
83 283.52513 235.83122 0.52130165 -0.77889061 0.016303433 25 0 590 1.3932233 -0.36005185
84 474.33764 238.05208 0.5656226 -0.58667415 0.065438707 25 0 1324 3.7409511 -1.4324551
85 247.12833 252.36399 0.56214855 -0.20637739 0.26247162 25 0 4052 11.009706 -2.6044393
86 471.27713 251.40039 0.58916571 -0.45234501 0.46535037 25 0 5279 13.828399 -2.8519297
87 19.362354 253.40688 0.57942994 -0.29927655 0.13217464 25 0 816 2.0994793 -0.80527897
88 76.328825 273.271 0.56949023 -0.21156678 0.1684067 25 0 1184 3.0548671 -1.2124808
89 90.706356 282.30908 0.63243078 -0.46210407 0.16055495 25 0 644 1.4633705 -0.41338571
90 390.97957 284.50064 0.57411892 -0.23718322 0.37986124 25 0 4271 11.700283 -2.6704909
91 203.65283 285.8994 0.53815689 -0.31445045 0.077615045 25 0 734 1.9769414 -0.73998447
92 82.12584 287.50485 0.60060303 -0.076209481 0.2366041 25 0 1068 2.6706674 -1.0665495
93 110.51546 287.20567 0.51230611 -0.25704466 0.014815687 25 0 889 2.3313578 -0.91902231
94 496.50726 289.25025 0.49570189 -0.24538061 0.31688219 25 0 451 1.662959 -0.55220386
95 34.832185 292.22205 0.55981371 -0.46158561 -0.085846408 25 0 466 1.3029261 -0.28729948
96 179.42626 296.54114 0.54378096 -0.4780034 0.55114201 25 0 449 1.147477 -0.14936002
97 93.893742 302.8693 0.64004901 -0.27392269 0.27782406 25 0 1240 3.1485185 -1.2452656
98 237.53695 308.38126 0.62059152 -0.8704954 0.06304518 25 0 701 1.7321712 -0.59647705
99 469.3643 307.95532 0.56326769 -0.43661994 0.13714755 25 0 727 2.3062072 -0.90724581
100 156.6213 313.15016 0.60788186 -0.62249494 0.10762883 25 0 2929 7.7148585 -2.2183199
101 16.966319 315.0445 0.66474471 -0.53771703 0.10962791 25 0 839 2.0759393 -0.79303665
102 32.684333 314.89359 0.62477913 -0.46099319 0.0068565965 25 0 1921 5.0370775 -1.7554466
103 1.6262953 325.04841 0.60156999 -0.5656107 0.14313626 25 0 720 1.777583 -0.62457474
104 348.91262 324.71801 0.81244668 -0.3058112 0.39489754 25 0 558 1.1907433 -0.18954538
105 39.24831 332.17441 0.59058767 -0.28564873 0.16049739 25 0 3887 10.436811 -2.5464195
106 306.53258 331.97352 0.60401325 -0.69999232 -0.054872615 25 0 419 1.1349413 -0.13743346
107 399.0542 332.23325 0.51928563 -0.39661955 0.1488574 25 0 402 1.3081567 -0.29164943
108 49.352128 333.09944 0.55139803 -0.6586462 -0.060309075 25 0 8906 24.892948 -3.4901908
109 95.833437 334.13522 0.62093721 -0.67489617 0.15749508 25 0 875 2.1354782 -0.82373787
110 282.55557 333.52998 0.51120083 0.0056801202 0.068845381 25 0 617 1.6653295 -0.55375044
111 507.58689 339.91642 0.56150074 0.048633689 0.47507596 25 0 604 1.6226406 -0.52555587
112 379.50029 346.04784 0.56831107 -0.55446528 0.063669068 25 0 484 1.3657739 -0.33844701
113 258.68835 349.63349 0.5961028 -0.18187015 0.19288642 25 0 4198 11.040477 -2.6074696
114 400.65425 350.80764 0.63945062 -0.263037 0.19897779 25 0 871 2.3323269 -0.91947356
115 40.797462 352.12569 0.62820987 -0.71812274 0.25491423 25 0 703 1.7117831 -0.58362186
116 317.6363 353.57731 0.5627575 -0.63635452 0.26688918 25 0 17571 47.198156 -4.1848126
117 13.408536 353.98069 0.56095231 -0.65262128 -0.10263177 25 0 702 1.9589016 -0.73003155
118 40.943808 355.96842 0.66259187 -0.40064319 0.1799453 25 0 1216 3.0317297 -1.2042262
119 41.67161 359.23417 0.51257664 0.30283972 0.92514947 25 0 423 1.0563597 -0.059529588
120 433.41219 360.58908 0.65133003 -0.65630625 0.27362876 25 0 1400 3.7303698 -1.4293797
121 244.97565 362.69949 0.59268164 -0.3399043 0.27630011 25 0 1343 3.5740878 -1.382913
122 297.03916 363.87316 0.63921137 -0.42571295 0.25327532 25 0 2485 6.6135677 -2.0510895
123 114.59808 365.5938 0.58465745 -0.64469655 0.23986093 25 0 3620 9.611899 -2.457023
124 446.57513 364.87684 0.55552869 -0.32016833 0.11672311 25 0 813 2.6074301 -1.0405317
125 41.85671 368.44851 0.48443597 -0.83210705 0.35246964 25 0 336 1.1109103 -0.11419744
126 22.091743 372.37642 0.64323184 0.074676706 0.3879334 25 0 619 1.6008775 -0.51089528
127 384.88676 378.13838 0.61619664 -0.37547887 0.24435199 25 0 2931 8.1176992 -2.2735824
128 93.796586 379.68392 0.62633326 -0.29665905 0.18581085 25 0 2950 7.6738742 -2.2125367
129 139.48034 381.37447 0.61574334 -0.83142656 0.079654603 25 0 434 1.05499 -0.058120854
130 246.24075 382.69055 0.57913097 -0.51734598 0.185994 25 0 499 1.3630529 -0.33628179
131 502.97489 383.35697 0.6489636 -0.91178789 0.32972371 25 0 487 1.4799386 -0.42560925
132 23.94513 385.61539 0.70965278 -0.30291326 0.30516254 25 0 907 2.1601473 -0.83620841
133 163.55741 385.67605 0.55975047 -0.85594628 -5.1796105e-05 25 0 1023 2.6408306 -1.0543513
134 474.41313 387.40264 0.53207466 -0.11956124 0.18819684 25 0 1652 4.9131035 -1.7283898
135 503.73578 386.8641 0.62676345 -0.40685462 0.22190547 25 0 1676 4.7581481 -1.6935949
136 79.054951 390.60342 0.74684244 -0.23176054 0.43960472 25 0 590 1.4107594 -0.37363241
137 265.6167 395.40744 0.57597416 -0.60044508 0.22403977 25 0 5693 15.567543 -2.9805502
138 395.99031 397.28073 0.65894521 -0.15555017 0.15771261 25 0 639 1.9018185 -0.69792267
139 294.56801 402.72003 0.64652048 -0.10113536 0.085690219 25 0 548 1.3735232 -0.34459
140 22.430839 406.83952 0.64424185 -0.40458964 0.039808149 25 0 720 1.8997192 -0.69672351
141 292.00824 406.54381 0.64537849 -0.4225264 0.25028298 25 0 1623 4.1501217 -1.5451521
142 124.02038 412.09366 0.65226584 -0.10806576 0.28506803 25 0 790 2.0156469 -0.76103611
143 148.00556 413.59321 0.61172213 -0.43824911 0.27931647 25 0 1770 4.6771039 -1.6749426
144 0.78882774 416.93546 0.67064196 -0.5199085 0.18920205 25 0 1212 3.1930588 -1.2605173
145 198.9575 431.47628 0.6044367 -0.34237463 0.30121626 25 0 1755 4.7540349 -1.6926559
146 172.40552 432.58779 0.56435991 0.3764509 0.40598054 25 0 738 2.0316992 -0.76964855
147 272.08659 434.7551 0.64579841 -0.32687988 0.22133044 25 0 948 2.5171335 -1.0022656
148 384.68048 436.38928 0.60425324 -0.64590732 0.21092091 25 0 2434 6.7931273 -2.0801744
149 285.33888 439.16263 0.56661633 -0.59102479 0.25910876 25 0 861 2.4745175 -0.98372633
150 131.31751 441.39144 0.55239294 -0.044509024 0.22006222 25 0 10086 27.722693 -3.6070885
151 351.08764 454.63462 0.60565615 -0.75943403 0.10291148 25 0 470 1.4341414 -0.39147996
152 475.22445 455.65496 0.5628285 -0.75594884 -0.10098502 25 0 269 1.1631444 -0.16408405
153 402.24353 459.55861 0.65475498 -0.7086913 0.2466118 25 0 1024 2.8687605 -1.1442357
154 96.392576 460.97786 0.62494953 -0.43458847 0.079522921 25 0 4642 12.253754 -2.7206729
155 189.37565 461.96455 0.61181097 -0.39455485 0.22141408 25 0 859 2.3161583 -0.91192059
156 467.80259 463.06492 0.44485541 -0.43235226 0.26597345 25 0 58512 184.22844 -5.6633917
157 5.153586 465.19898 0.52290617 -0.65808698 0.31600471 25 0 658 2.0297728 -0.76861859
158 251.0746 469.96834 0.65037976 -0.40893563 0.23232133 25 0 4280 11.198505 -2.6229002
159 382.80352 471.3687 0.57303725 -0.49880572 0.26718773 25 0 402 1.4253181 -0.38477947
160 468.93964 470.75791 0.6785436 -0.50770179 0.10297263 25 0 387 1.1753705 -0.17543701
161 301.21493 473.18046 0.59805272 -0.39499037 0.1539748 25 0 2498 6.9654898 -2.1073791
162 378.50713 478.19564 0.43519261 0.56139843 0.19000772 25 0 230 1.0166816 -0.017962366
163 179.09858 479.369 0.58176312 -0.059735525 0.25924853 25 0 644 1.8714746 -0.68045987
164 104.13266 484.81308 0.69322529 -0.29151424 0.16461671 25 0 943 2.3513656 -0.9283004
165 415.56443 498.8803 0.8311992 -0.24194335 -0.22887409 25 0 418 1.316634 -0.29866262
166 156.19776 501.45015 0.52153083 -0.44812739 0.39128426 25 0 373 1.0899667 -0.093533048
167 157.05512 505.01362 0.55212093 -0.44174964 0.23350051 25 0 556 1.6262962 -0.52799915
168 276.36019 510.92481 0.8600868 -0.28916295 -0.73963573 25 0 578 1.3690227 -0.34102663
