id xcentroid ycentroid sharpness roundness1 roundness2 npix sky peak flux mag
1 326.64471 2.8239862 0.70113893 0.11203271 -0.39325301 25 0 287.27008 1.0065221 -0.0070582483
2 299.15875 5.2857952 0.60008617 0.13934409 -0.1908877 25 0 763.46666 3.099853 -1.2283527
3 308.20863 7.7883966 0.8139695 -0.024979731 -0.13822693 25 0 353.19558 1.1055473 -0.10894334
4 430.57386 8.6772885 0.59743937 0.38526682 -0.26749809 25 0 488.88175 1.9722777 -0.73742019
5 110.96148 12.556268 0.63633135 -0.072790298 -0.016011258 25 0 550.33319 2.110871 -0.81115425
6 26.246968 14.495441 0.63789222 0.34558092 0.0064975237 25 0 14518.927 53.283524 -4.3164823
7 336.58753 13.996958 0.64190962 0.093989174 -0.3521619 25 0 786.65125 2.959896 -1.1781911
8 410.10452 17.053394 0.64332811 0.077185106 -0.13659219 25 0 828.15349 3.1939882 -1.2608333
9 469.15993 16.926642 0.67408255 0.03826037 -0.21981412 25 0 31523.216 113.83543 -5.1406936
10 427.36453 18.461912 0.52952737 0.78104464 -0.046507301 25 0 209.38647 1.0743654 -0.077880027
11 335.4233 22.285252 0.69092898 -0.59508136 -0.47705771 25 0 296.70039 1.1176276 -0.12074281
12 214.30346 32.112936 0.66006935 -0.37453794 -0.48347306 25 0 377.17231 1.4262985 -0.38552603
13 355.84711 35.387508 0.57595932 -0.21797577 -0.20242067 25 0 536.44873 2.346704 -0.92614578
14 455.30281 35.682022 0.48326164 -0.43073881 -0.18840547 25 0 321.26465 1.5586976 -0.48190468
15 128.41454 37.964798 0.65349043 -0.31688113 -0.435894 25 0 472.4793 1.8580053 -0.67261737
16 115.48199 42.134475 0.657428 0.20956421 -0.23754216 25 0 668.55316 2.4660069 -0.97998571
17 188.50638 43.109403 0.59941069 0.0017704591 -0.40427733 25 0 1239.3236 4.8034087 -1.7038738
18 207.75952 44.003127 0.66519541 -0.10239289 -0.28228405 25 0 2685.1006 9.7494487 -2.4724501
19 420.76219 44.002714 0.79578115 -0.53402103 -0.28415813 25 0 337.54518 1.1498524 -0.15160525
20 348.42514 45.202891 0.65758658 0.086469302 -0.16512724 25 0 502.59174 1.9429854 -0.72117386
21 68.111485 46.294715 0.62113348 0.22679135 -0.15261445 25 0 578.52098 2.3801958 -0.9415317
22 326.2032 46.233001 0.30078833 0.23115721 -0.16847989 25 0 57162.34 280.80898 -6.1210275
23 392.15672 45.906558 0.59766814 -0.36853105 -0.31730292 25 0 267.08928 1.2218893 -0.21757968
24 251.81001 46.682133 0.67548976 -0.055958979 -0.38080364 25 0 274.41155 1.0941843 -0.097726193
25 113.1055 48.286883 0.65627163 0.11691268 -0.1275895 25 0 5874.7606 21.530122 -3.3326162
26 156.06487 49.012714 0.68940575 0.43789906 -0.20998653 25 0 398.12716 1.315193 -0.29747371
27 401.86324 49.765598 0.57478785 0.22945059 -0.13442579 25 0 1038.8893 4.2787007 -1.5782798
28 235.29232 53.908559 0.5702645 -0.36730852 -0.14202852 25 0 270.32951 1.2505785 -0.24277739
29 54.461553 55.474226 0.49951218 0.48460811 0.018631932 25 0 248.76976 1.2161426 -0.21246124
30 248.67828 55.183871 0.61408425 0.11938611 -0.26330677 25 0 401.25409 1.6905686 -0.570082
31 402.44032 55.131904 0.69111303 -0.68519739 -0.49403968 25 0 273.16418 1.0429434 -0.045651855
32 472.26953 55.627696 0.60818667 -0.10894949 -0.12526052 25 0 843.91496 3.2545843 -1.2812388
33 296.02926 56.578738 0.59224735 0.12246918 -0.054702126 25 0 1469.5504 5.512347 -1.8533414
34 144.16877 61.349431 0.6857008 0.0081887979 0.061090583 25 0 378.65253 1.3471981 -0.32357864
35 444.85364 63.284072 0.63875895 0.073902611 -0.19215015 25 0 1571.1147 5.7580341 -1.9006856
36 32.409416 64.233589 0.64893333 -0.51945903 -0.40386425 25 0 315.10741 1.2678336 -0.25765568
37 503.52218 65.586239 0.60183514 -0.34297411 -0.14987232 25 0 3134.1862 11.803928 -2.6800664
38 -0.0030812421 67.119827 0.91537614 -0.81148343 -0.16436824 25 0 402.50461 1.3616953 -0.33519984
39 351.26171 67.538158 0.57928754 0.37288484 -0.011359231 25 0 272.53448 1.2220444 -0.21771744
40 33.204856 69.347478 0.75918129 0.23337041 0.003814619 25 0 714.9287 2.4405581 -0.96872289
41 56.392551 69.089315 0.66718633 -0.054189755 -0.13131691 25 0 499.01058 1.8834248 -0.68737073
42 171.18255 69.639661 0.56621554 -0.012550359 0.027314656 25 0 320.1808 1.3213209 -0.30252077
43 434.56233 70.129673 0.67949778 0.12108343 -0.36106445 25 0 1668.2908 5.9475877 -1.9358521
44 114.09676 71.090437 0.67461159 -0.15514834 -0.29604127 25 0 462.04062 1.8370434 -0.66029857
45 473.29273 70.912035 0.68401522 0.087574558 -0.18983694 25 0 467.49725 1.7225341 -0.5904196
46 419.78864 71.853458 0.61712074 0.11662425 -0.21592928 25 0 661.50484 2.6872563 -1.0732727
47 57.609858 74.183663 0.64190972 0.051268937 -0.33881534 25 0 1608.4018 5.9188489 -1.9305931
48 470.41659 78.738182 0.59774823 -0.0012003138 -0.20920276 25 0 951.59377 3.6146863 -1.3951765
49 352.38176 82.82365 0.59114386 -0.18118136 -0.29840295 25 0 3366.8245 13.048478 -2.7888997
50 121.2393 86.132251 0.6909393 0.28772317 -0.39802872 25 0 488.86762 1.7541227 -0.61014989
51 436.72556 87.953807 0.60701266 0.22463749 -0.28117118 25 0 222.84208 1.0094046 -0.010163229
52 93.776446 89.663622 0.55267855 0.42743746 -0.034092266 25 0 546.35567 2.2204777 -0.86611603
53 146.42552 89.986216 0.64934002 0.43501366 -0.64576998 25 0 379.12019 1.3457339 -0.32239795
54 492.74378 89.687275 0.63097171 0.27425994 -0.10408394 25 0 23385.589 86.83626 -4.8467528
55 235.14832 93.065108 0.58887865 -0.17859474 -0.40074505 25 0 225.73016 1.0093381 -0.010091627
56 156.67573 96.539459 0.53308429 0.11424656 0.16273651 25 0 448.39742 1.7786457 -0.62522363
57 285.37709 97.098674 0.66154277 -0.17322937 -0.30139848 25 0 1426.9291 5.1540987 -1.7803818
58 289.35148 98.845308 0.64920307 -0.35509636 -0.31617127 25 0 1564.4034 5.5792256 -1.8664348
59 187.64382 99.935232 0.70105159 0.10397367 -0.24434255 25 0 1966.8886 6.773301 -2.0770009
60 55.429979 104.0478 0.68013977 -0.14504859 -0.30686343 25 0 4904.8761 17.265064 -3.0929205
61 117.34502 103.58044 0.561315 -0.64152212 -0.0086722598 25 0 352.39706 1.432199 -0.39000838
62 453.39232 103.62578 0.58953094 -0.54325189 -0.20534284 25 0 410.09816 1.6494831 -0.54336968
63 298.2427 105.96019 0.68646972 -0.4847344 -0.31559022 25 0 379.67192 1.4803605 -0.4259187
64 510.60892 106.17713 0.75719655 -0.41008672 0.0039953873 25 0 2364.6032 8.0656078 -2.2665927
65 491.05922 109.6562 0.61998771 0.013117698 -0.043752567 25 0 2186.697 8.0745272 -2.2677928
66 334.09316 115.17116 0.58022897 0.036888858 -0.29058629 25 0 583.4359 2.5404995 -1.0122978
67 220.70218 117.14748 0.6621724 -0.14206793 -0.22696111 25 0 19097.295 68.757526 -4.5933006
68 238.0854 117.25825 0.65787476 0.52945382 -0.013146208 25 0 1061.7747 3.6196562 -1.3966683
69 304.71496 118.37445 0.63096283 -0.031671345 -0.13163408 25 0 1128.4099 4.1475538 -1.5444801
70 248.2737 118.63879 0.55481788 -0.19376539 -0.20177385 25 0 1632.6618 6.3676821 -2.0099534
71 200.56385 120.68258 0.61260585 0.41087159 -0.12251999 25 0 438.57964 1.617845 -0.52234229
72 450.04786 119.99873 0.64564079 0.085701252 -0.12334312 25 0 472.01375 1.8593879 -0.67342499
73 494.02338 120.35443 0.59326734 0.41483304 -0.042374003 25 0 275.81328 1.1197731 -0.12282505
74 99.738862 120.61809 0.62703879 0.73640836 0.052347828 25 0 487.44599 1.8392773 -0.66161804
75 52.56148 122.09077 0.81120277 -0.17065727 -0.3596629 25 0 700.91308 2.1879858 -0.85011126
76 153.72469 121.85013 0.56405158 -0.32940413 -0.27052093 25 0 380.73154 1.4942627 -0.43606741
77 152.0867 123.8436 0.578924 -0.066802952 -0.26708457 25 0 2083.4763 8.2305965 -2.2885783
78 479.99516 124.16867 0.67328691 0.040639994 -0.40586881 25 0 410.54991 1.5098926 -0.44736515
79 176.01358 129.30793 0.62011778 0.14945665 -0.11695087 25 0 1952.7248 7.3667126 -2.1681843
80 7.4094255 130.76292 0.62286757 -0.1714679 -0.17066782 25 0 1286.9981 4.9819495 -1.7434983
81 253.35515 132.66966 0.59774058 -0.76736398 -0.16139463 25 0 351.31446 1.4091541 -0.37239621
82 395.86158 140.74272 0.57080075 0.10342453 -0.19119424 25 0 11900.429 46.624956 -4.1715461
83 384.46631 143.84663 0.50625408 -0.25545921 -0.1304532 25 0 261.69606 1.4327323 -0.39041262
84 298.74399 146.38953 0.63180924 -0.14003518 -0.14716859 25 0 2946.4993 10.600301 -2.5632955
85 14.554757 147.10196 0.67444562 -0.1001255 -0.11858126 25 0 853.5167 3.1689383 -1.2522845
86 94.563476 148.91992 0.6865055 0.44154074 -0.32236322 25 0 319.64943 1.2416385 -0.23498791
87 484.11599 152.76101 0.6335331 -0.044498341 -0.12435687 25 0 8572.3865 32.233074 -3.7707543
88 97.408958 160.21352 0.49877929 -0.33713385 0.14081906 25 0 384.48061 1.6755047 -0.56036416
89 385.78085 162.30716 0.60930664 -0.10426743 -0.17218023 25 0 50053.544 184.58591 -5.6654964
90 206.33596 166.1713 0.55895611 0.27698879 -0.22851857 25 0 553.35123 2.3041321 -0.90626843
91 425.06099 165.81927 0.50563217 0.12522538 -0.08041836 25 0 464.81605 2.1871597 -0.84970123
92 153.44524 169.69739 0.6307344 -0.37890994 -0.21225831 25 0 474.56137 1.6462877 -0.54126434
93 33.248309 173.43452 0.70717669 0.197569 -0.25085165 25 0 413.88552 1.445579 -0.4001046
94 346.12889 174.6224 0.54431128 0.16601496 -0.11040952 25 0 437.26728 1.8861111 -0.68891815
95 478.13056 174.10306 0.66872756 0.032167984 -0.16131641 25 0 7616.0732 27.685481 -3.6056302
96 164.08644 175.44642 0.60615531 -0.013316106 -0.098144207 25 0 974.93705 3.6787215 -1.4142423
97 225.95364 174.69424 0.56552444 0.10002826 -0.15063587 25 0 1793.8647 6.9715041 -2.1083162
98 1.6546078 177.14489 0.65993077 0.28736212 -0.32040216 25 0 302.36248 1.1863838 -0.18556304
99 413.42061 176.81355 0.69159336 0.038741873 -0.12374854 25 0 310.95614 1.2223688 -0.21800561
100 152.49469 178.02786 0.69332406 -0.19542338 -0.37084611 25 0 1713.8127 5.9114395 -1.9292331
101 420.96977 183.36588 0.60040633 0.021500064 -0.11972797 25 0 2705.6661 10.195316 -2.5210017
102 16.795103 183.85468 0.70115476 0.076095489 -0.23242235 25 0 904.73067 3.261202 -1.2834443
103 114.89137 183.97345 0.67980392 0.14824019 -0.12010387 25 0 2073.0196 7.275138 -2.1546031
104 482.79389 185.25301 0.58511792 -0.18691868 -0.20272103 25 0 777.79937 3.2426107 -1.277237
105 410.9273 185.56433 0.48588605 0.31651301 -0.11848129 25 0 467.49419 2.0509226 -0.77987315
106 226.6518 186.95287 0.65682202 0.027818878 -0.36080048 25 0 1230.6732 4.3899818 -1.6061568
107 421.47601 188.34052 0.52951401 0.012266928 -0.16568908 25 0 722.79751 3.0869335 -1.2238182
108 71.533281 190.55159 0.55868308 0.5994687 -0.10258693 25 0 33139.192 126.6704 -5.2566879
109 189.2685 189.48164 0.4837009 -0.34999782 -0.15688051 25 0 606.04619 2.6239763 -1.0473998
110 326.00972 190.00557 0.5141732 -0.32381163 0.020204573 25 0 211.53702 1.1756999 -0.17574118
111 121.24828 191.77777 0.51223274 -0.49315407 -0.4998789 25 0 370.08797 1.5687966 -0.48891662
112 252.30603 195.75745 0.5842854 0.56785532 -0.43382004 25 0 304.21534 1.2537699 -0.24554457
113 420.38408 196.18592 0.67535328 -0.25617089 -0.23390402 25 0 362.04803 1.358399 -0.33256837
114 454.75655 200.25316 0.60631661 0.01128556 -0.21626676 25 0 620.44118 2.5006339 -0.99512528
115 167.98654 202.57655 0.57096536 0.099908143 0.14628009 25 0 520.60496 1.9015497 -0.6977692
116 348.75555 202.00705 0.73040163 -0.27811118 -0.15131986 25 0 306.33969 1.0858301 -0.08940469
117 381.74527 201.89131 0.58684271 -0.18378795 -0.7544108 25 0 254.03192 1.0655181 -0.068902114
118 508.77049 203.9853 0.63278589 -0.02337144 -0.19903266 25 0 1750.9836 6.6516524 -2.0573239
119 66.466185 204.53522 0.60896193 0.63293443 0.033401122 25 0 531.31953 2.0551352 -0.78210101
120 405.76767 204.589 0.46121181 0.55141558 -0.34356053 25 0 230.41334 1.1275058 -0.13029694
121 469.37289 206.32149 0.62078149 0.03126743 -0.29244042 25 0 604.34807 2.3271306 -0.91705189
122 415.64791 208.82534 0.64999606 -0.28795627 -0.55241466 25 0 233.9155 1.0447419 -0.047522559
123 502.7088 210.04214 0.66828514 -0.021821499 -0.20298596 25 0 3548.9298 12.766159 -2.7651506
124 12.625253 213.51426 0.63144223 0.45263289 0.010037479 25 0 378.92944 1.4352341 -0.39230688
125 14.611949 214.99899 0.71522301 0.12729063 -0.25334346 25 0 533.06822 1.9570626 -0.72901178
126 425.48193 216.24182 0.57989455 0.19794181 -0.2616892 25 0 998.10467 3.9588713 -1.4939285
127 326.20437 218.34261 0.58779751 0.16833038 -0.12243028 25 0 1448.6623 5.5663215 -1.8639207
128 256.38989 220.4159 0.58750037 0.39497473 -0.22854134 25 0 678.33318 2.6352438 -1.052052
129 150.66715 221.77727 0.62778203 0.30989403 -0.16238675 25 0 1051.9195 3.8428913 -1.4616453
130 493.68521 222.0084 0.70286073 -0.067701064 -0.019909726 25 0 293.07958 1.1265732 -0.12939855
131 220.67755 225.17703 0.41771548 -0.11227926 -0.46284236 25 0 203.61352 1.0787691 -0.082321196
132 479.32482 225.00521 0.64070344 -0.036960777 -0.24424133 25 0 5162.5458 19.056994 -3.200136
133 239.81008 227.17432 0.61623784 -0.10058665 -0.18360658 25 0 3017.6884 11.408251 -2.6430477
134 351.94093 229.29661 0.5937373 -0.05105823 -0.19357215 25 0 4533.7496 17.415345 -3.1023302
135 422.08011 230.03172 0.5868603 -0.047260479 -0.24345472 25 0 14346.194 56.045153 -4.3713452
136 326.93964 231.60544 0.50936713 0.25240194 -0.053593227 25 0 987.98292 4.3131449 -1.5869851
137 491.58191 232.0346 0.73424967 -0.4430792 -0.30429035 25 0 314.03165 1.1320537 -0.13466755
138 180.44728 237.89166 0.62962134 -0.10684846 -0.24953649 25 0 728.51475 2.6693425 -1.0660108
139 240.53835 238.89462 0.53246226 0.041624941 -0.38062992 25 0 736.66175 2.942959 -1.1719605
140 30.864227 242.04504 0.80292987 0.29016306 -0.20041793 25 0 509.93569 1.6983009 -0.57503659
141 431.28802 241.47444 0.56816071 -0.20978069 -0.029537628 25 0 1714.7156 6.6072931 -2.0500589
142 17.497719 244.46581 0.58215473 -0.2765776 -0.12075262 25 0 266.01077 1.1220536 -0.125034
143 204.01357 255.51517 0.59293016 0.10823117 -0.021017502 25 0 4619.3857 17.058497 -3.0798519
144 428.13757 255.02174 0.62074316 -0.0600277 -0.24402903 25 0 8184.4133 30.88227 -3.724273
145 266.09012 257.80417 0.47978569 -0.11802524 -0.19554895 25 0 344.18388 1.544282 -0.47181654
146 331.72687 264.2833 0.55005828 0.31219631 -0.3198678 25 0 376.36091 1.5774648 -0.49489921
147 104.82773 265.60321 0.56960015 0.54748168 -0.061689738 25 0 361.18054 1.4516064 -0.40462215
148 33.359185 276.10915 0.67895995 0.038981622 -0.29178703 25 0 1673.429 6.0603994 -1.9562531
149 89.717565 277.74332 0.67816784 0.11979501 -0.11783966 25 0 411.80273 1.4636361 -0.41358281
150 501.51271 280.87755 0.53327322 -0.65259182 -0.31739456 25 0 230.607 1.0727351 -0.076231206
151 47.644716 285.25201 0.67340548 0.15269341 -0.34642288 25 0 844.98192 3.1281596 -1.2382223
152 215.42316 284.66135 0.45614011 0.2719858 -0.23705112 25 0 289.52808 1.3135083 -0.29608204
153 347.74147 287.81825 0.59366194 0.071742893 -0.21645904 25 0 5624.7919 21.757218 -3.3440084
154 160.5199 289.04553 0.65687374 -0.18419156 -0.28685312 25 0 965.98939 3.3187229 -1.3024275
155 39.111462 290.2003 0.70495648 0.093327699 -0.17355807 25 0 1493.1922 5.2232161 -1.794845
156 67.292299 290.0381 0.67483966 -0.054079783 -0.27322273 25 0 1361.4513 4.8317483 -1.7102608
157 321.95221 292.98591 0.58881503 -0.17581165 0.09487954 25 0 337.68475 1.3957907 -0.36205071
158 453.33946 292.68434 0.57828697 -0.29755751 -0.26670151 25 0 707.37659 2.7962229 -1.1164295
159 6.9354844 294.96202 0.79425864 0.077804532 -0.17256362 25 0 320.32205 1.1200793 -0.12312197
160 136.35385 299.69331 0.68534072 -0.13085883 -0.17465155 25 0 565.8453 1.9460774 -0.72290025
161 50.923862 305.66904 0.63947907 0.28123458 -0.086282631 25 0 1380.1388 5.0729543 -1.7631524
162 398.56124 305.90668 0.72902544 -0.62831379 -0.13696121 25 0 461.79197 1.5473719 -0.47398676
163 194.28989 311.38199 0.47149159 -0.30720087 -0.014254396 25 0 644.44809 2.7324331 -1.0913738
164 426.07269 311.49087 0.43527707 -0.18030881 -0.12889219 25 0 746.4379 3.3547519 -1.314151
165 113.50546 316.14925 0.67013292 -0.25626309 -0.30970882 25 0 3728.7343 13.087856 -2.7921712
166 35.593803 320.10897 0.699876 -0.33740207 -0.6082638 25 0 429.73488 1.5232866 -0.45695407
167 430.30674 325.49718 0.57850436 0.42188994 -0.26273314 25 0 275.20117 1.0962169 -0.099741215
168 163.10986 325.54199 0.44632164 -0.31712407 -0.19099761 25 0 309.18283 1.3395852 -0.31742584
169 305.65824 327.96934 0.66156777 -0.51049971 -0.4020645 25 0 651.90324 2.2954022 -0.90214697
170 263.21551 335.16403 0.64865643 0.08728037 -0.057868587 25 0 605.80998 2.1527388 -0.83247836
171 6.4333106 335.93044 0.69490762 -0.13308535 -0.26535249 25 0 14182.969 50.061047 -4.2487498
172 355.85057 335.72083 0.5966538 0.04788187 -0.1738724 25 0 502.56172 2.0087475 -0.75731336
173 52.736711 337.12965 0.66910492 -0.19077601 -0.42739725 25 0 1049.4046 3.7097885 -1.4233729
174 239.48296 336.76663 0.56299667 -0.24673167 -0.24106724 25 0 827.95656 3.0875747 -1.2240437
175 464.29446 343.31423 0.7026382 0.62194203 0.21316561 25 0 995.82415 3.0719182 -1.2185241
176 235.31925 346.69028 0.53498013 0.46741299 -0.12026002 25 0 345.13007 1.2466047 -0.23932188
177 336.22979 349.26352 0.50688297 -0.011570036 -0.23822037 25 0 693.19228 3.035821 -1.2056904
178 451.02376 352.0284 0.56256023 -0.29348138 -0.51094696 25 0 253.18584 1.0754239 -0.078949258
179 215.53413 352.86731 0.67149695 0.071732526 -0.29696623 25 0 5666.8021 19.810655 -3.2422471
180 22.913763 354.33779 0.62528989 -0.43091123 0.73395235 25 0 345.52305 1.0800241 -0.083583588
181 357.51992 354.3432 0.62513046 -0.3787317 -0.1598648 25 0 1011.24 3.5038289 -1.3613572
182 468.95405 355.27185 0.6797396 -0.45883718 -0.27928475 25 0 399.53757 1.3189014 -0.3005308
183 274.44129 356.89373 0.61350683 -0.27688738 -0.35879072 25 0 25475.052 93.679055 -4.9291063
184 390.20131 363.97732 0.58740893 -0.060520713 -0.21430142 25 0 1975.5167 7.5566585 -2.1958245
185 455.49978 364.75884 0.50990735 -0.3730871 -0.27707845 25 0 313.04666 1.2279894 -0.22298651
186 201.87904 365.81604 0.61305898 0.0014571141 -0.19572803 25 0 1661.0906 6.1346141 -1.9694681
187 253.82017 367.05479 0.64790572 -0.017009294 -0.22789499 25 0 3139.6907 11.49612 -2.6513782
188 71.497885 368.42424 0.62513692 0.52785859 -0.15132121 25 0 4780.4834 17.343517 -3.097843
189 403.42702 368.28525 0.60064016 0.15529036 -0.28796158 25 0 1054.3224 3.836054 -1.4597118
190 114.8263 369.29938 0.7255941 -0.23301074 -0.18738219 25 0 589.15149 1.8470177 -0.66617767
191 475.10282 370.48391 0.58281959 0.10069506 -0.011323551 25 0 8548.3471 32.566852 -3.7819395
192 451.6875 378.16204 0.70176456 -0.57368123 -0.46237356 25 0 332.33575 1.2120132 -0.20876841
193 421.53573 379.95339 0.59099163 0.03745575 -0.36014354 25 0 359.76604 1.5071889 -0.44541924
194 1.5325703 381.91776 0.66033381 -0.30759935 -0.33833561 25 0 336.83794 1.2007449 -0.19862692
195 341.66519 381.47472 0.53433426 0.38517003 -0.082950418 25 0 2870.6611 11.117985 -2.6150652
196 50.612231 382.57338 0.65853707 0.48341818 -0.10251268 25 0 3851.0076 13.77948 -2.8480821
197 96.404486 384.29673 0.59716619 0.04475331 -0.22046178 25 0 614.89245 2.138466 -0.82525587
198 203.19588 385.78662 0.63146996 -0.084869014 -0.24263113 25 0 693.30138 2.433004 -0.96535707
199 76.12516 387.30758 0.69578461 0.18143824 0.044990817 25 0 470.48545 1.5538311 -0.47850954
200 244.89212 386.76728 0.67634519 -0.20325048 -0.2370537 25 0 415.87179 1.3594737 -0.33342702
201 459.58976 386.94214 0.74820066 -0.56772892 -0.020837701 25 0 695.26436 2.035079 -0.77145318
202 492.09298 388.90765 0.42792534 0.78344615 0.61032907 25 0 237.17187 1.1343163 -0.13683546
203 120.46185 388.5347 0.56616527 -0.36053421 -0.097069739 25 0 1341.1746 4.8772281 -1.7204327
204 460.39347 390.50664 0.53266731 0.40051683 0.049722489 25 0 1801.5932 7.1059645 -2.1290576
205 430.99554 390.84424 0.6126652 -0.068665998 -0.16493816 25 0 2590.5814 9.748252 -2.4723169
206 36.061029 393.56725 0.55888889 0.21793068 0.082998876 25 0 597.53018 2.3414692 -0.92372114
207 222.49155 398.52787 0.54966863 -0.48960636 -0.21008659 25 0 6462.8836 24.356094 -3.4665191
208 352.82783 400.63984 0.48059324 0.50220175 -0.16567348 25 0 630.48955 2.5462264 -1.0147426
209 251.59715 406.02727 0.66437278 0.29776788 -0.48713965 25 0 772.1342 2.6459956 -1.0564728
210 388.14681 405.80715 0.57444301 0.15197278 -0.27460325 25 0 602.77548 2.2496846 -0.8803041
211 267.14426 409.41758 0.51732496 0.12398528 0.013530461 25 0 314.79715 1.1743861 -0.17452721
212 248.83489 409.79165 0.65024305 0.02870917 -0.19321778 25 0 2157.214 7.7057602 -2.2170387
213 470.19978 410.24727 0.64492248 0.39099415 -0.25597931 25 0 565.47806 2.0893505 -0.80002825
214 17.585052 413.7199 0.64219854 -0.64749572 -0.086746403 25 0 321.81775 1.0252083 -0.02703032
215 80.888206 415.02989 0.74563575 0.1962926 -0.14149427 25 0 1218.1156 3.8957359 -1.4764738
216 104.88109 416.56418 0.61291627 0.026639274 0.011428174 25 0 2237.6766 8.1375508 -2.2762343
217 280.70922 426.70908 0.6661326 -0.11447867 -0.31647705 25 0 437.04727 1.4396182 -0.39561832
218 161.62966 428.01023 0.75185747 -0.35830971 -0.46578409 25 0 468.56822 1.3863208 -0.35465937
219 190.49976 433.46346 0.5935611 0.16304926 -0.24593538 25 0 377.95649 1.2924308 -0.27851822
220 129.18786 435.45884 0.59635239 0.39528902 -0.11619539 25 0 1105.2427 4.0157048 -1.5094044
221 155.72537 434.54479 0.63741224 0.4735447 -0.076139125 25 0 2303.6649 8.224808 -2.2878144
222 377.74471 435.61293 0.7077345 0.2505347 -0.06046831 25 0 391.08625 1.2194728 -0.21543029
223 158.05075 437.32445 0.57431793 -0.24414702 -0.49580562 25 0 400.97646 1.3814047 -0.35080229
224 228.92657 437.92162 0.68569948 -0.19585906 -0.30179325 25 0 1296.4792 4.4012275 -1.6089345
225 487.81055 437.874 0.25438914 0.022051931 -0.090215701 25 0 61242.457 292.2151 -6.1642566
226 341.40508 439.87489 0.64418687 -0.30925051 -0.3045473 25 0 3483.5066 12.553166 -2.7468832
227 11.165121 442.7916 0.73667679 -0.31609209 -0.14759557 25 0 450.0845 1.4409765 -0.39664227
228 241.90245 442.23095 0.45953242 0.16259542 0.19703116 25 0 956.86141 3.9668413 -1.4961121
229 88.112014 444.17878 0.72371254 0.078876001 -0.17335208 25 0 18348.133 63.558036 -4.5079262
230 473.07027 445.10428 0.64843452 -0.23281586 -0.29377768 25 0 462.01087 1.6461724 -0.54118829
231 459.47343 451.40066 0.6116033 -0.81825103 -0.1560595 25 0 358.60352 1.3129516 -0.29562178
232 208.99682 451.7872 0.64603721 0.39744547 0.024109694 25 0 423.8878 1.5263461 -0.45913257
233 473.85649 454.47943 0.6549773 -0.065725249 -0.016999837 25 0 2354.1087 8.2766303 -2.2946339
234 376.42029 456.72186 0.65356099 0.33452213 -0.11674793 25 0 423.37304 1.4427565 -0.39798264
235 307.93383 457.94437 0.60697049 0.064378102 -0.27084732 25 0 831.02897 3.0598219 -1.2142404
236 431.88676 459.15329 0.69322178 -0.10091153 -0.064385771 25 0 577.49023 1.9195018 -0.7079713
237 476.15352 460.68497 0.57782855 0.3739872 -0.10603955 25 0 299.42367 1.074558 -0.078074629
238 358.88758 462.92433 0.67215731 -0.21941365 -0.3374412 25 0 1538.2264 5.3955211 -1.8300835
239 53.220375 463.7922 0.71444665 -0.061207393 -0.1601558 25 0 7081.3428 24.639245 -3.4790685
240 146.24275 465.00879 0.72494083 -0.10375877 -0.24108767 25 0 1521.3388 5.0795197 -1.7645566
241 322.76504 465.68911 0.47614898 0.28835592 -0.17966376 25 0 292.4281 1.0904964 -0.094060609
242 288.24965 467.07124 0.66600504 -0.036800958 -0.54814159 25 0 424.72138 1.4444264 -0.39923858
243 424.44414 466.45445 0.48379946 -0.55817499 -0.18114679 25 0 60551.761 238.76423 -5.9449232
244 401.8504 468.92892 0.65971224 -0.20101394 -0.19468886 25 0 356.91518 1.1317636 -0.13438928
245 207.84678 473.07083 0.70143064 -0.068701181 -0.24255262 25 0 6182.2431 21.730859 -3.3426922
246 425.4133 474.26842 0.74533951 -0.25907152 -0.3174285 25 0 653.59248 1.8020852 -0.63943828
247 339.42431 474.77669 0.63193087 -0.88450268 -0.35305919 25 0 662.35602 2.3218808 -0.91459981
248 242.15572 476.14052 0.69085452 -0.18350581 -0.17050659 25 0 461.08166 1.5927463 -0.50536649
249 257.94447 476.39328 0.60709544 -0.0021059837 -0.13660218 25 0 3142.9471 11.700603 -2.6705206
250 111.32989 476.93472 0.62080383 -0.11393795 -0.1436846 25 0 608.9126 2.3108847 -0.90944571
251 135.8636 482.36733 0.64310368 0.13078003 -0.088108655 25 0 1016.1184 3.4885901 -1.3566249
252 335.15311 481.50345 0.49205047 -0.00024449454 0.19044986 25 0 466.2501 1.7650602 -0.6168988
253 213.80147 487.09521 0.24708912 -0.038200374 0.46473403 25 0 189.78015 1.0195758 -0.02104881
254 60.874238 487.73623 0.75023236 0.037855266 -0.176232 25 0 1441.7109 4.785149 -1.6997387
255 237.15893 497.32585 0.56984659 -0.15923033 -0.28132248 25 0 472.79179 1.6888162 -0.56895594
256 494.25836 499.66436 0.46856962 0.6993683 0.27924478 25 0 271.7413 1.0409536 -0.043578432
257 147.1585 501.39454 0.68326001 0.48702612 -0.018740855 25 0 460.93821 1.511281 -0.44836302
258 382.77916 502.60715 0.89251957 0.23292317 0.24127218 25 0 444.52889 1.2777938 -0.26615191
259 64.397999 502.68508 0.71903406 -0.108048 -0.38630653 25 0 421.91669 1.3125886 -0.29532156
260 112.93066 504.417 0.78039261 -0.3974859 -0.075445831 25 0 768.97166 2.2746431 -0.89228316
261 158.41222 504.43318 0.60457685 0.64073328 -0.018851897 25 0 509.9935 1.7110639 -0.58316559
262 276.90044 506.72254 0.61631732 -0.1210883 -0.54375974 25 0 368.775 1.2505537 -0.24275588
263 113.85701 508.12294 0.68848389 -0.17293309 -0.32460019 25 0 958.98497 3.2486059 -1.2792426
264 160.37796 510.81665 0.90594452 -0.58196571 -0.74271592 25 0 558.18802 1.5887198 -0.50261826
