id xcentroid ycentroid sharpness roundness1 roundness2 npix sky peak flux mag
1 297.59549 6.984386 0.60551312 0.050217346 -0.29027688 25 0 705 2.0100098 -0.75799542
2 306.68192 9.4390286 0.61819005 0.067031364 -0.30013035 25 0 349 1.1212371 -0.12424366
3 429.15273 10.241935 0.62063875 0.28597775 -0.058253041 25 0 475 1.6992358 -0.57563411
4 109.34996 14.106246 0.72136089 -0.55839426 -0.36730968 25 0 483 1.3979349 -0.36371734
5 24.661507 16.045868 0.71622928 -0.10568469 -0.2235405 25 0 16684 44.609547 -4.1235695
6 335.20747 15.60491 0.55815043 -0.059381847 -0.11385699 25 0 668 2.209222 -0.86059841
7 408.53652 18.839901 0.6744115 0.12343511 -0.26420468 25 0 641 2.0075259 -0.75665289
8 467.6695 18.739632 0.60900052 0.27477253 -0.2170465 25 0 25016 71.969973 -4.6428784
9 213.22012 33.795126 0.58238156 0.27150813 -0.2245619 25 0 401 1.2871277 -0.27405407
10 354.4196 37.111335 0.70123254 0.084813762 -0.21653627 25 0 557 1.5779826 -0.49525551
11 454.00049 37.316374 0.52611332 0.15462772 -0.072612641 25 0 276 1.3110892 -0.29408063
12 127.01881 39.702935 0.67945044 0.13631843 0.058460308 25 0 467 1.2830983 -0.27064981
13 113.83649 43.768012 0.63262172 0.13133219 -0.27228 25 0 587 1.6033881 -0.51259661
14 186.73421 44.957148 0.61264109 0.0030865354 -0.25643294 25 0 1273 3.7392994 -1.4319756
15 206.34059 45.809245 0.63986181 -0.28201046 -0.31388861 25 0 2391 6.6563037 -2.0580828
16 346.97666 46.972715 0.6362506 -0.28957439 -0.38948425 25 0 554 1.7220804 -0.59013356
17 66.611566 47.936327 0.73210498 0.03790738 -0.30996092 25 0 585 1.6036634 -0.51278305
18 324.89243 47.818677 0.29206561 0.32823122 -0.12317325 25 0 58792 220.81206 -5.860057
19 111.60753 49.955408 0.65883089 -0.027153422 -0.27369992 25 0 5565 15.360373 -2.9660044
20 400.44147 51.568515 0.60124576 0.46380094 -0.16767648 25 0 792 2.328656 -0.91776335
21 247.23387 56.861312 0.72881319 -0.096953145 -0.19703028 25 0 422 1.0328547 -0.035098067
22 294.61882 58.392631 0.62621001 0.37219697 -0.28736917 25 0 1467 4.0186171 -1.5101916
23 470.90223 57.444833 0.53454509 0.45457034 0.02015493 25 0 562 2.0416079 -0.77493083
24 443.4953 65.120464 0.72770821 0.10655045 -0.37666503 25 0 1617 4.3454991 -1.5950992
25 501.92359 67.489658 0.60670192 0.073579756 -0.0010157808 25 0 3072 9.2633961 -2.4169256
26 349.62623 69.290553 0.69270904 -0.18970171 -0.21225527 25 0 355 1.0636027 -0.066948561
27 31.569749 70.915888 0.68498851 0.082244682 -0.27388918 25 0 673 2.0137062 -0.75999025
28 54.742294 70.781942 0.5739672 -0.052180318 -0.035707926 25 0 417 1.4497701 -0.40324788
29 433.06662 72.018136 0.62441919 0.048408046 -0.21 25 0 1656 5.0298529 -1.7538882
30 112.54071 72.691377 0.60354507 0.16129425 -0.28166555 25 0 446 1.2786292 -0.26686153
31 471.67821 72.755889 0.64426636 0.047745037 -0.16540931 25 0 367 1.3525568 -0.3278888
32 418.46399 73.456106 0.60800069 -0.13926837 -0.060059871 25 0 443 1.4267393 -0.38586157
33 55.949755 75.883476 0.72637523 -0.11129732 -0.22732533 25 0 1913 5.1185521 -1.7728678
34 468.87311 80.578151 0.57987512 0.39647758 -0.037231652 25 0 826 2.6674309 -1.0652329
35 350.87159 84.510922 0.52104545 0.28730681 -0.079158953 25 0 2879 8.837986 -2.3658833
36 119.96435 87.658864 0.66096355 0.26250899 -0.088503105 25 0 527 1.3852938 -0.3538547
37 92.439727 91.211785 0.65957619 0.25705296 -0.30217254 25 0 664 1.819815 -0.65006813
38 491.25375 91.570336 0.60607069 0.46486547 0.021239052 25 0 19727 56.098854 -4.372385
39 155.18471 98.249337 0.65030968 -0.026577791 -0.17076436 25 0 664 1.7407088 -0.60181529
40 283.90472 98.887986 0.57889692 -0.31861753 -0.38755261 25 0 1328 3.9142956 -1.4816341
41 287.79597 100.54277 0.50338146 0.061322962 -0.10813513 25 0 1267 3.9363649 -1.4877384
42 186.12137 101.57151 0.54785275 -0.077479881 -0.2271881 25 0 1533 4.3252838 -1.5900365
43 115.9275 105.30049 0.68510574 -0.17954209 -0.29285029 25 0 537 1.4180267 -0.379211
44 53.874062 105.71818 0.6248621 0.10029929 -0.16066495 25 0 4481 12.737433 -2.7627047
45 509.33957 107.98711 0.70084799 0.12106235 -0.20261953 25 0 2321 6.4280679 -2.0202011
46 489.56931 111.50496 0.59583449 0.60359376 -0.14960503 25 0 1715 5.0359107 -1.7551951
47 332.44441 117.09126 0.56371784 0.041693218 -0.37638111 25 0 602 1.8484012 -0.66699063
48 219.13648 118.93595 0.59634433 -0.072848969 -0.25357716 25 0 17492 51.255237 -4.2743456
49 236.4229 119.00124 0.63002469 -0.0027821956 -0.26817331 25 0 1106 2.8261126 -1.1279737
50 246.53091 120.46947 0.58839175 -0.50158387 -0.17066612 25 0 1766 4.8714559 -1.7191469
51 303.30216 120.05271 0.62272054 0.037194459 -0.29752045 25 0 1266 3.4866565 -1.3560229
52 98.271025 122.31109 0.58441141 0.097786703 -0.14900639 25 0 469 1.2630642 -0.25356356
53 198.63261 122.13685 0.61956191 0.36458094 -0.24373621 25 0 595 1.5702711 -0.48993659
54 448.32135 121.80696 0.66693264 -0.36002051 -0.19393957 25 0 442 1.3542466 -0.32924442
55 153.16544 123.94187 0.58967929 -0.49664269 -0.50561925 25 0 433 1.1369476 -0.13935113
56 51.067761 123.81988 0.69347489 0.11664953 -0.22229041 25 0 641 1.7618884 -0.61494597
57 150.55192 125.50619 0.55473482 0.42367044 -0.17521723 25 0 1815 5.162391 -1.7821272
58 478.56649 126.05756 0.6375808 -0.63531041 -0.4568728 25 0 335 1.1995353 -0.19753258
59 174.45662 131.00785 0.60713854 -0.046055811 -0.3489822 25 0 1778 4.8156609 -1.7066398
60 5.7408889 132.40935 0.621514 -0.23566352 -0.11456593 25 0 1164 3.3495334 -1.3124608
61 251.95093 134.38032 0.43463151 0.2218445 -0.22396768 25 0 432 1.2868088 -0.27378501
62 394.40813 142.54497 0.56572715 0.54003326 -0.096672701 25 0 10540 30.476492 -3.7099124
63 297.23741 148.11173 0.61812785 -0.011740529 -0.25655445 25 0 3173 8.8954254 -2.3729168
64 13.183162 148.91477 0.58397829 -0.12251513 -0.12158057 25 0 805 2.4600522 -0.97736079
65 482.51724 154.52813 0.55210778 0.54892534 -0.12878905 25 0 6370 18.895948 -3.1909217
66 95.857576 162.15017 0.51722033 -0.050663496 -0.39902881 25 0 483 1.4740945 -0.42131331
67 384.36611 164.05472 0.62983773 -0.03429141 -0.28180054 25 0 52295 145.96899 -5.4106515
68 204.82878 167.91318 0.59807394 0.14594775 -0.073459963 25 0 574 1.3787904 -0.3487456
69 423.58611 167.52935 0.41541772 0.56276376 -0.038924979 25 0 313 1.2246671 -0.22004511
70 151.94701 171.43439 0.60990503 0.54650402 0.17203648 25 0 565 1.3983316 -0.36402543
71 224.39445 176.44786 0.58139077 0.28147063 -0.21648633 25 0 1679 4.5688218 -1.6495105
72 344.56868 176.34877 0.51746875 -0.26423 -0.14806352 25 0 457 1.3402403 -0.31795667
73 476.51837 175.98102 0.60722699 -0.02452911 -0.28987025 25 0 6383 18.522151 -3.1692285
74 162.52563 177.08853 0.68840102 -0.035319444 -0.31793822 25 0 1064 2.645535 -1.0562838
75 411.8392 178.3665 0.51911098 0.32070507 -0.20469159 25 0 348 1.2652642 -0.25545307
76 151.03557 179.72772 0.54452541 -0.040059029 -0.1962975 25 0 1595 4.63958 -1.6661967
77 15.070857 185.61667 0.57146164 0.28749636 0.097270965 25 0 682 2.059305 -0.7843017
78 419.47687 185.16886 0.62094317 -0.34863155 -0.31957265 25 0 2619 7.2803676 -2.1553833
79 113.45958 185.64366 0.55334103 -0.10054643 -0.071842508 25 0 1636 4.5660207 -1.6488447
80 409.55163 187.4562 0.57177315 0.35914081 -0.18457864 25 0 486 1.4553333 -0.40740616
81 481.36697 187.0845 0.61022918 0.091113729 -0.2528913 25 0 712 2.2788462 -0.89428755
82 225.20914 188.61267 0.564694 -0.1127888 -0.26002348 25 0 1108 3.0366539 -1.2059882
83 419.93584 190.18289 0.61382827 -0.43376086 -0.14655553 25 0 880 2.6649354 -1.0642167
84 187.61649 191.26967 0.58532879 -0.22933255 -0.11722401 25 0 754 1.9181033 -0.70717997
85 69.95282 192.14298 0.64981474 -0.0057383055 -0.16477399 25 0 44176 124.3422 -5.2365464
86 119.74334 193.3322 0.49955234 0.16297049 -0.14284461 25 0 380 1.0132711 -0.014314174
87 419.16588 198.14341 0.54732551 -0.35178138 -0.3037533 25 0 374 1.2804756 -0.26842826
88 453.4625 201.97101 0.62474223 -0.3877216 -0.43942947 25 0 590 1.7718148 -0.62104584
89 166.48481 204.11249 0.56235603 0.11334923 -0.14829507 25 0 637 1.7415924 -0.60236629
90 196.86709 205.29993 0.72243287 -0.22398811 -0.16086818 25 0 485 1.0479885 -0.050891286
91 65.116047 206.21839 0.68807855 0.055693556 -0.16385744 25 0 662 1.6686875 -0.55593755
92 507.16089 205.81549 0.61494491 0.11600501 -0.19137432 25 0 1550 4.7564551 -1.6932085
93 467.79925 208.18212 0.6512274 -0.078778491 -0.22227197 25 0 597 1.8191965 -0.64969902
94 501.11518 211.88814 0.65735471 0.08276266 -0.18658405 25 0 3335 9.4259436 -2.4358121
95 10.745698 215.423 0.73933215 0.74516653 -0.45811848 25 0 434 1.0723653 -0.075856888
96 12.866109 216.6115 0.69092809 0.56848708 -0.032938897 25 0 507 1.3526457 -0.32796012
97 424.02735 218.02006 0.55797729 0.034275456 -0.1543767 25 0 1057 3.3658102 -1.317724
98 324.52175 220.23571 0.61801339 -0.28027209 -0.2696279 25 0 1500 3.9910968 -1.5027306
99 254.70879 222.11046 0.55903941 0.025838933 -0.17340458 25 0 752 2.1460283 -0.82908863
100 149.07435 223.48096 0.56155078 0.37209344 -0.032927064 25 0 1001 2.5734201 -1.0262767
101 477.74504 226.80298 0.6056975 0.08422021 -0.19776512 25 0 4651 13.576555 -2.8319739
102 238.30881 228.85072 0.61688279 -0.20584388 -0.28133805 25 0 3033 8.4160578 -2.3127718
103 350.44268 231.11565 0.61446932 -0.010034675 -0.33393366 25 0 4397 12.313512 -2.7259548
104 420.53815 231.85645 0.60679318 0.045025084 -0.29430445 25 0 13422 38.051709 -3.9509354
105 325.29117 233.41215 0.587001 0.39475941 -0.18405904 25 0 1019 2.9175566 -1.1625482
106 178.75483 239.54086 0.5585467 0.4968803 -0.096167257 25 0 692 1.7573581 -0.61215069
107 238.85498 240.5402 0.58051358 0.16361987 -0.084614017 25 0 847 2.3012957 -0.90493108
108 429.77314 243.40529 0.58196866 -0.1292923 -0.12251807 25 0 1745 5.140969 -1.7776125
109 29.387452 243.57025 0.55617554 -0.13324251 0.060676103 25 0 386 1.1692311 -0.16975087
110 202.48628 257.07052 0.65660022 -0.024052196 -0.35099798 25 0 5242 13.92936 -2.8598279
111 426.60368 256.82394 0.596013 0.1130714 -0.2450165 25 0 6968 19.939201 -3.2492694
112 264.47846 259.53304 0.51345443 -0.3470867 0.05864086 25 0 422 1.2065343 -0.20384919
113 329.99753 265.99259 0.63120064 -0.19867714 -0.2914254 25 0 516 1.5166082 -0.45218349
114 103.2747 267.22333 0.69727833 -0.28864707 -0.23421116 25 0 490 1.0883432 -0.091914633
115 31.661659 277.75396 0.6714604 0.20776462 -0.15043122 25 0 1673 4.4916542 -1.6310158
116 88.176683 279.40181 0.48363489 0.21041712 -0.1555178 25 0 344 1.062948 -0.066279997
117 45.969804 286.88855 0.71620816 0.060728161 -0.13709186 25 0 922 2.19606 -0.85411049
118 346.20937 289.47435 0.52325468 -0.18305726 -0.069588503 25 0 4565 13.780902 -2.8481941
119 158.85609 290.67843 0.56030035 0.091500421 -0.15721948 25 0 887 2.4540809 -0.97472217
120 37.517321 291.93552 0.68324396 0.14273405 -0.20886684 25 0 1397 3.6086147 -1.3933513
121 65.809416 291.75415 0.60380745 0.14397739 -0.22403393 25 0 1214 3.4291214 -1.3379571
122 320.47198 294.25321 0.59834856 -0.78501328 -0.16955389 25 0 369 1.0304012 -0.032515939
123 451.81201 294.58791 0.5953609 0.37410825 -0.019173951 25 0 575 1.7571234 -0.61200563
124 134.67302 301.50752 0.52210881 -0.39006865 -0.13288982 25 0 434 1.1366234 -0.13904149
125 49.233785 307.46323 0.61744174 0.44740545 -0.015748168 25 0 1295 3.5404459 -1.3726449
126 396.99704 307.6257 0.62897887 -0.21558587 -0.23347051 25 0 380 1.1443773 -0.14642312
127 192.62182 313.05803 0.58558391 -0.58477767 -0.27233116 25 0 863 2.3029462 -0.90570948
128 424.57942 313.35041 0.63357941 -0.29559861 -0.25921816 25 0 955 2.6955904 -1.0766347
129 111.92337 317.87793 0.60803516 0.027350735 -0.25818964 25 0 3534 10.001869 -2.5002029
130 34.01053 321.83323 0.55305588 0.013753904 -0.22247813 25 0 423 1.242221 -0.23549719
131 161.40122 327.40867 0.47308096 -0.17031795 -0.43247948 25 0 366 1.0228136 -0.024491213
132 304.25403 329.67435 0.549456 -0.20820158 -0.14266499 25 0 593 1.8417655 -0.66308582
133 261.56524 336.9272 0.69315591 -0.21976622 -0.4513071 25 0 603 1.4528241 -0.4055326
134 354.33232 337.33077 0.54749717 0.14088428 -0.33912699 25 0 409 1.2306741 -0.22535763
135 4.7118059 337.6009 0.64582643 0.3767934 -0.052476755 25 0 12594 34.881 -3.8564723
136 237.95631 338.50702 0.50945792 -0.15541407 -0.27853164 25 0 693 1.9642765 -0.73300654
137 51.075104 338.80578 0.68241724 0.060704806 -0.18012234 25 0 1107 2.8070147 -1.1206117
138 462.73507 345.10782 0.58479683 -0.0072830682 0.17067815 25 0 801 2.3820025 -0.94235551
139 233.97286 348.14055 0.50930347 -0.29223722 -0.17767518 25 0 381 1.0558911 -0.059047772
140 334.71836 350.90758 0.49286639 -0.34126617 -0.35136854 25 0 629 2.0836741 -0.79707447
141 213.93687 354.47857 0.5328198 0.18613388 -0.05767416 25 0 4508 13.390489 -2.8169911
142 355.89693 356.03581 0.59746844 0.024470757 -0.27069198 25 0 1088 3.204137 -1.2642777
143 272.83861 358.4872 0.53319778 0.24240277 -0.10751693 25 0 21402 63.501974 -4.5069681
144 388.58618 365.78287 0.58148635 0.046916011 -0.24053477 25 0 1703 5.0046772 -1.7484402
145 200.29037 367.46854 0.51732578 -0.26813961 -0.12629955 25 0 1355 3.9966455 -1.5042391
146 252.28251 368.73544 0.60747074 -0.21787456 -0.22750898 25 0 2668 7.3654594 -2.1679996
147 69.791804 370.07359 0.65833365 -0.052322272 -0.27304626 25 0 5589 15.464937 -2.9733704
148 401.839 370.11001 0.57381388 -0.31411424 -0.29280674 25 0 1020 3.12773 -1.2380731
149 113.08731 370.9278 0.63728738 0.12770767 -0.20304829 25 0 561 1.4441942 -0.39906399
150 473.53618 372.24571 0.64547053 0.11789588 -0.28051271 25 0 8698 24.062039 -3.453331
151 340.11486 383.23228 0.60533399 -0.02129522 -0.19934292 25 0 3396 9.8648446 -2.4852256
152 48.992527 384.23702 0.67656222 0.040646188 -0.19493726 25 0 4011 10.761184 -2.5796501
153 201.52432 387.40835 0.63591918 0.2014839 -0.2134891 25 0 571 1.3479586 -0.32419135
154 458.01545 388.91403 0.53582629 -0.66819623 0.1389128 25 0 378 1.2972708 -0.28257663
155 74.42514 388.96418 0.68590477 -0.051451304 -0.41562441 25 0 509 1.2730392 -0.2621044
156 118.73062 390.19505 0.65111916 -0.22686885 -0.2902602 25 0 1530 4.1583781 -1.5473099
157 458.70524 392.21923 0.65106806 -0.33312128 -0.22953438 25 0 2088 5.9180049 -1.9304383
158 429.52111 392.55405 0.59417597 -0.62182279 -0.18669023 25 0 2067 6.0002212 -1.9454182
159 34.456444 395.16772 0.56308514 0.19976949 -0.22293901 25 0 564 1.728118 -0.5939335
160 220.72584 400.33706 0.60007752 -0.25376326 -0.20353642 25 0 7444 20.968439 -3.3039152
161 351.27703 402.49067 0.52989985 0.50847448 -0.14459193 25 0 679 2.2249213 -0.86828661
162 386.62208 407.48559 0.56534909 -0.20697831 -0.39587166 25 0 452 1.5431067 -0.47098987
163 249.79402 407.78889 0.65203468 0.50455594 -0.13454403 25 0 742 2.001636 -0.75346277
164 247.20984 411.57068 0.55762666 0.33508468 -0.066936015 25 0 1669 4.8222987 -1.7081353
165 468.70781 411.91705 0.77614559 -0.16619436 -0.30380309 25 0 409 1.1992981 -0.19731787
166 79.35648 416.59377 0.67733905 -0.022702321 -0.1278722 25 0 960 2.4820938 -0.98704546
167 103.28968 418.10893 0.68077641 0.062258369 -0.26566085 25 0 2523 6.7907134 -2.0797885
168 279.05133 428.39888 0.69193959 -0.044352446 -0.14508099 25 0 407 1.0579379 -0.061150469
169 160.0536 429.99444 0.76813311 0.14317905 -0.27480841 25 0 445 1.0545172 -0.057634183
170 154.05758 436.30236 0.64035443 0.10136465 -0.19312541 25 0 2291 6.3398038 -2.0051896
171 127.42474 437.06536 0.65459044 0.0085050987 -0.2977383 25 0 1164 3.1522336 -1.246546
172 376.17439 437.29648 0.70332197 0.24699217 -0.11810869 25 0 346 1.045027 -0.047818737
173 227.26918 439.55191 0.64480154 -0.26836603 -0.091092599 25 0 1102 3.0087322 -1.1959588
174 486.07715 439.55808 0.30853119 -0.018555698 -0.14161281 25 0 58479 194.68523 -5.7233325
175 339.83382 441.54502 0.58157321 0.1999309 -0.099718715 25 0 2935 8.6201609 -2.3387884
176 240.34666 444.16085 0.58243451 -0.31277551 -0.20014698 25 0 1080 3.0360164 -1.2057603
177 86.513492 445.91306 0.68699832 -0.17642248 -0.35871255 25 0 15128 40.223545 -4.0112008
178 472.32495 456.19144 0.65409553 0.085654717 -0.21969363 25 0 2149 6.2663789 -1.9925416
179 306.33896 459.74364 0.66611996 -0.28962358 -0.29167771 25 0 688 1.9148552 -0.70533984
180 430.52391 460.92992 0.55410461 -0.44988025 -0.11463143 25 0 333 1.1739573 -0.17413074
181 51.606292 465.41874 0.64093332 0.50771387 -0.24393604 25 0 5370 14.569549 -2.9086153
182 357.43848 464.7205 0.62317904 -0.48787977 -0.32636379 25 0 1273 3.7258045 -1.4280501
183 144.44074 466.7404 0.63500423 0.27286693 -0.32600559 25 0 1171 3.2062475 -1.2649926
184 422.80693 468.42341 0.4195903 -0.34448394 -0.21622536 25 0 58576 196.98821 -5.7361006
185 206.19373 474.76003 0.65279477 -0.1331858 -0.19170379 25 0 5209 14.450281 -2.8996908
186 423.93812 475.99966 0.64964457 -0.15605408 -0.49847813 25 0 400 1.1189138 -0.12199153
187 337.70634 476.51155 0.52726953 -0.093164538 -0.21814878 25 0 452 1.5272484 -0.45977418
188 256.30111 478.10442 0.67234946 -0.049189988 -0.29886069 25 0 3415 9.3901395 -2.4316801
189 109.38379 478.60768 0.5793494 -0.3722718 -0.1517718 25 0 437 1.2420687 -0.23536404
190 333.70981 483.44202 0.50954569 -0.50097467 -0.14991466 25 0 338 1.1359768 -0.13842369
191 134.23381 484.04054 0.65008143 0.044824398 -0.30928598 25 0 966 2.6760571 -1.0687384
192 59.234778 489.33572 0.59486941 0.24928869 -0.064523952 25 0 1089 3.3236705 -1.3040449
193 235.58737 499.04046 0.56653759 -0.26540517 -0.63115637 25 0 397 1.3224269 -0.30342923
194 111.27303 506.01341 0.73737622 -0.16672092 -0.20150703 25 0 758 1.9710395 -0.73673833
195 156.52682 506.20847 0.77324513 -0.1248795 -0.21330086 25 0 597 1.424897 -0.38445868
196 112.32944 509.71911 0.6158446 -0.32634888 -0.31776249 25 0 736 1.9663521 -0.7341532
