id xcentroid ycentroid sharpness roundness1 roundness2 npix sky peak flux mag
1 339.57498 1.2021391 0.49465005 0.45473563 -0.39725765 25 0 226.99743 1.1649322 -0.16575163
2 312.2968 3.585347 0.50408465 -0.014001347 -0.24418412 25 0 592.75655 2.887285 -1.1512241
3 321.21337 5.9710694 0.52899071 0.20998229 -0.16168222 25 0 315.82293 1.4797795 -0.42549252
4 443.43185 6.8509042 0.66036824 0.30396055 -0.15079277 25 0 472.82125 2.0049819 -0.75527614
5 124.01948 11.005975 0.69868275 0.28318427 -0.21535389 25 0 615.67573 2.5220235 -1.0043728
6 349.68939 12.214679 0.68432681 0.42721887 -0.28731837 25 0 684.31413 2.7662609 -1.1047328
7 39.164677 13.028399 0.7096031 0.1748648 -0.13733323 25 0 15939.356 64.041593 -4.5161553
8 422.99896 15.346496 0.57065552 0.48218754 -0.072985373 25 0 603.49056 2.7737845 -1.1076818
9 482.21218 15.160244 0.71365306 0.38940252 -0.13686699 25 0 28336.377 111.11517 -5.1144334
10 440.04777 16.847833 0.52505459 -0.34810824 -0.7013468 25 0 217.00189 1.0582062 -0.061425788
11 27.196945 18.093125 0.67532903 -0.12189411 0.1403271 25 0 233.4453 1.1369392 -0.13934312
12 348.89224 20.905618 0.75550858 0.17768045 -0.085546204 25 0 334.92868 1.2254546 -0.22074307
13 227.70677 30.278453 0.39175245 0.73753317 0.17588968 25 0 192.10806 1.1085842 -0.11192166
14 440.07485 33.152676 0.49439176 -0.77080774 0.045007011 25 0 186.55757 1.1076273 -0.11098409
15 368.74145 33.769173 0.58600141 0.1560062 -0.2292186 25 0 487.80304 2.1358101 -0.82390658
16 468.73127 33.948588 0.63865533 -0.11873083 -0.41674486 25 0 345.47099 1.4396219 -0.39562112
17 141.67971 36.515832 0.66592286 -0.058449282 -0.11280371 25 0 364.25441 1.5055704 -0.44425265
18 201.33093 41.72494 0.61311737 0.49339672 -0.32098171 25 0 1008.0102 4.326788 -1.590414
19 220.8529 42.47817 0.48910138 0.48416534 0.0029976332 25 0 1695.9415 8.0220249 -2.26071
20 433.81569 42.366883 0.49969062 0.59330753 0.30633596 25 0 226.57728 1.143413 -0.14550783
21 339.2346 44.546849 0.39364091 0.54063925 -0.1703574 25 0 59103.828 292.64592 -6.1658562
22 361.25061 43.64775 0.64615555 0.46402244 -0.41871822 25 0 409.81329 1.7218634 -0.58999672
23 81.094292 44.884541 0.64665234 0.38501326 -0.015010181 25 0 576.12342 2.4686663 -0.98115598
24 264.8138 45.144623 0.71164638 -0.20173911 -0.62781738 25 0 253.79675 1.0582131 -0.061432817
25 126.10955 46.826468 0.63166828 0.1178192 -0.17442653 25 0 4951.1817 21.022794 -3.3067261
26 169.09676 47.613419 0.69289719 0.32763851 -0.19911525 25 0 394.59841 1.6130961 -0.51915063
27 414.91782 48.020905 0.68544074 0.49259072 -0.032836684 25 0 1067.6005 4.342262 -1.5942901
28 248.22684 52.139189 0.62306233 0.65342849 -0.041788387 25 0 325.02132 1.3848242 -0.35348659
29 415.49749 53.215399 0.69838548 0.25614614 -0.1089683 25 0 271.49894 1.1444355 -0.14647826
30 67.379315 54.027567 0.70917077 0.02929813 -0.14449463 25 0 272.70711 1.1348733 -0.13736846
31 261.76131 53.563221 0.64167808 0.57062073 -0.21231228 25 0 343.119 1.4982356 -0.4389503
32 485.44442 54.003421 0.69151715 0.28617582 -0.27613353 25 0 817.85093 3.3825263 -1.323103
33 309.0306 55.016048 0.61783661 0.27784259 -0.19061823 25 0 1467.3945 6.3505088 -2.0070213
34 157.04882 59.822951 0.49703556 -0.066108032 -0.22502236 25 0 316.40213 1.6687535 -0.55598047
35 458.09715 61.491526 0.54650483 0.41671375 0.084173733 25 0 1227.251 5.6289342 -1.8760654
36 12.40632 65.797096 0.57167755 -0.38013507 -0.09319823 25 0 406.60569 1.9875023 -0.74576911
37 363.98672 65.982328 0.57912952 0.1094137 -0.75764838 25 0 231.05397 1.0939422 -0.097485968
38 46.170278 67.864893 0.64287459 0.23433895 -0.13480024 25 0 688.32747 3.0240299 -1.2014652
39 69.262278 67.638398 0.52143992 -0.76246107 -0.113603 25 0 308.82303 1.4225788 -0.38269084
40 184.48559 67.77505 0.5330626 0.55355993 -0.22730001 25 0 239.85778 1.1047361 -0.10814637
41 127.21446 69.733551 0.63985704 0.049618325 0.07757374 25 0 341.54191 1.4141519 -0.37624013
42 447.6508 68.435699 0.58338847 0.74121467 0.043159403 25 0 1290.5498 5.5496548 -1.8606649
43 486.27893 69.1142 0.64205246 0.31412854 -0.37712512 25 0 418.15271 1.8004711 -0.63846538
44 12.586776 69.659377 0.56767149 0.066426194 0.1105598 25 0 421.4427 1.9836032 -0.743637
45 432.86849 70.16182 0.60239638 0.1189816 -0.12034696 25 0 593.58829 2.7464714 -1.0969377
46 51.507141 72.091262 0.79170261 0.12668715 -0.1316562 25 0 300.60655 1.2196588 -0.21559588
47 70.387859 72.792231 0.66652868 0.41708694 -0.26583729 25 0 1433.0063 5.6914561 -1.8880585
48 328.41578 73.895328 0.62868009 0.49741802 0.20068708 25 0 215.15922 1.0196496 -0.02112735
49 483.49992 77.100584 0.61521441 0.39127757 -0.17332453 25 0 866.41115 3.649515 -1.4055879
50 365.34734 81.162028 0.65084517 0.36526147 -0.24584179 25 0 3189.2336 13.194083 -2.800948
51 134.65787 84.537913 0.55492492 -0.36549662 -0.10052561 25 0 355.57937 1.6377722 -0.53563374
52 106.72645 88.12962 0.57323856 -0.27549239 -0.35338662 25 0 549.36973 2.439193 -0.96811541
53 159.36175 88.390727 0.69086175 0.094667334 -0.46538964 25 0 361.58675 1.4073035 -0.37096941
54 505.78367 87.993014 0.6560513 0.29694773 -0.14778332 25 0 21568.782 89.403909 -4.8783913
55 169.61687 94.929585 0.6369162 0.23276776 -0.25178581 25 0 401.90385 1.5306267 -0.46217323
56 298.44192 95.514816 0.55991486 0.33505922 -0.21342474 25 0 916.77879 3.8971081 -1.4768561
57 302.35075 97.277962 0.66405503 0.25679848 -0.27519856 25 0 1316.8197 5.1533099 -1.7802156
58 200.68656 98.330066 0.47291104 0.74567439 0.071483227 25 0 1146.8856 5.4671982 -1.844412
59 130.28571 102.04439 0.62990956 0.036841638 -0.3827558 25 0 395.80165 1.8614944 -0.67465433
60 466.31295 101.85098 0.70210887 0.4347057 -0.20809259 25 0 367.75158 1.4877938 -0.43135684
61 68.41131 102.50785 0.53988982 -0.25892824 -0.097981558 25 0 3025.0155 13.125273 -2.7952709
62 311.42732 104.06636 0.60698156 -0.075856405 -0.38417726 25 0 261.19756 1.2249963 -0.22033693
63 504.09011 107.95774 0.65286857 0.25681764 -0.10652498 25 0 2158.0457 9.0374243 -2.3901117
64 347.04191 113.62851 0.6328193 0.54915732 -0.0014299654 25 0 542.31275 2.4122325 -0.9560479
65 233.72654 115.63192 0.56411699 0.52154104 -0.089425734 25 0 13652.544 59.826328 -4.4422309
66 251.13086 115.67138 0.63868267 0.43440203 0.039566488 25 0 943.72906 3.7305021 -1.4294182
67 261.16853 117.09691 0.61534489 0.25099091 -0.23375763 25 0 1669.6088 7.0689862 -2.1233928
68 317.8764 116.77 0.55921778 0.32912266 -0.083650371 25 0 951.42594 4.2390217 -1.5681641
69 462.84561 118.46896 0.69115693 -0.028987792 0.11008347 25 0 421.443 1.7422851 -0.60279808
70 506.92515 118.61317 0.6004163 0.17748036 0.045704915 25 0 250.27697 1.0636644 -0.067011599
71 112.77053 119.18229 0.58345741 -0.13458025 -0.15392998 25 0 448.85842 1.9655627 -0.73371727
72 213.34156 118.83357 0.6262267 0.37274264 -0.4899684 25 0 415.16461 1.5944375 -0.50651878
73 167.18388 120.55942 0.58661583 -0.1429805 -0.64824386 25 0 321.19008 1.4035445 -0.36806548
74 65.461614 120.64268 0.66998619 0.25140399 -0.26295867 25 0 512.44693 2.1157904 -0.81368161
75 165.13923 122.34756 0.56871899 0.31877528 -0.117127 25 0 1780.6981 7.9185805 -2.2466183
76 493.0484 122.32756 0.63661189 0.57508109 -0.13724093 25 0 386.89227 1.6988057 -0.5753593
77 189.08776 127.78365 0.60802452 0.2111824 -0.1921473 25 0 1616.1491 6.8193321 -2.0843546
78 20.396041 129.3752 0.67420053 0.50602448 -0.1542741 25 0 1040.7621 4.13931 -1.5423199
79 266.51994 130.91802 0.66465798 0.078812949 -0.23816867 25 0 404.81046 1.4919398 -0.43437826
80 283.53623 137.38332 0.49755659 -0.19580035 -0.16003848 25 0 218.90826 1.1498975 -0.15164785
81 408.96267 139.10237 0.64832593 0.24775448 -0.15868552 25 0 12311.592 51.194858 -4.2730659
82 311.88112 144.73781 0.56838788 0.39332727 -0.14005692 25 0 2479.7367 10.988135 -2.60231
83 27.579115 145.65921 0.70612829 0.51929044 0.012192543 25 0 696.09499 2.7918185 -1.114718
84 10.833956 149.70148 0.58630694 -0.64920921 -0.39868645 25 0 460.40239 2.0397055 -0.77391864
85 497.16335 151.0507 0.6982636 0.29406734 -0.11255619 25 0 8226.7965 32.868117 -3.7919371
86 110.3462 158.9871 0.68015445 0.19357644 -0.26328767 25 0 498.10234 2.0424828 -0.77539601
87 398.97609 160.614 0.55846087 0.36174221 -0.052550986 25 0 42271.834 187.37131 -5.6817577
88 438.03141 163.95224 0.61588271 -0.10122768 -0.29949922 25 0 484.90689 2.24966 -0.88029222
89 219.54611 164.7555 0.64989394 0.49501644 -0.113014 25 0 474.31415 1.9372703 -0.71797557
90 166.48553 168.11835 0.69357599 0.22327744 -0.32195484 25 0 1044.7803 3.9983551 -1.5047034
91 46.395907 171.87771 0.73851272 0.12880399 -0.17373399 25 0 363.34173 1.3437899 -0.32082847
92 491.21636 172.4348 0.65053184 0.54297926 -0.002722319 25 0 5991.8009 24.505825 -3.4731733
93 239.0084 173.16563 0.56534586 0.3860565 -0.13202662 25 0 1498.593 6.5951762 -2.048066
94 359.29159 172.87573 0.49239542 0.30137474 -0.055679713 25 0 374.14535 1.9103511 -0.702783
95 177.18989 173.88682 0.55390518 -0.12737968 -0.28930315 25 0 834.73936 3.6996335 -1.4203968
96 426.39512 175.05616 0.70069391 -0.14958245 -0.050988854 25 0 308.49522 1.1995264 -0.19752455
97 165.66904 176.5245 0.55077158 0.53619611 -0.12359206 25 0 1211.123 5.0748188 -1.7635513
98 434.17236 181.62005 0.52465724 0.18947183 -0.070975683 25 0 2110.8272 9.5495437 -2.4499566
99 29.767247 182.45418 0.67448216 0.60509046 0.063969676 25 0 696.48948 2.8124391 -1.1227078
100 127.98275 182.57439 0.52525615 0.52706202 0.10861783 25 0 1436.7231 6.5892341 -2.0470873
101 495.82539 183.53288 0.59458038 0.4351421 0.021869763 25 0 627.36501 2.7519989 -1.0991206
102 424.12434 184.0021 0.59611786 0.25176593 -0.079676344 25 0 557.81084 2.7680591 -1.1054384
103 3.313562 185.01971 0.71829511 0.17818462 -0.30373743 25 0 282.81255 1.157417 -0.15872465
104 239.64843 185.35326 0.59598102 -0.095761631 -0.20851425 25 0 873.31133 3.5881971 -1.3871907
105 434.54575 186.6919 0.53058231 0.36011116 -0.15598089 25 0 660.78636 3.2029058 -1.2638604
106 202.42394 187.97591 0.55274137 -0.042928814 -0.28851231 25 0 624.94865 2.9128416 -1.1607922
107 84.561734 189.09367 0.67050339 0.21231697 -0.30476735 25 0 36221.404 144.40088 -5.3989246
108 134.1967 190.32246 0.62291815 -0.024211489 -0.24983155 25 0 388.22831 1.6728695 -0.55865517
109 265.44824 194.14782 0.52064971 0.36955427 -0.24983307 25 0 245.13335 1.1375456 -0.13992207
110 433.49369 194.63923 0.57811532 0.18823828 -0.37103786 25 0 295.91732 1.3044122 -0.28853711
111 468.00702 198.40224 0.48685869 0.45769787 0.014456065 25 0 419.91893 2.2210168 -0.86637961
112 395.02256 200.19572 0.50591765 -0.086836506 -0.2509307 25 0 215.82668 1.0385549 -0.041073684
113 181.11731 200.98472 0.67519568 0.11271283 -0.26153209 25 0 597.33064 2.3734498 -0.93845015
114 362.15251 200.43739 0.4495184 0.64507445 -0.040270073 25 0 196.60051 1.0526294 -0.055688783
115 211.53 202.21664 0.52118398 0.52878324 -0.16447821 25 0 245.89562 1.2224915 -0.21811465
116 79.52099 203.22875 0.64096409 -0.24176095 -0.1660806 25 0 490.14462 2.0094996 -0.75771979
117 418.78394 202.8218 0.6768541 -0.038363689 -0.32267898 25 0 295.95911 1.3752459 -0.3459509
118 482.4265 204.72215 0.55012101 -0.46757085 -0.086707745 25 0 490.98792 2.1797663 -0.84602486
119 428.25724 207.107 0.49751558 -0.62146833 -0.55557489 25 0 188.64428 1.1206111 -0.12363727
120 25.445407 212.08639 0.69780839 0.17027229 -0.56212951 25 0 441.95738 1.9173804 -0.70677073
121 27.530514 213.81806 0.64439127 0.55981324 0.0061810568 25 0 373.92282 1.6186247 -0.5228654
122 438.60655 214.49267 0.53629101 0.64826682 -0.033805392 25 0 779.97948 3.4570128 -1.3467525
123 0.91236326 215.6542 0.6801408 0.29752336 0.01079714 25 0 1809.1408 7.4918311 -2.1864699
124 339.39444 216.78663 0.61062116 -0.079435319 -0.23612362 25 0 1268.0314 5.201436 -1.7903081
125 269.50679 218.822 0.58396112 -0.18538948 -0.37607967 25 0 619.25893 2.6627338 -1.0633194
126 163.71214 220.27554 0.60668249 0.12928581 -0.0023398885 25 0 870.74428 3.5904507 -1.3878724
127 506.78081 220.4906 0.59611321 -0.1105913 -0.02297663 25 0 269.89542 1.3353313 -0.31397261
128 492.45012 223.20297 0.65151052 0.351973 -0.21430886 25 0 4165.448 16.985694 -3.0752083
129 252.91689 225.54004 0.52721091 0.46351771 -0.068569639 25 0 2244.2843 10.241571 -2.5259164
130 365.12066 227.66718 0.5450571 0.23326273 -0.097953296 25 0 3505.0383 15.628526 -2.984795
131 435.21776 228.36228 0.63046978 0.43490545 -0.078085229 25 0 12394.322 51.442034 -4.2782953
132 340.16601 229.96863 0.58780988 0.27930365 -0.17814611 25 0 956.09474 4.200949 -1.5583685
133 504.40618 230.16598 0.54532925 0.74933649 -0.11563434 25 0 263.6122 1.3243162 -0.30497927
134 193.29171 236.24888 0.56312643 0.58289942 -0.26037213 25 0 547.1361 2.3628518 -0.93359122
135 253.58682 237.29593 0.66537834 0.25334615 -0.25467273 25 0 641.77139 2.4982343 -0.9940829
136 444.49362 239.85482 0.65216988 0.14771477 -0.18929748 25 0 1674.4736 6.6508488 -2.0571927
137 43.753196 240.62825 0.70496569 0.35363414 -0.12191144 25 0 350.532 1.4185893 -0.37964167
138 30.505232 243.32378 0.36877395 -0.040999802 -0.31788558 25 0 148.13386 1.01941 -0.02087226
139 441.32904 253.27557 0.63442546 0.42044231 -0.13577571 25 0 6678.1319 27.495315 -3.5981467
140 217.08635 253.89379 0.57590978 0.21404507 -0.17749157 25 0 4362.696 19.328811 -3.2155129
141 279.11391 256.15273 0.66382195 0.21286253 -0.29985554 25 0 341.25352 1.3597383 -0.33363833
142 117.84135 264.24518 0.50216584 0.030889188 -0.15156376 25 0 302.75727 1.4017568 -0.36668168
143 46.448167 274.61988 0.59714832 0.1481413 -0.077780154 25 0 1178.5829 5.0497738 -1.7581798
144 102.78215 276.32612 0.64559028 -0.10772612 0.22776255 25 0 276.0622 1.1578782 -0.15915718
145 228.73761 283.03602 0.69148384 -0.41296825 -0.45840353 25 0 344.8091 1.5025533 -0.44207473
146 60.591817 283.76871 0.65066323 0.48487968 -0.07956501 25 0 718.1257 2.8878505 -1.1514368
147 360.92934 286.14493 0.59157924 0.16180797 -0.14945159 25 0 5009.4487 21.93082 -3.3526372
148 173.44002 287.56976 0.48908501 -0.24266525 -0.081695543 25 0 621.35314 2.9004098 -1.1561484
149 52.154088 288.79578 0.62561654 0.10726008 -0.1001309 25 0 1237.4386 5.2645535 -1.8034039
150 80.398143 288.63509 0.64419565 0.67462775 -0.23680796 25 0 977.61864 3.9421952 -1.4893453
151 335.22626 290.87985 0.60000719 0.39320258 -0.071122075 25 0 340.61222 1.4727784 -0.42034349
152 466.59562 290.95497 0.59524521 -0.18839688 -0.19396803 25 0 657.00632 2.9447836 -1.1726335
153 4.8325646 293.68007 0.63133523 0.2304565 -0.069253701 25 0 396.16943 1.7181891 -0.58767737
154 83.065562 298.1891 0.73630771 0.043136807 0.24888228 25 0 294.77737 1.0649181 -0.068290552
155 149.57593 298.22349 0.61327176 0.014895273 -0.13828144 25 0 453.7589 1.9020847 -0.6980746
156 63.840337 304.45217 0.59364181 0.36232279 0.028630045 25 0 1051.4946 4.4863547 -1.629734
157 411.54264 304.32181 0.45632618 -0.14188572 -0.10104993 25 0 269.96148 1.325771 -0.30617126
158 207.4839 309.83413 0.56619421 0.24596507 -0.059058491 25 0 677.49807 2.8701706 -1.1447693
159 439.33781 309.80212 0.64469856 0.16323231 -0.13279083 25 0 939.09601 3.8659441 -1.4681389
160 100.46 311.91715 0.63256677 -0.53977196 -0.4592782 25 0 225.91207 1.0490695 -0.052010635
161 126.65548 314.67023 0.60530006 0.55739461 -0.1377418 25 0 2909.3086 12.141442 -2.7106757
162 2.6601208 316.32817 0.60401188 0.036594815 -0.078236196 25 0 1910.3961 8.0987088 -2.2710395
163 48.747315 318.53851 0.6186821 0.37203611 -0.061310813 25 0 288.59289 1.1575324 -0.15883284
164 176.06356 324.01632 0.68392783 0.29450726 -0.24049608 25 0 330.50212 1.2387892 -0.23249351
165 444.10535 323.7881 0.67445092 -0.0051592537 -0.41018905 25 0 267.74202 1.0795994 -0.083156553
166 318.91427 326.28271 0.67255396 0.23185382 -0.040841243 25 0 502.23623 1.9021782 -0.69812799
167 251.87184 329.0868 0.60420033 0.3028697 -0.29397927 25 0 277.02233 1.1564893 -0.15785404
168 9.2847109 333.49801 0.550728 0.093340892 0.0011555772 25 0 3807.6468 16.79961 -3.063248
169 276.32476 333.70298 0.47089488 0.15045203 -0.16126742 25 0 428.1106 2.2248433 -0.86824855
170 369.02995 333.92922 0.65787404 0.33424298 -0.075465772 25 0 464.70388 1.8158717 -0.64771289
171 19.400571 334.57052 0.6302618 0.70132394 -0.14763235 25 0 10105.321 41.079987 -4.0340757
172 252.55702 335.20597 0.6230246 0.09157754 -0.23550559 25 0 768.17186 3.0485481 -1.2102326
173 65.793527 335.7263 0.6413452 0.2905743 -0.14297633 25 0 965.8822 3.9073163 -1.4796964
174 477.64762 341.56008 0.63153369 0.76067174 0.039768746 25 0 777.20748 3.0846251 -1.223006
175 248.6665 344.9556 0.66557592 0.32148348 -0.11502085 25 0 385.7018 1.545383 -0.47259033
176 349.53253 347.44439 0.5291116 -0.23877942 -0.22645896 25 0 511.03377 2.1946812 -0.85342859
177 228.6362 351.27953 0.59207314 0.069957888 -0.17946974 25 0 4338.7544 18.126715 -3.1457978
178 370.63511 352.62578 0.5356988 0.53899105 -0.079206133 25 0 814.18923 3.6928581 -1.4184065
179 482.18993 353.57305 0.65416512 -0.51654154 -0.078279179 25 0 318.17783 1.3908386 -0.35819186
180 1.0443738 354.03072 0.73780186 0.20776521 -0.058443633 25 0 557.6604 2.0449119 -0.77668651
181 10.781584 353.53431 0.62546439 0.2254061 0.2432978 25 0 712.24198 2.7459023 -1.0967127
182 287.54139 355.15891 0.60967977 -0.0062968159 -0.28330361 25 0 21061.339 86.464977 -4.8421006
183 10.930888 357.35862 0.65735249 0.03278603 0.054357929 25 0 1242.413 4.9631406 -1.7393914
184 225.12943 356.47531 0.58751066 0.32900669 -0.37406288 25 0 245.28099 1.030328 -0.03243871
185 12.000878 360.88756 0.69743714 -0.78837088 0.10287259 25 0 651.13678 2.6333603 -1.0512757
186 403.49187 362.2527 0.62522755 0.3934418 -0.21881583 25 0 1697.1729 7.0943127 -2.1272758
187 468.53182 362.94738 0.62129843 -0.49080253 -0.23135763 25 0 325.09398 1.2951156 -0.28077136
188 214.93308 364.24641 0.61395941 0.11608802 -0.1372017 25 0 1465.4555 6.1196995 -1.9668252
189 266.95857 365.41444 0.59252838 0.18298924 -0.10217773 25 0 2254.4232 9.5487421 -2.4498654
190 84.504155 366.97726 0.66942799 0.14948025 -0.29967612 25 0 4548.9552 18.100517 -3.1442275
191 416.46149 366.55136 0.5343266 0.65990321 -0.15943479 25 0 807.88736 3.623449 -1.3978054
192 127.9075 367.62905 0.68034119 0.35095894 0.0059230385 25 0 455.31624 1.6745869 -0.55976921
193 488.3663 368.66561 0.607263 -0.093356548 -0.11902806 25 0 7591.0511 31.955678 -3.7613701
194 11.723244 369.8605 0.6032035 0.33534452 -0.048007156 25 0 453.67286 1.9273332 -0.71239201
195 464.83489 376.46647 0.48818041 -0.47737417 0.085423818 25 0 193.78364 1.005909 -0.0063967237
196 354.88504 379.78346 0.59120874 0.29539209 -0.14328552 25 0 2977.068 12.888723 -2.7755247
197 14.906289 380.41817 0.50753039 0.86821334 0.25506886 25 0 237.17283 1.067515 -0.070935003
198 63.728105 381.12794 0.66328744 0.15340435 -0.16835165 25 0 3548.5109 14.452889 -2.8998867
199 109.56075 382.76215 0.56022248 0.2904257 -0.20400637 25 0 528.61332 2.36697 -0.9354819
200 216.21922 384.12782 0.67915408 0.18486754 -0.28331195 25 0 601.5475 2.3477584 -0.92663352
201 257.70567 385.00577 0.57613772 -0.14404827 -0.4693146 25 0 254.06136 1.0196632 -0.021141827
202 472.82307 385.09238 0.6866993 -0.88418051 0.073640998 25 0 571.07355 2.1058827 -0.80858545
203 89.09299 386.00319 0.74832731 0.61551358 0.23344458 25 0 486.0279 1.8133737 -0.6462183
204 133.45741 387.07769 0.65333682 0.12422594 -0.31735387 25 0 1413.1822 5.6959857 -1.8889222
205 505.45961 387.22748 0.67880998 0.49810559 0.14702173 25 0 267.01053 1.0568363 -0.060019337
206 444.30373 389.09266 0.64455384 0.15814386 -0.20535612 25 0 2370.5299 9.8520824 -2.4838201
207 473.55899 388.71505 0.58461612 0.23867716 -0.1422711 25 0 1748.6086 7.4418662 -2.1792046
208 49.210483 392.0763 0.69473148 0.1696355 -0.3163019 25 0 629.12061 2.5630435 -1.02189
209 6.0042162 396.18244 0.70546298 0.62661225 0.033784544 25 0 264.15414 1.0617644 -0.065070405
210 86.184196 397.19626 0.65345652 0.65233694 -0.4323764 25 0 245.85564 1.0182606 -0.019647309
211 235.47959 396.99298 0.64940756 0.14544182 -0.30441202 25 0 6840.3374 27.357949 -3.5927089
212 366.05027 398.97638 0.67311416 0.14539713 -0.27193576 25 0 728.14127 2.8841159 -1.1500318
213 224.08486 402.59648 0.82415681 0.32975994 0.40937376 25 0 1230.9256 4.6751358 -1.6744856
214 264.75253 404.48361 0.58784626 0.95943393 -0.16207701 25 0 504.1155 2.0274901 -0.76739684
215 401.47557 403.89757 0.59205759 -0.0037969199 -0.2461101 25 0 474.7879 2.217677 -0.86474573
216 11.160939 406.0868 0.66642504 0.60264747 0.073173547 25 0 294.54788 1.1910161 -0.18979405
217 261.96321 408.11421 0.67012382 0.20998204 -0.21986059 25 0 1868.7648 7.367911 -2.1683609
218 280.30152 407.82598 0.50500576 0.2498621 -0.072976089 25 0 324.26891 1.5687685 -0.48889714
219 483.50889 408.32574 0.63706043 0.43619173 -0.13033851 25 0 503.84962 2.1893922 -0.85080891
220 30.794281 412.43975 0.66565829 0.65812546 -0.47600894 25 0 257.0919 1.0626404 -0.065965798
221 94.011536 413.61032 0.62920678 0.46776378 -0.023912123 25 0 764.89658 2.945804 -1.1730096
222 118.0423 415.01671 0.68605117 0.15937182 -0.16572217 25 0 2410.5023 9.7632773 -2.4739891
223 293.87961 425.02664 0.66515091 -0.24085164 -0.15261041 25 0 414.9848 1.6277707 -0.52898308
224 203.69986 431.95662 0.75121096 0.16065639 -0.51824827 25 0 357.01604 1.1977178 -0.19588629
225 168.80356 433.07183 0.65515461 0.21535998 -0.20867907 25 0 2214.3348 9.1354319 -2.4018227
226 142.32602 433.9839 0.67760276 0.21565317 -0.17005867 25 0 1015.6586 3.705616 -1.422151
227 391.11869 433.86107 0.59248561 0.21277306 0.048902565 25 0 337.58273 1.4202647 -0.38092325
228 183.97764 434.62138 0.88164718 0.65026179 -0.19767453 25 0 335.09779 1.0561878 -0.059352899
229 171.27736 435.76514 0.58512477 0.40355315 -0.0078253274 25 0 318.36637 1.2041768 -0.20172561
230 241.98313 436.30248 0.56391699 0.31049103 -0.19805875 25 0 959.5437 4.2294795 -1.5657173
231 501.04634 436.07094 0.2417097 0.39321394 -0.044952389 25 0 61363.932 335.80422 -6.3152154
232 354.60739 438.18999 0.63465082 -0.096484303 -0.23423192 25 0 2868.1687 11.65191 -2.6659928
233 24.466609 441.37134 0.73185833 -0.21285561 -0.33707069 25 0 366.82573 1.440822 -0.39652581
234 255.0925 440.76217 0.595738 -0.019265975 -0.27458632 25 0 985.20287 4.1096287 -1.5345065
235 101.2749 442.79593 0.64574579 0.15219931 -0.19369931 25 0 13325.955 55.103393 -4.3529459
236 486.1072 443.24782 0.45668841 -0.42075277 -0.23251177 25 0 321.02329 1.6514504 -0.54466381
237 221.9628 450.28087 0.6976774 0.52447998 0.033557765 25 0 319.99797 1.2135269 -0.21012348
238 472.78892 449.42358 0.36271504 0.14041667 0.085904462 25 0 225.26497 1.1666618 -0.16736244
239 487.14819 452.61365 0.6026222 0.11464873 -0.038590461 25 0 1908.5014 8.2048552 -2.2851773
240 389.32255 455.06039 0.77316365 -0.10965832 -0.35269846 25 0 351.16751 1.1823062 -0.18182488
241 321.20158 456.35746 0.64095523 0.037698943 -0.28923782 25 0 643.31599 2.4446253 -0.97053078
242 445.29791 457.58328 0.51384199 0.51492186 -0.043583091 25 0 337.4395 1.4367177 -0.3934286
243 372.13708 461.32247 0.6619802 0.45039086 -0.15400191 25 0 1234.2861 4.9141952 -1.728631
244 66.2772 462.32467 0.71151876 0.46002189 -0.12533233 25 0 5703.9407 22.060932 -3.3590596
245 159.27614 463.38147 0.71166461 0.46234757 -0.0979693 25 0 1145.5376 4.2477855 -1.5704064
246 437.71211 464.80571 0.45884022 0.25605205 -0.20083949 25 0 60923.925 296.98444 -6.1818342
247 415.1887 467.17672 0.69486449 -0.31307178 -0.19582348 25 0 322.47497 1.2498014 -0.24210251
248 220.95968 471.5424 0.57704548 0.30912616 0.02682021 25 0 4031.8555 17.409564 -3.1019697
249 438.9383 472.51283 0.43727594 0.12230614 0.34666746 25 0 362.91001 1.4659518 -0.41529925
250 352.75612 473.23462 0.58849521 -0.079021552 -0.086350929 25 0 568.65019 2.3957745 -0.94861483
251 124.16763 475.33812 0.67377866 0.38967724 -0.17403557 25 0 467.95526 1.7598496 -0.61368887
252 271.15955 474.8224 0.67323361 0.12745863 -0.15893668 25 0 3191.0212 12.864726 -2.7735014
253 348.36441 479.82895 0.68091452 0.12286393 -0.33081546 25 0 460.05233 1.7924159 -0.63359699
254 149.00114 480.7702 0.67324392 0.54021411 -0.19858698 25 0 834.46482 3.2436061 -1.2775703
255 74.022181 486.24193 0.68563708 0.26255559 -0.091056274 25 0 1104.8758 4.508849 -1.6351642
256 250.38332 495.76263 0.69500262 -0.22748631 -0.39083594 25 0 434.38894 1.5295499 -0.46140912
257 507.51969 497.77429 0.45163928 0.36448619 -0.34114149 25 0 243.60688 1.2687798 -0.25846563
258 160.2563 499.70777 0.77736962 0.24994505 -0.15048166 25 0 395.22354 1.3016089 -0.28620124
259 77.235628 500.96122 0.68819031 0.5829467 -0.15765897 25 0 345.53516 1.346312 -0.32286433
260 126.17785 502.72046 0.75040844 -0.16528309 0.013169764 25 0 600.06215 2.1173288 -0.81447077
261 171.42327 502.90388 0.65373553 -0.14695673 -0.45577087 25 0 485.4574 1.7532237 -0.6095933
262 290.3528 505.14791 0.35997363 0.030155328 -0.16052437 25 0 239.322 1.3116927 -0.29458024
263 127.20357 506.32016 0.48736916 0.37656541 0.066481397 25 0 555.38443 2.4360648 -0.96672207
264 68.260846 509.0257 0.77866766 0.047829742 -0.15848506 25 0 357.46062 1.2861027 -0.27318916
265 173.39003 510.17995 0.70914487 0.47714123 -0.34774423 25 0 867.81041 3.2534202 -1.2808504
