id xcentroid ycentroid sharpness roundness1 roundness2 npix sky peak flux mag
1 354.70914 3.0190266 0.64721781 0.1438862 -0.17587942 25 0 331 1.0424206 -0.045107469
2 327.1009 5.5863433 0.55881848 0.17371538 0.072896338 25 0 721 2.3938948 -0.94776264
3 336.15617 7.900916 0.70248073 0.34427094 0.094785087 25 0 415 1.2971541 -0.28247894
4 458.50113 8.7456343 0.6232303 0.29424254 0.034406581 25 0 464 1.619734 -0.52360923
5 138.92438 13.08749 0.64901189 0.23078074 -0.053768698 25 0 585 1.8286736 -0.65534046
6 364.55922 14.344754 0.62990185 0.18611444 -0.021689532 25 0 734 2.177673 -0.84498164
7 54.077633 15.231729 0.73441383 0.27580339 0.063211802 25 0 17230 46.442362 -4.1672857
8 1.6237544 16.914294 0.72768127 0.21269212 -0.059581597 25 0 6360 17.328599 -3.0969086
9 438.01242 17.312126 0.66885336 0.31241845 0.2007441 25 0 704 2.225103 -0.8683753
10 497.21909 17.132288 0.70252952 0.40842116 0.022419558 25 0 30182 82.888471 -4.7962353
11 242.90491 32.596496 0.63368836 0.65633577 0.17436653 25 0 410 1.1699567 -0.17042446
12 383.86083 35.720371 0.73853992 0.40256711 0.22349 25 0 636 1.7840826 -0.62853737
13 483.56845 35.824223 0.6734247 0.6001476 -0.04002886 25 0 289 1.0646775 -0.068045142
14 156.54369 38.698896 0.6612024 0.07119765 -0.067416934 25 0 438 1.2141733 -0.21070171
15 143.3438 42.659135 0.66029918 -0.0051645527 -0.11349103 25 0 634 1.7727706 -0.62163137
16 216.36631 43.770259 0.6221907 -0.081996008 -0.069356972 25 0 1236 3.5247132 -1.3678095
17 235.80045 44.622376 0.63826321 0.45899304 0.076967472 25 0 2506 7.0605661 -2.1220988
18 376.32535 45.675709 0.73546825 0.57171951 -0.13090826 25 0 460 1.2146366 -0.21111594
19 96.080332 47.035652 0.69968504 0.13306008 -0.021059675 25 0 652 1.8535047 -0.66998424
20 279.70049 47.141368 0.56553896 0.82527583 0.06579288 25 0 365 1.0901127 -0.093678467
21 354.42114 46.612548 0.39205532 0.14700529 0.044977264 25 0 58778 183.37585 -5.6583553
22 141.06575 48.908484 0.70937077 0.2403244 0.044183988 25 0 6413 17.601271 -3.1138601
23 184.06542 49.471105 0.58801219 0.56213339 -0.013786801 25 0 367 1.0757765 -0.079305087
24 429.99044 50.06538 0.72339811 0.24605257 0.063446444 25 0 1289 3.6855901 -1.4162676
25 276.60777 55.615562 0.57949695 0.34322661 -0.13019335 25 0 452 1.3751854 -0.34590314
26 500.4857 55.95712 0.68879773 0.31543665 -0.099733819 25 0 858 2.6691726 -1.0659416
27 324.03516 57.116231 0.71084576 0.28680505 0.0047182032 25 0 2007 5.4073994 -1.8324711
28 172.01193 62.133624 0.60927275 0.67600228 0.087667995 25 0 381 1.0859762 -0.089550723
29 473.0267 63.580271 0.61482038 0.40525076 0.14203016 25 0 1503 4.6199861 -1.6616017
30 60.031128 64.978654 0.762526 0.16399126 -0.14213226 25 0 352 1.0120236 -0.012976614
31 27.396193 67.835581 0.75432366 -0.5467691 -0.042324415 25 0 451 1.2913236 -0.2775877
32 379.23034 67.859795 0.57442276 0.59659065 -0.034185887 25 0 315 1.0636929 -0.067040671
33 61.124003 70.012588 0.77024259 0.47782901 0.087987523 25 0 810 2.1674935 -0.83989449
34 84.395899 69.7895 0.53168496 -0.60918635 0.040530787 25 0 436 1.5818639 -0.49792278
35 462.62649 70.569925 0.64304338 0.64198853 0.091474256 25 0 1530 4.5981432 -1.6564562
36 501.31508 71.203484 0.71143718 0.35800379 -0.060701097 25 0 409 1.3903229 -0.35778923
37 27.615257 71.826301 0.58436282 -0.11925359 -0.15480173 25 0 399 1.4382213 -0.39456428
38 142.10671 71.719901 0.58199486 0.0020892373 0.034952294 25 0 512 1.6380373 -0.53580945
39 447.92869 72.190441 0.67966891 0.32359221 -0.012832201 25 0 616 1.8673906 -0.6780879
40 85.511729 74.87294 0.60905215 -0.015867468 -0.13009487 25 0 1580 4.6634072 -1.6717583
41 498.48553 78.987016 0.60115309 0.41646862 -0.091827149 25 0 875 2.83772 -1.1324238
42 380.4475 83.190745 0.64939522 0.49994575 -0.080536398 25 0 3575 10.163741 -2.517634
43 0.83549592 86.069206 0.80063804 -0.02847385 0.014971434 25 0 999 2.6242915 -1.0475302
44 149.46263 86.737844 0.63869637 0.092977108 -0.062608513 25 0 538 1.4483515 -0.40218496
45 121.79148 90.328519 0.70316795 0.14424092 0.047796412 25 0 662 1.6716356 -0.557854
46 184.80417 97.038321 0.71077383 -0.15910825 0.0866417 25 0 702 1.7441758 -0.60397564
47 313.39025 97.589439 0.61893326 0.53085106 0.14697671 25 0 1204 3.2879201 -1.2923031
48 317.36188 99.330019 0.65863042 0.2610008 -0.047496706 25 0 1577 4.2249739 -1.5645601
49 215.66971 100.37892 0.61492514 0.87379666 0.24441984 25 0 1575 4.1488444 -1.5448179
50 145.44464 104.44457 0.68178621 0.57563639 0.039694824 25 0 481 1.1554396 -0.15686815
51 481.5104 103.81305 0.64278154 -0.078068646 0.0033600032 25 0 340 1.1638481 -0.16474077
52 83.434398 104.75588 0.57174666 -0.18567174 -0.082034846 25 0 3510 10.582837 -2.5615053
53 326.3951 106.18204 0.54607835 0.054060212 -0.24944053 25 0 432 1.3360552 -0.31456098
54 362.18275 115.66354 0.59799756 0.4087296 0.11577063 25 0 631 1.7914797 -0.6330297
55 248.77523 117.75881 0.67653868 0.42476956 0.048037798 25 0 19464 54.106649 -4.3331266
56 266.23589 117.72881 0.63856448 0.35576011 0.095546973 25 0 1222 3.233345 -1.2741301
57 276.2213 119.17106 0.64227583 0.3809125 0.02909002 25 0 2046 5.6515463 -1.8804182
58 332.87353 118.78521 0.63153725 0.25279703 -0.015069861 25 0 1318 3.7498501 -1.4350348
59 478.21402 120.44872 0.73450554 0.79542237 0.23305394 25 0 412 1.2580434 -0.2492391
60 127.62065 121.51987 0.58736284 0.0042558933 0.12535307 25 0 500 1.3654264 -0.33817072
61 228.33442 120.94775 0.51221079 0.21665009 -0.023981625 25 0 522 1.5760876 -0.49395089
62 182.80824 122.29636 0.69103858 0.07064389 0.013530608 25 0 583 1.4796349 -0.42538641
63 80.293414 122.94847 0.63829274 0.10145634 -0.2224971 25 0 597 1.6602206 -0.55041449
64 180.11433 124.55436 0.6606052 0.435936 0.17272702 25 0 2063 5.4433177 -1.8396592
65 508.13635 124.42409 0.74266195 0.62403397 0.30601393 25 0 367 1.1075618 -0.11091987
66 12.872882 126.24354 0.59581545 -0.10406891 0.039280469 25 0 438 1.4290106 -0.38758859
67 204.10204 129.8088 0.65366161 0.30455906 0.077269281 25 0 2038 5.6330752 -1.8768639
68 7.5649661 132.27646 0.70194732 -0.083203831 0.0037704432 25 0 426 1.1355826 -0.1380468
69 35.429195 131.57682 0.58502141 -0.0090111055 0.062345948 25 0 1197 3.6120185 -1.3943749
70 281.54524 132.98087 0.69643305 0.20251277 -0.015471365 25 0 601 1.4135591 -0.37578491
71 424.06536 141.05966 0.6780721 0.31477631 0.023832883 25 0 14597 40.943566 -4.0304642
72 326.86521 146.73907 0.63752546 0.35301967 0.077792165 25 0 3305 9.3020439 -2.421446
73 42.693918 147.95325 0.70497006 0.15884234 -0.11236225 25 0 947 2.5914949 -1.0338759
74 25.678143 151.95729 0.74884687 0.25632782 0.038635694 25 0 805 2.1949269 -0.85355016
75 510.94851 152.78155 0.95793179 0.33551475 0.47165911 25 0 1709 3.9313084 -1.4863428
76 125.35601 161.0684 0.47768876 -0.33805318 -0.083768657 25 0 460 1.4323823 -0.39014734
77 414.05645 162.58051 0.61310982 0.31913308 0.14391611 25 0 52386 153.28101 -5.4637209
78 453.32222 166.01607 0.6734095 0.19160673 0.020827361 25 0 616 1.8261518 -0.6538422
79 234.53023 166.68837 0.42991684 -0.30896517 -0.16986646 25 0 464 1.4780004 -0.42418637
80 181.59669 170.20486 0.67034554 0.56682481 -0.14836474 25 0 667 1.5526182 -0.47766168
81 61.339906 173.93058 0.68810087 -0.074611779 0.0024738266 25 0 478 1.2731241 -0.26217686
82 506.32572 174.36531 0.68617737 0.55123812 0.065178013 25 0 6949 19.148319 -3.2053266
83 254.04419 175.16421 0.67446294 0.34179252 0.051025842 25 0 2235 6.0531374 -1.9549513
84 374.57583 174.90796 0.61630298 -0.36710019 -0.31083932 25 0 567 1.5963562 -0.50782449
85 192.17673 176.01593 0.65638324 0.32243325 0.022548943 25 0 1164 3.1127227 -1.2328511
86 441.72568 176.92069 0.6916768 0.18774572 -0.44132429 25 0 361 1.1136278 -0.11685019
87 180.61056 178.63141 0.65975091 0.47749683 -0.077353308 25 0 1690 4.4206573 -1.6137171
88 449.24314 183.60655 0.61620202 0.054175895 0.071021896 25 0 2795 8.2610196 -2.2925841
89 44.795297 184.59851 0.66022945 0.3015028 0.058143888 25 0 820 2.3148576 -0.9113107
90 143.00605 184.665 0.62989773 0.62280149 0.23725669 25 0 1954 5.349929 -1.82087
91 510.75751 185.27745 0.78109468 0.18863706 0.19800243 25 0 834 2.232947 -0.87219606
92 439.1506 185.79537 0.6940854 0.4159789 -0.090285989 25 0 692 2.0290471 -0.76823031
93 254.6931 187.46187 0.57253759 0.12475131 0.057904936 25 0 1097 3.0193385 -1.1997795
94 449.6583 188.70402 0.64162957 0.38043361 0.07357118 25 0 936 2.7515875 -1.0989583
95 217.18552 190.07179 0.65834822 0.37776827 -0.095430133 25 0 903 2.2670966 -0.88867504
96 99.501952 191.24465 0.59742435 -0.074040696 -0.08501383 25 0 36972 108.3811 -5.0873839
97 149.20376 192.545 0.54414634 0.62015227 0.0070728301 25 0 432 1.1834316 -0.18285794
98 280.84408 196.31126 0.71815997 0.33667725 0.0013240838 25 0 455 1.0224309 -0.024084967
99 448.50215 196.53403 0.59662265 0.86515666 0.1252964 25 0 402 1.3633258 -0.33649911
100 483.01258 200.49379 0.63576785 0.29516841 0.11304316 25 0 606 1.9246743 -0.7108931
101 410.0789 202.12987 0.68167299 0.38279146 0.052798676 25 0 360 1.0025618 -0.0027779218
102 196.11556 203.18214 0.67057072 0.29889511 0.012708453 25 0 777 1.9837235 -0.74370285
103 94.732408 205.33798 0.68893943 -0.35070624 -0.049706382 25 0 633 1.5458472 -0.47291644
104 434.08197 204.85317 0.75808396 0.20814438 0.23200306 25 0 492 1.4188031 -0.37980529
105 497.50257 206.52195 0.69970994 0.61862064 0.057260076 25 0 578 1.6723389 -0.55831076
106 40.585173 214.41523 0.6069607 0.78979038 0.011656582 25 0 466 1.3065939 -0.2903516
107 42.545004 215.91553 0.7276531 0.7194753 -0.24743729 25 0 557 1.3909258 -0.35825991
108 453.92361 216.50772 0.40526404 -0.23857902 -0.10273235 25 0 796 2.9019371 -1.15672
109 15.957227 217.80387 0.72663183 0.32163134 0.051648087 25 0 2325 6.2010625 -1.9811653
110 354.50626 218.77874 0.59458988 -0.063961078 -0.086754229 25 0 1517 4.3393126 -1.5935523
111 284.49755 220.90872 0.62036808 0.20941637 -0.099013477 25 0 773 2.0196646 -0.76319812
112 178.67646 222.52606 0.54371667 0.16733658 0.22215636 25 0 977 2.7850951 -1.1121001
113 507.46916 225.1755 0.60644168 0.0073505387 -0.070768929 25 0 4342 12.749439 -2.7637277
114 267.97963 227.6079 0.6163666 0.33148898 0.10864792 25 0 3046 8.6623991 -2.3440955
115 13.472467 229.97556 0.59235625 0.020866589 -0.10926524 25 0 344 1.0074537 -0.0080627841
116 380.28417 229.66043 0.58250596 0.093016672 0.062570329 25 0 4246 12.654232 -2.7555895
117 450.34693 230.26187 0.65373367 0.48386539 0.0054771728 25 0 14547 40.785279 -4.0262586
118 355.13408 232.01523 0.66372901 0.17621263 -0.037899945 25 0 1243 3.5217035 -1.366882
119 208.53253 238.35772 0.60145955 0.84414019 -0.04691092 25 0 707 1.8268216 -0.65424033
120 268.58261 239.26264 0.65297006 0.48061397 -0.077600668 25 0 804 2.0624256 -0.78594574
121 459.51084 241.84833 0.63964296 0.2974603 -0.045810197 25 0 1882 5.4261425 -1.836228
122 58.948869 242.81781 0.73883063 0.48672243 -0.0046915965 25 0 504 1.1700166 -0.17048004
123 456.47363 255.19303 0.64256196 0.48260609 -0.063511205 25 0 7508 21.335011 -3.3227322
124 232.103 255.92584 0.64413499 0.27720235 0.022189065 25 0 5449 15.37106 -2.9667595
125 4.4949995 256.91803 0.69281618 0.12323624 -0.13779625 25 0 1120 2.9026488 -1.1569862
126 294.20742 258.32468 0.61330024 0.11393752 0.038673895 25 0 490 1.3657185 -0.33840296
127 359.79714 264.79364 0.70620394 0.36766785 0.087618498 25 0 448 1.1693483 -0.16985968
128 61.521704 276.87401 0.6422693 0.048956226 -0.13507304 25 0 1624 4.5574487 -1.6468045
129 243.51307 285.07094 0.56958479 0.02581916 -0.072075728 25 0 413 1.2241381 -0.21957602
130 75.658479 286.04542 0.69963933 0.077250851 0.013553517 25 0 905 2.2981355 -0.9034391
131 376.02427 288.13248 0.65040823 0.26403997 0.056798747 25 0 6081 17.483178 -3.1065509
132 188.69224 289.57965 0.62801322 0.58643785 0.07804134 25 0 952 2.5514976 -1.0169879
133 67.255185 290.98692 0.70028932 0.32586489 0.020252267 25 0 1486 3.8699477 -1.4692627
134 95.403286 290.79581 0.62300625 0.3931336 -0.12968955 25 0 1160 3.1283241 -1.2382793
135 350.4468 292.86464 0.60996377 0.39474513 -0.018071724 25 0 394 1.1180919 -0.12119372
136 481.73689 292.8962 0.7038181 0.085896127 0.04872508 25 0 801 2.4945889 -0.99249745
137 19.95067 296.02266 0.71437243 -0.21918944 -0.10979129 25 0 568 1.4654718 -0.41494366
138 164.4615 300.35637 0.57695489 -0.16116065 -0.079815297 25 0 500 1.3421127 -0.31947249
139 79.008806 306.51653 0.69494575 0.20866725 0.23015123 25 0 1379 3.5432169 -1.3734944
140 426.85295 306.19161 0.55397502 -0.38061616 -0.019131358 25 0 314 1.0901042 -0.093669984
141 222.60104 311.93769 0.61443201 -0.1127576 -0.24907211 25 0 844 2.2530254 -0.88191522
142 454.49046 311.78267 0.61107367 -0.0049395818 -0.0073057755 25 0 895 2.6891313 -1.07403
143 141.7551 316.76285 0.68526081 0.42680201 0.008856483 25 0 3759 10.012307 -2.5013354
144 2.1232165 318.49774 0.69768087 0.0048816202 0.21801869 25 0 1057 2.7313943 -1.090961
145 17.810984 318.39706 0.66446085 0.70664407 0.25192388 25 0 2218 6.0334429 -1.951413
146 191.1825 326.192 0.55750238 0.3469136 -0.021591312 25 0 380 1.0755454 -0.07907182
147 334.00565 328.40128 0.65364365 0.1975968 0.039934524 25 0 546 1.4780888 -0.42425135
148 24.351745 335.77316 0.64608107 0.088708718 -0.0077848533 25 0 5020 14.198967 -2.8806419
149 291.52547 335.72022 0.56478176 -0.14409819 -0.029672722 25 0 484 1.389047 -0.35679238
150 384.37325 335.89998 0.65994485 0.23931594 -0.26673943 25 0 548 1.669549 -0.55649792
151 34.465097 336.76631 0.66585538 0.47983945 -0.083978609 25 0 12282 33.823738 -3.823054
152 267.62207 337.15205 0.6026596 -0.14113864 -0.045199595 25 0 838 2.3523865 -0.92877168
153 80.793735 337.85371 0.72606324 0.21193539 0.072328239 25 0 1160 2.8957965 -1.1544201
154 492.66953 343.61428 0.64962707 -0.12118738 0.30566545 25 0 786 2.2621517 -0.88630429
155 263.71399 347.00278 0.78917303 0.48477724 -0.013645858 25 0 472 1.1221842 -0.12516041
156 364.61844 349.48867 0.65583698 0.56188623 0.16265862 25 0 697 1.975876 -0.73939921
157 243.74093 353.29878 0.62548953 0.10547573 0.021838486 25 0 5373 15.383761 -2.9676563
158 385.86087 354.45666 0.63420072 0.50896475 0.16546097 25 0 956 2.6811896 -1.0708188
159 16.221638 356.02888 0.81121554 0.058868078 -0.056317993 25 0 583 1.3943269 -0.36091153
160 25.803416 355.65538 0.69424813 0.029610234 0.22901269 25 0 896 2.3218413 -0.91458132
161 302.67219 357.20123 0.6358844 0.11574772 -0.038203834 25 0 25765 73.21314 -4.6614726
162 26.077269 359.58812 0.69925868 0.23851817 0.26305793 25 0 1404 3.6734918 -1.4126977
163 26.955609 362.91058 0.76812996 0.11165197 0.3163119 25 0 629 1.4743904 -0.42153125
164 418.55608 364.22479 0.66123754 -0.1786642 -0.074945072 25 0 1789 5.0406893 -1.7562248
165 229.99537 366.30401 0.64841117 0.33923777 0.10968268 25 0 1722 4.890705 -1.7234287
166 282.06844 367.45643 0.64182708 0.49097894 0.14186154 25 0 2748 7.7039757 -2.2167873
167 99.636443 369.11907 0.66343478 0.14439401 -0.064198527 25 0 5301 14.89386 -2.9325181
168 431.79617 368.47711 0.66527728 0.40871353 0.1062433 25 0 1015 2.9744967 -1.1835337
169 142.70237 369.92838 0.69565174 -0.58558483 -0.20024498 25 0 593 1.543504 -0.47126941
170 503.52031 370.47274 0.55283624 -0.37488528 0.05123236 25 0 7065 21.436028 -3.3278608
171 26.687975 372.20411 0.70179172 0.15027619 0.058056905 25 0 544 1.4502973 -0.40364259
172 7.1254925 375.88116 0.70676724 0.13227851 0.034627163 25 0 880 2.3920877 -0.94694275
173 370.08948 381.73387 0.65632006 0.18614773 0.030057875 25 0 3684 10.635721 -2.5669173
174 78.859016 383.26562 0.67977403 0.15214958 0.063362314 25 0 4017 11.188847 -2.6219633
175 124.62965 384.75223 0.52796992 -0.025585623 -0.09075291 25 0 497 1.4242566 -0.38397061
176 231.40176 386.30609 0.58755373 0.57033843 -0.14294221 25 0 560 1.6125006 -0.51874969
177 488.0681 387.15781 0.74159218 -0.67576746 0.28200711 25 0 720 2.1247919 -0.81829098
178 104.39925 388.11763 0.63216222 0.37583399 -0.13367983 25 0 404 1.0736819 -0.077189114
179 9.0872433 389.2894 0.75726159 0.4223588 0.12832513 25 0 1110 2.8825889 -1.1494568
180 148.52403 389.11613 0.65154265 0.032096281 -0.085745218 25 0 1494 4.1082893 -1.5341525
181 459.5059 390.99043 0.64296154 -0.0099747047 -0.14899769 25 0 2340 6.8773721 -2.0935563
182 488.80861 390.52813 0.66820766 0.37169574 0.17548083 25 0 2051 5.997481 -1.9449222
183 64.186009 394.22296 0.68622889 0.42768165 -0.013181779 25 0 725 2.0300473 -0.76876537
184 250.60082 399.02558 0.66013698 0.13694402 -0.11030346 25 0 8185 22.922272 -3.4006442
185 381.30351 400.90408 0.70856095 0.21553853 0.025857463 25 0 789 2.272644 -0.89132851
186 279.66563 406.50698 0.56032135 0.091454692 0.068362198 25 0 561 1.8026754 -0.63979381
187 416.76463 405.9829 0.65498073 0.06354923 0.10702847 25 0 524 1.6803393 -0.56349247
188 7.4224246 410.49457 0.62110585 0.83289895 0.10654531 25 0 850 2.5445054 -1.0140084
189 277.10724 410.1671 0.71679857 0.24263975 -0.014571765 25 0 2387 6.5020717 -2.0326294
190 498.74903 410.23371 0.72607628 -0.0020686817 0.1153668 25 0 464 1.507961 -0.44597527
191 109.11527 415.61298 0.60764916 0.33114623 0.17569371 25 0 855 2.4756656 -0.98422995
192 133.12377 417.07306 0.7069249 0.26872252 0.033696557 25 0 2589 7.0938125 -2.1271993
193 308.95502 427.09173 0.65105719 0.16379522 -0.11476067 25 0 412 1.3374392 -0.31568516
194 218.74988 433.9781 0.67863456 0.41689006 -0.15460868 25 0 443 1.2779951 -0.26632299
195 183.94238 435.07069 0.73184905 0.31356486 0.0085516252 25 0 2655 7.089848 -2.1265923
196 157.51133 435.89505 0.60616502 0.33095678 -0.16448747 25 0 993 2.9642478 -1.1797863
197 186.55646 437.76997 0.79852744 0.45030791 -0.25900587 25 0 447 1.1082742 -0.11161804
198 257.24415 438.40303 0.69587746 0.40964476 0.17083513 25 0 1092 2.9907199 -1.1894393
199 369.86782 440.15732 0.70000431 0.11529132 0.0059330257 25 0 3726 10.440677 -2.5468216
200 270.15174 442.80898 0.68708693 0.07408064 0.10146554 25 0 1253 3.4333604 -1.3392985
201 116.34887 444.7965 0.65362968 0.077893939 -0.039378972 25 0 14732 42.018452 -4.0586001
202 502.40765 454.57484 0.61598538 0.6034363 0.12278673 25 0 1825 5.6008589 -1.8706366
203 404.79603 457.04483 0.53495831 -0.46924775 -0.15083564 25 0 252 1.1680172 -0.16862313
204 336.32823 458.31424 0.6232527 0.36114042 -0.021947402 25 0 616 1.9310138 -0.71446344
205 460.30147 459.31374 0.56249849 -0.22106313 0.06131498 25 0 275 1.1849583 -0.18425764
206 387.45134 463.22532 0.65776147 0.47877559 -0.039298678 25 0 1281 3.8771072 -1.4712695
207 81.357157 464.48537 0.66341659 0.66420261 0.086518601 25 0 5608 15.518797 -2.9771451
208 174.35988 465.54905 0.64981426 0.58141381 -0.070377929 25 0 1011 2.7854794 -1.1122499
209 452.87692 466.67194 0.43298796 0.32031181 0.04798433 25 0 58512 203.46158 -5.771206
210 316.55346 467.57478 0.52354727 0.43230373 -0.042710511 25 0 242 1.033801 -0.036092373
211 236.22309 473.57376 0.61648778 0.0070864165 0.047618912 25 0 4842 14.35597 -2.8925814
212 367.83984 475.22821 0.57354036 -0.12105541 0.041917289 25 0 484 1.742686 -0.60304786
213 454.17015 474.44136 0.46399557 -0.16381163 0.29418781 25 0 300 1.3790908 -0.34898214
214 139.22374 477.63642 0.69006075 0.70705986 0.036173403 25 0 442 1.2235265 -0.21903346
215 286.22336 476.89229 0.64780947 0.10487671 -0.1057184 25 0 3448 10.135872 -2.5146528
216 363.68495 482.04664 0.73603647 0.48433222 0.054727754 25 0 434 1.2750471 -0.26381558
217 164.25634 482.92465 0.59668118 0.21440887 0.0088566378 25 0 918 2.9200057 -1.1634593
218 89.161959 488.4269 0.66925744 0.46472465 0.1259892 25 0 1113 3.0908343 -1.2251893
219 265.32982 497.94515 0.52062271 0.0080089221 -0.16164635 25 0 340 1.2630792 -0.25357644
220 175.40476 502.04523 0.60914281 0.21853264 -0.15155507 25 0 359 1.1563288 -0.15770336
221 92.399438 503.17635 0.45797302 -0.12903428 -0.14136018 25 0 248 1.0001761 -0.00019118033
222 141.26607 505.05157 0.75965182 -0.06083411 -0.11080108 25 0 740 1.8715894 -0.68052642
223 186.51486 505.07778 0.59284341 0.098072602 -0.16309384 25 0 464 1.4286265 -0.38729675
224 142.21586 508.81979 0.69419067 -0.28435281 -0.027751361 25 0 858 2.3108994 -0.90945261
