id xcentroid ycentroid sharpness roundness1 roundness2 npix sky peak flux mag
1 339.87093 0.0664161 0.85159643 -0.36768521 -0.4876991 25 0 1402 3.203024 -1.2639005
2 491.5367 -0.38526397 0.62868832 0.13900837 0.21043976 25 0 291 1.1520521 -0.15368026
3 436.58443 2.3056994 0.57144961 -0.51886516 -0.31353047 25 0 1571 4.7783778 -1.6982012
4 42.271562 3.3202973 0.64961779 0.047627178 -0.15017034 25 0 5720 14.671322 -2.9161731
5 303.30472 19.484232 0.55108532 0.4748873 -0.35084521 25 0 436 1.3500271 -0.32585618
6 434.95588 22.973769 0.6499154 -0.070565307 -0.22642055 25 0 450 1.5808495 -0.49722633
7 115.54123 26.585243 0.58103434 0.010679752 -0.586315 25 0 360 1.0371602 -0.039614615
8 30.764264 28.482196 0.64840478 -0.34919965 -0.018463691 25 0 12952 32.840301 -3.7910178
9 341.04626 28.261667 0.59724233 -0.48656653 -0.27628843 25 0 705 2.0739141 -0.7919769
10 414.49597 31.467675 0.70773628 0.50100808 -0.14454465 25 0 534 1.5145787 -0.45072961
11 473.47277 31.458422 0.58428855 -0.55612063 -0.16262293 25 0 20727 53.964719 -4.3302748
12 360.0733 49.646056 0.5362474 -0.32353225 -0.18085079 25 0 408 1.3251388 -0.3056534
13 133.12845 52.187588 0.65054809 -0.25922352 -0.2168047 25 0 476 1.3230559 -0.30394545
14 119.90642 56.358071 0.69370674 -0.025338386 -0.56031414 25 0 635 1.6264533 -0.52810403
15 192.7442 57.304977 0.61254968 -0.38899425 -0.24031037 25 0 1121 2.9376997 -1.1700185
16 212.17041 58.226419 0.64874192 -0.026982685 -0.17864564 25 0 2453 6.2069137 -1.9821893
17 72.649519 60.401396 0.52893086 -0.27939233 -0.074328287 25 0 393 1.2834681 -0.27096268
18 330.72707 60.534695 0.40342823 -0.30135303 -0.16470376 25 0 58489 163.39512 -5.5330977
19 352.60757 59.529848 0.52763916 0.13898631 -0.28722041 25 0 321 1.0688335 -0.072275189
20 117.42353 62.395635 0.60318908 -0.75320807 -0.23974123 25 0 4277 10.855469 -2.5891215
21 406.41009 64.11823 0.72710922 0.017527744 -0.27298815 25 0 1036 2.6446741 -1.0559304
22 476.65387 70.098762 0.55507307 -0.2198145 -0.25264786 25 0 665 2.2577581 -0.8841935
23 300.4361 70.929198 0.62946146 -0.23820247 -0.29699233 25 0 1499 3.937549 -1.4880649
24 449.30861 77.80108 0.62820054 -0.35318439 -0.17311283 25 0 1357 3.7120177 -1.4240251
25 507.82003 80.065287 0.68677283 -0.13510362 -0.18065426 25 0 3417 8.8153795 -2.3631025
26 3.6603801 81.073358 0.77579342 -0.33189218 -0.24188853 25 0 436 1.1538944 -0.15541519
27 37.673277 83.334558 0.69210015 -0.70232604 -0.14797943 25 0 675 1.8141765 -0.64669883
28 60.757305 82.940378 0.68868858 -0.39028047 -0.19859807 25 0 431 1.1472899 -0.14918294
29 4.0198266 85.126916 0.65456613 -0.34661582 0.027571514 25 0 489 1.4542577 -0.40660345
30 118.52017 85.125493 0.70029731 -0.65219522 -0.3658162 25 0 476 1.0399787 -0.042561162
31 438.93688 84.500278 0.53643037 0.2294816 0.047495396 25 0 1170 3.4225608 -1.3358779
32 424.1789 86.331611 0.62734875 0.11548735 -0.2695922 25 0 519 1.6220153 -0.52513734
33 61.964644 88.247887 0.66984533 -0.40009832 -0.21992148 25 0 1650 4.1739467 -1.5513672
34 474.58068 93.210709 0.59360856 -0.040952381 -0.056784593 25 0 768 2.2918599 -0.90047015
35 356.50796 97.195905 0.6478519 -0.43488798 -0.296186 25 0 3123 7.8351096 -2.2351127
36 98.145657 103.61403 0.49708919 -0.079740612 -0.024398486 25 0 490 1.3671499 -0.33954035
37 497.07761 104.18111 0.69784565 -0.017916372 -0.1089861 25 0 24133 60.078777 -4.4468027
38 161.05593 110.64256 0.5022931 -0.24658717 -0.20941192 25 0 432 1.0443337 -0.047098203
39 289.70301 111.41688 0.5866491 -0.45107661 -0.25006192 25 0 1040 2.6172073 -1.0445953
40 293.6312 113.07558 0.63332864 -0.4935815 -0.3281352 25 0 1428 3.5604292 -1.3787559
41 191.93856 114.08839 0.65895308 -0.24875771 -0.28753853 25 0 1830 4.4294981 -1.6158863
42 59.800942 118.02703 0.66625257 -0.24323707 -0.24852125 25 0 4369 10.987051 -2.6022029
43 121.82723 117.82503 0.63528665 -0.085139321 -0.32552445 25 0 445 1.0149095 -0.016068248
44 302.52579 120.05 0.57255785 -0.061354372 -0.42888606 25 0 353 1.0002715 -0.00029471616
45 495.3412 124.14085 0.66800207 0.057824991 -0.15257156 25 0 2016 5.2716261 -1.8048615
46 338.39803 129.51866 0.55238731 -0.40614338 -0.077959686 25 0 505 1.3934018 -0.36019093
47 225.07476 131.44709 0.61876882 0.00041422376 -0.03372828 25 0 16222 41.642355 -4.0488382
48 242.35072 131.39021 0.45240758 0.49879732 -0.27309962 25 0 767 2.0266867 -0.76696655
49 252.41842 132.86397 0.57059203 -0.13662172 -0.35030273 25 0 1544 3.9183347 -1.4827538
50 309.14248 132.6218 0.56817724 -0.16309933 -0.064295537 25 0 1110 2.9173739 -1.1624802
51 104.04198 134.64269 0.64723934 -0.037740776 0.17114943 25 0 542 1.2706412 -0.26005735
52 56.856217 136.1495 0.68322543 -0.40258807 -0.22155719 25 0 630 1.546223 -0.47318035
53 156.48589 137.94937 0.70536054 -0.37060451 -0.33891289 25 0 2209 5.0544809 -1.7591914
54 180.39222 143.53794 0.55354595 0.23614649 -0.13780373 25 0 1404 3.4277768 -1.3375313
55 11.894969 144.67415 0.60497574 0.12544808 -0.032115272 25 0 1185 3.3347558 -1.3076601
56 257.77375 146.87928 0.71223036 -0.10694438 -0.25770016 25 0 619 1.3815881 -0.35094645
57 400.19433 155.18542 0.65101511 -0.079897799 -0.20961753 25 0 12449 31.646792 -3.7508242
58 19.031516 161.08248 0.67030187 -0.10888283 -0.26596313 25 0 815 2.1474559 -0.82981064
59 303.08974 160.61516 0.5399177 -0.19445721 -0.18548966 25 0 2538 6.7455073 -2.0725365
60 2.1393377 165.07775 0.64872417 0.11548602 -0.10765268 25 0 688 1.8272336 -0.65448518
61 488.44109 167.23147 0.64746857 0.099955733 -0.18195334 25 0 7378 18.903287 -3.1913433
62 390.19201 176.6906 0.59850468 -0.29259694 -0.16480354 25 0 47040 123.57813 -5.2298541
63 210.82104 180.49951 0.68943185 -0.22126045 -0.20490566 25 0 541 1.0418183 -0.044479955
64 429.34714 180.13835 0.68188639 -0.28715875 -0.32405643 25 0 551 1.5572839 -0.48091947
65 157.70211 183.85861 0.5825112 -0.03986643 -0.15739402 25 0 659 1.5314436 -0.46275248
66 37.837974 187.05852 0.60409513 -0.42792223 -0.27652024 25 0 393 1.049801 -0.052767408
67 168.52755 189.59133 0.51024296 0.44690923 -0.13056261 25 0 781 1.9213614 -0.70902264
68 230.239 188.92135 0.61119598 -0.27897395 -0.28693289 25 0 1793 4.4467482 -1.6201063
69 350.48326 188.81554 0.55231263 -0.23023308 -0.27664573 25 0 487 1.3288642 -0.30870153
70 482.45457 188.54234 0.61343375 -0.5489775 -0.060594431 25 0 5472 14.144028 -2.8764327
71 417.60199 191.15805 0.66128853 0.16072569 -0.43609502 25 0 344 1.0362339 -0.038644542
72 156.85377 192.14875 0.61120161 -0.21360169 -0.31271214 25 0 1645 4.1494842 -1.5449853
73 21.122434 197.79238 0.71276631 0.25747617 -0.20773852 25 0 895 2.2672226 -0.88873542
74 119.35782 198.01657 0.65483269 0.054558137 -0.17400604 25 0 1854 4.4473426 -1.6202515
75 425.25624 197.82994 0.63131594 -0.30487311 -0.22002238 25 0 2739 7.2085649 -2.144622
76 415.0978 200.00882 0.59241331 -0.029027181 -0.12350035 25 0 653 2.0452531 -0.77686763
77 487.04465 199.72626 0.64069681 -0.011037843 -0.043304574 25 0 671 1.9685535 -0.73536808
78 230.9034 201.12958 0.56129759 -0.19297445 -0.23353622 25 0 1071 2.7298917 -1.0903635
79 425.60681 202.85482 0.46100046 -0.29157616 -0.30036338 25 0 620 2.1277816 -0.81981762
80 75.935297 204.50128 0.6382998 -0.15228227 0.020264705 25 0 38402 97.432858 -4.9717636
81 193.50732 203.62017 0.57107295 -0.57922427 -0.25952782 25 0 702 1.6620853 -0.55163328
82 459.00999 214.65872 0.64266903 0.27770236 -0.037308168 25 0 535 1.6052018 -0.5138241
83 172.51587 216.60126 0.54301932 -0.62983782 -0.41582066 25 0 594 1.5020837 -0.44173531
84 202.62702 217.80988 0.66483385 0.19551895 -0.10153875 25 0 488 1.0065659 -0.0071055042
85 70.873685 218.47788 0.50657059 -0.024984156 -0.016638037 25 0 512 1.2947542 -0.28046831
86 473.76329 220.78693 0.68110349 -0.64007104 -0.40224436 25 0 512 1.454368 -0.40668577
87 506.95867 224.54925 0.63101714 0.021983401 0.028258107 25 0 2961 7.9027975 -2.2444521
88 18.921878 228.98424 0.6293431 0.37662048 -0.33563536 25 0 554 1.5110929 -0.44822791
89 429.59461 230.73565 0.50051339 0.17281461 -0.1857155 25 0 764 2.2648166 -0.88758261
90 330.3866 232.73681 0.64680155 -0.5686167 -0.22145026 25 0 1448 3.4738576 -1.35203
91 260.49719 234.5172 0.44466545 0.050532717 -0.18436599 25 0 609 1.7174227 -0.58719297
92 154.97628 235.89238 0.65880989 -0.11711985 -0.28908995 25 0 1078 2.4257763 -0.96212688
93 483.53107 239.61253 0.59982623 -0.62569796 -0.027988769 25 0 3660 9.4902122 -2.4431898
94 244.0556 241.36532 0.62935766 -0.097975036 -0.10560465 25 0 2897 7.236501 -2.1488216
95 356.22645 243.66103 0.6058554 -0.33112913 -0.14819851 25 0 4145 10.776988 -2.5812435
96 426.28738 244.58419 0.56972519 0.24862969 -0.023009007 25 0 11026 28.801544 -3.6485394
97 331.20627 245.97294 0.61032755 -0.29084376 -0.13854574 25 0 1062 2.8079388 -1.1209691
98 184.50981 251.94397 0.56017731 -0.67727609 -0.47054743 25 0 653 1.5387775 -0.46793954
99 244.54312 253.03639 0.67597037 -0.059502075 -0.18987386 25 0 859 1.9605384 -0.73093836
100 35.150341 255.83868 0.74071479 -0.31500117 0.030073355 25 0 497 1.139101 -0.14140555
101 435.51544 256.02802 0.65519546 -0.17386392 -0.26152272 25 0 1800 4.571821 -1.6502231
102 432.37914 269.54376 0.5617561 0.29965269 -0.049997205 25 0 6009 16.02409 -3.0119334
103 208.29723 269.55882 0.56870549 -0.39351569 -0.15376446 25 0 4372 11.423892 -2.6445353
104 270.30465 272.37938 0.69057589 -0.13024504 -0.13253682 25 0 538 1.2405571 -0.2340419
105 37.586615 290.09358 0.68439387 -0.24218506 -0.26475103 25 0 1586 3.8283103 -1.4575178
106 51.927833 299.35475 0.67758819 -0.028272437 -0.12655733 25 0 857 1.9728156 -0.73771625
107 352.01863 302.16825 0.63105774 -0.1894576 -0.19326975 25 0 5572 14.455978 -2.9001187
108 164.6642 303.23962 0.60765198 -0.3048531 -0.23206306 25 0 879 2.0669012 -0.78829927
109 43.434245 304.28017 0.68957201 0.14235211 -0.24970022 25 0 1321 3.101279 -1.2288521
110 71.593921 304.11744 0.61197589 -0.21611994 -0.36455664 25 0 1165 2.9750267 -1.1837272
111 326.39853 306.89706 0.73352969 -0.26207692 -0.3430217 25 0 456 1.0276739 -0.02963829
112 457.71181 307.21464 0.65748572 -0.027732306 -0.12209728 25 0 689 1.9193961 -0.70791154
113 140.79711 313.84528 0.68080151 -0.19979367 -0.069040521 25 0 588 1.2197891 -0.21571187
114 55.185889 319.82214 0.66022283 -0.15067089 -0.17333886 25 0 1364 3.3474352 -1.3117804
115 198.48674 325.59989 0.57306488 0.1547813 -0.25566051 25 0 783 1.9351178 -0.71676849
116 430.29088 326.00693 0.63909493 -0.088162079 -0.12348282 25 0 1013 2.7603142 -1.1023963
117 117.83898 330.28496 0.6564335 -0.21648244 -0.15626763 25 0 3527 8.6834977 -2.3467367
118 309.98115 342.38271 0.6539958 0.11273211 -0.25979262 25 0 561 1.33644 -0.31487365
119 0.47602373 348.99933 0.62550715 -0.14038044 -0.19248507 25 0 4730 12.695616 -2.7591345
120 10.616108 349.93281 0.69012227 -0.060056874 -0.263609 25 0 13324 33.0601 -3.7982604
121 360.14944 350.0456 0.67624832 -0.33264611 -0.18730914 25 0 456 1.1454699 -0.14745918
122 56.980226 351.14178 0.64393457 -0.54397706 -0.089535087 25 0 1031 2.5019239 -0.99568525
123 243.69096 351.01526 0.55436502 -0.00058419897 -0.24073823 25 0 873 2.2892658 -0.89924055
124 468.61675 357.84428 0.58552387 -0.08192264 0.12530612 25 0 745 1.9655874 -0.73373092
125 239.82137 360.60431 0.50411846 0.26452414 -0.062262686 25 0 382 1.0694967 -0.072948599
126 340.48068 363.66344 0.6116638 0.73579278 0.21290405 25 0 583 1.4328087 -0.39047056
127 219.78444 367.01313 0.64670584 -0.17307736 -0.25775235 25 0 5392 13.464001 -2.8229354
128 1.9050603 368.93883 0.76234751 -0.56004932 -0.17124205 25 0 1046 2.3896437 -0.94583289
129 361.62008 368.70842 0.55670747 -0.1146815 -0.26657408 25 0 869 2.3992174 -0.95017399
130 278.5282 371.16722 0.60797244 -0.46232894 -0.33968903 25 0 22425 57.142224 -4.3923928
131 2.1252698 372.77437 0.67944544 -0.21744388 -0.017214533 25 0 1363 3.3069564 -1.2985712
132 3.0320039 376.07049 0.73510912 0.045464103 0.13766014 25 0 643 1.3542203 -0.32922333
133 394.41013 378.38091 0.60374545 0.12053243 -0.18579017 25 0 1540 4.0040612 -1.5062518
134 205.97875 380.05281 0.62515643 -0.30389642 -0.30384323 25 0 1552 3.832499 -1.4587051
135 258.05181 381.29631 0.61766399 -0.11893747 -0.15695797 25 0 2709 7.0510416 -2.1206332
136 75.74535 382.55065 0.60207784 -0.31242996 0.006085877 25 0 4321 10.974565 -2.6009683
137 118.8852 383.30809 0.57584505 -0.18479632 -0.016931732 25 0 467 1.1301259 -0.13281704
138 407.51172 382.61304 0.53696609 0.3140174 -0.12539013 25 0 799 2.3216635 -0.91449817
139 2.8351533 385.34521 0.79607291 -0.27121798 -0.13785042 25 0 586 1.273883 -0.26282389
140 479.30174 384.94576 0.68007616 -0.23146618 -0.16214423 25 0 9302 23.325154 -3.4195613
141 345.85941 395.76926 0.60056206 -0.10638458 -0.19708898 25 0 3131 8.3882892 -2.3091835
142 54.900538 396.5532 0.60885817 0.076217818 -0.06664341 25 0 3314 8.6457535 -2.3420071
143 100.58407 398.2624 0.60867965 -0.63082905 -0.1753459 25 0 579 1.3999795 -0.36530416
144 207.38506 399.93862 0.68745871 -0.28183568 -0.40419378 25 0 655 1.4852306 -0.42948472
145 463.7935 401.30874 0.64996611 -0.95505484 -0.0089188467 25 0 519 1.4384524 -0.39473875
146 124.53841 402.6385 0.55560938 0.27474172 -0.25081025 25 0 1223 3.1708099 -1.2529255
147 435.27528 405.22974 0.6520147 -0.10056292 -0.12948618 25 0 2509 6.4817906 -2.0292375
148 464.48655 404.90259 0.62557095 -0.28835906 -0.25852364 25 0 1832 4.8880382 -1.7228365
149 40.255928 407.50557 0.64677734 0.17798876 0.0084589166 25 0 535 1.3505095 -0.32624412
150 226.52404 412.81201 0.6753018 -0.48924942 -0.33489369 25 0 7202 17.05596 -3.0796905
151 357.0164 414.9403 0.65357055 -0.038766987 -0.23655324 25 0 775 2.0154528 -0.76093155
152 255.58981 420.2014 0.5827561 -0.16049213 -0.27839896 25 0 628 1.6259468 -0.52776584
153 392.37788 420.14849 0.71156051 -0.533598 -0.21849685 25 0 498 1.2116617 -0.20845343
154 253.01436 423.99959 0.67877563 -0.049454571 -0.1765154 25 0 2087 5.1481857 -1.7791355
155 85.15104 429.09032 0.70146764 0.18675163 -0.10673701 25 0 1049 2.5000532 -0.99487314
156 109.1742 430.51806 0.5773468 -0.15146119 -0.043972326 25 0 1899 5.0233714 -1.7524882
157 165.88972 442.1976 0.60992436 -0.60613958 -0.26655176 25 0 427 1.0675786 -0.070999624
158 133.35029 449.62293 0.56984471 0.42938168 0.10155229 25 0 906 2.3279019 -0.9174117
159 159.82262 448.6789 0.62295674 0.15551944 -0.15826239 25 0 2105 5.3322114 -1.8172684
160 233.05247 452.13782 0.62620459 -0.04188254 -0.22463878 25 0 1105 2.8544171 -1.1387936
161 491.9598 452.31035 0.26960473 -0.12394323 -0.070060093 25 0 58123 186.54001 -5.67693
162 345.53475 454.15214 0.63704403 -0.16099978 -0.33566414 25 0 2941 7.4581174 -2.181573
163 246.07597 456.62738 0.63705552 -0.19701591 -0.059120557 25 0 1111 2.7602754 -1.102381
164 92.352863 458.32327 0.65975845 0.17958522 -0.17703902 25 0 13467 33.42493 -3.8101762
165 478.01844 468.89756 0.70192498 -0.23960362 -0.15550822 25 0 2229 5.6781663 -1.8855203
166 312.01318 472.31244 0.63039738 -0.50717134 -0.20561305 25 0 675 1.8548935 -0.67079747
167 436.11312 473.52125 0.60858556 -0.23879683 -0.057270609 25 0 347 1.0483487 -0.051264433
168 363.0906 477.29248 0.66166537 -0.2770297 -0.042077704 25 0 1315 3.2850058 -1.2913404
169 57.392316 477.85412 0.70513315 -0.22316618 -0.22226183 25 0 6107 14.839829 -2.9285722
170 150.2561 479.11439 0.63854505 0.017189437 -0.2543684 25 0 1140 2.7575498 -1.1013084
171 428.56154 480.92919 0.50039098 -0.27821922 -0.25472557 25 0 58313 162.24173 -5.5254064
172 211.94843 487.26953 0.64700302 -0.16436959 -0.16103273 25 0 4886 12.427458 -2.7359557
173 343.58432 489.28614 0.78593004 -0.59514256 -0.37026028 25 0 585 1.3432358 -0.32038061
174 429.96349 488.64656 0.66609159 -0.21847898 -0.1994155 25 0 468 1.2297497 -0.22454178
175 115.18747 491.06117 0.67483201 0.10030222 -0.090098942 25 0 545 1.3124737 -0.29522654
176 262.00505 490.65496 0.62502101 -0.14046624 -0.11562926 25 0 2969 7.6170495 -2.2044669
177 339.31513 495.94276 0.62770194 -0.22361734 -0.15604472 25 0 460 1.2616647 -0.2523599
178 140.01594 496.43811 0.55528058 0.066071786 -0.14836691 25 0 755 2.0056351 -0.75562982
179 65.082862 501.79106 0.65428312 -0.10912087 -0.14579996 25 0 1181 3.1205216 -1.235568
