id xcentroid ycentroid sharpness roundness1 roundness2 npix sky peak flux mag
1 311.51596 2.017451 0.56606721 -0.074212653 -0.25949448 25 0 688 2.2007581 -0.85643075
2 442.91893 5.2866764 0.6232222 0.71569268 -0.027233129 25 0 392 1.4001295 -0.36542052
3 123.32355 9.2699001 0.57160069 -0.16448844 -0.1968091 25 0 409 1.3724982 -0.34377943
4 38.400763 11.329192 0.6412686 0.45482429 -0.08718039 25 0 12871 36.935206 -3.9186013
5 349.1591 10.538449 0.49221856 0.15633393 -0.095405727 25 0 560 2.0052949 -0.75544563
6 422.39936 13.757609 0.57828657 -0.16166729 -0.11839376 25 0 563 1.9752898 -0.73907703
7 481.51117 13.648627 0.63951524 0.61018908 -0.10122655 25 0 22829 64.310721 -4.5207085
8 368.39037 31.993561 0.63397329 0.28074198 -0.36497202 25 0 545 1.751851 -0.60874289
9 467.82783 32.358364 0.4672846 0.28222942 -0.029621681 25 0 209 1.1595045 -0.16068114
10 140.75569 34.858963 0.69336728 0.46117601 -0.1849097 25 0 431 1.2447287 -0.23768677
11 127.65252 38.854058 0.69131026 0.21249138 0.11243529 25 0 604 1.6323849 -0.5320564
12 200.6538 40.05442 0.64494821 -0.019828568 -0.21746774 25 0 1209 3.42237 -1.3358174
13 220.11074 40.909575 0.62074522 0.15593003 -0.12763349 25 0 2335 6.813802 -2.0834738
14 360.6701 41.888788 0.52224609 -0.050433168 -0.23053084 25 0 430 1.5803077 -0.49685411
15 80.387761 43.206346 0.64161467 0.090537736 -0.18703419 25 0 521 1.6547642 -0.54684029
16 338.69243 42.9307 0.30642373 0.48031286 0.037738314 25 0 58831 220.71912 -5.8595999
17 125.44433 45.101051 0.62772733 0.2091259 -0.22025224 25 0 4925 14.323006 -2.8900854
18 414.18121 46.389408 0.59591962 0.35896559 -0.046647515 25 0 904 2.9033561 -1.1572508
19 261.08376 52.037015 0.69781704 -0.033149607 -0.087053812 25 0 421 1.1245409 -0.12743817
20 484.64025 52.396157 0.57401513 0.058051431 -0.070372651 25 0 609 2.119732 -0.81570238
21 308.48322 53.485109 0.54133882 0.75508155 -0.022300148 25 0 1294 3.9132031 -1.481331
22 457.31113 60.005792 0.63405635 0.44876303 -0.10580189 25 0 1417 4.3891352 -1.6059474
23 11.720924 63.983735 0.69940105 -0.41092562 -0.40747268 25 0 346 1.1315689 -0.13420249
24 45.400839 66.105485 0.61000394 0.10720236 -0.17444482 25 0 632 2.0552182 -0.78214483
25 68.538546 65.979111 0.60696032 -0.073485528 -0.1931595 25 0 386 1.244062 -0.23710509
26 446.86204 66.896326 0.67535494 0.24635975 -0.16481821 25 0 1554 4.3752391 -1.6025045
27 11.70454 67.942063 0.72606993 -0.11625981 0.037320193 25 0 351 1.0492005 -0.052146215
28 126.43458 67.789877 0.65573982 0.54600155 -0.32749876 25 0 478 1.393829 -0.36052373
29 432.21246 68.619959 0.55948394 0.74429143 0.12671133 25 0 457 1.5959075 -0.50751929
30 485.56061 67.631 0.68352657 0.7075198 -0.067459666 25 0 295 1.1121287 -0.11538759
31 69.698697 71.10176 0.71081056 0.13292396 -0.057358284 25 0 1784 4.8113397 -1.705665
32 482.75375 75.401482 0.63158522 0.62345324 0.24357543 25 0 717 2.2307858 -0.87114469
33 364.66897 79.505769 0.59840156 0.66404443 -0.023988329 25 0 2926 8.5549122 -2.3305389
34 133.69905 82.903321 0.63473749 0.30408262 0.014021265 25 0 524 1.4834281 -0.42816624
35 106.0505 86.451349 0.72164565 0.36998937 -0.045494086 25 0 608 1.4957143 -0.43712165
36 505.0982 86.33402 0.63725047 0.36396937 -0.0056551801 25 0 20438 58.847737 -4.4243244
37 169.0448 93.247703 0.61322338 -0.20414005 -0.31667149 25 0 547 1.4941071 -0.43595429
38 297.6557 93.948527 0.61653284 0.037132643 -0.31458565 25 0 1262 3.5738497 -1.3828407
39 301.62322 95.616928 0.59896685 0.10330413 -0.11011265 25 0 1285 3.5675351 -1.3809206
40 200.0069 96.772547 0.63310957 0.25893539 -0.10776894 25 0 1742 4.8617442 -1.7169803
41 465.61438 100.41381 0.61257951 0.10031722 -0.055359946 25 0 305 1.1716968 -0.17203815
42 67.570617 100.90873 0.6937828 0.21364129 -0.14658349 25 0 4163 11.223343 -2.6253056
43 129.79697 100.4424 0.66486921 0.53946498 0.02154852 25 0 419 1.0120943 -0.013052414
44 503.44623 106.29875 0.65168132 0.4772156 -0.091934787 25 0 1885 5.4232024 -1.8356395
45 346.33396 111.9382 0.5689895 0.053603191 -0.18093582 25 0 585 1.7761014 -0.62366939
46 233.01932 113.95107 0.61362928 0.20313633 -0.1296523 25 0 17071 50.412847 -4.2563531
47 250.34761 114.06618 0.6495787 0.11726285 -0.33002078 25 0 1039 2.6432156 -1.0553315
48 260.61124 115.36819 0.61265934 0.51033302 -0.21949101 25 0 1626 4.3900612 -1.6061764
49 317.01334 115.09699 0.6054196 0.36085025 -0.15172791 25 0 1184 3.3495162 -1.3124552
50 212.61652 117.17022 0.59349932 0.21008391 -0.28527293 25 0 527 1.3092055 -0.29251951
51 462.51049 116.59062 0.43397057 -0.25684559 -0.106882 25 0 257 1.1479788 -0.14983471
52 111.9341 117.63405 0.596495 0.12538016 -0.10705983 25 0 507 1.3955054 -0.36182879
53 166.97276 118.99571 0.64576869 -0.046707782 0.25362805 25 0 460 1.1925524 -0.19119366
54 64.670572 118.91342 0.79216216 0.41521156 -0.098616899 25 0 657 1.5856934 -0.50054806
55 164.51436 120.56805 0.53678299 -0.16850515 -0.13036978 25 0 1649 4.8034444 -1.7038819
56 492.41246 120.86962 0.64203442 0.42300369 -0.27277134 25 0 350 1.3414044 -0.31889933
57 188.4252 126.10471 0.60930008 0.26213861 -0.22652357 25 0 1690 4.7429868 -1.6901298
58 19.530384 127.63586 0.64662764 0.5102226 -0.15581249 25 0 1123 3.2418187 -1.2769718
59 265.8621 129.31725 0.55670841 -0.036953399 0.10555437 25 0 454 1.0939082 -0.097452197
60 408.23133 137.46048 0.56189769 0.49670623 -0.032186236 25 0 10120 30.440818 -3.7086408
61 311.13815 143.02334 0.57888997 0.17426073 -0.13635371 25 0 2898 8.6203089 -2.3388071
62 26.827629 144.00093 0.7606537 -0.028380953 -0.11435303 25 0 829 2.0664894 -0.78808294
63 9.8811486 147.9697 0.70463197 0.042577606 -0.075173119 25 0 695 1.9940561 -0.74934345
64 496.50315 149.3812 0.61583596 0.61694592 -0.089838842 25 0 6679 19.360762 -3.2173061
65 109.58713 157.29562 0.63965373 -0.44234807 -0.24771065 25 0 517 1.3514729 -0.32701832
66 398.22632 158.93208 0.59122574 0.18247555 -0.14698957 25 0 48057 143.4176 -5.3915062
67 437.42291 162.33273 0.57695835 0.66862776 -0.04622977 25 0 449 1.506069 -0.44461217
68 218.56351 162.99387 0.61307671 0.1604888 -0.18491641 25 0 582 1.4242925 -0.38399799
69 165.80798 166.42374 0.59688051 0.52874559 0.050658726 25 0 1003 2.6328166 -1.0510515
70 238.307 171.55009 0.55007348 0.56629563 -0.030181588 25 0 1520 4.3232715 -1.5895313
71 358.46859 171.30397 0.52724124 -0.13914109 -0.19998247 25 0 436 1.3478744 -0.3241236
72 490.43591 170.74715 0.60846901 0.43780004 -0.15721767 25 0 5467 15.938272 -3.0061031
73 176.45086 172.20439 0.60690301 0.41097533 -0.16478382 25 0 946 2.5716164 -1.0255155
74 164.91899 174.82889 0.621363 0.22525312 -0.043272117 25 0 1621 4.5591375 -1.6472067
75 433.43384 179.99501 0.5957696 0.050477907 -0.18147583 25 0 2542 7.6256984 -2.2056991
76 28.987882 180.7741 0.71219781 0.26265777 -0.15658306 25 0 805 2.1569392 -0.83459477
77 127.19005 180.82663 0.59276972 0.25236582 -0.052377462 25 0 1772 5.1607638 -1.7817849
78 423.22404 182.10549 0.56526448 0.17750733 -0.2234834 25 0 532 1.630924 -0.53108428
79 495.09294 181.76362 0.66941353 0.22926112 -0.0020890623 25 0 708 2.1113941 -0.81142326
80 239.0416 183.57846 0.5535508 0.39268364 0.070913557 25 0 985 2.743955 -1.0959425
81 433.81877 184.96648 0.56686232 0.037007481 -0.020111784 25 0 837 2.7765333 -1.1087572
82 201.40743 186.34903 0.51463347 -0.064923379 -0.27563487 25 0 603 1.7034461 -0.57832097
83 83.669034 187.45384 0.60632189 -0.048208447 0.03103945 25 0 34782 100.05481 -5.0005949
84 133.44344 188.57184 0.63578892 0.61832285 -0.11387292 25 0 459 1.1617993 -0.16282775
85 432.79887 192.96723 0.67146909 0.12738017 -0.034171611 25 0 321 1.04083 -0.043449462
86 467.17626 196.73979 0.63872918 0.056170334 -0.065230643 25 0 573 1.7909108 -0.63268486
87 180.4638 199.28011 0.63347267 0.36970042 0.094389952 25 0 658 1.6901279 -0.56979892
88 78.697174 201.45951 0.6172897 -0.14811661 -0.098031384 25 0 572 1.4832786 -0.42805681
89 481.59743 202.9445 0.68256984 0.31934905 -0.11676057 25 0 614 1.8334519 -0.6581738
90 24.65568 210.43015 0.58236021 0.59197039 -0.44096805 25 0 384 1.1753503 -0.17541828
91 26.58804 211.97045 0.74013468 0.3628685 -0.2824187 25 0 479 1.1466106 -0.14853986
92 437.78939 212.85432 0.62109895 -0.0066458853 -0.16840577 25 0 977 2.933007 -1.1682827
93 0.34114291 213.98423 0.80427239 -0.01644916 0.10609509 25 0 2181 5.6232982 -1.8749778
94 338.42536 215.08738 0.64532687 0.01452274 -0.24338764 25 0 1398 3.6951982 -1.4190944
95 268.69954 217.17981 0.54943797 -0.026000216 -0.13493624 25 0 723 2.1151987 -0.81337795
96 162.90664 218.58021 0.51589789 0.49474738 0.054759664 25 0 896 2.6444906 -1.0558551
97 491.67482 221.51871 0.59772059 0.60342942 0.067547158 25 0 3917 11.545161 -2.656
98 252.18318 223.87357 0.59053636 0.18473695 -0.1755394 25 0 2751 7.9678397 -2.2533515
99 364.34152 225.98071 0.57356863 0.11531398 -0.18245168 25 0 3997 12.017863 -2.6995681
100 434.52824 226.63809 0.55806704 -0.22182164 -0.14841992 25 0 10987 32.34827 -3.7746277
101 339.24732 228.29514 0.57007642 0.4023814 -0.13779081 25 0 983 2.8285128 -1.1288954
102 192.63905 234.4857 0.5777771 0.48577614 -0.07962081 25 0 682 1.9046797 -0.69955486
103 252.69913 235.54627 0.63659532 0.79061114 -0.10603828 25 0 720 1.7803378 -0.626256
104 443.58926 238.25176 0.59871284 -0.073053622 -0.11155221 25 0 1625 4.8214356 -1.7079409
105 216.36395 252.1761 0.60220721 0.26457436 -0.19538878 25 0 4740 13.753604 -2.8460413
106 440.47598 251.6874 0.60019076 0.49300365 -0.11847188 25 0 6219 17.893604 -3.1317445
107 278.55527 254.65895 0.60669821 0.55283095 -0.25880577 25 0 427 1.1001042 -0.10358456
108 343.89512 261.14516 0.52190893 0.13126357 -0.13981693 25 0 340 1.1229105 -0.12586283
109 45.478322 272.93118 0.71302094 0.32807784 -0.20596587 25 0 1506 3.8304798 -1.4581329
110 227.74669 281.13911 0.67327397 0.12816836 -0.11936795 25 0 452 1.2086351 -0.20573804
111 59.7107 282.22801 0.63011912 0.1197758 0.0018985307 25 0 797 2.1245477 -0.81816623
112 360.08013 284.54547 0.5435805 0.37410869 0.050127356 25 0 4357 13.178495 -2.7996645
113 172.78956 285.80225 0.59280428 0.12323867 -0.13015716 25 0 867 2.4236203 -0.96116148
114 51.340194 287.04519 0.66969241 0.42718395 -0.15117275 25 0 1333 3.5992384 -1.3905265
115 79.563238 286.93156 0.66256604 0.32592482 -0.057414187 25 0 1187 3.1056424 -1.2303786
116 465.7328 289.39115 0.5280702 -0.17956372 -0.051037271 25 0 513 1.8434048 -0.6640518
117 3.9764099 291.89718 0.80830651 0.091627027 -0.10641306 25 0 611 1.4473245 -0.40141475
118 148.80654 296.63063 0.64688888 0.14822406 -0.050615649 25 0 561 1.3840395 -0.35287121
119 63.028106 302.55565 0.62672214 0.083293338 0.078390308 25 0 1229 3.4341499 -1.3395481
120 206.58936 308.27222 0.61028877 -0.39941685 -0.20164189 25 0 837 2.2594189 -0.88499188
121 438.49642 308.19356 0.63978604 0.48626765 -0.24384581 25 0 902 2.6424394 -1.0550126
122 125.77771 312.97738 0.64817454 0.13467723 -0.15275067 25 0 3477 9.7091336 -2.4679512
123 1.8798425 314.60193 0.68244872 0.42513575 0.070634042 25 0 2298 6.265827 -1.992446
124 47.845053 316.81633 0.73003594 0.1022096 -0.080633163 25 0 482 1.19833 -0.19644112
125 318.05213 324.65573 0.54820209 0.21990544 -0.0057360337 25 0 519 1.5040034 -0.44312201
126 8.4773979 331.85403 0.62429554 0.018154723 -0.18294758 25 0 4483 12.920805 -2.7782239
127 275.50179 332.00548 0.52186277 -0.053985312 -0.16616858 25 0 446 1.3042157 -0.28837353
128 18.556991 332.85281 0.6818016 0.32399161 -0.1281616 25 0 12282 33.72537 -3.8198918
129 368.51992 332.34826 0.37940579 -0.4004231 -0.17633628 25 0 321 1.1991522 -0.1971858
130 64.852451 333.95519 0.67543409 0.1419429 -0.068866951 25 0 1124 3.1095679 -1.2317501
131 251.80161 333.45558 0.51837655 0.62977694 0.028026264 25 0 752 2.1757844 -0.84403967
132 476.71069 340.04324 0.52429889 0.39827404 0.21118018 25 0 733 2.4430408 -0.96982679
133 247.79573 343.18012 0.70389353 -0.074709593 -0.3063052 25 0 419 1.0243088 -0.026077259
134 348.6124 345.88539 0.71321467 -0.14807948 -0.20965473 25 0 766 2.0369237 -0.77243691
135 227.87939 349.53037 0.56425838 0.44490125 0.010033692 25 0 4425 13.113452 -2.7942926
136 369.88501 350.99894 0.63654611 0.17017847 -0.071759488 25 0 1059 3.1426905 -1.243254
137 0.57419416 352.28847 0.76908145 0.19388936 0.20494213 25 0 548 1.3496339 -0.32553992
138 9.9246614 351.76011 0.77656842 -0.053395004 0.060695059 25 0 937 2.2972128 -0.90300305
139 286.77678 353.47913 0.56380954 0.53456588 0.0098529783 25 0 20547 60.752214 -4.4589053
140 10.122863 355.64094 0.65775971 0.0793688 0.10331322 25 0 1297 3.5914158 -1.3881642
141 11.08663 359.02977 0.80474311 0.13813459 0.25501144 25 0 686 1.6292403 -0.52996286
142 402.5857 360.62011 0.56444107 0.55117147 -0.044860786 25 0 1465 4.5012008 -1.633321
143 467.83111 361.16232 0.6249173 -0.12824631 -0.089008494 25 0 281 1.1495381 -0.15130845
144 214.22626 362.49661 0.53135656 0.15928857 -0.069662406 25 0 1214 3.6051938 -1.3923215
145 266.2417 363.7923 0.57369609 0.028593416 -0.096435897 25 0 2446 7.3842785 -2.1707702
146 83.651376 365.27882 0.63376926 -0.016252651 -0.10246343 25 0 4744 13.43817 -2.8208503
147 415.70881 364.9703 0.63546017 0.044056244 -0.11751513 25 0 1005 3.0503428 -1.2108716
148 126.86278 366.01016 0.70280876 0.75482935 0.17668184 25 0 602 1.6001917 -0.51043005
149 487.57281 367.09929 0.62634879 0.11640512 -0.24517702 25 0 7832 22.557535 -3.3832291
150 10.869134 368.26644 0.70272916 0.17699936 0.074431362 25 0 490 1.2965851 -0.28200259
151 354.12081 378.13306 0.63087763 0.19776355 -0.12859603 25 0 3426 10.053494 -2.5057926
152 62.864176 379.45777 0.63931386 0.14611179 0.056475672 25 0 3478 9.8189405 -2.4801616
153 108.5855 381.14335 0.60574566 -0.12306011 -0.24007764 25 0 592 1.6438736 -0.53967104
154 215.49868 382.58229 0.62341984 0.47978637 -0.02510617 25 0 545 1.4224712 -0.38260872
155 472.08192 383.48175 0.56668563 -0.52662443 0.20300725 25 0 445 1.5655993 -0.48670155
156 88.534181 384.25326 0.59331561 -0.4784943 -0.0073762753 25 0 383 1.0828488 -0.086419502
157 132.61583 385.33659 0.65187368 -0.06591338 -0.10113161 25 0 1283 3.3723137 -1.3198199
158 443.4997 387.55295 0.55894816 0.61207805 -0.041402205 25 0 1754 5.3880833 -1.8285858
159 472.77456 387.06278 0.64108132 -0.026917242 -0.11166391 25 0 1897 5.5590876 -1.8625088
160 48.184509 390.34032 0.7266277 0.45242973 0.17991768 25 0 607 1.5471787 -0.4738512
161 234.67182 395.30024 0.62694891 -0.08200741 -0.12937331 25 0 7019 19.764628 -3.2397216
162 365.30364 397.22986 0.59160461 0.60377998 -0.11423415 25 0 606 1.9256774 -0.71145881
163 400.56734 402.3465 0.72192628 -0.10420029 -0.27188951 25 0 443 1.277567 -0.26595925
164 263.73517 402.81109 0.56500338 0.69294742 -0.11280962 25 0 576 1.824189 -0.65267459
165 261.17083 406.578 0.57965728 0.5420978 -0.018864147 25 0 1578 4.6035952 -1.6577428
166 483.12608 406.69988 0.57665144 -0.20923783 -0.31722719 25 0 256 1.038129 -0.040628261
167 93.196506 411.83985 0.67984843 0.22720963 -0.093332875 25 0 992 2.6899967 -1.0743794
168 117.16316 413.23418 0.67423788 0.40228082 -0.052820277 25 0 2248 6.2304705 -1.9863021
169 293.00003 423.33608 0.65092883 0.047373795 0.1534791 25 0 393 1.1478706 -0.14973237
170 173.96715 424.94447 0.45083621 -0.15783982 -0.16529336 25 0 300 1.1797525 -0.17947725
171 167.95863 431.31758 0.61109017 0.19408974 -0.072035354 25 0 2109 6.2025139 -1.9814194
172 141.52634 432.20165 0.67505933 0.2618774 -0.28885961 25 0 948 2.4496557 -0.9727626
173 500.09161 434.52993 0.32445581 0.1483413 -0.021626827 25 0 58566 188.84349 -5.690255
174 241.26322 434.65291 0.55550091 0.057605171 -0.10263847 25 0 912 2.806653 -1.1204718
175 353.80405 436.46872 0.5590542 0.47755828 0.058127452 25 0 2489 7.75082 -2.2233691
176 254.32028 439.1685 0.61959125 -0.20888652 -0.19434741 25 0 1046 3.1183148 -1.2347999
177 100.42611 440.99266 0.65713019 0.15063576 -0.22515534 25 0 13876 39.145672 -3.9817094
178 486.41586 451.03955 0.6673562 -0.020926293 -0.1884554 25 0 1984 5.8589744 -1.919554
179 320.31139 454.64773 0.61537554 0.24347683 0.061605332 25 0 558 1.7068553 -0.58049177
180 371.47497 459.53794 0.59397775 -0.14826875 -0.16872069 25 0 995 2.9808349 -1.1858448
181 65.432627 460.63644 0.67957031 0.64513523 -0.13156267 25 0 5235 14.112137 -2.873982
182 158.36608 461.82509 0.6712233 0.33630462 -0.1664122 25 0 1097 3.0670983 -1.2168192
183 436.84697 463.32722 0.41021448 -0.023369047 -0.12838516 25 0 58660 206.83513 -5.7890608
184 220.20769 469.80111 0.62900931 0.074410054 -0.13325653 25 0 4777 13.987975 -2.8643871
185 438.03379 471.09857 0.61261047 -0.082461624 -0.12757435 25 0 360 1.2806195 -0.26855026
186 351.76636 471.38989 0.50398002 -0.2112391 0.13117873 25 0 373 1.4129042 -0.37528179
187 270.32375 473.114 0.62623654 0.20858509 -0.20358384 25 0 2936 8.5602758 -2.3312194
188 123.41457 473.70931 0.50632781 -0.2710889 -0.049744645 25 0 334 1.1626758 -0.16364654
189 347.6361 478.29588 0.62611791 -0.27219103 -0.013213148 25 0 388 1.301284 -0.28593022
190 148.1077 479.22321 0.66111186 0.38071307 -0.039856127 25 0 863 2.4724827 -0.98283316
191 73.142024 484.54894 0.61283359 0.32432487 0.031278183 25 0 932 2.7069976 -1.0812197
192 249.65861 493.97344 0.57622944 -0.30568878 0.074545675 25 0 312 1.0198723 -0.021364452
193 125.1612 501.09677 0.70324795 -0.15984717 -0.22288972 25 0 584 1.5048337 -0.44372126
194 170.48965 501.15398 0.64995065 0.65419541 -0.14542823 25 0 434 1.2192235 -0.2152083
195 126.10578 504.90131 0.72599166 0.20624981 -0.099501571 25 0 793 2.0105788 -0.75830274
196 172.51516 508.53853 0.55794528 0.73128552 -0.10207887 25 0 723 2.1116799 -0.81157022
197 244.91551 510.87797 0.87210291 -0.4368324 -0.52685053 25 0 661 1.6048526 -0.5135879
