id xcentroid ycentroid sharpness roundness1 roundness2 npix sky peak flux mag
1 367.64976 0.47094058 0.5298786 -0.46191194 0.10237664 25 0 242.42389 1.2588808 -0.24996152
2 340.12824 3.3110085 0.65551446 -0.0087410213 0.061422343 25 0 758.50818 3.1955187 -1.2613534
3 349.24974 5.870145 0.76697743 -0.091949803 0.11972615 25 0 405.76881 1.6214775 -0.52477734
4 471.4967 6.4135454 0.54078374 -0.4479347 0.0074238306 25 0 455.49797 2.1768906 -0.84459153
5 6.28111 11.314578 0.66324361 -0.030389874 0.19564768 25 0 470.18751 2.0887393 -0.79971058
6 151.83046 10.730872 0.67288661 0.41477354 0.14831784 25 0 534.86541 2.2799722 -0.89482388
7 377.67892 11.869346 0.65766941 0.24729391 0.17190502 25 0 788.6623 3.3522594 -1.313344
8 66.964343 12.826736 0.72605674 -0.015491448 0.11170178 25 0 17344.91 71.52139 -4.6360899
9 14.497074 14.404712 0.65418304 -0.64840859 0.11397405 25 0 4933.754 20.359102 -3.2718965
10 451.03626 14.927585 0.69253425 -0.036898393 0.24007827 25 0 952.97282 4.0361842 -1.5149274
11 510.18294 14.692964 0.64864381 -0.22184925 0.15686699 25 0 28405.746 123.38424 -5.2281492
12 468.31813 16.33647 0.69061485 0.010545514 -0.23595486 25 0 278.17076 1.1243273 -0.12723188
13 376.71902 20.230054 0.68329939 -0.6227221 0.12583522 25 0 331.22205 1.3816425 -0.35098921
14 19.965114 26.429306 0.73711076 0.13223767 0.30578332 25 0 320.45052 1.3677641 -0.34002801
15 377.8614 25.419603 0.38177133 -0.069616538 0.10384156 25 0 197.9222 1.0977903 -0.10129844
16 255.65084 30.468949 0.79996039 0.98430644 0.11215305 25 0 331.87562 1.244981 -0.2379068
17 396.95879 33.525064 0.67382753 -0.31147389 0.25192641 25 0 610.36056 2.6191066 -1.045383
18 496.55728 33.345937 0.59843868 0.46553045 0.14924083 25 0 401.02043 1.7764797 -0.62390064
19 169.4715 36.222371 0.48099648 0.27461209 -0.11825116 25 0 366.72608 2.0155023 -0.76095826
20 156.25272 40.422667 0.552882 0.21946836 0.14238676 25 0 493.72311 2.1155119 -0.8135387
21 229.26657 41.449198 0.62750231 0.2440221 0.30198417 25 0 1116.6892 4.723317 -1.6856177
22 248.65128 42.152398 0.64487701 -0.12436236 0.012195306 25 0 2425.5033 10.471003 -2.5499707
23 461.60193 42.059584 0.60335596 0.29113431 0.053624234 25 0 327.67738 1.5642138 -0.48574028
24 389.59214 43.172857 0.54639466 0.39869276 -0.11340125 25 0 494.15588 2.3071205 -0.9076757
25 292.82251 44.723819 0.52767127 -0.0062304347 0.42424065 25 0 242.90624 1.1719859 -0.17230599
26 367.37664 44.227219 0.351281 0.21757857 0.15166378 25 0 59203.541 307.06552 -6.2180776
27 432.94468 43.852574 0.96102116 -0.22807313 -0.17833167 25 0 405.1337 1.2756914 -0.26436406
28 109.07393 44.657023 0.7337883 -0.22293152 0.084522066 25 0 619.38882 2.5878529 -1.032349
29 154.02251 46.57021 0.67583167 0.039321459 0.20867569 25 0 5373.1751 22.30507 -3.371009
30 196.92177 47.084313 0.55333579 0.29297221 -0.069578793 25 0 347.85485 1.6630685 -0.55227537
31 442.90761 47.631117 0.6518588 0.24218444 0.14640124 25 0 1078.2889 4.5687804 -1.6495007
32 87.674027 48.869889 0.80407736 -0.20207443 -0.30218624 25 0 369.40105 1.4258639 -0.38519517
33 276.42374 51.989641 0.75324987 0.14068037 -0.062055946 25 0 319.1043 1.2026222 -0.20032308
34 289.60828 53.126518 0.74603111 -0.54037756 0.055998296 25 0 480.29516 1.8387318 -0.66129596
35 443.33518 52.911342 0.52273344 -0.11294375 -0.0081880733 25 0 241.55342 1.1275446 -0.13033433
36 95.15458 54.014607 0.69197425 -0.62863588 0.00042422936 25 0 344.80937 1.400766 -0.36591395
37 337.03254 54.620393 0.65061359 0.093590977 0.15618876 25 0 1673.3677 7.1098465 -2.1296506
38 185.06014 59.543064 0.56422732 0.089392231 -0.031234244 25 0 322.26065 1.6022263 -0.51180964
39 485.92225 61.145181 0.64470588 -0.028297848 0.077723822 25 0 1702.7025 7.631748 -2.2065601
40 73.008589 62.711413 0.63121679 -0.26254808 0.29563882 25 0 385.36205 1.8464855 -0.66586473
41 40.178159 65.546314 0.60684393 -0.10627896 0.35838239 25 0 398.34266 1.8456398 -0.66536738
42 392.22766 65.40184 0.67979966 -0.021935377 0.33400695 25 0 363.1213 1.6424614 -0.53873794
43 74.052781 67.554302 0.69692866 -0.041341429 0.3746463 25 0 680.38283 2.9038347 -1.1574297
44 97.240521 67.377127 0.71679232 -0.58693226 0.24294402 25 0 420.89565 1.6708936 -0.55737196
45 212.11445 67.682842 0.53050355 0.093646848 0.40709648 25 0 302.76051 1.4706005 -0.41873679
46 475.51389 68.014275 0.65693234 -0.095031696 -0.02981581 25 0 1558.7289 6.5280887 -2.0369651
47 155.0903 69.403517 0.68571333 -0.049117242 -0.18866763 25 0 417.12655 1.7047702 -0.57916464
48 40.411658 69.507405 0.56822135 -0.18394886 0.30025731 25 0 459.95727 2.3258402 -0.91644968
49 460.87282 69.683448 0.57671427 0.52474794 0.096572863 25 0 598.47979 2.8570589 -1.139798
50 79.192495 71.848347 0.39185441 0.80927543 0.25391104 25 0 178.29153 1.0573321 -0.060528535
51 98.370451 72.477753 0.63477199 -0.41394715 0.18125012 25 0 1404.6665 5.9039879 -1.9278636
52 356.8768 73.691253 0.51169119 0.28659147 0.080236974 25 0 256.44311 1.3742978 -0.34520216
53 168.03732 74.935691 0.41171184 0.93197252 0.63826312 25 0 195.35662 1.1514532 -0.15311576
54 510.84382 76.483822 0.73003336 0.40925336 0.63832318 25 0 747.86123 3.0515977 -1.2113182
55 4.3407129 78.236429 0.534711 -0.39079899 0.039029021 25 0 352.81883 1.8476635 -0.66655723
56 315.97708 80.725578 0.50176458 -0.88251372 -0.14678129 25 0 173.62057 1.0472539 -0.050129937
57 393.43853 80.753594 0.63980032 -0.3037587 -9.4691906e-05 25 0 3230.157 13.680689 -2.8402699
58 13.485819 83.587596 0.62859929 0.35786203 -0.036143997 25 0 661.48693 2.8603708 -1.1410559
59 162.15116 84.262099 0.67271078 -0.80563779 -0.18106717 25 0 440.02085 1.7955016 -0.63546452
60 477.8544 85.446724 0.48703133 -0.2186377 0.27784751 25 0 241.28191 1.2706108 -0.26003132
61 134.69884 87.874172 0.60230491 -0.36492261 0.026104599 25 0 664.49116 3.1673783 -1.2517498
62 187.33565 87.947407 0.68781646 -0.16814176 -0.15674686 25 0 377.55593 1.5640309 -0.48561332
63 275.9667 91.333748 0.70370851 0.58356262 0.25343057 25 0 262.50461 1.1739185 -0.17409484
64 197.64715 94.615475 0.58383381 -0.18825775 0.31801651 25 0 458.10475 1.9940419 -0.74933571
65 326.46126 95.099238 0.61875778 -0.17674531 -0.11294558 25 0 1244.9685 5.4020008 -1.8313866
66 330.41216 96.863867 0.64330288 -0.41197389 -0.034844247 25 0 1565.1558 6.9163342 -2.0996899
67 228.49712 97.997453 0.68385413 -0.13190376 -0.061767108 25 0 1733.5676 7.0290547 -2.1172423
68 494.25691 101.27748 0.5614539 0.15821129 -0.097103979 25 0 346.06708 1.5651512 -0.48639076
69 96.319694 102.50253 0.54472046 0.34990119 0.13504603 25 0 2805.2325 12.906877 -2.7770529
70 158.18401 101.8248 0.48884899 -0.20699102 -0.14515228 25 0 288.3362 1.5651662 -0.48640116
71 252.35949 103.13987 0.46305198 0.57226501 -0.27659819 25 0 188.96732 1.0412512 -0.043888756
72 104.80694 103.63906 0.58562208 0.34862163 0.10841602 25 0 253.30008 1.0740735 -0.077584954
73 339.43318 104.04505 0.73290578 -0.40556062 0.14426786 25 0 347.38088 1.3265898 -0.30684161
74 9.7094022 104.7446 0.29285016 -0.17061071 -0.4986999 25 0 114.99593 1.027172 -0.029107916
75 374.99636 113.06723 0.6073148 0.20455974 0.19300488 25 0 660.87569 3.0650349 -1.2160886
76 261.69047 115.31568 0.65606371 -0.23546703 0.089298371 25 0 17413.126 74.01638 -4.6733196
77 279.05755 115.34848 0.62066246 0.48654746 0.31916104 25 0 1045.8147 4.547568 -1.644448
78 345.85367 116.20175 0.67957081 0.019868008 0.052699628 25 0 1261.9618 5.2463604 -1.7996453
79 289.16803 116.69967 0.66768534 -0.20793166 0.11034205 25 0 2007.6639 8.4143494 -2.3125514
80 241.28202 118.59418 0.53595273 0.378113 0.073066136 25 0 461.07867 2.1354394 -0.82371812
81 491.33259 117.78284 0.56767686 0.43045844 0.057221278 25 0 420.05239 2.1114563 -0.81145524
82 140.5576 119.17354 0.68715233 -0.010078783 -0.0073160232 25 0 516.3961 2.1445965 -0.82836399
83 195.76169 119.9362 0.50349774 -0.015127583 0.6819728 25 0 375.81894 1.9078149 -0.70134058
84 356.49503 118.66578 0.46014724 -0.99254462 -0.46046869 25 0 190.19421 1.1009414 -0.10441055
85 189.30918 120.12914 0.5497673 -0.81063688 0.46937286 25 0 205.46068 1.0667893 -0.0701966
86 93.59418 120.57587 0.5212224 0.67718333 0.1285791 25 0 434.47566 2.0643076 -0.786936
87 193.00267 121.95161 0.63608395 -0.069027577 0.095267567 25 0 2235.8755 9.9478031 -2.494318
88 25.532847 123.96503 0.58785002 0.31714421 -0.14779617 25 0 472.40783 2.4421383 -0.96942563
89 216.9571 127.42639 0.67331336 0.04358497 0.20233269 25 0 1838.6229 7.675105 -2.2127108
90 48.299274 129.2199 0.60759417 0.2001853 0.055357743 25 0 1231.9721 5.5399768 -1.8587699
91 20.604587 129.94227 0.60141897 -0.38907826 -0.030887071 25 0 372.99892 1.7903358 -0.63233622
92 294.64796 130.35639 0.48527534 -0.30087353 0.072323385 25 0 341.70627 1.729504 -0.59480392
93 311.70651 137.07482 0.7840835 0.055687421 -0.0031039873 25 0 288.8472 1.17429 -0.17443845
94 436.96294 138.53118 0.61312635 0.11506081 0.25018367 25 0 11697.522 50.76607 -4.2639339
95 479.5348 138.82184 0.61456244 -0.3975026 -0.032658537 25 0 203.41471 1.0078545 -0.0084946346
96 425.46153 141.83334 0.41177223 0.29207627 0.29152578 25 0 177.57384 1.0835875 -0.08715999
97 339.86394 144.2494 0.63056574 -0.010161544 0.10610179 25 0 3137.2614 13.753709 -2.8460495
98 55.537076 145.36569 0.49802901 0.48743332 0.19686101 25 0 564.61248 2.9161201 -1.1620135
99 135.45369 147.07887 0.49977852 -0.82159369 -0.41150507 25 0 239.13204 1.2887203 -0.2753967
100 38.539083 149.51919 0.62683734 0.0013355269 0.29512346 25 0 522.97949 2.220373 -0.86606486
101 138.25373 158.72241 0.64473898 -0.17969131 0.20986439 25 0 480.08814 2.0967203 -0.80385123
102 426.92871 160.09192 0.6579722 0.025940535 0.085732016 25 0 57283.824 247.62597 -5.9844905
103 466.17793 163.57676 0.52123964 0.45694538 0.38155002 25 0 505.92428 2.6222078 -1.0466678
104 247.37559 164.34279 0.60350367 0.33957488 0.27669773 25 0 527.78417 2.2825387 -0.8960454
105 74.21142 171.59759 0.64321771 -0.25774362 0.079278536 25 0 414.55845 1.8249775 -0.65314379
106 387.25154 172.4047 0.5268769 0.31306015 0.094416382 25 0 449.09784 2.3545468 -0.92976831
107 266.99481 172.73039 0.65230084 -0.084230257 0.10721323 25 0 1928.35 8.3470593 -2.3038338
108 205.01054 173.56542 0.69135339 -0.14460735 0.26939888 25 0 1045.8356 4.2229606 -1.5640426
109 454.18829 174.39159 0.51476639 0.86209203 -0.084211123 25 0 268.34909 1.287095 -0.27402654
110 193.49565 176.15882 0.59828009 -0.33932407 -0.10205953 25 0 1513.1363 6.7065007 -2.0662399
111 184.26948 180.57643 0.4510758 -0.84556295 -0.32702468 25 0 183.84343 1.12749 -0.13028179
112 462.12025 181.08775 0.64918269 0.053436456 0.089486525 25 0 3096.7849 13.569536 -2.8314125
113 57.642767 182.15938 0.60801919 -0.36466717 -0.031678601 25 0 736.81393 3.3109859 -1.2998933
114 155.84467 182.19879 0.66952067 0.023294905 0.15381533 25 0 1871.6015 7.8021944 -2.2305419
115 451.99235 183.44615 0.67387094 0.25992379 0.15922925 25 0 655.72454 2.8038463 -1.1193855
116 31.208638 184.56125 0.55740033 0.59968242 0.14314678 25 0 236.85532 1.1424357 -0.14457946
117 267.76339 184.91728 0.6579943 0.0074385131 -0.04273073 25 0 1133.6058 4.7336748 -1.687996
118 462.41254 186.12344 0.59937979 -0.83432145 -0.23639625 25 0 791.79522 3.4795421 -1.3538052
119 230.214 187.58329 0.66564771 0.034508891 0.21814514 25 0 802.86802 3.406838 -1.3308787
120 367.31092 187.98604 0.52784267 0.14353262 -0.099586466 25 0 214.74606 1.205731 -0.20312606
121 112.45463 188.79419 0.63223906 -0.31276539 -0.039867759 25 0 37563.029 162.09291 -5.52441
122 162.14103 189.97066 0.60942858 -0.088906757 0.17218384 25 0 509.60987 2.4829804 -0.98743321
123 293.68782 193.58335 0.70191141 0.43013207 0.053079741 25 0 311.1652 1.178308 -0.17814707
124 461.63473 193.93857 0.67030585 0.031329643 0.041766864 25 0 393.18673 1.6466195 -0.54148315
125 432.91862 196.25644 0.52692744 0.31262394 0.62862946 25 0 174.34092 1.030323 -0.03243353
126 495.98087 197.86263 0.73055185 -0.17239922 0.041956782 25 0 718.92857 2.9278709 -1.1663798
127 422.96352 200.09201 0.34816676 0.66123288 0.63820165 25 0 208.11404 1.1859011 -0.18512119
128 389.938 199.83185 0.69998519 0.082911181 0.19533341 25 0 319.65486 1.3403161 -0.31801808
129 209.07979 200.54606 0.68891725 -0.15832382 0.20870864 25 0 636.7627 2.60554 -1.0397443
130 239.84623 201.83946 0.62530298 -0.30170826 -0.42714293 25 0 307.10621 1.2660207 -0.25610204
131 446.71351 202.29502 0.52630999 0.59269083 0.20116112 25 0 308.77401 1.5052972 -0.44405565
132 107.39738 202.78991 0.47063453 -0.31182529 -0.20422526 25 0 453.42979 2.3078252 -0.9080073
133 510.38743 204.01359 0.58478266 -0.36150154 0.025311449 25 0 654.06904 3.1479419 -1.2450668
134 456.63013 206.41342 0.47821507 0.26875873 -0.028844707 25 0 227.71415 1.2647183 -0.25498453
135 164.84211 208.12029 0.61199951 0.12278105 0.5183514 25 0 208.70301 1.0952119 -0.098745354
136 5.6457257 210.80906 0.64353064 0.1057211 0.012997627 25 0 1884.4102 8.1876663 -2.2829003
137 53.436192 211.95615 0.68458151 0.66168541 -0.14737825 25 0 401.44429 1.6781551 -0.56208024
138 376.09966 213.48568 0.58724664 0.066031193 0.35043648 25 0 212.25046 1.090318 -0.093882999
139 55.589986 213.30178 0.58608089 0.73835372 0.20608329 25 0 419.30226 1.9111727 -0.70324981
140 466.58596 213.89467 0.64001326 0.13814022 0.052731106 25 0 1143.5681 5.0351744 -1.7550363
141 28.760847 215.41699 0.67616325 -0.18103283 0.11137539 25 0 1892.4661 7.8994329 -2.2439898
142 367.34747 216.24476 0.58550821 0.26949464 0.022452965 25 0 1415.4433 6.5038598 -2.0329279
143 342.83929 215.95326 0.29645557 0.68724742 0.38931862 25 0 111.08263 1.1287104 -0.13145631
144 297.47357 218.26954 0.51334074 0.7388881 0.17920295 25 0 524.65816 2.4340047 -0.96580355
145 191.56219 219.86837 0.62347046 -0.064180792 0.047900034 25 0 963.51739 4.1782068 -1.5524748
146 261.52559 223.29051 0.6384647 0.35704696 -0.053678223 25 0 250.41807 1.1147975 -0.11798998
147 481.60763 223.17937 0.84040414 -0.1292522 0.41887069 25 0 307.93514 1.2215182 -0.21724988
148 280.8723 225.14433 0.65148082 0.006236634 0.077452646 25 0 3087.2877 13.358087 -2.8143607
149 393.08779 227.12762 0.64484167 0.071527912 0.078126615 25 0 4951.6437 21.869277 -3.349586
150 26.469167 227.34943 0.47361569 -0.57327554 -0.019040089 25 0 215.4525 1.1613111 -0.1623714
151 463.24816 227.77447 0.6602346 -0.1383516 0.080281838 25 0 15093.462 64.397596 -4.5221741
152 368.00722 229.41867 0.6664599 0.043832269 0.21841575 25 0 1060.2031 4.3317336 -1.5916543
153 420.35445 230.5592 0.48924808 0.38788749 0.17877612 25 0 182.11782 1.0955595 -0.099089912
154 56.577735 232.87978 0.69228775 0.50080874 -0.41988831 25 0 229.79276 1.041215 -0.043851074
155 221.39804 235.99896 0.60665277 -0.2366487 -0.05545496 25 0 665.71075 2.9782992 -1.1849208
156 281.5299 236.80036 0.57075677 -0.21875233 -0.0077978371 25 0 660.14695 2.919507 -1.1632738
157 472.56858 239.27492 0.52872043 0.36149258 0.001998264 25 0 1622.4824 7.7740273 -2.2266152
158 71.807255 240.2932 0.68469224 -0.39913448 -0.012153858 25 0 385.15216 1.645407 -0.54068334
159 58.282373 242.61601 0.67765356 0.13338963 0.10816621 25 0 297.53413 1.2263668 -0.221551
160 245.08281 253.54571 0.61173248 0.2663715 0.26748198 25 0 4628.4339 20.180771 -3.2623444
161 469.36532 252.65825 0.63025139 -0.23382167 0.084848557 25 0 7375.9759 31.659963 -3.751276
162 17.314186 254.44996 0.55484835 0.44076947 0.26738678 25 0 892.49325 4.1369284 -1.541695
163 307.20893 255.85663 0.79332337 -0.20469521 0.022666624 25 0 514.34902 1.9375248 -0.71811815
164 372.82035 262.02426 0.74666241 -0.30450971 -0.082069071 25 0 515.242 2.0785713 -0.7944123
165 145.83145 263.8564 0.62498539 -0.16789115 -0.21814223 25 0 349.3408 1.6444545 -0.54005466
166 27.435503 274.39514 0.61788041 0.55714617 0.096034439 25 0 264.96887 1.0840571 -0.0876304
167 74.289924 274.41325 0.59261017 0.34857048 0.1153837 25 0 1345.7138 6.1176775 -1.9664665
168 130.58136 275.8582 0.67966872 -0.062764376 0.21148417 25 0 319.15211 1.2890518 -0.27567593
169 256.65902 282.24994 0.45393186 0.54382464 0.20644008 25 0 222.55213 1.1974041 -0.19560181
170 12.442388 284.33557 0.50529108 0.27928975 0.25460943 25 0 204.38942 1.1156676 -0.11883708
171 88.592504 283.46822 0.53604159 0.25189049 0.033897233 25 0 606.58091 2.7851515 -1.1121221
172 388.92476 285.58625 0.67371007 0.08091425 0.18566302 25 0 5964.4555 25.152529 -3.5014542
173 0.44179835 286.91692 0.64703119 0.33856097 0.058528071 25 0 372.94792 1.6745219 -0.55972706
174 201.61579 287.0836 0.58656011 -0.11283347 -0.0027980277 25 0 790.37636 3.6772238 -1.4138002
175 80.100506 288.50958 0.58271549 0.28304925 0.23680843 25 0 1160.7422 5.3882709 -1.8286235
176 108.365 288.23323 0.52972656 0.20585123 0.025388574 25 0 1091.2291 5.3649359 -1.8239113
177 363.37721 290.30888 0.54744108 -0.20732861 -0.00454466 25 0 377.88902 1.7311554 -0.59584011
178 494.66338 290.45815 0.624193 -0.53974841 0.20798357 25 0 746.84659 3.3758711 -1.3209647
179 32.851236 293.52777 0.67442016 -0.0019576813 0.16965366 25 0 497.5292 2.0691577 -0.78948396
180 47.872816 293.32025 0.51836792 0.47802475 0.27422955 25 0 210.35768 1.1920639 -0.19074884
181 111.09007 297.96235 0.7519698 -0.39821526 0.004722178 25 0 354.70084 1.3213752 -0.30256539
182 177.58637 297.88529 0.50122848 -0.05684282 -0.14617203 25 0 453.46437 2.4297964 -0.96392473
183 91.85565 303.99233 0.71397465 -0.071646905 0.094247191 25 0 1448.7241 5.9306201 -1.9327503
184 439.85977 303.67402 0.63184642 -0.1266017 0.18512474 25 0 408.95248 1.827379 -0.65457159
185 142.96194 306.32972 0.72646603 0.25239874 0.54144159 25 0 272.80602 1.0619294 -0.065239134
186 467.36738 309.27109 0.57061605 0.37273882 0.10802425 25 0 976.02622 4.7439712 -1.6903551
187 235.46138 309.47361 0.61355401 -0.46049927 0.092870029 25 0 748.43567 3.2349735 -1.2746768
188 154.62844 314.31886 0.67410003 -0.32445239 -0.0040921619 25 0 3426.7456 14.141382 -2.8762296
189 14.975995 316.06781 0.72005999 -0.2285379 -0.0062844673 25 0 967.36781 3.7586764 -1.4375873
190 30.637334 316.00196 0.66662629 -0.010468612 -0.0028184704 25 0 2291.5805 9.8483031 -2.4834035
191 242.07944 317.3844 0.79140074 -0.1592915 -0.48427739 25 0 259.7258 1.005868 -0.0063524978
192 76.522305 318.30822 0.59430597 0.3284057 -0.0055322528 25 0 338.40627 1.5801954 -0.496777
193 471.90216 323.16618 0.6357549 0.76678808 0.12955723 25 0 279.06902 1.1799964 -0.17970167
194 204.15216 323.66959 0.62557706 -0.29030934 -0.17597649 25 0 368.15575 1.7998011 -0.63806126
195 0.085492199 326.19956 0.99802207 0.47406301 0.46120142 25 0 747.75175 2.4890207 -0.99007126
196 346.95375 325.79628 0.65463535 -0.050176727 0.17513933 25 0 669.98598 2.8630098 -1.1420571
197 509.93301 327.93537 0.48455167 -0.57849961 -0.28138797 25 0 163.62613 1.0614387 -0.064737296
198 279.39689 328.82409 0.59557883 -0.37808139 -0.40856148 25 0 349.50799 1.7010254 -0.576777
199 37.209782 333.29508 0.61126125 0.10339478 0.097519384 25 0 4670.2759 21.012162 -3.3061768
200 304.41529 333.2376 0.58630965 0.31903399 -0.027884913 25 0 514.04939 2.4107668 -0.95538802
201 397.15301 333.52649 0.72494909 0.37894272 0.2512699 25 0 525.23441 2.046095 -0.77731447
202 47.457715 334.26569 0.58029888 0.13112799 -0.012354234 25 0 10945.179 49.809402 -4.2432783
203 93.710324 335.39639 0.70714673 -0.38816789 0.29869783 25 0 962.57571 3.5836417 -1.3858115
204 280.5834 334.77393 0.55012432 0.32968098 0.014742505 25 0 776.75757 3.7065619 -1.4224281
205 104.00611 336.95688 0.57782335 0.31381798 0.20502081 25 0 218.98084 1.1462242 -0.14817396
206 505.59417 341.05569 0.61729556 0.21032295 0.45563136 25 0 881.0446 3.5098378 -1.3632176
207 276.68657 344.57418 0.61645637 -0.6547779 0.13751311 25 0 357.73379 1.5777469 -0.49509336
208 377.44401 346.98517 0.5834445 -0.24551152 -0.27647738 25 0 616.03438 2.7202756 -1.0865322
209 492.46464 349.72548 0.54614727 -0.48698321 0.072633665 25 0 214.65026 1.2773185 -0.26574804
210 34.863338 350.60313 0.66707918 0.037121258 0.087396214 25 0 263.0333 1.1301441 -0.13283452
211 256.69459 350.86027 0.64633362 0.049380635 0.028166907 25 0 5426.5435 23.431203 -3.4244865
212 398.79854 352.05508 0.63347762 0.15133561 0.057425298 25 0 1203.2075 5.3500469 -1.820894
213 38.767223 353.26056 0.70022827 -0.54181015 0.059203295 25 0 877.943 3.5073308 -1.3624418
214 510.505 352.6939 0.65096976 -0.69570225 0.20491198 25 0 364.54899 1.6063703 -0.5146142
215 29.117559 353.79442 0.66565986 0.10668199 0.2068756 25 0 553.7495 2.4533589 -0.97440269
216 11.367748 355.30919 0.59448796 0.43995099 0.13487227 25 0 778.72777 3.4651973 -1.3493199
217 315.56335 354.74938 0.61879037 0.19589069 -0.021636106 25 0 23787.609 103.50908 -5.0374461
218 38.933841 357.21425 0.6760135 -0.36438462 0.16365707 25 0 1419.8246 5.9924683 -1.9440144
219 460.15902 356.79052 0.70452725 0.14488964 0.25864873 25 0 285.63119 1.3011399 -0.28581002
220 39.947909 360.39553 0.65349117 -0.59219118 0.26071795 25 0 574.51048 2.5227059 -1.0046666
221 431.4615 361.73212 0.58694267 0.031293138 -0.10181352 25 0 1724.8522 7.7643144 -2.2252578
222 496.70756 362.12042 0.79775182 -0.26317903 0.2473666 25 0 375.53849 1.2908473 -0.27718714
223 242.94997 363.9047 0.64962785 -0.012115013 0.10563422 25 0 1714.7703 7.604853 -2.2027271
224 295.01332 365.03793 0.68557057 0.044023249 0.098317934 25 0 3164.3413 13.399739 -2.8177409
225 444.67545 366.02735 0.65791655 -0.28353497 0.02004719 25 0 1200.7879 5.1271376 -1.7746874
226 112.49183 366.63146 0.58167648 0.33230376 0.021346876 25 0 4261.0341 18.993141 -3.196492
227 155.76331 367.51571 0.60840823 -0.0018695339 0.19464355 25 0 466.86214 2.1591547 -0.83570941
228 5.2490198 368.0937 0.70091635 0.20420114 -0.13501697 25 0 275.17908 1.1453423 -0.14733825
229 39.668126 369.75886 0.90027765 -0.26996766 -0.027826481 25 0 575.07467 1.9713833 -0.73692769
230 224.88013 370.05261 0.43671448 0.078113657 -0.041188971 25 0 177.06365 1.1082874 -0.11163098
231 19.985971 373.44318 0.56037404 0.2112059 0.33851392 25 0 661.02042 3.0832679 -1.2225281
232 492.92314 375.79472 0.74701111 0.28408021 0.18917102 25 0 280.6298 1.2057268 -0.20312228
233 463.23378 377.49916 0.59184425 0.033166645 -0.048762253 25 0 318.65668 1.5768409 -0.49446972
234 382.92158 379.35724 0.63485174 -0.0026212072 0.16028785 25 0 3567.0088 15.69423 -2.98935
235 42.691803 380.30491 0.70222043 0.14220027 0.13423261 25 0 314.25172 1.2547179 -0.24636525
236 91.750105 380.84119 0.66303696 0.02964534 0.046047563 25 0 3796.1718 16.255199 -3.0274807
237 137.64923 382.37026 0.57462548 -0.79832624 -0.16604558 25 0 429.52569 1.8192312 -0.64971972
238 244.36633 383.8312 0.60793952 -0.49691157 -0.024656168 25 0 598.34279 2.67938 -1.0700858
239 501.04121 384.36338 0.74527921 -0.70407012 0.21058886 25 0 737.72483 2.866146 -1.1432458
240 117.18226 385.50984 0.60994362 0.32470353 0.27485841 25 0 319.57819 1.2499234 -0.24220851
241 285.89878 384.6283 0.72714915 0.48902632 0.14912515 25 0 410.05008 1.7630053 -0.61563402
242 197.38467 386.28319 0.60360396 0.19440692 -0.076163826 25 0 200.81498 1.0244125 -0.02618718
243 22.0008 386.81683 0.69406176 0.13441622 0.13235457 25 0 1091.7507 4.5561376 -1.6464921
244 161.45693 386.72867 0.5744095 0.2086525 -0.10580953 25 0 1266.826 5.7068612 -1.8909933
245 501.72577 387.98623 0.69256611 -0.14051416 0.036844719 25 0 2362.176 9.8555858 -2.4842061
246 472.35945 388.37599 0.61855537 -0.44287911 0.2206866 25 0 2232.6717 9.779788 -2.4758236
247 77.011631 391.87204 0.68097526 -0.20904437 0.065018683 25 0 646.78338 2.6820472 -1.071166
248 114.35244 397.49252 0.783085 -0.056736954 0.22826506 25 0 316.7084 1.2830821 -0.27063609
249 263.53104 396.52496 0.57541163 0.42090223 0.051370637 25 0 6568.8473 29.559079 -3.6767273
250 394.07528 398.3628 0.69594577 0.41367005 0.23883294 25 0 842.6543 3.3593925 -1.3156519
251 190.06593 398.98648 0.31039735 0.023631993 -0.64313675 25 0 166.55841 1.1493507 -0.15113137
252 292.5564 404.04894 0.69352329 0.048830559 -0.2394655 25 0 712.93283 2.8453615 -1.1353436
253 429.68409 403.39945 0.54622043 -0.59899393 -0.037507813 25 0 433.82308 2.056179 -0.7826523
254 38.974846 406.05997 0.70120976 0.24874875 -0.18261264 25 0 285.75167 1.1352655 -0.1377436
255 308.2307 407.71621 0.56024489 0.37025317 0.62361803 25 0 279.10497 1.3256124 -0.30604136
256 20.326035 408.01151 0.62277335 -0.18830379 0.078096289 25 0 936.80942 4.1498466 -1.5450801
257 289.99404 407.65157 0.67331518 0.13276633 0.22600617 25 0 1988.0132 8.213598 -2.2863336
258 511.01837 407.56697 0.86281894 0.42223836 0.56514498 25 0 362.07835 1.4569867 -0.40863897
259 121.95943 413.22965 0.63193129 0.1781356 0.11161705 25 0 902.5383 4.0064541 -1.5069004
260 146.04643 414.61204 0.67895357 0.068131969 0.17898436 25 0 2314.6887 9.7031016 -2.4672764
261 57.924688 418.46198 0.73272787 0.059841648 0.11754103 25 0 233.26222 1.0007479 -0.00081167515
262 321.74359 424.51134 0.59259801 -0.30331471 0.048339173 25 0 358.64906 1.6108864 -0.51766232
263 202.81866 426.26039 0.58330925 -0.14326956 0.013769583 25 0 406.89755 1.9818502 -0.74267704
264 231.60873 431.53369 0.54493597 -0.25069267 0.27457484 25 0 324.71852 1.6348981 -0.5337267
265 170.40342 433.61201 0.50433534 0.59161841 0.12950587 25 0 794.40029 3.7387931 -1.4318286
266 196.89527 432.63817 0.66290258 0.2165399 0.15200191 25 0 2343.9887 9.9988006 -2.4998698
267 419.04203 433.10793 0.8629218 0.423141 -0.022302276 25 0 417.90154 1.4451594 -0.39978935
268 211.57696 434.27015 0.86895684 -0.014479151 0.2130146 25 0 340.91671 1.2257625 -0.22101579
269 199.64978 435.2993 0.5997514 -0.069296698 -0.11891801 25 0 370.70771 1.7895354 -0.63185075
270 270.14746 435.89502 0.70866853 -0.23846783 -0.032229193 25 0 1242.4376 5.0538556 -1.7590571
271 382.64892 437.50297 0.59673242 0.34688692 0.12247858 25 0 2889.6698 12.943578 -2.7801358
272 283.18765 440.39309 0.6043649 -0.12698513 0.23818421 25 0 1122.7808 4.9631204 -1.739387
273 52.218122 440.90871 0.48026166 0.19029661 -0.038274968 25 0 250.46865 1.3739132 -0.34489826
274 129.27261 442.50553 0.56306762 0.34831258 0.1615714 25 0 11960.293 55.200064 -4.354849
275 500.93202 448.64738 0.76819072 -0.16023118 -0.071744251 25 0 447.937 1.8504459 -0.668191
276 250.21417 450.03576 0.73979114 -0.043005482 -0.019482241 25 0 378.12982 1.5235787 -0.45716225
277 417.49723 454.57346 0.32807241 -0.17996975 -0.29265721 25 0 189.14586 1.1392163 -0.14151548
278 349.12981 455.83177 0.67727241 -0.087010318 0.0070570761 25 0 786.68911 3.3911032 -1.3258525
279 473.39451 456.59886 0.50671712 -0.697239 0.09077289 25 0 313.03411 1.490789 -0.43354047
280 369.19796 458.00923 0.54878655 -0.94496402 -0.65309356 25 0 188.85897 1.0606953 -0.063976615
281 400.19272 460.61239 0.7005643 -0.4702155 0.031639106 25 0 1436.165 5.8558039 -1.9189663
282 94.332464 462.11571 0.64133463 0.016055881 -0.028196216 25 0 5881.7235 25.803817 -3.5292099
283 187.38257 463.12905 0.61058031 -0.034806688 -0.071634735 25 0 1151.6535 5.1234222 -1.7739004
284 364.18835 463.62711 0.49778767 0.66920239 0.64098299 25 0 262.96832 1.2671698 -0.25708706
285 465.77423 464.21987 0.42054926 -0.1538175 0.10093051 25 0 61451.101 326.66452 -6.2852549
286 329.46525 464.99381 0.37803269 0.35109957 0.029448694 25 0 261.59267 1.4600913 -0.41095005
287 3.199416 466.64099 0.52839467 0.47129457 0.2845757 25 0 923.10819 4.5507666 -1.6452114
288 83.379456 467.07372 0.76857197 0.22541018 -0.14609232 25 0 313.10083 1.3076569 -0.29123449
289 443.06947 466.25652 0.54599159 -0.37053414 0.16068318 25 0 271.56573 1.3196365 -0.30113582
290 283.41163 470.27402 0.5133418 -0.45157556 0.47322242 25 0 198.29946 1.0553347 -0.058475533
291 249.08357 471.06527 0.68620504 -0.016522827 0.06370502 25 0 5596.7296 23.916946 -3.4467643
292 380.68376 472.53109 0.65153798 -0.54231343 0.1129782 25 0 609.54825 2.6069743 -1.0403419
293 467.12041 471.79894 0.6118815 0.08782988 0.11625837 25 0 491.71177 2.0215341 -0.76420266
294 283.15104 474.17352 0.57094281 -0.4267861 -0.044139771 25 0 262.5566 1.2243854 -0.21979538
295 299.12184 474.32133 0.63187111 0.061924712 0.097838393 25 0 3148.8748 13.829844 -2.8520432
296 152.32635 475.09176 0.68900907 0.080526553 0.016880382 25 0 485.81033 2.0027855 -0.75408611
297 376.58251 479.2445 0.54176344 0.48616295 -0.10196113 25 0 434.27307 2.1982225 -0.85517911
298 177.09714 480.40298 0.70302152 0.081050032 0.34569535 25 0 908.67286 3.6178291 -1.3961201
299 298.21146 481.00909 0.79981355 0.10770118 -0.080781791 25 0 259.32451 1.0402353 -0.042828948
300 254.9024 484.84664 0.76539672 -0.56384886 -0.073885113 25 0 377.22115 1.4407089 -0.39644059
301 102.08765 485.93303 0.6548262 -0.028897475 0.027415025 25 0 1197.0892 5.2986143 -1.8104058
302 278.59896 495.53269 0.54934476 0.015344477 -0.0053671016 25 0 323.91193 1.4670302 -0.41609766
303 430.91022 495.06805 0.66657467 -0.10233197 -0.048529656 25 0 312.05983 1.3509404 -0.32659046
304 188.42939 499.45194 0.51225996 -0.2579911 0.16859094 25 0 281.31125 1.3341378 -0.31300173
305 105.31608 500.92069 0.6482151 -0.035380561 -0.02514073 25 0 371.07715 1.6002447 -0.51046601
306 199.52231 502.60688 0.75883988 -0.60136719 -0.082692973 25 0 462.12952 1.6574451 -0.54859788
307 154.17491 502.41707 0.8116478 0.022701574 0.62678729 25 0 643.26171 2.1326079 -0.82227756
308 318.19878 504.47712 0.53617482 0.018689136 0.53446413 25 0 231.66866 1.0555179 -0.058663989
309 64.211739 506.40676 0.57595106 0.23121359 -0.01399944 25 0 220.57435 1.1206237 -0.1236495
310 155.02209 506.17733 0.59119055 0.10812411 0.13830923 25 0 690.9968 2.9738204 -1.1832868
311 201.4981 509.92149 0.58089526 -0.27404127 -0.17099425 25 0 792.55647 3.6707207 -1.4118784
