id xcentroid ycentroid sharpness roundness1 roundness2 npix sky peak flux mag
1 309.6115 1.2543721 0.72146582 0.54959462 -0.29024844 25 0 532 1.3308491 -0.31032202
2 441.03619 4.232024 0.54878815 0.63207663 0.072017642 25 0 351 1.5057684 -0.44439544
3 121.54675 8.1357664 0.59845633 -0.10864784 -0.070582084 25 0 347 1.1638447 -0.16473759
4 347.27767 9.5765103 0.51677001 0.56355888 0.15158549 25 0 428 1.4120697 -0.37464032
5 36.575661 10.295713 0.60658191 -0.063783163 -0.097600407 25 0 10212 29.433397 -3.672101
6 420.57537 12.732326 0.59092013 0.71964525 -0.24586287 25 0 410 1.4710883 -0.41909683
7 479.76759 12.48787 0.57727102 0.73109028 0.038466343 25 0 16990 48.835754 -4.2218447
8 366.38037 31.137258 0.5911827 0.66079792 -0.25480165 25 0 357 1.1270419 -0.12985019
9 138.85584 33.770277 0.62795387 0.56699064 0.083132733 25 0 383 1.1560362 -0.15742863
10 125.92793 37.860939 0.64107061 0.29399835 -0.14897511 25 0 505 1.4592884 -0.41035281
11 198.76557 38.962254 0.55124179 0.18625748 -0.25809546 25 0 899 2.7636776 -1.1037184
12 218.37174 39.786557 0.59188838 0.032023782 -0.18549434 25 0 1687 4.7318964 -1.6875881
13 358.86824 40.823672 0.68962345 0.75584324 -0.049411766 25 0 439 1.305803 -0.28969416
14 78.429576 42.14122 0.50964533 0.12165799 -0.090504064 25 0 326 1.226987 -0.22209991
15 336.88641 41.848421 0.29591726 0.63498627 -0.081169135 25 0 58906 222.8662 -5.8701105
16 123.53726 44.083027 0.60747163 0.1139213 -0.18048155 25 0 3858 10.884746 -2.5920458
17 412.59441 45.335939 0.6219516 0.54941649 -0.18434604 25 0 610 1.8625213 -0.67525314
18 482.89366 51.318732 0.5654896 0.4185596 -0.21152251 25 0 483 1.678592 -0.56236289
19 306.5682 52.383654 0.53521551 -0.038828872 -0.10921492 25 0 1049 2.985373 -1.1874965
20 455.51118 58.965006 0.60612762 0.33436424 -0.20085318 25 0 978 2.9910445 -1.1895572
21 9.9558595 62.780121 0.7820813 0.11900016 0.13236713 25 0 355 1.0438892 -0.046636016
22 43.764855 65.193201 0.54303186 0.13166066 0.015991413 25 0 422 1.4345857 -0.39181622
23 445.13386 65.91333 0.50032444 0.31689941 -0.013670714 25 0 1028 3.4781071 -1.3533574
24 10.096569 66.787455 0.72185444 0.0034174401 0.053939843 25 0 347 1.0673564 -0.0707736
25 124.78519 67.12235 0.61089608 0.31016751 -0.30739337 25 0 372 1.0743989 -0.077913873
26 430.57342 67.386365 0.36065422 -0.058089318 -0.11821814 25 0 214 1.0474901 -0.050374869
27 67.947171 70.024675 0.61040027 0.35052588 -0.17809958 25 0 1223 3.6013943 -1.3911767
28 480.92717 74.45636 0.61822881 0.38247931 0.082933719 25 0 619 2.0059212 -0.75578466
29 362.85584 78.571439 0.57556079 0.32844783 0.06510684 25 0 2253 6.3132582 -2.0006339
30 104.28954 85.569156 0.53389779 0.72029406 -0.060719634 25 0 408 1.2192925 -0.21526978
31 503.40154 85.275408 0.64066369 0.58587416 -0.10580321 25 0 15842 43.506966 -4.096397
32 167.27261 92.078486 0.63137155 0.12049077 -0.01865124 25 0 462 1.1538725 -0.15539455
33 295.98811 92.823333 0.53956183 0.048051026 -0.18963531 25 0 924 2.6539899 -1.0597482
34 299.9607 94.459546 0.52499862 0.14285502 -0.01150316 25 0 1024 2.9537118 -1.1759203
35 198.17878 95.564342 0.52258188 0.19342527 -0.088083358 25 0 1140 3.2032698 -1.2639838
36 463.9961 99.217491 0.57899758 0.57954356 -0.055325439 25 0 261 1.0350322 -0.037384661
37 65.85679 99.861171 0.60235398 0.23796801 -0.11711623 25 0 3097 8.895001 -2.372865
38 501.50793 105.38977 0.53699847 0.19308939 -0.027421887 25 0 1219 3.86373 -1.4675169
39 344.42443 110.95162 0.42582108 0.31881364 -0.30584214 25 0 368 1.3275077 -0.30759265
40 231.24148 112.92708 0.58934375 0.26140876 -0.15305371 25 0 12729 36.515932 -3.906206
41 248.47636 113.08433 0.56243786 0.42329151 -0.34128022 25 0 791 2.050764 -0.7797892
42 258.56704 114.43296 0.5493897 0.00044493794 -0.071919146 25 0 1261 3.4302325 -1.3383089
43 315.45961 113.90747 0.5815886 0.44275519 -0.14765029 25 0 850 2.2919518 -0.90051372
44 110.09547 116.47496 0.58651449 0.53609999 0.086950637 25 0 388 1.0343102 -0.036627069
45 210.78 116.17129 0.4859635 -0.42236517 -0.46048873 25 0 367 1.0007836 -0.00085040543
46 63.031181 117.94473 0.61428267 0.32157681 -0.10328552 25 0 484 1.3491083 -0.32511703
47 162.58497 119.51955 0.51275004 0.76247544 -0.047838468 25 0 1302 3.7753935 -1.4424056
48 186.44945 125.07621 0.55895876 0.23439084 -0.26116439 25 0 1247 3.4156181 -1.3336733
49 17.876636 126.62591 0.61515692 0.52267922 0.014734701 25 0 890 2.6543023 -1.059876
50 406.50961 136.33669 0.5989146 0.6272949 -0.18965265 25 0 8176 22.628306 -3.3866301
51 309.39144 142.03561 0.57408583 0.22597522 -0.22915012 25 0 2160 6.016035 -1.9482759
52 25.138592 142.83525 0.63334865 0.48991234 0.06579187 25 0 607 1.7514626 -0.60850219
53 8.1514625 146.85323 0.62914869 0.49016704 -0.092518124 25 0 501 1.4777759 -0.42402142
54 494.66924 148.3772 0.55345566 0.081859119 -0.026183236 25 0 4916 14.431689 -2.8982929
55 107.82919 156.20151 0.58770789 -0.25261473 -0.166528 25 0 453 1.2423058 -0.23557129
56 396.47944 157.90064 0.57061183 0.15541314 -0.2425395 25 0 34584 97.793175 -4.9757714
57 216.86055 161.93843 0.62392027 0.48453355 0.062810028 25 0 505 1.244774 -0.23772627
58 435.57862 161.37369 0.60597579 0.84763833 0.089663057 25 0 341 1.1346374 -0.1371427
59 163.91803 165.41253 0.56163422 0.35901588 -0.14334551 25 0 865 2.261865 -0.88616672
60 236.50973 170.37052 0.61303789 0.57043561 -0.20699641 25 0 1284 3.3160486 -1.3015522
61 356.83487 170.19203 0.40719293 0.32199918 0.0053712065 25 0 343 1.2012191 -0.1990556
62 488.73112 169.69135 0.55476431 0.56132937 -0.039774782 25 0 4329 12.956125 -2.7811878
63 174.58919 171.17546 0.57528461 0.073921201 -0.14667639 25 0 725 1.9396451 -0.71930567
64 163.06507 173.74839 0.54997539 0.19377487 -0.098111726 25 0 1215 3.4688785 -1.3504727
65 431.55376 178.97181 0.58467915 0.23691744 -0.214761 25 0 1898 5.3782248 -1.8265974
66 27.277649 179.53256 0.55419356 0.26652315 0.0096929193 25 0 592 1.7730812 -0.62182158
67 125.48764 179.72233 0.55621754 0.23434121 -0.038104702 25 0 1268 3.4263743 -1.337087
68 421.52746 181.19541 0.63900369 0.24256867 -0.22614048 25 0 439 1.2723339 -0.26150277
69 493.43194 180.90857 0.67112393 0.60126274 -0.21987235 25 0 541 1.5951065 -0.50697423
70 237.24964 182.52918 0.5350167 0.27198001 0.016287309 25 0 769 1.973769 -0.73824082
71 432.09069 183.97478 0.53979106 -0.12983533 -0.14752523 25 0 599 1.8354923 -0.65938141
72 199.62263 185.30805 0.57325576 -0.19834399 -0.12531445 25 0 573 1.4165264 -0.37806168
73 81.957069 186.28825 0.59980717 0.28837239 -0.042730594 25 0 30087 86.559058 -4.8432813
74 431.26702 191.85412 0.53557101 0.36108914 -0.045331722 25 0 255 1.0101802 -0.010997107
75 465.3864 195.85625 0.62154431 0.087978979 -0.24270221 25 0 369 1.1394865 -0.14177296
76 178.47904 198.26695 0.45418979 0.49292365 0.19303694 25 0 416 1.1171993 -0.12032666
77 77.133496 200.41925 0.6355412 0.087416832 -0.014513341 25 0 543 1.462599 -0.41281317
78 479.81393 201.8515 0.45263414 0.045301084 -0.22798818 25 0 363 1.6521269 -0.54510848
79 25.215004 210.76402 0.54757914 0.85838336 -0.44608958 25 0 380 1.0453991 -0.048205337
80 436.09664 211.80627 0.57555615 0.25445458 -0.13577915 25 0 741 2.3346289 -0.92054463
81 336.6987 214.08462 0.50946897 0.11556442 -0.18696939 25 0 1015 2.9621797 -1.1790285
82 266.8625 216.14728 0.47983679 0.17634773 -0.38176099 25 0 517 1.3956159 -0.36191476
83 161.20427 217.52013 0.50124478 0.25053757 -0.034809673 25 0 706 1.9222989 -0.70955227
84 489.92809 220.50329 0.54591625 0.47460745 0.0293323 25 0 2910 8.6494477 -2.3424709
85 250.41542 222.8467 0.58047268 0.1232907 -0.19382881 25 0 2002 5.3757521 -1.8260981
86 362.53247 225.00871 0.55776589 0.26413995 -0.17452496 25 0 3078 8.9405234 -2.3784074
87 432.6955 225.67349 0.54928774 0.5536493 -0.065531742 25 0 9214 27.217095 -3.5871044
88 337.66401 227.2968 0.54868726 0.67319851 -0.23155912 25 0 734 2.0775162 -0.79386107
89 190.88388 233.55212 0.46370581 0.27387986 -0.26850029 25 0 482 1.387565 -0.35563336
90 251.02833 234.46054 0.48460646 0.17953738 -0.067941021 25 0 598 1.7273497 -0.59345066
91 441.84155 237.17852 0.55726971 0.21529345 -0.15060825 25 0 1317 4.0268177 -1.5124049
92 214.60908 251.10835 0.62292217 0.29441525 -0.27572896 25 0 3615 9.5556856 -2.4506546
93 438.7529 250.56344 0.51426295 0.66265176 -0.0074729313 25 0 4408 13.34203 -2.8130548
94 43.828796 271.98118 0.62996675 0.27963767 -0.14448248 25 0 1213 3.3153123 -1.3013111
95 58.125768 281.15644 0.52672587 0.61014204 0.038434637 25 0 549 1.4993808 -0.43977988
96 358.35931 283.43268 0.53296986 0.56998216 -0.11698632 25 0 3374 9.9261451 -2.4919516
97 171.23033 284.77112 0.45624403 0.39165324 -0.086676678 25 0 601 1.7920217 -0.63335819
98 49.458171 286.08779 0.59691731 0.068644383 -0.27705125 25 0 964 2.5771861 -1.0278645
99 77.821914 285.9593 0.61443115 0.30928455 -0.15079108 25 0 950 2.5101977 -0.99926983
100 464.00758 288.26236 0.56883808 0.10306449 0.0047855443 25 0 543 1.9518395 -0.72611027
101 1.9100328 290.85566 0.56103723 -0.71078459 -0.37353321 25 0 390 1.1160107 -0.11917086
102 61.220962 301.66999 0.53476978 0.69499163 0.066437169 25 0 820 2.3041036 -0.90625501
103 204.84135 307.15842 0.58998399 0.3975967 -0.14543461 25 0 618 1.4993725 -0.43977385
104 436.66734 307.15667 0.55566153 -0.086595705 -0.23964454 25 0 622 1.9884626 -0.74629357
105 124.08601 311.92123 0.5661221 0.26944695 -0.11940836 25 0 2578 7.5336346 -2.1925114
106 0.46515246 313.5806 0.6719185 -0.28031222 0.19864351 25 0 1685 4.6373244 -1.6656687
107 316.22706 323.61388 0.5877958 0.5636125 -0.09667655 25 0 379 1.1115486 -0.11482111
108 6.6428201 330.86913 0.62736969 0.44627483 -0.11280379 25 0 3730 10.518918 -2.5549277
109 273.8204 330.86319 0.53185218 0.41983115 -0.22233336 25 0 397 1.1596801 -0.16084553
110 16.881413 331.78487 0.63810093 0.44156271 -0.047617484 25 0 9800 27.339818 -3.591989
111 63.169995 332.97035 0.67229104 0.13605605 -0.063964558 25 0 881 2.2243628 -0.86801408
112 250.03423 332.33529 0.54133082 0.57619144 0.24364898 25 0 603 1.6411103 -0.53784444
113 474.94377 338.85169 0.54923188 0.67543232 0.35538513 25 0 549 1.6410331 -0.53779336
114 346.8659 344.87553 0.48901859 0.56264832 -0.13045857 25 0 460 1.5113135 -0.4483864
115 226.12899 348.42499 0.47490572 0.33514063 0.0094456259 25 0 3109 9.4784473 -2.441843
116 368.09612 350.02141 0.57137853 0.26214031 -0.026839632 25 0 749 2.2932366 -0.90112215
117 8.2943507 350.70539 0.61324668 -0.26501107 0.15661678 25 0 608 1.6496783 -0.54349815
118 285.01089 352.54707 0.53854108 0.43410522 -0.014923854 25 0 15912 45.737954 -4.1506918
119 8.4863015 354.63567 0.48874641 -0.085766611 -0.022684239 25 0 843 2.5633816 -1.0220332
120 9.3644078 357.85612 0.7473682 0.12893805 0.201435 25 0 529 1.2251306 -0.22045596
121 400.84791 359.58803 0.56208977 0.29919024 -0.028006849 25 0 1285 3.8320435 -1.4585761
122 212.34781 361.60406 0.55682447 0.85479581 -0.081706888 25 0 978 2.6906196 -1.0746308
123 264.56022 362.72732 0.5741687 -0.043877305 -0.24887935 25 0 1785 4.8952445 -1.724436
124 81.899539 364.27355 0.58295445 0.32505515 -0.083094186 25 0 3623 10.479598 -2.5508616
125 414.0639 363.965 0.55424408 0.066967647 -0.19929392 25 0 769 2.5653881 -1.0228827
126 125.17076 364.80944 0.56487649 0.18852897 -0.035275471 25 0 397 1.1893839 -0.18830515
127 485.73841 366.01899 0.59876819 0.17081458 -0.15166805 25 0 6574 19.192606 -3.2078348
128 9.2573222 367.37151 0.67064713 0.53939901 -0.012345854 25 0 402 1.0655439 -0.068928418
129 352.3378 377.16011 0.57818042 0.3223961 -0.22750461 25 0 2382 6.9383955 -2.1031476
130 61.166931 378.35823 0.62260004 0.47760809 -0.053590084 25 0 2777 7.6780124 -2.213122
131 106.80175 380.20543 0.6029093 0.041581066 -0.087982724 25 0 441 1.1625041 -0.16348626
132 213.74827 381.3594 0.52806639 0.79223229 0.021319179 25 0 370 1.0087221 -0.0094288686
133 470.22425 382.5585 0.54320992 -0.46140535 0.13570534 25 0 328 1.204247 -0.20178892
134 130.89595 384.34304 0.57143037 0.15625219 -0.091610692 25 0 1064 3.012949 -1.1974795
135 471.03739 386.01251 0.61305812 0.19440394 -0.10454313 25 0 1541 4.660607 -1.6711062
136 441.63665 386.39476 0.48801251 0.72894472 0.015600537 25 0 1280 4.1191496 -1.5370189
137 46.415319 389.32202 0.62037552 -0.31414479 -0.081720966 25 0 433 1.1409923 -0.14320677
138 232.92874 394.27719 0.55353892 0.23188081 -0.15035976 25 0 5398 15.971215 -3.0083449
139 363.37825 396.19794 0.60776047 0.58504304 -0.26973261 25 0 436 1.2261808 -0.22138624
140 398.7918 401.37908 0.6539061 0.20056345 -0.10730247 25 0 386 1.1819157 -0.18146629
141 262.13593 401.76279 0.65214332 0.51917849 -0.16288399 25 0 525 1.3213967 -0.30258305
142 259.43387 405.52509 0.52908805 0.86474185 -0.024042377 25 0 1202 3.5302866 -1.3695249
143 91.239216 410.9052 0.66118405 0.21320389 -0.36096413 25 0 652 1.6404377 -0.53739938
144 115.47659 412.19721 0.6318148 0.48174662 -0.18780663 25 0 1666 4.5763761 -1.6513043
145 166.23434 430.25972 0.63071175 0.53422195 -0.13103795 25 0 1669 4.5900542 -1.6545445
146 139.83979 431.14182 0.5697272 0.34666527 -0.44925611 25 0 656 1.8559606 -0.67142186
147 498.32454 433.45792 0.37102456 0.50131587 -0.12512634 25 0 58516 182.60511 -5.6537823
148 239.33219 433.64563 0.52608547 0.42459154 -0.39670988 25 0 635 1.9502072 -0.7252019
149 352.13997 435.42677 0.5191094 0.26213584 0.042409209 25 0 1908 5.849959 -1.917882
150 252.64363 438.05483 0.68911456 -0.17130287 -0.29403618 25 0 833 2.1227395 -0.81724173
151 98.626226 439.99892 0.60363859 0.24242989 -0.19063758 25 0 10598 30.346368 -3.7052668
152 484.51863 450.05021 0.62464401 0.081508187 -0.20270446 25 0 1486 4.4974486 -1.6324155
153 318.74084 453.73178 0.62506269 0.57602433 -0.11688429 25 0 490 1.4963428 -0.43757775
154 369.63373 458.60184 0.58112264 0.4275466 -0.13949524 25 0 779 2.350929 -0.9280988
155 63.716189 459.61928 0.64200233 0.63583647 -0.067242847 25 0 4321 11.888096 -2.6877808
156 156.65941 460.77195 0.58508095 0.56712672 -0.14122558 25 0 860 2.5283916 -1.0071109
157 435.14242 462.23102 0.46795602 0.28775689 -0.16997059 25 0 58595 191.42273 -5.7049838
158 218.50819 468.79554 0.6023521 -0.019172202 -0.22073701 25 0 3379 9.4677409 -2.4406159
159 350.09205 470.54997 0.44401449 -0.52418022 -0.026639949 25 0 287 1.1150378 -0.11822393
160 268.43716 472.1628 0.62952031 -0.11321858 -0.30162411 25 0 2294 6.3766478 -2.0114811
161 146.49544 478.03907 0.58518601 0.30134582 -0.24074057 25 0 571 1.7685371 -0.61903541
162 71.444775 483.52506 0.69668461 0.74021463 0.085439744 25 0 814 2.1441963 -0.82816134
163 123.4625 500.10594 0.69671465 -0.050117256 -0.039864695 25 0 495 1.3104918 -0.29358575
164 168.82026 500.303 0.49265408 0.20569425 -0.10918912 25 0 331 1.1244144 -0.12731597
165 124.29732 504.00577 0.56777332 0.089052033 -0.48800414 25 0 468 1.319192 -0.30077002
166 170.79472 507.51643 0.6193495 0.64812392 0.019236474 25 0 600 1.6167292 -0.52159323
167 45.22762 510.36934 0.68612743 -0.35874083 -0.092608944 25 0 498 1.3388273 -0.3168114
168 168.08579 510.8576 0.89763005 -0.14478103 -0.75815526 25 0 669 1.4643913 -0.41414285
169 243.33139 510.6578 0.75057467 -0.16808388 -0.43824848 25 0 928 2.2925053 -0.90077587
170 254.4753 510.5665 0.58027913 -0.14773462 -0.32201706 25 0 375 1.1550723 -0.15652292
