id xcentroid ycentroid sharpness roundness1 roundness2 npix sky peak flux mag
1 343.08732 1.5565914 0.57072008 -0.16880484 0.16047052 25 0 725 2.2062621 -0.85914277
2 352.0282 3.6391708 0.64019481 0.7242748 0.33456201 25 0 421 1.2859397 -0.27305148
3 474.63958 4.5567374 0.75486322 -0.25199948 -0.15152256 25 0 388 1.1546763 -0.15615066
4 0.94972497 9.2461172 0.80365835 -0.17522646 0.046595444 25 0 1078 2.7320746 -1.0912314
5 9.3719244 9.3624802 0.67732579 0.078263736 -0.0037591315 25 0 431 1.3703156 -0.34205154
6 154.96052 8.9128002 0.72454479 -0.10684626 0.13686253 25 0 647 1.7399554 -0.60134529
7 380.40852 10.147733 0.68527413 -0.36314753 -0.15979711 25 0 809 2.2446363 -0.87786495
8 70.063924 10.992617 0.77086293 -0.034910951 0.067721361 25 0 18977 46.904917 -4.1780459
9 17.480721 12.462809 0.55168103 0.36859613 0.064867869 25 0 4425 13.151836 -2.797466
10 454.08142 13.121466 0.72736052 -0.071166973 0.087828533 25 0 830 2.3956299 -0.94854933
11 0.048740174 14.05872 0.98907466 0.20937137 0.36315909 25 0 4117 8.7555466 -2.3557082
12 399.78148 31.4335 0.77746351 0.11921968 0.17779602 25 0 570 1.4258479 -0.38518302
13 172.43697 34.547804 0.54520651 0.39577551 -0.062716178 25 0 441 1.3408917 -0.31848422
14 159.32808 38.576777 0.60313799 0.38900111 0.21375119 25 0 546 1.5784962 -0.49560882
15 232.20136 39.491559 0.68667278 -0.36229092 0.18944458 25 0 1337 3.4058148 -1.3305526
16 251.6744 40.46635 0.63965219 -0.36484469 0.10507157 25 0 2410 6.3132703 -2.000636
17 464.7672 39.986854 0.76385685 0.17897338 0.11103878 25 0 306 1.0044991 -0.004873913
18 392.45407 41.401551 0.60200136 0.16618903 0.056475742 25 0 436 1.2931619 -0.27913223
19 370.3565 42.486803 0.42604471 0.36612946 0.10320629 25 0 58683 171.38729 -5.5849465
20 112.01842 42.784803 0.72481473 0.31488965 0.17512182 25 0 696 1.7851062 -0.62916013
21 157.02331 44.686656 0.71543156 0.040099791 0.14997967 25 0 6152 15.587304 -2.9819275
22 445.97118 45.811321 0.71649759 -0.021447173 0.092683085 25 0 1192 3.2561026 -1.2817452
23 98.191302 52.04071 0.59855881 -0.7950937 -0.085098712 25 0 312 1.0175986 -0.018941234
24 339.94897 52.840109 0.67596486 0.23187748 0.12640268 25 0 2004 5.3688253 -1.8246982
25 187.9337 57.716386 0.71036548 -0.37167827 0.099288665 25 0 456 1.1057741 -0.109166
26 488.98583 59.328755 0.68513959 0.068712511 0.13625368 25 0 1644 4.5848411 -1.6533107
27 395.15006 63.609367 0.63190205 -0.011633345 0.012103464 25 0 348 1.0416522 -0.044306808
28 77.076266 65.837868 0.81666553 0.010391239 0.20851719 25 0 927 2.1975352 -0.85483958
29 100.19533 65.491962 0.67931263 -0.57266891 0.2865678 25 0 524 1.3953485 -0.3617067
30 215.16332 65.91983 0.58647376 -0.028632875 0.14533547 25 0 446 1.2633587 -0.25381668
31 478.56638 66.204051 0.69795192 -0.34342786 -0.089556792 25 0 1677 4.4563768 -1.6224548
32 43.519902 67.570889 0.65736706 -0.14144387 0.12411036 25 0 467 1.3236215 -0.30440954
33 158.0418 67.462787 0.86365551 -0.32191014 0.26023806 25 0 527 1.0667695 -0.070176426
34 463.93003 67.926771 0.74178589 0.22592816 0.15076086 25 0 718 1.9751802 -0.73901679
35 101.42222 70.745879 0.67180138 -0.2170789 0.033386908 25 0 1759 4.5544558 -1.6460912
36 0.82441288 78.980581 0.761425 -0.10998888 0.069892582 25 0 987 2.5288595 -1.0073118
37 396.3842 78.930715 0.65777387 -0.11747517 -0.061099221 25 0 3788 10.163983 -2.5176598
38 16.872912 81.884561 0.71986642 -0.072256643 -0.075491137 25 0 869 2.3436256 -0.92472057
39 137.82836 86.063389 0.76060762 -0.038372214 -0.053860746 25 0 832 1.9437605 -0.72160686
40 190.35721 86.306548 0.67476363 0.48180779 0.12595326 25 0 467 1.1405028 -0.1427409
41 200.84718 92.878358 0.61948773 -0.062561568 -0.069865013 25 0 639 1.6611546 -0.55102512
42 329.42153 93.390834 0.60232503 0.11571056 -0.044815932 25 0 1292 3.4576011 -1.3469372
43 333.33238 95.181394 0.67395003 -0.26289144 -0.061887631 25 0 1724 4.4118716 -1.6115572
44 231.59964 96.291047 0.68492743 -0.27640301 0.047656677 25 0 1951 4.8080967 -1.704933
45 161.31375 100.24161 0.6102769 0.48800838 0.34295493 25 0 505 1.3349938 -0.31369813
46 497.43916 99.611342 0.44903315 0.23933245 -0.091867386 25 0 256 1.0898941 -0.093460803
47 99.318195 100.48203 0.62174657 -0.51783128 0.10214831 25 0 3175 8.3299038 -2.3016
48 342.41379 102.06348 0.63854509 0.29833788 -0.032848608 25 0 482 1.2167781 -0.21302848
49 377.97721 111.33336 0.68291824 -0.048724851 -0.060994094 25 0 701 1.7243523 -0.59156503
50 264.65199 113.46394 0.61453872 0.46537416 0.1648491 25 0 16531 44.650282 -4.1245605
51 282.13276 113.55023 0.66972912 0.086636271 0.19475236 25 0 1281 3.1690939 -1.2523378
52 292.16547 114.96031 0.71151335 0.0070333197 0.062404808 25 0 2410 6.0256907 -1.9500171
53 348.74981 114.51689 0.65411123 0.40664047 0.16831785 25 0 1260 3.2067713 -1.26517
54 493.98845 115.98225 0.88622618 -0.42337016 -0.1226791 25 0 540 1.3471786 -0.32356294
55 143.66353 117.15204 0.76796905 -0.22539356 -0.031772647 25 0 734 1.6188467 -0.52301434
56 244.30047 116.75015 0.75005899 -0.078836704 -0.059515721 25 0 671 1.4144657 -0.37648104
57 198.14884 118.23393 0.77315867 -0.34367646 -0.55943058 25 0 587 1.2269624 -0.22207809
58 96.667152 118.57039 0.61504391 -0.72775547 -0.27106299 25 0 505 1.3231046 -0.30398546
59 196.08832 120.22537 0.71598981 0.0046205705 0.10297107 25 0 2483 6.1170396 -1.9663532
60 28.813347 122.15168 0.86518389 0.092453395 0.068393965 25 0 569 1.2543148 -0.24601635
61 220.01767 125.5662 0.6671976 0.01207931 0.18807787 25 0 2079 5.2770342 -1.8059748
62 51.311261 127.41113 0.63347247 0.17174024 0.028447013 25 0 1283 3.437315 -1.3405483
63 23.606558 128.15346 0.64272762 -0.26357522 0.10499171 25 0 375 1.0241074 -0.025863813
64 297.53182 128.77247 0.58220011 0.14143302 -0.10886909 25 0 575 1.4159909 -0.37765114
65 440.0137 136.76403 0.70816277 0.089973592 0.1189806 25 0 14807 37.994514 -3.9493022
66 342.79246 142.50694 0.64732191 0.2950854 0.17518618 25 0 3219 8.4092876 -2.311898
67 58.561589 143.52317 0.63859997 0.42788712 0.055717203 25 0 729 1.807485 -0.64268675
68 41.562213 147.71272 0.63072518 0.077601565 -0.039461769 25 0 638 1.7759173 -0.62355687
69 141.56879 156.83776 0.63484112 -0.45634772 -0.24698298 25 0 549 1.3413051 -0.31881893
70 429.96066 158.34188 0.67033062 0.081101822 0.14053288 25 0 57136 149.69524 -5.43802
71 469.16881 161.7226 0.70354141 -0.10020938 0.0519429 25 0 588 1.6336323 -0.53288576
72 250.4029 162.4999 0.56516838 -0.63694371 0.026731109 25 0 577 1.4542995 -0.40663462
73 77.452348 169.99264 0.86339312 -0.35593092 -0.055527583 25 0 562 1.0967534 -0.10027252
74 269.95999 170.98396 0.72339675 0.074837502 0.066965925 25 0 2418 6.0140247 -1.947913
75 390.2989 170.63414 0.69305993 -0.28783071 0.12191091 25 0 580 1.3742396 -0.34515612
76 208.19631 171.7048 0.73158226 -0.10257219 0.12079089 25 0 1272 2.9872394 -1.1881751
77 457.39813 172.6421 0.68117731 0.17526678 -0.051051688 25 0 407 1.1899144 -0.18878933
78 196.62655 174.4531 0.65535216 -0.36826412 0.12115985 25 0 1736 4.229392 -1.5656949
79 465.16866 179.37872 0.68102778 0.17674301 0.1519012 25 0 3104 8.1911273 -2.2833592
80 60.778338 180.41332 0.66657503 0.020422787 0.12562242 25 0 875 2.2054422 -0.85873919
81 158.9317 180.46674 0.68596124 0.10894555 0.19197642 25 0 2102 5.1644884 -1.7825683
82 455.03937 181.58771 0.60668517 0.12538944 0.36688264 25 0 635 1.8938135 -0.69334303
83 270.73221 183.22933 0.69261677 -0.12143139 0.030585241 25 0 1356 3.301545 -1.2967931
84 465.49488 184.35251 0.67105545 -0.95198717 -0.009720779 25 0 891 2.34223 -0.92407384
85 233.26465 185.84718 0.5807036 0.12212196 0.11157662 25 0 888 2.4283487 -0.96327763
86 115.50174 186.96527 0.6733567 -0.093397489 -0.098095293 25 0 42520 110.76245 -5.1109814
87 165.09312 188.07827 0.64756528 -0.0020785304 -0.13921188 25 0 525 1.2258996 -0.2211373
88 499.0005 196.26212 0.68730037 -0.0029058758 0.099193299 25 0 639 1.8171311 -0.64846565
89 393.18212 198.28092 0.64749636 -0.31000247 0.16547886 25 0 369 1.0382439 -0.040748499
90 212.12237 198.80614 0.70870445 -0.087308266 0.060223129 25 0 828 1.8931347 -0.69295379
91 110.69455 200.98687 0.76838473 -0.2605573 -0.1509839 25 0 793 1.7446141 -0.60424845
92 8.753216 209.01913 0.73959969 -0.012371743 0.0088761142 25 0 2477 6.17927 -1.9773429
93 56.674967 210.05904 0.65088627 0.27209643 -0.12136814 25 0 498 1.2875485 -0.27440903
94 58.515723 211.65011 0.69615509 0.3066431 0.025990303 25 0 594 1.4517814 -0.40475307
95 469.68736 212.29572 0.69801604 -0.20858237 0.088506645 25 0 1255 3.3059001 -1.2982243
96 31.870813 213.56265 0.71309497 0.17308321 0.22532436 25 0 2133 5.2861225 -1.8078431
97 370.30944 214.46064 0.65313965 -0.14008693 0.20775067 25 0 1554 3.8510618 -1.4639512
98 300.47983 216.56993 0.56535995 -0.41445138 0.040181611 25 0 691 1.6745786 -0.55976387
99 194.69307 218.12809 0.68815358 0.070976933 0.097816163 25 0 1293 3.1790689 -1.2557498
100 283.92542 223.38056 0.66638724 -0.014223047 0.14942578 25 0 3279 8.4695766 -2.3196543
101 396.12498 225.4364 0.63882469 0.25428218 0.17021506 25 0 4637 12.472456 -2.7398799
102 466.33671 226.10861 0.65918209 0.071214501 -0.016326444 25 0 15260 40.741448 -4.0250911
103 371.12265 227.76306 0.705607 -0.038558614 0.11680323 25 0 1396 3.4792171 -1.3537038
104 224.49113 234.23127 0.5699945 -0.19358412 -0.14128221 25 0 715 1.7691201 -0.61939331
105 284.56548 235.04958 0.57648373 -0.074936054 -0.049414971 25 0 869 2.2862082 -0.89778943
106 74.862083 238.60843 0.6895671 0.012384219 0.34445402 25 0 471 1.0376196 -0.040095419
107 475.42826 237.58521 0.59090228 0.37005079 0.0071895754 25 0 1675 4.7847508 -1.6996483
108 472.46464 250.9706 0.62623031 -0.098458754 -0.088912225 25 0 7487 20.53011 -3.2809782
109 248.10478 251.64132 0.69314324 0.014929424 0.14253929 25 0 5893 15.032445 -2.9425741
110 20.47404 252.68328 0.64557923 -0.3522071 -0.057661245 25 0 1043 2.7061577 -1.0808827
111 310.2969 253.97993 0.70336996 -0.022398173 0.083063498 25 0 565 1.3190367 -0.30064216
112 375.86085 260.44845 0.59969308 0.46727712 0.11236949 25 0 447 1.2655594 -0.25570633
113 148.9061 262.03583 0.74667632 -0.079002559 -0.076360569 25 0 548 1.19706 -0.19528979
114 77.389905 272.59448 0.61709324 -0.42671051 0.048612432 25 0 1475 3.8974202 -1.4769431
115 134.02152 273.94249 0.78731196 -0.25883325 0.17826872 25 0 522 1.1073278 -0.11069046
116 91.593572 281.82404 0.6734228 -0.63652825 -0.015386339 25 0 881 2.0906251 -0.80069038
117 392.00237 283.88433 0.73994924 0.0053715072 0.092752124 25 0 7205 18.14247 -3.1467411
118 204.66571 285.32161 0.65476153 -0.28168693 0.11831733 25 0 991 2.4613556 -0.97793591
119 83.220176 286.63876 0.65192827 0.010216592 0.11511898 25 0 1441 3.7357207 -1.430936
120 111.40453 286.50545 0.56219556 0.66557782 -0.036810613 25 0 1048 2.7680967 -1.1054531
121 366.34381 288.63816 0.71526634 -0.14846836 0.25270005 25 0 430 1.011742 -0.012674429
122 497.72842 288.51186 0.69599206 0.35130023 0.24589347 25 0 694 1.9794967 -0.74138694
123 35.857164 291.63561 0.77806644 0.27014941 0.097594198 25 0 625 1.3720831 -0.34345105
124 180.50184 295.96685 0.50839572 -0.099587689 -0.18150061 25 0 480 1.2656015 -0.25574244
125 94.918946 302.24631 0.72479379 -0.016997996 0.10147603 25 0 1623 3.9471851 -1.4907187
126 442.82107 301.97481 0.68223484 -0.24529606 0.17311868 25 0 500 1.5164366 -0.45206064
127 0.20427094 306.78282 0.84658215 0.74898844 0.75933334 25 0 457 1.004035 -0.0043721261
128 470.56903 307.58603 0.48216907 0.59629313 -0.0032962183 25 0 719 2.5138799 -1.0008613
129 238.41364 307.6568 0.62193418 -0.35484694 -0.16779576 25 0 815 2.0584391 -0.78384505
130 157.68735 312.51045 0.62564925 0.39774213 0.17872621 25 0 3376 8.899479 -2.3734115
131 18.158114 314.36435 0.67393212 -0.059034773 0.1188157 25 0 1040 2.6280536 -1.0490856
132 33.770812 314.2449 0.7279253 -0.14731495 0.064464525 25 0 2702 6.6478878 -2.0567092
133 79.67562 316.83936 0.50334041 -0.12400829 0.36802447 25 0 381 1.0589795 -0.062218837
134 207.03753 321.82739 0.71638214 -0.1076172 0.11188321 25 0 455 1.0506787 -0.05367482
135 349.92203 324.08008 0.70505014 -0.021667461 -0.060559034 25 0 707 1.8459096 -0.66552607
136 2.6233124 324.41701 0.56524574 0.43081329 0.12845162 25 0 732 2.0078198 -0.7568118
137 307.43752 331.56458 0.51474818 0.53932594 0.19772698 25 0 453 1.278358 -0.26663124
138 40.295383 331.43531 0.65838184 -0.24112313 0.20253813 25 0 4564 11.633201 -2.6642481
139 50.48163 332.52398 0.64307172 -0.61648416 0.065942782 25 0 11101 28.482681 -3.6364522
140 400.345 331.6184 0.58124581 -0.24243561 0.083117691 25 0 448 1.3837226 -0.35262259
141 283.60225 332.93203 0.64060536 0.11711406 0.041787506 25 0 976 2.6318219 -1.0506412
142 96.792645 333.49885 0.67952988 0.2896384 0.2048695 25 0 1085 2.6948944 -1.0763544
143 508.72095 339.28915 0.75344599 0.11601107 0.40850414 25 0 1010 2.4058416 -0.95316757
144 380.55931 345.27212 0.66737481 -0.13314405 -0.013262625 25 0 730 1.9558014 -0.7283119
145 259.7701 348.98664 0.70494049 -0.0033945365 0.0089691609 25 0 6174 15.812281 -2.9974863
146 401.82944 350.35851 0.73989422 0.011923744 0.17964338 25 0 1250 3.2567144 -1.2819492
147 41.887718 351.52161 0.65209138 -0.42204924 0.18406703 25 0 799 2.0164762 -0.76148277
148 32.075314 351.96489 0.77167356 0.18744787 0.058553958 25 0 575 1.3232252 -0.30408444
149 14.542022 353.47649 0.47467319 0.16987995 -0.037354362 25 0 605 1.8598362 -0.67368673
150 318.66763 352.88809 0.68488915 0.090542414 -0.014934919 25 0 27989 72.324341 -4.6482112
151 41.99025 355.40719 0.7379159 -0.2208852 0.27686682 25 0 1553 3.823782 -1.4562328
152 43.032485 358.79256 0.70217293 -0.68041219 0.099902947 25 0 667 1.6973288 -0.57441498
153 434.55251 359.97925 0.67327972 -0.26117365 -0.11334538 25 0 1952 5.2414786 -1.7986345
154 246.04978 362.02125 0.71795219 0.078805161 0.058433358 25 0 1868 4.6442645 -1.6672924
155 298.08234 363.19123 0.70038658 0.073441351 0.063037543 25 0 3291 8.5464774 -2.3294679
156 447.76775 364.3671 0.69332257 -0.28284224 0.013528708 25 0 1131 3.118706 -1.2349361
157 115.62472 364.86432 0.68962911 0.085472342 -0.022334077 25 0 5586 14.37381 -2.8939298
158 158.81933 365.57656 0.79417886 0.0029377025 0.16630319 25 0 606 1.3318259 -0.31111864
159 42.832173 367.99274 0.69090838 0.21429273 0.090697889 25 0 573 1.4784555 -0.42452065
160 23.114088 371.60607 0.7321355 -0.0058970724 0.03384169 25 0 843 2.0470743 -0.77783402
161 386.03119 377.45688 0.69666462 0.064586339 0.2631133 25 0 3637 9.3730426 -2.4297015
162 94.868032 379.02114 0.74570625 0.019200396 0.061992833 25 0 4355 10.785266 -2.5820771
163 140.5241 380.59463 0.59273158 0.67262643 0.11144464 25 0 491 1.2618616 -0.25252932
164 247.46759 381.96976 0.6561281 -0.33970373 -0.24878757 25 0 599 1.5522004 -0.47736946
165 504.14826 382.86578 0.8185598 -0.097779707 0.62856022 25 0 660 1.6668736 -0.55475666
166 25.046447 385.01139 0.7485803 -0.14464079 0.01313754 25 0 1271 3.1342903 -1.240348
167 164.56809 384.87323 0.72316909 0.042791532 -0.11202618 25 0 1669 4.0559904 -1.5202423
168 504.86375 386.28932 0.75797743 -0.062523933 0.13917231 25 0 2376 5.9959145 -1.9446386
169 475.53224 386.78633 0.64937616 -0.30289485 -0.091938987 25 0 2317 6.3677095 -2.0099581
170 80.186753 389.97745 0.68831119 0.027464985 0.076353889 25 0 613 1.5995049 -0.50996397
171 266.6031 394.70795 0.64930055 0.26238094 0.025544501 25 0 7812 20.767654 -3.2934686
172 397.22872 396.66174 0.73544856 -0.10092169 -0.010984778 25 0 700 1.8255817 -0.65350317
173 295.72743 402.28288 0.69890609 -0.0087758244 0.19666016 25 0 751 1.9633725 -0.73250674
174 432.65429 401.63603 0.77892179 0.36853697 0.11911757 25 0 528 1.444609 -0.39937576
175 23.459061 406.18178 0.60014369 0.060981034 -0.081827357 25 0 870 2.4840199 -0.98788766
176 293.09443 405.86306 0.71840288 -0.00013813592 0.10396278 25 0 2342 6.0999255 -1.9633113
177 125.07518 411.35297 0.76351852 0.29260064 0.23336197 25 0 975 2.3231727 -0.91520374
178 149.10797 412.81444 0.73792784 0.022866096 0.085114296 25 0 2641 6.6073883 -2.0500746
179 1.8077434 416.33833 0.72175125 -0.20341835 0.13963258 25 0 1361 3.4029703 -1.3296454
180 324.96726 422.85438 0.74647064 0.014020733 0.21133584 25 0 481 1.310471 -0.29356854
181 205.82605 424.39247 0.72361579 -0.33182147 0.16024546 25 0 412 1.0506612 -0.053656727
182 234.66519 429.70561 0.62584446 0.12408865 -0.055245091 25 0 348 1.0899242 -0.093490715
183 199.90745 430.77313 0.72268304 0.19899906 0.10062956 25 0 2619 6.6795746 -2.061872
184 173.44746 431.61393 0.64659241 -0.14959541 -0.0092793484 25 0 1002 2.6661264 -1.0647018
185 273.25192 434.14929 0.7034962 0.16904494 0.10059836 25 0 1184 3.0887044 -1.2244409
186 385.85858 435.88934 0.74001912 0.015757014 0.047332426 25 0 3905 9.9907327 -2.4989933
187 286.2633 438.53954 0.71071694 -0.42611068 0.057018686 25 0 1230 3.1397955 -1.2422534
188 132.3411 440.50039 0.65430857 -0.325357 0.10726459 25 0 13252 34.518492 -3.8451295
189 420.65461 452.99114 0.65377187 -0.24667451 0.22523532 25 0 296 1.0401739 -0.042764861
190 352.39152 454.17084 0.69949239 0.4058845 -0.097143823 25 0 627 1.6927148 -0.57145946
191 476.59106 455.3453 0.61095991 -0.47636071 -0.079524169 25 0 236 1.012778 -0.013785646
192 403.57199 459.06507 0.62670437 -0.12642926 -0.1566046 25 0 1151 3.4402337 -1.3414699
193 97.428387 460.21415 0.63229491 0.063345191 -0.067237866 25 0 5627 15.333673 -2.9641155
194 190.39005 461.29962 0.63307246 0.26305552 -0.019954528 25 0 1096 3.0244952 -1.2016322
195 468.90466 462.39238 0.54628391 0.1248603 0.18591552 25 0 58471 162.47584 -5.526972
196 6.270004 464.65147 0.7353603 -0.40214837 0.10848491 25 0 1176 2.9943339 -1.1907506
197 252.19011 469.336 0.688219 0.12628406 0.12014962 25 0 5506 14.484846 -2.9022847
198 470.26456 470.19746 0.53225489 -0.14321199 0.19888764 25 0 283 1.0884097 -0.091980963
199 383.96614 470.91734 0.74331877 -0.22369298 0.006277135 25 0 767 2.146169 -0.82915978
200 155.30619 473.18247 0.72254041 0.1663479 -0.12982744 25 0 436 1.1638007 -0.16469651
201 302.31341 472.58832 0.69845239 -0.30167442 0.098869947 25 0 3312 8.5907852 -2.3350821
202 379.62734 477.77531 0.63860926 -0.2933318 0.12512967 25 0 366 1.2172499 -0.2134494
203 180.06725 478.6276 0.72787332 0.12606062 0.19537213 25 0 940 2.4614396 -0.97797294
204 105.1452 484.12318 0.7045244 0.16352919 0.17215543 25 0 1271 3.4490231 -1.3442403
205 157.20361 500.68054 0.76069272 -0.39664936 0.31046964 25 0 681 1.6782197 -0.56212204
206 202.56145 500.73261 0.61088283 0.0083670122 -0.21915444 25 0 441 1.3156597 -0.2978589
207 158.12247 504.50587 0.72429572 0.39879844 0.22734158 25 0 724 1.7905757 -0.63248169
208 204.35749 508.16263 0.71213335 -0.368644 -0.28759697 25 0 785 1.98737 -0.74569683
209 79.0478 510.68623 0.95268909 -0.74439939 -0.3432429 25 0 585 1.1849002 -0.18420443
210 277.31557 510.89229 0.9173066 -0.13764794 -0.44710906 25 0 1176 2.6022391 -1.038368
211 288.09026 510.83547 0.77598571 -0.072611417 -0.14946164 25 0 493 1.301694 -0.28627226
