id xcentroid ycentroid sharpness roundness1 roundness2 npix sky peak flux mag
1 436.5248 0.476067 0.71315601 0.73318809 -0.23968621 25 0 1864.0423 5.5157756 -1.8540165
2 41.985202 1.460843 0.62385313 0.2160377 -0.074072162 25 0 5525.3001 17.761616 -3.1237062
3 115.81137 4.9052366 0.70208612 0.3807708 -0.29558996 25 0 354.77828 1.1938022 -0.19233097
4 343.64762 7.3755321 0.61130963 0.55657174 -0.20669575 25 0 296.74743 1.1214496 -0.12444937
5 331.03533 15.058821 0.694287 0.0076093253 -0.09885194 25 0 311.12106 1.1332005 -0.13576691
6 303.48446 17.579624 0.6420907 -0.2039479 -0.27477901 25 0 651.90249 2.147286 -0.82972474
7 312.77059 19.943367 0.62396773 0.045277441 -0.39069779 25 0 308.94202 1.2687655 -0.25845337
8 434.91681 21.051117 0.709663 -0.075659745 -0.32664672 25 0 618.40605 2.0838968 -0.79719053
9 115.20232 24.786403 0.58494661 -0.048797386 -0.2347826 25 0 513.332 1.8322754 -0.65747687
10 341.00296 26.275233 0.61234738 0.10302859 -0.075606754 25 0 735.68338 2.5911359 -1.0337255
11 30.408186 26.55955 0.59011544 0.43390872 -0.24621557 25 0 11828.414 38.213503 -3.9555421
12 414.50421 29.610904 0.59900768 0.4530445 -0.14556404 25 0 644.93172 2.3361776 -0.92126462
13 473.40957 29.47641 0.66442062 0.55160609 -0.12204775 25 0 25845.012 78.527281 -4.7375514
14 218.93021 44.330997 0.550419 0.086806196 -0.25935513 25 0 284.79049 1.0571222 -0.060313
15 360.17046 47.803908 0.60954796 -0.22615226 -0.18240402 25 0 550.198 1.9760469 -0.73949312
16 459.9506 48.014022 0.58508888 0.27224506 -0.57773016 25 0 314.62649 1.1575964 -0.15889287
17 132.72266 50.252466 0.69588026 -0.25634598 -0.1571111 25 0 497.32456 1.5893656 -0.50305952
18 119.70403 54.416632 0.58517077 0.49244499 -0.22723398 25 0 494.86327 1.6982614 -0.57501137
19 192.5991 55.528603 0.64915503 0.45346201 -0.23066173 25 0 1063.5039 3.2212315 -1.2700548
20 211.9631 56.4852 0.58796984 0.04576146 -0.094844134 25 0 2058.9069 6.8754319 -2.09325
21 352.69339 57.780602 0.6414915 0.5358753 -0.34967437 25 0 522.55241 1.8287192 -0.65536758
22 72.345503 58.410089 0.59454852 0.75576267 -0.16036822 25 0 403.72684 1.3715284 -0.343012
23 255.98394 59.039598 0.51665169 -0.28736336 -0.34178777 25 0 241.1118 1.1622773 -0.16327437
24 330.69787 58.522196 0.41032061 0.36540234 -0.2132212 25 0 58306.118 212.35149 -5.8176383
25 117.39672 60.424976 0.56131371 -0.38613388 -0.08615669 25 0 4313.8666 14.289809 -2.8875661
26 160.67408 61.099896 0.57565142 0.3560528 -0.36397334 25 0 284.56684 1.0526412 -0.055700941
27 406.22017 62.148684 0.72895842 0.026305571 -0.2339666 25 0 1169.7418 3.6529481 -1.4066088
28 406.81474 67.543435 0.4256885 0.51642771 0.15335671 25 0 174.36305 1.0509274 -0.053931797
29 476.57938 68.163821 0.72268449 0.34469984 -0.32166797 25 0 859.92859 2.5999406 -1.0374086
30 300.26561 69.054785 0.72081804 -0.013048297 -0.31616039 25 0 1825.8606 5.4935153 -1.8496258
31 148.31969 73.674775 0.62142671 0.11286465 -0.0015067428 25 0 347.84961 1.1234942 -0.1264271
32 36.35736 76.55393 0.51304348 -0.016959919 -0.22444723 25 0 238.0272 1.0245307 -0.026312457
33 449.19155 75.832899 0.65167487 0.08906093 -0.15032728 25 0 1642.5905 5.4609067 -1.8431619
34 507.54515 78.175474 0.64409636 -0.14682299 -0.23275682 25 0 3477.5001 11.216064 -2.6246012
35 3.5133011 79.278238 0.67076741 -0.50187784 -0.29437181 25 0 390.40756 1.3624466 -0.33579874
36 37.518172 81.479809 0.65261711 0.13097277 -0.053736626 25 0 579.07331 1.8888451 -0.69049084
37 60.713655 81.207629 0.63811888 -0.50735021 -0.40071251 25 0 423.60628 1.3398622 -0.31765032
38 3.7387731 83.191818 0.8453661 -0.077809521 -0.018821361 25 0 506.20546 1.3265335 -0.30679559
39 118.16096 83.346418 0.57638498 0.019790262 -0.30338242 25 0 375.50194 1.3271464 -0.3072971
40 438.79041 82.621905 0.630994 0.33271782 -0.15445877 25 0 1534.7895 5.0652102 -1.7614937
41 424.15621 84.414441 0.59161106 -0.025348575 -0.071577372 25 0 513.35579 1.9114347 -0.70339868
42 477.63324 83.484921 0.4778029 0.61314586 0.015435779 25 0 374.50436 1.6050572 -0.51372631
43 61.643221 86.453671 0.62051221 -0.45881137 -0.18282257 25 0 1407.7819 4.3679533 -1.600695
44 319.97553 87.991112 0.48187976 -0.55979268 -0.12566748 25 0 229.99995 1.08634 -0.089914466
45 474.59319 91.383501 0.53270658 -0.0096691358 -0.0047693145 25 0 795.11384 2.8262799 -1.1280379
46 356.48214 95.292173 0.59756437 -0.35809781 -0.32390291 25 0 2888.8121 9.3880059 -2.4314334
47 125.59989 98.359084 0.54088275 0.030374555 -0.015603551 25 0 412.27252 1.4457503 -0.40023323
48 98.036422 101.81049 0.64497367 -0.093915276 -0.33405618 25 0 589.14331 1.9599956 -0.73063775
49 496.92329 102.25559 0.6563663 0.025051426 -0.13382782 25 0 23320.511 74.07395 -4.6741638
50 160.87623 108.80707 0.61808786 0.12027549 -0.2035005 25 0 539.4322 1.7789238 -0.62539335
51 289.5565 109.57675 0.57192837 0.24163029 -0.23970571 25 0 1021.8537 3.4871582 -1.3561791
52 293.47028 111.31962 0.53404136 -0.61459954 -0.26611489 25 0 1171.9198 3.9972088 -1.5043921
53 191.78735 112.28638 0.58304272 -0.091681021 -0.30150248 25 0 1572.9714 5.1304026 -1.7753786
54 59.596889 116.23334 0.651714 -0.33817876 -0.29346149 25 0 4387.9862 13.767396 -2.8471295
55 121.52099 115.84196 0.54527918 0.18581189 -0.236564 25 0 361.91924 1.306246 -0.29006242
56 457.40953 116.22656 0.59510334 -0.3121007 -0.31767286 25 0 334.15926 1.244034 -0.23708062
57 302.52989 118.36481 0.7186897 -0.18544545 -0.26674929 25 0 360.68726 1.185217 -0.18449469
58 495.2454 122.14538 0.72688345 0.21868475 -0.084575427 25 0 2477.9352 7.4318289 -2.1777393
59 338.16442 127.72551 0.73066798 -0.20473192 -0.27594587 25 0 597.84809 1.8168827 -0.64831719
60 224.91013 129.50424 0.56559163 0.19578712 -0.071178768 25 0 14777.122 49.5184 -4.2369165
61 242.31642 129.69123 0.58599943 -0.22830389 -0.26433619 25 0 1006.1938 3.2684448 -1.2858529
62 252.32102 131.06496 0.66708941 -0.098550752 -0.31604147 25 0 1865.7433 5.6990516 -1.8895065
63 308.98398 130.76368 0.60923979 0.0438813 -0.24304436 25 0 1117.334 3.8616563 -1.466934
64 104.08016 132.86937 0.62755414 -0.48573566 -0.36392327 25 0 555.63839 1.9021929 -0.69813638
65 204.42199 132.66534 0.60331156 -0.37525974 -0.42502215 25 0 524.60157 1.6270446 -0.52849866
66 454.17627 132.25956 0.65524043 0.20340374 0.17614638 25 0 383.76396 1.4036658 -0.36815931
67 498.13547 132.78912 0.71460347 0.36972936 -0.015035596 25 0 330.99748 1.2189132 -0.21493199
68 56.703488 134.27375 0.52072587 -0.64144487 -0.18171017 25 0 484.75818 1.8793879 -0.68504107
69 158.21754 134.08262 0.74769077 -0.70425077 -0.7614811 25 0 479.70518 1.3456833 -0.32235719
70 156.30582 136.12054 0.68281829 0.024242108 -0.26939752 25 0 2126.7583 6.3555345 -2.0078802
71 484.10693 136.97932 0.33488437 0.31083372 0.53825624 25 0 202.72694 1.1554046 -0.1568352
72 180.2911 141.63235 0.58679777 -0.055197935 -0.10419813 25 0 1578.3163 5.0389202 -1.7558437
73 11.459777 142.92598 0.68549918 -0.049299587 -0.38616901 25 0 1278.8961 3.8864707 -1.4738885
74 257.54249 145.01702 0.64465265 -0.26250899 -0.37753636 25 0 457.30445 1.4283195 -0.38706342
75 40.077736 151.78425 0.72408876 0.3009356 0.27451223 25 0 311.23982 1.0199929 -0.021492828
76 400.11958 153.20599 0.6328095 0.057991199 -0.19869889 25 0 12452.319 40.181392 -4.0100624
77 18.713735 159.17351 0.67622091 -0.20325895 -0.33055615 25 0 730.16304 2.2989291 -0.90381396
78 302.93076 158.78088 0.61242498 -0.090963181 -0.24052274 25 0 2979.9655 9.773654 -2.4751424
79 1.786619 163.15304 0.65489048 -0.082681762 -0.18265278 25 0 592.73527 1.9706542 -0.73652606
80 488.25008 165.26252 0.70131354 0.19916269 -0.12564672 25 0 8777.517 26.689752 -3.5658614
81 101.4812 172.47008 0.54975629 0.28442076 -0.19415375 25 0 311.67668 1.1481229 -0.14997093
82 390.02288 174.76856 0.63243921 0.025546965 -0.17455916 25 0 52627.164 168.59079 -5.5670846
83 429.26617 178.1458 0.65112841 0.22901282 -0.20962867 25 0 557.64044 1.8820359 -0.68656974
84 210.58962 178.61989 0.45572701 0.22945253 -0.21758387 25 0 433.2044 1.601644 -0.51141496
85 157.57294 182.03764 0.63867195 -0.12878912 -0.46222448 25 0 664.15445 2.0277763 -0.76755012
86 230.18037 186.99439 0.59401135 -0.02557532 -0.27669051 25 0 1849.0795 6.2304948 -1.9863063
87 350.45762 186.8952 0.6351624 0.046774958 -0.36993105 25 0 475.11019 1.5404355 -0.46910877
88 482.29044 186.62127 0.65012587 -0.20265142 -0.066666338 25 0 6595.528 20.807074 -3.2955276
89 168.24979 187.6263 0.6027707 -0.22819441 -0.057172579 25 0 844.29891 2.7252269 -1.0885067
90 417.59739 189.17467 0.50711573 0.23453824 0.014708282 25 0 293.99308 1.3293938 -0.30913409
91 156.68881 190.32422 0.56797027 -0.25738729 -0.26236828 25 0 1478.1467 5.0339653 -1.7547755
92 20.858549 196.07725 0.77154562 0.16017072 -0.17742443 25 0 875.47894 2.5859692 -1.0315584
93 119.06954 196.24593 0.64723882 0.12773628 -0.14156712 25 0 1842.957 5.7256433 -1.8945607
94 425.23037 195.83308 0.67569956 -0.18732503 -0.22741469 25 0 3002.7936 9.2800508 -2.4188759
95 415.15118 198.00419 0.61200243 0.054521955 -0.21837528 25 0 618.55028 2.3625426 -0.93344914
96 486.92742 197.77938 0.67409391 0.19222098 -0.20143309 25 0 785.35809 2.5111722 -0.99969123
97 230.77901 199.21625 0.60904634 0.013442604 -0.2121129 25 0 1020.9565 3.2236851 -1.2708815
98 425.59753 200.86443 0.59097248 -0.30831886 -0.31245257 25 0 843.20062 3.0248839 -1.2017718
99 193.2558 201.88499 0.61761721 -0.33230004 -0.11821588 25 0 759.84193 2.5225356 -1.0045933
100 75.616278 202.7246 0.6263676 0.23829768 -0.26306733 25 0 37294.301 118.81187 -5.1871496
101 125.47491 204.00268 0.68552161 -0.44469733 -0.4789195 25 0 456.22958 1.3469823 -0.32340472
102 424.58487 208.89729 0.66905216 0.14602538 -0.37893174 25 0 380.84262 1.311207 -0.29417817
103 458.95063 212.78254 0.71829376 0.046593763 -0.12923404 25 0 671.72108 2.0941168 -0.80250228
104 172.24934 214.72509 0.74824139 -0.3171152 -0.25495957 25 0 657.66939 1.7850991 -0.62915582
105 70.697852 216.92388 0.60243947 0.088315502 -0.35506391 25 0 592.38729 1.9493115 -0.72470313
106 473.48732 218.96881 0.73753482 0.054357554 -0.10283051 25 0 685.57111 2.1400934 -0.8260818
107 419.70824 221.28942 0.69748924 -0.29061788 -0.073883257 25 0 321.72705 1.0855457 -0.089120292
108 506.71276 222.60217 0.61504391 0.26145371 -0.10169075 25 0 2895.8421 9.3087599 -2.4222296
109 16.425536 225.85508 0.68405626 0.53742665 -0.21484084 25 0 383.79167 1.1670042 -0.16768106
110 18.391445 227.26534 0.67796067 -0.10487323 -0.50837945 25 0 450.59683 1.4762654 -0.42291113
111 429.49231 228.79197 0.60693656 0.15059345 -0.33258692 25 0 970.64025 3.2097205 -1.266168
112 330.35126 230.8532 0.61627165 -0.22555992 -0.25852369 25 0 1465.5628 4.6885154 -1.6775884
113 260.45483 232.79435 0.58386406 -0.29966921 -0.29507663 25 0 683.25288 2.2620457 -0.88625345
114 154.72193 234.03892 0.6507063 0.074741597 -0.25828947 25 0 1083.5081 3.4123187 -1.332624
115 483.46619 237.46103 0.55636442 -0.46306612 -0.10115021 25 0 3887.3906 12.924895 -2.7785675
116 243.84494 239.49761 0.5574567 -0.093369311 -0.12873436 25 0 2488.43 8.3693914 -2.3067347
117 356.03222 241.78268 0.61598709 -0.049463359 -0.16150846 25 0 4471.0308 14.611217 -2.911716
118 426.20428 242.58084 0.60545826 -0.17535884 -0.085560902 25 0 13103.232 42.282303 -4.0653966
119 331.00584 244.04087 0.66459802 0.046277818 -0.12462167 25 0 1098.3166 3.4214078 -1.3355121
120 495.3402 244.77868 0.62691165 -0.72084876 -0.46200765 25 0 327.34956 1.2232431 -0.21878192
121 184.48909 250.1499 0.67313475 0.12122501 -0.23757576 25 0 749.58495 2.3016193 -0.90508371
122 244.62665 251.15532 0.64047224 -0.0029437055 -0.37651988 25 0 704.32383 2.1926879 -0.85244204
123 34.718291 254.15016 0.76320367 0.58754256 -0.16137312 25 0 453.8582 1.3661257 -0.33872665
124 435.37541 254.0921 0.69729187 0.14622055 -0.20037067 25 0 2167.0635 6.5613042 -2.0424754
125 208.13562 267.66036 0.59245681 -0.049392249 -0.15240863 25 0 4727.3681 15.557804 -2.9798708
126 432.26246 267.48964 0.57030366 -0.2314555 -0.025348264 25 0 6299.6432 20.641895 -3.2868739
127 270.1977 270.30539 0.71462979 0.45000789 -0.26271497 25 0 453.83687 1.2818721 -0.26961175
128 108.91286 277.93963 0.62500167 -0.01185283 -0.084385229 25 0 343.12209 1.0565188 -0.059693118
129 37.400891 288.26906 0.66244823 0.24749299 -0.27797057 25 0 1496.3512 4.7021629 -1.6807442
130 93.894105 289.96766 0.67936072 -0.091256647 -0.24962334 25 0 433.94829 1.4959077 -0.437262
131 219.4871 296.72172 0.71536283 0.15629441 -0.20823264 25 0 368.46046 1.1446375 -0.14666991
132 51.454056 297.5579 0.6348547 0.29360167 -0.27003608 25 0 658.2879 2.0369775 -0.77246557
133 351.80259 300.15197 0.63074515 -0.10430209 -0.22327265 25 0 5647.814 18.129697 -3.1459764
134 164.5704 301.31759 0.66340201 0.55360092 -0.34455671 25 0 890.70611 2.6051174 -1.0395682
135 43.187363 302.45188 0.6298717 0.32510566 -0.075572853 25 0 1177.0165 3.7332813 -1.4302268
136 71.462577 302.27569 0.69473341 0.1481482 -0.17582283 25 0 1207.7104 3.6488894 -1.4054018
137 326.36024 304.90558 0.71922906 -0.309124 -0.19568839 25 0 425.96285 1.2058589 -0.20324121
138 457.41048 305.37203 0.71929062 0.35364986 -0.07039524 25 0 824.52951 2.3857647 -0.94406902
139 140.47643 312.15514 0.72081369 0.25622023 -0.36571688 25 0 513.60407 1.3464055 -0.32293969
140 54.832642 317.96691 0.67593406 -0.13026692 -0.32473786 25 0 1363.8676 4.2052271 -1.5594736
141 402.42651 318.4594 0.49788229 0.53976461 -0.097289511 25 0 306.47355 1.1561636 -0.15754827
142 198.35759 323.80437 0.63961224 -0.64814614 -0.34426426 25 0 843.17472 2.5599856 -1.0205938
143 430.27044 324.03534 0.68518624 0.031720384 -0.21206918 25 0 1185.4587 3.6760473 -1.4134527
144 117.5158 328.44219 0.55832484 -0.39472422 -0.19614533 25 0 2807.6687 9.2716233 -2.4178894
145 39.785298 332.28858 0.609175 0.059542048 -0.10420237 25 0 423.04152 1.3752075 -0.34592054
146 309.77045 340.37099 0.5671202 -0.20457786 -0.35505102 25 0 540.73173 1.7979285 -0.63693103
147 0.41867534 347.12547 0.85890924 -0.086556126 -0.049252295 25 0 5722.0893 15.478238 -2.9743038
148 10.39438 348.04388 0.74267004 -0.0070005892 -0.27299768 25 0 14458.992 42.321879 -4.0664124
149 267.43565 347.64083 0.59315398 -0.10908172 -0.0041128908 25 0 491.36359 1.4268976 -0.38598204
150 360.00327 348.03668 0.58610921 0.21745964 -0.40129671 25 0 511.97761 1.6730547 -0.55877533
151 56.584016 349.32767 0.52862546 -0.73591901 -0.16304992 25 0 802.38479 2.7239817 -1.0880105
152 243.46578 349.11358 0.65831772 0.043573856 -0.43813181 25 0 910.48548 2.7092625 -1.0821277
153 468.38527 355.84663 0.6469361 0.1908932 0.30385735 25 0 963.68875 2.6655671 -1.0644741
154 239.61434 358.8508 0.60956106 -0.40727532 -0.57853987 25 0 359.19502 1.0716799 -0.075162721
155 340.26427 361.53999 0.56681023 -0.11544719 -0.078925817 25 0 708.08236 2.4818884 -0.98695564
156 219.53854 365.13365 0.69096051 0.0036880663 -0.3685578 25 0 5387.9363 15.895888 -3.003212
157 1.6415066 367.10869 0.69337482 -0.23108214 -0.32525142 25 0 919.91035 2.7799214 -1.1100813
158 361.65645 366.7245 0.62230821 -0.47720039 -0.27849477 25 0 981.72552 3.0251822 -1.2018788
159 472.98658 367.48067 0.6394317 -0.1421881 -0.10150631 25 0 389.1498 1.2393437 -0.23297944
160 278.44985 369.21288 0.65861442 0.10771632 -0.32565313 25 0 24600.542 74.34075 -4.6780673
161 1.8947531 370.95959 0.75212032 -0.31859583 -0.22228557 25 0 1558.1503 4.5335907 -1.6411058
162 2.8368816 374.37954 0.66601568 0.35778268 0.37656202 25 0 606.32114 1.8415491 -0.66295829
163 394.29309 376.45013 0.60446746 0.24154872 -0.11010805 25 0 1748.843 5.4568467 -1.8423544
164 459.49322 377.16343 0.61139952 -0.20537659 -0.33720078 25 0 338.01354 1.0578811 -0.061092122
165 205.7692 378.12237 0.61051089 0.0034983023 -0.2894072 25 0 1635.8202 5.2030843 -1.7906522
166 257.8841 379.38954 0.58727318 -0.10586721 -0.14099205 25 0 2614.7723 8.5887244 -2.3348217
167 75.518538 380.55647 0.60058442 -0.44121061 -0.18822558 25 0 4295.177 13.452632 -2.8220182
168 118.56997 381.65599 0.54747992 -0.11941591 -0.12770721 25 0 456.66988 1.3965263 -0.36262284
169 407.48792 380.75688 0.6548203 -0.43559333 -0.19769181 25 0 1175.7028 3.6437901 -1.4038834
170 2.5634598 383.58626 0.52004424 0.2951085 -0.094214722 25 0 356.56854 1.2164549 -0.21274005
171 479.16958 382.97532 0.7324231 -0.11480696 -0.17911688 25 0 11298.071 33.72182 -3.8197775
172 345.58877 393.90993 0.67655296 -0.042869698 -0.30240994 25 0 3618.9219 10.960851 -2.5996107
173 54.619858 394.7686 0.69072242 0.22312129 -0.2489638 25 0 3877.8065 11.683489 -2.6689314
174 100.41096 396.48357 0.64279311 0.80528425 0.063501037 25 0 623.98455 1.7659272 -0.61743199
175 207.1038 398.04529 0.73754296 -0.064746782 -0.27359246 25 0 719.56226 1.9283487 -0.71296395
176 80.086885 399.46652 0.5646068 0.29495758 0.06876073 25 0 386.08153 1.1680037 -0.16861053
177 463.66579 399.31399 0.56904067 -0.87427625 -0.32890127 25 0 620.93853 2.0063093 -0.7559947
178 124.44378 400.78191 0.64250654 -0.24529364 -0.34881322 25 0 1466.4403 4.3531663 -1.5970131
179 435.11649 403.29941 0.6559031 0.060158734 -0.093276054 25 0 2708.2462 8.4358992 -2.3153285
180 464.40956 402.97426 0.73464349 -0.38519031 -0.29476324 25 0 2517.8368 7.3575221 -2.1668289
181 40.009957 405.75083 0.77699797 0.17016762 -0.41907729 25 0 598.18815 1.5638889 -0.48551475
182 226.31362 410.90529 0.69952261 -0.14440873 -0.28093072 25 0 8784.11 26.467868 -3.5567974
183 152.91021 413.27049 0.69388256 0.30208482 0.013995658 25 0 382.32543 1.0822087 -0.08577752
184 356.7283 413.07866 0.6451644 -0.11398059 -0.28872322 25 0 886.85944 2.7552365 -1.1003972
185 255.42973 418.36538 0.6351776 0.83083482 -0.22146995 25 0 650.42336 1.8864454 -0.68911059
186 392.51328 418.11425 0.65486386 -0.3003707 -0.50167474 25 0 599.89191 1.8247913 -0.65303298
187 252.7823 422.07306 0.67622423 -0.16625109 -0.33268031 25 0 2174.9436 6.5946782 -2.047984
188 474.20303 422.74199 0.69842435 0.32000901 -0.17605782 25 0 513.26993 1.3160785 -0.29820446
189 21.7533 425.99519 0.59282781 0.17491305 -0.32570131 25 0 313.13002 1.0117003 -0.012629721
190 84.723342 427.26931 0.66010008 0.082865296 -0.1342454 25 0 1061.4307 3.2047138 -1.2644731
191 108.91748 428.70416 0.66274607 -0.017296191 -0.26391113 25 0 2485.0825 7.6565569 -2.2100838
192 284.5306 439.04807 0.56805009 -0.91275499 -0.23018374 25 0 374.38983 1.1446552 -0.14668673
193 194.50883 445.86502 0.53290775 -0.26135501 -0.3686753 25 0 426.59117 1.3347084 -0.31346596
194 159.53926 446.8875 0.69309451 0.10283195 -0.29528886 25 0 2420.3839 7.001785 -2.1130219
195 133.14697 447.67681 0.66424733 0.13635413 -0.12759481 25 0 1181.992 3.4357783 -1.3400628
196 381.61864 447.93861 0.75095192 -0.81296035 -0.37339465 25 0 448.68059 1.1255551 -0.12841686
197 162.55298 449.73193 0.68417045 -0.20174608 -0.17901387 25 0 424.92343 1.0006782 -0.00073612597
198 232.74383 450.31379 0.61407759 -0.10564276 -0.24821142 25 0 1231.4007 3.9954728 -1.5039205
199 491.91384 450.43199 0.31692026 -0.098694447 -0.19139564 25 0 61223.335 225.48791 -5.8828082
200 345.41418 452.23647 0.67114756 0.1661325 -0.27913881 25 0 3448.4141 10.468909 -2.5497536
201 15.260678 455.09721 0.91830399 -0.09574959 -0.27990846 25 0 475.03708 1.0749692 -0.078490033
202 245.80139 454.78371 0.67625024 -0.033389548 -0.098091667 25 0 1360.9397 4.0548427 -1.519935
203 92.054288 456.42414 0.5784196 0.11792538 -0.0057736536 25 0 12262.83 40.555789 -4.0201321
204 477.09622 457.58957 0.75391086 -0.37565019 0.016911134 25 0 506.2916 1.2798548 -0.26790176
205 463.40522 463.68076 0.49357901 -0.022505816 -0.40541304 25 0 338.16948 1.1305699 -0.13324352
206 477.8906 466.96494 0.76826428 -0.2111284 -0.22370489 25 0 2911.0567 8.2762701 -2.2945866
207 380.19657 469.23594 0.72908419 0.27406058 0.064718548 25 0 410.29106 1.0971939 -0.10070851
208 311.95013 470.31117 0.50259562 0.51503748 0.20360182 25 0 617.0247 2.0418199 -0.77504359
209 435.77827 471.75689 0.73505233 -0.39591934 -0.41346997 25 0 546.05448 1.3639001 -0.3369564
210 331.24851 472.8811 0.56288219 -0.091853153 -0.07354889 25 0 326.78202 1.1814981 -0.18108259
211 362.94881 475.39239 0.62826372 -0.12618569 -0.094989954 25 0 1352.4023 4.0707931 -1.5241976
212 57.193855 475.97689 0.76193557 0.015286416 -0.24447796 25 0 7503.6492 21.942634 -3.3532219
213 150.06777 477.29781 0.70791265 0.079755245 -0.17766561 25 0 1390.8448 3.9411334 -1.4890529
214 428.46781 479.1326 0.51662887 -0.04665635 -0.29511723 25 0 60677.185 204.31551 -5.7757533
215 46.191665 481.09646 0.79180669 0.025961906 -0.34743433 25 0 428.42112 1.0522253 -0.055271835
216 405.8177 481.3935 0.68023684 -0.34946764 -0.16058892 25 0 410.09469 1.0761883 -0.07972069
217 211.70622 485.39744 0.61166298 -0.19972223 -0.15669268 25 0 4866.9982 15.555294 -2.9796956
218 343.36534 487.2778 0.75910243 -0.264372 -0.10340213 25 0 735.973 1.822545 -0.65169563
219 429.59588 487.00049 0.69014415 -0.18312819 -0.1810564 25 0 631.89007 1.6454127 -0.54068709
220 115.09104 489.20297 0.6987679 0.11245786 -0.27613823 25 0 562.57276 1.5319176 -0.46308851
221 246.14249 488.6026 0.58450601 -0.33514954 0.111918 25 0 354.04215 1.0230101 -0.024699751
222 261.86299 488.82368 0.70613478 0.010944541 -0.22969181 25 0 3695.4911 11.013778 -2.6048408
223 339.1641 494.03197 0.71813334 0.030038736 -0.24368736 25 0 648.77577 1.7633926 -0.6158725
224 139.76707 494.65614 0.74988891 0.2862039 -0.11226339 25 0 1089.6565 2.9909937 -1.1895387
225 217.31014 498.9889 0.92297691 0.38045676 -0.047035744 25 0 458.06493 1.002451 -0.0026578886
226 64.908311 499.91457 0.77651319 -0.083561029 -0.27349434 25 0 1473.1363 4.084704 -1.5279015
227 241.14458 509.78154 0.74961494 0.40469653 -0.28618354 25 0 620.64405 1.6140162 -0.51976972
