id xcentroid ycentroid sharpness roundness1 roundness2 npix sky peak flux mag
1 507.86434 1.7704498 0.54897443 -0.31622815 -0.58079103 25 0 181 1.0602396 -0.063510064
2 297.1465 7.601358 0.59783681 0.12356266 -0.011476461 25 0 685 2.0857836 -0.79817312
3 306.23209 10.077476 0.68805187 0.15640631 -0.19450768 25 0 426 1.2681847 -0.2579563
4 428.50797 10.938921 0.52145234 0.30626566 -0.25256628 25 0 383 1.6722317 -0.55824115
5 109.17745 14.877363 0.62305359 -0.24356763 -0.31179588 25 0 499 1.6438556 -0.53965917
6 334.60718 16.285837 0.59022844 0.2010066 -0.15074208 25 0 757 2.3589551 -0.93179919
7 24.257249 16.754627 0.65433497 -0.16936293 -0.19147673 25 0 14808 41.379923 -4.0419742
8 408.14859 19.561123 0.65133432 0.43488199 0.017948659 25 0 613 1.9189789 -0.70767551
9 467.26112 19.328765 0.70621802 0.33785714 -0.13002657 25 0 28802 75.433703 -4.6939136
10 353.90705 37.750787 0.61651248 0.23208007 -0.20626549 25 0 510 1.5891631 -0.50292118
11 453.44533 37.893518 0.60205941 0.26226385 -0.14308148 25 0 265 1.1209942 -0.12400841
12 126.41175 40.242098 0.57084451 0.18938109 -0.32000272 25 0 386 1.1761149 -0.17612441
13 113.56625 44.442169 0.64696595 0.45704668 -0.20866184 25 0 505 1.426544 -0.38571292
14 186.34179 45.556969 0.59292316 0.5294289 -0.033873944 25 0 1067 3.0097178 -1.1963144
15 205.72297 46.390509 0.57928683 -0.083436347 -0.22955906 25 0 2126 6.0393842 -1.9524816
16 324.30766 48.55671 0.42122977 0.44895585 -0.20504192 25 0 58750 181.43426 -5.6467982
17 346.5174 47.678545 0.49944211 0.20301313 -0.10277868 25 0 393 1.3218989 -0.30299558
18 66.214658 48.688271 0.69229859 0.32769124 -0.0029137905 25 0 520 1.3959542 -0.36217789
19 111.18385 50.593674 0.5714463 -0.047282971 -0.13899704 25 0 4698 13.798883 -2.8496099
20 154.12409 51.114962 0.59550961 0.61523273 -0.19416926 25 0 408 1.2543869 -0.2460788
21 399.99083 52.060738 0.65908966 0.20364222 -0.19449249 25 0 1111 3.2235807 -1.2708464
22 246.40765 57.517162 0.52861707 0.20742225 -0.0051524611 25 0 344 1.0540031 -0.057104752
23 470.3983 58.058748 0.74601497 0.1356313 -0.29586831 25 0 822 2.2886181 -0.89893334
24 294.0849 58.999765 0.62771618 -0.049335845 -0.31787279 25 0 1719 4.8877575 -1.7227741
25 443.03958 65.714546 0.60045861 0.39806252 -0.11867916 25 0 1437 4.4349194 -1.6172143
26 501.58648 67.991001 0.7184143 -0.038521275 -0.33726892 25 0 3432 9.0319591 -2.3894549
27 54.214094 71.183736 0.71394566 0.34822648 -0.21754958 25 0 419 1.2142318 -0.21075402
28 31.130524 71.526084 0.52698587 -0.080268681 -0.11686726 25 0 462 1.49928 -0.43970685
29 112.19513 73.48711 0.58833567 0.20828687 -0.020045179 25 0 465 1.3476016 -0.32390378
30 432.61448 72.531373 0.56143612 0.54841626 -0.079629366 25 0 1270 3.9873593 -1.5017134
31 471.38208 73.189567 0.70831151 0.33962463 -0.11355025 25 0 438 1.4719873 -0.41976016
32 417.91186 74.234825 0.63865004 -0.14717594 -0.38327453 25 0 520 1.584999 -0.50007251
33 55.367251 76.467124 0.53805389 0.50979053 -0.19147308 25 0 1263 3.8154657 -1.4538689
34 468.49264 81.154953 0.7105056 0.061939237 -0.21662576 25 0 918 2.6536375 -1.059604
35 350.38905 85.19509 0.67276184 0.18115464 -0.25262304 25 0 3604 9.7115372 -2.4682199
36 119.4223 88.441634 0.62057383 0.17844884 -0.39726322 25 0 480 1.3126366 -0.29536129
37 91.830882 92.012236 0.67888254 0.031352213 -0.19200429 25 0 687 1.8543836 -0.67049893
38 144.26167 92.066764 0.50450139 -0.04546044 -0.27631253 25 0 364 1.0830279 -0.086599091
39 490.85587 92.086057 0.67784943 0.076925716 -0.1778143 25 0 24500 66.827763 -4.5623923
40 154.60005 98.754076 0.54849988 0.25726104 -0.28700723 25 0 507 1.3711819 -0.34273767
41 283.3926 99.490065 0.60796035 0.20211882 -0.20286424 25 0 1126 2.9829673 -1.1866212
42 287.42859 101.19394 0.65557432 -0.052754076 -0.38334817 25 0 1617 4.2616869 -1.5739538
43 185.65205 102.25512 0.60181705 -0.3209651 -0.32493179 25 0 1679 4.4880613 -1.6301469
44 53.415862 106.41437 0.62507336 0.26942212 -0.21104851 25 0 4007 10.940759 -2.5976187
45 115.41797 106.00233 0.77058209 0.022522752 -0.34944063 25 0 604 1.3934596 -0.36023595
46 451.4037 105.99274 0.75510887 0.075371293 -0.10949152 25 0 428 1.2749086 -0.26369767
47 296.38332 108.18363 0.79906513 -0.30043271 -0.19534999 25 0 470 1.0498276 -0.05279493
48 508.9322 108.5101 0.57929935 0.38594961 -0.0062947811 25 0 1899 5.7778389 -1.9044136
49 489.13974 112.04329 0.66983019 0.049541109 -0.10527738 25 0 2231 6.3279894 -2.0031644
50 332.12514 117.6832 0.48270139 0.17778764 -0.039520891 25 0 505 1.6830963 -0.56527243
51 218.67662 119.49926 0.52390944 0.44343017 -0.11228814 25 0 14139 42.139968 -4.0617355
52 236.14555 119.62759 0.56314319 0.12311574 -0.13890228 25 0 1045 2.8557811 -1.1393123
53 246.24385 121.04484 0.66036451 -0.0044981004 -0.25575051 25 0 2146 5.7034299 -1.8903403
54 302.76383 120.71346 0.57093374 0.23939602 -0.19256734 25 0 1171 3.3153914 -1.301337
55 97.741345 122.98727 0.60556033 -0.60025614 -0.46268694 25 0 545 1.4939979 -0.435875
56 198.33697 122.71366 0.53128109 -0.043484794 -0.37387482 25 0 550 1.6022081 -0.51179727
57 152.45044 124.25591 0.55068129 -0.2561986 -0.37779166 25 0 471 1.3700193 -0.34181671
58 50.600363 124.517 0.48680331 0.71054823 -0.21564104 25 0 416 1.2113411 -0.20816614
59 150.04663 126.20405 0.66449596 -0.030022547 -0.27597758 25 0 2294 6.1066657 -1.9645104
60 174.05021 131.62752 0.55204231 0.00018645541 -0.12959383 25 0 1725 4.9764776 -1.7423051
61 5.4311024 133.0998 0.66547809 0.093437709 -0.2859503 25 0 1337 3.727832 -1.4286408
62 251.50085 135.04051 0.65640437 0.028477776 -0.21612685 25 0 536 1.1583123 -0.15956418
63 393.9055 143.10249 0.63488044 0.035151143 -0.22073666 25 0 13211 37.11547 -3.9238874
64 296.81841 148.71348 0.52245006 0.1392043 -0.18082898 25 0 2769 8.3781897 -2.3078755
65 12.703063 149.50215 0.68581632 0.50401652 -0.088188176 25 0 814 2.1267203 -0.81927594
66 482.19884 155.09853 0.70158904 0.14268782 -0.16288114 25 0 8964 24.005321 -3.4507688
67 95.342652 162.81137 0.80957587 -0.2208373 -0.23092144 25 0 545 1.0872573 -0.09083088
68 383.88728 164.61264 0.53420422 0.22817009 -0.12395384 25 0 44809 135.1876 -5.3273421
69 423.20887 168.07914 0.73660098 -0.030223983 -0.30608172 25 0 605 1.6766307 -0.56109351
70 204.34625 168.48446 0.49476959 -0.2339874 -0.14529038 25 0 465 1.1443222 -0.14637084
71 151.42631 172.04487 0.73687727 -0.14106354 -0.49596226 25 0 620 1.3460657 -0.32266564
72 31.262124 175.46875 0.44228216 -0.048648899 -0.21252474 25 0 299 1.0683938 -0.07182842
73 476.20041 176.48615 0.64820266 0.39938082 -0.0034756204 25 0 6346 17.385079 -3.1004416
74 223.98871 177.10163 0.60895686 0.0022558537 -0.207215 25 0 1970 5.4182698 -1.8346516
75 344.26862 176.83226 0.51080708 0.12334036 -0.19397051 25 0 513 1.5778324 -0.49515217
76 162.0939 177.75307 0.54572711 -0.24868889 -0.15477898 25 0 973 2.8481978 -1.1364254
77 411.55816 178.98676 0.59616055 0.21779005 -0.36745788 25 0 398 1.3170976 -0.29904491
78 150.48414 180.39842 0.58597049 -0.49134855 -0.30270203 25 0 1473 3.8337832 -1.4590689
79 14.650469 186.16662 0.67066656 -0.0061898422 -0.260187 25 0 943 2.6602483 -1.0623054
80 112.78038 186.39022 0.60443369 0.098718783 -0.10110361 25 0 1714 4.4757627 -1.6271676
81 419.12823 185.69049 0.61226298 -0.064058823 -0.091955433 25 0 2825 8.1023965 -2.2715337
82 480.77031 187.69901 0.55851768 0.062529629 0.13700925 25 0 564 1.9474487 -0.72366506
83 408.91792 187.94342 0.57552321 0.12098781 -0.17550054 25 0 643 2.1288669 -0.8203713
84 224.6731 189.31866 0.62139314 -0.10579241 -0.23757848 25 0 1106 2.767468 -1.1052065
85 419.3501 190.70741 0.59235394 0.22818234 -0.32101479 25 0 800 2.3908395 -0.94637608
86 187.34753 191.94945 0.64031995 -0.27459382 -0.25549395 25 0 768 1.8497992 -0.66781149
87 69.451763 192.85733 0.64790604 0.082813861 -0.32917562 25 0 39540 106.76329 -5.0710549
88 119.16946 194.06872 0.74137264 0.11517474 -0.097329989 25 0 488 1.072067 -0.075554848
89 452.88973 202.50937 0.45388702 0.089319944 0.0066493935 25 0 410 1.5862187 -0.50090768
90 346.71311 204.48188 0.44797947 0.02061791 0.047498524 25 0 291 1.0106373 -0.011488308
91 166.08613 204.73208 0.52321724 -0.27225239 -0.32917465 25 0 642 1.8489388 -0.66730632
92 196.60101 205.88472 0.62159628 -0.32006262 -0.37667332 25 0 445 1.1122355 -0.11549185
93 506.66124 206.33059 0.65177908 -0.11408516 -0.19927011 25 0 1540 4.3886977 -1.6058392
94 64.597801 207.00515 0.62246962 -0.083046464 -0.48638041 25 0 628 1.5736398 -0.49226333
95 467.4505 208.65496 0.60023069 -0.61583996 -0.30286874 25 0 522 1.6580553 -0.54899752
96 500.60746 212.44071 0.60019789 -0.19286085 -0.13786462 25 0 2778 7.9630171 -2.2526941
97 10.706435 215.8944 0.60874266 0.32579488 -0.67812801 25 0 426 1.2428881 -0.23608006
98 12.422556 217.24674 0.68439528 0.59613012 -0.14341347 25 0 411 1.076875 -0.080413191
99 423.40413 218.54202 0.5275735 0.43413496 -0.06061219 25 0 841 2.6676991 -1.0653421
100 324.27299 220.77025 0.54225445 -0.06399058 -0.20943566 25 0 1446 4.2649737 -1.5747909
101 254.32502 222.74152 0.60052986 -0.22105097 -0.25414546 25 0 752 1.8771057 -0.68372185
102 148.4564 224.14448 0.59228545 -0.16986696 -0.42758911 25 0 1035 2.7040218 -1.0800255
103 477.36427 227.30461 0.66805566 0.33247894 -0.17875733 25 0 4786 12.911588 -2.7774492
104 237.78879 229.56287 0.54707753 -0.062968471 -0.047814665 25 0 2477 6.9335369 -2.1023871
105 350.02472 231.62883 0.5393972 0.10742066 -0.10350937 25 0 4018 11.933271 -2.6918987
106 420.14978 232.44576 0.63267571 0.26159103 -0.07782946 25 0 13718 37.543931 -3.9363494
107 324.97836 233.93525 0.6023512 0.18872606 -0.17474119 25 0 1119 3.1691368 -1.2523525
108 178.43034 240.13424 0.59380817 0.13722613 -0.36772081 25 0 780 2.052756 -0.78084331
109 238.51358 241.22725 0.62915486 0.081491102 -0.39935448 25 0 855 2.2064652 -0.8592427
110 28.856105 244.37567 0.66354991 -0.21362362 -0.24356981 25 0 449 1.1653249 -0.16611756
111 429.38294 243.90752 0.65146042 -0.013948109 -0.27282879 25 0 1969 5.4999079 -1.8508885
112 426.22127 257.32702 0.63707259 0.25290691 -0.14916979 25 0 7466 20.568366 -3.2829995
113 202.01999 257.74701 0.55213291 0.069107191 -0.17820598 25 0 4751 14.066541 -2.8704683
114 393.74408 257.52991 0.91229158 0.54807227 0.19235673 25 0 4038 9.2322482 -2.4132687
115 264.11424 260.12238 0.59920682 0.031848583 -0.23646787 25 0 564 1.5258595 -0.45878635
116 329.69456 266.61604 0.56439214 -0.2376093 -0.066061319 25 0 377 1.041343 -0.043984463
117 102.73259 267.95031 0.65689457 -0.018357978 -0.18766381 25 0 420 1.0468029 -0.049662341
118 31.350635 278.38671 0.63238363 0.47567243 -0.19505267 25 0 1449 3.8733532 -1.4702178
119 45.659237 287.56174 0.59684735 -0.27480064 -0.18354024 25 0 721 1.9553199 -0.72804454
120 345.79105 290.12457 0.61207947 -0.085039372 -0.23803133 25 0 5777 16.440102 -3.0397613
121 158.55752 291.41555 0.65539236 0.26950001 -0.26648394 25 0 901 2.2090043 -0.86049139
122 65.422035 292.36511 0.64325192 0.41859728 -0.25812642 25 0 1196 3.064784 -1.2159997
123 37.157013 292.48815 0.57909785 0.23687568 -0.0082563759 25 0 1165 3.2585021 -1.282545
124 320.14825 294.92676 0.61010973 0.064893425 -0.34496847 25 0 426 1.091432 -0.094991751
125 451.57267 295.03967 0.64150649 -0.032585008 -0.38730983 25 0 717 2.1255028 -0.81865418
126 134.33001 302.11435 0.73586296 -0.20371748 -0.53348903 25 0 562 1.1445216 -0.14655997
127 48.836564 308.09983 0.67179106 -0.066439489 -0.2085489 25 0 1564 4.1801 -1.5529667
128 396.66698 308.35661 0.84660631 -0.08110967 -0.33120757 25 0 469 1.0804281 -0.083989658
129 192.32723 313.85142 0.60591809 -0.26693703 -0.23288127 25 0 902 2.4760245 -0.98438732
130 423.9829 313.89879 0.62292253 -0.35143755 -0.0079868505 25 0 1023 3.0276831 -1.2027761
131 111.56654 318.54837 0.60702202 0.67552522 -0.17603387 25 0 2927 7.7786123 -2.2272553
132 160.95819 328.04855 0.66255506 -0.043954295 -0.022731439 25 0 462 1.1043891 -0.10780529
133 303.83871 330.2874 0.67945509 0.03524291 -0.24931003 25 0 622 1.5541091 -0.47870374
134 261.11649 337.76177 0.50953009 0.15146381 -0.095501351 25 0 456 1.2972651 -0.28257183
135 4.3766448 338.26544 0.70074534 0.26686493 -0.21150304 25 0 13405 34.944231 -3.8584387
136 354.01222 338.01977 0.67015883 -0.10293132 -0.28445222 25 0 552 1.4900141 -0.43297595
137 237.45614 339.06123 0.70581301 0.060324136 -0.33108471 25 0 975 2.2940701 -0.90151671
138 50.646985 339.39701 0.54218504 0.36703381 -0.0060116504 25 0 841 2.3934606 -0.94756571
139 462.47949 345.53077 0.42849608 0.13329504 0.38008792 25 0 625 2.1355832 -0.82379126
140 334.27691 351.58823 0.64422679 0.46150088 -0.17522224 25 0 664 1.769855 -0.61984423
141 213.5966 355.14287 0.70762206 0.050855289 -0.40002055 25 0 5439 13.510239 -2.8266576
142 355.50917 356.64121 0.55986627 0.38360361 -0.20119207 25 0 886 2.5383221 -1.0113668
143 272.43189 359.15331 0.6776889 0.082582756 -0.33832987 25 0 26587 69.342718 -4.6025022
144 388.32062 366.35406 0.58824468 0.20818851 -0.17123165 25 0 1817 5.2846675 -1.8075442
145 199.73027 368.16859 0.63923654 -0.11626767 -0.34349877 25 0 1688 4.529974 -1.6402393
146 251.80249 369.39188 0.59064382 -0.12393144 -0.17966067 25 0 2622 7.3236384 -2.1618172
147 69.522269 370.73274 0.63532197 -0.31160891 -0.27055138 25 0 4677 12.45008 -2.7379304
148 401.49266 370.74551 0.6668853 -0.52724769 -0.34219595 25 0 991 2.6480117 -1.0572997
149 112.54415 371.5726 0.61275582 0.26634602 -0.3989741 25 0 467 1.0867189 -0.090293028
150 473.15655 372.8004 0.66818405 -0.069887899 -0.15396032 25 0 9639 26.46002 -3.5564754
151 420.11158 382.2064 0.5957872 -0.24676847 -0.056024012 25 0 278 1.1048456 -0.108254
152 339.67933 383.83283 0.61237198 0.15539976 -0.24463258 25 0 3288 9.2916877 -2.4202365
153 48.606275 384.90484 0.67177927 0.03469089 -0.31090784 25 0 3813 10.152974 -2.5164832
154 94.923658 386.68045 0.39885004 0.036261839 -0.74958427 25 0 565 1.8483239 -0.66694518
155 201.00411 388.21896 0.6632105 -0.34193907 -0.3288519 25 0 699 1.7705934 -0.62029708
156 242.79542 389.02667 0.63415049 0.41725837 -0.3031958 25 0 392 1.0197804 -0.021266696
157 457.61353 389.22256 0.58567628 -0.76831343 -0.14183478 25 0 554 1.7062834 -0.58012794
158 118.40913 390.82325 0.65918848 -0.16856985 -0.31237749 25 0 1470 3.866231 -1.4682195
159 490.07815 391.0743 0.67099032 -0.23373042 -0.35160203 25 0 303 1.0928412 -0.096392648
160 429.11357 393.18606 0.67565966 -0.020433778 -0.21258798 25 0 2656 7.3209878 -2.1614242
161 458.45279 392.82921 0.65902731 -0.31604472 -0.24904587 25 0 1958 5.3787909 -1.8267117
162 125.13232 393.83522 0.96800883 -0.7828664 -0.10658164 25 0 524 1.0928686 -0.096419827
163 33.981358 395.8031 0.70447637 0.27151729 -0.076104206 25 0 714 1.8551456 -0.670945
164 220.35608 400.94166 0.68106852 -0.078349659 -0.3284115 25 0 8400 22.074175 -3.3597112
165 350.8814 402.97936 0.65686065 -0.051562296 -0.24553 25 0 791 2.1727502 -0.8425245
166 249.52249 408.39305 0.68086485 0.5835076 -0.27774136 25 0 708 1.8006451 -0.63857033
167 386.36089 408.03404 0.76083727 0.32569945 -0.38216548 25 0 600 1.5742987 -0.49271786
168 246.80521 412.10006 0.62806959 -0.036221778 -0.24155512 25 0 2049 5.6984993 -1.8894012
169 468.33149 412.51124 0.51698777 0.6277017 0.12016578 25 0 332 1.3088671 -0.29223888
170 78.841793 417.35365 0.63292127 -0.048728201 -0.18252564 25 0 905 2.3583148 -0.93150443
171 102.90499 418.79946 0.654658 0.051953832 -0.18205949 25 0 2409 6.4300566 -2.020537
172 278.67381 428.96794 0.61390013 -0.66508676 -0.37434594 25 0 383 1.1743663 -0.17450895
173 188.51091 435.84832 0.675759 0.42315501 -0.20825526 25 0 402 1.0248282 -0.026627672
174 153.6389 436.89054 0.64133492 0.10497251 -0.3260923 25 0 2217 6.0037079 -1.9460489
175 127.15455 437.78398 0.63911763 -0.13369139 -0.15386902 25 0 1101 2.9448317 -1.1726512
176 226.81261 440.27334 0.60224521 -0.1225706 -0.26220477 25 0 1050 2.9162881 -1.1620761
177 485.82686 440.15667 0.25762059 -0.034423338 -0.10804002 25 0 58437 202.61307 -5.7666686
178 339.5148 442.14473 0.69839474 -0.0069951653 -0.35147986 25 0 3355 8.6961742 -2.3483206
179 9.0101797 444.98103 0.75083203 0.14635146 -0.12825506 25 0 403 1.0708239 -0.07429512
180 239.89873 444.79578 0.68243733 -0.0069610663 -0.11844322 25 0 1252 3.2258271 -1.2716027
181 86.169422 446.48897 0.55873982 0.010007764 -0.06354355 25 0 12149 35.602543 -3.8787026
182 471.96147 456.7512 0.65020933 -0.11134612 -0.15711169 25 0 2158 6.2239707 -1.9851689
183 305.94491 460.41172 0.7076752 -0.26422079 -0.17664514 25 0 645 1.6690325 -0.55616199
184 430.0756 461.5799 0.46654675 0.05310163 0.061153068 25 0 318 1.2815715 -0.26935712
185 356.96474 465.23713 0.63071286 -0.13953564 -0.21569466 25 0 1363 3.9854953 -1.5012058
186 51.193856 466.1232 0.72679033 0.10673902 -0.22688097 25 0 6816 17.711257 -3.1206234
187 144.10739 467.29799 0.68978305 0.082302696 -0.15090867 25 0 1337 3.531724 -1.3699669
188 422.44047 468.8835 0.52867735 -0.0014282347 -0.29068416 25 0 58421 165.75088 -5.5486396
189 205.82848 475.40142 0.60500856 -0.075909421 -0.13353419 25 0 4631 13.023042 -2.7867811
190 337.49398 477.20462 0.66292889 -0.23434979 -0.54112059 25 0 533 1.471393 -0.41932168
191 423.7002 476.73553 0.5760901 0.011331474 -0.21376797 25 0 399 1.2606243 -0.25146416
192 109.13186 479.18091 0.57089177 -0.041824651 -0.47818181 25 0 496 1.4862364 -0.43021972
193 255.88398 478.80753 0.63142373 0.053694503 -0.2268142 25 0 3253 9.2657498 -2.4172014
194 333.20815 483.92819 0.7153237 -0.057131611 -0.065205713 25 0 482 1.2910423 -0.27735114
195 133.8411 484.6733 0.65181978 0.117221 -0.28092158 25 0 928 2.5015308 -0.99551462
196 58.887794 489.97222 0.67941039 -0.19051917 -0.30339135 25 0 1240 3.4397378 -1.3413134
197 235.10583 499.8334 0.70062246 0.2296389 -0.33315698 25 0 451 1.1920234 -0.19071192
198 62.256819 504.86687 0.58019993 0.25055492 -0.098569655 25 0 397 1.322265 -0.30329625
199 110.91252 506.6686 0.56685709 -0.31344827 -0.070216661 25 0 598 1.7135092 -0.58471607
200 156.21363 506.9758 0.71524919 -0.11975268 -0.26092953 25 0 643 1.5727486 -0.49164826
201 111.71026 510.4043 0.52397947 -0.33706532 -0.32280227 25 0 724 2.1244203 -0.81810112
