id xcentroid ycentroid sharpness roundness1 roundness2 npix sky peak flux mag
1 338.52067 3.2267325 0.595817 -0.28805456 -0.048875499 25 0 706 1.9825778 -0.74307558
2 347.68098 5.7344745 0.46412513 0.82693679 0.12408283 25 0 266 1.0809548 -0.084518821
3 469.95642 6.2384605 0.722838 -0.037464822 0.21769989 25 0 514 1.5454567 -0.47264212
4 4.8385305 11.249375 0.79283489 -0.20887646 0.14923291 25 0 465 1.3122335 -0.29502782
5 150.45013 10.853399 0.62807555 0.13041099 -0.062349909 25 0 471 1.3670213 -0.33943823
6 375.9873 11.873901 0.61840013 0.24511046 0.10638814 25 0 879 2.6591034 -1.0618381
7 65.536643 12.880125 0.62704347 -0.013001731 -0.055026617 25 0 14166 40.386917 -4.0156017
8 13.058523 14.513216 0.71458225 -0.029225298 0.24501734 25 0 5874 15.516654 -2.9769952
9 449.57208 14.900622 0.62581834 -0.12328464 -0.15164107 25 0 597 1.8727584 -0.68120437
10 508.64032 14.679773 0.58303677 0.34024645 0.06751995 25 0 23913 70.281248 -4.6170987
11 375.11196 20.353751 0.47284217 0.1421056 0.17517745 25 0 245 1.0165054 -0.017774242
12 395.27764 33.319926 0.58871494 0.27255088 0.16390219 25 0 553 1.7408115 -0.60187935
13 495.00937 33.182675 0.65811619 0.010620311 -0.058893149 25 0 255 1.0457302 -0.04854917
14 167.97317 36.285256 0.68099029 -0.01244917 0.11036969 25 0 487 1.3442949 -0.32123641
15 154.78371 40.423372 0.58814588 -0.36960712 -0.0084085938 25 0 549 1.5544976 -0.47897512
16 227.77494 41.447623 0.64880957 -0.18558885 0.051039684 25 0 1256 3.4056782 -1.330509
17 247.21755 42.27345 0.6032115 0.25190032 0.052786271 25 0 2480 7.2316549 -2.1480942
18 387.90461 43.117074 0.6582541 -0.19433808 -0.00058928177 25 0 483 1.3973026 -0.36322619
19 365.71356 44.145727 0.31040654 -0.086692933 0.13071778 25 0 58922 210.48168 -5.8080357
20 107.41752 44.887746 0.44967441 -0.5582685 -0.15542168 25 0 411 1.5764076 -0.49417131
21 152.4699 46.608156 0.55832296 0.39882573 -0.022861634 25 0 4465 13.128441 -2.7955329
22 441.48236 47.57694 0.69032593 -0.19215689 -0.054590758 25 0 946 2.567015 -1.023571
23 288.19474 53.098393 0.65504495 0.24352405 0.15929464 25 0 435 1.1473468 -0.14923675
24 442.02659 52.990327 0.67422029 0.22106883 -0.026699965 25 0 285 1.0114145 -0.012322933
25 335.48455 54.618126 0.59470133 -0.31952875 0.013985421 25 0 1472 4.0648955 -1.5226235
26 484.56735 61.132301 0.53548052 0.38352613 -0.12032916 25 0 1191 3.9416451 -1.4891938
27 71.559176 62.806898 0.66638262 -0.15522094 -0.18038452 25 0 333 1.0165197 -0.017789491
28 38.844641 65.622354 0.66326639 -0.035722405 0.49177237 25 0 434 1.2387251 -0.23243734
29 95.77964 67.466237 0.70914081 -0.029050717 0.11663831 25 0 503 1.3236689 -0.30444843
30 72.575622 67.743829 0.66913655 -0.22467663 -0.22235903 25 0 648 1.8497259 -0.66776842
31 474.08194 68.10591 0.65145182 0.16086869 0.12679058 25 0 1684 4.9275816 -1.7315846
32 153.4848 69.396378 0.55241341 0.55707871 -0.11899999 25 0 421 1.1464608 -0.148398
33 39.066291 69.606443 0.67586102 -0.39085664 0.33870764 25 0 475 1.3201471 -0.30155582
34 459.34513 69.695718 0.59865143 -0.28827154 0.039260728 25 0 540 1.8529064 -0.66963371
35 96.948461 72.669278 0.65369443 0.093235121 0.16167582 25 0 1790 4.9461916 -1.7356773
36 509.99596 76.525638 0.64459685 0.042432306 0.25163364 25 0 967 2.8391647 -1.1329765
37 2.9435048 78.255948 0.6822241 -0.096282256 0.22065118 25 0 370 1.0508815 -0.053884369
38 391.8214 80.759704 0.61728177 0.22273059 0.061272824 25 0 3511 10.020142 -2.5021847
39 12.273296 83.783863 0.59277274 -0.23517262 0.13865048 25 0 721 2.2367099 -0.87402417
40 160.77246 84.3866 0.63235102 -0.096701197 0.030403973 25 0 529 1.3755131 -0.34616182
41 133.18994 87.920568 0.71116375 0.1029297 -0.09609326 25 0 724 1.7567362 -0.61176638
42 196.13751 94.635459 0.62225232 0.10049022 0.27856535 25 0 565 1.5353754 -0.46553647
43 324.87162 95.09292 0.65204929 -0.15265431 0.00073309008 25 0 1425 3.848899 -1.4633413
44 328.83304 96.87572 0.5830031 -0.0799926 -0.037382231 25 0 1586 4.6327498 -1.6645971
45 227.07037 98.223167 0.62575767 -0.0282452 0.1894077 25 0 1931 5.2849165 -1.8075953
46 94.861239 102.5431 0.63947241 -0.10570186 0.22148544 25 0 3368 8.9931004 -2.3847736
47 156.69144 102.07547 0.6437529 -0.011264714 0.1875631 25 0 560 1.5299389 -0.4616852
48 492.82642 101.3644 0.69266918 0.041365691 0.36507311 25 0 365 1.1895515 -0.18845811
49 373.54057 113.11443 0.64401105 0.13926355 0.031770851 25 0 623 1.6927673 -0.57149317
50 260.16859 115.36852 0.6143793 0.23864258 0.14796352 25 0 17547 49.774109 -4.2425087
51 277.55877 115.42568 0.6167742 -0.065576138 0.24456135 25 0 1027 2.5490442 -1.0159434
52 344.3297 116.30429 0.63091039 0.37729188 0.043553558 25 0 1213 3.1948224 -1.2611168
53 287.64751 116.72965 0.58007521 0.24849042 0.071383269 25 0 1854 5.2778329 -1.8061391
54 489.54001 117.80166 0.58722294 0.19601147 -0.069619 25 0 318 1.1367979 -0.1392082
55 139.20037 119.08528 0.68435636 0.71271725 0.26411763 25 0 647 1.5978598 -0.50884668
56 240.1841 118.74612 0.38260982 0.33590561 -0.22229303 25 0 529 1.809015 -0.6436054
57 91.985349 120.6365 0.66427776 0.066891642 0.16110349 25 0 616 1.5836635 -0.49915727
58 191.55504 122.12038 0.61601683 -0.41444142 -0.12802482 25 0 2092 5.6754106 -1.8849932
59 24.367681 124.13256 0.66827042 -0.097159216 -0.048233866 25 0 443 1.2556518 -0.24717309
60 215.47449 127.3796 0.49320738 0.6872679 0.057089991 25 0 1388 3.9779117 -1.4991379
61 46.890405 129.30757 0.64215868 -0.12546838 0.20228926 25 0 1277 3.4394192 -1.3412128
62 19.25062 130.01088 0.62313541 -0.38187886 -0.12146937 25 0 405 1.2724041 -0.26156262
63 292.92075 130.57657 0.65229772 0.014034262 0.15549309 25 0 600 1.4845615 -0.42899545
64 435.44361 138.54634 0.53156336 0.57040971 0.021571831 25 0 9880 29.384525 -3.6702967
65 338.32341 144.37655 0.57666437 0.3378282 0.080681058 25 0 2890 8.2042752 -2.2851006
66 54.153069 145.56827 0.67308997 -0.18268456 0.1449422 25 0 805 2.1121622 -0.81181817
67 37.15764 149.52213 0.6989253 -0.14641218 0.23653508 25 0 733 1.9448534 -0.72221716
68 137.03758 158.85532 0.62155272 -0.14440176 0.043608387 25 0 585 1.5899653 -0.5034691
69 425.53696 160.17525 0.57164233 0.22142096 -0.090840781 25 0 46615 134.73724 -5.3237191
70 245.80667 164.27897 0.65902912 0.35246964 0.11798282 25 0 641 1.5252244 -0.45833433
71 464.76018 163.56701 0.54539366 0.43989359 0.24599789 25 0 435 1.388482 -0.35635066
72 72.890956 171.61244 0.60401611 0.44395998 0.14483788 25 0 406 1.0436297 -0.046366053
73 265.35712 172.7281 0.53515726 0.24047426 -0.096555502 25 0 1570 4.4021037 -1.6091507
74 385.79872 172.37088 0.53912883 0.23587672 0.44636481 25 0 528 1.5677404 -0.48818538
75 203.53855 173.59958 0.53147618 0.31989854 0.029845167 25 0 903 2.4765366 -0.98461187
76 453.01001 174.56886 0.61479716 -0.11271393 0.15283691 25 0 410 1.3623046 -0.33568557
77 192.09547 176.30191 0.6199998 0.065597202 0.04904379 25 0 1727 4.7025106 -1.6808245
78 460.69819 181.21252 0.65581715 -0.17883172 0.016249124 25 0 2885 7.8626713 -2.2389253
79 56.267798 182.42488 0.57039794 0.34494415 0.094881232 25 0 786 2.2592578 -0.88491446
80 154.50335 182.34345 0.61851907 0.42705022 0.0015608937 25 0 1796 4.7611637 -1.6942828
81 450.69103 183.56869 0.57962775 0.65148525 0.080957559 25 0 555 1.7328023 -0.59687254
82 266.25109 185.04306 0.56624858 0.21649317 0.042485455 25 0 1210 3.390093 -1.325529
83 461.16368 186.21272 0.61131848 -0.1673134 0.080352676 25 0 959 2.9135832 -1.1610686
84 228.71658 187.71045 0.56253279 0.16278173 0.041532436 25 0 800 2.1568927 -0.83457135
85 111.07556 188.88192 0.65552824 0.045258849 0.10128669 25 0 44409 123.94755 -5.2330949
86 160.78893 190.01046 0.62315609 -0.058601968 -0.01936186 25 0 568 1.4043339 -0.36867592
87 460.30166 194.26114 0.67929946 -0.1721124 0.060866106 25 0 406 1.2036957 -0.20129176
88 494.47682 198.02962 0.66100465 -0.041792551 -0.0016293847 25 0 595 1.8123576 -0.64560974
89 207.6325 200.66039 0.61969683 0.5183038 -0.053194065 25 0 653 1.6439371 -0.53971302
90 106.13371 202.91848 0.59861727 -0.026901181 0.071856327 25 0 669 1.8076564 -0.64278971
91 445.28858 202.32947 0.51659573 -0.41068376 0.27427538 25 0 275 1.0530446 -0.056116892
92 509.04216 204.08748 0.6903182 0.17674296 0.1770425 25 0 812 2.3909104 -0.94640827
93 4.320673 210.95163 0.64933287 -0.05366937 0.011452616 25 0 2105 5.8184074 -1.9120103
94 54.200199 213.42826 0.64829518 0.26903004 -0.093877845 25 0 509 1.2567094 -0.24808718
95 465.18576 214.06075 0.6192217 0.15098382 0.07481773 25 0 1115 3.384127 -1.3236166
96 27.483601 215.48725 0.64339125 -0.57559128 0.048951404 25 0 1716 4.5498914 -1.6450026
97 365.87337 216.41 0.62946148 0.090585148 0.16281967 25 0 1472 3.9532578 -1.4923878
98 295.97487 218.42415 0.66772927 0.23515487 0.14146837 25 0 770 1.8238649 -0.65248167
99 190.22833 219.97322 0.64524 0.21516542 0.022179964 25 0 1153 2.9921472 -1.1899574
100 279.45692 225.19737 0.58019248 0.22690907 -0.063312142 25 0 2830 8.0414646 -2.2633379
101 391.68772 227.25276 0.6224744 -0.10925659 0.046166255 25 0 4503 12.544751 -2.7461551
102 24.941686 227.71119 0.5698213 0.090151817 -0.021996688 25 0 366 1.0365123 -0.038936101
103 461.86464 227.90033 0.63759729 0.10736102 0.078526265 25 0 15116 42.876643 -4.0805519
104 366.64551 229.51088 0.56819795 0.44972018 0.11786552 25 0 962 2.7112186 -1.0829113
105 219.93833 235.8764 0.58378688 -0.18677065 0.08075368 25 0 841 2.2303595 -0.87093717
106 279.94412 236.98518 0.62784289 0.21651073 0.099639919 25 0 1002 2.7751666 -1.1082226
107 471.03544 239.45354 0.6117204 0.16413785 0.16924721 25 0 1848 5.4084419 -1.8326804
108 467.95765 252.83134 0.64524925 0.11896697 0.11522008 25 0 8127 22.940686 -3.401516
109 243.58148 253.48567 0.54879263 0.50072975 0.12500879 25 0 4363 12.652686 -2.7554568
110 16.009134 254.60157 0.68427095 0.14525325 0.25596707 25 0 1117 2.8763916 -1.14712
111 305.68699 255.85453 0.63773956 0.23924942 -0.08825507 25 0 547 1.4320699 -0.38991053
112 371.38951 262.00479 0.57173046 -0.13120735 -0.27056535 25 0 387 1.1283726 -0.1311313
113 72.946769 274.41525 0.65931024 0.1033179 0.29150047 25 0 1491 3.8047208 -1.450807
114 87.209787 283.58334 0.73246661 -0.084296001 0.077342417 25 0 876 2.0873319 -0.79897878
115 387.55908 285.76515 0.58199591 0.21106159 -0.016784439 25 0 5127 15.03449 -2.9427217
116 200.17978 287.2778 0.60329484 0.15213469 0.035955622 25 0 921 2.4817468 -0.98689369
117 107.03777 288.47202 0.60296596 0.15037818 0.16513389 25 0 1183 3.2887214 -1.2925677
118 78.760257 288.51049 0.60559971 0.45596797 0.22133752 25 0 1250 3.3826023 -1.3231273
119 361.90091 290.60007 0.62220272 0.38254191 0.35120343 25 0 469 1.3179479 -0.2997456
120 493.25537 290.4243 0.705952 -0.18803038 0.2630464 25 0 643 1.8561005 -0.67150373
121 31.354466 293.56883 0.46331091 0.6483151 0.017412128 25 0 398 1.2446456 -0.23761431
122 176.03939 297.90403 0.64274411 0.040453937 -0.053654137 25 0 566 1.3538834 -0.32895317
123 90.4342 304.13094 0.62245875 -0.23501488 -0.14986797 25 0 1218 3.2040649 -1.2642533
124 438.42226 303.6417 0.60263117 0.016466881 -0.058242 25 0 316 1.0457016 -0.048519452
125 465.96834 309.42327 0.6996956 0.14469555 0.20155581 25 0 1077 3.0663305 -1.2165474
126 233.97056 309.51397 0.58778533 0.08754264 0.11475986 25 0 837 2.294851 -0.90188625
127 153.22294 314.46845 0.5798821 0.35571572 0.16575829 25 0 3127 8.9048346 -2.3740646
128 13.675952 316.2624 0.7244114 -0.47953335 -0.16140709 25 0 953 2.1605153 -0.83639336
129 29.317284 316.15443 0.60588312 0.14777715 0.033196026 25 0 2167 6.1515601 -1.9724632
130 202.71643 323.80207 0.61288318 -0.45764493 0.091923909 25 0 414 1.0689785 -0.072422414
131 345.64039 325.95658 0.56201602 0.039624904 -0.080156612 25 0 521 1.5171993 -0.45260662
132 35.871574 333.4825 0.64262838 -0.0083188164 0.20941364 25 0 4669 12.601374 -2.7510448
133 302.99406 333.27943 0.64443647 0.0058289478 0.14596217 25 0 660 1.896504 -0.69488443
134 46.060112 334.4442 0.63597622 0.18392255 0.22874722 25 0 12373 34.32174 -3.8389232
135 395.75406 333.67995 0.49964795 0.17672727 0.23749004 25 0 449 1.5699454 -0.48971139
136 92.339542 335.49918 0.53250796 0.37414217 0.31883023 25 0 812 2.2168055 -0.86431896
137 279.16289 334.80697 0.68828448 0.15629994 0.087985174 25 0 999 2.6080729 -1.0407993
138 504.25346 341.02819 0.66911551 0.44796507 0.30278557 25 0 939 2.5901681 -1.0333199
139 275.41005 344.4815 0.44861403 -0.85582328 -0.111457 25 0 309 1.1911305 -0.18989838
140 376.30599 347.19034 0.59358182 0.4952096 0.1257067 25 0 751 2.2094651 -0.86071789
141 255.33676 350.93377 0.61341314 -0.00015137695 -0.0059979903 25 0 5281 15.030388 -2.9424255
142 397.42888 352.19385 0.61188488 0.18639122 0.024300363 25 0 960 2.8317878 -1.1301518
143 37.425563 353.44463 0.52246901 0.17472368 0.10760111 25 0 647 1.9212433 -0.70895589
144 27.878125 353.93463 0.65300655 0.2483414 0.045344955 25 0 453 1.1590631 -0.16026771
145 9.9853418 355.34294 0.67632704 -0.05254681 0.22660296 25 0 859 2.2777573 -0.89376862
146 314.2872 354.82168 0.62594485 -0.054261013 0.019031882 25 0 25916 72.72673 -4.6542351
147 37.633079 357.24363 0.67185149 -0.54190962 0.12898901 25 0 1246 3.177012 -1.2550471
148 38.583471 360.6889 0.54073411 -0.46013909 0.21216443 25 0 504 1.4379229 -0.394339
149 430.20156 361.86601 0.65860469 -0.089808015 0.033071533 25 0 2061 5.9001996 -1.9271668
150 241.48078 363.98172 0.57837277 -0.073255463 -0.11651732 25 0 1435 4.1303307 -1.5399621
151 293.66645 365.12327 0.677175 -0.12546341 0.0063276258 25 0 2935 7.8270681 -2.2339978
152 443.41484 366.21951 0.56505161 0.10462527 0.087518638 25 0 912 2.9832783 -1.1867344
153 111.19485 366.76671 0.65285899 -0.054361395 0.079244974 25 0 5190 14.272325 -2.8862369
154 154.24409 367.49687 0.63401787 -0.29064113 0.20674605 25 0 460 1.1760889 -0.17610036
155 38.370924 369.80242 0.6947847 -0.14138114 -0.045907815 25 0 500 1.3309142 -0.31037511
156 18.687599 373.56315 0.61422691 0.58462556 0.17104087 25 0 715 2.0490377 -0.77887486
157 381.6025 379.50747 0.64296309 -0.45793026 0.1126747 25 0 3091 8.3215736 -2.3005136
158 90.430589 380.96025 0.62326019 -0.088346724 -0.072630996 25 0 3486 9.7646142 -2.4741377
159 136.07954 382.48097 0.54878038 0.25662949 0.19856215 25 0 531 1.5337149 -0.46436159
160 242.88664 383.97288 0.65872421 -0.028602588 0.058981242 25 0 638 1.7496379 -0.60737044
161 499.62525 384.7245 0.56975993 -0.91344759 0.40579346 25 0 417 1.3525836 -0.32791026
162 115.74994 385.61634 0.61857782 0.12056927 -0.064321748 25 0 382 1.0492776 -0.052226012
163 20.682977 386.97033 0.6310513 0.11354076 0.014830923 25 0 1024 2.9197492 -1.1633639
164 160.11939 386.78188 0.59477876 0.073200542 0.12286734 25 0 1414 4.0782593 -1.5261871
165 500.34973 388.25701 0.60925419 0.092786682 0.075248761 25 0 1880 5.5433592 -1.8594325
166 471.02533 388.65644 0.67918358 0.059345632 0.18509736 25 0 2575 7.1457727 -2.135123
167 75.724446 391.89472 0.68163405 -0.13849738 -0.0046515603 25 0 613 1.6183845 -0.52270428
168 262.16741 396.65295 0.65106579 -0.051414664 0.12478045 25 0 8081 22.235313 -3.3676081
169 392.8306 398.50885 0.5786892 0.41820495 0.1121704 25 0 603 1.8518868 -0.66903609
170 291.45457 404.19626 0.62821085 0.57386423 -0.0013318115 25 0 639 1.8399451 -0.66201218
171 428.26422 403.56972 0.70708213 -0.12428885 0.030057434 25 0 446 1.3066542 -0.29040165
172 18.977036 408.14027 0.65866667 -0.13879622 0.19502199 25 0 920 2.5407511 -1.0124053
173 288.72687 407.83536 0.66087167 0.1283316 0.015785729 25 0 2027 5.5944617 -1.8693958
174 510.33686 407.95813 0.68786736 0.0063580104 -0.11586012 25 0 394 1.2476231 -0.24020848
175 120.58652 413.41765 0.67950588 -0.14654468 0.026697791 25 0 836 2.126964 -0.81940035
176 144.64267 414.77628 0.58930462 0.17034574 0.0054439546 25 0 2113 6.2792129 -1.994763
177 320.5675 424.83118 0.62817682 -0.15210954 -0.11688583 25 0 358 1.0733334 -0.076836587
178 195.40608 432.78408 0.58678635 0.23060344 -0.11184586 25 0 1878 5.363992 -1.8237203
179 169.02589 433.68675 0.6425387 0.33716683 0.17546087 25 0 1053 2.9468549 -1.1733969
180 268.76781 436.10703 0.64453686 -0.1701757 0.029123444 25 0 1120 3.1941287 -1.260881
181 381.49244 437.81933 0.62275386 -0.25595952 -0.11393599 25 0 2937 8.4058555 -2.3114548
182 281.86533 440.59839 0.62942708 0.12426 0.2336846 25 0 1170 3.3542637 -1.313993
183 127.91913 442.47334 0.63925015 0.20522927 0.22465703 25 0 13492 37.14737 -3.9248202
184 499.60972 448.97991 0.6731574 -0.27258751 -0.3107583 25 0 287 1.1345962 -0.13710335
185 347.95555 456.04218 0.72637585 -0.18777791 -0.094475786 25 0 739 2.1451923 -0.82866555
186 471.83188 456.99054 0.59666052 -0.039420519 0.15985249 25 0 258 1.0357217 -0.038107671
187 399.02639 460.96981 0.64771598 -0.18866277 0.014907621 25 0 1364 4.091527 -1.5297135
188 92.998394 462.16895 0.67194753 -0.005675149 0.094932927 25 0 6392 17.707502 -3.1203933
189 186.02499 463.20987 0.62359378 0.18011421 0.10820814 25 0 1180 3.5254075 -1.3680233
190 464.57423 464.49475 0.51379569 0.64601239 0.025966844 25 0 58773 169.90888 -5.5755402
191 328.18836 465.4956 0.48581655 0.035479848 -0.037954028 25 0 249 1.1529689 -0.15454399
192 1.8332653 466.63555 0.636061 0.22007251 0.26661587 25 0 1143 3.3390761 -1.3090658
193 441.61391 466.76926 0.58995674 0.053553708 -0.19350399 25 0 243 1.073503 -0.077008109
194 247.80539 471.32258 0.66530411 -0.16972606 0.09685477 25 0 5123 14.112695 -2.8740249
195 465.76549 471.93994 0.75991654 -0.39319771 0.063755044 25 0 468 1.3970388 -0.36302119
196 379.54036 472.93746 0.60522679 -0.97878814 -0.26851088 25 0 471 1.5340315 -0.46458567
197 150.97802 475.21316 0.72215349 0.10217886 0.020387149 25 0 451 1.2090944 -0.20615054
198 297.88412 474.52972 0.63234123 0.20187195 0.19887566 25 0 3058 8.767826 -2.3572298
199 375.27476 479.44513 0.59476205 0.2126102 0.15793517 25 0 351 1.2781926 -0.26649076
200 175.76864 480.56594 0.67587179 0.30512031 0.18777346 25 0 781 2.208846 -0.8604136
201 100.72168 486.17144 0.65752995 -0.24097432 0.065059534 25 0 1098 3.0750576 -1.2196331
202 277.13791 495.67994 0.65409872 -0.39671455 0.0096848456 25 0 352 1.1306585 -0.13332865
203 152.91676 502.62791 0.71880843 -0.0823941 0.27066022 25 0 634 1.6488238 -0.54293559
204 198.36993 502.93034 0.73253105 0.10087572 -0.054333645 25 0 507 1.3697666 -0.34161643
205 153.79669 506.47699 0.54450115 -0.048480447 0.10403149 25 0 639 1.874217 -0.68204969
206 200.22472 510.06642 0.67626448 0.0013589911 -0.07321444 25 0 918 2.5107106 -0.99949164
