id xcentroid ycentroid sharpness roundness1 roundness2 npix sky peak flux mag
1 309.56136 1.5190079 0.72525602 0.23265062 -0.16877266 25 0 581 1.5987788 -0.50947094
2 255.03306 2.0572179 0.99359515 -0.49864242 -0.40734349 25 0 583 1.3833701 -0.35234597
3 440.92057 4.5164511 0.5591592 0.19274136 0.083554462 25 0 238 1.0347 -0.037036173
4 121.2965 8.5753271 0.54950886 0.42023804 -0.35288947 25 0 329 1.1318456 -0.13446799
5 347.1232 9.9355758 0.67108727 0.060359956 -0.20796558 25 0 641 1.8950092 -0.69402832
6 36.521164 10.55303 0.63923359 0.5203893 -0.090894208 25 0 10416 29.005647 -3.6562064
7 420.2288 13.042623 0.55705007 -0.27185502 -0.55705346 25 0 435 1.6744254 -0.55966454
8 479.59375 12.786084 0.67038589 0.31515425 -0.19079607 25 0 21653 59.389657 -4.434277
9 366.32065 31.178306 0.629939 0.45171002 -0.14021148 25 0 462 1.5810018 -0.49733089
10 138.81512 34.037468 0.81417644 -0.068447433 -0.067962188 25 0 435 1.0400012 -0.042584571
11 125.67431 38.119712 0.65309997 -0.2744834 -0.19476861 25 0 500 1.4508312 -0.40404224
12 198.75416 39.217449 0.67429359 -0.14140464 -0.072641868 25 0 1072 2.9258332 -1.1656239
13 218.17227 40.104173 0.67140533 0.10821392 -0.084301368 25 0 2086 5.772885 -1.9034823
14 358.94477 41.130581 0.58500679 -0.13915742 -0.13229558 25 0 401 1.3783551 -0.34840281
15 78.458874 42.48417 0.63647246 -0.39867725 -0.036924307 25 0 372 1.166981 -0.16765947
16 336.81553 42.247422 0.36473648 0.12414227 -0.11517692 25 0 58748 205.46912 -5.7818664
17 123.49548 44.307855 0.65158311 0.35287182 -0.22244329 25 0 4049 11.071384 -2.6105048
18 412.27392 45.514442 0.62960278 -0.044240473 0.080234943 25 0 778 2.3543459 -0.92967569
19 482.72959 51.615498 0.66604816 0.07103832 -0.15403421 25 0 606 2.011134 -0.75860254
20 306.43957 52.706313 0.63968387 0.46976661 -0.2816574 25 0 1221 3.3658169 -1.3177262
21 455.31986 59.246388 0.65768722 0.15841921 -0.16260386 25 0 1178 3.5093408 -1.3630639
22 9.8840698 63.094794 0.71027051 -0.082919998 -0.3292925 25 0 296 1.010253 -0.011075389
23 43.501418 65.444263 0.67331061 -0.33424803 -0.12659269 25 0 476 1.4349048 -0.39205772
24 66.705501 65.221286 0.69394618 -0.32678912 -0.31765466 25 0 411 1.2374788 -0.2313444
25 444.98593 66.173443 0.637933 0.26512952 0.041129056 25 0 1397 4.2942131 -1.582209
26 9.9888069 66.988924 0.73110371 -0.46461833 -0.20595928 25 0 383 1.2235491 -0.21905354
27 483.69922 66.944932 0.67087541 0.14214243 -0.25638385 25 0 285 1.1232347 -0.12617632
28 430.34736 67.702275 0.5938708 -0.40637502 -0.12181486 25 0 414 1.3827016 -0.3518212
29 67.915772 70.272168 0.70106159 0.14251941 -0.052129469 25 0 1448 3.9391957 -1.4885189
30 480.83064 74.705224 0.58558501 0.50744833 -0.045031427 25 0 682 2.3417779 -0.92386426
31 362.74995 78.838569 0.61334729 0.11681323 -0.17322466 25 0 2707 7.9150615 -2.2461357
32 131.91193 82.135345 0.71038939 0.3724643 -0.0039812217 25 0 512 1.3836574 -0.35257141
33 104.20981 85.645183 0.65804585 0.16535389 0.084736908 25 0 480 1.2436007 -0.23670243
34 503.22392 85.567828 0.63512288 0.0014562654 0.02422645 25 0 16711 47.209184 -4.1850662
35 295.8742 93.119201 0.69016115 -0.18410099 -0.1282536 25 0 1140 2.963751 -1.1796043
36 299.78317 94.889643 0.64297937 -0.36538722 -0.27000237 25 0 1332 3.7003425 -1.4206048
37 198.08569 95.976989 0.65642994 0.16429506 -0.16402293 25 0 1573 4.1863108 -1.5545787
38 65.82032 100.1086 0.68791741 -0.12754634 -0.17478852 25 0 3789 10.293002 -2.5313552
39 501.50625 105.42933 0.60456492 0.58808128 -0.018704389 25 0 1406 4.2037393 -1.5590894
40 344.47379 111.11581 0.59699453 0.035283911 -0.26822443 25 0 493 1.4133206 -0.3756017
41 231.16623 113.19407 0.65864448 0.19625023 -0.13670291 25 0 14695 40.61257 -4.0216512
42 248.52416 113.26603 0.66037777 0.24436085 -0.080707384 25 0 864 1.9690468 -0.73564007
43 315.17196 114.25585 0.62327346 0.28787593 -0.051428141 25 0 1026 2.8711035 -1.1451221
44 258.55831 114.74813 0.58882758 0.22240297 -0.22038692 25 0 1419 3.9061505 -1.4793724
45 210.58765 116.4407 0.41544437 -0.14109894 -0.49211746 25 0 369 1.0075297 -0.008144648
46 62.906176 118.24342 0.67410339 -0.012600464 -0.012901672 25 0 549 1.601133 -0.51106853
47 162.54188 119.8566 0.66489573 0.084758529 -0.20038141 25 0 1818 4.824801 -1.7086985
48 490.55029 120.23122 0.52689468 -0.13016965 -0.28957165 25 0 209 1.0654182 -0.068800261
49 186.62578 125.24742 0.61119482 0.31766135 -0.27606334 25 0 1393 3.7811976 -1.4440734
50 17.766454 126.88514 0.74594409 0.16754957 -0.089099217 25 0 1227 3.2879664 -1.2923184
51 406.40953 136.58756 0.58376393 -0.23257865 -0.10135553 25 0 8660 24.716932 -3.4824864
52 309.28852 142.26122 0.62415209 0.23077007 -0.16977401 25 0 2381 6.4896591 -2.0305547
53 25.006553 143.28482 0.69838951 0.17284818 0.0491515 25 0 763 2.1496622 -0.83092554
54 8.0305814 147.22013 0.72993347 0.03693312 -0.1657156 25 0 557 1.558396 -0.48169454
55 494.59385 148.62291 0.63041151 0.52889576 -0.082684481 25 0 5700 16.01801 -3.0115214
56 107.91663 156.60036 0.58661053 0.27463968 0.13487013 25 0 503 1.4512937 -0.40438825
57 396.35617 158.16764 0.6459674 0.21139224 -0.20797002 25 0 42301 117.27717 -5.1730337
58 216.85582 162.08455 0.72580889 0.19094397 -0.041770724 25 0 579 1.2454252 -0.23829415
59 435.66153 161.66911 0.55806454 0.32577746 -0.1615604 25 0 311 1.0894082 -0.092976647
60 163.91726 165.54318 0.57648624 0.29063582 -0.03080921 25 0 1539 4.4109174 -1.6113223
61 356.674 170.57714 0.55395485 -0.10214931 -0.1443109 25 0 393 1.1682496 -0.16883913
62 488.61125 169.97414 0.66406032 0.063766024 -0.2041286 25 0 5491 15.444572 -2.9719397
63 174.65327 171.35505 0.55766741 -0.38958466 -0.1516812 25 0 765 2.0519846 -0.78043524
64 236.46087 170.70892 0.59513349 0.49171497 -0.22814524 25 0 1335 3.5559437 -1.3773872
65 423.64768 172.68515 0.47808604 0.39992067 -0.17710829 25 0 251 1.0319641 -0.034161483
66 163.01842 174.02322 0.70345264 -0.089260216 -0.12152667 25 0 1543 3.8189121 -1.4548491
67 431.52616 179.19332 0.65020505 0.45275583 -0.23716583 25 0 2159 5.9334311 -1.9332648
68 27.178099 179.99086 0.66545307 0.0084869514 -0.16513876 25 0 743 2.144864 -0.82849942
69 125.28944 180.0299 0.66432376 0.13712606 -0.17697708 25 0 1591 4.1151933 -1.5359756
70 493.41434 180.9785 0.66083011 -0.011432326 -0.27437061 25 0 644 2.0551589 -0.78211353
71 421.42451 181.33436 0.46127814 -0.18655467 -0.19695498 25 0 344 1.2217423 -0.21744905
72 237.23067 182.84954 0.61472347 0.1902507 -0.13229252 25 0 956 2.4926647 -0.99165966
73 431.92497 184.23042 0.6783477 -0.1642141 -0.091719008 25 0 781 2.2739059 -0.8919312
74 199.58608 185.43923 0.55393996 0.3298469 -0.33021593 25 0 582 1.4661277 -0.4154295
75 81.966917 186.41053 0.59336061 0.31947433 0.11970339 25 0 29150 84.324973 -4.8148905
76 465.27832 196.05387 0.74455105 -0.14495777 -0.029222939 25 0 456 1.2822994 -0.26997361
77 178.62782 198.63024 0.57493992 -0.13493402 0.024297625 25 0 534 1.3791841 -0.34905559
78 77.095164 200.49965 0.52973229 0.64508771 -0.0026333807 25 0 460 1.2824505 -0.27010151
79 479.85145 202.04909 0.60150562 0.009644407 0.004449542 25 0 455 1.5230779 -0.45680527
80 24.922419 211.02505 0.58176767 0.94849185 -0.22508645 25 0 386 1.1055235 -0.10891991
81 436.04877 212.13397 0.64278153 0.14442156 -0.094022203 25 0 885 2.6259144 -1.0482014
82 336.70651 214.2888 0.66979358 -0.19753319 -0.099869229 25 0 1361 3.6334184 -1.4007885
83 266.92337 216.35253 0.64093191 0.16819143 -0.06487512 25 0 660 1.6259631 -0.52777672
84 161.11101 217.6806 0.64727998 0.24439643 -0.00088943681 25 0 939 2.3490612 -0.92723581
85 489.8941 220.85116 0.67108051 0.12665577 -0.09683756 25 0 4118 11.560597 -2.6574506
86 250.31818 223.08387 0.61496943 0.0029600386 -0.25274513 25 0 2280 6.2164865 -1.9838625
87 362.53484 225.20044 0.64077874 0.25309388 -0.24536071 25 0 3469 9.4800297 -2.4420242
88 432.5697 225.91517 0.62396421 0.071909365 -0.24271127 25 0 11029 31.265768 -3.7376728
89 337.46582 227.51213 0.57236929 0.26629287 -0.1914161 25 0 723 1.9454694 -0.72256101
90 190.83716 233.84891 0.64075511 -0.17478351 -0.15559656 25 0 684 1.677598 -0.56171974
91 250.80472 234.84764 0.6443165 0.057308087 -0.071333607 25 0 682 1.7955835 -0.63551404
92 441.74217 237.44057 0.65517444 -0.016644869 -0.073091327 25 0 1462 4.064605 -1.5225459
93 214.58862 251.34711 0.61098376 0.43377712 -0.26277223 25 0 3599 9.7534656 -2.4728974
94 438.67912 250.88451 0.62486548 0.15464899 -0.17314149 25 0 5909 16.960618 -3.0736042
95 43.681923 272.14866 0.69613998 -0.093914532 -0.20776331 25 0 1333 3.4019662 -1.329325
96 58.026745 281.44765 0.75152833 -0.1286522 0.017748256 25 0 706 1.6421457 -0.53852924
97 358.35653 283.63219 0.5979432 -0.17083552 -0.14161945 25 0 4075 11.588635 -2.6600807
98 170.97839 284.95182 0.61950515 0.11186813 -0.20630416 25 0 795 2.0873356 -0.79898071
99 49.458191 286.31195 0.60866231 -0.19224501 -0.2019041 25 0 1008 2.6600855 -1.062239
100 77.801711 286.16433 0.71283413 0.22104702 -0.13141858 25 0 1143 2.9006248 -1.1562289
101 464.0587 288.53733 0.65930708 -0.20855928 0.13829662 25 0 508 1.5336308 -0.46430207
102 2.0720124 291.15234 0.71430551 -0.39460093 -0.24279425 25 0 490 1.1848494 -0.18415792
103 147.10058 295.72296 0.62620764 -0.024884569 0.094125838 25 0 492 1.2110204 -0.20787868
104 61.277136 301.8604 0.65666301 0.021436614 -0.14470014 25 0 1228 3.3424389 -1.3101587
105 436.76241 307.46704 0.62528902 -0.17636242 0.054244344 25 0 801 2.437113 -0.96718919
106 204.93268 307.35457 0.49391437 0.45705518 0.11674456 25 0 554 1.490444 -0.43328915
107 124.02999 312.18324 0.70687594 0.11463214 -0.11906231 25 0 3150 8.1870382 -2.282817
108 0.36613353 313.85629 0.79940366 -0.21680475 0.090755027 25 0 2200 5.586298 -1.8678102
109 316.45669 323.89839 0.6328257 -0.27979966 -0.40213698 25 0 435 1.1446319 -0.14666462
110 6.6150964 331.03619 0.70288209 0.02155258 -0.20297431 25 0 4386 11.695647 -2.6700606
111 273.71815 331.22104 0.728165 -0.070991784 0.12096947 25 0 463 1.086221 -0.089795481
112 16.849057 331.97789 0.74240388 0.097284168 -0.10713272 25 0 12156 31.720275 -3.7533424
113 63.13556 333.13415 0.71709184 -0.1177743 -0.10784239 25 0 961 2.3850331 -0.94373605
114 250.12218 332.65692 0.57680098 0.045909362 -0.09967675 25 0 725 2.0778768 -0.79404948
115 475.07393 339.15236 0.69019751 0.34127939 0.30088823 25 0 726 2.0065403 -0.75611973
116 346.8063 345.17383 0.59079959 -0.16031129 -0.1345242 25 0 550 1.5770811 -0.49463508
117 226.13267 348.79481 0.64924053 0.013387229 -0.14228722 25 0 4522 12.528895 -2.7447819
118 368.09377 350.13746 0.61111901 0.046630963 -0.29888883 25 0 821 2.4294819 -0.96378418
119 8.2082315 350.8637 0.73223417 -0.24569321 -0.037640672 25 0 818 2.1305994 -0.82125449
120 285.011 352.7877 0.63115333 0.097578789 -0.15515925 25 0 20535 57.861382 -4.405972
121 8.4104684 354.82336 0.67938311 -0.23436734 -0.16590409 25 0 1153 3.0110637 -1.1967998
122 9.2928132 358.10518 0.81979824 0.38914931 0.45694867 25 0 513 1.1011743 -0.1046402
123 400.86323 359.87148 0.62808478 0.086627711 -0.098842614 25 0 1602 4.7312165 -1.6874321
124 212.42544 361.8095 0.64561432 -0.29290078 -0.26672728 25 0 1244 3.2909131 -1.293291
125 264.53082 363.00835 0.63301766 0.004404034 -0.27957933 25 0 2096 5.7441706 -1.8980683
126 81.973916 364.45722 0.64851745 0.18145345 0.0042272304 25 0 4058 11.175836 -2.6207
127 413.94786 364.27614 0.70809477 -0.069511045 -0.05808402 25 0 952 2.6825158 -1.0713557
128 125.1746 365.17076 0.74136412 -0.53739226 -0.21254861 25 0 477 1.1567106 -0.1580618
129 485.78328 366.39221 0.6443833 -0.10446641 -0.012633817 25 0 6863 19.345291 -3.2164382
130 352.29259 377.41321 0.60911334 0.39374096 -0.086657951 25 0 2437 6.9542429 -2.1056246
131 61.246315 378.51896 0.59554392 -0.029982469 -0.021780046 25 0 2743 7.9270229 -2.2477753
132 107.01599 380.25479 0.72028774 -0.15324561 -0.14132799 25 0 566 1.3310474 -0.31048379
133 213.73835 381.92007 0.73971768 -0.13228586 -0.27912295 25 0 598 1.4737088 -0.42102922
134 470.53177 382.78929 0.75098766 -0.52562247 0.091518516 25 0 450 1.2502714 -0.24251076
135 130.87701 384.526 0.58923811 0.23903456 -0.049937322 25 0 1091 3.0033426 -1.1940122
136 471.11204 386.35689 0.65961289 0.14327326 0.06749772 25 0 1619 4.7063913 -1.6817201
137 441.70708 386.68237 0.63147238 0.17045366 -0.11886325 25 0 1829 5.3854721 -1.8280595
138 46.609758 389.50719 0.66374496 0.46780776 0.11776618 25 0 483 1.2193643 -0.21533368
139 233.01447 394.51402 0.58321583 0.16840664 -0.013490929 25 0 5447 15.709448 -2.9904023
140 363.38304 396.5087 0.55254109 0.71137643 -0.12902793 25 0 459 1.399985 -0.36530848
141 262.0379 401.9701 0.69603725 0.62610038 -0.19034612 25 0 683 1.8825344 -0.68685729
142 398.86286 401.56021 0.72660874 0.22438422 -0.069780079 25 0 392 1.1171717 -0.12029985
143 259.47005 405.7015 0.62868858 -0.14223826 -0.23687882 25 0 1433 3.930146 -1.4860217
144 481.02305 406.11055 0.71004482 -0.087985638 -0.15007968 25 0 347 1.1432331 -0.14533698
145 91.432622 411.05039 0.64699756 -0.071824888 -0.34101984 25 0 769 2.1213526 -0.81653215
146 115.44053 412.48212 0.63529174 0.76705053 -0.011500577 25 0 1636 4.4597056 -1.6232655
147 291.15288 422.61587 0.5986044 0.17000263 0.22628768 25 0 350 1.0931378 -0.096687237
148 166.23667 430.60604 0.5677882 0.52395392 -0.0019663744 25 0 1490 4.2727919 -1.5767794
149 139.78742 431.5039 0.64597789 -0.30655365 0.15440502 25 0 826 2.1955968 -0.85388146
150 239.57648 433.85635 0.59382065 -0.17605851 -0.23810611 25 0 748 2.171557 -0.8419281
151 498.52855 433.68355 0.40702032 -0.28246473 -0.16172885 25 0 58426 171.23575 -5.5839861
152 352.03245 435.74587 0.62256234 0.016890153 -0.15267795 25 0 2554 7.4638231 -2.1824033
153 252.77635 438.37379 0.60321815 0.17011503 -0.15099961 25 0 713 1.9381435 -0.71846479
154 98.630175 440.23692 0.67907122 -0.10924875 -0.1837917 25 0 11961 32.419215 -3.7770062
155 484.57103 450.32408 0.64527073 -0.2726538 -0.13259508 25 0 1568 4.6526255 -1.6692452
156 318.46525 453.96709 0.59901509 -0.47044569 -0.40432125 25 0 457 1.4118918 -0.37450356
157 442.77972 455.15383 0.63285792 -0.23814531 -0.10728419 25 0 311 1.1613219 -0.16238157
158 369.58027 458.84442 0.69866264 -0.061929967 -0.27953579 25 0 1027 2.896487 -1.1546789
159 63.755962 459.84947 0.72362708 0.22329738 -0.16162043 25 0 5167 13.627949 -2.8360763
160 156.69184 461.0716 0.71808419 0.055178562 -0.16031779 25 0 1065 2.761612 -1.1029066
161 435.2579 462.55402 0.52877394 0.39787109 -0.013348309 25 0 58896 178.23348 -5.6274732
162 218.49758 469.00475 0.69050558 -0.033325179 -0.26048519 25 0 4133 11.078402 -2.6111928
163 350.02224 470.78025 0.66135277 -0.73761525 -0.074701976 25 0 408 1.2101673 -0.20711353
164 268.5474 472.33096 0.62384459 0.30842455 -0.23782236 25 0 2204 6.2162046 -1.9838132
165 121.64312 472.97571 0.80763617 0.059338026 -0.3631742 25 0 444 1.1031472 -0.10658364
166 345.80465 477.64937 0.55505611 -0.57471962 0.099014404 25 0 294 1.0542387 -0.057347351
167 146.5641 478.38083 0.69384263 0.64617107 -0.30966758 25 0 609 1.6299457 -0.53043284
168 71.510782 483.76192 0.60347669 -0.18456027 -0.27570399 25 0 829 2.4536206 -0.97451854
169 123.53427 500.51948 0.76532893 -0.077071765 0.038379605 25 0 453 1.0491532 -0.052097313
170 124.52296 504.04409 0.62337445 0.31252227 -0.30860775 25 0 560 1.4718919 -0.41968979
171 170.87965 507.86395 0.68500377 0.1718665 -0.18539286 25 0 739 1.8813261 -0.68616018
172 45.239512 510.51954 0.84724486 -0.3479343 -0.23184659 25 0 513 1.1528378 -0.15442054
173 168.14432 510.82284 0.90247657 -0.063862321 -0.64675432 25 0 611 1.3524118 -0.32777235
174 243.3006 510.83307 0.82481631 -0.34300743 -0.51284875 25 0 1102 2.7150931 -1.0844618
175 254.14374 510.73727 0.74283044 -0.035747374 -0.4957762 25 0 450 1.1485044 -0.15033167
