id xcentroid ycentroid sharpness roundness1 roundness2 npix sky peak flux mag
1 284.26376 14.54265 0.58901725 -0.20867268 0.13364992 25 0 435.98108 1.2443288 -0.23733792
2 415.6647 18.13138 0.84084935 -0.41804658 -0.38231999 25 0 471.11874 1.0428504 -0.045555074
3 11.455499 23.294457 0.61762617 -0.73096601 -0.29406202 25 0 10009.979 24.877544 -3.4895187
4 321.64719 23.222023 0.65088618 -0.025268825 -0.083038077 25 0 587.56515 1.7351253 -0.59832713
5 395.33247 26.57384 0.63989313 -0.33107465 -0.042911285 25 0 475.19027 1.2881252 -0.27489515
6 454.44275 26.555971 0.60297726 -0.53685952 -0.14111623 25 0 18860.058 47.168765 -4.1841363
7 341.12751 44.73467 0.60497535 -0.19180049 -0.037753967 25 0 342.79009 1.1155262 -0.11869941
8 100.61734 51.068487 0.58155392 -0.58687438 -0.38386477 25 0 387.97471 1.1034512 -0.10688287
9 173.56299 52.32082 0.6041072 0.17955969 -0.18931971 25 0 844.4661 2.1554853 -0.83386265
10 192.84354 53.270088 0.61695348 -0.34279252 -0.23779392 25 0 1726.0742 4.5189833 -1.6376018
11 53.362035 55.20684 0.70976435 -0.03135944 -0.18340059 25 0 414.6353 1.0100462 -0.010853105
12 311.52205 55.494681 0.46031352 -0.55647548 -0.1495579 25 0 57046.35 147.95315 -5.4253105
13 98.362241 57.389688 0.58976977 0.07636336 -0.18797164 25 0 3540.7614 8.9102918 -2.3747298
14 387.14867 59.167857 0.67626196 -0.13206943 -0.17680186 25 0 804.52983 2.0628236 -0.78615522
15 457.54791 65.293586 0.56891505 -0.67335786 -0.49423277 25 0 597.40806 1.7379294 -0.60008035
16 281.11621 65.985838 0.63342869 -0.35592688 -0.28730819 25 0 1241.7819 3.3361939 -1.3081282
17 430.20938 72.925583 0.66953213 -0.11569467 -0.22168706 25 0 1232.832 3.2081197 -1.2656264
18 488.6244 75.196377 0.62792047 -0.41477269 -0.22815896 25 0 2632.6768 6.7515377 -2.0735067
19 18.449851 78.173321 0.62204896 -0.52201719 -0.41828538 25 0 476.30945 1.2843199 -0.27168305
20 41.452456 78.031868 0.48693691 -0.55084174 -0.38897463 25 0 314.76094 1.1163307 -0.11948214
21 419.76926 79.718149 0.57259338 0.17474403 -0.079906249 25 0 1147.56 3.2255597 -1.2715127
22 405.0715 81.301964 0.71347313 -0.13478939 -0.042988344 25 0 429.03474 1.1956042 -0.19396862
23 42.670025 83.151595 0.62955222 -0.52156267 -0.18540784 25 0 1219.0243 3.1195064 -1.2352147
24 455.51538 88.340279 0.55576939 -0.31313035 -0.22882986 25 0 612.33498 1.8280297 -0.65495812
25 337.49555 92.245758 0.64103889 -0.11037424 -0.29092443 25 0 2302.8712 5.7789923 -1.9046303
26 106.58041 95.150994 0.74219582 -0.16263299 -0.31103907 25 0 432.6589 1.0146734 -0.015815735
27 78.878139 98.564739 0.53619391 -0.15805375 0.07492104 25 0 414.45619 1.2198701 -0.21578395
28 478.00715 99.209585 0.68291986 -0.094691748 -0.091137023 25 0 19862.159 48.759776 -4.2201543
29 270.45507 106.47007 0.60861713 -0.18445561 -0.11739859 25 0 809.76825 2.1604184 -0.83634468
30 274.30748 108.2055 0.62157357 -0.37512123 -0.36068334 25 0 1063.0721 2.7846108 -1.1119113
31 172.75168 109.14597 0.56184946 -0.34531818 -0.23321635 25 0 1173.0312 3.1923891 -1.2602896
32 40.480923 112.9812 0.60140314 -0.44867734 -0.40002737 25 0 2728.5933 6.9606681 -2.1066273
33 496.07291 115.80889 0.61978168 -0.13715156 -0.11104845 25 0 1649.0658 4.3968727 -1.6078597
34 476.20535 119.22854 0.70531022 0.067941035 -0.13865005 25 0 1954.5277 4.7440248 -1.6903674
35 205.6773 126.34863 0.57442316 -0.52150735 -0.17546211 25 0 11919.797 30.624734 -3.7151808
36 223.0178 126.42558 0.60792212 -0.33649571 0.060761951 25 0 688.69151 1.6857763 -0.56699984
37 233.14695 127.88748 0.64122839 -0.54450643 -0.26615218 25 0 1459.6762 3.6905577 -1.41773
38 289.76446 127.71772 0.65715638 -0.20522274 -0.10206455 25 0 837.30672 2.1069116 -0.80911576
39 85.050704 129.71823 0.62812343 -0.4061714 -0.3575967 25 0 398.10534 1.0087297 -0.0094370206
40 37.87169 131.1384 0.59328549 0.07404945 -0.16843129 25 0 422.11401 1.2082732 -0.20541285
41 137.23166 133.04453 0.67537364 -0.3477447 -0.29923462 25 0 1703.3401 4.1022888 -1.5325656
42 504.64421 134.68537 0.61329467 0.036103331 -0.060516316 25 0 1294.1461 3.3196397 -1.3027274
43 161.08547 138.45744 0.59796769 -0.1025907 -0.12848893 25 0 1190.6313 2.9614567 -1.1787635
44 381.02496 150.20415 0.63278019 -0.15778865 -0.12545398 25 0 9770.6365 24.885213 -3.4898534
45 0.22817964 155.93199 0.8915566 -0.024298884 0.11217104 25 0 568.73949 1.223329 -0.21885818
46 283.75615 155.66471 0.52127857 -0.16241664 -0.23245358 25 0 1873.4385 5.0653186 -1.7615169
47 469.29798 162.34569 0.66617017 0.12807735 -0.07308087 25 0 6772.3398 16.832692 -3.0653839
48 370.92716 171.76895 0.6118736 -0.18261365 -0.1556271 25 0 38985.206 98.963034 -4.9886825
49 410.32322 175.24029 0.62511502 -0.55849642 -0.38476185 25 0 389.52907 1.1959795 -0.19430935
50 210.96178 183.9037 0.60395778 -0.10753625 -0.16215212 25 0 1380.0718 3.5769287 -1.3837757
51 331.16455 183.97029 0.65552713 -0.19911754 -0.10903684 25 0 396.85373 1.144128 -0.14618655
52 463.29686 183.65691 0.62788092 -0.30412822 -0.072256363 25 0 5073.6721 12.836568 -2.7711223
53 149.16057 184.38524 0.57139636 0.04077174 0.00084640024 25 0 680.72618 1.6735133 -0.55907291
54 398.54405 186.22114 0.75608153 0.14521579 -0.16937954 25 0 349.16353 1.0096246 -0.010399846
55 137.75086 187.09956 0.55130332 -0.41956728 -0.26432895 25 0 1186.574 3.1390446 -1.2419937
56 1.646627 192.83038 0.54256289 -0.23589338 -0.26889779 25 0 537.11277 1.682872 -0.5651277
57 99.938388 193.06466 0.5740511 -0.15102944 -0.1673044 25 0 1361.414 3.6630115 -1.4095957
58 406.13698 192.94063 0.65954764 -0.33382504 -0.18965354 25 0 2341.9199 5.942057 -1.934842
59 396.08898 195.18037 0.62614798 0.068649144 0.090832113 25 0 407.2494 1.150432 -0.1521524
60 467.92145 194.67423 0.50381613 -0.085770964 -0.028177591 25 0 507.77737 1.6322277 -0.53195188
61 211.63965 196.06675 0.60384547 -0.36541036 -0.33319214 25 0 759.7683 1.8794135 -0.68505584
62 406.47341 198.05952 0.6234054 -0.46317587 -0.34325049 25 0 634.6354 1.7328982 -0.59693264
63 56.68217 199.57889 0.57890861 -0.56524682 -0.027382671 25 0 26679.857 67.870645 -4.5792049
64 174.04021 198.67492 0.49443253 -0.24444559 -0.1672513 25 0 484.39189 1.4082426 -0.37169369
65 439.86849 209.83657 0.51547163 -0.62601726 -0.45035435 25 0 338.62555 1.0842075 -0.087781055
66 153.07851 211.47315 0.62514609 0.029744659 -0.094711369 25 0 460.26629 1.134713 -0.13721508
67 51.655157 213.70072 0.51545213 0.59627214 -0.016354609 25 0 407.3761 1.2261812 -0.2213866
68 493.8115 213.54124 0.58424964 -0.083987937 0.0082262383 25 0 1116.3552 2.9729681 -1.1829756
69 487.75138 219.5737 0.55477698 0.06803704 -0.048603054 25 0 2264.8079 6.2636867 -1.9920751
70 410.62671 225.86627 0.60227287 -0.61762709 -0.49395236 25 0 737.32599 1.9509763 -0.72562999
71 311.1289 227.77366 0.60579009 -0.24524806 -0.10088787 25 0 1149.0754 3.0487902 -1.2103189
72 241.25051 229.55679 0.5800835 -0.75397195 -0.1984521 25 0 479.4282 1.2167835 -0.21303328
73 135.57758 230.825 0.74912437 -0.58221772 -0.57352387 25 0 798.99099 1.6672427 -0.55499703
74 464.41203 234.47317 0.54760033 -0.57610091 -0.056804309 25 0 3059.2685 8.1438981 -2.2770808
75 224.75221 236.30212 0.55328528 -0.40891675 -0.25756601 25 0 1924.309 5.0378681 -1.755617
76 336.95862 238.73856 0.61577377 -0.30382797 -0.14887934 25 0 3384.2938 8.5711931 -2.3326032
77 407.18264 239.49905 0.57201559 -0.37665193 -0.065128641 25 0 9121.4346 23.170792 -3.4123522
78 311.94693 240.87897 0.54389638 -0.078481363 -0.0092086709 25 0 735.45684 2.1801965 -0.84623909
79 165.28753 246.89078 0.56180397 -0.15850748 -0.23188632 25 0 566.63929 1.5528536 -0.47782631
80 225.17609 248.04036 0.62113511 -0.43100799 -0.34620466 25 0 602.40044 1.4735801 -0.4209344
81 15.875016 250.92105 0.61638613 -0.15456002 -0.02684847 25 0 330.61304 1.007502 -0.0081147668
82 416.30756 251.05208 0.63181125 -0.44968444 -0.36522573 25 0 1397.5629 3.4675057 -1.350043
83 188.95022 264.54539 0.55214779 -0.30492323 -0.06650891 25 0 3311.7623 8.5731034 -2.3328451
84 413.15764 264.39709 0.55695117 -0.37922986 -0.030428151 25 0 4775.1578 12.347736 -2.7289684
85 18.232252 285.05282 0.68888959 -0.36855267 -0.24228983 25 0 1314.0008 3.3254748 -1.3046341
86 32.554804 294.21863 0.71159301 -0.31239941 -0.0636231 25 0 587.91531 1.324741 -0.30532748
87 332.79821 297.10959 0.59390453 -0.31271589 -0.2064851 25 0 4364.6938 11.392717 -2.6415683
88 145.29482 298.21062 0.62909019 0.016261998 -0.28981872 25 0 731.68287 1.732015 -0.59637913
89 24.087394 299.32684 0.66087067 -0.1725006 -0.15246887 25 0 1041.4817 2.5339128 -1.0094791
90 52.42494 299.03682 0.72956545 -0.2182529 -0.38415727 25 0 957.54445 2.137658 -0.82484555
91 438.50247 302.11582 0.59402573 -0.18643228 -0.14031841 25 0 517.64183 1.4137586 -0.37593816
92 35.747011 314.78121 0.55203035 -0.31183394 -0.37637537 25 0 892.63203 2.5084749 -0.9985244
93 179.18318 320.6031 0.68933296 -0.35941644 -0.1017626 25 0 679.29348 1.4571494 -0.4087602
94 410.97794 320.96926 0.77581751 -0.45628133 -0.10334664 25 0 1002.1894 2.1794663 -0.8458754
95 98.479209 325.14571 0.69629728 -0.11475185 -0.34587459 25 0 2609.2346 5.8696463 -1.9215298
96 37.475799 346.06791 0.69675539 -0.55441938 -0.27625563 25 0 811.2987 1.9208548 -0.70873637
97 224.20407 345.95682 0.69928362 -0.35220256 -0.27139313 25 0 825.1549 1.8759812 -0.68307118
98 449.28341 352.91715 0.57110397 -0.26275543 0.29915073 25 0 775.04204 1.9029302 -0.69855715
99 321.2826 358.72693 0.68365705 -0.07200371 -0.13402486 25 0 613.64925 1.2988591 -0.28390509
100 200.34395 362.02455 0.65774345 -0.34697919 -0.31259344 25 0 4301.7291 10.305893 -2.532714
101 342.30633 363.70615 0.59828024 -0.29330953 -0.14534956 25 0 783.84096 1.8530829 -0.66973711
102 259.33862 366.19869 0.64858054 -0.27452963 -0.33409464 25 0 19415.532 46.671068 -4.1726193
103 375.21162 373.42697 0.58893827 -0.058613418 -0.029747354 25 0 1439.3973 3.5880609 -1.3871495
104 186.50147 374.9792 0.60683437 -0.32847399 -0.39925113 25 0 1207.3601 2.8237228 -1.1270552
105 238.72455 376.28575 0.61160518 -0.52160978 -0.23192814 25 0 2224.1278 5.5598811 -1.8626638
106 56.365117 377.40657 0.59341703 -0.020389317 -0.20216206 25 0 3287.2442 8.0887007 -2.2696969
107 388.27218 377.62352 0.59429821 -0.37879796 -0.079491723 25 0 861.49504 2.0863791 -0.79848304
108 460.05164 379.99211 0.68173382 -0.28716574 -0.14520378 25 0 8347.7938 20.36856 -3.2724008
109 326.54345 390.87958 0.62089792 -0.33292179 -0.32062177 25 0 2568.5796 6.1524988 -1.9726288
110 35.50169 391.49018 0.48680258 0.30797001 -0.16807306 25 0 2036.9398 5.4031825 -1.8316241
111 81.071675 393.12548 0.59597965 -0.4830045 -0.32131149 25 0 504.99218 1.1820169 -0.18155919
112 187.81167 394.97034 0.66302419 -0.2363297 -0.54797794 25 0 608.61664 1.318184 -0.29994012
113 61.020176 396.10016 0.60643216 -0.14412713 -0.18092913 25 0 420.36628 1.0612098 -0.064503126
114 444.64657 396.65535 0.65384504 -0.94936077 0.30195623 25 0 534.79348 1.173023 -0.17326634
115 105.25142 397.48163 0.58949559 -0.69134378 -0.23051194 25 0 994.86641 2.3365377 -0.92143197
116 415.96563 400.28964 0.615383 -0.28452662 -0.14990574 25 0 2172.2637 5.5795146 -1.8664911
117 445.30525 399.9779 0.7003131 -0.43946655 -0.25903444 25 0 1891.6866 4.2686974 -1.5757384
118 207.12552 407.83757 0.64739448 -0.37938742 -0.25183953 25 0 6325.9979 15.439476 -2.9715814
119 337.61763 410.11355 0.68295282 -0.47072329 -0.49709327 25 0 693.59557 1.4985744 -0.43919576
120 236.19951 415.49249 0.58309119 0.14839648 -0.011089126 25 0 531.93011 1.1931912 -0.19177515
121 373.27788 415.18795 0.61122362 -0.2055857 -0.51358466 25 0 441.15223 1.0031356 -0.0033991401
122 233.60356 419.04494 0.60611964 -0.44868683 -0.30618702 25 0 1625.723 3.9823981 -1.5003617
123 65.71902 423.99872 0.6995388 -0.19506773 -0.14896215 25 0 868.39409 1.8930707 -0.69291707
124 89.733932 425.5155 0.55219644 -0.41656199 -0.14258948 25 0 1481.1207 3.7213134 -1.4267406
125 114.00114 444.58232 0.54647578 -0.095883459 -0.0084041213 25 0 795.14236 1.9275356 -0.712506
126 140.41112 443.67636 0.58120341 -0.64533167 -0.23385991 25 0 1614.1263 3.8828437 -1.4728748
127 213.57802 447.18005 0.60872209 -0.63466279 -0.32164792 25 0 892.31877 2.0300949 -0.76879085
128 472.74826 447.27765 0.30932616 -0.61716092 -0.2371951 25 0 60561.837 176.0134 -5.6138643
129 326.18881 449.28048 0.58981971 -0.25822746 -0.23063813 25 0 2537.2247 6.5977132 -2.0484836
130 226.70776 451.68408 0.56320145 -0.26518156 -0.15131885 25 0 913.43919 2.1641782 -0.83823257
131 72.807362 453.31322 0.63175004 -0.38278731 -0.20749544 25 0 11117.407 27.774504 -3.6091158
132 458.71884 463.96779 0.65393068 -0.37697916 -0.21001227 25 0 1901.398 4.4432169 -1.6192438
133 292.98164 467.40843 0.56545525 -0.58657525 -0.22442622 25 0 634.864 1.5883406 -0.50235912
134 343.75648 472.36586 0.65411118 -0.42278037 -0.18453532 25 0 1169.6544 2.6420707 -1.0548611
135 37.870992 472.80642 0.64660607 -0.12333085 -0.1775544 25 0 4862.2909 12.147745 -2.7112392
136 130.92158 474.14716 0.62279535 -0.1151422 -0.36358996 25 0 1029.0556 2.4554104 -0.97531023
137 409.21335 476.18247 0.49572255 -0.33825773 -0.28019365 25 0 60526.13 170.22688 -5.5775704
138 192.71763 482.23692 0.6453314 -0.46044176 -0.21093248 25 0 4184.5304 10.167492 -2.5180346
139 324.18886 484.28815 0.57550351 -0.72851449 -0.24263949 25 0 600.44433 1.4440971 -0.39899095
140 242.58019 485.67022 0.53482106 -0.023427833 -0.17435191 25 0 2271.6921 5.9007833 -1.9272742
141 120.66874 491.49094 0.66197191 -0.43089772 -0.14661221 25 0 695.36155 1.3243541 -0.30501028
142 320.09524 491.07264 0.74880498 -0.27891411 -0.1314723 25 0 519.8797 1.0002484 -0.00026968367
143 45.535808 496.78196 0.59892612 -0.61580601 -0.33675954 25 0 875.809 2.093576 -0.80222184
