id xcentroid ycentroid sharpness roundness1 roundness2 npix sky peak flux mag
1 328.65462 1.5619771 0.7651299 0.31153368 -0.1795644 25 0 359 1.147594 -0.14947069
2 301.15995 3.6315013 0.59305598 -0.040078156 -0.11215118 25 0 614 1.8410546 -0.66266664
3 310.04457 6.0780505 0.67052094 0.28884093 -0.18258965 25 0 406 1.2693217 -0.25892926
4 432.57568 6.8366555 0.52683377 -0.50480227 -0.39189214 25 0 359 1.5385838 -0.46780287
5 113.01234 11.065388 0.67958079 -0.048179991 -0.24096014 25 0 554 1.7083328 -0.58143122
6 338.55539 12.34379 0.5917237 0.045251836 -0.091899989 25 0 733 2.3301297 -0.91845025
7 28.143578 13.0044 0.70434687 0.026696171 -0.18655717 25 0 16569 46.370359 -4.1656012
8 411.93904 15.343791 0.57345509 0.1135805 -0.10574555 25 0 559 2.0555802 -0.78233604
9 471.14011 15.283274 0.64037044 0.28581545 -0.13742768 25 0 27083 78.364753 -4.7353019
10 357.86602 33.797027 0.62064615 0.459751 -0.16453215 25 0 569 1.8267991 -0.65422696
11 457.36691 33.904217 0.68612823 -0.056050874 -0.17215951 25 0 347 1.227158 -0.22225124
12 130.54383 36.462321 0.57711958 0.21339639 -0.31960801 25 0 413 1.3195496 -0.30106432
13 117.39724 40.595923 0.54047876 -0.10666482 -0.44946118 25 0 521 1.7037052 -0.57848613
14 190.37707 41.697811 0.65803912 -0.18903669 -0.22233292 25 0 1197 3.2030089 -1.2638954
15 209.7768 42.491628 0.54923948 0.49185822 -0.069930523 25 0 2049 6.2309065 -1.9863781
16 328.16453 44.583171 0.38183683 0.39162891 -0.13107119 25 0 58758 199.04476 -5.7473769
17 350.40962 43.65524 0.56808538 -0.22759866 -0.20130619 25 0 423 1.3676446 -0.33993315
18 70.093187 44.89683 0.63597452 0.21729315 -0.32594509 25 0 563 1.8216429 -0.65115809
19 115.12712 46.799684 0.6433365 0.054849091 -0.1882974 25 0 5618 16.287495 -3.0296358
20 403.83802 48.185088 0.65397792 -0.061495468 -0.30644572 25 0 1083 3.2216601 -1.2701993
21 250.69228 53.557801 0.56324926 0.54667869 -0.07389181 25 0 365 1.0635026 -0.066846402
22 474.37191 54.057857 0.67777446 0.087638284 -0.29013829 25 0 864 2.7464772 -1.09694
23 297.95706 55.102369 0.60599342 0.050932011 -0.23474333 25 0 1673 5.0140003 -1.7504609
24 146.17076 59.940288 0.70580419 -0.075271034 -0.14223765 25 0 431 1.1294965 -0.13221222
25 446.94067 61.741238 0.6043595 0.17922638 -0.18611104 25 0 1469 4.4518381 -1.6213484
26 505.49138 63.936214 0.6918334 0.043197276 -0.26394796 25 0 3440 9.6425758 -2.4604827
27 1.2086968 65.671374 0.60918287 -0.44227054 -0.069568243 25 0 411 1.3542167 -0.32922044
28 35.248319 67.84758 0.69047952 -0.16498146 -0.23842831 25 0 729 2.2099321 -0.86094734
29 436.50638 68.585871 0.5975004 0.60939901 -0.091472985 25 0 1405 4.3320102 -1.5917237
30 475.19202 69.489227 0.68444695 0.57535162 0.063956226 25 0 337 1.1614841 -0.16253319
31 1.3670124 69.601863 0.60171828 0.40618465 -0.0059510363 25 0 358 1.1228123 -0.12576788
32 116.32245 69.495913 0.58118873 0.044621038 -0.20057392 25 0 380 1.0829765 -0.086547568
33 421.68848 70.233992 0.61764589 -0.22086157 -0.16631729 25 0 609 2.0003749 -0.7527785
34 59.482078 72.72926 0.58067093 -0.32571283 -0.2427646 25 0 1537 4.7447773 -1.6905396
35 472.3275 77.178445 0.62915158 0.36994699 -0.088822678 25 0 995 3.2338002 -1.274283
36 354.35358 81.233282 0.62865709 0.34427629 -0.19910126 25 0 3498 10.05104 -2.5055275
37 123.5758 84.674349 0.52085854 -0.6979724 -0.35699519 25 0 447 1.4772553 -0.42363892
38 95.783792 88.143942 0.63787066 0.033404352 0.014951696 25 0 659 1.8861194 -0.68892295
39 494.66197 88.074538 0.63976039 0.085168858 -0.20131705 25 0 22549 65.485014 -4.5403548
40 158.67194 95.03692 0.60553742 -0.27015581 -0.46931735 25 0 539 1.4948917 -0.43652431
41 287.4178 95.496119 0.55090621 -0.41757086 -0.11749524 25 0 1093 3.1126487 -1.2328253
42 291.33033 97.303686 0.57297402 0.033285953 -0.29473757 25 0 1362 3.91019 -1.4804947
43 189.66339 98.375593 0.60311279 0.46631739 -0.34510487 25 0 1536 4.3098417 -1.5861533
44 119.28738 102.31253 0.69929604 0.44780074 -0.011142649 25 0 513 1.3474934 -0.32381662
45 455.30054 101.95442 0.63499654 -0.076292756 -0.37293337 25 0 348 1.2822519 -0.26993334
46 57.39509 102.58823 0.57437973 -0.31472163 -0.13517792 25 0 3737 11.090449 -2.6123728
47 492.96751 108.02412 0.67961584 0.14621235 -0.13087187 25 0 2346 6.8001797 -2.081301
48 335.97885 113.62649 0.56436081 0.1996761 -0.20123884 25 0 584 1.7181452 -0.58764963
49 222.69508 115.64743 0.58445836 0.39308937 -0.12607228 25 0 16142 47.987342 -4.2028167
50 240.23524 115.78684 0.55525848 0.23384552 -0.11827695 25 0 1059 3.0700032 -1.2178471
51 250.21138 117.07367 0.59565 0.062136452 -0.26080836 25 0 2005 5.8934109 -1.9259168
52 306.71854 116.88095 0.59093049 0.0726597 -0.38309746 25 0 1205 3.5815022 -1.3851631
53 451.96438 118.43709 0.46504791 0.32665077 -0.14686854 25 0 311 1.2998413 -0.2847258
54 101.64707 119.26491 0.61152285 -0.057717148 -0.23288168 25 0 524 1.4633598 -0.41337783
55 202.20888 118.87826 0.59491634 -0.12118017 -0.20527133 25 0 585 1.6551058 -0.54706441
56 156.31691 120.2567 0.61719442 0.16321868 -0.26765628 25 0 441 1.1458775 -0.1478455
57 54.382782 120.61212 0.67627968 0.3167406 -0.21536898 25 0 538 1.5078185 -0.44587264
58 154.05173 122.36156 0.57978568 0.090337988 -0.15588706 25 0 2020 5.9900082 -1.9435685
59 482.01238 122.41902 0.61902493 0.034643391 -0.058042868 25 0 307 1.1035331 -0.10696344
60 178.02317 127.77922 0.5967348 0.029152752 -0.16793439 25 0 1902 5.5420897 -1.8591839
61 9.2528335 129.35596 0.65904211 0.21237538 -0.10121238 25 0 1334 3.8447718 -1.4621764
62 255.41344 130.98214 0.62626888 0.23042871 -0.32398074 25 0 593 1.6178712 -0.52235983
63 397.89092 139.15831 0.60713223 0.07419049 -0.19406673 25 0 12551 37.151628 -3.9249446
64 300.74784 144.77158 0.58607097 0.22498212 -0.2106684 25 0 3053 9.0345669 -2.3897683
65 16.685279 145.67239 0.65878885 0.10920743 -0.10871096 25 0 752 2.179357 -0.84582094
66 0.22186718 149.79637 0.90309937 0.004631922 0.022056873 25 0 698 1.7078155 -0.58110236
67 486.06499 151.11673 0.62304566 0.14244267 -0.15331362 25 0 8060 24.097313 -3.4549215
68 99.432694 158.96183 0.65592806 0.16716027 -0.259692 25 0 560 1.3559514 -0.33061032
69 387.84342 160.69717 0.57988535 0.29540273 -0.13284043 25 0 49997 151.01885 -5.4475779
70 427.04701 164.05071 0.49096519 0.13518448 -0.43505544 25 0 420 1.573392 -0.49209238
71 208.37176 164.72721 0.47998647 -0.31912746 -0.04606916 25 0 538 1.629223 -0.52995135
72 155.4599 168.15127 0.58003821 0.16735477 -0.33515682 25 0 1034 2.9088047 -1.1592864
73 35.321914 171.90066 0.64481351 0.6789182 -0.33984489 25 0 421 1.2705869 -0.26001094
74 480.11355 172.49529 0.54834685 0.33984436 -0.01428178 25 0 5426 16.807005 -3.0637258
75 227.94106 173.14354 0.57079802 0.085398995 -0.21453805 25 0 1875 5.585523 -1.8676596
76 348.22748 173.0368 0.73423491 0.30173787 -0.16825432 25 0 624 1.5425308 -0.4705846
77 166.09949 173.91627 0.63542067 0.030362537 -0.18037196 25 0 1135 3.0354223 -1.2055478
78 415.47076 175.07852 0.57942498 0.30636094 -0.39060632 25 0 306 1.0362611 -0.038672984
79 154.54802 176.43069 0.56177035 0.67303785 -0.072278066 25 0 1388 3.9322605 -1.4866057
80 18.716155 182.45752 0.64671067 -0.11855575 0.080490575 25 0 751 2.0937808 -0.80232801
81 116.82017 182.61568 0.54824116 0.19910462 0.093607493 25 0 1565 4.499094 -1.6328127
82 423.04803 181.7737 0.57957404 -0.040608524 -0.20088543 25 0 2657 8.1613856 -2.2794097
83 412.94 183.98501 0.67151686 0.17670426 -0.15138735 25 0 750 2.241255 -0.87622816
84 484.77503 183.50354 0.56545007 0.8017671 0.14581556 25 0 552 1.8965327 -0.69490083
85 228.58267 185.3586 0.58622821 -0.24196208 -0.14342552 25 0 1109 2.9479169 -1.1737881
86 423.46111 186.78276 0.59011814 -0.026218285 -0.24520215 25 0 810 2.5198431 -1.0034338
87 191.14537 188.00241 0.64209569 0.084994148 -0.19542569 25 0 873 2.3111282 -0.90956011
88 73.557957 189.00915 0.67844571 -0.013203406 -0.31623004 25 0 41892 114.83528 -5.1501883
89 123.10511 190.20331 0.58794843 0.30832995 -0.33505506 25 0 503 1.3600429 -0.33388152
90 456.76475 198.55351 0.53583836 0.7281001 -0.07113057 25 0 472 1.7090049 -0.58185826
91 170.07398 200.90047 0.61385165 -0.024091256 -0.172609 25 0 689 1.7895784 -0.63187684
92 200.3654 202.12745 0.63328897 -0.14720507 -0.41272704 25 0 472 1.1445948 -0.14662944
93 510.50999 202.30736 0.71554302 -0.48664951 -0.016054373 25 0 1533 4.148935 -1.5448416
94 68.515797 203.08154 0.69942093 -0.32643061 -0.33358122 25 0 672 1.6876876 -0.56823016
95 407.76897 203.02986 0.55462448 0.48405299 -0.017479234 25 0 307 1.0683489 -0.071782744
96 471.33086 204.60824 0.60907995 -0.24043141 -0.15847183 25 0 563 1.9283632 -0.71297209
97 504.60232 208.33462 0.49250916 0.30965843 -0.48159007 25 0 2441 8.0599568 -2.2658318
98 14.515761 212.10324 0.59626533 0.38889265 -0.28935354 25 0 465 1.4848317 -0.42919311
99 16.444689 213.76925 0.67235733 0.38721701 -0.19372823 25 0 588 1.7468797 -0.60565748
100 427.31113 214.62689 0.58669134 0.27547068 -0.29343127 25 0 907 2.7418026 -1.0950904
101 328.29403 216.80076 0.55972641 0.092606361 -0.2671828 25 0 1460 4.3897593 -1.6061018
102 258.47036 218.84226 0.58763911 -0.16409312 -0.2685981 25 0 756 2.0032052 -0.7543136
103 152.48474 220.28345 0.61711905 -0.10771976 -0.27592726 25 0 1031 2.751427 -1.098895
104 481.30906 223.33765 0.59568018 0.33165889 -0.15245512 25 0 4411 13.289524 -2.8087736
105 241.83143 225.5487 0.55538049 0.42934618 -0.093670162 25 0 2591 7.6879168 -2.2145217
106 354.01776 227.72106 0.55245057 0.17322997 -0.14095518 25 0 4153 12.793971 -2.7675134
107 424.09257 228.48891 0.54446485 0.28117724 -0.050743565 25 0 12250 37.498905 -3.9350465
108 328.93058 230.02794 0.58831108 0.02452475 -0.28172454 25 0 1102 3.2047742 -1.2644936
109 182.47856 236.15449 0.57331277 0.23356448 -0.3380676 25 0 773 2.1737934 -0.84304566
110 242.3198 237.33814 0.59834222 0.3217555 -0.19008921 25 0 861 2.3344974 -0.92048347
111 433.33198 239.94842 0.61396855 0.042906914 -0.22000999 25 0 1919 5.7185635 -1.8932174
112 32.737236 240.52157 0.72410589 0.15021364 -0.17477162 25 0 454 1.1085047 -0.1118438
113 430.17325 253.41507 0.59014519 0.32616638 -0.084791426 25 0 6864 20.24504 -3.2657966
114 206.0488 253.88126 0.59250147 0.042859269 -0.23812205 25 0 5205 15.542536 -2.9788047
115 268.20203 256.35076 0.5894439 0.24670813 -0.23501681 25 0 556 1.5425823 -0.47062087
116 106.80901 264.12732 0.61562097 0.031926579 -0.1928326 25 0 426 1.1402478 -0.1424981
117 35.395376 274.50857 0.5760682 -0.099277831 -0.11024261 25 0 1335 3.9317519 -1.4864653
118 91.666543 276.10545 0.51554087 0.39053907 0.016140926 25 0 389 1.147376 -0.14926438
119 49.530133 283.87375 0.69949875 0.11271703 -0.28424871 25 0 894 2.2799355 -0.89480638
120 349.77384 286.19915 0.61125497 -0.070794705 -0.20558082 25 0 5693 16.84397 -3.0661111
121 162.59584 287.52973 0.56964416 0.78241056 -0.22562141 25 0 763 2.0643517 -0.7869592
122 41.150362 288.76397 0.67255104 0.17039935 -0.1166989 25 0 1393 3.721144 -1.4266912
123 69.422432 288.56835 0.54943896 -0.16172841 -0.089738152 25 0 1046 3.0199041 -1.1999829
124 324.37196 290.90991 0.60729207 -0.74352522 -0.390525 25 0 378 1.0464373 -0.049283011
125 455.50694 291.03554 0.76408499 -0.049708405 -0.33447013 25 0 747 1.9766247 -0.73981053
126 138.32364 298.30368 0.52854686 -0.33033915 -0.25238853 25 0 451 1.2333954 -0.22775581
127 52.809988 304.26929 0.63097033 -0.07728497 -0.1585523 25 0 1319 3.6435969 -1.4038258
128 400.70994 304.2349 0.6094842 -0.57241946 0.0088926877 25 0 353 1.0735947 -0.077100887
129 196.50866 309.92897 0.63105969 -0.13397266 -0.33201214 25 0 854 2.2160336 -0.86394087
130 428.17191 309.87048 0.66275413 0.026048012 -0.15173992 25 0 1091 3.1701317 -1.2526933
131 115.59025 314.62726 0.62600738 0.4782756 -0.17697798 25 0 3298 9.2315445 -2.4131859
132 37.638061 318.52692 0.48055237 0.6197208 -0.14537027 25 0 332 1.0226 -0.024264444
133 164.83263 324.0626 0.57528021 0.32958173 -0.19339381 25 0 393 1.0120243 -0.012977378
134 307.80513 326.34916 0.50687324 -0.053727539 -0.035737348 25 0 524 1.6655385 -0.55388666
135 8.3584294 334.52519 0.63589015 0.63285661 -0.002353409 25 0 11536 32.38442 -3.7758403
136 265.39749 333.70097 0.55740224 -0.063690576 -0.27271972 25 0 525 1.5476391 -0.47417426
137 358.08276 333.98643 0.57253493 0.20504299 -0.21849215 25 0 521 1.6999861 -0.5761134
138 241.6289 335.08524 0.63660912 0.21577085 -0.47998484 25 0 882 2.2880735 -0.89867493
139 54.609982 335.64754 0.63723866 0.46085359 -0.10020823 25 0 1006 2.7564591 -1.1008789
140 466.38952 341.73727 0.63666786 0.78486568 0.12306304 25 0 731 2.0930694 -0.8019591
141 237.65088 344.8943 0.58084706 0.12676258 -0.10680066 25 0 415 1.2120004 -0.20875695
142 338.33448 347.62014 0.59310683 0.35106301 -0.17107614 25 0 604 1.7934051 -0.63419602
143 217.54725 351.2096 0.62479019 -0.15613323 -0.26385889 25 0 5114 14.461998 -2.9005707
144 0.25248161 353.74682 0.77109577 -0.19478326 0.59309679 25 0 632 1.5783807 -0.49552942
145 359.61674 352.62618 0.56298753 0.3417466 -0.25718863 25 0 928 2.8057703 -1.1201303
146 276.55635 355.22959 0.63516733 0.26024113 -0.34056004 25 0 23842 66.075641 -4.5501035
147 0.25210738 357.44725 0.91152759 0.025780654 0.45423087 25 0 1343 2.9921112 -1.1899443
148 0.9370127 360.78398 0.67391337 -0.38648651 0.036724317 25 0 691 1.8165172 -0.6480988
149 392.34159 362.34077 0.54869256 0.24049246 -0.14120309 25 0 1629 5.2011678 -1.7902522
150 203.85175 364.24345 0.60081626 0.078761456 -0.1850594 25 0 1633 4.6683193 -1.6729014
151 255.94054 365.44569 0.53190956 0.14172642 -0.071854446 25 0 2352 7.2476766 -2.150497
152 73.52669 366.88871 0.67553955 -0.046489146 -0.26926268 25 0 5220 14.233778 -2.8833005
153 405.47589 366.67569 0.60277173 0.28776712 -0.16516734 25 0 937 2.9167649 -1.1622536
154 116.55263 367.53597 0.62626447 0.33687662 -0.35880663 25 0 502 1.3023954 -0.28685717
155 477.18772 368.76325 0.61827602 -0.063241326 -0.14842796 25 0 8530 25.145539 -3.5011524
156 0.62562039 369.93495 0.65044865 -0.027394614 -0.038617675 25 0 549 1.4810882 -0.4264523
157 343.74473 379.86599 0.6041987 0.065694436 -0.22790856 25 0 3379 10.155723 -2.5167771
158 52.630389 381.04416 0.68313658 0.0094393065 -0.23480484 25 0 3911 10.686098 -2.5720479
159 98.458078 382.6015 0.65499242 0.57334245 -0.1049256 25 0 636 1.7112054 -0.58325536
160 205.20195 384.13269 0.65282392 -0.1572455 -0.27600726 25 0 646 1.702921 -0.57798625
161 461.65755 385.12899 0.64918733 -0.84691509 -0.084166594 25 0 571 1.7958047 -0.63564776
162 78.038075 385.73743 0.53708187 0.15366094 -0.036850209 25 0 348 1.0077856 -0.0084203991
163 122.46031 387.01801 0.65626896 -0.012505229 -0.32242726 25 0 1474 4.0058374 -1.5067333
164 433.11142 389.13176 0.62267735 0.047184754 -0.16310442 25 0 2439 7.3194839 -2.1612011
165 462.55556 388.6916 0.62276388 -0.37032992 -0.20858892 25 0 1894 5.5854112 -1.8676379
166 38.037004 391.91075 0.65726824 0.36124599 0.063241013 25 0 657 1.8276806 -0.65475077
167 224.52826 396.93448 0.65912053 -0.085595119 -0.33501224 25 0 7915 21.797053 -3.3459945
168 354.95171 399.05919 0.61207481 0.18359798 -0.18432663 25 0 775 2.3665452 -0.93528699
169 253.67967 404.65747 0.59268725 0.52240451 0.22615491 25 0 632 1.7560391 -0.61133548
170 390.35237 404.06555 0.67438997 0.17754733 -0.36474038 25 0 516 1.5628256 -0.48477629
171 250.92211 408.13301 0.60329625 0.093495254 -0.24118489 25 0 1966 5.8654065 -1.9207453
172 472.45009 408.63163 0.54526508 0.6144559 -0.16243002 25 0 293 1.1885174 -0.18751384
173 82.96844 413.44093 0.60234283 0.22380489 0.039927454 25 0 927 2.7529832 -1.0995089
174 106.9615 414.97771 0.66636035 0.17054999 -0.19715505 25 0 2530 7.2377332 -2.1490064
175 282.75365 424.99939 0.57861443 -0.051543563 -0.219772 25 0 370 1.150835 -0.15253264
176 192.60254 431.96059 0.58879499 -0.1078883 -0.55614469 25 0 374 1.1243973 -0.12729947
177 157.68511 432.97886 0.66273456 -0.035123281 -0.32910876 25 0 2333 6.5495975 -2.0405365
178 131.25953 433.81411 0.68936749 0.36090164 -0.19330057 25 0 1093 2.8619664 -1.1416613
179 230.99191 436.35347 0.57271869 0.14092165 -0.16405557 25 0 967 2.8476157 -1.1362034
180 489.90157 436.18059 0.24362661 0.13394673 -0.038947534 25 0 58633 217.13113 -5.8418052
181 343.5231 438.13649 0.63923295 -0.23345931 -0.261547 25 0 3020 8.5333271 -2.327796
182 13.194996 441.26537 0.62048857 0.45614323 -0.11534789 25 0 352 1.1218317 -0.1248193
183 244.03592 440.85972 0.63029366 -0.19652704 -0.15924379 25 0 1145 3.2703797 -1.2864954
184 90.17179 442.71895 0.64916058 0.067411553 -0.14227957 25 0 14830 42.405587 -4.0685577
185 475.95036 452.73481 0.65587331 -0.088391884 -0.18290556 25 0 2045 6.0366349 -1.9519873
186 378.39687 455.09719 0.71793761 0.19948556 -0.27124851 25 0 321 1.0409718 -0.04359742
187 310.06914 456.43418 0.54060352 0.27080217 -0.0309731 25 0 560 1.8963591 -0.69480144
188 434.02536 457.69243 0.54556454 0.38512525 0.21695216 25 0 283 1.1614928 -0.16254127
189 361.14238 461.2806 0.61242988 0.07197905 -0.16773819 25 0 1268 3.9382051 -1.4882458
190 55.215278 462.24392 0.69675553 0.25726067 -0.13740464 25 0 6419 17.721762 -3.1212672
191 148.15066 463.51593 0.56098307 0.39993986 -0.021026128 25 0 990 2.8692578 -1.1444239
192 426.56324 464.80037 0.47819575 0.16440945 -0.20504036 25 0 58712 187.02361 -5.6797411
193 209.96512 471.55589 0.55056665 0.14779634 0.0044121334 25 0 4129 12.61875 -2.7525409
194 341.40511 473.22891 0.69628072 -0.56183108 -0.42669529 25 0 583 1.6219574 -0.52509859
195 427.87325 472.5476 0.69262673 0.42822468 -0.047985406 25 0 422 1.1743914 -0.1745322
196 113.08359 475.33322 0.63056189 0.38628336 -0.13250798 25 0 459 1.3352976 -0.31394517
197 260.05999 474.79204 0.63181993 0.016849114 -0.21955576 25 0 3201 9.3849206 -2.4310765
198 337.26172 479.96608 0.59078469 0.23183465 -0.3604906 25 0 431 1.5010074 -0.4409571
199 137.85838 480.8322 0.68471047 0.091962413 -0.32491903 25 0 927 2.4904734 -0.99070478
200 62.921227 486.15265 0.70318537 0.050145122 -0.24665746 25 0 1289 3.58785 -1.3870857
201 239.34447 495.79961 0.75886138 0.21199198 -0.30999153 25 0 478 1.3047454 -0.28881444
202 149.05384 499.74623 0.68739847 -0.23475483 -0.10167789 25 0 387 1.0833868 -0.086958858
203 66.352755 501.20265 0.75261228 -0.12040197 -0.3614633 25 0 398 1.0312459 -0.033405584
204 115.09239 502.90546 0.64562373 -0.49730731 -0.13790625 25 0 648 1.812936 -0.64595616
205 160.49415 502.96506 0.68139125 0.36171916 -0.1960064 25 0 489 1.3159866 -0.2981287
206 115.98611 506.54342 0.64334251 -0.0062619374 -0.070057266 25 0 722 1.8631476 -0.67561814
207 162.34958 510.28467 0.67579032 0.26688619 -0.29870397 25 0 1006 2.7164584 -1.0850076
