id xcentroid ycentroid sharpness roundness1 roundness2 npix sky peak flux mag
1 38.469296 0.068802853 0.84886392 -0.45796955 -0.66158812 25 0 3918.9469 10.788363 -2.5823889
2 339.85274 5.5037562 0.52237075 0.64861732 0.069760727 25 0 307.01658 1.3583235 -0.33250807
3 506.14243 7.5953679 0.58751315 0.56581802 0.11367174 25 0 282.49623 1.1709005 -0.17129993
4 510.76625 9.7553892 0.602981 -0.60475766 -0.42545566 25 0 272.43549 1.0874933 -0.091066524
5 327.21143 13.235123 0.84338356 0.24107924 -0.31674502 25 0 374.45484 1.1085647 -0.11190264
6 299.76043 15.686673 0.53853511 0.058704489 -0.24857509 25 0 579.88675 2.2054202 -0.85872837
7 308.67527 17.940548 0.57878504 -0.16333959 -0.24098038 25 0 319.70015 1.4286524 -0.38731647
8 431.25599 18.950095 0.73205446 0.46589029 -0.043882989 25 0 579.03725 1.8344596 -0.65877037
9 111.67072 22.76108 0.61873151 0.10642403 -0.47363739 25 0 448.45447 1.4633856 -0.41339693
10 337.22611 24.32996 0.62900372 0.21140387 -0.17955084 25 0 670.95652 2.2250479 -0.86834842
11 26.830059 24.666198 0.61580781 0.074583097 -0.17124145 25 0 13153.195 42.995345 -4.0835536
12 469.80718 27.506413 0.57653375 -0.033584027 -0.060586658 25 0 22712.019 75.13113 -4.6895498
13 410.7613 27.47396 0.58310378 0.22604946 -0.15869161 25 0 563.87047 2.0721446 -0.79105017
14 427.95927 29.110384 0.65159582 0.19708089 -0.066725502 25 0 296.18631 1.1719548 -0.17227718
15 336.38734 32.564015 0.52554338 -0.3979026 -0.32139481 25 0 216.93843 1.0237663 -0.025502037
16 356.57803 45.830733 0.65063959 0.56341395 -0.15726621 25 0 534.3905 1.7569425 -0.61189384
17 456.07743 46.187033 0.64761701 -0.086780254 -0.47013104 25 0 404.1823 1.4945249 -0.43625791
18 129.04949 48.278749 0.5673314 -0.015483328 -0.34201165 25 0 400.97397 1.5646174 -0.48602042
19 115.87277 52.36675 0.54159038 -0.51301838 -0.25837118 25 0 471.17286 1.6323687 -0.53204564
20 188.95208 53.490114 0.55267806 0.11219821 0.053576396 25 0 996.93813 3.4967182 -1.3591516
21 208.40698 54.399549 0.65063359 0.36495148 -0.22201644 25 0 2070.2372 6.3868804 -2.013222
22 349.03553 55.705325 0.62508352 -0.04270741 -0.12343184 25 0 453.00014 1.75727 -0.61209623
23 68.793104 56.627569 0.5707901 0.2130659 -0.067230788 25 0 420.47553 1.4429261 -0.39811021
24 327.02334 56.473731 0.33324219 0.028763289 -0.20002426 25 0 57725.673 220.02188 -5.8561647
25 113.66558 58.532064 0.53786087 0.29478624 -0.19262065 25 0 4045.9792 13.770201 -2.8473507
26 156.79889 59.084958 0.61589437 0.04387533 -0.2063935 25 0 367.56246 1.2136139 -0.21020135
27 402.4825 60.230332 0.59591008 -0.25751749 -0.35769272 25 0 939.6542 3.2206388 -1.2698551
28 47.088867 61.057587 0.71781702 -0.37101129 -0.13571047 25 0 311.15277 1.0522521 -0.055299511
29 236.05797 64.130564 0.49081288 -0.042667475 0.036586233 25 0 257.72966 1.1660883 -0.16682862
30 473.02428 66.246188 0.64466157 0.016613014 -0.14335844 25 0 836.70059 2.8972921 -1.1549807
31 296.53075 67.048423 0.62947392 -0.084194906 -0.44590909 25 0 1409.1698 4.6145189 -1.6603161
32 144.64843 71.828483 0.45380047 0.21403264 -0.5048957 25 0 264.08203 1.0043038 -0.0046628048
33 445.50788 73.8765 0.5935631 -0.015731558 -0.3766172 25 0 1396.6353 4.6867307 -1.677175
34 504.0644 76.159928 0.70328594 0.12138305 -0.06601973 25 0 3846.7796 11.925375 -2.6911801
35 0.23795089 77.338607 0.9507877 -0.1394722 0.10815418 25 0 458.9468 1.1555711 -0.15699163
36 351.82037 78.068242 0.57917203 -0.1276757 -0.44357255 25 0 250.49514 1.1540746 -0.15558474
37 56.848057 79.387651 0.70891826 -0.21408786 -0.1144256 25 0 419.58975 1.2961672 -0.28165256
38 33.761195 79.364048 0.52010412 0.1834817 -0.0068269334 25 0 457.19638 1.7290635 -0.59452736
39 0.36854498 81.110451 0.83494758 -0.27703075 0.15472894 25 0 408.5485 1.1250733 -0.12795206
40 114.72405 81.426919 0.64238968 -0.23704558 -0.11389641 25 0 403.94195 1.3072555 -0.29090122
41 435.19754 80.673903 0.63297431 0.077523083 -0.048604384 25 0 1528.1939 5.0125075 -1.7501376
42 420.4144 82.289255 0.73015538 0.49773759 -0.24781598 25 0 542.03721 1.7117778 -0.58361849
43 473.75985 81.396274 0.52647166 0.25969413 0.0043503278 25 0 334.73489 1.3691685 -0.34114223
44 58.109288 84.527952 0.55358898 -0.087886195 -0.11468473 25 0 1272.211 4.3353976 -1.5925723
45 470.94838 89.350545 0.62456465 0.35738992 0.019389345 25 0 932.00201 3.1116786 -1.2324868
46 352.93579 93.259915 0.61708589 -0.064366938 -0.20364546 25 0 3234.5709 10.67278 -2.5706939
47 122.05352 96.432549 0.66464644 -0.13867749 -0.11371207 25 0 448.01598 1.3566544 -0.33117306
48 94.53152 99.954467 0.60182433 -0.42939719 -0.45691684 25 0 574.31387 2.0613434 -0.78537587
49 146.82804 100.06907 0.64594754 -0.11381419 -0.31009078 25 0 398.03512 1.2862409 -0.27330576
50 493.36445 100.30988 0.67043597 0.32298057 -0.1569792 25 0 21112.071 64.775843 -4.5285327
51 157.52409 106.82716 0.67673989 -0.64493541 -0.53256377 25 0 458.70875 1.3499419 -0.32578766
52 286.03446 107.45731 0.53671919 -0.18137915 -0.036507675 25 0 993.56995 3.4982305 -1.3596211
53 289.92406 109.27386 0.63466582 -0.35785117 -0.27428781 25 0 1335.1267 4.1676878 -1.5497379
54 188.28212 110.308 0.58445611 0.047137837 -0.25636055 25 0 1519.6928 5.0423411 -1.7565805
55 55.956144 114.3424 0.60128658 -0.1232318 -0.2303097 25 0 3722.2604 12.149536 -2.7113993
56 453.8682 114.40075 0.51845973 -0.061382892 0.11543983 25 0 304.05462 1.396877 -0.36289543
57 299.02678 116.3616 0.48155605 -0.46869527 -0.21500507 25 0 270.66693 1.2824457 -0.27009744
58 510.84505 116.67095 0.8793669 0.33581112 0.33398916 25 0 1921.5788 5.2602738 -1.8025209
59 491.6563 120.24878 0.57882309 0.0042740632 -0.19005689 25 0 1850.6989 6.3238031 -2.0024459
60 334.71769 125.72448 0.59117988 0.14594527 -0.19504728 25 0 506.45263 1.9433997 -0.72140534
61 221.36389 127.51547 0.54157003 -0.31406856 -0.12298667 25 0 13498.128 45.047965 -4.1341879
62 238.73637 127.63624 0.61331651 0.28058546 -0.21909152 25 0 934.31832 2.9616046 -1.1788177
63 248.74498 129.06094 0.61195462 -0.11825324 -0.308002 25 0 1705.7666 5.5031979 -1.8515378
64 305.42567 128.785 0.62078146 -0.32487581 -0.3374482 25 0 984.56993 3.1754437 -1.254511
65 450.62681 130.55638 0.53879178 -0.40206684 -0.02879106 25 0 307.08959 1.2610988 -0.25187281
66 100.39404 131.05275 0.7543937 0.11231661 -0.44533237 25 0 494.92715 1.3837861 -0.3526724
67 200.86207 130.79472 0.47164763 0.0093511593 -0.34462592 25 0 426.88267 1.648028 -0.54241146
68 53.250758 132.43318 0.50569117 0.11795135 -0.19691796 25 0 451.09966 1.7156682 -0.58608328
69 154.96691 132.18135 0.60120534 -0.096343277 -0.41147059 25 0 366.12613 1.2186709 -0.21471613
70 152.58494 134.15774 0.62654721 -0.54935849 -0.41687538 25 0 1855.0157 5.6933405 -1.8884179
71 480.67918 134.92313 0.46971756 0.47497989 -0.11654926 25 0 254.84298 1.202765 -0.20045196
72 176.61896 139.64745 0.56275816 0.26273537 -0.24041165 25 0 1422.9477 4.7781861 -1.6981576
73 8.0208604 141.09833 0.654087 -0.070317113 -0.2115052 25 0 1305.0941 4.2571178 -1.5727892
74 253.98217 143.0678 0.6321868 -0.16866974 -0.5801734 25 0 389.60339 1.1678155 -0.16843562
75 396.51593 151.21669 0.67086951 0.11649103 -0.34600065 25 0 11384.381 34.024848 -3.8294905
76 15.30618 157.35677 0.55768814 0.22229269 -0.061393823 25 0 637.0253 2.2411787 -0.87619121
77 299.37512 156.81177 0.60236908 -0.32713843 -0.25513754 25 0 2718.8334 8.7699704 -2.3574953
78 484.7414 163.2783 0.59575943 -0.11053207 -0.15375008 25 0 7135.032 23.681088 -3.4360041
79 97.940544 170.90743 0.64373074 0.12177364 -0.24079218 25 0 396.8392 1.2595904 -0.25057334
80 386.46816 172.81237 0.61450907 -0.25911528 -0.29390945 25 0 45714.538 143.93521 -5.3954176
81 425.64003 176.22 0.61508373 0.17741829 -0.48757399 25 0 408.62488 1.4709245 -0.41897598
82 206.93332 176.61497 0.50508663 0.39267161 -0.16725662 25 0 412.64032 1.4213969 -0.38178839
83 153.87248 180.12076 0.62996198 0.25422286 -0.21582369 25 0 616.14001 2.0183653 -0.76249943
84 33.936129 183.47214 0.57844572 -0.21058038 -0.08973843 25 0 311.34403 1.1420909 -0.14425166
85 226.5126 185.11369 0.61963535 -0.36649399 -0.32198216 25 0 1636.5359 5.0343031 -1.7548484
86 346.66277 184.91278 0.66555691 0.023423977 -0.12680179 25 0 506.28525 1.6883182 -0.56863573
87 478.82918 184.52473 0.57249878 0.26825902 -0.01832621 25 0 5657.6192 19.04258 -3.1993145
88 164.67368 185.80647 0.57776198 0.22787044 -0.28467863 25 0 893.55191 2.9706073 -1.1821131
89 413.90752 187.09253 0.54523073 -0.22043372 -0.3028244 25 0 280.7609 1.2355636 -0.22966276
90 153.10828 188.38814 0.54679874 -6.1606839e-05 -0.20521609 25 0 1401.2499 4.8014547 -1.7034321
91 17.340766 194.14255 0.57394819 -0.22976069 -0.29535206 25 0 715.15243 2.5583868 -1.0199155
92 115.4717 194.297 0.65701474 0.36240997 -0.25222386 25 0 1703.2032 5.25788 -1.8020267
93 421.5472 193.89006 0.63236658 -0.031931564 -0.31979719 25 0 2600.0435 8.2061847 -2.2853532
94 411.44774 196.05482 0.60446861 -0.1213009 -0.33623289 25 0 455.64487 1.6034835 -0.51266122
95 483.50835 195.73996 0.67057806 -0.14944559 -0.21492146 25 0 645.99867 1.9806811 -0.74203641
96 227.27316 197.29672 0.62237929 0.33182474 -0.22822919 25 0 975.32215 3.0903547 -1.2250208
97 422.02322 198.90496 0.64334 -0.23544155 -0.23589621 25 0 906.06803 3.1049192 -1.2301258
98 189.72946 199.92979 0.51064665 -0.22031141 -0.28786651 25 0 611.60726 2.194896 -0.85353485
99 72.088495 200.78623 0.62029896 -0.072515416 -0.19511654 25 0 37681.008 122.22086 -5.2178633
100 121.55769 202.23034 0.59773978 -0.1497823 -0.45770661 25 0 370.61398 1.1938406 -0.1923659
101 421.17949 206.91188 0.61478012 -0.30433429 -0.34107141 25 0 339.27973 1.1968516 -0.19510074
102 455.44664 210.80252 0.65224362 -0.046341719 -0.34732165 25 0 550.49986 1.8139674 -0.64657367
103 168.68091 212.83055 0.51935205 0.23234044 -0.26787572 25 0 457.94294 1.6011229 -0.5110617
104 349.41197 212.33619 0.48226461 -0.25426532 0.15242308 25 0 216.57029 1.0919175 -0.095474539
105 198.94242 214.09064 0.58168701 0.1097411 -0.1425823 25 0 346.92523 1.1844632 -0.18380397
106 67.188279 214.96649 0.59204666 -0.055950751 -0.040454219 25 0 624.03693 2.1955627 -0.85386463
107 406.37527 215.02892 0.63387764 0.10570673 -0.19283375 25 0 279.33346 1.0280321 -0.030016686
108 509.35783 214.48559 0.58431873 -0.22309079 -0.077381555 25 0 1344.3468 4.5159065 -1.6368623
109 469.90176 217.05771 0.65616204 0.28582655 -0.06370349 25 0 661.30262 2.229422 -0.87048071
110 503.3376 220.5091 0.58732707 -0.24855645 -0.063590614 25 0 2645.0241 8.559564 -2.3311291
111 13.159415 224.04663 0.58284197 0.70018143 -0.59317576 25 0 339.6533 1.120254 -0.12329124
112 15.128363 225.03545 0.57299833 0.12040757 0.1697539 25 0 382.16391 1.3458639 -0.32250284
113 425.9702 226.64885 0.63767309 0.0092722568 -0.02626997 25 0 1105.1751 3.6956018 -1.4192129
114 326.70783 228.87456 0.60334756 -0.20181047 -0.30914269 25 0 1373.2955 4.559273 -1.647239
115 256.92033 230.90244 0.56594729 0.25295393 -0.096833406 25 0 615.00488 2.052871 -0.78090415
116 151.12023 232.09111 0.56484782 0.056917668 -0.30277361 25 0 927.14602 3.2302703 -1.2730971
117 479.91411 235.51754 0.57445814 0.1896971 -0.037470167 25 0 3997.7371 13.42772 -2.8200057
118 240.39154 237.48151 0.54669846 -0.4662243 -0.16574352 25 0 2143.2793 6.916371 -2.0996957
119 352.47901 239.80924 0.56910022 0.061831537 -0.33649516 25 0 3710.9898 12.156526 -2.7120237
120 422.65784 240.51604 0.54721875 0.40245392 -0.10138188 25 0 11080.177 37.004181 -3.920627
121 327.47145 242.07112 0.57007391 -0.18733816 -0.28811662 25 0 863.15271 2.809139 -1.1214331
122 492.03306 242.5062 0.77252774 0.098387906 0.10556064 25 0 341.85655 1.0635946 -0.066940299
123 180.90345 248.29537 0.57251139 -0.2647302 -0.3050531 25 0 657.44669 2.2662742 -0.88828115
124 240.85048 249.32296 0.638316 -0.25744354 -0.26386674 25 0 711.70524 2.1670037 -0.83964913
125 431.83297 252.073 0.65384539 0.20771896 -0.12349457 25 0 2076.3308 6.6556432 -2.0579751
126 204.43606 265.86539 0.56432433 0.010608606 -0.38075953 25 0 4018.2839 13.077285 -2.791294
127 428.73282 265.4253 0.5105847 0.40655309 -0.022857216 25 0 5675.3475 19.634835 -3.2325682
128 266.63372 268.4118 0.45719739 -0.088976386 -0.034827178 25 0 320.16157 1.1214393 -0.12443944
129 332.47089 274.63469 0.56954764 -0.59054777 -0.23591314 25 0 312.21359 1.1765965 -0.17656892
130 33.762348 286.47262 0.60806026 -0.076970102 -0.081244236 25 0 1272.7179 4.1057872 -1.5334911
131 90.149093 287.97858 0.8801055 -0.22035396 -0.32448223 25 0 467.08387 1.2524035 -0.24436065
132 215.97695 294.86182 0.64440914 0.1095008 -0.33927882 25 0 347.54726 1.1351598 -0.13764248
133 47.900293 295.57618 0.58545759 -0.16753387 -0.11274248 25 0 638.78777 2.0697269 -0.7897826
134 348.37354 298.25205 0.65721315 0.053556327 -0.2527188 25 0 5380.6022 16.519213 -3.0449734
135 161.01666 299.47817 0.55095833 -0.1565432 -0.1064203 25 0 785.83371 2.6669628 -1.0650424
136 67.923607 300.42006 0.62290308 -0.047649612 -0.060886072 25 0 1064.6464 3.3402376 -1.3094434
137 39.561005 300.59029 0.52396169 0.39799346 -0.22212049 25 0 950.69701 3.155144 -1.247548
138 322.58744 302.902 0.57984414 -0.36265605 -0.45464741 25 0 373.63263 1.3272728 -0.30740046
139 454.0004 303.23708 0.67349134 -0.061162891 -0.093825664 25 0 745.01506 2.3482907 -0.92687963
140 70.454883 310.23667 0.76744249 -0.53120064 -0.13091079 25 0 382.0574 1.0778328 -0.081378458
141 136.68254 310.14278 0.55947681 0.19611363 -0.22358574 25 0 522.28379 1.8214529 -0.65104487
142 51.359658 316.12142 0.66318147 -0.07159935 -0.32709363 25 0 1241.5236 3.8936946 -1.4759047
143 398.95173 316.27056 0.61179795 -0.65461194 -0.14929626 25 0 333.17892 1.0296611 -0.031735744
144 194.72565 321.94392 0.62465752 -0.16561797 -0.44030004 25 0 824.11337 2.5437053 -1.013667
145 426.58685 321.98091 0.62670198 -0.20781498 -0.28281915 25 0 964.49972 3.0533305 -1.2119345
146 114.04263 326.58759 0.5733859 0.20610766 -0.088260333 25 0 2788.6183 9.0483604 -2.3914247
147 163.35853 336.05278 0.51520509 0.31346829 -0.1488414 25 0 341.78306 1.1381398 -0.14048898
148 306.14808 338.43284 0.60703723 -0.47552009 -0.13473537 25 0 527.08056 1.6961395 -0.57365391
149 6.9251149 346.2159 0.68127101 -0.050042114 -0.19417748 25 0 13242.796 41.201988 -4.0372954
150 263.8221 345.66697 0.55399644 -0.2071539 -0.24607519 25 0 487.52714 1.6618084 -0.5514524
151 356.43836 346.11957 0.56191378 -0.13254762 -0.33304412 25 0 459.65392 1.5375223 -0.46705356
152 239.98447 347.21599 0.62265993 -0.2931939 -0.23349709 25 0 880.00549 2.6478042 -1.0572146
153 53.184861 347.39633 0.57131355 -0.12134114 -0.014272726 25 0 846.88396 2.7294358 -1.0901822
154 464.84565 353.91948 0.52744649 0.47193004 0.22941636 25 0 863.72418 2.7769015 -1.1089012
155 235.92809 357.03087 0.63775478 -0.16629305 -0.39881119 25 0 414.87433 1.1987034 -0.19677933
156 336.79842 359.6924 0.52998316 0.040781487 -0.16972844 25 0 663.67269 2.3021561 -0.90533693
157 216.06827 363.23537 0.61097549 -0.014830129 -0.20438581 25 0 5010.8946 16.198285 -3.0236726
158 357.97076 364.80435 0.5740803 -0.23094951 -0.15822975 25 0 1000.3531 3.3632973 -1.3169131
159 469.89137 365.59297 0.52407516 0.073608301 -0.24845445 25 0 327.22203 1.1640375 -0.16491745
160 274.88883 367.35362 0.57176116 -0.19118993 -0.21353632 25 0 21447.736 70.101084 -4.6143118
161 0.11081686 372.60398 0.70940376 0.3205172 0.7820964 25 0 368.34224 1.1221704 -0.125147
162 390.58982 374.43731 0.45408917 0.36910973 -0.093216295 25 0 1386.0605 4.9985381 -1.7471075
163 455.94891 375.15359 0.71987629 -0.090389039 -0.14728678 25 0 414.94634 1.2201863 -0.21606537
164 202.24613 376.20007 0.63164314 0.050883479 -0.27815658 25 0 1565.2839 4.7725484 -1.6968759
165 254.39165 377.47471 0.55359793 0.31698567 -0.1829443 25 0 2184.2928 7.0973858 -2.127746
166 71.914201 378.7974 0.61465742 0.046214393 -0.22941362 25 0 4724.8584 15.297362 -2.9615413
167 403.82293 378.8091 0.65600087 -0.1653627 -0.15824359 25 0 1240.6798 3.88135 -1.472457
168 115.22654 379.49374 0.60560902 -0.064276141 -0.0764759 25 0 433.3054 1.1577084 -0.15899797
169 475.64431 380.94396 0.65939218 -0.071937101 -0.24176095 25 0 9514.8311 29.80572 -3.6857491
170 342.12426 391.98924 0.61897532 -0.21284458 -0.28738945 25 0 3376.4656 10.882287 -2.5918004
171 51.11401 392.9055 0.66539957 -0.096299065 -0.21966054 25 0 3645.8472 11.279258 -2.6307014
172 96.979133 394.47629 0.43038515 -0.35509999 -0.014525951 25 0 432.05549 1.4740205 -0.42125881
173 203.42631 396.09432 0.54717829 -0.20335834 -0.47422049 25 0 576.823 1.7882929 -0.63109665
174 460.12752 397.34456 0.65347567 -0.84102075 -0.077607731 25 0 661.3421 1.8822127 -0.68667173
175 76.610373 397.554 0.56971227 0.08275796 -0.3180663 25 0 364.67874 1.0940138 -0.09755696
176 120.79203 398.92249 0.64269966 -0.035451186 -0.35231459 25 0 1379.6252 4.2243324 -1.5643952
177 492.73839 399.10798 0.48637705 -0.38372889 -0.029701374 25 0 337.38255 1.1343678 -0.13688474
178 431.46188 401.35195 0.61394892 -0.64651538 -0.24993107 25 0 2157.3429 6.6163702 -2.0515495
179 460.91079 400.97509 0.67716678 -0.20565349 -0.16048223 25 0 2393.0798 7.4038747 -2.1736477
180 36.441151 403.85477 0.6456885 0.031691445 -0.22559723 25 0 628.4438 1.9730191 -0.73782823
181 222.89028 408.9804 0.61405892 -0.11978758 -0.29684208 25 0 7751.6624 25.117215 -3.4999287
182 353.30692 411.1623 0.57700923 0.070575316 -0.18997106 25 0 749.73807 2.4303842 -0.96418732
183 251.91695 416.49684 0.53883717 0.10382609 -0.25960083 25 0 597.66484 1.9548211 -0.72776753
184 388.71112 416.30177 0.63956583 -0.25740047 -0.12855871 25 0 507.0937 1.3902911 -0.35776434
185 249.30185 420.13031 0.64551793 0.036102451 -0.23775114 25 0 2040.9663 6.3632971 -2.0092055
186 267.24411 419.82597 0.59258572 -0.43125111 -0.38941195 25 0 362.81306 1.180572 -0.18023117
187 470.7677 420.70352 0.63720316 0.13095916 -0.37160022 25 0 439.33686 1.1721452 -0.17245349
188 81.262543 425.40432 0.62352557 0.28022077 -0.13073538 25 0 874.53922 2.5938861 -1.0348772
189 105.40956 426.81918 0.67150003 -0.34229924 -0.3080471 25 0 2292.0775 6.7882514 -2.0793948
190 281.2269 437.00999 0.64353547 -0.98487566 -0.68690821 25 0 443.60995 1.2552492 -0.24682486
191 190.88692 443.75622 0.60831099 -0.089943821 -0.50165136 25 0 429.9947 1.2456084 -0.2384538
192 156.10078 444.95105 0.67856558 -0.062775691 -0.34201013 25 0 2317.7662 6.8823114 -2.0943358
193 129.55904 445.80338 0.5976864 0.2974267 -0.29946062 25 0 1045.9031 3.2649621 -1.2846954
194 378.02103 446.06746 0.69473904 0.13037285 -0.16325217 25 0 393.71001 1.0618376 -0.065145206
195 158.65195 447.62596 0.56516494 0.1130438 -0.58761702 25 0 379.49069 1.0611377 -0.064429372
196 229.37258 448.36464 0.56155301 0.20987419 -0.28823678 25 0 1033.4226 3.4020486 -1.3293513
197 488.18261 448.3921 0.31068305 -0.020789858 -0.21340032 25 0 61249.535 217.60532 -5.8441738
198 341.91278 450.25669 0.6283384 -0.1347092 -0.18169475 25 0 3224.7845 10.182066 -2.5195898
199 11.720266 453.03974 0.75507093 -0.26589301 0.028179532 25 0 458.55938 1.2501379 -0.24239479
200 242.44692 452.78363 0.7015201 -0.51891124 -0.16065766 25 0 1218.935 3.4229797 -1.3360108
201 88.516855 454.57484 0.58993999 0.41961291 -0.23110062 25 0 11769.578 37.864023 -3.9455669
202 473.46403 455.55093 0.67134882 -0.84649092 -0.34939745 25 0 408.57141 1.0915922 -0.095151107
203 474.43387 464.95589 0.66024592 -0.21625949 -0.28448908 25 0 2263.1855 6.8856942 -2.0948693
204 376.52929 467.4148 0.54723342 -0.1001716 -0.51404059 25 0 346.27198 1.0954482 -0.098979594
205 308.40656 468.45426 0.50405358 -0.44339467 -0.20992267 25 0 563.46667 1.8303637 -0.6563435
206 432.47553 469.75633 0.69457978 -0.56985065 -0.46735764 25 0 452.19887 1.0781786 -0.081726744
207 359.45986 473.45149 0.57845626 0.3424051 -0.2247133 25 0 1155.0125 3.6530757 -1.4066467
208 53.581869 474.08362 0.666597 -0.17640351 -0.35170675 25 0 5861.2621 18.015963 -3.1391437
209 146.47257 475.35301 0.52062813 -0.50420931 -0.30714515 25 0 976.80852 3.0918149 -1.2255337
210 424.88222 477.12442 0.40856074 -0.19183655 -0.27112558 25 0 60957.597 239.72592 -5.9492875
211 208.37233 483.50136 0.59516208 0.35842664 -0.13097969 25 0 4239.4132 13.452978 -2.822046
212 339.91067 485.28887 0.60475649 -0.14565978 -0.031754007 25 0 593.62092 1.6803953 -0.56352868
213 426.22269 484.83589 0.57235029 0.016734027 -0.16108758 25 0 587.92575 1.7085094 -0.58154346
214 111.59192 487.32698 0.64281761 0.80341027 -0.021980071 25 0 420.26887 1.1165959 -0.11974004
215 258.4225 486.87262 0.64890362 -0.37326099 -0.32528191 25 0 3147.3696 9.6383129 -2.4600026
216 335.72867 492.02221 0.69787063 -0.15072106 -0.034532697 25 0 594.36546 1.6176178 -0.52218979
217 136.38132 492.75044 0.59595077 -0.012679733 -0.21547174 25 0 847.1191 2.5179667 -1.002625
218 61.33419 498.01787 0.72259746 -0.16825594 -0.28971658 25 0 1278.6501 3.7050238 -1.4219775
219 237.39912 507.78961 0.55861649 -0.31917254 -0.45622287 25 0 456.93885 1.4207675 -0.38130753
