id xcentroid ycentroid sharpness roundness1 roundness2 npix sky peak flux mag
1 286.43752 14.342584 0.44295961 -0.80372999 -0.03158885 25 0 407.37657 1.5543042 -0.47884002
2 417.46476 17.87366 0.59534109 -0.39951486 -0.37814808 25 0 368.20044 1.1562463 -0.15762591
3 98.022869 21.35771 0.67657689 -0.20791349 -0.11986136 25 0 431.53632 1.1636246 -0.16453223
4 13.346505 23.233973 0.70635528 -0.0121459 -0.17709181 25 0 13749.356 33.043473 -3.7977142
5 323.74218 23.108099 0.70480917 -0.1922409 -0.1892647 25 0 663.80949 1.7300333 -0.59513614
6 397.04386 26.31594 0.75428511 -0.041879543 -0.074765582 25 0 619.81696 1.5591444 -0.48221585
7 456.08303 26.384015 0.67435169 0.036444457 -0.040519301 25 0 24262.865 59.209022 -4.4309697
8 342.89284 44.597498 0.51264024 0.039492511 -0.17963513 25 0 362.09763 1.2433849 -0.236514
9 102.38415 51.012058 0.66975353 -0.24797929 -0.23736008 25 0 497.10857 1.2985749 -0.28366751
10 175.36949 52.218047 0.66260832 0.19655377 -0.17587635 25 0 1033.1064 2.6900438 -1.0743984
11 194.86507 53.118354 0.6858336 -0.2579991 -0.27697339 25 0 2139.4455 5.2342101 -1.7971279
12 335.19613 54.385709 0.5539729 0.47551344 -0.084206135 25 0 318.77208 1.0758736 -0.079403137
13 55.176935 55.194721 0.67378554 -0.37358583 -0.11077581 25 0 518.39573 1.4137658 -0.37594369
14 313.49834 55.379137 0.43223367 0.22421284 -0.22789827 25 0 57426.29 155.37802 -5.478474
15 100.23335 57.265678 0.70396195 -0.13926584 -0.13943025 25 0 4953.4176 11.764579 -2.6764409
16 388.82374 59.06705 0.70183648 -0.081834321 -0.19857072 25 0 953.44349 2.5063772 -0.99761607
17 459.13544 65.199172 0.73229988 -0.073101422 -0.20628479 25 0 787.95565 1.9378276 -0.71828786
18 283.13749 65.83552 0.66402174 -0.12853578 -0.23706791 25 0 1383.7964 3.6040707 -1.3919832
19 431.84612 72.702732 0.73550982 0.023739211 -0.098284824 25 0 1443.9387 3.4198093 -1.3350047
20 490.24681 75.065193 0.72305049 -0.042031591 -0.11441747 25 0 3460.6581 8.3409093 -2.3030335
21 20.32468 78.136606 0.63423009 -0.20692589 -0.22828517 25 0 591.0551 1.6575536 -0.54866894
22 421.51041 79.570527 0.55710386 -0.58961739 -0.147391 25 0 1126.1071 3.2293368 -1.2727834
23 406.72826 81.159821 0.67745453 -0.20887284 -0.31724516 25 0 459.49539 1.3568745 -0.33134918
24 44.437702 83.095798 0.70468175 -0.30274348 -0.23534107 25 0 1488.3267 3.6461637 -1.4045904
25 457.26437 88.269927 0.66143 0.32108816 -0.10278588 25 0 822.55137 2.1045281 -0.80788683
26 339.37799 92.093413 0.71405382 -0.24929678 -0.27015752 25 0 3084.5241 7.4081004 -2.1742672
27 108.64683 95.0643 0.58601116 -0.39568925 -0.18673399 25 0 408.20968 1.201309 -0.19913681
28 80.911635 98.574333 0.58964514 -0.23344184 -0.082478587 25 0 457.63538 1.2849699 -0.27223237
29 479.44948 99.162534 0.66177053 -0.36598033 -0.28731676 25 0 18865.963 46.072416 -4.1586025
30 272.42662 106.21666 0.69388411 -0.13173272 -0.19678461 25 0 1084.4907 2.6844768 -1.0721491
31 276.51763 108.03024 0.68345166 -0.49519345 -0.43023807 25 0 1296.3291 3.1805701 -1.2562624
32 174.56103 108.99428 0.63924774 -0.17442073 -0.29030426 25 0 1450.3939 3.6619461 -1.4092799
33 42.459938 112.97665 0.69922639 -0.43249819 -0.33323426 25 0 3615.9282 8.5206342 -2.3261798
34 440.19492 113.06453 0.58426596 0.14611695 -0.28316137 25 0 297.98354 1.096798 -0.1003166
35 497.52012 115.64398 0.58189778 0.24712756 -0.11694497 25 0 1576.0488 4.1682516 -1.5498848
36 477.8696 119.07352 0.72554475 -0.19815716 -0.14899123 25 0 2273.2406 5.5307523 -1.8569605
37 321.0992 124.46325 0.67937862 0.13704319 0.11922431 25 0 440.01617 1.2706094 -0.26003016
38 207.70741 126.24052 0.66344039 -0.40657822 -0.20991235 25 0 15552.459 38.306951 -3.958194
39 225.14049 126.43368 0.62942401 0.42652924 0.094434264 25 0 817.21492 2.0254912 -0.76632589
40 235.32196 127.80226 0.71074221 -0.50817821 -0.16147287 25 0 1828.9811 4.3484733 -1.595842
41 291.69683 127.41233 0.466443 0.085901509 -0.15410355 25 0 659.26212 2.0789996 -0.79463603
42 187.22166 129.12742 0.60586398 0.20988752 0.25034159 25 0 403.88865 1.0948455 -0.098382074
43 39.537405 131.1402 0.73119951 -0.30677234 -0.36996238 25 0 534.25392 1.3927343 -0.35967067
44 139.07914 132.82393 0.68439972 -0.26624372 -0.18494182 25 0 1989.2527 4.8823332 -1.7215685
45 506.08574 134.50493 0.60424002 0.05981769 0.10574779 25 0 1373.2404 3.500301 -1.3602635
46 162.96134 138.39439 0.64211482 -0.21369305 -0.13316742 25 0 1516.0048 3.7125564 -1.4241827
47 240.68359 141.65744 0.64088586 -0.33637833 -0.27664486 25 0 393.63999 1.0341168 -0.036423977
48 382.83014 150.0203 0.70566723 -0.19132351 -0.21863479 25 0 11942.33 28.612326 -3.6413829
49 285.7734 155.59876 0.58541758 -0.4898329 -0.012849818 25 0 2136.9869 5.5204584 -1.8549379
50 1.6038158 156.00892 0.73532034 -0.36082012 -0.27460984 25 0 714.84296 1.745315 -0.60468453
51 470.9081 162.13914 0.72294966 -0.14039598 -0.082984664 25 0 8237.9895 19.713786 -3.2369251
52 372.75688 171.53229 0.59099689 0.11453119 -0.061253577 25 0 39261.238 100.84928 -5.009182
53 193.18302 175.27092 0.64893968 0.35673768 0.044873496 25 0 513.84774 1.2527239 -0.2446384
54 411.8909 175.14927 0.7914462 -0.60088658 -0.079754738 25 0 557.37299 1.3518542 -0.32732461
55 464.89671 183.56495 0.66544825 -0.12274181 0.13901864 25 0 5770.9816 14.177185 -2.878975
56 151.07342 184.52567 0.65364451 -0.12327297 0.082152402 25 0 853.34991 2.0324499 -0.77004963
57 212.94022 183.81211 0.68533432 -0.16575129 -0.14828054 25 0 1746.4573 4.2573455 -1.5728472
58 333.05003 183.68419 0.73691615 0.31134605 -0.08306607 25 0 445.82065 1.1426018 -0.14473726
59 400.18582 185.98548 0.63750556 0.006404654 -0.048663437 25 0 332.39795 1.0223004 -0.023946357
60 139.38644 187.0508 0.63960083 -0.46595636 -0.41700525 25 0 1428.3105 3.5909534 -1.3880244
61 3.6825444 192.87605 0.69360746 -0.17990221 -0.23738702 25 0 738.31203 1.9179191 -0.70707573
62 101.89697 192.92459 0.72323788 0.040208361 -0.19388209 25 0 1873.8556 4.37047 -1.6013204
63 407.83912 192.66202 0.62059436 -0.12160952 -0.11188033 25 0 2342.08 6.167419 -1.9752586
64 469.45299 194.73088 0.50050965 0.47201106 0.035883932 25 0 422.60718 1.3678023 -0.3400583
65 397.64241 194.96039 0.65554143 0.23884682 -0.18473367 25 0 521.74782 1.4755896 -0.42241398
66 213.64745 196.04726 0.62085335 -0.41451383 -0.31857741 25 0 947.34183 2.4074896 -0.95391104
67 408.1448 197.68741 0.57506953 -0.44024458 -0.14992094 25 0 728.25915 2.2022991 -0.85719076
68 58.431015 199.4739 0.61940745 0.34073235 -0.068301153 25 0 32041.067 80.870937 -4.7694812
69 176.15073 198.42511 0.57314027 -0.32487645 0.11522158 25 0 581.84825 1.5544303 -0.47892811
70 445.8766 208.51657 0.79088612 0.68791939 0.55682534 25 0 494.65343 1.3913684 -0.35860534
71 441.40819 209.58878 0.52349653 0.34167645 -0.14967626 25 0 435.13108 1.3637145 -0.33680862
72 154.96063 211.4929 0.64768646 -0.27156083 -0.056265586 25 0 532.76383 1.2938673 -0.27972435
73 495.28786 213.33253 0.63519802 0.10859705 -0.064345888 25 0 1327.5414 3.4151914 -1.3335376
74 53.375678 213.73307 0.53801839 -0.28915701 -0.23099454 25 0 383.29406 1.0391033 -0.041646805
75 456.17793 215.74851 0.86973118 -0.19838664 -0.028845794 25 0 641.70891 1.3722858 -0.34361146
76 489.2452 219.4675 0.61898414 0.070896902 -0.068274474 25 0 2564.7753 6.6057606 -2.0498071
77 412.32627 225.53096 0.63319656 -0.59580409 -0.15297493 25 0 779.8158 1.9326242 -0.71536855
78 313.10377 227.58404 0.58039327 -0.088679552 -0.0387908 25 0 1187.3127 3.2728742 -1.2873233
79 243.35168 229.59361 0.59578367 0.61032208 0.07735333 25 0 536.57861 1.4256099 -0.38500174
80 137.63529 230.75722 0.64044405 0.14872152 -0.21262465 25 0 883.7471 2.1850838 -0.84867022
81 465.91568 234.37463 0.68295251 -0.22891043 -0.092228111 25 0 4132.5621 10.033476 -2.5036285
82 226.58708 236.18377 0.62859021 -0.35829176 -0.24581064 25 0 2463.4813 6.2022041 -1.9813651
83 338.85167 238.48044 0.57422023 0.088265682 -0.03757991 25 0 3295.8259 8.5744498 -2.3330157
84 408.8639 239.36861 0.66639436 -0.31108797 -0.087356568 25 0 12523.03 30.677858 -3.7170626
85 313.94481 240.75812 0.63606696 -0.32760898 -0.2206278 25 0 940.00374 2.5353521 -1.0100957
86 167.25599 246.84103 0.69912706 -0.1633327 -0.10433871 25 0 736.45287 1.7655559 -0.6172037
87 227.2405 247.92789 0.71098316 -0.085858186 -0.05323604 25 0 745.82009 1.7870706 -0.63035427
88 17.783707 251.09334 0.80716139 0.52176101 -0.039498405 25 0 396.83722 1.0097383 -0.010522126
89 418.07509 250.87724 0.75515795 -0.11276233 -0.071828945 25 0 1977.3918 4.569129 -1.6495835
90 190.90902 264.45126 0.59914027 -0.18241116 -0.069576947 25 0 4064.1694 10.411133 -2.543745
91 414.95032 264.38757 0.65595809 -0.25674789 -0.093038606 25 0 6565.6299 16.144814 -3.0200826
92 20.150316 285.00791 0.70394131 -0.073856882 -0.10597507 25 0 1414.122 3.4889794 -1.356746
93 34.371658 294.25594 0.70771181 -0.046189642 -0.23840838 25 0 684.65226 1.5949412 -0.50686167
94 334.59953 296.98055 0.65138697 -0.24012503 -0.25195383 25 0 5191.1821 12.919005 -2.7780727
95 147.46508 298.10873 0.69704733 0.099677847 -0.34915035 25 0 786.8527 1.7599488 -0.61375011
96 25.886412 299.1105 0.7619539 -0.091021264 -0.17007199 25 0 1378.0444 3.2290064 -1.2726723
97 54.173561 298.94264 0.79371957 -0.093321019 -0.07841382 25 0 1163.1673 2.5184616 -1.0028383
98 440.10455 302.12302 0.67229831 -0.079329548 -0.15929254 25 0 760.70204 1.9448088 -0.7221923
99 123.16894 308.84663 0.82049637 -0.060021693 -0.14260716 25 0 594.31381 1.2561364 -0.24759202
100 37.501235 314.64832 0.63210425 0.2766763 -0.17229106 25 0 1048.6394 2.6553102 -1.0602881
101 181.1997 320.50769 0.61049758 0.074040966 -0.064167681 25 0 732.45504 1.7718937 -0.62109414
102 412.80889 320.87094 0.71375952 0.084058604 -0.10178825 25 0 1085.3612 2.6158204 -1.0440198
103 100.34446 325.15256 0.70074531 -0.18058849 -0.27338227 25 0 3229.3098 7.6096094 -2.2034059
104 292.59522 337.24211 0.66721617 -0.3460046 -0.31337465 25 0 613.60848 1.4907556 -0.43351611
105 250.10849 344.43202 0.70198431 0.11156202 0.0049788203 25 0 498.57115 1.0673965 -0.070814435
106 342.87668 345.05138 0.64443902 -0.46173947 -0.19459236 25 0 509.99703 1.2313064 -0.22591538
107 39.254712 346.1317 0.71270531 0.040731602 -0.15772868 25 0 1015.9905 2.5178347 -1.002568
108 226.31871 345.93486 0.69147617 -0.22543487 -0.30339885 25 0 969.19071 2.245961 -0.87850551
109 450.97474 352.69607 0.4739532 0.2658358 0.30988379 25 0 701.13623 1.7853182 -0.62928909
110 323.08317 358.75146 0.57208022 0.053091744 -0.014165764 25 0 640.98581 1.6715002 -0.55776608
111 202.31663 361.97116 0.72626404 -0.24902204 -0.2294054 25 0 5514.3694 12.751198 -2.7638774
112 344.35338 363.57527 0.64755261 -0.51606658 -0.13361542 25 0 957.23032 2.207883 -0.85994013
113 261.31619 366.08828 0.68535947 -0.23273392 -0.31956709 25 0 22906.258 54.439275 -4.3397808
114 377.06806 373.25515 0.64776631 -0.28567537 -0.15101244 25 0 1892.4252 4.7577316 -1.6934998
115 188.49443 374.99256 0.66806416 -0.34001939 -0.32132459 25 0 1444.3452 3.3049773 -1.2979212
116 240.82317 376.2061 0.66906145 -0.31362348 -0.24169538 25 0 2695.4988 6.5564143 -2.041666
117 58.124165 377.49574 0.61419401 0.068754188 -0.038806924 25 0 4003.1503 10.10719 -2.5115761
118 101.2881 378.13527 0.74364228 -0.039205334 -0.24652671 25 0 528.87176 1.0567471 -0.059927689
119 390.28412 377.52931 0.59644063 -0.56377219 -0.039119145 25 0 996.81979 2.5523838 -1.0173649
120 461.63649 379.77832 0.65880305 -0.05204107 -0.17980173 25 0 8175.0164 20.140701 -3.2601865
121 328.5668 390.76973 0.68133516 -0.57122466 -0.27959751 25 0 2951.4503 6.8201435 -2.0844838
122 37.312297 391.55829 0.62998403 -0.41525576 -0.068799179 25 0 2974.4866 7.4111814 -2.1747186
123 83.109167 393.27846 0.65888585 -0.084516181 -0.46304049 25 0 605.58373 1.4198943 -0.38064
124 189.87758 394.89499 0.70583704 -0.49047913 -0.4039933 25 0 700.51716 1.4992951 -0.43971778
125 62.836468 396.4101 0.5181048 0.2251511 0.08021006 25 0 349.58831 1.0386374 -0.041159942
126 446.18295 396.17024 0.75291766 -0.98513734 0.052249325 25 0 782.40366 1.6302419 -0.53063012
127 107.12576 397.53688 0.5893013 -0.2886171 0.025583016 25 0 1227.1109 3.1150702 -1.2336696
128 417.78996 400.05142 0.66617057 -0.21899805 -0.15650488 25 0 2384.0938 5.8558253 -1.9189703
129 446.99407 399.7513 0.71277385 -0.23422333 -0.10575853 25 0 2199.8043 5.0988488 -1.7686803
130 22.632121 402.82254 0.43856942 -0.55508571 0.097103155 25 0 380.13762 1.1528633 -0.15444454
131 209.10424 407.78354 0.6964238 -0.26996682 -0.15193415 25 0 7703.866 18.332155 -3.1580338
132 339.55883 409.92115 0.63639707 -3.501823e-05 -0.34623761 25 0 663.0823 1.4398854 -0.39581982
133 238.35032 415.42398 0.70636074 0.27283986 -0.11138508 25 0 690.85553 1.3806972 -0.35024614
134 374.8832 414.95747 0.69464194 -0.25750691 -0.31923138 25 0 697.6956 1.6320208 -0.53181421
135 235.616 418.99965 0.66142436 -0.19825037 -0.19139973 25 0 1877.3672 4.4841694 -1.629205
136 67.502747 424.0299 0.71169502 -0.085480692 -0.4776053 25 0 906.47376 2.0018845 -0.75359753
137 91.496008 425.61221 0.51783892 -0.68271908 -0.090228614 25 0 1556.3674 4.148038 -1.5446068
138 142.32966 443.70565 0.69219035 -0.45990856 -0.16080373 25 0 1984.3369 4.4133548 -1.6119221
139 115.95154 444.50697 0.6027828 0.47320077 0.030713048 25 0 937.31686 2.1981595 -0.85514799
140 215.57902 447.18641 0.71427627 -0.51798795 -0.37960873 25 0 1126.6782 2.4554474 -0.97532657
141 474.42135 447.19719 0.30919832 -0.32150354 -0.26419327 25 0 60014.722 167.87915 -5.5624919
142 328.14614 449.08567 0.71670557 -0.23761264 -0.19289435 25 0 3347.4714 7.727429 -2.2200876
143 228.68753 451.63349 0.66181723 -0.0080525242 -0.13873879 25 0 1071.2405 2.2601801 -0.88535762
144 74.71102 453.33923 0.67014077 -0.40744349 -0.13712109 25 0 12478.11 30.306488 -3.703839
145 460.51514 463.78506 0.62380357 0.021152751 -0.26365738 25 0 1962.5684 4.729293 -1.6869906
146 294.54183 467.29439 0.68607818 -0.57384011 -0.26406687 25 0 685.49236 1.4256083 -0.38500057
147 345.7258 472.20334 0.68381197 -0.46168393 -0.17743307 25 0 1356.2797 3.0771056 -1.220356
148 39.823572 472.7972 0.71455743 0.00151908 -0.12867565 25 0 5656.7077 13.331529 -2.8121999
149 132.74345 474.14247 0.71911457 -0.1830533 -0.2638798 25 0 1437.121 3.2708484 -1.286651
150 411.05479 475.91042 0.47905973 -0.36231148 -0.28457141 25 0 60355.37 176.95569 -5.6196614
151 194.46726 482.28941 0.63388726 -0.63386836 -0.31076701 25 0 4218.3956 10.157664 -2.5169846
152 326.01874 484.15331 0.87340216 -0.44941832 -0.16582721 25 0 784.43775 1.4171574 -0.3785452
153 412.24049 483.63053 0.56699996 0.3925222 -0.32453622 25 0 533.028 1.1580833 -0.15934949
154 97.664503 486.08251 0.76393093 0.024533023 -0.41685002 25 0 609.11529 1.1633633 -0.16428839
155 244.613 485.58654 0.60924186 0.10600848 -0.18866705 25 0 2588.8877 6.2794462 -1.9948034
156 321.89047 490.89141 0.70007923 0.086563844 -0.021401911 25 0 580.27054 1.21846 -0.21452821
157 122.69554 491.53812 0.55631064 0.32343227 -0.02395363 25 0 721.54492 1.6954032 -0.57318249
158 47.591249 496.64474 0.62857787 0.44206997 -0.048057129 25 0 911.3961 2.1464205 -0.829287
