id xcentroid ycentroid sharpness roundness1 roundness2 npix sky peak flux mag
1 358.70301 2.9329213 0.68509451 -0.14805628 -0.20310748 25 0 347.31113 1.5278744 -0.46021916
2 331.31314 5.3986225 0.52292988 -0.67213671 -0.051189816 25 0 616.10097 3.0538495 -1.2121191
3 340.214 7.8565598 0.66037465 0.024657686 -0.13149052 25 0 386.4464 1.621415 -0.52473543
4 462.6811 8.3288421 0.62334873 0.62387262 0.20594096 25 0 459.66165 2.0129017 -0.75955642
5 505.81683 10.810954 0.55258318 -0.021839581 0.21500016 25 0 221.50317 1.1099985 -0.11330602
6 143.14611 12.915452 0.63393828 0.087728875 0.014725647 25 0 602.24067 2.8329836 -1.1306102
7 368.75909 14.22677 0.65360076 0.13939273 0.0064911176 25 0 816.48729 3.3112128 -1.2999677
8 58.243645 15.077588 0.64170932 0.069053811 0.040846917 25 0 14925.713 66.219696 -4.552468
9 5.7480174 16.677681 0.63420517 0.19817148 0.11670941 25 0 5428.1302 24.10339 -3.4551953
10 442.07849 17.170222 0.63963559 0.44071237 0.089558124 25 0 797.04874 3.4577935 -1.3469976
11 501.35046 16.937403 0.61496187 0.032696923 -0.0074795563 25 0 26446.919 117.37939 -5.1739796
12 459.3482 18.658082 0.68364347 0.11808814 0.10365887 25 0 257.51412 1.1053998 -0.10879841
13 367.72504 22.617406 0.49730514 0.19314981 0.11827696 25 0 300.92208 1.6516497 -0.54479483
14 11.319419 28.550217 0.60677261 0.18760056 0.21688152 25 0 218.73634 1.1456776 -0.14765607
15 246.89578 32.577077 0.62164405 -0.44264462 0.23021788 25 0 257.13732 1.0001394 -0.00015134298
16 458.97395 34.427224 0.72709319 0.50968337 0.35875929 25 0 248.34572 1.0760725 -0.079603831
17 388.01354 35.415041 0.55143913 -0.034439455 0.0010401882 25 0 496.93253 2.2119268 -0.86192686
18 487.46249 35.614868 0.53184067 0.6177753 -0.054667716 25 0 303.01682 1.3610988 -0.33472411
19 160.56553 38.560919 0.48093281 -0.39728446 -0.19413324 25 0 330.77202 1.6085803 -0.51610685
20 147.41064 42.595015 0.6439728 -0.47819023 0.06387003 25 0 572.23219 2.4248497 -0.96171207
21 220.44617 43.398923 0.52641475 -0.32476296 0.053228444 25 0 940.34713 4.4122725 -1.6116558
22 239.83004 44.442198 0.59872423 -0.073222508 0.0799276 25 0 2133.4107 9.5499941 -2.4500078
23 452.6163 44.180282 0.73816315 0.58305886 0.25940936 25 0 266.54931 1.10165 -0.10510907
24 331.88731 46.035463 0.75054852 -0.32184457 -0.24013986 25 0 202.27537 1.0415293 -0.044178698
25 358.4701 46.480441 0.43273288 0.54014998 0.10800032 25 0 58924.585 265.84528 -6.0615724
26 380.44944 45.204619 0.5056751 0.66622039 0.30906723 25 0 387.1771 1.924027 -0.71052791
27 424.22481 46.020433 0.56045347 0.095407019 0.23226753 25 0 295.05853 1.6261803 -0.52792176
28 100.26788 47.032406 0.65704149 0.029725674 -0.017324963 25 0 576.88351 2.4450167 -0.97070456
29 283.90429 46.880083 0.62448616 0.084369611 -0.11835318 25 0 349.46655 1.5355856 -0.46568508
30 145.19589 48.812939 0.62470341 -0.023577617 0.036453697 25 0 5155.3171 22.93473 -3.4012341
31 188.27736 49.304559 0.66447836 0.75902173 0.053028996 25 0 369.744 1.4667052 -0.41585708
32 433.97918 49.779727 0.6762757 0.2439476 0.0969518 25 0 1112.4022 4.6270719 -1.6632656
33 78.982644 51.281148 0.8158633 0.18729436 -0.01542927 25 0 285.05262 1.0030852 -0.0033446048
34 267.50217 54.307392 0.64087591 -0.59489522 -0.12133362 25 0 234.2777 1.0070589 -0.0076372007
35 280.71451 55.407119 0.57075608 -0.0011430224 0.062376699 25 0 359.17457 1.6556439 -0.54741735
36 434.65683 55.104664 0.43100769 -0.0034717567 -0.17275132 25 0 219.31191 1.2703607 -0.25981763
37 86.553058 56.15318 0.64594966 0.066798057 0.13780069 25 0 275.37688 1.1914757 -0.190213
38 504.46643 55.769066 0.61151747 0.51556132 0.096913518 25 0 776.8552 3.3587809 -1.3154542
39 328.16874 56.888799 0.63612734 -0.012638131 0.05887281 25 0 1651.2256 7.2188279 -2.1461667
40 176.11153 61.773123 0.72714793 -0.14450938 -0.031948328 25 0 349.2257 1.5046593 -0.44359542
41 477.08783 63.511802 0.61344892 0.32722399 0.21098611 25 0 1496.0132 6.5996938 -2.0488095
42 64.23923 64.954603 0.64871297 0.127815 0.10297621 25 0 317.52836 1.5160537 -0.4517865
43 31.509557 67.902752 0.58842216 -0.85379257 -0.040331738 25 0 403.37793 1.8773092 -0.68383953
44 383.15633 67.566839 0.44842024 -0.19278385 -0.062494368 25 0 254.39894 1.4724769 -0.42012126
45 65.245998 69.912191 0.61064427 0.10713244 0.12191703 25 0 740.18167 3.52483 -1.3678455
46 88.496088 69.706005 0.67013202 -0.96167054 0.15920153 25 0 412.70006 1.7911594 -0.6328356
47 203.26539 69.912153 0.56773092 -0.39584469 -0.031582659 25 0 303.0445 1.4261989 -0.38545025
48 466.68111 70.377977 0.62064482 -0.11879619 0.11293769 25 0 1561.5513 6.9236099 -2.1008315
49 505.54644 71.078557 0.62980839 0.23585265 -0.18688734 25 0 410.27714 1.793845 -0.63446227
50 31.628145 71.814167 0.62114592 -0.0068004392 0.19672293 25 0 430.80259 1.9218996 -0.70932671
51 146.28616 71.37101 0.56740583 0.085028104 0.30142455 25 0 396.89252 1.8725539 -0.6810858
52 452.02416 71.984493 0.59332779 0.074705777 0.089772249 25 0 611.5928 2.9981409 -1.1921301
53 70.529499 74.043168 0.50599648 -0.069056309 0.054549684 25 0 259.33229 1.6054252 -0.5139752
54 202.75104 73.842556 0.61707468 0.16106035 0.036155803 25 0 217.8838 1.0215613 -0.023161077
55 89.591235 74.818365 0.60543003 0.2228499 -0.032933369 25 0 1518.9744 6.79248 -2.0800709
56 347.55321 76.033024 0.67107826 -0.098296623 0.17802661 25 0 272.72908 1.1858838 -0.18510536
57 159.21061 77.061663 0.72482416 0.29440541 -0.36101126 25 0 286.12583 1.1131992 -0.1164322
58 502.60838 78.888855 0.5934682 0.43265459 0.083404625 25 0 949.23729 4.1769004 -1.5521353
59 384.509 82.947311 0.58604646 0.046173311 -0.056369061 25 0 2966.3393 13.288353 -2.8086779
60 5.0029554 85.839299 0.71625698 0.20978991 0.052063075 25 0 842.2795 3.4937913 -1.3582424
61 468.98914 87.981146 0.65455493 0.48187316 0.31714963 25 0 347.04339 1.669338 -0.55636069
62 125.92338 90.187167 0.51643724 -0.23215577 -0.032456503 25 0 548.63595 2.9215387 -1.1640291
63 178.26855 90.140486 0.61136263 0.29901197 -0.057197282 25 0 348.65873 1.5517022 -0.47702097
64 188.64404 96.920712 0.59240374 0.11228852 -0.034613789 25 0 405.98746 1.7414602 -0.60228385
65 317.42517 97.47633 0.53216131 -0.55216772 -0.055975833 25 0 975.81863 4.3881802 -1.6057111
66 321.59213 99.08891 0.55141266 0.071570654 -0.15984569 25 0 1172.6399 5.3152667 -1.8138126
67 219.69957 100.26031 0.61138809 -0.11633656 -0.017658018 25 0 1588.1237 6.874443 -2.0930938
68 149.4157 104.13956 0.68297261 -0.69370256 -0.16928913 25 0 385.11063 1.5777975 -0.49512815
69 485.44759 103.68414 0.56183864 0.7122551 0.16143003 25 0 349.54909 1.8324339 -0.65757077
70 87.398696 104.60565 0.540511 0.34226357 -0.081384923 25 0 2733 12.455698 -2.7384202
71 330.50133 106.19673 0.54630628 0.15898881 -0.11847178 25 0 309.42576 1.4801863 -0.42579096
72 20.154779 112.08833 0.90784954 0.503497 -0.21757802 25 0 310.83082 1.1423806 -0.14452703
73 366.11522 115.61198 0.5997724 0.58622952 0.22439852 25 0 535.0224 2.497271 -0.99366419
74 252.79914 117.49238 0.58961469 0.3795079 0.16379831 25 0 14885.838 66.194408 -4.5520533
75 270.29647 117.54977 0.63054311 0.045766639 0.061591739 25 0 947.61523 3.8413348 -1.4612054
76 280.35621 118.9796 0.61138729 0.10263902 -0.016977097 25 0 1823.5624 8.0374364 -2.2627939
77 336.9582 118.42815 0.55813424 0.25993591 0.24245536 25 0 1024.1534 4.7457483 -1.6907617
78 482.03941 120.08194 0.65189662 -0.057556676 -0.074780606 25 0 478.34629 2.0843558 -0.79742966
79 131.81815 121.2074 0.68656963 0.17583981 0.033241622 25 0 533.17841 2.1989132 -0.85552024
80 232.42209 120.79718 0.52199846 -0.0057829989 -0.069479568 25 0 405.18554 1.8583659 -0.67282808
81 186.55199 122.30229 0.51416039 -0.39497122 0.23206681 25 0 391.65045 1.8795168 -0.6851155
82 84.643616 122.79252 0.58178101 -0.085284512 -0.055449311 25 0 491.10387 2.2186701 -0.86523185
83 184.14366 124.28622 0.61379816 0.19449049 0.073603568 25 0 1918.0162 8.3167389 -2.2998827
84 16.907635 126.16194 0.62212631 -0.37826578 0.28407136 25 0 420.18019 2.0525061 -0.78071113
85 208.08784 129.69174 0.59345561 0.093335556 0.093950276 25 0 1689.0368 7.6663693 -2.2114743
86 39.394703 131.56745 0.58585565 -0.63121486 0.045294077 25 0 1005.7656 4.4285931 -1.6156644
87 11.949695 132.10158 0.56350441 -0.14846488 0.020086171 25 0 384.69581 1.843669 -0.66420736
88 285.50016 132.87361 0.63166708 0.35111152 0.0054034451 25 0 438.01509 1.8817911 -0.68642851
89 35.111641 136.10065 0.63370897 -0.69684957 -0.40821322 25 0 181.82157 1.0483607 -0.051276814
90 428.09754 140.75768 0.61937063 0.069996097 0.097309041 25 0 12426.102 55.191298 -4.3546765
91 416.49682 143.97749 0.59052392 0.013662023 -0.13967702 25 0 237.03496 1.2135531 -0.21014698
92 330.94745 146.47344 0.54686167 0.3307773 0.19051477 25 0 2506.0282 11.355352 -2.6380015
93 46.748272 147.6989 0.59480843 0.10107377 0.043788321 25 0 732.48273 3.5378599 -1.3718516
94 126.5054 149.6561 0.35428094 0.0011072288 0.17609628 25 0 168.03729 1.0207733 -0.022323225
95 29.905919 151.75083 0.70238027 0.060836039 0.22519542 25 0 648.0986 2.6838585 -1.071899
96 315.59071 152.18232 0.42043183 0.31331319 -0.1802474 25 0 150.10744 1.0982984 -0.1018009
97 129.6413 160.98269 0.63818648 0.4628367 -0.10022463 25 0 446.64786 1.9061897 -0.70041527
98 418.07285 162.40997 0.61797755 0.2087036 0.13853385 25 0 49110.479 214.30558 -5.8275837
99 457.35833 165.89123 0.5847341 -0.34597842 -0.0214488 25 0 485.85949 2.2198597 -0.86581382
100 238.46359 166.54465 0.51668554 0.6115025 -0.053658804 25 0 410.16384 1.9761603 -0.73955542
101 185.45986 170.05676 0.64291186 0.055218145 -0.18301875 25 0 363.92074 1.5044948 -0.4434767
102 489.02069 172.00211 0.46778533 -0.055210857 -0.64096436 25 0 199.21576 1.3247648 -0.30534694
103 65.450692 173.56459 0.49909357 0.37567562 0.22405679 25 0 262.71548 1.3878584 -0.35586291
104 510.40972 174.20711 0.57665662 0.29905143 0.087364428 25 0 5911.2607 27.698903 -3.6061564
105 258.08216 175.02651 0.60436453 0.032743427 0.031496797 25 0 1714.0608 7.653188 -2.209606
106 378.39717 174.73038 0.63823338 0.22187749 0.035160728 25 0 497.77909 2.0709537 -0.79042598
107 196.22065 175.71251 0.58157567 0.20799636 0.062621754 25 0 876.20651 3.963187 -1.4951114
108 445.49619 176.80665 0.62563391 -0.24977494 -0.17766156 25 0 340.71724 1.6390209 -0.53646125
109 184.63587 178.31193 0.51829475 0.54840432 0.13639776 25 0 1167.329 5.3140655 -1.8135673
110 54.132889 179.77665 0.56494909 0.03413952 -0.040750411 25 0 238.83612 1.2536736 -0.24546119
111 423.07563 181.84352 0.57808302 -0.9667641 -0.68449239 25 0 165.28456 1.0013782 -0.0014953726
112 453.33598 183.52264 0.60515668 0.50319332 0.10543649 25 0 2431.7325 10.480444 -2.5509492
113 146.98113 184.57979 0.63851623 0.17939829 0.17696239 25 0 1605.4496 6.6207836 -2.0522735
114 48.86962 184.48152 0.65383415 0.20674279 0.17332596 25 0 708.58513 2.9771397 -1.184498
115 443.22101 185.71426 0.63038218 -0.10903038 0.18476217 25 0 616.41086 2.8130801 -1.1229553
116 22.448026 187.19438 0.5857376 0.17082106 -0.15480016 25 0 251.93808 1.2457806 -0.23860389
117 258.79695 187.22972 0.63111236 0.0055520507 0.089338784 25 0 1135.2089 5.0358669 -1.7551856
118 453.79724 188.47438 0.60242748 0.23758174 0.21790155 25 0 822.86158 3.6850122 -1.4160973
119 221.28153 189.99884 0.59244312 0.038543344 0.08838206 25 0 732.7424 3.3488813 -1.3122494
120 103.65624 191.08212 0.61534389 -0.058659585 -0.025250468 25 0 38207.869 170.5553 -5.579663
121 153.31239 192.35298 0.53810289 0.8310565 0.26121358 25 0 374.77338 1.7441492 -0.60395908
122 284.87427 195.97917 0.6921109 0.75245104 0.31143123 25 0 279.44689 1.0203549 -0.021878098
123 452.81383 196.41122 0.55263499 0.24856434 0.25682569 25 0 351.34995 1.6618988 -0.55151143
124 487.22508 200.38475 0.68233252 0.14674256 -0.016482725 25 0 644.58695 2.8511731 -1.137559
125 381.08273 202.32359 0.42010008 -0.18073708 0.2045491 25 0 218.19923 1.3363416 -0.31479374
126 414.08961 202.06251 0.69514097 0.14494464 0.0024151595 25 0 357.75819 1.5114146 -0.44845905
127 200.13217 202.88629 0.55430835 0.10992574 0.031730899 25 0 596.69442 2.8190249 -1.1252473
128 230.50809 203.95996 0.53757334 -0.1306877 -0.24105342 25 0 321.07031 1.4691954 -0.41769892
129 98.789856 205.13489 0.57646142 -0.11816116 0.019098464 25 0 581.9439 2.7877042 -1.1131167
130 437.99563 204.72494 0.72956505 0.2290787 0.33973634 25 0 406.3087 1.6664458 -0.55447798
131 501.65376 206.3726 0.55700423 0.24539285 0.11125544 25 0 532.25725 2.5569764 -1.0193168
132 447.81793 208.97482 0.54027641 0.14020518 -0.015093543 25 0 270.46959 1.4154974 -0.37727268
133 44.419651 214.1391 0.58211852 0.29313888 -0.20041568 25 0 401.83981 1.9963111 -0.75057054
134 46.914455 215.81164 0.66538375 0.40731213 -0.075063351 25 0 481.51587 2.1070775 -0.8092013
135 366.97134 215.9008 0.73839619 -0.60829635 -0.02372443 25 0 282.94327 1.1457463 -0.14772117
136 457.81602 216.33676 0.65542241 -0.072735167 0.10741263 25 0 1148.9997 4.9474462 -1.7359527
137 20.022725 217.64226 0.62879415 0.065164912 0.14388242 25 0 1806.2162 7.9996177 -2.2576731
138 358.39634 218.62924 0.53543494 0.40510246 -0.069269505 25 0 1171.256 5.3476522 -1.8204079
139 288.67881 220.52864 0.49217521 -0.39860087 0.0001565939 25 0 492.00504 2.3542318 -0.92962307
140 182.69052 222.08403 0.54361313 0.37520177 0.15442608 25 0 881.32251 4.0913569 -1.5296684
141 510.90214 224.95368 0.88113388 0.22160996 0.4204832 25 0 3625.5173 13.611665 -2.8347782
142 472.7738 225.71185 0.50935621 0.35304536 0.13028836 25 0 206.23363 1.1843964 -0.18374269
143 271.98187 227.43844 0.60869058 0.05702012 0.14268812 25 0 2660.6088 11.691151 -2.6696432
144 17.653751 229.74878 0.55661256 -0.4641428 -0.31426905 25 0 242.67342 1.2470142 -0.23967846
145 384.29802 229.46319 0.59121048 -0.17623378 0.15720623 25 0 3879.0208 16.885397 -3.0687782
146 454.46275 230.14485 0.58749669 0.16691105 -0.069626633 25 0 12563.454 56.079506 -4.3720105
147 359.24894 231.91023 0.6012852 -0.095559646 0.034660253 25 0 1032.771 4.7231161 -1.6855716
148 212.62032 238.14445 0.58381119 0.32223074 -0.13794425 25 0 603.30955 2.6399458 -1.0539875
149 272.67988 239.16668 0.51191614 -0.15399528 -0.043915936 25 0 709.94812 3.5582834 -1.3781014
150 463.56372 241.64379 0.56013959 0.36148752 0.052474844 25 0 1660.4927 7.7277564 -2.2201336
151 63.105746 242.55109 0.63636346 0.33045192 0.13208841 25 0 355.58815 1.5600293 -0.4828319
152 305.60434 248.97533 0.71387802 -0.026605039 -0.17806155 25 0 210.3652 1.0138618 -0.014946934
153 83.84456 252.91792 0.72031356 0.35233753 -0.031867661 25 0 274.34855 1.1306946 -0.13336331
154 460.55478 255.04385 0.57576414 0.032211377 -0.11228355 25 0 6535.6344 29.306141 -3.6673966
155 236.20436 255.73204 0.58896363 0.00099326315 0.064009214 25 0 4633.4994 20.986621 -3.3048563
156 8.5384973 256.83445 0.61376069 0.2765222 0.072816895 25 0 912.13181 4.1812786 -1.5532728
157 298.39695 258.27654 0.48279044 0.68124236 0.10609691 25 0 375.75606 2.1438704 -0.82799631
158 363.98247 264.44318 0.53473842 0.07666416 -0.0073158908 25 0 341.71703 1.6285264 -0.52948703
159 136.98473 266.18898 0.66752301 0.11653158 0.054878453 25 0 309.72476 1.3146464 -0.29702237
160 18.855675 276.88398 0.65534819 0.0025105306 -0.060307016 25 0 291.90579 1.2632864 -0.25375455
161 58.589723 276.91882 0.52215855 -0.19927328 -0.19818653 25 0 223.41954 1.1579137 -0.15919045
162 65.419141 276.58547 0.53380677 0.60533358 0.0097492321 25 0 1117.9958 5.1713973 -1.7840198
163 121.89314 278.28789 0.70900227 0.090263306 0.22470922 25 0 358.19688 1.4852871 -0.42952601
164 247.78213 284.65579 0.65646182 -0.027870219 0.21500244 25 0 317.33748 1.3853009 -0.35386027
165 79.75772 285.85353 0.55960485 0.20149106 -0.011575536 25 0 660.1295 3.1078059 -1.2311347
166 380.09977 287.97606 0.61605158 0.03052911 0.032212953 25 0 5574.6654 25.001039 -3.4948951
167 192.7155 289.42411 0.57332149 -0.30675761 0.098854548 25 0 734.46862 3.1208806 -1.2356929
168 71.25509 290.718 0.62810912 0.16985852 0.044757346 25 0 1228.0362 5.3872072 -1.8284092
169 99.476819 290.511 0.54997716 0.62512927 0.034937298 25 0 925.26105 4.1391896 -1.5422883
170 354.42162 292.79497 0.51226221 0.37920929 -0.31459692 25 0 336.85437 1.7782651 -0.62499128
171 485.74347 292.74267 0.63758171 0.051540247 0.099499812 25 0 741.02225 3.2560557 -1.2817296
172 24.096663 295.71464 0.66634515 0.55731023 0.061022016 25 0 445.55544 1.9795701 -0.7414272
173 38.737181 295.37183 0.48994991 0.12891757 0.10557056 25 0 182.84899 1.0580619 -0.061277691
174 102.19971 300.28717 0.58380473 0.14755242 0.19736169 25 0 305.62299 1.4571907 -0.40879095
175 168.51036 300.14964 0.50017308 -0.42152635 -0.010688341 25 0 378.06864 1.8422243 -0.66335629
176 82.959843 306.20364 0.60024289 0.32962995 0.12604512 25 0 1250.2473 5.726381 -1.8947006
177 430.81955 305.92663 0.65891174 -0.18122752 -0.090664663 25 0 479.06694 2.1613477 -0.83681159
178 133.73057 308.13955 0.59097108 -0.16793585 0.018509684 25 0 292.75472 1.307961 -0.29148701
179 226.5638 311.8573 0.59947337 0.17014081 -0.0175472 25 0 701.40117 3.0494084 -1.210539
180 458.55581 311.51537 0.59817856 -0.54123003 0.0029767904 25 0 809.69156 3.582384 -1.3854304
181 119.04698 313.89449 0.6127557 -0.39812499 0.15046948 25 0 270.03448 1.2490247 -0.24142753
182 145.74135 316.46095 0.57766654 0.51065241 0.13877747 25 0 2862.1359 12.659791 -2.7560664
183 6.2695164 318.27357 0.68689485 0.19152302 0.090480084 25 0 872.17696 3.5283625 -1.368933
184 21.905531 318.29657 0.65141018 0.087082598 0.1514763 25 0 2263.5625 9.6843904 -2.4651807
185 67.783986 320.46977 0.4168426 -0.11473213 0.26338554 25 0 255.87207 1.3756313 -0.34625513
186 195.20224 326.18461 0.6194668 0.34925342 0.020790307 25 0 328.02331 1.4208416 -0.38136416
187 463.09607 325.51357 0.60348147 0.31092204 0.4588919 25 0 315.50439 1.3832427 -0.35224595
188 338.15415 328.04612 0.53624214 0.054662467 0.12728619 25 0 528.16402 2.6698687 -1.0662248
189 500.9298 329.90469 0.67866835 0.25274747 0.28164177 25 0 248.97437 1.1886092 -0.1875977
190 270.87311 331.10045 0.68491598 0.38693315 -0.031111187 25 0 306.43282 1.2115198 -0.20832627
191 28.42148 335.51869 0.56654336 0.59907925 0.08675077 25 0 3912.0271 17.579248 -3.1125007
192 38.562169 336.49639 0.58940549 -0.37870222 0.083205798 25 0 10162.322 44.481215 -4.1204416
193 295.50712 335.28077 0.60052292 -0.13498962 0.032562167 25 0 464.63509 2.0807139 -0.79553094
194 388.47654 335.89808 0.58737972 -0.66158968 -0.067616913 25 0 435.16649 1.8705916 -0.67994744
195 271.78656 337.11646 0.63385238 0.055834995 0.069228802 25 0 836.88647 3.499485 -1.3600104
196 84.836293 337.568 0.63920698 0.34061837 0.18959842 25 0 975.80454 4.2401021 -1.5684408
197 95.160077 339.35138 0.64847159 0.58055178 -0.12674638 25 0 238.62079 1.0223944 -0.024046136
198 496.79289 343.35402 0.64989699 0.087431221 0.30790028 25 0 923.61812 3.8275172 -1.4572929
199 267.67642 346.85638 0.55891456 0.10038928 -0.084671613 25 0 330.98681 1.5649533 -0.48625347
200 368.71381 349.39971 0.47881882 -0.27941151 -0.076892182 25 0 582.10753 2.9946309 -1.1908583
201 26.125812 352.92407 0.4429199 -0.14260823 -0.044209738 25 0 213.03734 1.15293 -0.15450735
202 247.90349 353.1317 0.6192183 0.01469808 0.011041051 25 0 5159.7864 22.915567 -3.4003265
203 389.96266 354.57254 0.59429978 0.31739463 0.22266216 25 0 950.23638 4.3337854 -1.5921685
204 29.892681 355.45911 0.58185431 -0.47632471 0.22280195 25 0 787.77388 3.6629972 -1.4095915
205 55.09766 355.41414 0.54675088 -0.30975199 0.82133869 25 0 336.15 1.3637618 -0.33684627
206 501.79441 355.25184 0.47209519 -0.56595494 -0.062153818 25 0 241.51223 1.2811985 -0.26904106
207 20.305465 355.92404 0.66985538 0.64778812 0.11782852 25 0 411.11343 1.5565788 -0.48042779
208 306.79415 357.06684 0.61007892 0.034563764 -0.032048418 25 0 24513.126 108.71672 -5.0907408
209 2.4078427 357.36074 0.44522597 0.44620273 0.030320253 25 0 539.67575 2.7565901 -1.1009305
210 30.104785 359.26895 0.7000774 -0.024711644 0.19162847 25 0 1314.1249 5.2254268 -1.7953044
211 451.34976 359.35661 0.58418454 0.88213473 0.24843813 25 0 208.66594 1.0054628 -0.0059150373
212 31.077827 362.76604 0.70100012 -0.40763582 0.055777883 25 0 628.54666 2.3171421 -0.91238165
213 36.539296 364.7632 0.62006844 -0.12256699 0.3033388 25 0 243.30213 1.0360772 -0.038480344
214 422.58626 364.11619 0.59811827 -0.15475172 -0.10258044 25 0 1740.2004 7.7600487 -2.2246611
215 487.99997 364.69868 0.73158034 0.20591591 0.37744293 25 0 333.98847 1.3151316 -0.29742307
216 234.15417 366.15733 0.62737942 0.11595446 -0.012343443 25 0 1569.439 6.7853126 -2.0789246
217 286.25178 367.41698 0.59765072 0.37483872 0.054072744 25 0 2475.562 11.009988 -2.6044671
218 435.87847 368.5008 0.63012131 -0.11422835 0.22203382 25 0 1049.456 4.4974654 -1.6324196
219 103.65788 368.87595 0.61632019 0.10924114 -0.014598144 25 0 4756.8333 21.133089 -3.3124074
220 146.8316 369.69535 0.66109018 0.06735396 -0.1292314 25 0 503.8342 2.1062842 -0.80879241
221 507.57225 370.57899 0.60890192 -0.54248645 0.11340156 25 0 7532.4286 32.314819 -3.7735043
222 30.938501 371.92169 0.72687664 0.40900298 0.097812731 25 0 555.01002 2.1998356 -0.85597555
223 11.272829 375.79179 0.67054807 -0.3927834 0.082173667 25 0 740.84742 3.1658372 -1.2512214
224 484.10762 377.92793 0.63763878 0.25470532 0.14456493 25 0 237.47017 1.0878593 -0.091431861
225 454.34908 379.84071 0.5109887 0.083310506 -0.055065344 25 0 223.76945 1.107246 -0.11061028
226 374.14522 381.5897 0.59533479 -0.042394024 0.12984049 25 0 3112.8087 13.860128 -2.8544181
227 33.913587 382.42794 0.42243097 -0.049603458 0.098504651 25 0 195.7743 1.014482 -0.015610867
228 82.929941 383.06044 0.66464246 0.049379011 0.058446004 25 0 3886.7741 16.818317 -3.0644564
229 128.67216 384.66289 0.56234267 -0.1701817 -0.10777645 25 0 503.60715 2.2567002 -0.88368467
230 235.29718 386.19398 0.50321633 -0.33321209 -0.32613612 25 0 443.55351 2.0615909 -0.78550622
231 277.50631 386.87893 0.45217802 0.067415785 -0.17138733 25 0 267.21377 1.496466 -0.43766712
232 492.24246 386.96983 0.78746146 -0.33506616 0.41025973 25 0 746.07895 2.6495193 -1.0579177
233 108.3612 387.7011 0.59188375 -0.43733604 0.059228218 25 0 354.98234 1.6888156 -0.56895559
234 13.22421 389.11354 0.68758152 0.17421736 0.027998227 25 0 956.30107 3.9593612 -1.4940628
235 152.61783 388.98624 0.58127995 0.12579581 -0.057091111 25 0 1351.5908 6.2043454 -1.9817399
236 492.90082 390.44466 0.67305356 0.027938098 0.23356932 25 0 2086.7369 8.5273648 -2.3270371
237 463.46507 390.81662 0.59618222 0.03596368 -0.057530096 25 0 2171.0643 9.6997327 -2.4668994
238 68.457138 394.12404 0.58224101 -0.14477078 -0.13690515 25 0 511.42717 2.3185764 -0.91305354
239 254.73819 398.87628 0.6143806 0.12598106 -0.036661079 25 0 7494.9538 33.225848 -3.8036902
240 181.62134 401.68294 0.6799165 0.2427689 -0.097033763 25 0 291.42424 1.2092443 -0.20628514
241 385.35528 400.61926 0.57462407 0.17508803 0.087228045 25 0 668.93612 3.0415076 -1.2077223
242 283.80354 406.39171 0.63738341 0.45651282 0.099350651 25 0 643.56508 2.6259232 -1.0482051
243 420.61443 405.81993 0.49137382 -0.13943716 -0.28160051 25 0 482.64805 2.6018303 -1.0381974
244 11.566893 410.23497 0.56038321 0.19953695 -0.11907223 25 0 792.00497 3.6606543 -1.4088968
245 281.24039 410.05866 0.62468261 0.11078485 0.013102952 25 0 1941.3811 8.5612798 -2.3313467
246 299.21391 409.37533 0.48850653 -0.067838936 0.26982398 25 0 279.98306 1.2952575 -0.28089032
247 502.91019 410.15713 0.68520548 0.2362423 0.12953463 25 0 591.4321 2.6326709 -1.0509914
248 49.59515 414.085 0.47631849 0.11880013 0.1593591 25 0 250.73638 1.0909683 -0.094530308
249 113.14678 415.38152 0.63036241 0.14233968 0.27658743 25 0 822.07359 3.4090815 -1.3315935
250 137.22516 416.96228 0.58987179 -0.033055065 -0.039254179 25 0 2197.2308 10.221244 -2.5237594
251 312.93515 426.92481 0.70802914 -0.34794333 0.14142154 25 0 371.89978 1.4239811 -0.38376055
252 193.87116 428.38027 0.57388252 0.57087096 0.39875151 25 0 291.86107 1.3119955 -0.29483088
253 222.95665 433.70974 0.62395919 0.069184592 0.11655666 25 0 377.92208 1.5149439 -0.45099139
254 188.07354 434.90654 0.66188144 0.061419935 0.086787835 25 0 2323.9293 10.028086 -2.5030452
255 161.5118 435.8523 0.57451247 0.35422385 -0.044761365 25 0 877.32794 3.6849458 -1.4160778
256 202.94427 436.47687 0.52686983 0.067513951 0.5775037 25 0 234.98207 1.161883 -0.16290599
257 410.25295 435.45351 0.48802288 0.5557843 -0.15547175 25 0 281.72808 1.4572739 -0.408853
258 190.03777 437.06779 0.62057269 0.23516241 -0.31181695 25 0 342.3068 1.4444914 -0.39928738
259 261.32517 438.2327 0.57835673 0.20010331 -0.019693504 25 0 944.76427 4.1900626 -1.5555513
260 373.91327 439.90245 0.61978428 0.030752128 0.061496823 25 0 3333.7695 14.995447 -2.9398985
261 43.574667 443.31861 0.60846607 0.50664594 -0.11497651 25 0 320.49805 1.431155 -0.38921671
262 274.36694 442.6603 0.6495813 -0.24978075 0.14631652 25 0 1142.3254 4.874904 -1.7199152
263 120.48616 444.67351 0.59201268 -0.31317847 -0.041926134 25 0 11945.145 52.644148 -4.3033752
264 505.41141 445.08409 0.696381 -0.48425358 0.085640867 25 0 269.6974 1.0293901 -0.031449948
265 492.08906 451.06706 0.63606316 -0.41913948 0.01472732 25 0 289.01726 1.2050895 -0.20254827
266 241.46754 452.13578 0.63940924 0.57038919 -0.091376531 25 0 317.35143 1.3925167 -0.35950104
267 506.41124 454.36203 0.60814449 -0.50396044 -0.04437758 25 0 1826.0413 7.8853492 -2.2420523
268 408.76512 457.01297 0.66423594 0.2550933 -0.19228852 25 0 321.11418 1.3996971 -0.36508513
269 340.37951 458.10855 0.63969227 -0.091464291 -0.3184268 25 0 703.81066 3.0265024 -1.2023526
270 100.50689 459.17943 0.70456524 -0.67703337 -0.25458985 25 0 228.80787 1.0121376 -0.013098871
271 464.44613 459.2626 0.55237928 -0.21735984 -0.15669518 25 0 347.12112 1.4436456 -0.39865146
272 509.22763 460.81159 0.50905158 0.092629009 0.46879013 25 0 200.82759 1.1294172 -0.13213598
273 391.38552 463.10244 0.61598088 -0.36947606 -0.18358052 25 0 1204.1833 5.3309592 -1.8170134
274 85.493527 464.30774 0.5852735 -0.41044102 -0.06919436 25 0 4881.1543 21.734097 -3.342854
275 178.57816 465.46269 0.61037689 0.52911156 -0.072138261 25 0 990.6907 4.1300985 -1.539901
276 355.16051 465.71429 0.7617588 -0.63183053 0.12448566 25 0 396.23161 1.4633851 -0.41339658
277 320.44451 467.58502 0.58095842 0.55959224 0.24025439 25 0 273.48985 1.2051797 -0.20262956
278 456.99277 466.5642 0.45711702 0.020759735 0.11181034 25 0 61396.444 307.00218 -6.2178536
279 434.16005 468.98628 0.72401185 -0.26986371 0.072772424 25 0 357.76794 1.3963457 -0.36248241
280 74.589828 469.2947 0.61900045 0.48837049 0.068669128 25 0 281.76762 1.288941 -0.27558263
281 240.26082 473.44202 0.61323042 0.36794619 0.13362523 25 0 4497.6937 19.794054 -3.2413369
282 371.85644 474.90796 0.65089161 -0.34842447 -0.056559982 25 0 697.72278 2.9215047 -1.1640165
283 458.25702 474.29751 0.57428764 -0.32344938 0.20994202 25 0 451.31994 1.8246234 -0.65293308
284 274.52223 476.75721 0.49572804 0.12683278 0.50481594 25 0 212.4966 1.0458649 -0.04868896
285 143.47624 477.31043 0.61451839 0.5903797 -0.065781922 25 0 436.59366 1.8058089 -0.64167948
286 290.37947 476.65447 0.60833489 -0.24639493 -0.014424163 25 0 2797.6692 12.075886 -2.7047975
287 367.70895 481.90258 0.68369768 0.14275586 -0.072308385 25 0 452.42684 1.7357346 -0.59870832
288 168.32298 482.74926 0.68452548 -0.052046826 -0.030313747 25 0 912.78704 3.7648709 -1.4393752
289 245.91297 487.09504 0.72218282 -0.34271762 -0.030945537 25 0 318.81228 1.4345308 -0.39177472
290 93.308633 488.17658 0.57586901 0.12022131 0.078378155 25 0 947.7391 4.4048506 -1.609828
291 269.528 497.73801 0.59366223 -0.62426491 -0.061044293 25 0 377.58441 1.8800161 -0.68540393
292 421.9686 497.4684 0.46801282 0.18857782 0.13820569 25 0 199.62559 1.0588422 -0.062078117
293 179.39484 501.74988 0.63774367 0.2423384 -0.008005538 25 0 279.88629 1.1421359 -0.14429449
294 96.568527 502.81666 0.62626504 -0.60098792 -0.033885196 25 0 284.67897 1.2082748 -0.20541425
295 190.61392 505.39314 0.53236358 -0.32588372 0.51369956 25 0 317.35244 1.5062879 -0.44476998
296 145.46138 504.57676 0.54948704 -0.51514099 0.11876803 25 0 432.60416 1.6753262 -0.56024842
297 309.44976 507.26275 0.69483101 0.31177129 0.078248568 25 0 314.22617 1.1734119 -0.17362624
298 146.05905 508.48406 0.62453164 0.58257084 0.17746205 25 0 720.85947 3.0284792 -1.2030615
299 192.62309 510.87571 0.95852536 -0.19644858 -0.42425253 25 0 306.06292 1.0967074 -0.10022698
