id xcentroid ycentroid sharpness roundness1 roundness2 npix sky peak flux mag
1 358.91696 1.8674776 0.74476449 0.088348735 0.023213035 25 0 381 1.0009454 -0.0010260108
2 481.46198 2.1380184 0.54330113 0.012097674 -0.22738595 25 0 383 1.3998354 -0.36519241
3 7.8519782 7.0321825 0.84058562 -0.064491151 0.030790203 25 0 966 2.2719136 -0.89097951
4 16.120639 7.2057536 0.77319979 -0.1249864 0.19942794 25 0 457 1.255459 -0.24700636
5 161.7424 6.5786227 0.64620085 0.53388411 0.2563357 25 0 466 1.17991 -0.17962222
6 387.34511 7.6059515 0.64776141 -0.50772877 0.11967839 25 0 787 2.0867056 -0.79865294
7 76.911207 8.7664393 0.76514268 -0.07898935 0.14050391 25 0 17466 39.675186 -3.9962974
8 24.517774 10.489114 0.51116115 0.22505561 0.028624767 25 0 3975 11.173625 -2.6204852
9 460.79585 10.546531 0.6814619 -0.085190256 0.32548923 25 0 697 1.9315909 -0.71478789
10 6.3933858 11.941099 0.6600719 -0.23717954 -0.13659949 25 0 3356 8.367617 -2.3065045
11 478.19111 12.092438 0.59067214 0.26460915 0.29801126 25 0 257 1.0687252 -0.072165111
12 265.40051 25.965766 0.63873731 -0.53300992 -0.42317649 25 0 429 1.0974444 -0.10095636
13 406.44672 28.909619 0.65365333 -0.36767916 -0.24279092 25 0 543 1.5346433 -0.46501864
14 506.37242 29.04405 0.79495908 -0.37028383 0.039443061 25 0 322 1.0197092 -0.021190807
15 179.2005 32.025018 0.70589935 -0.0883305 0.10686489 25 0 566 1.3560482 -0.33068783
16 165.99872 36.183388 0.64074394 -0.085015439 0.097868756 25 0 701 1.7700397 -0.61995754
17 239.06101 37.176197 0.77206933 -0.1225041 0.073580148 25 0 1562 3.4658481 -1.3495238
18 258.50358 38.010146 0.68412928 -0.36328348 -0.18561228 25 0 2506 5.9186279 -1.9305526
19 399.05829 38.920591 0.77322335 0.20538524 0.0219751 25 0 630 1.5261223 -0.45897334
20 376.94409 39.997331 0.2889661 -0.43129276 0.033455139 25 0 58536 207.45943 -5.792333
21 5.796404 41.696243 0.72784663 -0.39756512 0.041362646 25 0 503 1.3245437 -0.30516574
22 118.86869 40.421777 0.64951695 0.13666713 0.24994932 25 0 565 1.4486827 -0.40243316
23 163.84664 42.374714 0.71024755 -0.24809935 0.12318972 25 0 5677 13.276227 -2.8076866
24 452.76691 43.32427 0.76162591 -0.29003435 0.063135616 25 0 1111 2.5927705 -1.0344102
25 299.47314 49.060312 0.67527333 -0.1001938 -0.20723834 25 0 473 1.1171797 -0.12030756
26 105.07965 49.986319 0.73607488 0.093067395 -0.10320244 25 0 474 1.237873 -0.23169024
27 346.73528 50.390424 0.69204916 -0.42742344 0.0081638321 25 0 1683 3.8820358 -1.4726488
28 495.82064 56.883869 0.75615452 -0.17456726 0.038216912 25 0 1830 4.4637402 -1.6242473
29 3.9172656 62.579233 0.62601103 -0.070494453 0.25479577 25 0 1707 4.33772 -1.5931538
30 50.013648 61.594344 0.71384575 -0.19828102 0.36584892 25 0 421 1.0366928 -0.039125208
31 107.05126 63.302487 0.74849128 0.15968828 0.2414707 25 0 468 1.0420623 -0.044734248
32 83.858801 63.604652 0.68356609 -0.48560885 0.10885075 25 0 688 1.6978475 -0.57474668
33 485.48507 63.864484 0.69094617 -0.34244514 -0.090268411 25 0 1574 3.9635233 -1.4952035
34 50.418266 65.710316 0.5190193 0.08315386 0.37583966 25 0 378 1.1653082 -0.16610205
35 164.85765 65.124997 0.7226247 -0.072024977 0.1608595 25 0 583 1.3149665 -0.29728672
36 470.77924 65.673866 0.65365104 -0.14441238 0.29044389 25 0 530 1.5174988 -0.45282089
37 108.26243 68.462031 0.64263673 0.18169676 0.11526182 25 0 1607 3.9136898 -1.481466
38 14.451452 74.280519 0.58787996 0.075170774 -0.28296386 25 0 345 1.0800581 -0.083617763
39 403.09504 76.568489 0.62189231 0.10397029 0.23189004 25 0 3255 8.2149386 -2.2865108
40 7.6535264 76.784643 0.74261542 -0.042140289 -0.078472658 25 0 750 1.7392696 -0.6009173
41 23.637198 79.535645 0.55184773 0.054825143 0.003519319 25 0 608 1.7587198 -0.61299161
42 172.22402 80.194743 0.65629994 0.085138713 0.010792194 25 0 609 1.3952787 -0.36165242
43 144.48625 83.650563 0.56077382 -0.44895865 0.14219921 25 0 582 1.4452385 -0.3998488
44 197.17317 83.797129 0.70381857 -0.30420253 -0.21863001 25 0 494 1.0651501 -0.068526993
45 207.50644 90.472069 0.63134571 -0.69376048 -0.21256798 25 0 492 1.052864 -0.055930739
46 336.10499 90.851626 0.70359775 -0.37017905 0.069062122 25 0 1608 3.7354188 -1.4308483
47 340.05179 92.665532 0.68252577 -0.49755449 0.13106729 25 0 1751 4.0675974 -1.5233449
48 4.6665494 94.509438 0.69200479 -0.37290887 0.1979576 25 0 1866 4.3659883 -1.6002064
49 238.49836 93.895489 0.61702913 -0.26493688 -0.10055928 25 0 1645 3.9864101 -1.5014549
50 504.08036 97.300047 0.58088433 0.037430079 0.058281615 25 0 335 1.171766 -0.17210221
51 106.17472 98.234424 0.67366404 -0.10914251 0.029956897 25 0 3565 8.539657 -2.3286011
52 168.07194 97.81182 0.71845072 0.073835819 0.18748249 25 0 556 1.2299627 -0.22472984
53 384.79999 108.97313 0.78601956 -0.075529282 0.066962557 25 0 803 1.6987142 -0.57530079
54 271.41403 111.08358 0.6636857 -0.42385709 -0.18319704 25 0 17434 41.579133 -4.0471886
55 288.89189 111.20949 0.75286649 0.24937317 0.22805848 25 0 1437 3.1077868 -1.2311281
56 355.54887 112.082 0.66776482 -0.12441286 -0.045658791 25 0 1304 3.0117697 -1.1970544
57 298.89373 112.44745 0.66985629 0.018573381 0.23240401 25 0 1994 4.6191254 -1.6613994
58 251.17271 114.16145 0.57202787 0.043830921 -0.22967656 25 0 622 1.5089723 -0.44670315
59 500.83163 113.57189 0.72805185 -0.099954591 0.31966519 25 0 448 1.2214413 -0.21718151
60 150.60865 114.89132 0.63158503 -0.3767074 -0.32538511 25 0 572 1.2815392 -0.26932972
61 205.77933 115.76813 0.81294652 -0.16338047 0.3382384 25 0 637 1.1783483 -0.17818424
62 103.54114 116.30951 0.61313956 0.34831678 -0.13542497 25 0 575 1.3160931 -0.29821656
63 202.94625 117.83707 0.75439068 -0.18756939 0.09560924 25 0 2605 5.7662783 -1.902239
64 35.493348 119.7525 0.62603022 -0.37474248 -0.098815697 25 0 450 1.1997402 -0.19771807
65 226.88075 123.18839 0.81132698 -0.094367613 0.053567004 25 0 2702 5.7040205 -1.8904527
66 58.250094 125.09227 0.70035468 -0.076938543 0.0042343754 25 0 1515 3.6224152 -1.3974956
67 304.26079 126.34489 0.45216959 -0.39655085 0.26618079 25 0 465 1.2217661 -0.21747021
68 446.86326 134.35205 0.71041345 -0.16463884 0.12342444 25 0 14014 32.851936 -3.7914024
69 349.61872 140.10304 0.71560013 -0.27469076 -0.031036861 25 0 3496 7.9293087 -2.2480883
70 65.460549 141.35702 0.61098471 -0.32010964 0.060232942 25 0 687 1.6541436 -0.54643304
71 48.520973 145.3452 0.68089043 -0.83840829 -0.065643219 25 0 624 1.5452834 -0.47252038
72 436.81094 155.91475 0.71604754 -0.046650082 0.074790036 25 0 59644 139.54936 -5.3618196
73 475.96431 159.23702 0.69512838 -0.13889869 0.10373796 25 0 572 1.4801191 -0.42574167
74 257.25618 160.20697 0.72969417 0.22689171 -0.025604937 25 0 695 1.4282487 -0.38700959
75 204.23176 163.74899 0.71482983 -0.22095237 0.034073749 25 0 826 1.6652462 -0.55369613
76 397.10131 168.29087 0.80178788 0.32035025 0.21497219 25 0 757 1.6091628 -0.51649995
77 214.98555 169.51727 0.66870282 0.086578111 0.3394147 25 0 1151 2.571946 -1.0256546
78 276.81118 168.53688 0.68021279 0.089686166 0.14740095 25 0 2087 4.8052708 -1.7042947
79 464.33897 170.46694 0.57246856 0.061952956 -0.053415529 25 0 328 1.0632391 -0.0665773
80 203.54824 172.05057 0.63403377 -0.15512026 -0.17059397 25 0 1677 3.9073976 -1.479719
81 6.4378817 176.57791 0.69044067 -0.4037142 0.14870992 25 0 689 1.52467 -0.45793964
82 471.97233 176.93663 0.73954161 -0.087776691 0.048429893 25 0 3417 7.9610878 -2.252431
83 67.685352 178.08669 0.76359693 -0.40964929 -0.015178456 25 0 929 1.9135233 -0.70458441
84 165.71896 178.06642 0.74250559 -0.011082792 0.061007165 25 0 2232 4.8000941 -1.7031244
85 461.9466 179.19067 0.77380462 0.19999027 0.091855072 25 0 783 1.8821693 -0.68664671
86 277.51879 180.72784 0.59427807 0.078427313 -0.063089236 25 0 1084 2.5436001 -1.0136221
87 472.4091 181.89584 0.65765262 -0.57633116 -0.065692369 25 0 942 2.4433739 -0.96997482
88 240.0979 183.53928 0.65622734 0.04872423 0.21661287 25 0 790 1.7765881 -0.62396686
89 122.36887 184.72189 0.72681927 -0.48881183 0.011115892 25 0 43262 98.533379 -4.9839584
90 172.00837 185.95338 0.70072295 -0.34004737 -0.014512177 25 0 620 1.3455684 -0.32226446
91 505.78043 193.71268 0.74849612 0.10216792 0.11127395 25 0 586 1.379969 -0.34967331
92 218.88137 196.43646 0.6588799 -0.24316926 0.20781209 25 0 717 1.5269891 -0.45958981
93 117.48439 198.83562 0.7561876 -0.60461016 -0.1325566 25 0 740 1.4875395 -0.43117125
94 15.622711 206.69493 0.66731635 0.070406674 0.050360391 25 0 2026 4.7986568 -1.7027992
95 63.490827 207.9438 0.78336988 0.35390647 -0.20899316 25 0 599 1.1830379 -0.1824966
96 65.274649 209.35837 0.50540808 -0.39767138 -0.35619897 25 0 436 1.1360423 -0.13848629
97 476.45199 209.72493 0.69158585 -0.51322216 -0.10106848 25 0 978 2.3247541 -0.91594254
98 38.858124 211.35822 0.72973458 -0.16684541 0.11921316 25 0 2182 4.9630694 -1.7393759
99 377.1231 212.11276 0.70530617 -0.077885423 0.047587916 25 0 1817 4.2836501 -1.579535
100 307.31686 214.21805 0.58700832 -0.31617591 -0.0068707128 25 0 792 1.9013377 -0.69764815
101 201.52176 215.85059 0.72159258 -0.032792686 -0.075812649 25 0 1149 2.3814911 -0.94212242
102 290.78323 220.9163 0.72476303 -0.080407634 0.024407456 25 0 3618 8.3027445 -2.2980542
103 402.97957 223.01949 0.75491504 -0.10724649 0.07957372 25 0 5769 13.158679 -2.7980307
104 473.04041 223.45444 0.70189546 -0.055396288 0.24608385 25 0 14485 33.586011 -3.8153961
105 377.98894 225.32981 0.71942421 -0.11162116 0.14890743 25 0 1299 2.990523 -1.1893679
106 231.19607 231.74114 0.71530204 -0.36010684 -0.023374904 25 0 870 1.8353121 -0.65927481
107 291.3113 232.59223 0.725161 -0.37566099 0.031145664 25 0 921 1.9246096 -0.71085659
108 482.28995 235.03504 0.68242026 -0.021686979 -0.042646162 25 0 2051 5.0874646 -1.7662535
109 81.792841 236.27418 0.83130788 -0.23560689 0.18169255 25 0 585 1.0817371 -0.085304292
110 479.14696 248.44528 0.63204792 0.15781487 0.1920729 25 0 7200 18.041476 -3.1406802
111 254.9602 249.32307 0.71736588 -0.083887412 0.15555991 25 0 5968 13.791287 -2.849012
112 27.451082 250.53248 0.53206544 0.096793253 0.05508847 25 0 841 2.1088691 -0.81012407
113 316.95596 251.58928 0.72119792 -0.62250535 0.18429831 25 0 557 1.1089429 -0.11227297
114 382.73876 257.80569 0.66004544 0.2701161 -0.10465165 25 0 475 1.1803714 -0.18004673
115 84.26504 270.34004 0.62692617 0.03093086 0.040225189 25 0 1521 3.6245306 -1.3981294
116 98.282373 279.40181 0.4103641 0.40296108 0.078651062 25 0 517 1.3564765 -0.33103071
117 398.83034 281.42762 0.69681313 -0.24480389 0.14806417 25 0 5962 14.117125 -2.8743656
118 211.56949 282.99942 0.68943285 0.34329461 0.14505946 25 0 972 2.1295284 -0.82070859
119 90.059571 284.38631 0.64680309 0.027576782 0.12598564 25 0 1366 3.2439655 -1.2776906
120 118.33557 284.16991 0.64759748 -0.01491484 0.010774382 25 0 1293 3.0639089 -1.2156896
121 373.21539 286.3219 0.74731779 -0.12194984 0.28439685 25 0 461 1.0111197 -0.012006416
122 504.38407 286.12179 0.61252856 -0.056499292 -0.089642222 25 0 730 2.1678434 -0.84006976
123 42.858565 289.32564 0.73677226 -0.43829681 0.19260158 25 0 570 1.1710863 -0.17147222
124 101.77155 299.93792 0.71567682 0.044973225 0.10168675 25 0 1604 3.6885261 -1.4171322
125 6.1687712 304.25306 0.6305636 -0.078734952 0.14361324 25 0 637 1.5155603 -0.45143303
126 245.35044 305.36069 0.59293132 0.19325988 0.11034313 25 0 845 2.1361007 -0.82405431
127 477.12496 305.02134 0.72356691 -0.27719124 -0.014700941 25 0 1183 3.0486863 -1.2102819
128 164.46682 310.12071 0.69727073 -0.31355883 -0.14724697 25 0 3630 8.3339394 -2.3021258
129 24.955536 312.04163 0.79301701 -0.26648643 -0.073888243 25 0 1222 2.5773826 -1.0279472
130 40.581081 311.97509 0.69046966 -0.085443073 -0.024859492 25 0 2378 5.5682365 -1.8642942
131 9.5285094 322.05429 0.74388683 -0.44858013 -0.02644642 25 0 963 2.1817911 -0.84703294
132 356.82462 321.55688 0.61117892 0.17950436 0.18254275 25 0 625 1.7544973 -0.61038177
133 47.187353 329.21315 0.67728907 0.045194751 0.06264988 25 0 5207 12.583946 -2.7495422
134 314.22588 329.12872 0.69403713 0.093643328 -0.066335346 25 0 618 1.3953772 -0.36172908
135 407.00954 329.2513 0.70681346 0.014664112 -0.11149927 25 0 521 1.3116707 -0.29456208
136 57.427658 330.22225 0.62029294 -0.048429947 -0.05179429 25 0 11806 29.840864 -3.6870285
137 290.57085 330.54259 0.65051755 -0.80474205 0.047457203 25 0 845 1.9873938 -0.74570983
138 103.64606 331.22257 0.65215692 -0.44868319 0.079664081 25 0 1016 2.2442647 -0.87768519
139 387.28218 342.71921 0.74549542 -0.20027036 -0.058616495 25 0 786 1.8660043 -0.67728163
140 266.59298 346.62059 0.64184907 0.18900026 0.013305594 25 0 5229 12.830955 -2.7706475
141 408.42451 347.82572 0.61904244 -0.013563991 -0.16637637 25 0 970 2.6243469 -1.0475531
142 39.138934 349.82724 0.57401532 0.16319754 0.23884992 25 0 395 1.0557969 -0.058950911
143 48.725099 349.25596 0.72386071 -0.61932041 0.11529952 25 0 871 1.9483928 -0.72419128
144 325.45092 350.55446 0.62699155 -0.69677896 0.015291988 25 0 20987 49.651422 -4.2398292
145 21.304115 351.06625 0.69367501 -0.48637792 -0.25918621 25 0 844 1.9607091 -0.7310329
146 48.911954 353.01304 0.79295798 -0.44182545 0.11605655 25 0 1584 3.4072402 -1.3310069
147 441.32664 357.44617 0.6772948 -0.61149998 0.15166326 25 0 1764 4.4124515 -1.6116999
148 252.85546 359.67551 0.72413777 0.0046402747 0.11866192 25 0 1832 4.2989985 -1.5834182
149 304.92798 360.8578 0.74438123 -0.15790981 0.063001336 25 0 3421 7.8728561 -2.2403308
150 454.53049 361.85329 0.60123422 -0.16603227 -0.019508141 25 0 1009 2.9231975 -1.1646454
151 122.51172 362.51962 0.6573361 -0.66745492 0.045184303 25 0 4438 10.38441 -2.5409545
152 165.69147 363.04988 0.35767965 0.27456412 0.38821766 25 0 347 1.1826348 -0.18212664
153 49.570867 365.61222 0.59389866 0.74833187 -0.03947381 25 0 407 1.0015741 -0.0017077185
154 30.025017 369.35152 0.65005276 0.049197143 -0.0004682677 25 0 757 1.9298051 -0.71378364
155 392.82026 375.05817 0.75134547 -0.21104935 0.018891877 25 0 4025 9.3364065 -2.4254494
156 101.65627 376.63623 0.66853985 0.10559242 0.083565553 25 0 3547 8.5018835 -2.3237879
157 147.57605 378.29158 0.71211076 -0.83456748 -0.29465614 25 0 608 1.3653734 -0.33812858
158 254.24225 379.61598 0.6592981 -0.41090683 0.15987445 25 0 649 1.6184743 -0.52276455
159 32.006743 382.71128 0.69806927 -0.071254192 0.090308099 25 0 1084 2.6376343 -1.0530365
160 171.53948 382.51847 0.66713415 -0.52683148 0.024556647 25 0 1206 2.6853772 -1.0725132
161 482.22124 384.34638 0.67866983 0.0054947275 0.078774946 25 0 2431 6.1025103 -1.9637713
162 511.02838 383.86195 0.91369299 0.044483442 0.36948197 25 0 1423 3.0925425 -1.2257892
163 87.027218 387.48807 0.76182126 -0.068299 0.11631176 25 0 672 1.5294205 -0.46131725
164 273.41046 392.42602 0.65716026 -0.68456647 -0.056117327 25 0 6868 16.144374 -3.020053
165 403.91038 394.25988 0.75479086 -0.18151661 0.042858588 25 0 820 1.965784 -0.73383949
166 439.43876 399.24469 0.59691797 0.29579933 -0.11971764 25 0 394 1.3477506 -0.32402385
167 302.55979 399.80509 0.59623648 0.18583268 0.11698454 25 0 604 1.6130976 -0.51915162
168 30.284279 404.01713 0.7429387 -0.19736729 0.059713291 25 0 1011 2.3354635 -0.92093273
169 299.923 403.44721 0.67039022 0.038513445 0.18224311 25 0 1899 4.6319069 -1.6643995
170 131.98151 409.04495 0.67516856 0.13122752 0.058406358 25 0 976 2.3820607 -0.94238206
171 155.99721 410.42302 0.70911363 -0.0077391703 0.32048284 25 0 2293 5.3215513 -1.8150956
172 8.75005 414.12848 0.73831921 -0.19984398 0.070847905 25 0 1365 3.1239451 -1.2367585
173 331.8084 420.3766 0.61810372 0.2461034 0.02745544 25 0 374 1.0638017 -0.067151651
174 206.82125 428.44739 0.67442814 -0.3150996 0.17172402 25 0 2238 5.3944785 -1.8298737
175 180.32016 429.4913 0.55682909 0.39941139 0.19111905 25 0 882 2.4111154 -0.95554498
176 280.07499 431.68553 0.72583643 -0.1036732 0.10196474 25 0 1159 2.8127979 -1.1228463
177 392.58221 433.37845 0.69154005 -0.49737926 0.015533496 25 0 3043 7.3589583 -2.1670409
178 293.09841 436.13948 0.73642765 -0.33412971 0.19019955 25 0 1176 2.6957578 -1.0767022
179 62.205776 437.0641 0.5863584 -0.11080682 -0.1131711 25 0 321 1.0016088 -0.0017453824
180 139.18466 438.25825 0.67593709 0.029481723 0.10204538 25 0 14992 36.707639 -3.9118911
181 359.10745 451.64869 0.68667205 -0.38998782 0.16367594 25 0 616 1.6536911 -0.546136
182 483.23489 452.79742 0.63720614 -0.42652339 -0.24925063 25 0 295 1.0965081 -0.10002958
183 410.15943 456.39587 0.72437774 -0.24130972 0.33379843 25 0 1271 3.0534951 -1.2119931
184 104.22242 457.93092 0.75113136 -0.21943546 0.029159972 25 0 6575 15.00561 -2.9406341
185 197.27492 458.97613 0.68947923 -0.041781597 0.04021797 25 0 1220 3.0413981 -1.2076832
186 475.73381 460.09609 0.44634922 -0.18870557 0.035102773 25 0 58191 174.9455 -5.6072569
187 13.210363 462.30753 0.64595644 -0.19418782 0.3326804 25 0 940 2.4618554 -0.97815634
188 259.0253 466.94747 0.75968041 -0.1803171 0.058215974 25 0 5841 13.499226 -2.8257722
189 390.5808 468.54091 0.74213656 -0.62117833 -0.018661808 25 0 579 1.5992535 -0.5097933
190 476.95335 467.80995 0.82743961 -0.17448328 0.012966944 25 0 495 1.2529674 -0.24484945
191 309.06196 470.18359 0.72053335 -0.20271592 0.045942296 25 0 3354 7.9790637 -2.2548798
192 162.31245 470.93387 0.76235511 0.15129497 0.032105076 25 0 520 1.2880227 -0.27480881
193 386.44443 475.34488 0.55212542 0.33209038 0.15842497 25 0 287 1.0415039 -0.044152213
194 187.03648 476.26799 0.68173867 0.14861538 0.15550706 25 0 821 2.1653811 -0.83883586
195 112.02382 481.82685 0.76118364 -0.19456667 0.096447449 25 0 1289 3.0492074 -1.2104674
196 164.04985 498.43192 0.6985643 -0.27195806 0.11168022 25 0 577 1.4078978 -0.3714278
197 164.94581 502.0959 0.65199627 -0.20208029 -0.0098425566 25 0 728 1.812564 -0.64573337
198 211.54426 505.82303 0.67601451 -0.094865187 -0.03359706 25 0 848 2.111686 -0.81157335
199 85.764082 508.95544 0.69928377 -0.13175826 0.26874881 25 0 588 1.34433 -0.32126474
200 283.92037 508.90888 0.76979202 -0.027541701 0.049102884 25 0 1333 3.0417308 -1.207802
201 294.69344 508.75338 0.72492269 0.37743957 0.13577384 25 0 490 1.2209148 -0.21671339
202 38.969582 509.78066 0.68934495 0.3659716 0.21498546 25 0 693 1.7090234 -0.58187003
203 208.87605 509.68216 0.73919118 0.13139114 0.01253476 25 0 1032 2.2513359 -0.88110073
