id xcentroid ycentroid sharpness roundness1 roundness2 npix sky peak flux mag
1 507.27844 1.3294882 0.67783944 -0.22119045 0.10451907 25 0 337.75831 1.2975218 -0.2827867
2 323.82263 4.9663524 0.67871482 -0.44082422 -0.28956501 25 0 397.75149 1.6709014 -0.55737707
3 296.48295 7.412493 0.57565203 -0.35742241 -0.14376022 25 0 608.80963 2.3741598 -0.93877487
4 305.38216 9.948918 0.68787402 0.010908585 -0.26200408 25 0 365.58931 1.4167238 -0.37821297
5 427.83229 10.892268 0.64097815 -0.092843413 -0.21784713 25 0 578.73465 2.2539988 -0.88238421
6 108.35103 14.697755 0.71917144 -0.64593703 -0.17906734 25 0 629.72213 2.178251 -0.84526982
7 333.93786 16.134611 0.69614251 0.23549577 -0.14609265 25 0 1000.6497 3.6638221 -1.4098359
8 23.529442 16.716516 0.67057572 -0.47036315 -0.24007421 25 0 14524.303 49.400257 -4.234323
9 407.37328 19.372277 0.64250434 0.2895473 -0.085082296 25 0 726.64248 2.6847198 -1.0722474
10 466.606 19.244903 0.69974191 0.24926123 -0.30984407 25 0 28274.414 92.671634 -4.9173671
11 332.93717 24.613638 0.85867637 -0.076430634 -0.24753325 25 0 347.87934 1.1007864 -0.10425759
12 212.1341 34.446151 0.67827227 -0.19992038 -0.15192449 25 0 328.93833 1.1757219 -0.17576154
13 353.11155 37.645041 0.66901368 -0.1470062 -0.10874928 25 0 586.20618 2.1881085 -0.85017215
14 452.83006 37.832006 0.50247929 0.038598053 -0.31580584 25 0 394.24728 1.9090087 -0.70201976
15 125.76127 40.106878 0.65037624 0.10391614 -0.12244729 25 0 511.81952 1.9514146 -0.72587385
16 112.61576 44.392253 0.64073837 -0.42629405 -0.4209032 25 0 563.5925 2.035901 -0.77189163
17 185.61359 45.400459 0.47130743 0.44673129 -0.039483969 25 0 932.05923 3.9004263 -1.4777802
18 205.08616 46.395198 0.64257279 0.098329772 -0.080248638 25 0 2418.3248 8.523418 -2.3265345
19 345.74147 47.60773 0.60151151 0.061288095 0.091538497 25 0 450.06637 1.8920046 -0.6923055
20 389.26528 48.292645 0.74521467 0.10680936 0.01256973 25 0 302.39002 1.0662897 -0.069688009
21 65.318227 48.667708 0.59681592 -0.73060103 -0.26412661 25 0 523.58676 2.1305533 -0.82123099
22 323.70278 48.380075 0.43821891 0.38557437 -0.085597003 25 0 58342.271 222.99388 -5.8707324
23 110.43878 50.526201 0.61247213 -0.48869031 -0.092234331 25 0 4843.9824 17.081545 -3.0813179
24 153.36674 51.190857 0.75797764 0.36644415 -0.20722929 25 0 333.28377 1.0447311 -0.047511301
25 399.28334 52.027537 0.7296426 0.079610583 -0.16754467 25 0 1260.331 4.310814 -1.5863982
26 232.74202 56.096276 0.80325955 -0.14889067 -0.31415981 25 0 359.02205 1.1596828 -0.16084804
27 399.82763 57.576971 0.64955253 0.16187996 0.3806311 25 0 299.68678 1.1309877 -0.13364471
28 51.357912 57.797457 0.60578954 -0.73311824 -0.73717287 25 0 285.34149 1.1734328 -0.17364559
29 246.10035 57.272003 0.39072888 -0.48638125 0.19472829 25 0 264.01644 1.310826 -0.29386259
30 469.63385 58.120077 0.65951947 -0.089144943 -0.25478594 25 0 966.36383 3.477874 -1.3532846
31 293.33621 58.936803 0.69631669 -0.027866525 -0.26149055 25 0 1785.6424 6.0824057 -1.9601885
32 141.5957 63.761096 0.455526 0.12380093 -0.28621629 25 0 269.41635 1.2771309 -0.26558851
33 442.31562 65.692162 0.61375167 -0.24134142 -0.11768369 25 0 1582.1339 5.833954 -1.9149075
34 500.82518 67.965646 0.71101464 -0.018729003 -0.17272559 25 0 4182.2134 14.302471 -2.8885277
35 348.39675 69.937882 0.6035308 -0.64450292 -0.25805535 25 0 261.562 1.186475 -0.18564645
36 53.599124 71.232632 0.70274041 0.22432815 -0.24163235 25 0 471.67263 1.7369274 -0.59945414
37 30.531979 71.422434 0.53002438 -0.7472365 -0.16130405 25 0 503.08252 2.119129 -0.81539348
38 168.6283 71.788443 0.70273801 -0.1353243 -0.45122631 25 0 331.21937 1.1536781 -0.15521159
39 111.45736 73.429918 0.59797938 0.46021511 -0.16691743 25 0 435.62723 1.6610003 -0.55092429
40 431.8914 72.461998 0.5758522 0.34041689 0.055268916 25 0 1458.4183 5.5104594 -1.8529695
41 470.73991 73.230676 0.67634506 0.0088090641 -0.51097615 25 0 417.02119 1.5495978 -0.47554748
42 417.21226 74.140464 0.79120492 0.058590139 -0.16109104 25 0 740.54483 2.4119034 -0.95589977
43 35.660445 75.75006 0.61855322 0.75283378 -0.038832212 25 0 257.59776 1.067911 -0.0713377
44 54.778546 76.549738 0.64727497 -0.33525786 0.084619333 25 0 1531.0333 5.2864081 -1.8079017
45 313.09524 77.865131 0.62561055 0.054522518 -0.26007286 25 0 269.03199 1.1962635 -0.19456712
46 467.72093 81.183601 0.64665073 0.020722078 -0.14271154 25 0 1070.7258 3.8557899 -1.4652834
47 349.62611 85.143874 0.64440421 -0.22849703 -0.23532349 25 0 3626.7342 13.038579 -2.7880756
48 118.75237 88.358874 0.73362765 -0.38129634 -0.16291515 25 0 540.77625 1.7637034 -0.61606387
49 434.09296 90.226471 0.81094943 0.011254678 0.12472549 25 0 322.44557 1.055464 -0.058608535
50 91.087744 91.921674 0.6558228 0.06879335 -0.15891832 25 0 683.03718 2.5344456 -1.0097075
51 143.66457 92.094259 0.72399466 -0.051112199 -0.80240801 25 0 344.52471 1.0879213 -0.091493704
52 490.10764 92.057908 0.7371474 0.044149134 -0.13319783 25 0 28436.815 94.212181 -4.9352676
53 154.03864 98.711133 0.7648916 0.15501968 -0.2584431 25 0 562.2753 1.6694847 -0.55645613
54 282.657 99.428053 0.63392593 -0.30209188 -0.21899992 25 0 1263.9147 4.6364619 -1.6654667
55 286.6111 101.10219 0.64713357 -0.61300734 -0.26653978 25 0 1542.0264 5.3918332 -1.8293411
56 184.92434 102.18305 0.66886773 -0.13804149 -0.20807133 25 0 1925.3211 6.7832127 -2.0785886
57 52.599356 106.3039 0.62811278 -0.43094796 -0.21653218 25 0 4287.4941 15.188425 -2.9537819
58 114.62086 105.91839 0.62556918 -0.17763313 -0.22331738 25 0 400.10699 1.3990531 -0.36458548
59 450.62206 106.15596 0.78131927 0.3931353 0.035638192 25 0 411.82215 1.3099227 -0.29311418
60 295.53053 108.17414 0.56954885 -0.36949587 -0.3354158 25 0 298.29632 1.2055139 -0.20293054
61 508.15166 108.47114 0.59528355 -0.0055069296 0.07507911 25 0 2090.8388 7.7379355 -2.2215628
62 488.44922 112.00636 0.75918795 -0.10547257 -0.21903374 25 0 2673.3261 8.4657769 -2.3191671
63 331.26681 117.66869 0.51044496 -0.40583232 -0.18907829 25 0 531.23603 2.4158363 -0.95766876
64 217.99291 119.42443 0.62445947 -0.0035408468 -0.070286837 25 0 17116.097 60.784234 -4.4594774
65 235.29642 119.41945 0.45903225 0.46956931 -0.18517196 25 0 744.53911 3.0413303 -1.207659
66 245.52341 120.90144 0.6968332 -0.31568042 -0.32121269 25 0 1968.3021 6.4435976 -2.022821
67 302.16256 120.61761 0.58065407 -0.013605199 0.018335558 25 0 1134.1671 4.1921386 -1.5560891
68 447.42859 122.53955 0.53937008 0.61873053 -0.031897843 25 0 334.60307 1.4249829 -0.3845241
69 96.944954 123.01308 0.63475414 0.014662676 -0.060653002 25 0 617.45241 2.3318936 -0.91927183
70 197.54406 122.65029 0.47682397 -0.03973601 -0.33558869 25 0 428.44877 1.7217673 -0.58993612
71 491.50225 122.65527 0.83409336 -0.25201872 -0.37499425 25 0 343.20186 1.1514723 -0.15313378
72 49.829579 124.48452 0.58784856 -0.021729157 -0.1122032 25 0 506.95623 2.0413515 -0.7747945
73 151.2516 124.33043 0.73323531 -0.8774968 -0.57189873 25 0 591.4572 1.940923 -0.72002074
74 149.37831 126.14746 0.66604501 -0.081630697 -0.24775138 25 0 2292.4992 7.9502919 -2.2509577
75 477.43114 126.36626 0.57177964 -0.16503232 0.14621945 25 0 303.10399 1.3083905 -0.29184349
76 173.28877 131.44351 0.57128467 -0.27464319 -0.039054311 25 0 1557.3361 5.6260442 -1.8755078
77 4.6162725 133.05384 0.66102147 -0.13153753 -0.22797747 25 0 1373.6065 4.9947595 -1.7462865
78 250.92811 134.8381 0.61088422 -0.37328293 -0.26116449 25 0 524.61111 1.925448 -0.71132947
79 393.27093 143.07166 0.68243783 -0.034217552 -0.22931215 25 0 14139.075 48.498451 -4.2143197
80 381.91436 145.9525 0.63403598 0.048868611 0.0046803501 25 0 313.56079 1.3638241 -0.33689587
81 11.998854 149.51132 0.62323444 0.089936366 0.07882715 25 0 743.65522 2.6207326 -1.0460568
82 296.1376 148.50301 0.57769116 -0.10287261 0.027139461 25 0 2853.1683 10.518012 -2.5548342
83 481.48834 155.06726 0.71773492 -0.018906202 -0.23945729 25 0 9228.9735 30.665326 -3.716619
84 94.580371 162.74177 0.70513689 0.13693501 -0.47438034 25 0 457.96614 1.4846846 -0.42908548
85 383.24095 164.52793 0.57482181 -0.21744263 -0.041668083 25 0 46907.614 171.81092 -5.5876269
86 203.70186 168.56323 0.59897634 0.29602664 -0.33297305 25 0 452.57743 1.5503981 -0.47610806
87 422.39433 168.03243 0.63537684 0.12828011 -0.16029563 25 0 537.03962 2.0825301 -0.79647823
88 150.57798 171.95369 0.6161924 -0.24668085 -0.34110687 25 0 585.85702 2.0520565 -0.78047329
89 30.588293 175.44978 0.61440776 -0.44191044 0.22594838 25 0 395.51397 1.5755347 -0.49356992
90 475.51243 176.4584 0.61415912 0.47154574 -0.11720816 25 0 6073.5345 21.524806 -3.3323481
91 223.22445 176.9548 0.66147894 -0.25603298 -0.19856406 25 0 2048.0652 7.1402097 -2.1342774
92 343.53694 176.88567 0.65125225 0.17530746 -0.11062954 25 0 482.1921 1.8284208 -0.65519038
93 161.35801 177.49254 0.61168411 -0.32317889 -0.0138193 25 0 875.47264 2.9827808 -1.1865533
94 410.61932 178.92692 0.49792729 -0.073297717 -0.34301716 25 0 281.2887 1.3297857 -0.30945415
95 149.82461 180.2517 0.63721805 -0.14973581 -0.25075869 25 0 1652.999 5.7181952 -1.8931474
96 13.9891 186.15597 0.72725801 -0.10701419 -0.25314447 25 0 989.44067 3.463845 -1.3488961
97 112.13788 186.21902 0.66576177 0.136093 -0.12899682 25 0 2074.2183 7.3345048 -2.163427
98 418.34765 185.57983 0.62703207 -0.41273349 -0.13038947 25 0 2560.2332 8.8921104 -2.3725121
99 480.15512 187.59982 0.59726999 -0.0057790324 -0.033506701 25 0 749.11031 2.9006469 -1.1562372
100 408.23575 187.8786 0.74475689 -0.31900512 -0.19776965 25 0 659.01366 2.2038755 -0.85796762
101 223.88331 189.1505 0.6524056 -0.14066576 -0.22698994 25 0 1310.5716 4.6002393 -1.6569511
102 418.76947 190.68958 0.57751911 -0.010746251 -0.17306481 25 0 904.56366 3.551634 -1.3760705
103 186.48905 191.80367 0.65026313 -0.34032923 -0.30395931 25 0 784.72187 2.6634313 -1.0636037
104 68.771432 192.74635 0.62493257 0.071872395 -0.14833838 25 0 41917.695 152.07891 -5.4551725
105 118.49446 194.07285 0.70000699 -0.058928731 -0.21598664 25 0 436.35901 1.5091418 -0.44682511
106 249.82328 197.93327 0.49244408 -0.049005992 -0.27613148 25 0 275.38771 1.2308003 -0.22546899
107 417.83174 198.58219 0.67777491 -0.28591147 -0.050567375 25 0 363.54089 1.363065 -0.33629141
108 452.13452 202.38696 0.57651495 -0.11712604 0.063606585 25 0 561.37456 2.3423522 -0.92413049
109 346.45913 204.25102 0.72798025 0.18488744 -0.23002236 25 0 318.61867 1.0855998 -0.08917437
110 379.25987 204.08584 0.71548528 0.53358388 -0.038743498 25 0 336.11168 1.1384619 -0.14079628
111 165.34046 204.74683 0.63757885 -0.18637761 -0.24384303 25 0 644.26932 2.3363807 -0.92135902
112 195.78821 205.99191 0.62621896 0.39050978 -0.24142228 25 0 385.38353 1.3452246 -0.32198701
113 506.0241 206.26986 0.69629987 -0.07629906 -0.088934195 25 0 1878.5695 6.4442871 -2.0229372
114 63.92824 206.78894 0.65263774 0.031135833 -0.1468459 25 0 638.66579 2.336404 -0.92136986
115 402.97417 207.01814 0.76032276 -0.12066973 -0.11757851 25 0 411.4254 1.3767803 -0.34716158
116 466.46677 208.71475 0.55948978 -0.16898445 -0.20820387 25 0 597.80837 2.4941354 -0.99230008
117 412.63952 211.12863 0.58649535 -0.52820361 -0.15847056 25 0 300.25096 1.3853049 -0.35386341
118 499.9797 212.34302 0.6673543 0.0050490075 -0.066775553 25 0 3507.9893 12.161476 -2.7124657
119 9.6927043 215.71602 0.62155423 0.24352729 -0.36664012 25 0 384.19134 1.4299904 -0.38833279
120 11.585809 217.3998 0.55611929 0.1619899 -0.41755095 25 0 397.07687 1.63105 -0.53116821
121 422.78724 218.53578 0.63640803 -0.086945185 0.028541129 25 0 994.519 3.4617263 -1.3482318
122 323.54931 220.6815 0.545882 0.40192136 -0.085123051 25 0 1286.422 4.8400728 -1.7121297
123 253.64467 222.6641 0.6028295 0.1859621 -0.13158443 25 0 728.15416 2.633537 -1.0513485
124 147.86129 224.01846 0.68482642 -0.00085086987 -0.21084029 25 0 1178.1561 4.0184739 -1.5101529
125 476.52287 227.27307 0.63454886 -0.44351478 -0.2378249 25 0 4718.1084 16.628099 -3.0521065
126 237.06305 229.43668 0.61133429 0.040046153 -0.097840738 25 0 2821.3691 10.165271 -2.5177974
127 349.32824 231.5493 0.59158579 -0.29940109 -0.07596483 25 0 4096.1301 14.691937 -2.9176977
128 419.50855 232.32816 0.62665356 0.23287426 -0.2170955 25 0 13638.562 47.778663 -4.198085
129 324.30759 233.9325 0.64196713 -0.23236496 -0.31458795 25 0 1204.107 4.3529286 -1.5969539
130 488.59798 234.28371 0.68120484 0.32018789 -0.13250522 25 0 355.77133 1.3804469 -0.35004925
131 149.42344 237.05224 0.68791389 -0.21396116 -0.26500885 25 0 336.41829 1.1147585 -0.11795198
132 177.4733 240.15114 0.64568955 -0.086600763 -0.32994293 25 0 774.31422 2.6188774 -1.0452879
133 237.52762 241.09447 0.65266443 -0.31616524 -0.39125322 25 0 794.52206 2.6191464 -1.0453995
134 28.167479 244.23118 0.74210831 -0.064999378 -0.1774826 25 0 459.38201 1.577442 -0.49488351
135 428.64224 243.82442 0.64117931 -0.021991488 -0.23680755 25 0 1957.3915 6.9357333 -2.102731
136 14.715487 246.80392 0.5624754 0.7918882 -0.46079494 25 0 237.41391 1.1067396 -0.11011364
137 482.90798 255.04239 0.68577858 0.28395042 0.014529358 25 0 333.20689 1.2926261 -0.2786823
138 425.4542 257.24175 0.63620468 -0.47055527 -0.30244288 25 0 7401.6636 25.557279 -3.5187865
139 201.28046 257.65206 0.61807717 -0.28277455 -0.14187583 25 0 4988.2657 17.686412 -3.1190994
140 263.28071 260.29534 0.63501158 0.12386994 -0.088226905 25 0 436.86037 1.6731141 -0.55881388
141 328.87263 266.52497 0.36478208 -0.1779035 0.12180273 25 0 265.59449 1.4297176 -0.38812562
142 101.92511 267.89531 0.76781297 -0.34911303 -0.27396229 25 0 458.21559 1.4602215 -0.41104686
143 30.532674 278.30971 0.66991521 -0.32758447 -0.18915563 25 0 1474.1791 4.9714231 -1.7412018
144 87.005468 280.05757 0.61919303 -0.19992887 -0.37545326 25 0 346.49607 1.3197341 -0.30121613
145 498.87403 282.97707 0.67422373 -0.18274658 -0.45146417 25 0 325.11365 1.2952159 -0.28085539
146 212.75784 286.64047 0.52765889 -0.18096996 -0.17088463 25 0 302.1471 1.1956313 -0.19399319
147 44.786299 287.45394 0.50791795 0.0015298425 -0.14916729 25 0 603.10018 2.502312 -0.99585363
148 345.12637 290.0501 0.67305395 -0.085411122 -0.1971674 25 0 6552.5529 22.837694 -3.3966306
149 157.78571 291.26056 0.6551706 -0.21125113 -0.25800133 25 0 995.22289 3.4024851 -1.3294906
150 36.397605 292.50627 0.61366098 0.22357174 -0.07735265 25 0 1146.5716 4.1348239 -1.5411426
151 64.497705 292.33715 0.62537623 -0.59443461 -0.24950566 25 0 1147.7201 3.9763147 -1.4987019
152 319.4012 294.90739 0.67898588 0.23423366 -0.39038644 25 0 425.52646 1.3937548 -0.36046594
153 450.71258 294.97713 0.74146261 -0.29396814 -0.21127647 25 0 884.88867 2.8826302 -1.1494723
154 67.161461 302.02586 0.67507882 -0.42398879 -0.099855614 25 0 383.79582 1.3582522 -0.332451
155 133.6104 302.05439 0.67186569 -0.52410257 -0.4973386 25 0 553.73044 1.8146176 -0.64696278
156 48.131113 308.04315 0.69451082 -0.25941631 -0.27670416 25 0 1546.6874 5.2589275 -1.802243
157 395.95885 308.22623 0.64590015 -0.059048583 -0.16784387 25 0 497.43913 1.8808689 -0.6858963
158 191.54046 313.63688 0.68557965 -0.42025713 -0.29561403 25 0 838.22459 2.6388111 -1.0535207
159 423.47053 313.80342 0.68163732 -0.024253942 -0.20336179 25 0 1097.9886 3.6116671 -1.3942693
160 110.75644 318.47126 0.60567121 -0.27413336 -0.12967408 25 0 3183.9305 11.291828 -2.6319106
161 32.925573 322.34294 0.64147502 -0.83457932 -0.3394139 25 0 368.64398 1.2690287 -0.2586786
162 160.29491 327.84578 0.64159745 -0.49087016 -0.26341023 25 0 362.88998 1.1625984 -0.16357428
163 303.0812 330.19931 0.65143612 0.059697597 -0.053436733 25 0 722.08685 2.5698108 -1.0247529
164 235.92775 333.01154 0.55781029 -0.19936353 -0.12753642 25 0 381.17375 1.5259844 -0.45887522
165 260.48579 337.53401 0.58449413 -0.69062782 0.029285929 25 0 471.98135 1.6006327 -0.51072922
166 3.6581348 338.1489 0.70247134 -0.23468307 -0.24244798 25 0 14389.142 49.00019 -4.2254944
167 353.26549 337.99075 0.58987941 -0.22924438 -0.20823605 25 0 494.23615 1.7903588 -0.6323502
168 49.898119 339.32941 0.60629277 -0.3205883 0.019868165 25 0 1012.7074 3.647988 -1.4051335
169 236.7323 338.98248 0.70662822 -0.34448986 -0.24667663 25 0 987.23449 3.1192316 -1.235119
170 461.71782 345.62167 0.38842601 0.84096513 0.6539955 25 0 688.32136 2.7315502 -1.091023
171 232.8542 348.58873 0.66969241 0.090139331 0.16643529 25 0 405.82202 1.2656477 -0.2557821
172 333.53757 351.41505 0.61053521 -0.47027652 -0.15651793 25 0 668.50478 2.3861825 -0.94425914
173 212.75361 355.08083 0.66023174 -0.16759117 -0.25953457 25 0 5967.4171 20.715475 -3.2907372
174 354.74311 356.51537 0.57524469 0.38425751 -0.031891475 25 0 890.89009 3.1164529 -1.2341514
175 19.957058 357.42711 0.60604048 0.018246932 0.59438489 25 0 360.51312 1.2470941 -0.2397481
176 271.68083 359.08423 0.66073408 -0.23306471 -0.3048601 25 0 28062.477 96.799465 -4.9646824
177 1.4883039 366.35402 0.69834039 -0.47725019 -0.36588946 25 0 330.06711 1.0331086 -0.035364952
178 387.49594 366.18619 0.68639414 -0.47407925 -0.27257049 25 0 2078.0058 6.79483 -2.0804465
179 452.74418 366.88742 0.69184564 -0.32817156 -0.16482042 25 0 356.0046 1.1633965 -0.16431943
180 199.00012 368.09639 0.67365492 -0.19741128 -0.24161284 25 0 1837.5438 6.2801629 -1.9949273
181 251.164 369.32263 0.64694202 0.073173547 -0.13211217 25 0 2996.7311 10.424218 -2.5451087
182 400.82005 370.61289 0.57362958 -0.34598671 -0.015188335 25 0 983.51879 3.5684599 -1.381202
183 68.693973 370.65652 0.60590799 0.16030063 -0.13954481 25 0 4879.2914 17.681289 -3.1187848
184 111.844 371.43108 0.57107202 -0.63507838 -0.2804201 25 0 467.86642 1.6150064 -0.5204356
185 472.54341 372.70791 0.68170274 -0.57429263 -0.24565085 25 0 9256.1538 30.672181 -3.7168617
186 449.00233 380.64051 0.64390979 -0.5598819 -0.18202504 25 0 319.28731 1.1739239 -0.17409987
187 419.11189 382.08271 0.73814994 -0.11565454 -0.29359607 25 0 388.08132 1.2102182 -0.20715923
188 339.03671 383.71207 0.63299066 -0.16052116 -0.13622261 25 0 3747.8694 13.380305 -2.816165
189 47.953371 384.81966 0.68142713 -0.012490895 -0.17276669 25 0 4259.6354 14.725591 -2.9201818
190 93.535258 386.4446 0.5065855 0.56890923 -0.060522588 25 0 508.80476 1.9820923 -0.74280969
191 200.45692 388.02108 0.68383298 -0.29081796 -0.41729987 25 0 661.87104 2.0611434 -0.78527052
192 242.10109 389.062 0.61674752 0.42502985 -0.096729723 25 0 390.41824 1.3394517 -0.31731765
193 457.06712 389.09135 0.6993646 -0.89638061 -0.14573163 25 0 821.15081 2.8035778 -1.1192815
194 73.302993 389.62484 0.48651117 -0.54128552 -0.133968 25 0 393.05685 1.3479506 -0.32418496
195 117.5327 390.79706 0.60535195 0.0068084427 -0.3238272 25 0 1462.4208 5.0935103 -1.767543
196 489.5263 390.93812 0.67419834 -0.23428896 -0.47396577 25 0 367.0585 1.1836763 -0.18308239
197 428.46431 393.07946 0.70922693 -0.15247351 -0.25969212 25 0 2945.847 9.7726114 -2.4750266
198 457.74508 392.67898 0.63701903 -0.14654774 -0.064778132 25 0 2277.2852 8.0044991 -2.2583354
199 33.277141 395.73565 0.70544027 -0.20052689 -0.16641371 25 0 727.74608 2.3331476 -0.91985555
200 219.56574 400.90386 0.63904328 -0.10112284 -0.32553706 25 0 8086.3789 28.257735 -3.6278434
201 350.21199 402.92864 0.69167686 -0.17163738 -0.25714337 25 0 898.09949 2.9181003 -1.1627505
202 248.66683 408.29932 0.6758361 0.10239594 -0.18381917 25 0 773.47442 2.4486965 -0.9723374
203 385.59873 407.98174 0.67334765 0.010461251 -0.42720285 25 0 655.39776 2.1287702 -0.82032198
204 246.08366 412.03542 0.70399392 -0.12504388 -0.2506579 25 0 2462.6449 8.2928667 -2.2967617
205 264.18123 411.56232 0.67788869 -0.28963222 -0.11105045 25 0 385.41524 1.1470876 -0.14899143
206 467.47367 412.63821 0.68469033 -0.26941681 0.27212254 25 0 474.11835 1.4376993 -0.39417017
207 14.603462 415.97508 0.59493145 -0.1308652 -0.2152992 25 0 323.34345 1.035029 -0.037381262
208 78.104148 417.23749 0.69880633 0.1571822 -0.13113852 25 0 1018.2847 3.2111625 -1.2666557
209 102.15736 418.74808 0.70082827 -0.015230451 -0.13998543 25 0 2639.7655 8.7141622 -2.3505641
210 277.90859 428.88048 0.77350722 0.02762502 -0.11567504 25 0 502.27224 1.3788568 -0.34879791
211 158.77342 430.63676 0.63185796 -0.17631871 -0.037469361 25 0 401.58453 1.3233471 -0.3041844
212 187.70246 435.71348 0.58316269 -0.1190036 -0.13572667 25 0 395.53676 1.3058456 -0.28972961
213 152.83225 436.86077 0.66623983 0.0043872664 -0.20068795 25 0 2655.0296 9.142557 -2.4026692
214 126.41292 437.7364 0.6320239 -0.45163366 -0.2625138 25 0 1150.3178 3.7092267 -1.4232084
215 375.22015 437.90377 0.73702648 0.62959977 -0.02561438 25 0 391.58258 1.1095025 -0.1128207
216 155.56997 439.56123 0.67984653 0.2020729 -0.12539248 25 0 397.14091 1.1731514 -0.17338519
217 226.1541 440.19456 0.69560435 -0.120033 -0.23361769 25 0 1369.7629 4.5445361 -1.6437239
218 485.12869 440.15593 0.23752136 -0.10902376 -0.044986131 25 0 60791.023 285.36874 -6.138516
219 338.69223 442.13954 0.67134714 -0.28293377 -0.29919667 25 0 3697.3355 12.730386 -2.7621039
220 8.3870302 445.17199 0.71017862 -0.012637459 -0.12573774 25 0 434.06834 1.4228495 -0.38289745
221 239.12666 444.71293 0.72097249 -0.28539748 -0.065445975 25 0 1394.4343 4.3164641 -1.5878203
222 85.378218 446.54263 0.60395271 0.43611263 -0.077099606 25 0 12795.196 45.405576 -4.142773
223 470.28295 447.23761 0.66938011 -0.63288168 -0.5913527 25 0 441.23414 1.3292239 -0.30899538
224 457.08498 453.57296 0.57176891 0.31629725 0.37177414 25 0 353.31644 1.2518946 -0.24391942
225 206.17101 453.99723 0.61233418 -0.41134082 -0.44475768 25 0 365.96787 1.1888409 -0.18780931
226 471.25444 456.72207 0.69346038 -0.37915198 -0.12943006 25 0 2684.6914 9.0299272 -2.3892106
227 373.89848 459.35244 0.70508409 -0.020751187 -0.62228721 25 0 384.17634 1.2274397 -0.22250039
228 305.25139 460.1492 0.6383584 0.21330514 -0.17896145 25 0 851.14927 2.9638869 -1.1796541
229 429.26404 461.47804 0.60959952 0.2142993 -0.035537299 25 0 432.26929 1.3908153 -0.35817361
230 356.35159 465.27518 0.64502171 0.06483193 -0.19705894 25 0 1449.3372 4.9509614 -1.7367239
231 492.64168 464.80549 0.60862903 0.58966115 0.30807383 25 0 316.68169 1.1875278 -0.1866095
232 50.496876 466.0277 0.75480635 -0.1053621 -0.31830071 25 0 7005.8673 22.358265 -3.3735953
233 143.31568 467.38478 0.6574231 0.075437689 -0.1487173 25 0 1335.0501 4.3549359 -1.5974544
234 421.80623 468.84297 0.43842655 -0.12671856 -0.23183009 25 0 60814.259 257.59703 -6.0273521
235 39.470589 471.11557 0.68172831 -0.49546319 -0.13305257 25 0 373.81517 1.1861605 -0.18535864
236 399.06498 471.29545 0.62970412 -0.3369906 -0.13755319 25 0 371.4643 1.1092544 -0.11257787
237 205.05313 475.38174 0.61808385 0.014970094 -0.10578194 25 0 5150.2163 18.510987 -3.1685739
238 494.82184 476.2786 0.68321765 -0.20199297 -0.089463574 25 0 354.38459 1.1909314 -0.1897169
239 336.79447 477.19292 0.71787323 -0.65711944 -0.22234012 25 0 780.0941 2.4602289 -0.97743879
240 422.94989 476.61976 0.63224976 -0.20105142 0.0087256486 25 0 568.5446 1.7289996 -0.59448723
241 39.680089 477.89601 0.55552043 -0.19800486 -0.44593334 25 0 301.41944 1.0364451 -0.038865751
242 239.59962 478.39671 0.59260406 -0.16106285 -0.11941219 25 0 331.2525 1.0015417 -0.001672554
243 108.31429 479.1278 0.7676039 0.067469882 -0.26433987 25 0 630.98388 1.7708694 -0.62046632
244 255.18008 478.70665 0.68447536 -0.24968394 -0.16463574 25 0 3609.9443 12.163105 -2.7126112
245 332.50514 483.99694 0.64303585 -0.28362605 -0.43187571 25 0 553.94356 1.8162348 -0.64792998
246 133.11419 484.61746 0.70413232 -0.022942896 -0.1640388 25 0 952.71062 2.8797607 -1.148391
247 58.183386 489.95375 0.74652627 -0.1187495 -0.22347508 25 0 1491.3175 4.8343097 -1.7108362
248 234.30759 499.50661 0.61278044 -0.010076862 -0.036546209 25 0 397.10115 1.184993 -0.18428944
249 110.14279 506.38787 0.65266076 -0.53208267 -0.045842851 25 0 600.54242 1.8614907 -0.6746522
250 155.51314 506.70999 0.78167897 -0.57857814 -0.24148949 25 0 648.09427 1.8154035 -0.64743292
251 274.29718 509.17362 0.79248827 -0.43994928 -0.55277891 25 0 425.04189 1.2041166 -0.20167134
252 111.05047 510.37037 0.63474151 -0.2022539 -0.20036831 25 0 842.09759 2.9175227 -1.1625356
