id xcentroid ycentroid sharpness roundness1 roundness2 npix sky peak flux mag
1 309.511 0.87339459 0.62416474 0.38954104 -0.26543218 25 0 376 1.1152123 -0.11839388
2 441.40479 3.5547494 0.398311 0.34056457 -0.22307334 25 0 167 1.0677675 -0.071191736
3 347.28547 8.9983114 0.60296456 0.040227631 -0.16727806 25 0 520 1.6624343 -0.55186125
4 36.687805 9.8772464 0.69085064 0.21827325 -0.14637378 25 0 11159 30.130283 -3.697508
5 420.58289 12.222536 0.7085655 0.051761914 -0.17511792 25 0 448 1.3614676 -0.33501825
6 479.81734 12.046707 0.65457198 0.27471864 -0.14325002 25 0 20850 57.729632 -4.403497
7 126.2217 37.484054 0.48729164 -0.57508589 0.86941342 25 0 319 1.0416268 -0.044280324
8 198.89696 38.529472 0.56193402 0.013492925 0.015421076 25 0 774 2.2391218 -0.8751943
9 218.29623 39.360496 0.598651 0.37805809 -0.19961743 25 0 1585 4.3774173 -1.6030449
10 336.82939 41.478599 0.40376422 0.18825462 -0.07303442 25 0 58872 187.27291 -5.6811874
11 78.684094 41.848435 0.81601559 -0.16432693 -0.22658751 25 0 403 1.024825 -0.026624317
12 123.6622 43.650749 0.63793792 0.52835007 -0.12286336 25 0 3567 9.6509247 -2.4614223
13 412.53801 44.910159 0.5745772 0.44484789 -0.25552979 25 0 597 1.9191957 -0.70779813
14 483.0122 50.810266 0.67171861 0.18721333 -0.043602993 25 0 569 1.8676094 -0.67821513
15 306.43867 51.90956 0.61457679 0.39197293 -0.30533359 25 0 1095 3.0425532 -1.2080954
16 455.66125 58.399224 0.57055591 0.86290766 0.050826012 25 0 882 2.8663894 -1.143338
17 43.690362 64.709146 0.6230772 0.38222224 0.019631474 25 0 447 1.4250472 -0.38457311
18 445.20424 65.47468 0.66742438 0.59541313 0.069655853 25 0 1124 3.1055452 -1.2303446
19 430.48326 66.936067 0.63021762 0.06179633 -0.39927329 25 0 371 1.2493795 -0.24173592
20 68.024703 69.595084 0.64335336 0.24961858 0.025564395 25 0 1128 3.0923322 -1.2257154
21 481.05509 73.952546 0.56852985 0.050580855 -0.2973014 25 0 611 2.1741175 -0.84320752
22 362.92828 78.023532 0.59696831 0.25990954 -0.18485484 25 0 2501 7.3112167 -2.1599741
23 104.399 84.858682 0.66379875 0.42656167 -0.2319597 25 0 477 1.1991896 -0.19721963
24 503.49166 84.790789 0.63040052 -0.024499111 -0.20327936 25 0 15005 41.298545 -4.0398369
25 167.33721 91.794861 0.41283249 -0.039729553 -0.24778366 25 0 342 1.0473311 -0.050209969
26 295.9203 92.31837 0.59617856 0.13040321 -0.13612939 25 0 945 2.5788492 -1.0285649
27 299.90897 94.070846 0.52597772 -0.1386837 -0.18272276 25 0 1001 2.9245346 -1.1651419
28 198.23108 95.205808 0.62475932 0.47686711 -0.11645798 25 0 1266 3.3672816 -1.3181986
29 65.843978 99.485316 0.59701605 0.1196471 -0.023578952 25 0 2663 7.396802 -2.17261
30 501.72502 104.84274 0.61077961 0.41349269 -0.091602929 25 0 1436 4.270239 -1.5761305
31 344.73003 110.4016 0.54058434 0.7500529 0.063244302 25 0 428 1.3196005 -0.30110619
32 231.27118 112.50799 0.56306359 0.56947026 -0.06984715 25 0 10653 30.391733 -3.7068887
33 248.57181 112.55321 0.55539017 0.44642428 -0.097552063 25 0 676 1.7567556 -0.61177838
34 315.28357 113.53497 0.54284829 0.52833285 -0.062955418 25 0 742 2.1377137 -0.82487387
35 258.75135 113.9055 0.59538586 0.1481835 -0.18418229 25 0 1418 3.9281698 -1.4854756
36 110.28409 116.249 0.63831893 0.1496145 0.063128734 25 0 413 1.090791 -0.094353872
37 63.008285 117.50155 0.47027119 -0.16327651 0.040051164 25 0 375 1.2972791 -0.28258355
38 162.56309 119.12968 0.61121345 -0.10422096 -0.26060092 25 0 1505 4.0795961 -1.5265429
39 186.61248 124.57732 0.65204191 0.60635109 -0.16162335 25 0 1263 3.1182802 -1.2347878
40 17.861775 126.18729 0.62353148 0.20065692 -0.082490857 25 0 865 2.5812918 -1.0295927
41 406.60136 135.91888 0.60754294 0.24299369 -0.22327834 25 0 8578 24.11966 -3.455928
42 309.35522 141.58211 0.55728554 0.70644368 -0.047451079 25 0 1918 5.3048411 -1.8116809
43 25.211252 142.48504 0.61011006 0.35471666 -0.28315853 25 0 472 1.3665085 -0.33903086
44 8.1363259 146.57329 0.61246752 0.43461019 -0.049574737 25 0 394 1.1175961 -0.12071215
45 494.78687 147.87911 0.60545647 0.3238899 -0.10370216 25 0 5521 15.961465 -3.0076819
46 107.99003 155.84176 0.6050309 0.51223967 -0.12749013 25 0 406 1.057014 -0.060201863
47 396.66144 157.43892 0.56503132 0.67480048 -0.23730443 25 0 30151 84.741495 -4.8202403
48 435.79221 160.93771 0.59925435 0.13690417 0.047796047 25 0 373 1.2834617 -0.27095729
49 163.99138 165.02886 0.59788186 0.10849955 -0.23673245 25 0 904 2.4792173 -0.98578647
50 488.80772 169.19786 0.61803777 0.15688426 -0.10626671 25 0 4778 13.695674 -2.8414585
51 236.56151 169.94427 0.58812277 0.35537895 -0.21365075 25 0 1285 3.3460078 -1.3113174
52 356.89811 169.79484 0.58412246 0.27123455 -0.24768137 25 0 396 1.1143463 -0.11755042
53 174.71809 170.75792 0.58063696 0.37290922 -0.16909217 25 0 744 1.9478627 -0.72389587
54 163.12704 173.37059 0.55658208 0.029606476 -0.1571153 25 0 1077 2.9274181 -1.1662119
55 27.217909 179.34332 0.55184933 0.45008806 -0.19610694 25 0 591 1.8420363 -0.66324548
56 125.40891 179.32599 0.60709099 0.59135426 -0.22535798 25 0 1272 3.3472268 -1.3117128
57 431.77338 178.38012 0.55054943 0.66741317 0.0719906 25 0 1642 4.8269233 -1.709176
58 493.66649 180.36798 0.54621034 0.62478268 -0.20709721 25 0 445 1.5759817 -0.49387792
59 421.67652 180.71058 0.52522192 0.085925737 -0.14605599 25 0 399 1.3099713 -0.29315449
60 237.42337 182.10799 0.5936164 -0.018847971 -0.41302196 25 0 827 2.1646014 -0.83844485
61 432.19088 183.56814 0.58132665 -0.15166953 0.028329339 25 0 556 1.6483147 -0.54260032
62 199.78211 184.7704 0.45317217 0.00082507578 -0.11152457 25 0 506 1.4597494 -0.41069579
63 82.038948 185.88628 0.60987812 0.21833582 -0.1404179 25 0 29026 83.116024 -4.7992119
64 465.47644 195.34552 0.66955187 -0.37534791 -0.025669656 25 0 372 1.1557469 -0.15715688
65 178.65602 197.87676 0.5717207 0.068071526 -0.26414724 25 0 512 1.3318779 -0.31116107
66 77.202047 199.88248 0.58338221 0.29835774 -0.1854085 25 0 502 1.3540584 -0.32909349
67 479.92036 201.42499 0.63167571 0.19791345 0.19604266 25 0 391 1.2977853 -0.28300711
68 436.34699 211.34393 0.4994063 0.3852533 -0.12292373 25 0 632 2.205715 -0.85887347
69 336.89926 213.61793 0.54254231 0.37257402 -0.032980706 25 0 966 2.764309 -1.1039665
70 267.00794 215.6292 0.51206482 0.35441198 -0.17149189 25 0 514 1.4322084 -0.39001553
71 161.26642 217.04437 0.6205026 0.30183845 -0.23151458 25 0 847 2.2116275 -0.86177994
72 490.04053 220.04678 0.64582167 0.17297466 -0.1123716 25 0 3595 10.201997 -2.5217129
73 250.44922 222.37492 0.57022633 0.66710179 -0.18744061 25 0 1825 4.8969245 -1.7248085
74 362.66199 224.56116 0.58308995 -0.11351401 0.0024603533 25 0 2787 7.6455259 -2.2085184
75 432.83957 225.16173 0.58422174 0.11266668 -0.1460547 25 0 9844 28.62459 -3.6418482
76 337.69631 226.81271 0.62839969 0.44643805 -0.19686307 25 0 784 2.0691585 -0.78948439
77 191.06616 233.07312 0.57610492 0.11907343 -0.28403538 25 0 558 1.3854776 -0.35399877
78 250.92346 234.23077 0.62607921 -0.095718605 -0.26979251 25 0 640 1.5474278 -0.47402601
79 442.08372 236.63935 0.57250921 0.28714232 -0.039014023 25 0 1307 4.0117379 -1.5083314
80 438.91433 250.10467 0.58791687 0.191197 -0.15838978 25 0 5329 15.640099 -2.9855988
81 214.67392 250.71898 0.55392278 0.37699712 -0.13468179 25 0 3397 9.7946273 -2.4774698
82 276.61177 253.10705 0.54370698 -0.095512928 -0.28523303 25 0 390 1.052362 -0.055412944
83 43.852355 271.48551 0.62014858 0.11156245 0.047081786 25 0 1101 3.0085679 -1.1958995
84 58.213953 280.65122 0.57718354 0.28326091 -0.13262107 25 0 628 1.7775135 -0.62453226
85 358.46766 283.00757 0.63004296 0.020850702 -0.28404912 25 0 3894 10.619865 -2.5652975
86 171.16561 284.2984 0.53903683 0.53264937 0.047666392 25 0 611 1.7331915 -0.59711636
87 77.922943 285.31016 0.59551366 0.4578388 0.019894724 25 0 857 2.3205882 -0.91399519
88 49.685817 285.59599 0.57775841 0.48420727 -0.039120553 25 0 921 2.534982 -1.0099372
89 464.26022 287.82042 0.57906399 0.35126943 -0.073444049 25 0 429 1.4750381 -0.42200811
90 2.0159555 290.68016 0.53924487 0.94532949 0.27214427 25 0 386 1.1681238 -0.1687222
91 61.44833 301.13778 0.6700032 0.2417311 -0.18276949 25 0 976 2.4740531 -0.98352253
92 205.02105 306.72615 0.54643944 0.28089127 -0.0129277 25 0 677 2.0155053 -0.76095986
93 436.86802 306.60652 0.53358448 0.034920571 -0.22608597 25 0 610 2.0618543 -0.78564493
94 124.14851 311.51031 0.58101951 0.45027665 -0.033049274 25 0 2242 6.1283483 -1.9683586
95 0.46326126 313.18618 0.81254171 0.059810319 0.079412033 25 0 1801 4.3026583 -1.5843421
96 316.48607 323.19296 0.67787831 0.39366985 -0.30524483 25 0 426 1.0277143 -0.029681043
97 6.6149033 330.4269 0.58372287 0.010200711 -0.090224664 25 0 3076 8.6571488 -2.3434372
98 16.841388 331.37189 0.64110915 0.11709349 -0.028917517 25 0 9101 25.068437 -3.4978181
99 63.21615 332.56926 0.58624069 0.21873205 0.098787417 25 0 653 1.694452 -0.57257315
100 250.25816 331.95974 0.60214375 0.4386479 -0.34254487 25 0 620 1.7100273 -0.58250761
101 475.15918 338.45206 0.5672952 0.29333141 -0.04736567 25 0 468 1.3699579 -0.34176805
102 347.11812 344.40169 0.52865158 0.25508116 -0.1613123 25 0 436 1.2947872 -0.28049597
103 226.25697 348.07502 0.6207183 0.22417609 -0.22595538 25 0 3986 11.012855 -2.6047498
104 368.23889 349.58911 0.5888692 0.93458989 0.043569794 25 0 658 1.9396384 -0.71930192
105 8.141155 350.36992 0.69711358 -0.20856438 0.048056259 25 0 608 1.5187521 -0.4537172
106 285.16768 352.0547 0.59276687 0.11338682 -0.23001594 25 0 18402 52.878189 -4.3081914
107 8.3886687 354.13065 0.72826362 -0.038897236 -0.23601065 25 0 1070 2.6158522 -1.044033
108 9.3732537 357.61919 0.55554535 -0.65573264 -0.14261179 25 0 398 1.117591 -0.12070723
109 401.02285 359.12183 0.57291247 0.0047837722 -0.21735185 25 0 1325 4.0281071 -1.5127525
110 212.58982 361.09059 0.61554364 0.22831446 -0.37172937 25 0 1111 2.9411191 -1.1712815
111 264.50048 362.30591 0.60329274 -0.18379031 -0.14125271 25 0 1820 4.9546467 -1.7375317
112 414.14743 363.4895 0.5546913 0.65768584 0.12263094 25 0 633 2.0014511 -0.75336248
113 82.082744 363.79919 0.62593995 0.18844563 -0.15864138 25 0 3719 10.361352 -2.5385411
114 485.96354 365.4868 0.57690404 0.28307596 0.070443333 25 0 5639 16.490723 -3.0430993
115 352.45364 376.67604 0.57933587 0.45128905 -0.21423983 25 0 2035 5.8163792 -1.9116318
116 61.283387 377.95313 0.67196211 0.085233828 -0.22532745 25 0 2833 7.4913995 -2.1864074
117 107.08621 379.57159 0.53319825 0.3010244 0.075620796 25 0 431 1.1342337 -0.13675636
118 213.88388 380.95726 0.59374228 0.042505749 -0.25232308 25 0 455 1.22196 -0.21764251
119 470.49587 381.94353 0.79802433 -0.18042604 -0.048766621 25 0 444 1.1830112 -0.18247218
120 131.12292 383.90208 0.66942452 0.1758718 -0.2123337 25 0 1129 2.9311282 -1.167587
121 441.85846 385.94741 0.62998222 0.14338576 -0.10985688 25 0 1824 5.4073776 -1.8324667
122 471.28951 385.46684 0.5478244 -0.36101917 -0.020823489 25 0 1197 3.7559432 -1.4367975
123 46.55027 388.98366 0.79182799 0.42189141 -0.28772135 25 0 463 1.0288525 -0.030882823
124 233.14084 393.84959 0.60032863 0.099213684 -0.21335116 25 0 5607 16.085047 -3.0160559
125 363.64879 395.79403 0.61670774 -0.071484699 -0.098077264 25 0 453 1.3821365 -0.35137733
126 262.22285 401.36336 0.62555647 0.87296641 -0.1006367 25 0 482 1.247075 -0.23973147
127 399.23546 400.86629 0.54315362 0.39018775 -0.10883707 25 0 312 1.133689 -0.13623479
128 259.48003 405.00274 0.61803259 0.085534106 -0.33839861 25 0 1350 3.7422913 -1.432844
129 91.457584 410.27195 0.67315359 0.55595593 -0.23827175 25 0 687 1.7597854 -0.61364925
130 115.58565 411.88405 0.66962039 0.30258212 -0.25811925 25 0 1691 4.4846955 -1.6293324
131 166.43791 429.88067 0.67289706 -0.039240465 -0.24998375 25 0 1608 4.1716364 -1.5507661
132 139.92834 430.69771 0.68262512 0.47121452 0.12073505 25 0 791 2.0733521 -0.79168263
133 239.59617 433.14607 0.61195187 0.032749427 -0.32768155 25 0 719 2.0105444 -0.75828416
134 498.65655 432.96306 0.28780666 0.23891319 -0.039844039 25 0 58519 205.89031 -5.7840898
135 352.26155 434.99916 0.62980831 0.096031222 -0.18427541 25 0 2374 6.7931226 -2.0801736
136 252.67735 437.6797 0.6750982 0.051132255 -0.042074669 25 0 869 2.174999 -0.84364763
137 98.797979 439.5965 0.62526718 0.48143444 -0.077419203 25 0 9857 27.290072 -3.5900117
138 484.80606 449.5626 0.58602493 -0.18221112 0.055163431 25 0 1292 4.019397 -1.5104023
139 318.69669 453.1968 0.52568815 0.1022514 -0.044537426 25 0 427 1.5213417 -0.45556692
140 369.78635 458.12966 0.7211834 0.0017804803 -0.24845494 25 0 1047 2.8048934 -1.1197909
141 63.791518 459.2478 0.66557908 0.085403247 -0.11927825 25 0 4419 12.016462 -2.6994415
142 156.83869 460.45601 0.60410463 0.27145168 -0.074361375 25 0 756 2.0730649 -0.79153223
143 435.46983 461.66726 0.56081486 -0.26597906 -0.22270204 25 0 58550 167.90233 -5.5626418
144 218.54114 468.40282 0.5928913 -0.25953579 -0.13479766 25 0 3135 8.778947 -2.3586061
145 350.25921 470.04815 0.61345563 -0.32380806 -0.25026827 25 0 413 1.3132848 -0.29589726
146 268.70955 471.66965 0.6374079 0.30647055 -0.15571178 25 0 2237 6.2026137 -1.9814368
147 346.00044 476.9396 0.62482762 0.10292478 0.1538593 25 0 315 1.0719192 -0.075405101
148 146.60521 477.70981 0.72477187 0.52227221 -0.15297781 25 0 660 1.7111234 -0.58320334
149 71.520544 483.09657 0.66117534 0.076476112 -0.24515403 25 0 753 2.0440978 -0.77625415
150 123.37573 499.78109 0.60600286 -0.33513218 -0.39979447 25 0 390 1.103921 -0.10734501
151 169.10451 499.76414 0.6374676 0.27836475 -0.31166415 25 0 407 1.164017 -0.16489829
152 124.5695 503.47659 0.65145729 0.21824391 -0.32253106 25 0 460 1.1378147 -0.14017887
153 170.88442 507.16149 0.66911589 0.46982473 -0.18627787 25 0 683 1.8320298 -0.65733134
154 243.44035 510.4928 0.44300611 -0.24513908 -0.17389098 25 0 616 1.9200798 -0.70829819
155 254.61676 510.37601 0.47804593 0.19392645 -0.75116493 25 0 312 1.0400031 -0.042586544
156 168.27812 510.765 0.79777428 0.10767655 -0.5553449 25 0 796 1.9148736 -0.70535027
