id xcentroid ycentroid sharpness roundness1 roundness2 npix sky peak flux mag
1 479.3223 2.0080077 0.68405956 -0.038373179 -0.24920013 25 0 540 1.6190998 -0.52318403
2 0.051089477 3.5168479 0.87633165 0.37434699 0.54960694 25 0 1525 3.2651079 -1.2847438
3 159.5698 6.3737329 0.71281969 -0.34755909 0.075227804 25 0 462 1.0709728 -0.074446055
4 5.6522236 7.0277269 0.74229648 0.40597099 -0.048153065 25 0 833 2.2104699 -0.86121152
5 13.969133 7.0990071 0.82881766 0.21409936 0.29469919 25 0 519 1.3645127 -0.33744394
6 385.37301 7.5039875 0.79420299 -0.19013892 0.10067566 25 0 826 1.8871885 -0.68953822
7 74.719461 8.6104197 0.672789 0.20182643 0.11145568 25 0 14832 36.950121 -3.9190396
8 22.217106 10.337387 0.67685454 0.12756021 0.10499182 25 0 5667 14.369066 -2.8935713
9 458.80783 10.626251 0.73363902 -0.048877179 0.23381378 25 0 721 1.9634604 -0.73255536
10 4.2909708 11.900227 0.74197766 -0.16529973 -0.0014978436 25 0 4244 10.236683 -2.5253981
11 404.42532 28.957084 0.65430557 -0.21046074 -0.18159781 25 0 563 1.5572106 -0.48086841
12 504.27362 28.915563 0.77198027 -0.080885594 -0.090374721 25 0 342 1.0928962 -0.096447337
13 177.19041 31.85929 0.67666705 0.09593091 0.039683732 25 0 572 1.553736 -0.47844308
14 163.97769 36.083774 0.69508704 0.069620435 -0.16051068 25 0 711 1.7794993 -0.62574458
15 237.06038 37.196389 0.72651061 0.18148809 0.028762608 25 0 1559 3.6923782 -1.4182654
16 256.50836 38.017585 0.63201585 -0.12484968 -0.13318456 25 0 2417 6.1715977 -1.975994
17 397.13119 38.94875 0.76410395 0.086626421 0.047819381 25 0 600 1.4340794 -0.39143297
18 116.70093 40.566297 0.68828193 0.097325852 0.11423359 25 0 570 1.3670663 -0.33947394
19 374.9794 40.020191 0.28860937 -0.14271237 0.0077327647 25 0 58339 214.73802 -5.8297724
20 3.36212 41.551415 0.77060737 -0.44479271 0.12884243 25 0 555 1.3897958 -0.35737752
21 161.7617 42.327457 0.72289654 -0.17397823 0.082089332 25 0 5894 13.848761 -2.8535273
22 450.64105 43.410393 0.68666989 -0.20079436 0.16571434 25 0 964 2.4339671 -0.96578674
23 344.65761 50.458399 0.67430115 -0.20072345 0.068378592 25 0 1598 3.7531097 -1.4359781
24 493.75457 56.822142 0.6765432 0.028672029 0.041663737 25 0 1643 4.4318459 -1.6164616
25 47.996987 61.348307 0.78418737 -0.16858954 0.13716568 25 0 576 1.4164626 -0.37801274
26 1.7010362 62.45177 0.67982753 -0.23982266 0.036396565 25 0 1961 4.8702162 -1.7188706
27 104.86407 63.18678 0.76130364 -0.23038702 -0.17381909 25 0 558 1.3017931 -0.28635494
28 81.705434 63.302427 0.63044732 0.38603307 0.23437645 25 0 621 1.6492503 -0.5432164
29 483.3614 63.796807 0.74583995 -0.16511825 -0.0024155359 25 0 1720 4.254021 -1.5719991
30 162.88887 65.125074 0.62739284 -0.28070039 -0.22311071 25 0 557 1.3797394 -0.34949264
31 48.183376 65.457403 0.61869212 -0.18454895 0.39793697 25 0 469 1.3126335 -0.29535873
32 468.65494 65.320488 0.46035469 0.25939497 0.35069192 25 0 408 1.6145166 -0.52010628
33 106.07233 68.342461 0.72060143 0.091068821 0.14504611 25 0 1871 4.3636492 -1.5996246
34 12.171873 74.217341 0.79847009 -0.10359891 -0.084758795 25 0 441 1.0508292 -0.053830369
35 401.09186 76.557414 0.65551551 0.2542267 0.22231541 25 0 3450 8.5843676 -2.3342708
36 5.6054573 76.766329 0.67511156 -0.79835989 -0.3457457 25 0 616 1.5951059 -0.50697377
37 21.524196 79.471648 0.74453174 -0.60591406 0.045408972 25 0 686 1.6119591 -0.51838508
38 170.06925 80.21145 0.8015812 0.2058434 0.38879023 25 0 631 1.2842338 -0.27161028
39 142.3231 83.718208 0.5675796 0.075127404 -0.061047479 25 0 567 1.5006225 -0.44067864
40 205.47867 90.288881 0.65103908 -0.089895938 0.30875041 25 0 477 1.0706615 -0.074130442
41 334.07902 90.903182 0.74034559 -0.14957525 0.12802117 25 0 1677 3.8265243 -1.4570112
42 338.04605 92.66992 0.73217151 -0.16349243 0.080214604 25 0 1885 4.3687688 -1.6008977
43 2.3802844 94.442851 0.66053216 -0.731356 -0.087003193 25 0 1770 4.2824086 -1.5792202
44 236.41944 93.879737 0.68433301 -0.2142065 -0.076256014 25 0 1945 4.5211354 -1.6381188
45 502.24012 97.169253 0.69526114 0.44835909 0.14428501 25 0 360 1.035921 -0.038316545
46 104.05389 98.222743 0.72744939 -0.030665912 0.071551704 25 0 4005 9.394143 -2.4321429
47 166.21111 97.842662 0.7129369 0.042844469 0.35093442 25 0 559 1.2882592 -0.27500817
48 382.76891 108.87894 0.75040777 -0.065024117 0.011580716 25 0 871 1.9783085 -0.74073505
49 269.57886 111.16892 0.61628752 0.048700975 -0.14274292 25 0 16827 43.224509 -4.0893252
50 286.87194 111.18279 0.73384559 0.30023334 0.15622648 25 0 1356 2.8624319 -1.1418379
51 353.48335 112.1323 0.64967785 -0.043628021 -0.043901124 25 0 1325 3.1879579 -1.2587814
52 296.93991 112.49324 0.65399655 0.24282463 0.26267525 25 0 2142 5.1575093 -1.7811
53 498.94614 113.58033 0.7206669 -0.19184528 0.17405544 25 0 408 1.2068571 -0.20413967
54 249.0579 114.36998 0.73715672 0.075301253 -0.02165046 25 0 680 1.379529 -0.34932712
55 148.54586 114.90922 0.61727325 -0.14629957 -0.17777436 25 0 501 1.0873195 -0.090892898
56 203.39599 115.82841 0.65680312 -0.034926443 0.32267932 25 0 495 1.0569193 -0.060104617
57 101.27539 116.38508 0.70711089 0.15750592 0.043295108 25 0 609 1.2501783 -0.24242988
58 200.86998 117.84557 0.73637552 0.070486545 0.076494812 25 0 2625 5.9862393 -1.9428852
59 33.267923 119.6763 0.47773927 -0.13800447 -0.33770737 25 0 334 1.0818658 -0.08543344
60 224.85109 123.23296 0.74333257 -0.14359871 -0.072075722 25 0 2110 4.6115874 -1.6596261
61 56.106994 125.09247 0.79879134 -0.012379877 0.049687044 25 0 1737 3.9061368 -1.4793686
62 302.27055 126.5609 0.64876861 0.47820078 0.099572252 25 0 551 1.2003565 -0.1982756
63 444.75588 134.27834 0.71174006 -0.10938538 0.076954219 25 0 14055 33.484387 -3.8121059
64 347.51353 140.09179 0.65102836 -0.15437918 -0.091869794 25 0 3213 7.8181224 -2.2327562
65 63.383258 141.56781 0.48094492 0.37266669 0.16764849 25 0 612 1.7598075 -0.61366289
66 46.439833 145.48625 0.5490968 0.44795765 0.13125335 25 0 531 1.431891 -0.38977489
67 146.26106 154.62524 0.65257217 -0.42058691 0.1154934 25 0 517 1.1777767 -0.17765741
68 434.69725 155.78944 0.67128148 0.17502257 0.035706589 25 0 55930 138.90635 -5.3568053
69 473.86922 159.12538 0.78936118 -0.21015924 -0.090167975 25 0 666 1.5063997 -0.44485053
70 255.2465 160.089 0.72767507 -0.021463355 0.079457708 25 0 715 1.4583081 -0.40962322
71 202.1851 163.70228 0.73352111 0.12974247 0.054287642 25 0 932 2.0177713 -0.76217987
72 82.026657 167.52839 0.62838282 -0.19173749 0.0061279214 25 0 461 1.0575911 -0.060794482
73 394.98041 168.10889 0.81713764 0.36580196 0.13615128 25 0 712 1.4774636 -0.42379196
74 212.89366 169.40969 0.71170642 0.086757308 0.16410426 25 0 1192 2.5371046 -1.0108459
75 274.82019 168.53756 0.65839987 0.31439357 0.24388427 25 0 2052 4.884289 -1.7220034
76 462.13416 170.15839 0.68749642 0.03351964 0.096409356 25 0 478 1.3146513 -0.29702642
77 201.43792 172.0975 0.65236406 -0.15401132 -0.12456358 25 0 1753 4.1347462 -1.5411221
78 4.1900447 176.64929 0.73327827 -0.4745495 0.066259598 25 0 804 1.7987372 -0.63741928
79 469.90158 176.74924 0.70789388 0.089171672 0.13968619 25 0 3343 8.2256685 -2.287928
80 65.542945 178.19813 0.58765856 -0.0011855021 -0.11465981 25 0 816 2.0938761 -0.80237745
81 163.72825 178.18117 0.6838064 0.1235344 0.073639513 25 0 2074 4.7803043 -1.6986389
82 459.77624 178.97908 0.6990127 -0.51579312 0.015581212 25 0 716 1.8391833 -0.66156254
83 275.49886 180.79563 0.61707644 0.11085227 -0.06997479 25 0 1154 2.7318868 -1.0911568
84 470.29486 181.77371 0.71652061 -0.38992451 0.041930477 25 0 1016 2.5302668 -1.0079158
85 238.0336 183.68655 0.60894964 0.38309258 0.42654696 25 0 844 2.0567029 -0.78292888
86 120.31143 184.74553 0.73662906 -0.26631394 0.038089681 25 0 46526 108.43745 -5.0879482
87 169.99106 185.92066 0.76089152 -0.57367998 -0.16641559 25 0 621 1.3130495 -0.29570276
88 503.76942 193.57927 0.69554515 0.32360815 0.1710799 25 0 630 1.6654665 -0.55383975
89 216.98186 196.52475 0.6755758 -0.19790902 0.18426061 25 0 761 1.6373195 -0.53533356
90 454.61643 197.9518 0.67329375 -0.53338173 -0.12893018 25 0 389 1.0681298 -0.071560093
91 115.4394 198.79169 0.65220349 -0.20412912 0.094673444 25 0 717 1.6270604 -0.52850916
92 13.440873 206.77771 0.62358866 0.17723861 -0.1554247 25 0 1923 4.8156325 -1.7066333
93 61.325111 207.75212 0.66133574 0.23463116 -0.16162606 25 0 477 1.005703 -0.006174334
94 63.496829 209.2735 0.85466685 -0.3177393 -0.11198692 25 0 595 1.0904911 -0.09405533
95 474.40755 209.6353 0.67936593 -0.37749235 -0.034424754 25 0 1067 2.689394 -1.0741361
96 36.676815 211.34352 0.73263547 -0.27212744 0.073128834 25 0 2058 4.6428801 -1.6669687
97 375.08118 211.9897 0.70937807 0.14581547 0.04241643 25 0 1894 4.5300188 -1.64025
98 73.155065 213.7647 0.97587289 -0.091508396 0.099068227 25 0 909 1.7715212 -0.62086587
99 305.21991 214.15323 0.62680668 -0.00025345276 0.064768831 25 0 873 2.1088311 -0.8101045
100 199.44127 215.80945 0.66824677 7.8566335e-05 -0.10956088 25 0 1091 2.4639597 -0.979084
101 288.69805 220.91063 0.67771661 0.070651101 0.0063774923 25 0 3219 7.6339747 -2.2068768
102 400.85922 222.84638 0.71544848 0.10778362 0.065011584 25 0 5505 13.368767 -2.8152284
103 471.04033 223.41246 0.68906549 0.12052998 0.28638369 25 0 14766 35.515734 -3.876052
104 375.81311 225.18934 0.74493397 -0.032212814 0.08905452 25 0 1388 3.2207406 -1.2698894
105 229.222 231.777 0.68612174 0.20165482 0.17750415 25 0 906 2.0479547 -0.77830088
106 289.18825 232.67699 0.77553041 -0.22538336 0.16587091 25 0 950 1.9227347 -0.70979839
107 480.25465 235.01932 0.67854491 0.070495787 0.014292203 25 0 2193 5.6766206 -1.8852247
108 79.907623 236.50861 0.67512778 -0.58480085 0.02576858 25 0 508 1.2216695 -0.21738435
109 477.13078 248.42951 0.66506826 0.32240668 0.1923043 25 0 7755 19.298343 -3.2138001
110 252.91922 249.26448 0.71459512 0.0074297482 0.13050967 25 0 5959 14.154945 -2.8772705
111 25.225314 250.47949 0.68669855 0.39552194 0.16466983 25 0 1115 2.6209261 -1.0461369
112 315.00308 251.45857 0.75097116 -0.3134112 0.016465259 25 0 569 1.2398806 -0.23344965
113 153.74642 259.48283 0.50926837 0.076899251 0.39371802 25 0 386 1.0320527 -0.034254642
114 82.20941 270.27341 0.70524716 0.02528981 0.03408565 25 0 1703 3.9969762 -1.5043289
115 96.491906 279.45343 0.50023596 -0.20496557 0.24833725 25 0 627 1.5910108 -0.50418284
116 396.75667 281.38603 0.70970366 -0.18990835 0.11019335 25 0 6149 14.660502 -2.9153721
117 8.5321921 282.91265 0.80632266 -0.39303826 -0.22602454 25 0 517 1.0830778 -0.086649126
118 209.47953 282.88402 0.65261593 -0.10694307 -0.046028942 25 0 974 2.2575274 -0.88408257
119 88.007764 284.34669 0.70855452 0.098227846 0.089079228 25 0 1448 3.337256 -1.3084738
120 116.34939 284.08296 0.70528651 0.049746295 -0.023009823 25 0 1320 2.8769034 -1.1473132
121 371.08886 286.23948 0.78650469 0.10834572 0.097886484 25 0 519 1.1260205 -0.1288657
122 502.4503 286.07712 0.64464514 0.038870355 -0.1215652 25 0 720 2.0518598 -0.78036922
123 40.565485 289.27963 0.74285398 -0.41697135 -0.13559427 25 0 530 1.1403104 -0.1425577
124 185.26896 293.72566 0.74887555 -0.35782744 0.15101571 25 0 621 1.2736061 -0.26258781
125 99.842159 299.87967 0.69520215 0.075821928 0.04981233 25 0 1527 3.6110182 -1.3940742
126 4.2330988 304.28895 0.66779909 -0.03772484 0.036166685 25 0 642 1.491015 -0.43370505
127 243.25265 305.31308 0.64620612 0.19200328 -0.016503929 25 0 906 2.2454093 -0.87823881
128 475.1366 304.99173 0.71285183 0.040895196 0.015079495 25 0 1199 3.1416954 -1.2429102
129 162.50149 310.08532 0.66137272 -0.18135369 -0.14246385 25 0 3499 8.4775912 -2.3206812
130 22.916551 312.09997 0.84469817 -0.23766327 0.032230697 25 0 1239 2.5524716 -1.0174023
131 38.419586 311.97199 0.66960624 -0.17263655 -0.14319137 25 0 2241 5.374323 -1.8258094
132 84.119133 314.13612 0.39221423 -0.45768812 -0.51914038 25 0 381 1.1476507 -0.14952432
133 7.4189161 322.12853 0.64628645 -0.41483497 -0.056385751 25 0 833 1.9837091 -0.74369496
134 354.78882 321.49904 0.5455336 0.49672777 0.37463569 25 0 512 1.4140996 -0.37620001
135 45.09763 329.20895 0.70660211 0.14370748 0.11655674 25 0 5569 13.439941 -2.8209934
136 312.11041 328.86535 0.71178722 0.030739278 0.070802306 25 0 617 1.4484994 -0.40229582
137 405.11888 329.20932 0.71493153 -0.065878215 -0.00029876106 25 0 545 1.4406316 -0.39638232
138 55.325736 330.20498 0.66419749 0.079064203 0.030542215 25 0 13078 32.704609 -3.7865224
139 101.65484 331.239 0.68976138 -0.5531151 0.09707509 25 0 1042 2.3671891 -0.93558239
140 288.49697 330.40186 0.67452079 -0.42389575 0.09539471 25 0 831 1.8985583 -0.69605983
141 385.27531 342.73426 0.71306818 0.22803602 0.079979021 25 0 836 2.0613857 -0.78539817
142 264.50807 346.5132 0.57406784 0.52637858 0.052517057 25 0 4456 11.607621 -2.661858
143 406.57262 347.77675 0.67186389 0.16542438 -0.077754673 25 0 998 2.5651434 -1.0227791
144 46.674883 349.24762 0.74692497 -0.7173028 0.099837386 25 0 854 1.8628495 -0.67544442
145 36.978796 349.68199 0.64828955 -0.34119907 0.17413867 25 0 448 1.1219862 -0.12496879
146 323.5173 350.4522 0.53445983 0.57321966 0.0058345805 25 0 19894 53.604051 -4.322994
147 19.338958 351.20753 0.63884502 0.062347152 0.088917856 25 0 877 2.2955784 -0.90223031
148 46.861537 353.03064 0.793933 -0.24948788 0.12163982 25 0 1631 3.5343167 -1.3707637
149 48.95532 357.11254 0.62536081 0.23422254 -0.98318707 25 0 576 1.5063264 -0.44479771
150 439.35832 357.55181 0.56345299 0.3060044 0.11915874 25 0 1540 4.3331421 -1.5920073
151 250.89563 359.64631 0.68994082 0.16454966 0.11631241 25 0 1709 4.0652209 -1.5227104
152 302.8833 360.75697 0.70647927 0.099703453 0.065356238 25 0 3091 7.4855532 -2.1855598
153 120.57375 362.5771 0.51143283 0.63013236 0.066146776 25 0 3656 10.015567 -2.5016888
154 452.41844 361.75478 0.60453267 0.1324889 -0.15367584 25 0 907 2.6268474 -1.0485871
155 163.66278 363.19214 0.67784251 -0.22211152 0.12337494 25 0 600 1.5123512 -0.44913161
156 47.563167 365.65351 0.69198979 -0.40763083 0.27369109 25 0 467 1.0315367 -0.033711712
157 27.895699 369.41556 0.75910347 -0.050272887 0.12819899 25 0 783 1.7995897 -0.63793372
158 390.80237 374.9767 0.71288271 0.0086764287 0.044198371 25 0 3907 9.5475575 -2.4497307
159 99.671212 376.67045 0.64077064 0.27537369 0.073385488 25 0 3569 9.0347166 -2.3897863
160 145.56731 378.35545 0.67579802 -0.25079365 0.05665256 25 0 531 1.2510815 -0.24321404
161 252.23659 379.54828 0.72407385 0.38550389 0.22266291 25 0 614 1.4271233 -0.38615378
162 508.87833 380.24754 0.77305992 -0.81407672 0.21179282 25 0 706 1.8035644 -0.64032912
163 169.50454 382.46894 0.5182229 0.41500621 0.013667422 25 0 1127 3.0395602 -1.2070269
164 29.954154 382.74645 0.74888496 0.10121101 0.12996521 25 0 1198 2.7827919 -1.1112018
165 480.23777 384.23344 0.68038731 0.17049534 0.075455298 25 0 2601 6.7528553 -2.0737186
166 509.60357 383.7415 0.66830326 -0.21852664 -0.0325463 25 0 2024 5.2030031 -1.7906352
167 84.922271 387.7007 0.80999476 0.20164658 0.18403227 25 0 694 1.5667021 -0.48746606
168 271.50095 392.25093 0.58849505 0.25155275 -0.068873863 25 0 6919 18.206927 -3.1505916
169 401.97595 394.08504 0.74118093 -0.11890042 0.075785925 25 0 841 2.1141435 -0.81283617
170 437.62648 399.11287 0.54476143 0.17558804 -0.095520204 25 0 405 1.3054095 -0.28936691
171 300.47199 399.60438 0.5379163 0.53213817 0.058155811 25 0 500 1.3943244 -0.36090955
172 297.90203 403.35421 0.69557634 0.025550476 0.15578157 25 0 2038 5.0495254 -1.7581264
173 28.230787 403.85533 0.71601591 -0.16741789 0.13740804 25 0 1051 2.5913525 -1.0338162
174 129.99241 408.92301 0.70544992 0.14267623 0.035337564 25 0 1032 2.4819652 -0.98698922
175 153.9945 410.4317 0.68271899 0.15482029 0.23272495 25 0 2410 5.9803246 -1.9418119
176 6.6269155 414.01115 0.69851462 -0.15273674 -0.066872599 25 0 1332 3.3369503 -1.3083743
177 329.75623 420.2662 0.7739528 -0.23443526 0.13151875 25 0 411 1.0257968 -0.027653387
178 210.78502 421.91624 0.75366078 0.37296114 0.21158044 25 0 416 1.0119895 -0.012940061
179 204.80831 428.38891 0.70222045 -0.13707313 0.091665119 25 0 2285 5.5446827 -1.8596917
180 178.26441 429.3395 0.63270894 0.37758994 0.12111276 25 0 972 2.5039452 -0.99656203
181 278.00847 431.57295 0.7200968 0.21885209 0.2058949 25 0 1103 2.6438089 -1.0555752
182 390.63932 433.42181 0.68786539 -0.40255713 0.067687295 25 0 3143 7.7726681 -2.2264253
183 291.09944 436.07044 0.70036966 -0.32221492 0.15194801 25 0 1258 3.1523447 -1.2465843
184 137.21213 438.21666 0.68735569 0.12165203 0.069742569 25 0 15489 38.308154 -3.9582281
185 357.18618 451.61417 0.76524602 -0.041064774 0.069508841 25 0 667 1.7646283 -0.61663312
186 408.20961 456.53692 0.59826186 0.28968073 0.19061563 25 0 1091 3.1413608 -1.2427945
187 102.26797 457.89127 0.75405936 -0.14873639 -0.0152397 25 0 6672 15.469696 -2.9737044
188 195.27523 458.86382 0.7042552 0.022281993 0.018654892 25 0 1206 2.9895414 -1.1890114
189 473.70569 459.87104 0.44205989 0.029319867 0.065960629 25 0 58119 180.43587 -5.6408072
190 11.155874 462.42433 0.68682023 0.096863808 0.074145156 25 0 1046 2.6181238 -1.0449755
191 257.046 466.87101 0.77306113 -0.018301016 0.064203363 25 0 6014 13.932311 -2.8600579
192 388.70795 468.29859 0.68234939 -0.38862621 0.0043644334 25 0 587 1.6749272 -0.55998987
193 475.02278 467.71831 0.81118905 0.35259972 0.14949341 25 0 479 1.24593 -0.23873414
194 307.1236 470.08175 0.73335318 -0.045498124 0.048495845 25 0 3705 9.1236507 -2.4004216
195 160.38106 470.78515 0.69144325 -0.34366975 -0.025473046 25 0 406 1.1270467 -0.12985477
196 384.37142 475.12111 0.74463859 -0.25903157 -0.20056562 25 0 376 1.1004409 -0.10391682
197 184.99065 476.22439 0.69413647 -0.04369452 0.063434192 25 0 902 2.3522689 -0.92871743
198 110.04585 481.71491 0.83389495 -0.093348328 0.074740495 25 0 1303 2.8570369 -1.1397896
199 286.2147 491.01012 0.60548711 -0.14546747 0.1157101 25 0 342 1.1441377 -0.14619577
200 162.06 498.23519 0.72474876 -0.44305417 0.16310881 25 0 556 1.3189583 -0.30057763
201 207.3907 498.35958 0.71568996 -0.34702397 -0.2208372 25 0 425 1.0631877 -0.066524833
202 163.01261 501.92285 0.64460191 0.0022399102 -0.020958668 25 0 775 2.1532965 -0.83275957
203 209.47637 505.60541 0.64970235 -0.12093903 0.086851906 25 0 697 1.7563451 -0.6115246
204 83.816904 509.0593 0.68796076 -0.027516226 0.12337222 25 0 649 1.6879766 -0.56841606
205 282.02022 508.81978 0.74570494 0.032374052 0.089090969 25 0 1339 3.2253059 -1.2714273
206 292.79811 508.87107 0.70968249 0.39354917 0.010836811 25 0 540 1.3866792 -0.35493998
207 36.962208 509.56033 0.72068432 0.56311749 0.19600653 25 0 677 1.616283 -0.52129354
208 206.83774 509.6201 0.63391343 0.18595416 0.14599565 25 0 920 2.3303235 -0.91854051
