id xcentroid ycentroid sharpness roundness1 roundness2 npix sky peak flux mag
1 43.899886 2.3740899 0.48422914 -0.42408621 -0.27799632 25 0 236.2567 1.0986973 -0.10219519
2 336.05591 2.6353796 0.69456176 0.32519155 -0.004155072 25 0 358.06851 1.1848502 -0.18415859
3 506.89703 6.7299443 0.61597835 -0.028779704 0.06916737 25 0 349.07857 1.2600691 -0.2509859
4 323.58955 10.056495 0.65223509 -0.50075118 -0.36096304 25 0 321.19346 1.2604808 -0.2513406
5 296.07673 12.583863 0.43722282 0.03764942 -0.091142621 25 0 583.53896 2.6659221 -1.0646186
6 304.99754 15.065746 0.59385669 -0.08118792 -0.52113568 25 0 282.9705 1.1532824 -0.15483919
7 427.27393 15.993917 0.52232544 0.16541457 -0.47158938 25 0 412.16178 1.6739061 -0.55932774
8 107.94838 19.743303 0.67563465 0.19475449 -0.30211634 25 0 648.44904 2.1830138 -0.84764119
9 333.52844 21.233397 0.60815039 -0.46075311 -0.34404775 25 0 711.86701 2.5771554 -1.0278515
10 23.23406 21.75115 0.6630084 -0.22928648 -0.22676155 25 0 15974.903 53.359179 -4.3180228
11 406.90336 24.544357 0.64671234 0.07623742 -0.14244816 25 0 703.80131 2.4405129 -0.96870279
12 466.02844 24.357213 0.66775338 0.10711536 -0.13977432 25 0 28713.122 93.605586 -4.9282544
13 332.52574 29.663564 0.4900825 -0.077080183 -0.16351089 25 0 225.3951 1.1295306 -0.13224496
14 333.82212 34.629918 0.61456209 0.56369741 0.073225136 25 0 268.664 1.1846863 -0.18400844
15 352.64695 42.754457 0.51409949 -0.18417952 -0.42127263 25 0 457.85026 1.9822133 -0.74287599
16 452.31829 42.861292 0.74170868 0.2622257 -0.006677358 25 0 444.38212 1.4730326 -0.42053087
17 125.68341 45.208757 0.60048272 -0.47075643 -0.42064439 25 0 416.08181 1.470766 -0.41885898
18 112.50119 49.465643 0.55179272 0.4519398 -0.27022441 25 0 497.57593 1.7665221 -0.61779766
19 185.26384 50.532789 0.53632345 -0.39270352 -0.16396518 25 0 999.8045 3.6339519 -1.4009479
20 204.65454 51.428471 0.60537314 -0.50584917 -0.23721217 25 0 2095.4432 7.0478446 -2.1201408
21 65.039371 53.821413 0.49087988 0.026290833 0.1356003 25 0 403.25018 1.6726454 -0.55850969
22 323.03702 53.605972 0.36518932 -0.012525686 -0.24843867 25 0 58441.598 230.13638 -5.9049632
23 345.22331 52.599987 0.757824 0.025691385 -0.20229036 25 0 512.4183 1.5038772 -0.44303091
24 248.57587 53.918675 0.65906913 0.2763274 -0.43049862 25 0 257.46018 1.0420394 -0.044710306
25 110.05816 55.592137 0.54682967 -0.083887472 -0.15067233 25 0 4598.9707 16.739454 -3.0593532
26 398.72554 57.138588 0.5697125 0.047315491 -0.32402435 25 0 985.29117 3.699115 -1.4202446
27 232.21708 61.21492 0.72642288 0.20323073 -0.30981211 25 0 312.41239 1.0975465 -0.10105732
28 245.77523 62.685255 0.42955427 0.36766691 -0.18450702 25 0 205.94668 1.0240971 -0.025852806
29 469.13912 63.134802 0.71169692 0.062351593 -0.22628702 25 0 991.28008 3.2529796 -1.2807033
30 292.80127 63.986401 0.60472959 0.01212071 -0.34813602 25 0 1608.6819 5.7624571 -1.9015193
31 140.77894 68.8302 0.49888742 0.31027482 -0.11689337 25 0 300.25109 1.2329196 -0.22733692
32 303.04951 71.559306 0.88060109 0.30402488 0.43903445 25 0 1738.691 5.3095602 -1.8126464
33 441.7636 70.710398 0.55720695 0.13619604 -0.24879623 25 0 1427.2833 5.327226 -1.8162528
34 500.27975 73.006972 0.74581205 -0.019682771 -0.239218 25 0 4116.1541 12.722968 -2.7614711
35 347.99533 75.007886 0.62884768 0.22126466 -0.042287976 25 0 296.81257 1.2434225 -0.23654677
36 53.15114 76.40595 0.65821897 0.34566764 -0.23860421 25 0 435.17558 1.5633457 -0.48513758
37 30.32169 76.55786 0.6021249 -0.28085974 -0.24523861 25 0 566.5577 1.998716 -0.7518777
38 168.23214 76.828047 0.57976942 0.32477379 -0.33739713 25 0 299.98507 1.0733072 -0.076810146
39 111.18989 78.421039 0.52602613 -0.066899903 -0.35829589 25 0 379.17155 1.5010645 -0.44099836
40 431.41616 77.573114 0.59174902 -0.36891631 -0.1539551 25 0 1437.7895 5.1833681 -1.7865301
41 470.01404 78.486132 0.55886921 0.31291562 0.038863881 25 0 405.05807 1.6436304 -0.53951041
42 416.602 79.26336 0.50639369 -0.4497603 -0.39317042 25 0 475.90216 2.0208161 -0.76381701
43 54.530082 81.460791 0.56672258 -0.59582157 -0.15910391 25 0 1273.565 4.4723839 -1.6263477
44 312.39541 83.01135 0.72344184 -0.27897765 -0.29924342 25 0 271.01262 1.0099459 -0.010745308
45 467.14715 86.151549 0.62247546 0.31600265 -0.099928059 25 0 1019.0814 3.5525205 -1.3763415
46 349.18796 90.175824 0.65037712 -0.041313714 -0.31061082 25 0 3494.6211 11.702566 -2.6707027
47 118.41799 93.551887 0.54317082 0.78611641 -0.043600707 25 0 427.13659 1.5094531 -0.44704909
48 90.695799 96.908652 0.59084456 -0.11526631 -0.3232358 25 0 610.07016 2.2088913 -0.86043589
49 142.86325 97.059363 0.75093844 0.11000436 -0.71169243 25 0 370.76271 1.0342613 -0.036575667
50 489.53368 97.099464 0.64060261 -0.23272333 -0.35663874 25 0 22417.142 74.60679 -4.6819459
51 153.61761 103.87537 0.54991793 -0.028672257 -0.49450414 25 0 454.66792 1.7350592 -0.59828576
52 282.18783 104.49113 0.57628706 -0.20557817 -0.26721839 25 0 1068.5141 3.8689662 -1.4689873
53 286.1361 106.17322 0.62842599 -0.32469512 -0.36172013 25 0 1447.7673 4.8831905 -1.7217592
54 184.517 107.25369 0.65933779 0.11098441 -0.35071486 25 0 1747.2476 5.6321507 -1.8766857
55 52.318086 111.36474 0.64831048 0.087403724 -0.22628084 25 0 4261.8416 13.891947 -2.8569078
56 114.39012 110.99327 0.64038774 0.26756757 -0.16930813 25 0 492.28946 1.7623089 -0.61520506
57 450.28388 111.14592 0.68131369 -0.63586197 -0.35499192 25 0 394.66061 1.3968853 -0.36290187
58 294.98781 113.23623 0.74033661 -0.62797219 -0.41302316 25 0 373.0999 1.155751 -0.15716069
59 507.57459 113.55511 0.52424474 0.451382 -0.17409814 25 0 1751.5006 6.4338108 -2.0211707
60 487.85154 117.09353 0.6576172 -0.0087654564 -0.17838189 25 0 2406.791 8.1202877 -2.2739285
61 330.82397 122.58771 0.4025537 0.029608828 -0.2585444 25 0 376.66541 1.8594234 -0.67344574
62 217.46256 124.43546 0.47184012 0.5045259 -0.19277543 25 0 11865.393 43.666615 -4.1003738
63 234.98037 124.53502 0.50532976 0.15074796 -0.16930731 25 0 892.6293 3.2948734 -1.2945968
64 245.01376 126.01075 0.54636536 -0.10886838 -0.32164027 25 0 1809.9019 6.8121524 -2.0832109
65 301.53059 125.70368 0.55327162 0.21582574 -0.3588542 25 0 1042.7541 3.9176935 -1.4825761
66 446.88225 127.45241 0.62780214 -0.094945723 -0.30997131 25 0 394.6308 1.4679902 -0.41680786
67 96.658986 128.09756 0.65356746 0.01769243 -0.076647466 25 0 526.55317 1.7544342 -0.61034271
68 197.03155 127.61863 0.61593608 0.52252819 -0.26548805 25 0 504.35011 1.7040551 -0.57870908
69 490.94886 127.78298 0.56581432 0.6351688 0.42290164 25 0 263.83983 1.1393362 -0.14162972
70 149.8844 129.43421 0.57262135 -0.43803443 -0.90281399 25 0 322.52688 1.0994518 -0.10294051
71 49.548667 129.52588 0.4979554 -0.31428646 -0.10278894 25 0 388.62367 1.5036776 -0.44288681
72 148.89032 131.13436 0.62743246 -0.24793546 -0.34815196 25 0 2087.1059 6.9628014 -2.10696
73 476.70699 131.52814 0.54628761 -0.048384564 -0.17838027 25 0 354.59248 1.5725133 -0.49148579
74 172.87123 136.54598 0.46199165 0.090410276 -0.20808389 25 0 1370.0565 5.3189837 -1.8145716
75 4.4384072 138.07225 0.69365422 -0.18964504 -0.39698469 25 0 1367.8932 4.5672649 -1.6491405
76 250.20157 139.88349 0.65160166 -0.069822455 -0.31879955 25 0 472.47731 1.6672403 -0.55499551
77 392.69109 148.13474 0.61375077 -0.2102383 -0.34610132 25 0 12182.752 41.563721 -4.0467861
78 11.448642 154.52446 0.54768141 -0.29631767 -0.20924382 25 0 642.87479 2.3803574 -0.94160542
79 295.5343 153.68945 0.51978379 0.21962804 -0.32994591 25 0 2455.5227 9.0739292 -2.3944885
80 480.91904 160.14606 0.65362571 -0.091684907 -0.21335794 25 0 8435.6224 28.440015 -3.6348246
81 94.314621 167.93796 0.72543072 -0.21221417 -0.30444949 25 0 474.97795 1.4531731 -0.40579338
82 382.58646 169.68563 0.48837363 0.15685604 -0.30267736 25 0 39353.286 146.97108 -5.4180797
83 421.78443 173.08811 0.6368271 -0.078804863 -0.37427129 25 0 552.51204 2.0363385 -0.77212496
84 203.25072 173.47839 0.53136873 -0.30835671 -0.16976418 25 0 443.26425 1.616162 -0.52121222
85 150.24795 177.04547 0.76528094 -0.53413715 -0.60159423 25 0 644.46918 1.9010161 -0.6974645
86 30.289618 180.58262 0.59879772 0.36980994 0.10795031 25 0 346.22825 1.2588361 -0.24992298
87 474.93192 181.55696 0.62557174 -0.0041035671 0.0057112396 25 0 6152.4945 20.434848 -3.2759285
88 222.73983 182.00383 0.57107866 -0.14452801 -0.36269303 25 0 1639.9453 5.7190821 -1.8933158
89 343.02104 181.93293 0.54135796 -0.24848611 -0.11969494 25 0 541.84224 2.2567882 -0.88372702
90 160.88065 182.75043 0.55368246 0.17745218 -0.234406 25 0 883.57737 3.1665882 -1.251479
91 410.24983 184.15065 0.69765958 0.39623378 -0.19190497 25 0 362.3054 1.3016463 -0.28623244
92 149.41626 185.36187 0.63174682 0.12487875 -0.36417401 25 0 1537.1861 4.9944198 -1.7462126
93 13.583944 191.19053 0.72903262 -0.14549894 -0.32657989 25 0 800.8047 2.4652194 -0.97963893
94 111.64341 191.33733 0.60936655 -0.17529341 -0.23448427 25 0 1654.6517 5.4427232 -1.8395406
95 417.73559 190.7813 0.53707101 -0.066660694 -0.29960179 25 0 2432.2023 9.0164537 -2.3875894
96 407.73503 193.05381 0.64778916 -0.30813378 -0.39646592 25 0 595.74387 2.0839091 -0.79719692
97 479.5587 192.42541 0.43148271 0.59832418 -0.09615293 25 0 507.26954 2.2027735 -0.85742463
98 223.48239 194.25394 0.73355057 0.14603676 -0.35333441 25 0 1111.6064 3.2718669 -1.2869891
99 418.23347 195.84413 0.62255963 -0.29937568 -0.44984599 25 0 863.27059 3.0836642 -1.2226677
100 185.93392 196.83214 0.54446154 0.099973904 -0.2146966 25 0 688.49881 2.5825168 -1.0301079
101 68.430266 197.82839 0.66851528 -0.27833901 -0.29422608 25 0 40990.054 132.43598 -5.305015
102 118.05224 199.13388 0.73648695 -0.24798075 -0.36738276 25 0 572.40789 1.8195742 -0.64992442
103 249.50331 203.07485 0.64849277 -0.80044964 -0.38019651 25 0 350.0866 1.1710472 -0.17143603
104 417.30121 203.87157 0.56307834 -0.18106287 -0.050088087 25 0 302.182 1.2504344 -0.2426523
105 451.65289 207.59882 0.66787081 -0.51941368 -0.48916728 25 0 527.31537 1.7970362 -0.63639208
106 164.76796 209.78247 0.49659354 0.14194088 -0.050396222 25 0 526.25315 2.1037192 -0.8074694
107 195.35984 211.02246 0.52266748 -0.39649757 -0.74048952 25 0 294.38916 1.0294668 -0.031530885
108 505.48104 211.3624 0.65547416 -0.54286316 -0.28066341 25 0 1540.9705 5.0442319 -1.7569876
109 63.504639 211.96902 0.70299786 -0.32289743 -0.41969844 25 0 615.14223 1.915852 -0.70590487
110 402.69648 212.00984 0.68773916 -0.32064792 -0.22249361 25 0 334.61273 1.1284285 -0.13118511
111 466.09113 213.71137 0.67360716 -0.12952552 -0.31594767 25 0 670.4638 2.1969716 -0.85456108
112 412.13688 216.47739 0.59881991 0.15779562 -0.053223772 25 0 235.48165 1.047131 -0.050002509
113 499.45033 217.48386 0.60778095 0.40346283 -0.11209343 25 0 2852.8413 9.574259 -2.4527629
114 9.4549691 220.93496 0.72111593 0.31049687 -0.39119813 25 0 476.37407 1.5653236 -0.48651035
115 11.436694 222.29858 0.54567832 0.15654198 -0.48984177 25 0 370.52203 1.3912682 -0.35852718
116 422.23733 223.53145 0.55943959 -0.020160765 -0.032681665 25 0 953.16152 3.6071861 -1.3929214
117 322.989 225.72341 0.50658608 0.032397999 -0.19004229 25 0 1263.2189 4.7897071 -1.7007724
118 253.13633 227.73994 0.60527328 -0.23449848 -0.19543153 25 0 665.84675 2.2745129 -0.89222102
119 147.46651 229.03065 0.69773242 -0.11130598 -0.40062278 25 0 1093.0779 3.4207618 -1.3353071
120 476.0463 232.39579 0.64049375 -0.0053092499 -0.11048416 25 0 4717.1008 15.691659 -2.9891721
121 217.19777 232.56181 0.36511312 -0.67314956 -0.16262467 25 0 204.71796 1.0480218 -0.050925826
122 236.52073 234.49079 0.60162377 -0.52553031 -0.2350144 25 0 2381.4807 7.7032272 -2.2166818
123 348.77553 236.66783 0.4864225 0.093951981 -0.24140843 25 0 3609.435 14.007382 -2.8658924
124 418.84823 237.47546 0.62101188 -0.2346722 -0.13061438 25 0 13016.941 42.682884 -4.0756344
125 323.80011 238.95793 0.55087822 -0.10244619 -0.33097724 25 0 999.40789 3.7784868 -1.4432948
126 487.82421 239.26718 0.47200557 0.4589609 0.18606013 25 0 268.45945 1.2253717 -0.22066965
127 177.21814 245.14975 0.59854309 0.16718603 -0.34521056 25 0 692.52383 2.340738 -0.923382
128 237.10314 246.20462 0.62931258 0.089971438 -0.22299233 25 0 832.79141 2.9603954 -1.1783743
129 27.786396 249.11807 0.69037596 0.28203854 -0.3596582 25 0 361.40979 1.1872631 -0.18636739
130 428.08048 248.93965 0.61892204 -0.084230555 -0.20773802 25 0 2019.2278 7.0866758 -2.1261064
131 482.26672 260.01022 0.69334122 -0.10055085 -0.4707264 25 0 342.48654 1.2687472 -0.2584377
132 424.9401 262.42784 0.6319568 -0.10621072 -0.13506224 25 0 7218.991 23.678519 -3.4358863
133 200.7866 262.67415 0.50455157 0.11206795 -0.26655518 25 0 4179.949 15.754022 -2.9934786
134 262.9442 265.22269 0.51010446 -0.34441157 -0.5442891 25 0 334.41403 1.3022782 -0.28675947
135 328.39436 271.66349 0.56768922 -0.61072032 -0.14288762 25 0 330.6178 1.254565 -0.24623294
136 101.44732 272.91171 0.66153742 -0.15053578 -0.63545781 25 0 387.18068 1.2831 -0.27065125
137 30.172273 283.32207 0.66051221 0.19818677 -0.10859829 25 0 1549.9234 5.1959259 -1.7891574
138 481.12816 292.005 0.64722808 0.063834494 0.040003563 25 0 291.70673 1.1525465 -0.15414613
139 44.354365 292.55145 0.58456783 0.010868526 -0.044675675 25 0 612.19856 2.1410759 -0.82658017
140 344.46445 295.12336 0.64928663 -0.34600975 -0.42546867 25 0 5533.6689 17.817681 -3.1271279
141 157.32875 296.27629 0.69143922 -0.05567491 -0.30030223 25 0 948.47795 2.9176659 -1.1625889
142 64.164777 297.31437 0.67512147 0.28325097 -0.19104408 25 0 1335.7332 4.3376064 -1.5931254
143 35.964482 297.32103 0.43194205 0.1127985 -0.054177147 25 0 937.16586 3.9708218 -1.497201
144 318.81555 299.87293 0.65991818 -0.19553673 -0.30265452 25 0 459.06701 1.537165 -0.46680119
145 450.0205 300.08842 0.62048635 -0.079039794 -0.19346686 25 0 755.55169 2.6818357 -1.0710804
146 133.07037 307.02168 0.60614579 0.091846908 -0.31330155 25 0 490.57205 1.7313515 -0.59596314
147 47.533839 313.01598 0.64977133 -0.06904797 -0.42657095 25 0 1268.5996 4.1915933 -1.5559478
148 395.36874 313.20151 0.63795787 -0.44795285 -0.42880241 25 0 424.16148 1.3497202 -0.3256094
149 191.03669 318.75137 0.62770022 -0.20619274 -0.16300664 25 0 890.37458 2.8511287 -1.137542
150 422.81576 318.90952 0.61451457 -0.10994446 -0.25646719 25 0 1072.909 3.6534098 -1.406746
151 110.30286 323.39523 0.65344823 0.24888578 -0.21901522 25 0 3390.8776 10.894268 -2.5929951
152 32.390145 327.30939 0.73552735 -0.34744818 -0.40475019 25 0 413.15676 1.2630001 -0.25350844
153 159.58104 332.99444 0.7275309 -0.50131486 -0.3685639 25 0 391.39341 1.0396142 -0.042180463
154 302.60272 335.2667 0.64589169 -0.46431945 -0.32113107 25 0 537.9386 1.6631507 -0.55232901
155 3.2543166 343.15937 0.73182479 0.047201722 -0.23197919 25 0 14788.58 46.451388 -4.1674967
156 259.97135 342.45925 0.44709979 0.37327796 0.18635918 25 0 412.84484 1.5315625 -0.46283684
157 352.63227 343.13779 0.51340694 -0.20253894 -0.44263007 25 0 426.65416 1.6421456 -0.53852914
158 49.310295 344.35126 0.63343211 0.31967509 -0.10522006 25 0 981.23628 3.2467612 -1.2786259
159 236.27123 344.03302 0.59699043 0.011112215 -0.29066511 25 0 848.63671 2.8599906 -1.1409115
160 461.12187 350.76672 0.44693803 0.36849893 0.18838107 25 0 803.97069 2.9685803 -1.181372
161 232.00944 353.89142 0.66936949 -0.16950469 -0.37769345 25 0 380.04386 1.0857699 -0.089344475
162 333.05467 356.42089 0.52552887 -0.18389151 0.016662554 25 0 595.63688 2.1331647 -0.822561
163 212.33721 360.07945 0.67392505 -0.11200405 -0.35570083 25 0 5619.8943 17.886407 -3.1313078
164 354.30784 361.71567 0.57821721 -0.29449739 -0.12770411 25 0 975.57715 3.1951612 -1.2612319
165 465.7668 362.48246 0.47248617 -0.12724447 -0.20454006 25 0 302.60494 1.1432745 -0.14537628
166 271.14825 364.15397 0.64959321 -0.10062982 -0.3212957 25 0 27422.857 90.570615 -4.8924683
167 386.97384 371.35727 0.59612577 -0.29785475 -0.22323362 25 0 1911.8164 6.5273452 -2.0368415
168 452.29929 372.08462 0.61187921 -0.61062666 -0.44263469 25 0 373.872 1.2532387 -0.24508451
169 198.47094 373.115 0.65343821 -0.39841931 -0.54610898 25 0 1605.9032 4.9444454 -1.735294
170 250.59827 374.33925 0.63410801 -0.42173383 -0.33271757 25 0 2596.7708 8.2336665 -2.2889832
171 68.229328 375.63887 0.62919022 -0.14941017 -0.15240753 25 0 4980.6537 16.683101 -3.055692
172 400.15487 375.72206 0.65084324 -0.23695262 -0.20154193 25 0 1225.6662 3.9093259 -1.4802547
173 111.48109 376.28976 0.54131544 -0.42623687 -0.077776033 25 0 466.17888 1.5811977 -0.49746542
174 471.7801 377.89644 0.65958656 -0.13057973 -0.25353046 25 0 10354.263 34.487448 -3.8441526
175 338.48052 388.83621 0.6772379 -0.42093895 -0.35745159 25 0 3511.3005 10.944149 -2.597955
176 47.410979 389.80294 0.67453095 -0.27266898 -0.28707221 25 0 3793.8893 12.088536 -2.7059343
177 93.143114 391.62895 0.45525783 0.55402365 0.1272388 25 0 518.64575 1.9140358 -0.70487512
178 199.93893 393.0576 0.67917373 -0.21531047 -0.26798436 25 0 754.51041 2.3484249 -0.9269417
179 241.40683 394.08852 0.66841392 0.033427715 -0.60315919 25 0 362.66649 1.1103462 -0.11364602
180 456.49732 394.29655 0.70347575 -0.9718833 -0.12673797 25 0 742.46634 2.1885892 -0.85041062
181 73.05045 394.57979 0.38952798 0.093622542 0.08111202 25 0 332.22224 1.3911592 -0.35844205
182 117.09621 395.8071 0.64800871 0.021516399 -0.27017418 25 0 1613.242 5.1792296 -1.7856629
183 489.01646 396.1316 0.51289359 -0.091707479 -0.14228266 25 0 320.58785 1.2411549 -0.23456494
184 427.79726 398.19457 0.65420362 -0.2357412 -0.26862034 25 0 2706.5238 8.874132 -2.3703147
185 457.10146 397.8926 0.67631839 -0.22952485 -0.26980982 25 0 2442.6119 7.847755 -2.2368636
186 32.852261 400.79796 0.59587003 0.18339394 -0.25678196 25 0 512.60926 1.7093493 -0.58207704
187 219.15136 405.86615 0.63931344 -0.20733017 -0.31558189 25 0 8381.294 28.075271 -3.6208099
188 349.50175 407.9828 0.61675197 -0.067900056 -0.4600957 25 0 837.22041 2.7779473 -1.10931
189 248.36063 413.27769 0.63566377 0.63559936 -0.2717314 25 0 738.20434 2.2671856 -0.88871767
190 384.9756 413.06349 0.6524947 -0.017274613 -0.23212401 25 0 643.33537 2.01155 -0.7588271
191 245.51042 417.03034 0.64369061 -0.2065618 -0.49699996 25 0 1992.362 6.4478477 -2.0235369
192 466.83159 417.63728 0.63302776 0.15503966 0.06834773 25 0 435.98422 1.2732505 -0.26228468
193 14.201934 421.10263 0.61875455 0.27155867 0.12227707 25 0 341.1217 1.0988038 -0.10230041
194 77.497664 422.33455 0.63708453 -0.19798509 -0.30594891 25 0 973.63773 3.0742534 -1.2193492
195 101.56132 423.78831 0.62681966 0.1987368 -0.30887953 25 0 2266.8084 7.4643658 -2.1824823
196 277.38603 433.94962 0.81279759 -0.082169151 -0.28073171 25 0 513.13145 1.2507206 -0.24290074
197 187.10303 440.70862 0.47264528 -0.28791732 -0.67356691 25 0 372.45115 1.2473386 -0.23996088
198 152.36511 441.86158 0.7323508 -0.27006278 -0.33888621 25 0 2629.1581 7.8118396 -2.2318833
199 125.852 442.66665 0.62170678 0.38548967 -0.13575592 25 0 1086.2828 3.3917555 -1.3260614
200 225.62614 445.22451 0.61669784 -0.18176002 -0.32456476 25 0 1141.1733 3.72196 -1.4269292
201 484.51214 445.28288 0.36896498 -0.50732171 -0.44223033 25 0 61268.701 207.9023 -5.7946483
202 338.1701 447.13564 0.64986111 -0.14534812 -0.27597892 25 0 3624.9047 12.031235 -2.7007756
203 7.9310169 449.9471 0.82363179 -0.23452671 -0.31500233 25 0 479.48054 1.2381505 -0.23193358
204 238.67155 449.7387 0.65869964 -0.032120893 -0.26901854 25 0 1209.3787 3.6193747 -1.3965839
205 84.81893 451.43858 0.53166023 0.29094167 -0.1052389 25 0 11744.107 42.398521 -4.0683768
206 469.66825 452.55688 0.32408705 0.31059672 0.10549546 25 0 269.28046 1.0863389 -0.089913374
207 205.59494 459.30685 0.53587684 0.039748382 -0.27876116 25 0 334.69153 1.1605797 -0.16168738
208 470.61226 461.85764 0.68146865 -0.13359556 -0.30520324 25 0 2443.1034 7.8276926 -2.2340844
209 490.01966 463.18004 0.75286016 0.14059776 -0.15168319 25 0 389.02092 1.0113153 -0.012216404
210 372.84767 464.06861 0.7625919 -0.51314717 -0.37460078 25 0 472.78059 1.2501503 -0.24240556
211 304.61713 465.2624 0.67465938 -0.070769868 -0.22604493 25 0 786.98534 2.3715991 -0.9376032
212 428.76659 466.41963 0.48099426 0.11003996 -0.016137459 25 0 402.95031 1.3193264 -0.30088059
213 355.66324 470.25912 0.6340919 -0.31214893 -0.23822336 25 0 1400.3269 4.5650558 -1.6486152
214 49.930638 471.06083 0.72872945 -0.07343749 -0.27168585 25 0 7382.7089 23.37867 -3.4220495
215 142.78741 472.27092 0.65446565 -0.12848951 -0.18969115 25 0 1253.6737 3.8225874 -1.4558935
216 421.18607 473.95888 0.43894898 -0.32004919 -0.32939217 25 0 60524.67 242.09726 -5.9599747
217 39.062908 476.10494 0.73142273 -0.4809526 -0.10093901 25 0 406.34612 1.1136489 -0.11687078
218 398.45899 476.29876 0.65478794 0.34579431 -0.15046306 25 0 385.99146 1.0360706 -0.038473398
219 204.45242 480.39026 0.62032502 -0.56159818 -0.30111989 25 0 4619.7434 14.976304 -2.9385116
220 336.21901 482.1204 0.62587661 -0.28296926 -0.23419199 25 0 757.11751 2.3860365 -0.94419271
221 422.36128 481.61641 0.52940567 0.16696546 -0.20055487 25 0 516.49697 1.6384337 -0.53607221
222 107.816 484.19822 0.68222215 -0.54846518 -0.35464584 25 0 596.433 1.733743 -0.59746178
223 254.58818 483.74626 0.60540551 0.058597136 -0.30281565 25 0 3086.1683 10.286052 -2.5306218
224 332.01317 489.05288 0.66669161 0.15958028 -0.51840888 25 0 625.55725 1.9044358 -0.69941582
225 132.62569 489.66838 0.64750421 0.54637067 -0.20381344 25 0 944.28124 2.8513179 -1.1376141
226 57.663492 494.98356 0.70742136 -0.014785076 -0.32347048 25 0 1323.959 4.0915148 -1.5297103
227 233.59147 504.73641 0.62306688 0.16454698 -0.51589585 25 0 459.15983 1.3422769 -0.31960527
228 490.85349 507.02023 0.87461292 -0.23244218 -0.52799654 25 0 491.86241 1.1928768 -0.19148894
229 60.976734 509.91123 0.77322611 0.17610711 -0.35896205 25 0 484.01809 1.3269592 -0.30714394
