id xcentroid ycentroid sharpness roundness1 roundness2 npix sky peak flux mag
1 340.83772 2.7042958 0.56533116 0.4286569 -0.19345387 25 0 225.58671 1.2198215 -0.21574073
2 312.9833 5.6166156 0.63379386 0.61029099 0.2261124 25 0 676.7246 2.8783797 -1.1478702
3 322.06331 7.8544561 0.7845425 0.23254076 0.063276732 25 0 391.72916 1.5274004 -0.45988227
4 444.24697 8.5497998 0.72579827 0.82067631 0.031619226 25 0 547.27344 2.2501511 -0.8805292
5 487.36272 10.918854 0.79817482 0.62022575 0.10472462 25 0 321.10754 1.1596521 -0.16081933
6 124.80085 12.716924 0.59971483 0.093050545 -0.20220721 25 0 479.69946 2.2364025 -0.87387491
7 350.49773 13.98852 0.66917256 0.24758864 -0.31732081 25 0 758.78994 3.1843575 -1.2575545
8 39.976943 14.829214 0.72852329 0.22077345 -0.074986753 25 0 15938.141 63.767128 -4.5114922
9 423.8802 17.215932 0.70911805 0.33439784 -0.058438109 25 0 746.97511 3.0673983 -1.2169254
10 483.11257 16.947561 0.71093066 0.32848488 -0.085246455 25 0 29162.269 117.16975 -5.1720388
11 441.25356 18.431715 0.52724346 0.078844693 0.072512622 25 0 207.04702 1.1064222 -0.10980224
12 27.862806 19.866844 0.66391146 0.44905433 0.027927134 25 0 210.01846 1.1419906 -0.14415636
13 228.75621 32.441702 0.65604755 -0.54876429 -0.074255106 25 0 280.50821 1.1346833 -0.13718661
14 469.49045 35.474957 0.7310584 0.097484065 -0.39362521 25 0 328.64626 1.3947639 -0.36125178
15 369.84323 35.179004 0.56836281 0.64517985 0.21433841 25 0 442.85682 2.1153362 -0.81344852
16 142.34975 38.172997 0.6627446 0.46462405 -0.36373216 25 0 448.55414 2.0318932 -0.76975221
17 114.04425 42.061822 0.34733561 0.35229263 -0.18645444 25 0 149.99113 1.0374377 -0.039905092
18 129.21001 42.347173 0.70372688 0.18813374 -0.093266314 25 0 541.5277 2.0994501 -0.80526388
19 202.24773 43.62738 0.60133256 0.59499939 0.060508806 25 0 1013.6106 4.426897 -1.6152485
20 221.54722 44.396738 0.58003671 0.05078749 -0.093844921 25 0 1877.9395 8.1152631 -2.2732565
21 434.80349 44.221023 0.62541893 0.52591472 -0.15863933 25 0 293.31286 1.3143243 -0.29675632
22 362.37101 45.522818 0.59953999 0.43643324 -0.1348019 25 0 422.85414 1.8774644 -0.68392925
23 340.15413 46.40681 0.35446484 0.50446922 -0.16936679 25 0 58669.599 313.07891 -6.2391345
24 405.65108 46.075071 0.70026613 -0.32528771 -0.30306492 25 0 266.89563 1.2129282 -0.20958776
25 81.961411 46.809224 0.61759958 0.084290831 0.066120974 25 0 567.3405 2.5982193 -1.0366895
26 265.58622 46.785735 0.59030075 -0.16968679 -0.25617438 25 0 270.99456 1.1854538 -0.18471159
27 126.99574 48.538762 0.61103595 0.36867824 0.031520591 25 0 4494.2739 19.194348 -3.2079334
28 415.70494 49.954014 0.65501096 0.49674399 -0.16891591 25 0 1034.0651 4.3214792 -1.5890811
29 60.706791 50.935783 0.63656819 -0.050245599 -0.38311221 25 0 220.02546 1.0985115 -0.1020115
30 249.23086 54.026886 0.68179199 0.15063774 -0.46434782 25 0 283.84319 1.211339 -0.20816425
31 262.55731 55.502488 0.60844432 0.033398093 0.20083947 25 0 310.58596 1.3637467 -0.33683428
32 416.37495 55.257197 0.83645893 0.59775061 0.12966829 25 0 283.13647 1.0814289 -0.084994909
33 68.212671 55.77771 0.48149278 -0.48010732 0.1108033 25 0 196.33897 1.0699568 -0.073415607
34 486.22211 55.731338 0.62328393 0.29216957 0.021079407 25 0 775.10257 3.3854666 -1.3240463
35 309.8726 56.870595 0.63782464 0.35954137 -0.16784267 25 0 1464.0316 6.1882561 -1.9789207
36 157.93545 61.663941 0.52497405 0.40655751 -0.097592062 25 0 290.6135 1.4012645 -0.3663003
37 458.84279 63.467536 0.56558318 0.22506317 0.004061344 25 0 1340.0492 6.1223272 -1.9672913
38 46.110414 64.576086 0.63424818 -0.11903861 0.2586287 25 0 308.40279 1.5119964 -0.44887693
39 13.130977 67.525049 0.78430158 0.58745424 0.060992513 25 0 369.23664 1.4360196 -0.39290089
40 364.82283 67.534178 0.63996075 0.96274817 0.2178339 25 0 269.30454 1.1732895 -0.173513
41 70.225804 69.284757 0.73021296 -0.020836597 -0.076377381 25 0 396.34083 1.5544384 -0.47893379
42 47.044052 69.701785 0.63818449 0.40384535 -0.011660939 25 0 605.17005 2.7304479 -1.0905848
43 185.24218 69.76859 0.62040337 0.30882349 -0.20131856 25 0 305.98383 1.3255208 -0.30596633
44 448.40307 70.281357 0.69886062 0.44430967 -0.2046698 25 0 1581.0633 6.3547946 -2.0077538
45 128.02755 71.543559 0.60279523 0.24552416 0.059591409 25 0 364.97613 1.6374024 -0.53538856
46 487.19247 71.128201 0.75948128 0.50913491 -0.13511751 25 0 422.81599 1.6102308 -0.51722031
47 13.434299 71.15092 0.4672125 0.02086134 0.43124408 25 0 293.45784 1.6061088 -0.51443741
48 433.69854 72.10937 0.65431623 0.11116702 -0.079026834 25 0 567.5642 2.4407877 -0.968825
49 52.285326 73.693065 0.78563807 0.083225907 0.2278865 25 0 260.11345 1.0290869 -0.031130114
50 71.409874 74.413044 0.47999478 -0.17429094 -0.010833319 25 0 1140.2289 5.6202833 -1.8743955
51 484.327 78.861058 0.68352155 0.38511603 -0.12800261 25 0 1037.5105 4.2536754 -1.5719109
52 366.26571 82.951594 0.67510762 0.29111162 -0.15729077 25 0 3350.2211 13.701337 -2.8419074
53 135.31949 86.349457 0.67012166 0.24285625 -0.20473633 25 0 472.74937 2.0213031 -0.76407861
54 107.62774 90.032978 0.75717238 0.18369413 -0.24941972 25 0 696.36536 2.6855559 -1.0725855
55 160.11143 90.021228 0.63640429 0.22389343 -0.33531013 25 0 330.13734 1.3471279 -0.3235221
56 506.62505 89.746782 0.63433546 0.55117783 -0.076964667 25 0 19618.018 82.44623 -4.790427
57 483.28888 95.995316 0.41602489 0.69382492 0.32153778 25 0 129.23177 1.0967272 -0.10024654
58 170.52511 96.742209 0.69270595 0.51930461 -0.2543792 25 0 464.21532 1.771657 -0.62094909
59 299.25258 97.310549 0.63577584 0.21114472 -0.12053748 25 0 1118.6174 4.7692933 -1.6961351
60 303.22662 99.103825 0.66787577 0.013317928 -0.24929427 25 0 1364.8442 5.5516714 -1.8610594
61 201.59307 100.14608 0.65711292 0.30935934 -0.30052671 25 0 1492.0225 6.0644239 -1.9569739
62 69.261761 104.39899 0.6839421 0.44188459 -0.04955547 25 0 3649.9295 14.387582 -2.8949695
63 131.45063 103.88836 0.72181515 -0.098669311 -0.17726737 25 0 418.70472 1.631573 -0.53151624
64 467.34704 103.82896 0.7003147 0.18812566 -0.13113857 25 0 384.52663 1.6154748 -0.52075049
65 312.04484 106.12036 0.66455036 0.094076639 -0.13922055 25 0 336.25091 1.4415734 -0.39709193
66 504.98643 109.63507 0.64708272 0.45876808 0.082073293 25 0 1990.1669 8.2160365 -2.2866559
67 347.96961 115.344 0.57632712 0.083491015 -0.095223583 25 0 501.19576 2.2904087 -0.89978244
68 234.6829 117.37318 0.66482376 0.63906078 -0.24412278 25 0 13786.17 54.614975 -4.3432793
69 252.04674 117.36597 0.55391884 0.35464355 0.15430485 25 0 813.0724 3.5530463 -1.3765022
70 318.67609 118.50708 0.6265661 0.82360501 -0.21852134 25 0 936.21147 3.9979014 -1.5045802
71 262.17329 118.90111 0.58805053 0.083783826 -0.1546935 25 0 1661.2645 7.3199593 -2.1612717
72 463.81597 120.07869 0.61386262 0.15628648 -0.20321474 25 0 365.15732 1.5997135 -0.51010554
73 507.70736 120.45577 0.60381587 0.6514375 0.061721229 25 0 245.97971 1.0492955 -0.052244483
74 113.41512 121.00219 0.66623439 0.22554536 -0.1565746 25 0 472.37602 1.9296438 -0.7136929
75 214.21764 120.47135 0.49764326 0.11270834 -0.10905879 25 0 388.70112 1.8001015 -0.63824246
76 66.427612 122.56444 0.67552862 0.47615298 -0.074841794 25 0 512.98229 2.098361 -0.80470052
77 167.96479 122.02672 0.61937182 -0.22408605 -0.81498912 25 0 369.71733 1.5552293 -0.47948608
78 165.9706 124.06532 0.65302959 0.13637995 -0.18505674 25 0 2072.2012 8.6722081 -2.3453242
79 493.84378 124.22207 0.70327828 -0.21142704 -0.36161022 25 0 403.81549 1.6177455 -0.52227549
80 189.896 129.58317 0.54693204 0.30434577 0.048735948 25 0 1345.5975 5.9334402 -1.9332664
81 21.117249 131.11401 0.78323 0.17723453 -0.06760347 25 0 1497.3388 5.7276762 -1.8949462
82 267.16687 132.81489 0.57205668 0.39774696 -0.27558604 25 0 341.83331 1.4887507 -0.43205497
83 409.81978 140.78684 0.58130696 0.43679251 -0.10263264 25 0 10571.816 47.048661 -4.1813682
84 398.07574 143.94136 0.54331261 0.65109136 -0.47686875 25 0 194.41809 1.1129702 -0.11620887
85 312.56039 146.56682 0.49319124 -0.05566799 -0.083242426 25 0 2106.2074 9.859156 -2.4845993
86 28.486572 147.48315 0.67208114 0.96101363 0.11627376 25 0 678.81091 2.8120616 -1.1225621
87 11.712469 151.52545 0.56428412 0.5492476 -0.11532793 25 0 429.97841 2.0666105 -0.78814656
88 497.98781 152.78507 0.64775094 0.32170613 -0.055253695 25 0 7571.7183 32.004673 -3.7630335
89 111.44222 160.81851 0.53377245 -0.30842809 -0.37842892 25 0 404.28568 1.933994 -0.71613781
90 399.72429 162.30638 0.60827196 0.10325144 -0.11736575 25 0 45658.565 195.31762 -5.7268535
91 220.33535 166.41968 0.64047377 0.49897457 0.0085546381 25 0 499.86105 2.0469056 -0.77774454
92 439.00531 165.67865 0.65202231 0.22615124 -0.074768337 25 0 536.70799 2.5161719 -1.0018508
93 167.39279 169.89064 0.65439561 0.31339591 -0.14116042 25 0 1176.5917 4.7195429 -1.6847498
94 47.330367 173.69857 0.54634795 0.53522418 0.14031247 25 0 275.61113 1.2351768 -0.22932281
95 156.41802 174.03101 0.5622509 -0.12734001 -0.23693307 25 0 238.7619 1.0303323 -0.032443256
96 492.02553 174.1016 0.66803404 0.34804426 -0.07289748 25 0 6677.422 27.861872 -3.6125257
97 239.91622 174.8993 0.61390315 0.36805249 -0.18596144 25 0 1594.0945 6.8253884 -2.0853184
98 360.13358 174.4541 0.50670194 0.093290398 -0.048479951 25 0 349.33981 1.7621037 -0.61507868
99 178.07697 175.6303 0.59868507 0.26858476 -0.047935655 25 0 907.61116 3.9379041 -1.4881628
100 15.117857 177.64711 0.87326327 0.072503072 0.13981828 25 0 280.32244 1.0099883 -0.010790828
101 427.28163 176.64632 0.62829015 -0.37252959 -0.13259643 25 0 296.39047 1.3080936 -0.29159707
102 166.46659 178.21723 0.66121366 0.47951038 -0.20620083 25 0 1489.6895 6.0273962 -1.9503244
103 434.90874 183.39811 0.60576374 0.25222195 -0.03308348 25 0 2457.9188 10.596063 -2.5628613
104 30.655706 184.12941 0.61383406 0.24082589 -0.16968002 25 0 709.61194 3.1573126 -1.248294
105 128.69998 184.37945 0.58809611 0.22358633 0.0057188657 25 0 1478.3086 6.4043844 -2.0161935
106 496.69178 185.15403 0.57359663 0.14105433 -0.085611735 25 0 678.91313 3.0408261 -1.207479
107 424.79917 185.50107 0.54665419 0.5496497 -0.012306225 25 0 454.38345 2.0554344 -0.78225904
108 240.46071 187.19776 0.60419328 0.12536772 -0.29971011 25 0 914.93583 3.8599142 -1.4664441
109 435.30536 188.41792 0.660837 0.22453609 -0.10466301 25 0 820.2497 3.4086417 -1.3314534
110 203.15122 189.60263 0.55285453 0.62171651 0.013163015 25 0 572.26883 2.5061532 -0.99751906
111 340.14558 189.64437 0.72239431 -0.72998296 0.51242727 25 0 258.57988 1.0004319 -0.00046880058
112 85.400105 190.82256 0.65173705 0.03714336 -0.15314505 25 0 37096.722 155.34057 -5.4782122
113 135.03382 192.11296 0.59954798 0.27969615 -0.06469974 25 0 442.81068 2.0129815 -0.75959948
114 434.53143 196.18648 0.76213304 0.58658605 -0.23366943 25 0 322.02728 1.2628058 -0.25334142
115 468.67682 200.29132 0.61820877 -0.11479627 -0.15744764 25 0 550.71071 2.3271271 -0.91705025
116 362.68281 202.03269 0.56410845 0.16138633 -0.086922692 25 0 240.10898 1.2602073 -0.25110498
117 395.71549 202.01441 0.71253199 0.72204965 -0.10791255 25 0 262.94485 1.0303124 -0.032422355
118 182.07087 202.78143 0.55535008 0.21274864 -0.04938618 25 0 503.28172 2.2495005 -0.88021524
119 212.4589 203.90435 0.80047017 0.1986287 -0.0045634747 25 0 322.79405 1.1027142 -0.10615742
120 80.410955 204.88504 0.54242435 0.075493682 -0.065867137 25 0 499.51031 2.4163794 -0.95791282
121 419.32961 204.66157 0.54795303 -0.20095779 -0.43003498 25 0 237.98298 1.3002547 -0.28507112
122 483.15537 206.22857 0.59691153 0.23324916 -0.081137626 25 0 568.20868 2.5911313 -1.0337235
123 429.49826 208.90081 0.53314098 -0.22551023 -0.50734525 25 0 229.77099 1.3089859 -0.2923374
124 26.490421 213.91736 0.67077484 0.59837231 -0.27690881 25 0 396.89389 1.6594462 -0.54990795
125 28.146489 215.44669 0.62698663 0.34975777 -0.34791903 25 0 348.63404 1.4618956 -0.41229088
126 439.40848 216.18907 0.6580868 0.46571809 -0.040306201 25 0 1004.1743 4.1629075 -1.5484919
127 1.6437302 217.48798 0.58384679 0.032162875 -0.028907652 25 0 1473.2169 6.4012924 -2.0156692
128 340.05164 218.45079 0.58393504 0.49699019 -0.032513616 25 0 1243.5139 5.5147905 -1.8538225
129 270.31104 220.42805 0.4598075 -0.089735595 0.15945112 25 0 467.54356 2.4090064 -0.95459489
130 164.51411 222.0813 0.56648733 0.047640327 -0.19597547 25 0 872.12464 3.8611951 -1.4668044
131 234.15583 225.18328 0.74862223 0.068960757 0.052073669 25 0 322.62465 1.2954923 -0.28108707
132 493.25579 224.87986 0.65278808 0.20206578 -0.079061518 25 0 4639.5664 19.555964 -3.2281981
133 253.66674 227.30452 0.59981574 0.14379237 -0.10033841 25 0 2339.3848 9.864703 -2.48521
134 365.84615 229.41213 0.60011115 0.25889238 -0.0065433217 25 0 3779.7679 16.105611 -3.017443
135 436.08461 230.02494 0.6641 0.2656197 -0.12526869 25 0 14293.222 59.446787 -4.435321
136 340.84708 231.58092 0.5872417 0.53160738 -0.10746888 25 0 883.19543 3.9191011 -1.4829662
137 505.25096 231.76397 0.54749571 0.17567049 -0.3101152 25 0 309.90391 1.6247499 -0.52696632
138 484.05505 234.52233 0.91731343 0.32011424 0.49119882 25 0 338.00651 1.2590395 -0.2500984
139 194.23903 238.06687 0.64924137 0.44100101 -0.1691621 25 0 640.64952 2.6216105 -1.0464204
140 254.25667 238.89464 0.65377483 0.3801941 -0.21150316 25 0 731.09459 3.0186175 -1.1995202
141 445.22381 241.57893 0.62478333 0.70119532 0.099580625 25 0 1619.1409 6.6418284 -2.0557191
142 44.590935 242.34518 0.56279634 0.037069135 -0.15097149 25 0 331.33342 1.7257302 -0.59243222
143 30.935229 244.88381 0.46115259 0.60703997 0.002254898 25 0 171.14119 1.1309844 -0.13364153
144 499.48993 252.88719 0.57700141 0.24928412 -0.46375258 25 0 205.92464 1.0969958 -0.10051242
145 442.14173 254.96069 0.65134206 0.25539179 -0.12869098 25 0 7448.6798 31.215571 -3.7359282
146 217.97146 255.50065 0.53716046 0.47787991 -0.0078033409 25 0 3848.1193 17.465127 -3.1054294
147 279.94746 257.91699 0.87597455 0.19404757 -0.1514078 25 0 467.99779 1.5433973 -0.47119433
148 345.44705 264.38871 0.6155916 0.017776688 -0.16525949 25 0 309.19311 1.2321533 -0.22666182
149 118.37339 265.89163 0.59243148 0.41908333 -0.61175183 25 0 317.57431 1.3684645 -0.34058381
150 0.71016091 276.51082 0.7643852 0.012649534 -0.40023586 25 0 261.18475 1.0405081 -0.04311363
151 47.22095 276.41232 0.66685172 0.58558975 -0.016224571 25 0 1379.3495 5.7050802 -1.8906544
152 103.41947 278.04996 0.74868534 0.22352155 -0.5925405 25 0 298.00965 1.0351168 -0.037473353
153 229.68493 284.63478 0.47517508 0.73902285 -0.033449809 25 0 268.45004 1.5197892 -0.45445842
154 61.612841 285.51171 0.45719974 -0.17543674 -0.076745555 25 0 509.77489 2.5343751 -1.0096772
155 361.72118 287.83376 0.62197413 0.36385047 -0.13491159 25 0 5044.8424 21.476998 -3.329934
156 174.44766 289.26293 0.73926188 0.5522888 -0.10088253 25 0 895.19738 3.388199 -1.3249223
157 81.238373 290.37567 0.69579545 0.43122995 -0.043713837 25 0 1094.3601 4.1811721 -1.5532451
158 53.03949 290.52968 0.61912247 0.40148251 0.053247754 25 0 1101.0715 4.4919412 -1.6310852
159 336.1241 292.74194 0.59692919 0.10108554 0.0031620074 25 0 331.29138 1.438027 -0.3944176
160 467.33646 292.6603 0.70751852 0.10113158 -0.051355408 25 0 695.69621 2.7429798 -1.0955565
161 5.5309171 295.40593 0.50517013 0.19484893 -0.11036605 25 0 306.8664 1.4783622 -0.42445212
162 20.931416 295.36646 0.82780034 -0.5613917 -0.25663013 25 0 311.05224 1.0872598 -0.090833376
163 83.805929 300.23537 0.72312968 -0.42443519 -0.054360293 25 0 276.87421 1.0063848 -0.0069101874
164 150.31798 300.02171 0.6719063 0.20982846 -0.28766346 25 0 517.98192 2.1547559 -0.83349521
165 64.727746 306.09458 0.62955666 0.24801841 -0.17102088 25 0 1166.302 5.0035174 -1.7481885
166 412.56958 305.95583 0.52819587 -0.1020779 -0.31479731 25 0 326.26564 1.5720598 -0.49117262
167 440.07585 311.56604 0.58152859 0.23499724 0.037818834 25 0 802.8926 3.4808756 -1.3542213
168 208.30325 311.61647 0.60376864 -0.21630063 -0.11072423 25 0 721.88546 3.1161767 -1.2340552
169 127.48306 316.38214 0.66134591 0.70187146 -0.14803536 25 0 2877.9188 11.597224 -2.6608851
170 3.5033746 318.12203 0.67806556 0.086139453 -0.22250567 25 0 2153.982 8.8055596 -2.3618924
171 49.400942 320.42464 0.800245 0.20766785 0.070322345 25 0 408.04571 1.4629838 -0.41309881
172 176.8395 325.70838 0.69445412 -0.068689553 -0.22893006 25 0 314.5797 1.276426 -0.26498911
173 319.86078 328.03422 0.59094418 0.2241041 0.0068536997 25 0 494.06694 2.1169825 -0.81429317
174 482.46118 329.90216 0.53010457 -0.066658395 -0.1673785 25 0 198.20871 1.1608073 -0.16190031
175 252.51824 330.91874 0.59452265 0.074866128 -0.034553011 25 0 269.47574 1.1627089 -0.16367746
176 10.055632 335.32655 0.72217029 0.4146427 -0.017360006 25 0 5069.5361 19.944603 -3.2495635
177 277.13513 335.39399 0.58112321 0.40039786 -0.10104629 25 0 387.357 1.6760366 -0.56070876
178 20.297239 336.27855 0.73725952 0.48168985 -0.084296472 25 0 12851.197 49.879045 -4.2447953
179 369.94765 335.78541 0.61163885 0.42951002 -0.24851391 25 0 443.90323 1.9500237 -0.72509975
180 66.542554 337.43083 0.69016513 0.59355446 -0.058839497 25 0 858.98058 3.3571134 -1.314915
181 253.43516 336.8562 0.56853138 0.20146152 -0.25385451 25 0 666.37814 2.9489878 -1.1741824
182 478.34124 343.1769 0.75354258 0.52183914 0.10223444 25 0 989.28522 3.5469177 -1.3746278
183 249.34109 346.58724 0.63274725 0.91499364 -0.14642204 25 0 330.05976 1.4041266 -0.36851565
184 350.27938 349.19215 0.68527605 0.40887932 -0.13435536 25 0 713.64141 2.9297065 -1.1670603
185 229.56295 352.914 0.65106665 0.036309106 -0.2833818 25 0 4616.1915 18.787672 -3.1846824
186 371.55889 354.31725 0.64047121 0.56691794 -0.28401437 25 0 881.52991 3.6420328 -1.4033596
187 11.557525 355.3187 0.69468748 -0.13746212 -0.029251585 25 0 728.7914 2.7705568 -1.1064176
188 1.9889579 355.70592 0.7076348 0.039114666 0.13381207 25 0 493.06555 1.9611249 -0.73126312
189 288.47818 356.83541 0.60844652 0.029557268 -0.24243988 25 0 21336.415 89.881367 -4.8841742
190 225.79365 357.89745 0.67689594 0.15488369 0.23992514 25 0 275.96522 1.0892683 -0.092837204
191 11.785773 359.17717 0.79544411 -0.24214473 -0.097847681 25 0 1482.6566 5.3254453 -1.8158898
192 343.72071 361.45736 0.42005841 -0.40456936 -0.29206172 25 0 162.45114 1.0160453 -0.017282645
193 12.782811 362.47866 0.75239324 -0.041731593 0.21636936 25 0 577.16893 2.0959235 -0.80343856
194 404.20081 363.97506 0.65596817 0.11509276 -0.18432049 25 0 1879.9925 7.9090296 -2.245308
195 469.68207 364.62015 0.53791071 0.090712898 -0.32950461 25 0 246.39927 1.1266647 -0.12948673
196 215.73912 365.99723 0.61322193 0.19903148 -0.25611723 25 0 1424.1791 5.942653 -1.9349509
197 267.79935 367.15418 0.64952269 0.1796321 -0.1537206 25 0 2608.7133 10.918573 -2.5954147
198 417.37902 368.31023 0.66632218 0.58428671 -0.11457282 25 0 1029.6998 4.2717348 -1.5765107
199 85.435742 368.63655 0.60775578 -0.015048486 -0.089291443 25 0 4190.8756 17.824719 -3.1275567
200 128.62063 369.39952 0.54298767 0.85026245 -0.066109131 25 0 368.02038 1.7141375 -0.58511414
201 489.10485 370.42309 0.64379369 0.36119373 0.008951383 25 0 8509.7168 35.65298 -3.8802396
202 12.47389 371.80598 0.70128984 0.12175183 -0.26235128 25 0 470.39284 1.8083736 -0.64322042
203 466.15973 378.1206 0.71378276 -0.27048783 -0.82928796 25 0 302.82786 1.263165 -0.25365022
204 15.625301 382.19227 0.45280355 0.11330347 0.052842731 25 0 227.01102 1.0806394 -0.084201953
205 355.68948 381.41158 0.53662323 0.61994686 0.0007486946 25 0 2583.81 11.704452 -2.6708777
206 64.539032 382.9093 0.68192488 0.22872332 -0.23495305 25 0 3436.8926 13.845403 -2.853264
207 110.33926 384.52565 0.67840637 0.49239803 0.091109475 25 0 533.38955 1.9555209 -0.72815614
208 217.01079 385.83821 0.64791081 0.3945036 -0.20438971 25 0 598.22831 2.4469054 -0.97154295
209 258.98252 386.87971 0.83686417 0.35750575 -0.16863011 25 0 364.58637 1.204332 -0.20186554
210 473.71693 386.8221 0.65723944 -0.17523583 0.3468813 25 0 536.10816 1.9738983 -0.73831195
211 90.226137 387.68108 0.46492697 0.014629414 -0.16865525 25 0 348.67996 1.6345579 -0.53350075
212 134.32611 388.70982 0.63658179 0.13214139 -0.12310871 25 0 1300.6484 5.2907217 -1.8087873
213 506.04994 388.60275 0.58747119 0.36458335 -0.28659534 25 0 281.15582 1.2073497 -0.20458271
214 248.16796 389.93948 0.53485427 -0.30865738 -0.24191074 25 0 220.45726 1.1518473 -0.1534873
215 474.42487 390.38752 0.67153628 0.49239974 -0.066346739 25 0 1862.2143 7.3881068 -2.1713329
216 445.12931 390.79614 0.65271438 0.15373065 -0.11641118 25 0 2429.0306 10.257794 -2.5276349
217 49.943577 393.80099 0.78853339 0.71918231 0.13940571 25 0 567.45604 2.083132 -0.79679196
218 236.38724 398.63373 0.57490788 0.0021617885 -0.11837055 25 0 6228.8867 27.459786 -3.5967429
219 366.92733 400.60589 0.51269075 0.42566205 -0.1278406 25 0 598.90544 2.8217766 -1.1263066
220 265.43925 406.10335 0.72217465 0.61666519 -0.0908564 25 0 678.97179 2.5305373 -1.0080319
221 402.29998 405.68244 0.66997213 -0.23719736 -0.07064794 25 0 555.33643 2.1468867 -0.82952281
222 12.008174 407.98266 0.80686116 -0.11792473 -0.18809568 25 0 327.97657 1.0979952 -0.10150112
223 262.78497 409.8273 0.62000326 0.36236796 -0.11619208 25 0 1766.0622 7.4951877 -2.1869563
224 281.06169 409.62142 0.62200056 0.69981745 0.073526406 25 0 293.68701 1.1703683 -0.17080642
225 484.25881 410.18326 0.7697721 0.55225866 -0.12790483 25 0 539.33153 2.0497595 -0.77925728
226 31.222481 414.03924 0.63331594 0.74130397 -0.021081542 25 0 292.05226 1.1911848 -0.18994784
227 94.602388 415.23644 0.66536849 0.055786515 -0.18400627 25 0 831.30381 3.1076668 -1.2310861
228 118.84483 416.74138 0.67406169 0.34479293 -0.12104622 25 0 2272.5318 9.3278257 -2.4244511
229 294.55494 426.74064 0.62777514 -0.3486031 -0.52360139 25 0 347.29638 1.2824647 -0.27011358
230 175.56781 428.38956 0.84377337 0.33195408 -0.37801366 25 0 372.61704 1.2348157 -0.22900533
231 204.89728 433.46218 0.45880756 -0.25448054 -0.35353327 25 0 248.25935 1.1452607 -0.14726088
232 169.6553 434.83333 0.67755839 0.42095723 -0.15447517 25 0 2102.4403 8.4484635 -2.3169443
233 143.13226 435.58081 0.53185629 0.1078062 -0.085577695 25 0 874.64239 3.7884769 -1.4461616
234 184.21281 436.2469 0.55846709 0.64127479 -0.27181121 25 0 255.01172 1.1535885 -0.15512727
235 391.85788 435.56216 0.57101666 0.59873011 0.10986825 25 0 297.43581 1.3320209 -0.3112776
236 242.82942 438.11561 0.63046329 0.21299499 -0.13210861 25 0 1062.9662 4.546695 -1.6442395
237 501.90618 437.81944 0.26271307 0.36006131 -0.0064988404 25 0 61079.23 347.46783 -6.3522865
238 355.51713 439.88446 0.67386192 -0.020234157 -0.279762 25 0 3040.728 12.118193 -2.7085946
239 25.110872 443.17908 0.83438093 -0.37821171 -0.26349575 25 0 331.44778 1.1234405 -0.12637519
240 255.92795 442.4349 0.60674942 0.30421904 0.16646309 25 0 964.11882 3.9776246 -1.4990595
241 101.97944 444.48219 0.63055301 0.3657562 0.018428136 25 0 12436.004 52.435269 -4.2990588
242 487.10241 444.88557 0.53748546 -0.26604107 -0.43662541 25 0 277.64789 1.3606703 -0.33438228
243 473.45448 451.29851 0.46772693 0.10309297 -0.35288704 25 0 218.75031 1.0969172 -0.10043463
244 222.72556 451.95268 0.64893883 -0.26930355 -0.15955638 25 0 408.23309 1.9048677 -0.69966202
245 487.93283 454.32676 0.65258343 0.16699538 -0.068851505 25 0 2126.0321 8.8637612 -2.3690451
246 390.19688 456.77029 0.74417705 -0.14119715 -0.4569703 25 0 381.24062 1.5473029 -0.47393835
247 265.89501 458.13142 0.66066333 -0.17710847 -0.35797098 25 0 262.22175 1.0250527 -0.026865433
248 321.91088 458.06882 0.73936935 0.10990244 -0.20326076 25 0 734.85 2.7114232 -1.0829933
249 445.92966 459.0721 0.56511163 0.31190026 -0.40504486 25 0 375.27348 1.5940514 -0.50625577
250 490.2652 460.447 0.59772247 -0.21070953 -0.4799279 25 0 204.33655 1.003846 -0.0041677419
251 372.99927 462.96933 0.62725805 0.10456139 -0.14538987 25 0 1376.6192 5.9753094 -1.940901
252 67.133006 464.00845 0.74479896 0.22694476 -0.15845112 25 0 6542.0813 25.640667 -3.5223233
253 160.11798 465.21428 0.72989039 0.31078061 -0.049121651 25 0 1236.008 4.7536771 -1.6925742
254 336.72284 465.7989 0.56659369 -0.22867956 0.12665983 25 0 306.19412 1.3802177 -0.34986897
255 438.48319 466.46699 0.50120162 0.68357839 -0.095108645 25 0 61464.099 284.97664 -6.1370232
256 56.143115 468.96093 0.75474684 0.11516939 -0.13216714 25 0 383.37014 1.4684797 -0.41716985
257 415.74489 468.85127 0.62631887 0.32807962 0.15882458 25 0 320.52062 1.3277629 -0.30780135
258 221.77361 473.20547 0.65087976 0.086135967 -0.15840394 25 0 4852.8996 20.502901 -3.2795383
259 439.622 474.41722 0.62956822 -0.68516565 0.12719403 25 0 435.64721 1.5670591 -0.48771344
260 353.33898 474.88224 0.57980011 -0.057960116 -0.43274278 25 0 497.86962 2.0140279 -0.76016368
261 56.105925 476.01133 0.93106779 0.24303945 0.090332303 25 0 358.35204 1.1270161 -0.12982529
262 125.02557 477.07537 0.78251354 0.060599191 -0.28687482 25 0 460.98167 1.4514153 -0.40447921
263 271.98957 476.40781 0.56425716 0.39679946 0.045516114 25 0 2543.4532 11.225805 -2.6255437
264 149.72802 482.57955 0.5201127 0.22423793 -0.035671179 25 0 706.97379 3.3611046 -1.3162051
265 349.40209 481.59854 0.63110913 0.24889533 -0.038077828 25 0 465.61004 1.832209 -0.65743751
266 227.64664 487.01556 0.54873377 0.27797093 -0.37368291 25 0 262.99433 1.1294584 -0.13217562
267 74.868016 487.92637 0.7269898 0.24960136 -0.12533843 25 0 1235.6344 4.7986553 -1.7027989
268 251.10127 497.53304 0.49739839 0.17704506 0.082556596 25 0 369.83896 1.6607772 -0.55077844
269 508.23833 499.60543 0.57981135 0.6161023 -0.071393973 25 0 268.51607 1.224778 -0.22014345
270 161.05182 501.4914 0.35098787 0.75139951 0.31331605 25 0 233.55848 1.1275077 -0.1302988
271 78.01199 502.98978 0.73071218 -0.39885804 0.075969936 25 0 368.01121 1.3847918 -0.35346121
272 126.91824 504.46884 0.66658847 0.18183125 0.35736017 25 0 594.36515 2.3038822 -0.90615068
273 172.29528 504.66944 0.60653008 -0.016211952 -0.035353888 25 0 508.08672 2.1155931 -0.81358038
274 127.82764 508.29663 0.62146042 0.28887524 0.032044202 25 0 720.79899 3.0206119 -1.2002373
