id xcentroid ycentroid sharpness roundness1 roundness2 npix sky peak flux mag
1 336.6109 2.3933711 0.54006053 -0.43121027 -0.43449057 25 0 290 1.0606589 -0.063939394
2 296.50155 12.458356 0.52471566 0.37977603 -0.28277196 25 0 503 1.6096391 -0.51682128
3 427.94059 15.836161 0.57986333 0.21673397 -0.1149881 25 0 394 1.4640412 -0.41388328
4 108.62905 19.658767 0.6240427 0.033598683 -0.15524844 25 0 462 1.3921504 -0.35921543
5 334.17373 21.19888 0.59245859 0.1214035 -0.12158374 25 0 733 2.3214016 -0.91437568
6 23.649488 21.585111 0.5831377 0.30678111 -0.1488881 25 0 12149 34.019852 -3.8293311
7 407.38106 24.330065 0.70537315 0.41911059 -0.14833357 25 0 642 1.820292 -0.65035263
8 466.6412 24.256435 0.61321439 -0.16122043 -0.22224094 25 0 24211 65.472906 -4.540154
9 353.51441 42.596156 0.6439218 -0.30603829 -0.21148962 25 0 461 1.3257235 -0.3061324
10 452.97439 42.888543 0.74026115 0.34179218 0.038826873 25 0 330 1.1957693 -0.19411847
11 126.08356 45.196487 0.71855582 -0.11514393 -0.32347986 25 0 500 1.3351163 -0.31379775
12 112.92411 49.301674 0.60677323 -0.28161774 -0.13612919 25 0 589 1.7110974 -0.58318685
13 185.87542 50.41411 0.62045648 0.028404682 -0.12973761 25 0 1173 3.1970608 -1.2618772
14 205.34119 51.25713 0.6522002 0.14518663 -0.21190182 25 0 2302 5.9153537 -1.9299518
15 323.92798 53.549253 0.35359239 -0.057948907 -0.2077821 25 0 58666 178.99864 -5.6321243
16 345.93605 52.473037 0.36595948 -0.21529727 -0.29993609 25 0 263 1.091295 -0.094855417
17 65.502121 53.509279 0.59867549 0.80431439 -0.15736346 25 0 439 1.3991212 -0.36463831
18 110.57956 55.525472 0.5533157 -0.49604338 -0.15223034 25 0 4075 11.18411 -2.6215036
19 399.3608 56.996938 0.70466312 0.11129525 -0.2297399 25 0 1202 3.2060634 -1.2649303
20 245.98391 62.329661 0.53526901 -0.21412613 0.044019187 25 0 351 1.0486447 -0.051570914
21 469.69404 63.041907 0.58748751 -0.033163192 -0.24442788 25 0 713 2.3969441 -0.94914476
22 293.5903 63.924845 0.66986736 -0.25673332 -0.44036655 25 0 1520 3.8676424 -1.4686158
23 442.5113 70.672562 0.63830807 -0.43034185 -0.25653569 25 0 1316 3.6318978 -1.400334
24 500.91417 72.941266 0.69293162 0.12565596 -0.12519852 25 0 3630 9.7148412 -2.4685893
25 30.50419 76.617097 0.5868475 -0.82728246 -0.25656361 25 0 456 1.4015916 -0.36655368
26 53.67522 76.228125 0.72409611 -0.54830892 -0.1723044 25 0 450 1.17294 -0.1731895
27 111.74707 78.265462 0.64491338 0.21818957 -0.55823331 25 0 399 1.071708 -0.075191133
28 432.05718 77.457921 0.5756874 0.11944523 0.049221644 25 0 1324 3.878444 -1.4716438
29 470.74797 78.29288 0.56555019 -0.11677217 -0.17823099 25 0 305 1.157691 -0.15898162
30 417.18834 79.168518 0.75285336 0.35781114 -0.06722904 25 0 620 1.6693912 -0.55639531
31 54.978304 81.393375 0.64776047 -0.18406599 -0.11506944 25 0 1563 4.1406612 -1.5426742
32 467.71137 86.11521 0.63482872 0.08886051 -0.129979 25 0 880 2.6281806 -1.049138
33 349.7221 90.144954 0.59658922 -0.11330521 -0.25262519 25 0 3203 8.9040042 -2.3739634
34 118.90386 93.286956 0.65025403 0.075396866 -0.21635093 25 0 574 1.4776771 -0.42394887
35 91.221678 96.844081 0.65163634 -0.28319008 -0.10642513 25 0 687 1.8368786 -0.66020112
36 490.20614 97.052383 0.71636693 0.03898403 -0.15648205 25 0 24758 62.494311 -4.4896012
37 154.38282 103.55837 0.71418541 -0.37852956 -0.22820452 25 0 579 1.2349356 -0.22911077
38 282.81663 104.44995 0.62016487 -0.32363312 -0.17650626 25 0 1237 3.1453054 -1.2441571
39 286.79268 106.14025 0.6221931 -0.39671558 -0.31656911 25 0 1518 3.9446754 -1.4900282
40 185.19102 107.12646 0.66621038 -0.10316366 -0.26819614 25 0 1867 4.6209226 -1.6618217
41 52.856676 111.22151 0.63878862 -0.25771972 -0.24914825 25 0 4435 11.858977 -2.6851181
42 114.84468 110.81044 0.70248426 -0.32837468 -0.28602839 25 0 498 1.1859196 -0.18513809
43 450.92326 111.04862 0.63197998 -0.2778484 -0.23817451 25 0 361 1.2301214 -0.22486993
44 508.23123 113.58896 0.64023801 0.44895834 0.035589314 25 0 1858 5.0271153 -1.7532971
45 488.51205 116.99451 0.6726476 -0.13736143 -0.30450139 25 0 2059 5.5315477 -1.8571166
46 331.48436 122.45514 0.63956522 0.23482918 -0.27826355 25 0 518 1.3341639 -0.31302293
47 218.21759 124.41113 0.62845211 0.17873443 -0.12071033 25 0 16268 42.558947 -4.0724772
48 235.58432 124.40332 0.49912254 0.49144799 -0.12005322 25 0 814 2.1720347 -0.84216688
49 245.64657 125.85376 0.52860709 -0.079102665 -0.33203247 25 0 1660 4.7805147 -1.6986867
50 302.24016 125.53987 0.59397329 -0.30061859 -0.14681017 25 0 1074 2.8626561 -1.1419229
51 97.178221 128.03582 0.65353243 0.26348069 -0.19024434 25 0 580 1.4823939 -0.42740906
52 197.91271 127.4871 0.5388022 0.26720758 -0.29691439 25 0 476 1.1342453 -0.13676747
53 49.883363 129.28047 0.65618024 -0.044853628 -0.15702527 25 0 578 1.5650027 -0.48628771
54 149.50526 131.0111 0.59373087 -0.2650919 -0.37812152 25 0 1925 5.1236686 -1.7739526
55 477.58281 131.4943 0.51092306 0.78513958 0.099844819 25 0 234 1.0088479 -0.0095642541
56 173.50729 136.55719 0.52684916 -0.54604631 -0.19635238 25 0 1419 3.7478994 -1.4344698
57 4.8521534 137.88847 0.65948828 -0.011934901 -0.12195606 25 0 1368 3.6331651 -1.4007128
58 250.94285 139.87753 0.63632168 -0.071949761 -0.29566163 25 0 572 1.3694389 -0.34135665
59 393.3374 148.01031 0.670394 -0.074775368 -0.2649781 25 0 12767 32.652203 -3.7847812
60 12.08801 154.26482 0.6576498 -0.15838826 -0.21278014 25 0 838 2.3220256 -0.91466753
61 296.26492 153.54441 0.57052091 -0.27213748 -0.084167799 25 0 2644 7.0602983 -2.1220576
62 481.57822 160.04384 0.69506714 -0.053796166 -0.29312115 25 0 7659 19.163617 -3.2061937
63 383.27112 169.50198 0.57024052 -0.25874052 -0.067359099 25 0 42653 115.26635 -5.1542563
64 203.94484 173.36277 0.59343336 -0.2013605 -0.22623355 25 0 592 1.4505998 -0.40386905
65 422.49594 173.09348 0.64909483 -0.10774891 -0.39893846 25 0 485 1.3718584 -0.34327323
66 150.81459 176.85592 0.62865208 -0.15659641 -0.2814525 25 0 613 1.4194713 -0.38031654
67 30.802321 180.38437 0.52429407 0.19760096 -0.25354316 25 0 338 1.0738356 -0.077344536
68 475.5878 181.42052 0.63054003 0.43028679 -0.19377041 25 0 5519 14.297385 -2.8881416
69 223.46561 181.86912 0.68335532 -0.34187719 -0.30044741 25 0 1863 4.3367851 -1.5929197
70 343.42918 181.75646 0.57935168 0.067549448 -0.26521838 25 0 466 1.2099269 -0.20689782
71 161.68142 182.48756 0.55773572 -0.59211256 -0.23405042 25 0 802 1.9183926 -0.70734375
72 150.01807 185.21701 0.65670626 -0.11136233 -0.28277001 25 0 1761 4.3774053 -1.6030419
73 14.19946 191.01359 0.62624196 -0.39033079 -0.34895662 25 0 858 2.4502358 -0.97301972
74 112.30179 191.17597 0.66777516 0.13759497 -0.19373896 25 0 1932 4.8237682 -1.7084661
75 418.4783 190.53213 0.62404497 -0.56689269 -0.18711436 25 0 2306 5.9209277 -1.9309744
76 480.26186 192.53357 0.52586404 -0.025651416 -0.017375302 25 0 592 1.9650344 -0.73342538
77 408.34326 192.80047 0.56023671 -0.28661723 -0.27311556 25 0 526 1.6379585 -0.53575723
78 224.13625 194.04612 0.67364332 -0.025975291 -0.22405436 25 0 1255 3.0384987 -1.2066476
79 418.93708 195.66451 0.58346857 0.065595372 -0.1253698 25 0 836 2.4671513 -0.98048945
80 186.62681 196.8145 0.54788465 0.033110241 -0.44129187 25 0 729 1.9012129 -0.69757691
81 68.907467 197.62007 0.5438609 0.053008843 -0.1345256 25 0 34455 99.349853 -4.9929181
82 118.41855 198.89424 0.5895295 0.18925294 -0.39602418 25 0 414 1.02224 -0.023882193
83 452.122 207.7214 0.58916206 0.66351054 0.033140563 25 0 444 1.4185098 -0.37958086
84 165.39367 209.70243 0.51325901 0.45716645 -0.36000535 25 0 565 1.4639124 -0.41378775
85 506.09521 211.2529 0.71572352 0.074350338 -0.093399922 25 0 1729 4.4658015 -1.6247485
86 64.134293 211.69238 0.58499632 0.064595287 -0.098465918 25 0 568 1.3834426 -0.35240287
87 466.74798 213.55223 0.56216542 0.40636409 0.10430846 25 0 507 1.6581904 -0.549086
88 500.03736 217.31629 0.67853262 0.069792732 -0.06724795 25 0 3277 8.6003122 -2.3362855
89 422.81506 223.54644 0.60564966 -0.098439083 0.03223571 25 0 940 2.5768612 -1.0277275
90 323.54996 225.54838 0.52156182 0.28110373 -0.17497619 25 0 1196 3.3306601 -1.3063258
91 253.83008 227.54831 0.54670719 0.070426237 -0.091732633 25 0 674 1.6512206 -0.54451274
92 148.09396 228.96403 0.64660033 0.039913855 -0.31892056 25 0 1108 2.6244094 -1.0475789
93 476.67203 232.22876 0.63229922 -0.26141452 -0.21128939 25 0 4465 11.992926 -2.6973129
94 237.33691 234.31453 0.65374109 0.15267711 -0.21056036 25 0 2891 7.2121299 -2.1451588
95 349.38812 236.50295 0.56228921 -0.42746946 -0.14820918 25 0 3619 9.7029272 -2.4672569
96 419.55866 237.26782 0.64756704 0.14662172 -0.30170334 25 0 12856 32.660401 -3.7850538
97 324.26775 238.85116 0.6662362 -0.1657871 -0.19765008 25 0 1175 2.958681 -1.1777454
98 177.76975 245.1293 0.55658153 -0.070182283 -0.28423788 25 0 733 1.8416645 -0.66302628
99 237.79743 246.00405 0.54642755 -0.40004917 -0.35650416 25 0 823 2.1950402 -0.85360618
100 28.344021 248.97486 0.68218126 0.082225545 -0.31706346 25 0 494 1.2411349 -0.23454747
101 428.61028 248.80833 0.58672994 -0.006190567 -0.26203924 25 0 1719 4.7936444 -1.7016645
102 425.58088 262.22738 0.65968677 0.11892464 -0.3241571 25 0 6858 17.172447 -3.0870805
103 201.52356 262.53195 0.61380341 -0.55975302 -0.21536851 25 0 4242 10.505992 -2.5535926
104 263.44564 265.07226 0.58476033 0.037712213 -0.25701584 25 0 454 1.0634988 -0.066842556
105 328.94443 271.48168 0.44930824 -0.25920039 -0.28176582 25 0 341 1.0846044 -0.088178395
106 102.34524 273.00205 0.62883729 -0.73473866 -0.20995888 25 0 413 1.014467 -0.015594794
107 30.592301 283.21197 0.62752044 -0.34510298 -0.33126725 25 0 1425 3.7060633 -1.4222821
108 44.892921 292.56142 0.56994069 -0.0047246516 -0.079634976 25 0 719 1.8577732 -0.67248176
109 212.94612 291.61123 0.58417572 0.063188956 -0.22316563 25 0 414 1.0522859 -0.055334396
110 345.11974 294.99439 0.64144192 -0.10556546 -0.22027427 25 0 5764 15.274309 -2.9599039
111 157.98441 296.2265 0.59950538 -0.13298789 -0.32326731 25 0 929 2.3284307 -0.9176583
112 36.49282 297.35881 0.66632553 0.29303692 -0.2634192 25 0 1300 3.2398369 -1.2763079
113 64.747732 297.22261 0.63694041 -0.18812986 -0.2023988 25 0 1249 3.1741779 -1.2540782
114 319.59536 299.67315 0.45501483 0.1603499 -0.10974754 25 0 381 1.2506082 -0.24280318
115 450.74286 299.92102 0.62547128 0.22060935 -0.047491047 25 0 672 1.9713548 -0.73691198
116 133.72995 306.9607 0.59554955 -0.09869202 -0.29828006 25 0 484 1.0483519 -0.051267758
117 48.193542 312.91693 0.70053286 -0.15611674 -0.23553433 25 0 1450 3.6207451 -1.3969949
118 191.68477 318.69541 0.55978681 0.037212947 -0.31635154 25 0 782 1.9440681 -0.72177869
119 423.55599 318.8272 0.63416538 -0.68769988 -0.32179519 25 0 916 2.4830143 -0.98744805
120 110.98689 323.31734 0.61260464 -0.049505719 -0.19495407 25 0 3387 9.0785219 -2.3950379
121 32.94052 327.23863 0.62395103 -0.054708319 -0.0012479549 25 0 456 1.2063245 -0.20366036
122 160.28237 332.85793 0.65293966 -0.10888218 -0.19223329 25 0 477 1.156814 -0.15815885
123 303.2021 335.20156 0.66117381 -0.28671324 -0.39924038 25 0 626 1.5474737 -0.47405818
124 235.88503 338.07483 0.57492983 -0.42196727 -0.17298615 25 0 412 1.0921882 -0.095743651
125 3.7515527 343.03401 0.68496681 -0.066277567 -0.25230552 25 0 13802 35.651455 -3.8801931
126 260.55637 342.3606 0.48796041 0.41748362 -0.14846545 25 0 459 1.2706042 -0.26002572
127 353.28737 342.86283 0.68158494 -0.1241467 -0.18791662 25 0 464 1.1228723 -0.12582594
128 50.078829 344.18912 0.6042813 -0.23564801 -0.17464958 25 0 1029 2.6879531 -1.0735542
129 236.79125 343.96945 0.60909102 -0.21794055 -0.28006208 25 0 966 2.5068355 -0.99781457
130 461.70921 350.64615 0.43450104 0.66491644 0.49138459 25 0 655 2.0915342 -0.80116244
131 333.71204 356.43061 0.65182498 -0.34208387 -0.049762913 25 0 718 1.8864397 -0.6891073
132 212.88451 360.02123 0.62498972 -0.107548 -0.26609094 25 0 5512 14.718188 -2.9196358
133 354.9138 361.3834 0.56222186 -0.096506963 -0.11863387 25 0 853 2.3985789 -0.94988502
134 271.76602 364.08324 0.61081697 -0.20845159 -0.34090247 25 0 24502 65.761709 -4.5449327
135 387.52353 371.16725 0.61422196 -0.3764131 -0.2779178 25 0 1713 4.6264063 -1.6631094
136 199.14338 373.05947 0.6402894 -0.087411241 -0.23014744 25 0 1717 4.4271497 -1.6153105
137 251.30516 374.2479 0.64724788 0.12791656 -0.25223585 25 0 2691 6.7528937 -2.0737248
138 68.863803 375.4638 0.54261107 0.25554952 -0.075772579 25 0 4051 11.423881 -2.6445342
139 112.00534 376.29399 0.64988424 0.04626086 -0.33025784 25 0 581 1.3913925 -0.35862417
140 400.71466 375.46686 0.5701574 0.25147295 -0.053428002 25 0 879 2.5383227 -1.0113671
141 472.5171 377.72986 0.67464112 -0.51150262 -0.23118981 25 0 8352 21.058986 -3.3085936
142 339.00005 388.70949 0.62223669 -0.080065465 -0.14719357 25 0 3311 8.9831838 -2.3835757
143 48.05053 389.65783 0.62813839 0.051849063 -0.14349358 25 0 3516 9.292701 -2.4203549
144 93.773994 391.48169 0.60450142 -0.13819805 -0.12886322 25 0 566 1.4218546 -0.38213801
145 200.37708 392.97459 0.62134883 0.21777827 -0.39742304 25 0 557 1.3644693 -0.33740941
146 457.05977 394.17806 0.6538096 -0.96307066 -0.023295161 25 0 630 1.7938225 -0.63444865
147 117.79755 395.62139 0.63224851 0.14180689 -0.13489232 25 0 1413 3.5750611 -1.3832087
148 428.47782 398.04111 0.69704442 -0.23276433 -0.31150561 25 0 2541 6.4656946 -2.026538
149 457.756 397.70197 0.6201497 -0.037411332 -0.12676808 25 0 1939 5.3816929 -1.8272973
150 33.146187 400.65593 0.57705858 0.4425961 -0.44772902 25 0 490 1.2948668 -0.28056275
151 219.72336 405.78746 0.59567222 0.0033545788 -0.27596557 25 0 7225 19.658254 -3.2338624
152 350.15596 407.8237 0.62041856 -0.19641698 -0.15940636 25 0 759 2.1100066 -0.81070952
153 248.84088 413.25902 0.57284139 -0.055242887 -0.16403334 25 0 667 1.8823021 -0.68672335
154 385.4805 412.94628 0.66453453 -0.15993891 -0.42543128 25 0 518 1.452455 -0.40525669
155 246.19684 416.95688 0.65493114 -0.1425438 -0.2814232 25 0 1961 5.0883945 -1.7664519
156 78.245307 422.14492 0.7538918 -0.039654493 -0.20281547 25 0 1046 2.3803436 -0.94159914
157 102.31357 423.56408 0.59478898 -0.25608197 -0.1422199 25 0 1971 5.3008201 -1.8108577
158 187.76651 440.66889 0.64033295 -0.00036257186 -0.35057338 25 0 444 1.1978636 -0.19601838
159 153.10799 441.693 0.63256619 -0.067259613 -0.20606304 25 0 2130 5.4652228 -1.8440197
160 126.47059 442.54975 0.5180396 0.62800496 -0.22672061 25 0 830 2.3251627 -0.91613335
161 226.21606 445.06159 0.68206199 -0.053894107 -0.22191125 25 0 1139 2.8427125 -1.1343324
162 485.19975 445.10221 0.23746757 -0.14769372 -0.12425701 25 0 58255 192.5566 -5.711396
163 338.72893 447.03267 0.64482263 -0.21899869 -0.29598222 25 0 3317 8.9509867 -2.3796773
164 239.20828 449.50189 0.59436944 -0.41329172 -0.011639275 25 0 1037 2.7524658 -1.0993048
165 85.481256 451.35479 0.66461227 0.29654882 -0.25107727 25 0 13293 33.604184 -3.8159834
166 471.3111 461.738 0.67356341 -0.40022286 -0.18739176 25 0 2127 5.6397527 -1.8781502
167 305.23815 465.2035 0.66562074 0.075786883 -0.3195254 25 0 674 1.7798557 -0.62596197
168 356.30414 470.18353 0.68189468 -0.14601196 -0.24618001 25 0 1363 3.5951575 -1.3892948
169 50.429047 470.94328 0.64244759 -0.047173785 -0.40337701 25 0 5582 14.802384 -2.9258292
170 143.56386 472.17598 0.71869858 -0.19401996 -0.42935989 25 0 1219 2.9047389 -1.1577678
171 421.78354 473.81853 0.43460668 -0.099119914 -0.23860589 25 0 58360 184.84277 -5.6670062
172 205.1829 480.21314 0.70168763 0.039207539 -0.20755842 25 0 5450 13.7399 -2.8449589
173 336.83375 482.08531 0.66601161 -0.58440792 -0.37265093 25 0 621 1.7204337 -0.58909485
174 422.88472 481.60768 0.65052792 -0.49542402 0.04084396 25 0 448 1.2159374 -0.21227805
175 108.32552 484.10767 0.6568192 -0.4593466 -0.65259622 25 0 437 1.0557299 -0.058882032
176 255.18534 483.52852 0.61339356 -0.31473259 -0.094578323 25 0 2812 7.5099093 -2.1890867
177 332.4077 488.84984 0.62406365 -0.029810373 -0.49022476 25 0 432 1.250867 -0.24302787
178 133.22546 489.37297 0.56737673 -0.011188554 -0.014982573 25 0 754 1.9995612 -0.75233677
179 58.192482 494.85275 0.75526365 -0.16535352 -0.23511898 25 0 1304 3.1636951 -1.2504866
180 110.05411 510.68329 0.85404339 -0.051895584 -0.68070028 25 0 538 1.1332548 -0.13581897
