id xcentroid ycentroid sharpness roundness1 roundness2 npix sky peak flux mag
1 31.381045 0.026729775 0.89469076 -0.55329777 -0.65710163 25 0 2277.932 5.1547771 -1.7805247
2 292.87014 15.585642 0.5330232 -0.54641892 -0.37331811 25 0 416.26857 1.3639198 -0.33697207
3 424.00814 19.027094 0.67375646 -0.49078436 -0.33435346 25 0 487.64123 1.5077014 -0.44578834
4 104.67786 22.571641 0.54388295 -0.77400768 -0.19989269 25 0 374.32051 1.18325 -0.18269131
5 19.948669 24.471967 0.58151569 -0.2935203 -0.14549289 25 0 11102.373 31.294911 -3.7386843
6 330.33145 24.115235 0.67233739 0.058088496 -0.46107362 25 0 657.7575 1.9048615 -0.69965854
7 403.70045 27.542544 0.49867305 -0.20019479 -0.076460062 25 0 456.22236 1.6723408 -0.55831198
8 462.58011 27.446571 0.57977952 -0.56222488 -0.225915 25 0 20547.494 56.816626 -4.3861886
9 349.53867 45.637154 0.62436357 0.16092749 -0.30505166 25 0 414.8719 1.2582814 -0.24944448
10 448.78509 45.994849 0.60978291 -0.33117714 -0.63354374 25 0 356.04198 1.227704 -0.22273422
11 122.29294 47.926831 0.526346 -0.058734862 -0.27900139 25 0 337.0889 1.1549797 -0.15643586
12 109.1513 52.135987 0.79494993 0.13599193 -0.31662663 25 0 614.84365 1.4617097 -0.41215281
13 181.92704 53.370367 0.58580239 -0.35905193 -0.19685071 25 0 920.57737 2.7371557 -1.0932487
14 201.35522 54.215589 0.65956645 -0.028848333 -0.32024911 25 0 1978.5834 5.2523141 -1.8008767
15 61.803471 56.316548 0.70464437 -0.67748993 -0.18809098 25 0 493.94673 1.3421312 -0.31948739
16 320.06031 56.486539 0.35787334 -0.1523024 -0.3044261 25 0 57530.133 183.27556 -5.6577614
17 342.14926 55.586162 0.51492206 -0.46686489 -0.20333091 25 0 300.55478 1.0502458 -0.053227434
18 106.80681 58.310013 0.61530665 -0.43573856 -0.26522633 25 0 4295.1453 11.887036 -2.687684
19 395.51892 60.182219 0.600465 -0.34065221 -0.31123068 25 0 806.76294 2.4470297 -0.97159811
20 465.72674 66.280289 0.70230109 -0.24441597 -0.37359413 25 0 653.29611 1.7415442 -0.60233626
21 289.56012 66.980176 0.59305441 -0.38008575 -0.49244471 25 0 1234.4329 3.668606 -1.4112527
22 438.43095 73.799616 0.75919238 -0.44191856 -0.25846432 25 0 1466.8084 3.6485661 -1.4053056
23 496.97632 76.081969 0.68878493 -0.10804237 -0.18488298 25 0 3575.3491 9.5740826 -2.4527429
24 26.965745 79.195239 0.58779744 -0.37111134 -0.094357305 25 0 501.05556 1.542511 -0.47057069
25 50.038493 79.2389 0.61652356 -0.55968799 -0.15730216 25 0 368.04721 1.1749807 -0.17507687
26 428.13102 80.622535 0.57707205 -0.10996652 -0.028878525 25 0 1258.9655 3.8107596 -1.4525289
27 413.50046 82.250633 0.6199423 -0.44205878 -0.31201391 25 0 403.64666 1.2521359 -0.24412866
28 466.55784 81.604571 0.45557863 -0.032111839 -0.17807623 25 0 276.5048 1.1304215 -0.133101
29 51.131143 84.179118 0.67295034 -0.20295508 -0.31106789 25 0 1484.3935 3.9731908 -1.4978486
30 463.69936 89.208516 0.6139029 -0.16832828 -0.15769792 25 0 857.1638 2.5064653 -0.99765424
31 346.00917 93.144941 0.64064813 -0.34022269 -0.30918785 25 0 2952.2265 8.1613162 -2.2794005
32 115.13443 96.232747 0.6418235 -0.53960716 -0.29688972 25 0 426.83445 1.2148534 -0.21130965
33 87.482258 99.793353 0.64569485 -0.35201464 -0.26029651 25 0 541.81006 1.4931928 -0.43528969
34 486.22302 100.20695 0.70837186 -0.041317648 -0.18937869 25 0 22393.794 57.415215 -4.3975675
35 150.20695 106.49459 0.53140339 -0.39273683 -0.16756387 25 0 351.72889 1.1723771 -0.17266836
36 279.04086 107.48219 0.60042083 -0.3734751 -0.20957254 25 0 910.69482 2.6723744 -1.0672433
37 283.07701 109.18262 0.60188867 -0.50957856 -0.4144035 25 0 1202.79 3.4590807 -1.3474017
38 181.23798 110.10779 0.67568899 -0.22962091 -0.35809238 25 0 1530.9159 3.8395174 -1.4606916
39 49.031856 114.05485 0.70369485 -0.36017557 -0.32564594 25 0 4051.4589 10.398588 -2.5424359
40 504.29623 116.74066 0.75315162 -0.3450479 -0.24144669 25 0 2082.9287 5.0561628 -1.7595526
41 484.46212 120.18315 0.73695266 -0.050850222 -0.30005193 25 0 2058.3221 5.1276072 -1.7747869
42 327.40858 125.64239 0.51766529 0.6128417 -0.11539497 25 0 367.94184 1.297312 -0.28261107
43 214.323 127.41501 0.61551903 0.013641105 -0.2395322 25 0 13757.531 36.497693 -3.9056635
44 231.67213 127.52116 0.56693472 -0.18310224 -0.20189633 25 0 702.7994 1.9151379 -0.70550015
45 241.73832 128.93027 0.61775627 -0.38273148 -0.38931725 25 0 1612.5665 4.4589481 -1.623081
46 298.48426 128.65513 0.74156789 -0.7592517 -0.29768919 25 0 1026.809 2.6539679 -1.0597392
47 443.49506 130.25116 0.53361506 -0.53033592 -0.38048793 25 0 272.09085 1.0876564 -0.091229318
48 93.476274 130.88543 0.56828824 -0.10882669 -0.33874901 25 0 362.03551 1.0828481 -0.086418832
49 193.99645 130.60337 0.4546872 -0.0055297654 -0.27226339 25 0 405.58239 1.373116 -0.34426804
50 46.211251 132.22116 0.68951926 -0.066344699 -0.32787973 25 0 513.4709 1.3924888 -0.35947931
51 145.62983 133.94413 0.5568036 -0.49621289 -0.511023 25 0 1717.1579 5.1178867 -1.7727267
52 473.37252 134.65768 0.62814569 -0.58437236 -0.1496063 25 0 328.19388 1.0383906 -0.040901824
53 169.76923 139.49266 0.49841596 -0.66812394 -0.21010595 25 0 1210.5244 3.5792185 -1.3844705
54 0.97624824 140.68812 0.67029435 -0.38182045 -0.1965312 25 0 1120.1952 3.0730399 -1.2189205
55 389.49288 151.17226 0.71138386 -0.17522106 -0.39959124 25 0 10783.534 26.424895 -3.5550332
56 8.3193767 157.04362 0.6749359 -0.44562919 -0.3096591 25 0 678.38183 1.8476204 -0.6665319
57 292.36052 156.68762 0.65598533 -0.56929236 -0.31476764 25 0 2369.9853 6.091962 -1.961893
58 477.47091 163.26176 0.60147669 -0.59639096 -0.3624348 25 0 6219.3601 17.006256 -3.0765218
59 91.120646 170.65079 0.49341252 0.331487 0.034273398 25 0 288.20041 1.0102153 -0.011034885
60 379.30867 172.72549 0.66043159 -0.48815993 -0.2576971 25 0 43593.295 111.93305 -5.1223959
61 418.54296 176.26949 0.74995095 -0.12358991 -0.25689289 25 0 402.79613 1.1140819 -0.11729282
62 219.44215 184.90082 0.57257097 -0.47764303 -0.56552079 25 0 1375.2576 3.7389659 -1.4318788
63 339.63682 184.81573 0.61433891 -0.014364388 -0.31052012 25 0 430.49765 1.2961706 -0.28165543
64 471.5286 184.53662 0.50881822 0.1794051 -0.17569793 25 0 4553.9934 13.556087 -2.8303359
65 157.62987 185.27843 0.44727741 0.55902219 -0.0033945117 25 0 574.82255 1.8422315 -0.66336053
66 146.20032 188.11204 0.66846717 -0.15547354 -0.35866853 25 0 1547.2551 4.0338162 -1.5142903
67 10.094597 193.9346 0.63073304 -0.31070707 -0.35825153 25 0 687.82036 1.9385522 -0.71869377
68 108.57507 194.03104 0.70507665 -0.21005113 -0.39751946 25 0 1624.339 3.9372666 -1.487987
69 414.54147 193.82254 0.70335215 -0.53286825 -0.43982948 25 0 2332.2175 5.73826 -1.8969506
70 404.35527 196.07912 0.69721166 -0.42628991 -0.44491336 25 0 530.40169 1.3868054 -0.35503878
71 476.24099 195.69993 0.63854806 -0.1715644 -0.17371603 25 0 725.24824 2.1688075 -0.84055251
72 220.29409 196.99772 0.65693712 -0.53841464 -0.43740335 25 0 1005.1807 2.5763293 -1.0275034
73 415.01784 198.78947 0.67110469 -0.19161632 -0.1419034 25 0 756.63051 2.0776567 -0.79393447
74 65.102169 200.5716 0.55449451 -0.059480036 -0.081541622 25 0 29021.34 81.922413 -4.7835068
75 182.8413 199.75867 0.4897535 -0.1623207 -0.32264317 25 0 511.91887 1.5971839 -0.50838732
76 448.24259 210.75344 0.69263899 -0.32766354 -0.076846195 25 0 580.62792 1.6977111 -0.57465945
77 161.65943 212.55977 0.41391176 0.16070094 -0.39679353 25 0 407.7844 1.244832 -0.23777687
78 60.164842 214.42579 0.57193814 -0.61818062 0.073331127 25 0 401.18315 1.1761419 -0.1761493
79 502.12905 214.44203 0.61041404 -0.2129529 -0.020017758 25 0 1264.8117 3.4804773 -1.354097
80 462.7528 216.87251 0.59195375 -0.1876994 -0.33795179 25 0 499.93374 1.5404605 -0.46912642
81 496.03481 220.57739 0.65454591 -0.18005196 -0.085301862 25 0 2801.0378 7.3533096 -2.1662071
82 7.8354753 224.96009 0.57707133 0.22754199 -0.834623 25 0 404.5908 1.2906098 -0.27698743
83 418.95038 226.6963 0.64500703 -0.012732958 -0.083622832 25 0 915.28213 2.4558284 -0.97549504
84 319.63339 228.75688 0.51755697 -0.20932577 -0.3639699 25 0 1071.4851 3.279344 -1.2894674
85 249.88043 230.72371 0.57127933 -0.34555196 -0.27562243 25 0 459.32711 1.2627246 -0.25327159
86 144.20125 231.89058 0.64276868 -0.48037338 -0.31587198 25 0 857.14885 2.2746363 -0.89227992
87 472.7359 235.50596 0.59256917 -0.52276515 -0.14140407 25 0 3629.9108 9.9570995 -2.4953321
88 233.3256 237.34857 0.64057454 -0.050155234 -0.31857232 25 0 2280.7011 5.8539266 -1.9186182
89 345.50735 239.67272 0.66995019 -0.77803461 -0.3424627 25 0 3483.7327 8.6532902 -2.3429532
90 415.55096 240.44107 0.59517462 -0.84284926 -0.19988985 25 0 9787.3802 25.691232 -3.5244623
91 320.42851 241.94584 0.63571989 -0.46518402 -0.38791348 25 0 948.01252 2.6695988 -1.066115
92 173.7731 248.07044 0.68707919 -0.24649964 -0.28639626 25 0 667.14754 1.5970932 -0.50832565
93 233.89628 249.04982 0.54384704 -0.29527771 -0.29968607 25 0 663.94982 2.0528428 -0.78088922
94 24.626068 251.91198 0.72575083 -0.19737841 -0.36306331 25 0 421.95644 1.2014282 -0.19924457
95 424.73006 251.99071 0.59090655 -0.2766377 -0.29852943 25 0 1683.476 4.834527 -1.710885
96 421.53307 265.5005 0.57953976 -0.78809876 -0.24104074 25 0 5270.5179 14.124616 -2.8749417
97 197.61573 265.55496 0.64146272 -0.81356899 -0.28393843 25 0 3823.803 9.5465904 -2.4496207
98 26.810003 286.143 0.60911608 -0.21989879 -0.2631008 25 0 1223.0916 3.4772084 -1.3530768
99 41.13829 295.32188 0.7038347 -0.0027231866 -0.16836361 25 0 691.72232 1.7184818 -0.58786233
100 341.29308 298.08206 0.67061976 -0.27673266 -0.34151654 25 0 5099.1039 13.205416 -2.8018802
101 154.03295 299.12383 0.57746344 -0.14437519 -0.12048579 25 0 801.1068 2.3675936 -0.93576787
102 32.489914 300.23921 0.60323662 -0.64429684 -0.41093619 25 0 980.03444 2.6593192 -1.0619262
103 60.853829 300.11714 0.69663376 -0.50908644 -0.44011234 25 0 1144.3188 2.9775838 -1.18466
104 446.76451 303.17435 0.68654015 -0.33129919 -0.24848184 25 0 704.01269 1.8070464 -0.64242327
105 129.81048 309.87791 0.52022591 -0.82735252 -0.36475548 25 0 398.39794 1.0882373 -0.091809056
106 44.35167 315.80684 0.68065336 -0.44151564 -0.26269257 25 0 1195.5949 3.1310233 -1.2392157
107 187.65681 321.60501 0.45136157 0.049125604 -0.17273759 25 0 602.80753 1.9559027 -0.7283681
108 419.42454 321.96501 0.52852927 -0.36161594 -0.43484235 25 0 784.66908 2.336337 -0.9213387
109 107.05387 326.29829 0.63833768 -0.23278564 -0.23907243 25 0 2943.2711 7.7736805 -2.2265667
110 299.41096 338.17256 0.57160151 0.2922901 -0.24797521 25 0 468.40563 1.2249904 -0.22033169
111 0.32465896 345.91397 0.86402571 -0.27036345 0.065353685 25 0 11736.677 27.279061 -3.5895735
112 256.56001 345.40646 0.36034061 0.38689512 -0.1981749 25 0 340.01785 1.2245746 -0.21996312
113 349.30067 346.02711 0.74364526 -0.44871274 -0.25448825 25 0 522.69804 1.2650746 -0.25529033
114 46.138254 347.09067 0.66699502 -0.32735286 -0.14911873 25 0 977.62852 2.5512188 -1.0168693
115 232.89096 346.96318 0.63623451 -0.40500304 -0.40888555 25 0 793.37468 2.0196715 -0.76320183
116 457.70055 353.77482 0.48028935 0.3510844 0.27234224 25 0 705.82515 1.8459867 -0.66557143
117 329.79017 359.64935 0.51234771 -0.60952579 -0.16819362 25 0 584.08454 1.5720051 -0.4911349
118 209.01554 363.04908 0.61082764 -0.34041446 -0.33709668 25 0 4609.5779 12.538924 -2.7456506
119 351.04242 364.67891 0.50783617 -0.24591949 -0.23881743 25 0 834.05947 2.4568973 -0.9759675
120 267.88998 367.13921 0.63321535 -0.442036 -0.35541296 25 0 22724.664 60.813876 -4.4600067
121 383.69698 374.33009 0.60668579 -0.66542279 -0.31066833 25 0 1603.4825 4.2459397 -1.5699346
122 195.31311 376.01081 0.66625413 -0.39976493 -0.4593205 25 0 1521.6307 3.781843 -1.4442587
123 247.33123 377.30037 0.63359424 -0.12636074 -0.29173672 25 0 2396.4362 6.2165724 -1.9838775
124 64.984232 378.53229 0.56933217 -0.18501957 -0.10972413 25 0 3792.3648 10.538361 -2.5569327
125 108.30507 379.38563 0.58161433 -0.34589765 -0.24699385 25 0 486.24953 1.2525554 -0.24449236
126 396.93734 378.60829 0.58010944 -0.30946351 -0.21060906 25 0 906.36616 2.3633183 -0.93380556
127 468.53734 380.9297 0.74623582 -0.46722387 -0.36638001 25 0 9162.1933 22.086695 -3.3603268
128 335.18336 391.79773 0.67115324 -0.32455769 -0.25446666 25 0 3234.971 8.2797113 -2.295038
129 44.188873 392.61159 0.64937716 -0.4134958 -0.15471289 25 0 3128.6368 8.187905 -2.282932
130 89.870066 394.28203 0.59307911 -0.50459161 -0.35445017 25 0 554.82741 1.5193218 -0.45412444
131 196.44425 396.05648 0.59594531 -0.68743262 -0.58095035 25 0 524.68556 1.275534 -0.2642301
132 453.05177 397.372 0.63265435 -0.77566622 -0.20103232 25 0 639.84989 1.5888758 -0.50272487
133 113.83242 398.65014 0.55490911 0.1813122 -0.28896713 25 0 1163.3967 3.0976987 -1.2275979
134 424.4515 401.16297 0.68965617 -0.13638722 -0.29140485 25 0 2353.2007 5.8183945 -1.9120079
135 453.66052 400.89954 0.68816167 -0.46961175 -0.35399241 25 0 1979.5362 4.8801032 -1.7210725
136 29.636095 403.54872 0.46237626 -0.77449485 -0.32377255 25 0 391.54524 1.2613856 -0.25211968
137 215.82632 408.78251 0.58638078 -0.27318648 -0.33913321 25 0 6366.8745 17.402429 -3.1015247
138 346.17671 411.0095 0.73114894 -0.43560288 -0.24507373 25 0 831.84442 1.9190323 -0.70770571
139 244.90059 416.35561 0.57854628 0.20889878 -0.22625334 25 0 564.81906 1.3865259 -0.35481996
140 381.51295 416.10835 0.62380137 -0.53086757 -0.387727 25 0 542.65316 1.321755 -0.30287739
141 242.21177 420.01369 0.72507957 -0.30981901 -0.35006159 25 0 2048.092 4.9222983 -1.7304198
142 74.48584 425.00426 0.83195809 -0.11727054 -0.39630354 25 0 967.97993 2.0301807 -0.76883675
143 98.392047 426.44553 0.61006764 -0.51018276 -0.10507525 25 0 1705.3789 4.2417556 -1.5688641
144 274.06633 436.93097 0.7019641 -0.37891653 -0.27966977 25 0 503.81613 1.1855392 -0.18478984
145 149.03815 444.66853 0.60301408 -0.20603354 -0.16227297 25 0 1984.6678 5.3300893 -1.8168362
146 122.6185 445.41279 0.54470983 -0.55992873 -0.13084347 25 0 766.82138 1.8616734 -0.67475875
147 222.37391 448.07134 0.67956932 -0.128472 -0.32318699 25 0 1124.7227 2.6543489 -1.059895
148 481.14287 448.36906 0.30633196 -0.43125855 -0.30641855 25 0 60943.856 184.07889 -5.66251
149 334.88889 450.10205 0.64879991 -0.38170119 -0.32218727 25 0 3116.5899 8.1393792 -2.2764782
150 235.39952 452.62537 0.66360164 -0.60711842 -0.1913018 25 0 1133.541 2.7426472 -1.0954249
151 81.502554 454.23605 0.61616242 -0.56632106 -0.41715358 25 0 11370.65 30.437182 -3.7085111
152 467.21937 464.91622 0.7090324 -0.40869388 -0.21616024 25 0 2269.8876 5.6249016 -1.8752873
153 301.18146 468.27153 0.68929205 -0.71991991 -0.59649743 25 0 636.11822 1.3957903 -0.36205045
154 425.49982 469.72473 0.59702052 -0.83125537 -0.11070581 25 0 460.58915 1.0459755 -0.048803753
155 352.42017 473.24151 0.66561338 -0.11201196 -0.28111874 25 0 1331.3699 3.2962954 -1.2950653
156 46.637905 473.8031 0.65375255 -0.058049183 -0.32023541 25 0 5374.0594 14.141409 -2.8762317
157 139.44791 475.08303 0.72781365 -0.31419295 -0.3934066 25 0 1269.8628 2.9307062 -1.1674307
158 417.82098 477.01205 0.48088262 -0.56098765 -0.3784631 25 0 60678.24 186.97554 -5.679462
159 201.34874 483.19346 0.65615282 -0.10270043 -0.31230181 25 0 4630.176 11.9859 -2.6966766
160 332.87759 485.20249 0.65911018 -0.50849658 -0.13292038 25 0 656.71074 1.5411403 -0.46960543
161 419.27622 484.76138 0.66175518 -0.78968606 -0.50860728 25 0 544.22497 1.1729962 -0.17324153
162 104.42956 486.88822 0.76671667 0.26098706 -0.35513653 25 0 536.42419 1.0924437 -0.095997682
163 251.27222 486.59131 0.66117999 -0.51822534 -0.24106626 25 0 2806.0776 6.9671359 -2.1076357
164 129.16782 492.44644 0.58754687 0.2678137 -0.093404967 25 0 751.56122 1.7943938 -0.63479442
165 328.44375 492.02198 0.61707651 -0.13114558 -0.41123221 25 0 550.12907 1.3045765 -0.28867386
166 54.311968 497.71257 0.65097657 -0.4510767 -0.28791588 25 0 1018.688 2.5205989 -1.0037594
167 487.5383 510.05906 0.63006501 -0.099884086 -0.59799486 25 0 442.81967 1.1051163 -0.10851994
