id xcentroid ycentroid sharpness roundness1 roundness2 npix sky peak flux mag
1 436.27141 0.80994178 0.65819039 -0.075940922 -0.22825816 25 0 1650 4.4520747 -1.6214061
2 41.831695 1.7374598 0.58880268 -0.1449142 -0.30332328 25 0 5242 14.521372 -2.9050192
3 303.31049 17.87778 0.59966314 0.089309002 -0.23249338 25 0 622 1.8512231 -0.66864693
4 434.60098 21.462741 0.57249681 0.31400187 -0.034158306 25 0 337 1.298003 -0.28318921
5 115.10482 25.001176 0.5871919 -0.061301882 -0.38097517 25 0 385 1.1606645 -0.16176675
6 30.341627 26.887561 0.64194779 -0.30047718 -0.30617216 25 0 13244 34.588865 -3.8473408
7 340.59064 26.546788 0.48389702 0.32164924 -0.043091592 25 0 506 1.6272582 -0.52864114
8 414.12664 29.782305 0.49333567 0.17722317 -0.23435918 25 0 476 1.8720448 -0.68079058
9 473.23392 29.754452 0.60794498 -0.053847371 -0.19531172 25 0 23821 63.597791 -4.5086051
10 359.96933 48.100644 0.52776768 -0.13697652 -0.30386079 25 0 490 1.6177892 -0.52230483
11 119.18931 54.748516 0.51236882 0.5523163 -0.66122861 25 0 413 1.1908104 -0.18960655
12 192.24628 55.789857 0.5842902 -0.2398071 -0.22290395 25 0 1057 2.8943299 -1.1538701
13 211.83976 56.633602 0.50445177 -0.015232016 -0.25042094 25 0 1766 4.9622562 -1.739198
14 352.46084 57.971436 0.53811741 -0.035482325 -0.33444874 25 0 378 1.182079 -0.18161622
15 72.214574 58.728832 0.53904584 -0.39158858 -0.24744677 25 0 461 1.5337119 -0.46435944
16 330.40472 58.746144 0.34609242 -0.23238799 -0.31261383 25 0 58385 171.89566 -5.5881623
17 117.11726 60.841208 0.56257475 -0.20641785 -0.31285894 25 0 4467 12.214741 -2.7172107
18 405.89155 62.646086 0.51681512 0.073769043 -0.026852694 25 0 721 2.2531219 -0.88196171
19 299.9362 69.376194 0.49836607 -0.1015346 -0.27077338 25 0 1213 3.5648927 -1.3801161
20 476.19362 68.472654 0.48511651 -0.11223689 -0.057340754 25 0 537 1.9454309 -0.72253951
21 448.95924 76.117531 0.56914041 0.078580277 -0.21534333 25 0 1323 4.0293893 -1.5130981
22 507.43855 78.437526 0.6356119 0.52507218 -0.11804349 25 0 2799 7.4978495 -2.1873418
23 37.219073 81.929437 0.61713311 -0.22309926 -0.14687454 25 0 598 1.7432249 -0.60338358
24 438.5068 82.996016 0.54537187 -0.11596486 -0.37875393 25 0 1202 3.6157009 -1.3954812
25 477.4649 83.745395 0.52364535 -0.23635282 -0.31617104 25 0 242 1.0943359 -0.097876591
26 423.84195 84.468641 0.4486158 0.12442839 -0.09414745 25 0 352 1.4563558 -0.40816872
27 61.443622 86.71197 0.54102355 0.10669255 -0.36204304 25 0 1224 3.4668591 -1.3498405
28 474.51498 91.678601 0.51403604 0.7025582 -0.06933766 25 0 583 1.9081364 -0.70152353
29 356.3671 95.552524 0.57171216 -0.40874842 -0.24104785 25 0 2528 6.5028147 -2.0327534
30 125.47996 98.667461 0.5893985 -0.7986958 -0.58511207 25 0 423 1.1160447 -0.11920393
31 97.760665 102.19338 0.50707714 -0.20406935 -0.23759694 25 0 522 1.5444593 -0.47194116
32 496.7308 102.44018 0.5439577 0.4823443 -0.032088141 25 0 16449 45.170059 -4.1371267
33 160.6221 108.99278 0.42670842 -0.60368083 -0.54149872 25 0 402 1.1338935 -0.1364307
34 289.47963 109.83818 0.5841326 -0.57635324 -0.35783424 25 0 1088 2.7363702 -1.0929371
35 293.43869 111.50789 0.51742375 -0.67825014 -0.34018259 25 0 1126 3.0576164 -1.2134575
36 191.489 112.40655 0.52624691 0.51282075 -0.20536274 25 0 1217 3.0482878 -1.2101399
37 59.454594 116.53371 0.59017243 -0.71716302 -0.27049473 25 0 3212 8.035228 -2.2624955
38 495.07813 122.44271 0.6035386 0.15993084 -0.038414438 25 0 1786 5.0051695 -1.748547
39 338.06577 127.96442 0.56712397 0.10990276 -0.24558233 25 0 529 1.4361961 -0.39303436
40 224.65042 129.78445 0.50042806 0.023331741 -0.29624362 25 0 13101 37.359409 -3.931
41 242.16982 129.87094 0.56256301 -0.29207745 -0.25170442 25 0 937 2.2966989 -0.90276013
42 252.21357 131.35933 0.56329691 0.06489752 -0.2321444 25 0 1579 3.984274 -1.500873
43 308.66748 131.1024 0.52011822 -0.29973736 -0.36314565 25 0 966 2.6317374 -1.0506064
44 103.68932 133.21656 0.61831873 -0.062987056 -0.33573282 25 0 480 1.099536 -0.10302367
45 204.17252 133.01466 0.65841555 -0.053657265 -0.20759552 25 0 585 1.3328279 -0.31193517
46 56.665906 134.78037 0.636918 -0.10837975 -0.1419254 25 0 582 1.4797234 -0.42545138
47 156.05381 136.45019 0.51167669 -0.30757084 -0.219135 25 0 1577 4.1992072 -1.5579183
48 484.01807 136.85053 0.44833935 -0.10641098 -0.38328066 25 0 239 1.0936642 -0.097210023
49 179.90058 141.88955 0.54407368 -0.0050439472 -0.29241799 25 0 1568 4.1076628 -1.533987
50 11.366288 143.22295 0.63773814 0.20007886 -0.24408902 25 0 1063 2.7651702 -1.1043047
51 399.8697 153.58219 0.5245683 -0.072228932 -0.065207822 25 0 9189 25.139228 -3.5008799
52 302.78341 159.05412 0.47609583 -0.15997385 -0.3100152 25 0 2366 6.9721032 -2.1084095
53 18.660217 159.47943 0.38707903 0.56432613 -0.073409176 25 0 470 1.585355 -0.50031633
54 1.6707701 163.55067 0.53733596 -0.17946502 -0.12410687 25 0 498 1.4153807 -0.37718319
55 488.08212 165.50426 0.56538502 0.16086296 -0.046647991 25 0 6278 17.258168 -3.0924867
56 389.7775 175.03861 0.51797593 -0.11068646 -0.31384793 25 0 41836 119.48654 -5.1932975
57 429.36176 178.26063 0.4644754 -0.15957841 -0.23318904 25 0 334 1.0700436 -0.073503731
58 210.34999 178.79481 0.48829903 -0.06712182 -0.53027097 25 0 426 1.0113808 -0.012286786
59 157.22663 182.27566 0.66811383 0.029384698 -0.29150378 25 0 642 1.3298575 -0.30951281
60 229.92929 187.30214 0.55087441 -0.16647296 -0.24948047 25 0 1584 4.1192323 -1.5370407
61 350.04112 187.16822 0.52120457 -0.011781676 -0.30194239 25 0 445 1.2364484 -0.23044002
62 482.05169 186.89766 0.57613636 -0.019571908 -0.19338148 25 0 5811 16.323238 -3.0320158
63 167.95639 187.92651 0.51190859 -0.15739145 -0.33296656 25 0 857 2.2000891 -0.85610068
64 417.35305 189.31116 0.58491027 0.35597401 0.03144655 25 0 338 1.1138285 -0.11704579
65 156.4293 190.44103 0.42523508 0.3754042 -0.19510528 25 0 1023 2.7998538 -1.1178384
66 20.636185 196.43115 0.59034166 -0.2817918 -0.26939011 25 0 651 1.683801 -0.56572693
67 118.70974 196.55455 0.51159604 -0.09114808 -0.07814042 25 0 1364 3.4545791 -1.3459878
68 425.00415 196.10805 0.51483863 -0.093882781 -0.2873638 25 0 2231 6.5904404 -2.0472861
69 414.8004 198.3056 0.48758875 0.073515324 -0.14426798 25 0 465 1.5247962 -0.45802947
70 486.61524 197.97119 0.60628968 -0.040895002 -0.28488773 25 0 561 1.6902857 -0.5699003
71 230.64645 199.51723 0.50501135 0.71021778 -0.30501292 25 0 795 1.9694097 -0.73584018
72 425.42995 201.13871 0.60905348 -0.090641017 -0.29399122 25 0 757 2.0595749 -0.78444396
73 192.99509 202.011 0.51045465 -0.14419638 -0.26931364 25 0 669 1.6966378 -0.57397282
74 75.488865 202.95569 0.63630465 -0.25242255 -0.39763297 25 0 34633 86.279743 -4.8397721
75 125.15303 204.42375 0.5990506 0.15363821 -0.071789135 25 0 467 1.0887753 -0.092345677
76 458.55729 212.99472 0.54626219 -0.52666278 -0.45202516 25 0 447 1.4245043 -0.38415937
77 172.04337 215.01295 0.50630434 -0.18105014 -0.37920139 25 0 556 1.3878495 -0.35585593
78 70.6334 217.07985 0.61248844 -0.22984146 -0.39727251 25 0 523 1.2623024 -0.25290852
79 473.08752 219.09216 0.6375655 -0.24140641 -0.13180658 25 0 516 1.5910797 -0.50422982
80 506.55081 222.8562 0.57618401 -0.056913015 -0.3084034 25 0 2606 7.1836133 -2.1408574
81 16.678955 226.04032 0.54342666 0.41824563 -0.80781903 25 0 361 1.0261761 -0.028054746
82 18.395518 227.43209 0.50025789 0.31079313 -0.10223177 25 0 394 1.1681103 -0.16870968
83 429.51296 228.97491 0.59790164 -0.018480883 -0.31737252 25 0 824 2.2353945 -0.87338547
84 330.09023 231.09492 0.48074091 -0.1913628 -0.34273553 25 0 1133 3.1616973 -1.2498007
85 260.42979 232.97703 0.55884803 -0.25352257 -0.2255487 25 0 720 1.7372102 -0.59963093
86 154.5796 234.2316 0.60553938 0.25879608 -0.3448874 25 0 884 2.0454952 -0.77699616
87 483.16398 237.75932 0.57322335 -0.16248052 -0.21997279 25 0 4054 11.31458 -2.6340961
88 243.83213 239.72613 0.47143705 -0.035586677 -0.24775505 25 0 2254 6.4914584 -2.0308557
89 355.82692 242.01524 0.49384725 -0.10391094 -0.26361725 25 0 3570 10.513899 -2.5544095
90 425.95169 242.81631 0.52644153 -0.10205034 -0.25718748 25 0 11393 32.527473 -3.7806258
91 330.85176 244.25407 0.51448561 -0.27713912 -0.24792085 25 0 884 2.4640995 -0.97914558
92 184.34874 250.35058 0.48465851 0.30138888 -0.21924875 25 0 568 1.4249619 -0.38450811
93 244.42257 251.46523 0.49444398 0.23591271 -0.25703366 25 0 614 1.4702744 -0.41849597
94 435.14934 254.36394 0.55370278 0.11001844 -0.15161561 25 0 1555 4.304842 -1.584893
95 207.93472 267.95086 0.49452272 -0.18260007 -0.32600458 25 0 4138 12.004454 -2.698356
96 431.99029 267.78415 0.53339979 -0.11574116 -0.22228912 25 0 6119 17.394653 -3.1010394
97 37.183771 288.5427 0.54864532 0.27186372 -0.026205083 25 0 1188 3.1763398 -1.2548174
98 51.435329 297.70821 0.57465385 -0.26331515 -0.35108676 25 0 719 1.9101674 -0.70267858
99 351.5842 300.46501 0.52774892 -0.54111942 -0.22759403 25 0 3970 10.653401 -2.5687207
100 164.45685 301.72256 0.47626073 0.51154448 -0.22550047 25 0 673 1.7861313 -0.62978344
101 71.158337 302.6354 0.49993074 0.46037755 -0.069292191 25 0 874 2.3844896 -0.94348859
102 42.935351 302.63848 0.55127837 0.074283889 -0.22878559 25 0 1080 2.9031485 -1.1571731
103 457.31501 305.60655 0.58985418 0.18904266 0.073262535 25 0 489 1.4830324 -0.42787658
104 54.726751 318.13291 0.57116772 -0.22298845 -0.23715128 25 0 1143 3.008231 -1.195778
105 198.18004 324.00575 0.6004877 -0.16253971 -0.31622126 25 0 807 1.9453462 -0.72249226
106 429.94476 324.25598 0.52705897 -0.19336389 -0.24203989 25 0 784 2.2698505 -0.88999312
107 117.39114 328.58497 0.55672557 -0.4385123 -0.27986887 25 0 2757 7.2218344 -2.1466188
108 309.67919 340.56782 0.49396522 0.070083738 -0.099858264 25 0 483 1.3631991 -0.33639822
109 0.41509625 347.44822 0.71790377 0.33924637 0.17773387 25 0 4056 9.9986525 -2.4998537
110 10.254581 348.34545 0.62419228 0.16591412 -0.18060526 25 0 11292 29.396235 -3.6707293
111 267.04045 347.82169 0.48548781 -0.59903534 -0.34098583 25 0 457 1.3025832 -0.28701366
112 243.39937 349.28196 0.53368896 -0.11571297 -0.32259725 25 0 781 2.0505332 -0.77966701
113 56.452855 349.59321 0.62637722 -0.50766939 -0.11747791 25 0 849 2.0171205 -0.76182962
114 468.24299 356.17226 0.55416025 0.22670313 0.15895508 25 0 696 1.9309448 -0.71442464
115 340.14739 361.81278 0.5852113 -0.16441566 -0.34243218 25 0 613 1.556593 -0.48043767
116 219.47444 365.34745 0.59730159 0.12853823 -0.33276954 25 0 4377 11.030166 -2.6064551
117 1.4148181 367.27783 0.56187809 -0.57082171 -0.25606814 25 0 699 1.8661353 -0.67735781
118 361.30049 366.97634 0.58356811 -0.33305081 -0.42377329 25 0 943 2.5550177 -1.0184848
119 278.36657 369.47541 0.53953241 0.16482611 -0.23034843 25 0 18868 49.801027 -4.2430957
120 1.7798094 371.12967 0.60286528 -0.30305399 -0.22063138 25 0 1280 3.4139241 -1.3331346
121 2.7959357 374.49796 0.67720084 -0.92634927 -0.3194558 25 0 511 1.0986841 -0.10218212
122 394.08285 376.69041 0.55987842 -0.30423999 -0.20516743 25 0 1578 4.3726279 -1.6018563
123 205.56249 378.42641 0.54467557 -0.54606291 -0.26775391 25 0 1249 3.1797421 -1.2559797
124 257.73992 379.58968 0.52260894 0.17574305 -0.1951032 25 0 2119 5.7344785 -1.8962348
125 75.209486 380.85187 0.60016081 -0.14062036 -0.30914185 25 0 4463 11.802036 -2.6798923
126 407.23746 381.05116 0.61993846 -0.30401767 -0.38059919 25 0 974 2.5923851 -1.0342488
127 118.5638 381.62375 0.44678799 -0.64227728 -0.22442528 25 0 428 1.2539455 -0.24569662
128 478.97158 383.21446 0.5887914 -0.21302022 -0.19991514 25 0 8013 22.084059 -3.3601972
129 345.49006 394.09464 0.61746497 -0.34632611 -0.35250491 25 0 3006 7.7004866 -2.2162954
130 54.471737 394.97866 0.66119849 -0.139572 -0.38829546 25 0 3304 8.0418422 -2.2633889
131 100.16623 396.71063 0.55093804 -0.63565945 -0.38653621 25 0 545 1.3417264 -0.31915988
132 206.97896 398.23633 0.52069901 -0.0012021016 -0.41228438 25 0 525 1.296415 -0.2818601
133 463.681 399.6286 0.60327095 -0.5168961 0.12294026 25 0 434 1.1976666 -0.19583987
134 124.21274 400.99775 0.64213703 -0.064983696 -0.29204561 25 0 1414 3.4116298 -1.3324047
135 464.15247 403.22155 0.61286397 -0.19311178 -0.16479401 25 0 1765 4.7562274 -1.6931565
136 434.82294 403.53732 0.49878455 -0.097751273 -0.15874866 25 0 1817 5.4603433 -1.8430499
137 39.797395 405.92966 0.61836665 0.10058929 -0.15963481 25 0 566 1.4758313 -0.42259179
138 226.24329 411.14291 0.56012075 -0.19638149 -0.36310455 25 0 6572 17.94581 -3.1349077
139 356.72371 413.27362 0.5560538 0.0097661471 -0.25772751 25 0 624 1.7829598 -0.62785389
140 392.15977 418.46975 0.62552971 -0.11938464 -0.24021625 25 0 396 1.0512844 -0.054300499
141 255.45583 418.71517 0.59150109 0.19179682 -0.34624643 25 0 570 1.4315607 -0.38952442
142 252.5839 422.37277 0.58669945 -0.43997463 -0.27870688 25 0 1618 4.0937096 -1.5302926
143 474.25336 422.99031 0.60514377 -0.044461251 -0.075276553 25 0 369 1.1954923 -0.19386699
144 84.689996 427.52094 0.55482351 -0.82347169 -0.32546918 25 0 670 1.7200629 -0.58886084
145 108.62593 428.97454 0.62351042 -0.21251761 -0.35195243 25 0 2073 5.278204 -1.8062154
146 159.47973 447.12254 0.63198777 -0.13869352 -0.4380777 25 0 1953 4.7343765 -1.688157
147 132.97129 447.95614 0.62818207 0.014668569 -0.31667566 25 0 1059 2.6711389 -1.0667412
148 232.64352 450.48356 0.58145804 0.25736766 -0.27517388 25 0 852 2.1624234 -0.83735182
149 491.73363 450.61776 0.31156629 -0.21771548 -0.33445611 25 0 58364 155.53626 -5.4795791
150 345.33083 452.49011 0.53545487 0.18886627 -0.18495341 25 0 2333 6.4374792 -2.0217896
151 245.75115 454.99684 0.57590327 -0.41775666 -0.25065079 25 0 998 2.5313818 -1.0083942
152 91.849077 456.72963 0.59271603 -0.057533737 -0.28780915 25 0 12251 32.677246 -3.7856136
153 477.68229 467.19854 0.59462869 -0.41009195 -0.33455249 25 0 1763 4.9491784 -1.7363328
154 311.84365 470.6707 0.40915882 -0.35798024 -0.025139267 25 0 424 1.5115876 -0.44858333
155 57.008809 476.15597 0.62566105 -0.053408629 -0.25357653 25 0 5559 14.7967 -2.9254122
156 362.8567 475.52946 0.49964476 0.1026895 -0.19497908 25 0 979 3.022404 -1.2008813
157 149.9077 477.49002 0.53475971 0.087546309 -0.12479147 25 0 931 2.5045414 -0.99682055
158 428.30143 479.39927 0.44939532 -0.0094867979 -0.25624074 25 0 58318 170.83633 -5.5814506
159 211.60227 485.64889 0.56641959 0.13330619 -0.27435718 25 0 4087 11.065128 -2.6098911
160 343.32561 487.51004 0.55265828 0.293633 -0.06725297 25 0 476 1.3600327 -0.33387334
161 429.62864 486.95036 0.74828194 -0.24767488 -0.62322233 25 0 452 1.0409106 -0.043533604
162 261.69721 489.06444 0.60367113 -0.21695042 -0.32947304 25 0 2862 7.6242264 -2.2054895
163 339.19097 494.28973 0.50328284 -0.19398065 -0.13725785 25 0 379 1.2299958 -0.22475906
164 139.5681 494.93099 0.6472926 0.045735842 -0.36228246 25 0 844 2.1043626 -0.80780142
165 64.636195 500.0946 0.63626738 -0.15814163 -0.26761856 25 0 1075 2.7709791 -1.1065831
166 240.72304 510.10563 0.45324278 -0.4294244 -0.49113296 25 0 393 1.1759403 -0.17596321
